#depth	Te	Htot	hden	eden	2H_2/H	HI	HII	HeI	HeII	HeIII	CO/C	C1	C2	C3	C4	O1	O2	O3	O4	O5	O6	H2O/O	AV(point)	AV(extend)	Tau912
1.52322e+14	6.0029e+03	2.504e-21	2.7826e+01	2.9190e+01	8.0565e-11	2.7966e-02	9.7203e-01	1.3588e-01	8.6394e-01	1.8450e-04	6.5730e-14	5.7335e-03	7.3999e-01	2.5426e-01	8.3939e-06	3.3427e-02	9.4528e-01	2.1295e-02	3.2008e-07	1.1755e-36	1.1755e-36	6.0759e-22	0.00e+00	0.00e+00	1.4971e-03
9.13930e+14	5.9933e+03	2.496e-21	2.7826e+01	2.9135e+01	8.1019e-11	2.7910e-02	9.7209e-01	1.3584e-01	8.6398e-01	1.8447e-04	6.5319e-14	5.7048e-03	7.3998e-01	2.5431e-01	8.4185e-06	3.3363e-02	9.4531e-01	2.1326e-02	3.2020e-07	1.1755e-36	1.1755e-36	6.0088e-22	0.00e+00	0.00e+00	7.4733e-03
3.96037e+15	5.9687e+03	2.483e-21	2.7826e+01	2.9124e+01	8.3357e-11	2.7961e-02	9.7204e-01	1.3659e-01	8.6323e-01	1.8271e-04	6.5684e-14	5.7024e-03	7.4124e-01	2.5305e-01	8.3305e-06	3.3438e-02	9.4536e-01	2.1206e-02	3.1408e-07	1.1755e-36	1.1755e-36	6.0213e-22	0.00e+00	0.00e+00	3.1422e-02
1.61461e+16	5.8940e+03	2.454e-21	2.7826e+01	2.9105e+01	9.3201e-11	2.8437e-02	9.7156e-01	1.4005e-01	8.5977e-01	1.7502e-04	6.8679e-14	5.7772e-03	7.4671e-01	2.4750e-01	7.9126e-06	3.4066e-02	9.4540e-01	2.0539e-02	2.8571e-07	1.1755e-36	1.1755e-36	6.2858e-22	0.00e+00	0.00e+00	1.2885e-01
3.85679e+16	5.6541e+03	2.358e-21	2.7826e+01	2.9094e+01	1.1917e-10	2.8395e-02	9.7160e-01	1.4481e-01	8.5503e-01	1.6501e-04	6.9099e-14	5.8030e-03	7.5454e-01	2.3965e-01	7.4496e-06	3.4119e-02	9.4582e-01	2.0057e-02	2.5988e-07	1.1755e-36	1.1755e-36	6.0499e-22	0.00e+00	0.00e+00	2.5532e-01
6.02027e+16	5.4393e+03	2.280e-21	2.7826e+01	2.9085e+01	1.5040e-10	2.8356e-02	9.7164e-01	1.4898e-01	8.5086e-01	1.5656e-04	6.9317e-14	5.8296e-03	7.6126e-01	2.3290e-01	7.0568e-06	3.4166e-02	9.4620e-01	1.9632e-02	2.3928e-07	1.1755e-36	1.1755e-36	5.8403e-22	0.00e+00	0.00e+00	3.4463e-01
7.59705e+16	5.3314e+03	2.245e-21	2.7826e+01	2.9067e+01	1.7424e-10	2.8667e-02	9.7133e-01	1.5255e-01	8.4730e-01	1.4993e-04	7.1349e-14	5.8960e-03	7.6650e-01	2.2760e-01	6.7124e-06	3.4603e-02	9.4631e-01	1.9086e-02	2.1981e-07	1.1755e-36	1.1755e-36	5.9528e-22	0.00e+00	0.00e+00	4.1320e-01
9.16247e+16	5.2735e+03	2.226e-21	2.7826e+01	2.9036e+01	1.9699e-10	2.9392e-02	9.7061e-01	1.5711e-01	8.4275e-01	1.4241e-04	7.5931e-14	6.0210e-03	7.7257e-01	2.2141e-01	6.2870e-06	3.5540e-02	9.4620e-01	1.8259e-02	1.9517e-07	1.1755e-36	1.1755e-36	6.3954e-22	0.00e+00	0.00e+00	5.0459e-01
1.11975e+17	5.2076e+03	2.208e-21	2.7826e+01	2.8988e+01	2.3142e-10	3.0519e-02	9.6948e-01	1.6364e-01	8.3623e-01	1.3283e-04	8.3304e-14	6.2051e-03	7.8069e-01	2.1310e-01	5.7370e-06	3.6983e-02	9.4588e-01	1.7138e-02	1.6546e-07	1.1755e-36	1.1755e-36	7.1498e-22	0.00e+00	0.00e+00	6.2796e-01
1.38431e+17	5.1395e+03	2.194e-21	2.7826e+01	2.8920e+01	2.8418e-10	3.2279e-02	9.6772e-01	1.7313e-01	8.2675e-01	1.2098e-04	9.5584e-14	6.4766e-03	7.9152e-01	2.0200e-01	5.0439e-06	3.9221e-02	9.4514e-01	1.5641e-02	1.3137e-07	1.1755e-36	1.1755e-36	8.4918e-22	0.00e+00	0.00e+00	7.9760e-01
1.72823e+17	5.0860e+03	2.186e-21	2.7826e+01	2.8848e+01	3.6459e-10	3.5101e-02	9.6490e-01	1.8728e-01	8.1261e-01	1.0677e-04	1.1746e-13	6.8864e-03	8.0589e-01	1.8722e-01	4.1972e-06	4.2781e-02	9.4354e-01	1.3677e-02	1.1755e-36	1.1755e-36	1.1755e-36	1.1097e-21	0.00e+00	0.00e+00	1.0374e+00
2.16465e+17	5.0621e+03	2.180e-21	2.7826e+01	2.8668e+01	4.8793e-10	3.9566e-02	9.6043e-01	2.0808e-01	7.9183e-01	9.0814e-05	1.5718e-13	7.4622e-03	8.2396e-01	1.6858e-01	3.2528e-06	4.8376e-02	9.4035e-01	1.1278e-02	1.1755e-36	1.1755e-36	1.1755e-36	1.6335e-21	0.00e+00	0.00e+00	1.3739e+00
2.62139e+17	5.0885e+03	2.182e-21	2.7826e+01	2.8407e+01	6.4230e-10	4.5581e-02	9.5442e-01	2.3365e-01	7.6628e-01	7.6676e-05	2.2107e-13	8.1257e-03	8.4232e-01	1.4955e-01	2.4252e-06	5.5862e-02	9.3517e-01	8.9689e-03	1.1755e-36	1.1755e-36	1.1755e-36	2.5906e-21	0.00e+00	0.00e+00	1.7179e+00
3.04080e+17	5.1651e+03	2.193e-21	2.7826e+01	2.8116e+01	8.2124e-10	5.3310e-02	9.4669e-01	2.6350e-01	7.3644e-01	6.4980e-05	3.2305e-13	8.8358e-03	8.5982e-01	1.3134e-01	1.7601e-06	6.5410e-02	9.2764e-01	6.9494e-03	1.1755e-36	1.1755e-36	1.1755e-36	4.3466e-21	0.00e+00	0.00e+00	2.1014e+00
3.44012e+17	5.2653e+03	2.213e-21	2.7826e+01	2.7756e+01	1.0666e-09	6.3569e-02	9.3643e-01	2.9918e-01	7.0077e-01	5.4915e-05	4.9599e-13	9.5817e-03	8.7681e-01	1.1361e-01	1.2280e-06	7.7999e-02	9.1679e-01	5.2071e-03	1.1755e-36	1.1755e-36	1.1755e-36	7.8147e-21	0.00e+00	0.00e+00	2.5362e+00
3.80624e+17	5.3944e+03	2.228e-21	2.7826e+01	2.7289e+01	1.3773e-09	7.6621e-02	9.2338e-01	3.3948e-01	6.6047e-01	4.6540e-05	7.8360e-13	1.0281e-02	8.9226e-01	9.7462e-02	8.3624e-07	9.3890e-02	9.0230e-01	3.8103e-03	1.1755e-36	1.1755e-36	1.1755e-36	1.4609e-20	0.00e+00	0.00e+00	2.9980e+00
4.12455e+17	5.5221e+03	2.237e-21	2.7826e+01	2.6744e+01	1.8013e-09	9.2529e-02	9.0747e-01	3.8243e-01	6.1753e-01	3.9760e-05	1.2508e-12	1.0879e-02	9.0568e-01	8.3437e-02	5.6524e-07	1.1310e-01	8.8413e-01	2.7663e-03	1.1755e-36	1.1755e-36	1.1755e-36	2.7682e-20	0.00e+00	0.00e+00	3.4753e+00
4.39753e+17	5.6398e+03	2.233e-21	2.7826e+01	2.6118e+01	2.3769e-09	1.1125e-01	8.8875e-01	4.2632e-01	5.7365e-01	3.4235e-05	1.9881e-12	1.1336e-02	9.1706e-01	7.1608e-02	3.8381e-07	1.3550e-01	8.6249e-01	2.0109e-03	1.1755e-36	1.1755e-36	1.1755e-36	5.2109e-20	0.00e+00	0.00e+00	3.9686e+00
4.63502e+17	5.7391e+03	2.213e-21	2.7826e+01	2.5404e+01	3.1890e-09	1.3312e-01	8.6688e-01	4.7025e-01	5.2972e-01	2.9709e-05	3.1481e-12	1.1646e-02	9.2676e-01	6.1595e-02	2.6193e-07	1.6141e-01	8.3713e-01	1.4637e-03	1.1755e-36	1.1755e-36	1.1755e-36	9.7641e-20	0.00e+00	0.00e+00	4.4893e+00
4.84649e+17	5.8146e+03	2.175e-21	2.7826e+01	2.4618e+01	4.3970e-09	1.5901e-01	8.4099e-01	5.1436e-01	4.8562e-01	2.5836e-05	5.0173e-12	1.1827e-02	9.3523e-01	5.2942e-02	1.7859e-07	1.9172e-01	8.0722e-01	1.0614e-03	1.1755e-36	1.1755e-36	1.1755e-36	1.8519e-19	0.00e+00	0.00e+00	5.0490e+00
5.03618e+17	5.8675e+03	2.109e-21	2.7826e+01	2.3651e+01	6.1646e-09	1.8876e-01	8.1124e-01	5.5703e-01	4.4295e-01	2.2611e-05	7.9363e-12	1.1828e-02	9.4249e-01	4.5678e-02	1.1755e-36	2.2609e-01	7.7314e-01	7.7008e-04	1.1755e-36	1.1755e-36	1.1755e-36	3.4907e-19	0.00e+00	0.00e+00	5.6429e+00
5.20762e+17	5.8921e+03	2.021e-21	2.7826e+01	2.2600e+01	8.8692e-09	2.2311e-01	7.7689e-01	5.9878e-01	4.0120e-01	1.9751e-05	1.2617e-11	1.1695e-02	9.4889e-01	3.9416e-02	1.1755e-36	2.6517e-01	7.3427e-01	5.5718e-04	1.1755e-36	1.1755e-36	1.1755e-36	6.6829e-19	0.00e+00	0.00e+00	6.2851e+00
5.35998e+17	5.8830e+03	1.911e-21	2.7826e+01	2.1455e+01	1.3020e-08	2.6127e-01	7.3873e-01	6.3682e-01	3.6317e-01	1.7461e-05	1.9868e-11	1.1428e-02	9.5436e-01	3.4211e-02	1.1755e-36	3.0785e-01	6.9175e-01	4.0579e-04	1.1755e-36	1.1755e-36	1.1755e-36	1.2835e-18	0.00e+00	0.00e+00	6.9318e+00
5.45253e+17	5.8654e+03	1.827e-21	2.7826e+01	2.0616e+01	1.6929e-08	2.8905e-01	7.1095e-01	6.5839e-01	3.4160e-01	1.6352e-05	2.6701e-11	1.1166e-02	9.5740e-01	3.1437e-02	1.1755e-36	3.3844e-01	6.6123e-01	3.3120e-04	1.1755e-36	1.1755e-36	1.1755e-36	1.9963e-18	0.00e+00	0.00e+00	7.1563e+00
5.48420e+17	5.8482e+03	1.797e-21	2.7826e+01	2.0313e+01	1.8776e-08	2.9936e-01	7.0064e-01	6.6603e-01	3.3395e-01	1.5948e-05	2.9726e-11	1.1065e-02	9.5844e-01	3.0491e-02	1.1755e-36	3.4970e-01	6.4999e-01	3.0822e-04	1.1755e-36	1.1755e-36	1.1755e-36	2.3509e-18	0.00e+00	0.00e+00	7.2570e+00
5.50350e+17	5.8451e+03	1.775e-21	2.7826e+01	2.0125e+01	1.9826e-08	3.0560e-01	6.9440e-01	6.7084e-01	3.2914e-01	1.5698e-05	3.1675e-11	1.0999e-02	9.5910e-01	2.9904e-02	1.1755e-36	3.5648e-01	6.4322e-01	2.9449e-04	1.1755e-36	1.1755e-36	1.1755e-36	2.5848e-18	0.00e+00	0.00e+00	7.3614e+00
5.52587e+17	5.8328e+03	1.750e-21	2.7826e+01	1.9900e+01	2.1346e-08	3.1324e-01	6.8676e-01	6.7655e-01	3.2343e-01	1.5403e-05	3.4247e-11	1.0920e-02	9.5988e-01	2.9198e-02	1.1755e-36	3.6477e-01	6.3495e-01	2.7887e-04	1.1755e-36	1.1755e-36	1.1755e-36	2.9107e-18	0.00e+00	0.00e+00	7.5006e+00
5.55496e+17	5.8126e+03	1.717e-21	2.7826e+01	1.9600e+01	2.3635e-08	3.2357e-01	6.7643e-01	6.8417e-01	3.1582e-01	1.5000e-05	3.8041e-11	1.0813e-02	9.6091e-01	2.8280e-02	1.1755e-36	3.7593e-01	6.2381e-01	2.5948e-04	1.1755e-36	1.1755e-36	1.1755e-36	3.4201e-18	0.00e+00	0.00e+00	7.6875e+00
5.58837e+17	5.7921e+03	1.677e-21	2.7826e+01	1.9241e+01	2.6467e-08	3.3557e-01	6.6443e-01	6.9247e-01	3.0751e-01	1.4585e-05	4.2825e-11	1.0676e-02	9.6202e-01	2.7301e-02	1.1755e-36	3.8883e-01	6.1093e-01	2.3898e-04	1.1755e-36	1.1755e-36	1.1755e-36	4.1088e-18	0.00e+00	0.00e+00	7.8877e+00
5.62121e+17	5.7672e+03	1.637e-21	2.7826e+01	1.8878e+01	2.9772e-08	3.4790e-01	6.5210e-01	7.0054e-01	2.9945e-01	1.4190e-05	4.8297e-11	1.0535e-02	9.6311e-01	2.6359e-02	1.1755e-36	4.0201e-01	5.9777e-01	2.2012e-04	1.1755e-36	1.1755e-36	1.1755e-36	4.9647e-18	0.00e+00	0.00e+00	8.0816e+00
5.65137e+17	5.7368e+03	1.600e-21	2.7826e+01	1.8552e+01	3.3547e-08	3.6003e-01	6.3997e-01	7.0810e-01	2.9189e-01	1.3811e-05	5.4387e-11	1.0409e-02	9.6411e-01	2.5479e-02	1.1755e-36	4.1490e-01	5.8490e-01	2.0360e-04	1.1755e-36	1.1755e-36	1.1755e-36	6.0059e-18	0.00e+00	0.00e+00	8.2624e+00
5.67836e+17	5.7168e+03	1.562e-21	2.7826e+01	1.8215e+01	3.6912e-08	3.7048e-01	6.2952e-01	7.1432e-01	2.8566e-01	1.3539e-05	5.9966e-11	1.0265e-02	9.6496e-01	2.4779e-02	1.1755e-36	4.2594e-01	5.7387e-01	1.9014e-04	1.1755e-36	1.1755e-36	1.1755e-36	7.0244e-18	0.00e+00	0.00e+00	8.4278e+00
5.70499e+17	5.6850e+03	1.526e-21	2.7826e+01	1.7892e+01	4.1270e-08	3.8171e-01	6.1829e-01	7.2092e-01	2.7906e-01	1.3226e-05	6.6824e-11	1.0131e-02	9.6584e-01	2.4031e-02	1.1755e-36	4.3776e-01	5.6206e-01	1.7709e-04	1.1755e-36	1.1755e-36	1.1755e-36	8.3874e-18	0.00e+00	0.00e+00	8.6146e+00
5.73212e+17	5.6515e+03	1.489e-21	2.7826e+01	1.7569e+01	4.6354e-08	3.9355e-01	6.0645e-01	7.2754e-01	2.7245e-01	1.2914e-05	7.4886e-11	9.9956e-03	9.6672e-01	2.3287e-02	1.1755e-36	4.5016e-01	5.4967e-01	1.6454e-04	1.1755e-36	1.1755e-36	1.1755e-36	1.0130e-17	0.00e+00	0.00e+00	8.7971e+00
5.75734e+17	5.6213e+03	1.452e-21	2.7826e+01	1.7244e+01	5.1537e-08	4.0453e-01	5.9547e-01	7.3338e-01	2.6661e-01	1.2659e-05	8.3076e-11	9.8528e-03	9.6751e-01	2.2640e-02	1.1755e-36	4.6160e-01	5.3825e-01	1.5373e-04	1.1755e-36	1.1755e-36	1.1755e-36	1.2052e-17	0.00e+00	0.00e+00	8.9681e+00
5.78133e+17	5.5891e+03	1.416e-21	2.7826e+01	1.6928e+01	5.7280e-08	4.1530e-01	5.8470e-01	7.3899e-01	2.6100e-01	1.2415e-05	9.2056e-11	9.7126e-03	9.6826e-01	2.2025e-02	1.1755e-36	4.7276e-01	5.2710e-01	1.4390e-04	1.1755e-36	1.1755e-36	1.1755e-36	1.4338e-17	0.00e+00	0.00e+00	9.1426e+00
5.80522e+17	5.5558e+03	1.379e-21	2.7826e+01	1.6601e+01	6.3718e-08	4.2614e-01	5.7386e-01	7.4445e-01	2.5554e-01	1.2185e-05	1.0207e-10	9.5644e-03	9.6900e-01	2.1435e-02	1.1755e-36	4.8393e-01	5.1593e-01	1.3469e-04	1.1755e-36	1.1755e-36	1.1755e-36	1.7107e-17	0.00e+00	0.00e+00	9.3213e+00
5.82896e+17	5.5191e+03	1.344e-21	2.7826e+01	1.6289e+01	7.1303e-08	4.3746e-01	5.6254e-01	7.4998e-01	2.5000e-01	1.1943e-05	1.1393e-10	9.4233e-03	9.6974e-01	2.0834e-02	1.1755e-36	4.9556e-01	5.0432e-01	1.2586e-04	1.1755e-36	1.1755e-36	1.1755e-36	2.0683e-17	0.00e+00	0.00e+00	9.5028e+00
5.85187e+17	5.4795e+03	1.308e-21	2.7826e+01	1.5970e+01	7.9848e-08	4.4849e-01	5.5151e-01	7.5515e-01	2.4484e-01	1.1726e-05	1.2697e-10	9.2766e-03	9.7044e-01	2.0279e-02	1.1755e-36	5.0682e-01	4.9307e-01	1.1789e-04	1.1755e-36	1.1755e-36	1.1755e-36	2.5011e-17	0.00e+00	0.00e+00	9.6777e+00
5.87334e+17	5.4415e+03	1.274e-21	2.7826e+01	1.5662e+01	8.8882e-08	4.5891e-01	5.4109e-01	7.5987e-01	2.4012e-01	1.1536e-05	1.4076e-10	9.1328e-03	9.7109e-01	1.9775e-02	1.1755e-36	5.1741e-01	4.8248e-01	1.1085e-04	1.1755e-36	1.1755e-36	1.1755e-36	3.0016e-17	0.00e+00	0.00e+00	9.8449e+00
5.89391e+17	5.4032e+03	1.241e-21	2.7826e+01	1.5365e+01	9.8806e-08	4.6910e-01	5.3090e-01	7.6439e-01	2.3560e-01	1.1355e-05	1.5596e-10	8.9929e-03	9.7171e-01	1.9295e-02	1.1755e-36	5.2772e-01	4.7217e-01	1.0439e-04	1.1755e-36	1.1755e-36	1.1755e-36	3.6034e-17	0.00e+00	0.00e+00	1.0013e+01
5.91428e+17	5.3644e+03	1.208e-21	2.7826e+01	1.5070e+01	1.0990e-07	4.7934e-01	5.2066e-01	7.6881e-01	2.3117e-01	1.1180e-05	1.7311e-10	8.8520e-03	9.7232e-01	1.8829e-02	1.1755e-36	5.3803e-01	4.6187e-01	9.8296e-05	1.1755e-36	1.1755e-36	1.1755e-36	4.3441e-17	0.00e+00	0.00e+00	1.0184e+01
5.93450e+17	5.3238e+03	1.175e-21	2.7826e+01	1.4765e+01	1.2245e-07	4.8952e-01	5.1048e-01	7.7311e-01	2.2688e-01	1.1016e-05	1.9242e-10	8.7050e-03	9.7291e-01	1.8383e-02	1.1755e-36	5.4824e-01	4.5167e-01	9.2596e-05	1.1755e-36	1.1755e-36	1.1755e-36	5.2591e-17	0.00e+00	0.00e+00	1.0357e+01
5.95439e+17	5.2782e+03	1.143e-21	2.7826e+01	1.4466e+01	1.3732e-07	4.9986e-01	5.0014e-01	7.7734e-01	2.2265e-01	1.0851e-05	2.1515e-10	8.5612e-03	9.7350e-01	1.7940e-02	1.1755e-36	5.5857e-01	4.4135e-01	8.7222e-05	1.1755e-36	1.1755e-36	1.1755e-36	6.4487e-17	0.00e+00	0.00e+00	1.0530e+01
5.97328e+17	5.2336e+03	1.112e-21	2.7826e+01	1.4189e+01	1.5356e-07	5.0993e-01	4.9007e-01	7.8135e-01	2.1864e-01	1.0692e-05	2.4041e-10	8.4273e-03	9.7405e-01	1.7521e-02	1.1755e-36	5.6857e-01	4.3135e-01	8.2329e-05	1.1755e-36	1.1755e-36	1.1755e-36	7.9030e-17	0.00e+00	0.00e+00	1.0692e+01
5.99092e+17	5.1989e+03	1.083e-21	2.7826e+01	1.3913e+01	1.6863e-07	5.1886e-01	4.8114e-01	7.8478e-01	2.1521e-01	1.0579e-05	2.6467e-10	8.2895e-03	9.7454e-01	1.7169e-02	1.1755e-36	5.7740e-01	4.2253e-01	7.8093e-05	1.1755e-36	1.1755e-36	1.1755e-36	9.4206e-17	0.00e+00	0.00e+00	1.0849e+01
6.00909e+17	5.1502e+03	1.053e-21	2.7826e+01	1.3631e+01	1.8929e-07	5.2866e-01	4.7134e-01	7.8859e-01	2.1140e-01	1.0432e-05	2.9696e-10	8.1515e-03	9.7507e-01	1.6776e-02	1.1755e-36	5.8707e-01	4.1286e-01	7.3798e-05	1.1755e-36	1.1755e-36	1.1755e-36	1.1659e-16	0.00e+00	0.00e+00	1.1027e+01
6.02747e+17	5.1029e+03	1.023e-21	2.7826e+01	1.3348e+01	2.1224e-07	5.3853e-01	4.6147e-01	7.9224e-01	2.0775e-01	1.0300e-05	3.3376e-10	8.0108e-03	9.7559e-01	1.6401e-02	1.1755e-36	5.9675e-01	4.0318e-01	6.9722e-05	1.1755e-36	1.1755e-36	1.1755e-36	1.4478e-16	0.00e+00	0.00e+00	1.1193e+01
6.04440e+17	5.0529e+03	9.954e-22	2.7826e+01	1.3085e+01	2.3810e-07	5.4787e-01	4.5213e-01	7.9565e-01	2.0434e-01	1.0171e-05	3.7518e-10	7.8817e-03	9.7607e-01	1.6053e-02	1.1755e-36	6.0589e-01	3.9405e-01	6.6113e-05	1.1755e-36	1.1755e-36	1.1755e-36	1.8011e-16	0.00e+00	0.00e+00	1.1350e+01
6.06001e+17	5.0134e+03	9.697e-22	2.7826e+01	1.2840e+01	2.6222e-07	5.5620e-01	4.4380e-01	7.9857e-01	2.0142e-01	1.0075e-05	4.1550e-10	7.7575e-03	9.7649e-01	1.5754e-02	1.1755e-36	6.1399e-01	3.8595e-01	6.2975e-05	1.1755e-36	1.1755e-36	1.1755e-36	2.1770e-16	0.00e+00	0.00e+00	1.1496e+01
6.07564e+17	4.9610e+03	9.445e-22	2.7826e+01	1.2591e+01	2.9425e-07	5.6502e-01	4.3498e-01	8.0177e-01	1.9822e-01	9.9516e-06	4.6126e-10	7.6350e-03	9.7694e-01	1.5422e-02	1.1755e-36	6.2255e-01	3.7739e-01	5.9889e-05	1.1755e-36	1.1755e-36	1.1755e-36	2.6492e-16	0.00e+00	0.00e+00	1.1658e+01
6.09125e+17	4.9109e+03	9.197e-22	2.7826e+01	1.2350e+01	3.2935e-07	5.7385e-01	4.2615e-01	8.0484e-01	1.9515e-01	9.8344e-06	5.0966e-10	7.5153e-03	9.7739e-01	1.5098e-02	1.1755e-36	6.3109e-01	3.6886e-01	5.6948e-05	1.1755e-36	1.1755e-36	1.1755e-36	3.1963e-16	0.00e+00	0.00e+00	1.1808e+01
6.10574e+17	4.8704e+03	8.959e-22	2.7826e+01	1.2115e+01	3.6200e-07	5.8155e-01	4.1845e-01	8.0742e-01	1.9257e-01	9.7570e-06	5.5530e-10	7.3948e-03	9.7778e-01	1.4829e-02	1.1755e-36	6.3851e-01	3.6143e-01	5.4409e-05	1.1755e-36	1.1755e-36	1.1755e-36	3.7555e-16	0.00e+00	0.00e+00	1.1952e+01
6.12053e+17	4.8159e+03	8.723e-22	2.7826e+01	1.1875e+01	4.0696e-07	5.9000e-01	4.1000e-01	8.1034e-01	1.8965e-01	9.6479e-06	6.1407e-10	7.2758e-03	9.7820e-01	1.4523e-02	1.1755e-36	6.4662e-01	3.5333e-01	5.1838e-05	1.1755e-36	1.1755e-36	1.1755e-36	4.5486e-16	0.00e+00	0.00e+00	1.2113e+01
6.13535e+17	4.7636e+03	8.492e-22	2.7826e+01	1.1645e+01	4.5638e-07	5.9848e-01	4.0152e-01	8.1316e-01	1.8683e-01	9.5420e-06	6.7931e-10	7.1606e-03	9.7861e-01	1.4227e-02	1.1755e-36	6.5473e-01	3.4522e-01	4.9377e-05	1.1755e-36	1.1755e-36	1.1755e-36	5.5118e-16	0.00e+00	0.00e+00	1.2261e+01
6.14889e+17	4.7211e+03	8.276e-22	2.7826e+01	1.1423e+01	5.0208e-07	6.0574e-01	3.9426e-01	8.1547e-01	1.8452e-01	9.4753e-06	7.3992e-10	7.0465e-03	9.7897e-01	1.3985e-02	1.1755e-36	6.6165e-01	3.3830e-01	4.7288e-05	1.1755e-36	1.1755e-36	1.1755e-36	6.4853e-16	0.00e+00	0.00e+00	1.2399e+01
6.16253e+17	4.6672e+03	8.062e-22	2.7826e+01	1.1201e+01	5.6243e-07	6.1354e-01	3.8646e-01	8.1805e-01	1.8194e-01	9.3817e-06	8.1574e-10	6.9353e-03	9.7935e-01	1.3715e-02	1.1755e-36	6.6906e-01	3.3089e-01	4.5195e-05	1.1755e-36	1.1755e-36	1.1755e-36	7.8213e-16	0.00e+00	0.00e+00	1.2553e+01
6.17633e+17	4.6137e+03	7.853e-22	2.7826e+01	1.0988e+01	6.3056e-07	6.2154e-01	3.7846e-01	8.2065e-01	1.7934e-01	9.2825e-06	9.0181e-10	6.8285e-03	9.7973e-01	1.3445e-02	1.1755e-36	6.7663e-01	3.2332e-01	4.3149e-05	1.1755e-36	1.1755e-36	1.1755e-36	9.4788e-16	0.00e+00	0.00e+00	1.2699e+01
6.18915e+17	4.5659e+03	7.655e-22	2.7826e+01	1.0779e+01	6.9817e-07	6.2861e-01	3.7139e-01	8.2283e-01	1.7716e-01	9.2145e-06	9.8580e-10	6.7220e-03	9.8006e-01	1.3215e-02	1.1755e-36	6.8332e-01	3.1664e-01	4.1375e-05	1.1755e-36	1.1755e-36	1.1755e-36	1.1251e-15	0.00e+00	0.00e+00	1.2835e+01
6.20167e+17	4.5181e+03	7.464e-22	2.7826e+01	1.0578e+01	7.7258e-07	6.3562e-01	3.6437e-01	8.2505e-01	1.7494e-01	9.1404e-06	1.0779e-09	6.6202e-03	9.8040e-01	1.2984e-02	1.1755e-36	6.8991e-01	3.1005e-01	3.9677e-05	1.1755e-36	1.1755e-36	1.1755e-36	1.3355e-15	0.00e+00	0.00e+00	1.2977e+01
6.21463e+17	4.4655e+03	7.267e-22	2.7826e+01	1.0361e+01	8.6083e-07	6.4275e-01	3.5725e-01	8.2726e-01	1.7273e-01	9.0722e-06	1.1829e-09	6.5102e-03	9.8074e-01	1.2754e-02	1.1755e-36	6.9660e-01	3.0336e-01	3.8015e-05	1.1755e-36	1.1755e-36	1.1755e-36	1.5985e-15	0.00e+00	0.00e+00	1.3126e+01
6.22768e+17	4.4146e+03	7.074e-22	2.7826e+01	1.0159e+01	9.5768e-07	6.5009e-01	3.4991e-01	8.2955e-01	1.7044e-01	8.9926e-06	1.3006e-09	6.4076e-03	9.8107e-01	1.2518e-02	1.1755e-36	7.0346e-01	2.9650e-01	3.6368e-05	1.1755e-36	1.1755e-36	1.1755e-36	1.9177e-15	0.00e+00	0.00e+00	1.3273e+01
6.24049e+17	4.3612e+03	6.886e-22	2.7826e+01	9.9570e+00	1.0677e-06	6.5729e-01	3.4271e-01	8.3176e-01	1.6823e-01	8.9162e-06	1.4301e-09	6.3055e-03	9.8141e-01	1.2289e-02	1.1755e-36	7.1018e-01	2.8978e-01	3.4818e-05	1.1755e-36	1.1755e-36	1.1755e-36	2.3031e-15	0.00e+00	0.00e+00	1.3420e+01
6.25305e+17	4.3023e+03	6.706e-22	2.7826e+01	9.7543e+00	1.1975e-06	6.6443e-01	3.3557e-01	8.3396e-01	1.6604e-01	8.8373e-06	1.5756e-09	6.2050e-03	9.8173e-01	1.2062e-02	1.1755e-36	7.1683e-01	2.8314e-01	3.3362e-05	1.1755e-36	1.1755e-36	1.1755e-36	2.7798e-15	0.00e+00	0.00e+00	1.3565e+01
6.26493e+17	4.2540e+03	6.535e-22	2.7826e+01	9.5666e+00	1.3181e-06	6.7089e-01	3.2911e-01	8.3584e-01	1.6415e-01	8.7811e-06	1.7141e-09	6.1088e-03	9.8203e-01	1.1864e-02	1.1755e-36	7.2282e-01	2.7715e-01	3.2052e-05	1.1755e-36	1.1755e-36	1.1755e-36	3.2704e-15	0.00e+00	0.00e+00	1.3699e+01
6.27687e+17	4.1952e+03	6.366e-22	2.7826e+01	9.3719e+00	1.4709e-06	6.7762e-01	3.2238e-01	8.3792e-01	1.6207e-01	8.7069e-06	1.8784e-09	6.0126e-03	9.8234e-01	1.1652e-02	1.1755e-36	7.2905e-01	2.7092e-01	3.0760e-05	1.1755e-36	1.1755e-36	1.1755e-36	3.9068e-15	0.00e+00	0.00e+00	1.3848e+01
6.28910e+17	4.1386e+03	6.196e-22	2.7826e+01	9.1784e+00	1.6339e-06	6.8438e-01	3.1562e-01	8.3993e-01	1.6006e-01	8.6393e-06	2.0537e-09	5.9160e-03	9.8264e-01	1.1444e-02	1.1755e-36	7.3529e-01	2.6468e-01	2.9496e-05	1.1755e-36	1.1755e-36	1.1755e-36	4.6433e-15	0.00e+00	0.00e+00	1.3992e+01
6.30112e+17	4.0821e+03	6.032e-22	2.7826e+01	8.9917e+00	1.8098e-06	6.9106e-01	3.0893e-01	8.4194e-01	1.5805e-01	8.5682e-06	2.2402e-09	5.8235e-03	9.8294e-01	1.1239e-02	1.1755e-36	7.4144e-01	2.5854e-01	2.8287e-05	1.1755e-36	1.1755e-36	1.1755e-36	5.4911e-15	0.00e+00	0.00e+00	1.4138e+01
6.31332e+17	4.0228e+03	5.867e-22	2.7826e+01	8.8003e+00	2.0058e-06	6.9780e-01	3.0220e-01	8.4395e-01	1.5604e-01	8.4981e-06	2.4414e-09	5.7289e-03	9.8324e-01	1.1034e-02	1.1755e-36	7.4761e-01	2.5236e-01	2.7109e-05	1.1755e-36	1.1755e-36	1.1755e-36	6.4832e-15	0.00e+00	0.00e+00	1.4290e+01
6.32584e+17	3.9607e+03	5.700e-22	2.7826e+01	8.6050e+00	2.2235e-06	7.0467e-01	2.9533e-01	8.4600e-01	1.5399e-01	8.4263e-06	2.6584e-09	5.6331e-03	9.8354e-01	1.0826e-02	1.1755e-36	7.5390e-01	2.4607e-01	2.5946e-05	1.1755e-36	1.1755e-36	1.1755e-36	7.6402e-15	0.00e+00	0.00e+00	1.4446e+01
###########################
1.52322e+14	6.0043e+03	2.504e-21	2.7826e+01	2.9191e+01	8.0307e-11	2.7958e-02	9.7204e-01	1.3585e-01	8.6396e-01	1.8453e-04	6.5594e-14	5.6419e-03	7.4001e-01	2.5434e-01	8.4098e-06	3.3417e-02	9.4528e-01	2.1300e-02	3.2023e-07	1.1755e-36	1.1755e-36	6.0565e-22	0.00e+00	0.00e+00	1.4966e-03
9.13930e+14	5.9952e+03	2.496e-21	2.7826e+01	2.9135e+01	8.0710e-11	2.7899e-02	9.7210e-01	1.3581e-01	8.6401e-01	1.8451e-04	6.5173e-14	5.6170e-03	7.3999e-01	2.5439e-01	8.4288e-06	3.3348e-02	9.4532e-01	2.1334e-02	3.2043e-07	1.1755e-36	1.1755e-36	5.9887e-22	0.00e+00	0.00e+00	7.4705e-03
3.96037e+15	5.9715e+03	2.484e-21	2.7826e+01	2.9126e+01	8.2936e-11	2.7944e-02	9.7206e-01	1.3655e-01	8.6327e-01	1.8277e-04	6.5513e-14	5.6251e-03	7.4123e-01	2.5313e-01	8.3366e-06	3.3416e-02	9.4536e-01	2.1222e-02	3.1447e-07	1.1755e-36	1.1755e-36	5.9984e-22	0.00e+00	0.00e+00	3.1405e-02
1.61461e+16	5.8980e+03	2.454e-21	2.7826e+01	2.9104e+01	9.2528e-11	2.8407e-02	9.7159e-01	1.3998e-01	8.5984e-01	1.7513e-04	6.8436e-14	5.7158e-03	7.4669e-01	2.4759e-01	7.9190e-06	3.4026e-02	9.4541e-01	2.0568e-02	2.8637e-07	1.1755e-36	1.1755e-36	6.2539e-22	0.00e+00	0.00e+00	1.2873e-01
3.85679e+16	5.6564e+03	2.358e-21	2.7826e+01	2.9095e+01	1.1856e-10	2.8374e-02	9.7163e-01	1.4476e-01	8.5507e-01	1.6507e-04	6.8929e-14	5.7639e-03	7.5463e-01	2.3960e-01	7.4472e-06	3.4092e-02	9.4582e-01	2.0084e-02	2.6039e-07	1.1755e-36	1.1755e-36	6.0259e-22	0.00e+00	0.00e+00	2.5510e-01
6.01425e+16	5.4403e+03	2.280e-21	2.7826e+01	2.9085e+01	1.4986e-10	2.8335e-02	9.7166e-01	1.4893e-01	8.5092e-01	1.5663e-04	6.9162e-14	5.8018e-03	7.6140e-01	2.3279e-01	7.0523e-06	3.4139e-02	9.4620e-01	1.9658e-02	2.3983e-07	1.1755e-36	1.1755e-36	5.8176e-22	0.00e+00	0.00e+00	3.4375e-01
7.57638e+16	5.3325e+03	2.245e-21	2.7826e+01	2.9068e+01	1.7353e-10	2.8640e-02	9.7136e-01	1.5245e-01	8.4740e-01	1.5006e-04	7.1166e-14	5.8729e-03	7.6662e-01	2.2750e-01	6.7103e-06	3.4570e-02	9.4631e-01	1.9117e-02	2.2051e-07	1.1755e-36	1.1755e-36	5.9273e-22	0.00e+00	0.00e+00	4.1138e-01
9.12193e+16	5.2748e+03	2.226e-21	2.7826e+01	2.9037e+01	1.9603e-10	2.9355e-02	9.7064e-01	1.5696e-01	8.4290e-01	1.4262e-04	7.5684e-14	5.9999e-03	7.7263e-01	2.2136e-01	6.2892e-06	3.5494e-02	9.4621e-01	1.8297e-02	1.9608e-07	1.1755e-36	1.1755e-36	6.3626e-22	0.00e+00	0.00e+00	5.0151e-01
1.11312e+17	5.2134e+03	2.207e-21	2.7826e+01	2.8992e+01	2.2853e-10	3.0447e-02	9.6955e-01	1.6332e-01	8.3654e-01	1.3325e-04	8.2826e-14	6.1837e-03	7.8059e-01	2.1322e-01	5.7503e-06	3.6893e-02	9.4592e-01	1.7191e-02	1.6670e-07	1.1755e-36	1.1755e-36	7.0926e-22	0.00e+00	0.00e+00	6.2303e-01
1.37431e+17	5.1479e+03	2.192e-21	2.7826e+01	2.8923e+01	2.7895e-10	3.2160e-02	9.6784e-01	1.7259e-01	8.2729e-01	1.2155e-04	9.4737e-14	6.4541e-03	7.9123e-01	2.0231e-01	5.0680e-06	3.9071e-02	9.4521e-01	1.5715e-02	1.3287e-07	1.1755e-36	1.1755e-36	8.3898e-22	0.00e+00	0.00e+00	7.8989e-01
1.71387e+17	5.0877e+03	2.182e-21	2.7826e+01	2.8816e+01	3.5940e-10	3.4905e-02	9.6510e-01	1.8641e-01	8.1348e-01	1.0738e-04	1.1574e-13	6.8547e-03	8.0538e-01	1.8776e-01	4.2327e-06	4.2536e-02	9.4368e-01	1.3782e-02	1.1755e-36	1.1755e-36	1.1755e-36	1.0865e-21	0.00e+00	0.00e+00	1.0253e+00
2.14918e+17	5.0614e+03	2.177e-21	2.7826e+01	2.8647e+01	4.8206e-10	3.9329e-02	9.6067e-01	2.0711e-01	7.9280e-01	9.1275e-05	1.5484e-13	7.4374e-03	8.2351e-01	1.6905e-01	3.2813e-06	4.8083e-02	9.4054e-01	1.1377e-02	1.1755e-36	1.1755e-36	1.1755e-36	1.5985e-21	0.00e+00	0.00e+00	1.3617e+00
2.60858e+17	5.0925e+03	2.178e-21	2.7826e+01	2.8413e+01	6.3048e-10	4.5293e-02	9.5471e-01	2.3258e-01	7.6734e-01	7.7090e-05	2.1782e-13	8.1134e-03	8.4196e-01	1.4992e-01	2.4459e-06	5.5506e-02	9.3545e-01	9.0453e-03	1.1755e-36	1.1755e-36	1.1755e-36	2.5366e-21	0.00e+00	0.00e+00	1.7056e+00
3.02833e+17	5.1622e+03	2.191e-21	2.7826e+01	2.8130e+01	8.1329e-10	5.2977e-02	9.4702e-01	2.6232e-01	7.3762e-01	6.5359e-05	3.1846e-13	8.8340e-03	8.5955e-01	1.3161e-01	1.7749e-06	6.5001e-02	9.2798e-01	7.0163e-03	1.1755e-36	1.1755e-36	1.1755e-36	4.2598e-21	0.00e+00	0.00e+00	2.0849e+00
3.42538e+17	5.2576e+03	2.211e-21	2.7826e+01	2.7774e+01	1.0587e-09	6.3077e-02	9.3692e-01	2.9759e-01	7.0235e-01	5.5268e-05	4.8720e-13	9.5869e-03	8.7648e-01	1.1394e-01	1.2420e-06	7.7399e-02	9.1733e-01	5.2740e-03	1.1755e-36	1.1755e-36	1.1755e-36	7.6217e-21	0.00e+00	0.00e+00	2.5134e+00
3.79046e+17	5.3843e+03	2.226e-21	2.7826e+01	2.7313e+01	1.3660e-09	7.5909e-02	9.2409e-01	3.3745e-01	6.6251e-01	4.6874e-05	7.6677e-13	1.0298e-02	8.9188e-01	9.7820e-02	8.4823e-07	9.3029e-02	9.0310e-01	3.8708e-03	1.1755e-36	1.1755e-36	1.1755e-36	1.4175e-20	0.00e+00	0.00e+00	2.9716e+00
4.11042e+17	5.5120e+03	2.236e-21	2.7826e+01	2.6774e+01	1.7846e-09	9.1639e-02	9.0836e-01	3.8021e-01	6.1975e-01	4.0041e-05	1.2227e-12	1.0914e-02	9.0536e-01	8.3724e-02	5.7354e-07	1.1203e-01	8.8515e-01	2.8126e-03	1.1755e-36	1.1755e-36	1.1755e-36	2.6830e-20	0.00e+00	0.00e+00	3.4488e+00
4.38607e+17	5.6306e+03	2.233e-21	2.7826e+01	2.6151e+01	2.3556e-09	1.1026e-01	8.8974e-01	4.2416e-01	5.7580e-01	3.4452e-05	1.9466e-12	1.1391e-02	9.1683e-01	7.1780e-02	3.8877e-07	1.3432e-01	8.6363e-01	2.0428e-03	1.1755e-36	1.1755e-36	1.1755e-36	5.0623e-20	0.00e+00	0.00e+00	3.9427e+00
4.62555e+17	5.7311e+03	2.213e-21	2.7826e+01	2.5440e+01	3.1604e-09	1.3203e-01	8.6797e-01	4.6818e-01	5.3179e-01	2.9884e-05	3.0871e-12	1.1721e-02	9.2660e-01	6.1683e-02	2.6487e-07	1.6013e-01	8.3838e-01	1.4857e-03	1.1755e-36	1.1755e-36	1.1755e-36	9.5074e-20	0.00e+00	0.00e+00	4.4624e+00
4.83799e+17	5.8077e+03	2.176e-21	2.7826e+01	2.4658e+01	4.3536e-09	1.5775e-01	8.4225e-01	5.1211e-01	4.8786e-01	2.6028e-05	4.9198e-12	1.1919e-02	9.3508e-01	5.2996e-02	1.8051e-07	1.9025e-01	8.0867e-01	1.0775e-03	1.1755e-36	1.1755e-36	1.1755e-36	1.8040e-19	0.00e+00	0.00e+00	5.0191e+00
5.02826e+17	5.8625e+03	2.111e-21	2.7826e+01	2.3697e+01	6.0898e-09	1.8726e-01	8.1274e-01	5.5486e-01	4.4512e-01	2.2759e-05	7.7780e-12	1.1930e-02	9.4236e-01	4.5710e-02	1.1755e-36	2.2437e-01	7.7485e-01	7.8220e-04	1.1755e-36	1.1755e-36	1.1755e-36	3.3967e-19	0.00e+00	0.00e+00	5.6103e+00
5.20037e+17	5.8878e+03	2.024e-21	2.7826e+01	2.2652e+01	8.7609e-09	2.2142e-01	7.7858e-01	5.9672e-01	4.0326e-01	1.9871e-05	1.2372e-11	1.1815e-02	9.4877e-01	3.9418e-02	1.1755e-36	2.6326e-01	7.3617e-01	5.6600e-04	1.1755e-36	1.1755e-36	1.1755e-36	6.5071e-19	0.00e+00	0.00e+00	6.2504e+00
5.35397e+17	5.8801e+03	1.915e-21	2.7826e+01	2.1507e+01	1.2871e-08	2.5955e-01	7.4045e-01	6.3504e-01	3.6494e-01	1.7553e-05	1.9527e-11	1.1557e-02	9.5427e-01	3.4171e-02	1.1755e-36	3.0595e-01	6.9364e-01	4.1161e-04	1.1755e-36	1.1755e-36	1.1755e-36	1.2532e-18	0.00e+00	0.00e+00	6.9011e+00
5.44764e+17	5.8636e+03	1.831e-21	2.7826e+01	2.0663e+01	1.6763e-08	2.8749e-01	7.1251e-01	6.5688e-01	3.4310e-01	1.6426e-05	2.6320e-11	1.1299e-02	9.5732e-01	3.1377e-02	1.1755e-36	3.3674e-01	6.6292e-01	3.3531e-04	1.1755e-36	1.1755e-36	1.1755e-36	1.9569e-18	0.00e+00	0.00e+00	7.1267e+00
5.47960e+17	5.8470e+03	1.801e-21	2.7826e+01	2.0358e+01	1.8591e-08	2.9783e-01	7.0217e-01	6.6459e-01	3.3539e-01	1.6019e-05	2.9316e-11	1.1200e-02	9.5837e-01	3.0429e-02	1.1755e-36	3.4805e-01	6.5164e-01	3.1189e-04	1.1755e-36	1.1755e-36	1.1755e-36	2.3058e-18	0.00e+00	0.00e+00	7.2274e+00
5.49901e+17	5.8437e+03	1.779e-21	2.7826e+01	2.0171e+01	1.9639e-08	3.0409e-01	6.9591e-01	6.6944e-01	3.3054e-01	1.5766e-05	3.1250e-11	1.1134e-02	9.5903e-01	2.9838e-02	1.1755e-36	3.5485e-01	6.4485e-01	2.9794e-04	1.1755e-36	1.1755e-36	1.1755e-36	2.5364e-18	0.00e+00	0.00e+00	7.3320e+00
5.52151e+17	5.8313e+03	1.755e-21	2.7826e+01	1.9945e+01	2.1155e-08	3.1175e-01	6.8825e-01	6.7514e-01	3.2484e-01	1.5473e-05	3.3798e-11	1.1055e-02	9.5982e-01	2.9128e-02	1.1755e-36	3.6317e-01	6.3655e-01	2.8207e-04	1.1755e-36	1.1755e-36	1.1755e-36	2.8580e-18	0.00e+00	0.00e+00	7.4713e+00
5.55077e+17	5.8114e+03	1.723e-21	2.7826e+01	1.9665e+01	2.3461e-08	3.2232e-01	6.7768e-01	6.8301e-01	3.1698e-01	1.5044e-05	3.7678e-11	1.0960e-02	9.6086e-01	2.8180e-02	1.1755e-36	3.7459e-01	6.2514e-01	2.6210e-04	1.1755e-36	1.1755e-36	1.1755e-36	3.3759e-18	0.00e+00	0.00e+00	7.6586e+00
5.58413e+17	5.7917e+03	1.682e-21	2.7826e+01	1.9287e+01	2.6200e-08	3.3403e-01	6.6597e-01	6.9113e-01	3.0886e-01	1.4649e-05	4.2252e-11	1.0814e-02	9.6195e-01	2.7232e-02	1.1755e-36	3.8718e-01	6.1258e-01	2.4173e-04	1.1755e-36	1.1755e-36	1.1755e-36	4.0301e-18	0.00e+00	0.00e+00	7.8561e+00
5.61704e+17	5.7670e+03	1.641e-21	2.7826e+01	1.8924e+01	2.9473e-08	3.4635e-01	6.5365e-01	6.9925e-01	3.0073e-01	1.4249e-05	4.7656e-11	1.0673e-02	9.6304e-01	2.6287e-02	1.1755e-36	4.0035e-01	5.9942e-01	2.2263e-04	1.1755e-36	1.1755e-36	1.1755e-36	4.8691e-18	0.00e+00	0.00e+00	8.0519e+00
5.64763e+17	5.7364e+03	1.604e-21	2.7826e+01	1.8596e+01	3.3256e-08	3.5861e-01	6.4139e-01	7.0694e-01	2.9305e-01	1.3863e-05	5.3746e-11	1.0546e-02	9.6406e-01	2.5397e-02	1.1755e-36	4.1340e-01	5.8640e-01	2.0571e-04	1.1755e-36	1.1755e-36	1.1755e-36	5.9033e-18	0.00e+00	0.00e+00	8.2345e+00
5.67486e+17	5.7167e+03	1.566e-21	2.7826e+01	1.8256e+01	3.6599e-08	3.6910e-01	6.3090e-01	7.1321e-01	2.8678e-01	1.3589e-05	5.9284e-11	1.0402e-02	9.6490e-01	2.4695e-02	1.1755e-36	4.2450e-01	5.7531e-01	1.9204e-04	1.1755e-36	1.1755e-36	1.1755e-36	6.9078e-18	0.00e+00	0.00e+00	8.3997e+00
5.70154e+17	5.6851e+03	1.530e-21	2.7826e+01	1.7933e+01	4.0916e-08	3.8033e-01	6.1967e-01	7.1983e-01	2.8016e-01	1.3274e-05	6.6063e-11	1.0268e-02	9.6578e-01	2.3948e-02	1.1755e-36	4.3632e-01	5.6350e-01	1.7884e-04	1.1755e-36	1.1755e-36	1.1755e-36	8.2465e-18	0.00e+00	0.00e+00	8.5861e+00
5.72871e+17	5.6520e+03	1.493e-21	2.7826e+01	1.7610e+01	4.5942e-08	3.9216e-01	6.0784e-01	7.2646e-01	2.7352e-01	1.2961e-05	7.4022e-11	1.0132e-02	9.6666e-01	2.3206e-02	1.1755e-36	4.4871e-01	5.5112e-01	1.6617e-04	1.1755e-36	1.1755e-36	1.1755e-36	9.9547e-18	0.00e+00	0.00e+00	8.7683e+00
5.75401e+17	5.6219e+03	1.456e-21	2.7826e+01	1.7285e+01	5.1081e-08	4.0315e-01	5.9685e-01	7.3234e-01	2.6765e-01	1.2704e-05	8.2130e-11	9.9892e-03	9.6745e-01	2.2558e-02	1.1755e-36	4.6017e-01	5.3968e-01	1.5522e-04	1.1755e-36	1.1755e-36	1.1755e-36	1.1844e-17	0.00e+00	0.00e+00	8.9394e+00
5.77810e+17	5.5899e+03	1.420e-21	2.7826e+01	1.6968e+01	5.6779e-08	4.1395e-01	5.8605e-01	7.3798e-01	2.6201e-01	1.2458e-05	9.1025e-11	9.8486e-03	9.6821e-01	2.1943e-02	1.1755e-36	4.7136e-01	5.2849e-01	1.4527e-04	1.1755e-36	1.1755e-36	1.1755e-36	1.4093e-17	0.00e+00	0.00e+00	9.1141e+00
5.80207e+17	5.5574e+03	1.384e-21	2.7826e+01	1.6650e+01	6.3157e-08	4.2492e-01	5.7508e-01	7.4352e-01	2.5647e-01	1.2221e-05	1.0106e-10	9.7047e-03	9.6895e-01	2.1343e-02	1.1755e-36	4.8268e-01	5.1718e-01	1.3587e-04	1.1755e-36	1.1755e-36	1.1755e-36	1.6843e-17	0.00e+00	0.00e+00	9.2928e+00
5.82589e+17	5.5206e+03	1.347e-21	2.7826e+01	1.6318e+01	7.0593e-08	4.3600e-01	5.6400e-01	7.4895e-01	2.5104e-01	1.1993e-05	1.1246e-10	9.5532e-03	9.6968e-01	2.0764e-02	1.1755e-36	4.9406e-01	5.0581e-01	1.2709e-04	1.1755e-36	1.1755e-36	1.1755e-36	2.0265e-17	0.00e+00	0.00e+00	9.4743e+00
5.84899e+17	5.4793e+03	1.312e-21	2.7826e+01	1.6007e+01	7.9341e-08	4.4730e-01	5.5270e-01	7.5430e-01	2.4569e-01	1.1759e-05	1.2578e-10	9.4105e-03	9.7040e-01	2.0191e-02	1.1755e-36	5.0562e-01	4.9426e-01	1.1890e-04	1.1755e-36	1.1755e-36	1.1755e-36	2.4657e-17	0.00e+00	0.00e+00	9.6512e+00
5.87044e+17	5.4484e+03	1.277e-21	2.7826e+01	1.5690e+01	8.7410e-08	4.5730e-01	5.4270e-01	7.5883e-01	2.4116e-01	1.1591e-05	1.3843e-10	9.2591e-03	9.7102e-01	1.9718e-02	1.1755e-36	5.1578e-01	4.8411e-01	1.1194e-04	1.1755e-36	1.1755e-36	1.1755e-36	2.9165e-17	0.00e+00	0.00e+00	9.8151e+00
5.89170e+17	5.4041e+03	1.243e-21	2.7826e+01	1.5385e+01	9.8152e-08	4.6804e-01	5.3196e-01	7.6366e-01	2.3633e-01	1.1389e-05	1.5452e-10	9.1162e-03	9.7168e-01	1.9205e-02	1.1755e-36	5.2666e-01	4.7324e-01	1.0513e-04	1.1755e-36	1.1755e-36	1.1755e-36	3.5509e-17	0.00e+00	0.00e+00	9.9969e+00
5.91285e+17	5.3608e+03	1.210e-21	2.7826e+01	1.5088e+01	1.1015e-07	4.7891e-01	5.2109e-01	7.6834e-01	2.3165e-01	1.1194e-05	1.7288e-10	8.9756e-03	9.7231e-01	1.8712e-02	1.1755e-36	5.3761e-01	4.6229e-01	9.8717e-05	1.1755e-36	1.1755e-36	1.1755e-36	4.3449e-17	0.00e+00	0.00e+00	1.0167e+01
5.93223e+17	5.3263e+03	1.178e-21	2.7826e+01	1.4792e+01	1.2139e-07	4.8843e-01	5.1157e-01	7.7230e-01	2.2769e-01	1.1053e-05	1.9041e-10	8.8307e-03	9.7286e-01	1.8305e-02	1.1755e-36	5.4716e-01	4.5275e-01	9.3303e-05	1.1755e-36	1.1755e-36	1.1755e-36	5.1698e-17	0.00e+00	0.00e+00	1.0326e+01
5.95152e+17	5.2805e+03	1.146e-21	2.7826e+01	1.4503e+01	1.3600e-07	4.9857e-01	5.0143e-01	7.7651e-01	2.2348e-01	1.0885e-05	2.1259e-10	8.6916e-03	9.7344e-01	1.7866e-02	1.1755e-36	5.5729e-01	4.4262e-01	8.7994e-05	1.1755e-36	1.1755e-36	1.1755e-36	6.3220e-17	0.00e+00	0.00e+00	1.0502e+01
5.97086e+17	5.2347e+03	1.115e-21	2.7826e+01	1.4221e+01	1.5254e-07	5.0892e-01	4.9108e-01	7.8064e-01	2.1935e-01	1.0719e-05	2.3825e-10	8.5547e-03	9.7401e-01	1.7437e-02	1.1755e-36	5.6757e-01	4.3234e-01	8.2933e-05	1.1755e-36	1.1755e-36	1.1755e-36	7.7894e-17	0.00e+00	0.00e+00	1.0668e+01
5.98878e+17	5.1927e+03	1.086e-21	2.7826e+01	1.3945e+01	1.6944e-07	5.1831e-01	4.8169e-01	7.8425e-01	2.1574e-01	1.0588e-05	2.6461e-10	8.4180e-03	9.7452e-01	1.7065e-02	1.1755e-36	5.7687e-01	4.2305e-01	7.8549e-05	1.1755e-36	1.1755e-36	1.1755e-36	9.4500e-17	0.00e+00	0.00e+00	1.0825e+01
6.00600e+17	5.1554e+03	1.057e-21	2.7826e+01	1.3675e+01	1.8663e-07	5.2720e-01	4.7280e-01	7.8770e-01	2.1229e-01	1.0469e-05	2.9229e-10	8.2825e-03	9.7500e-01	1.6720e-02	1.1755e-36	5.8564e-01	4.1428e-01	7.4536e-05	1.1755e-36	1.1755e-36	1.1755e-36	1.1341e-16	0.00e+00	0.00e+00	1.0985e+01
6.02398e+17	5.1071e+03	1.027e-21	2.7826e+01	1.3394e+01	2.0934e-07	5.3693e-01	4.6307e-01	7.9135e-01	2.0864e-01	1.0335e-05	3.2827e-10	8.1426e-03	9.7551e-01	1.6345e-02	1.1755e-36	5.9519e-01	4.0474e-01	7.0467e-05	1.1755e-36	1.1755e-36	1.1755e-36	1.4069e-16	0.00e+00	0.00e+00	1.1161e+01
6.04196e+17	5.0593e+03	9.980e-22	2.7826e+01	1.3115e+01	2.3472e-07	5.4666e-01	4.5334e-01	7.9487e-01	2.0512e-01	1.0209e-05	3.6941e-10	8.0025e-03	9.7601e-01	1.5987e-02	1.1755e-36	6.0470e-01	3.9524e-01	6.6629e-05	1.1755e-36	1.1755e-36	1.1755e-36	1.7521e-16	0.00e+00	0.00e+00	1.1327e+01
6.05857e+17	5.0084e+03	9.713e-22	2.7826e+01	1.2855e+01	2.6356e-07	5.5589e-01	4.4411e-01	7.9819e-01	2.0180e-01	1.0084e-05	4.1614e-10	7.8736e-03	9.7647e-01	1.5652e-02	1.1755e-36	6.1370e-01	3.8623e-01	6.3220e-05	1.1755e-36	1.1755e-36	1.1755e-36	2.1892e-16	0.00e+00	0.00e+00	1.1483e+01
6.07383e+17	4.9658e+03	9.464e-22	2.7826e+01	1.2614e+01	2.9127e-07	5.6417e-01	4.3583e-01	8.0106e-01	1.9893e-01	9.9874e-06	4.5676e-10	7.7509e-03	9.7690e-01	1.5354e-02	1.1755e-36	6.2173e-01	3.7821e-01	6.0258e-05	1.1755e-36	1.1755e-36	1.1755e-36	2.6052e-16	0.00e+00	0.00e+00	1.1627e+01
6.08879e+17	4.9121e+03	9.227e-22	2.7826e+01	1.2382e+01	3.2721e-07	5.7288e-01	4.2712e-01	8.0420e-01	1.9579e-01	9.8579e-06	5.0507e-10	7.6366e-03	9.7733e-01	1.5029e-02	1.1755e-36	6.3016e-01	3.6978e-01	5.7371e-05	1.1755e-36	1.1755e-36	1.1755e-36	3.1495e-16	0.00e+00	0.00e+00	1.1781e+01
6.10343e+17	4.8748e+03	8.985e-22	2.7826e+01	1.2142e+01	3.5804e-07	5.8050e-01	4.1950e-01	8.0668e-01	1.9331e-01	9.7937e-06	5.4880e-10	7.5112e-03	9.7772e-01	1.4769e-02	1.1755e-36	6.3749e-01	3.6246e-01	5.4821e-05	1.1755e-36	1.1755e-36	1.1755e-36	3.6808e-16	0.00e+00	0.00e+00	1.1924e+01
6.11851e+17	4.8227e+03	8.742e-22	2.7826e+01	1.1899e+01	4.0133e-07	5.8900e-01	4.1100e-01	8.0964e-01	1.9035e-01	9.6851e-06	6.0642e-10	7.3880e-03	9.7815e-01	1.4462e-02	1.1755e-36	6.4566e-01	3.5429e-01	5.2180e-05	1.1755e-36	1.1755e-36	1.1755e-36	4.4473e-16	0.00e+00	0.00e+00	1.2091e+01
6.13412e+17	4.7705e+03	8.495e-22	2.7826e+01	1.1649e+01	4.5055e-07	5.9769e-01	4.0231e-01	8.1252e-01	1.8748e-01	9.5870e-06	6.7177e-10	7.2609e-03	9.7857e-01	1.4165e-02	1.1755e-36	6.5397e-01	3.4598e-01	4.9610e-05	1.1755e-36	1.1755e-36	1.1755e-36	5.4023e-16	0.00e+00	0.00e+00	1.2249e+01
6.14851e+17	4.7202e+03	8.269e-22	2.7826e+01	1.1419e+01	5.0287e-07	6.0574e-01	3.9426e-01	8.1512e-01	1.8487e-01	9.4987e-06	7.3996e-10	7.1435e-03	9.7896e-01	1.3894e-02	1.1755e-36	6.6165e-01	3.3830e-01	4.7341e-05	1.1755e-36	1.1755e-36	1.1755e-36	6.4974e-16	0.00e+00	0.00e+00	1.2396e+01
6.16199e+17	4.6708e+03	8.059e-22	2.7826e+01	1.1203e+01	5.5939e-07	6.1333e-01	3.8666e-01	8.1758e-01	1.8241e-01	9.4139e-06	8.1225e-10	7.0331e-03	9.7933e-01	1.3639e-02	1.1755e-36	6.6886e-01	3.3109e-01	4.5290e-05	1.1755e-36	1.1755e-36	1.1755e-36	7.7667e-16	0.00e+00	0.00e+00	1.2538e+01
6.17514e+17	4.6219e+03	7.855e-22	2.7826e+01	1.0991e+01	6.2117e-07	6.2072e-01	3.7928e-01	8.1994e-01	1.8005e-01	9.3338e-06	8.9035e-10	6.9248e-03	9.7968e-01	1.3394e-02	1.1755e-36	6.7585e-01	3.2410e-01	4.3365e-05	1.1755e-36	1.1755e-36	1.1755e-36	9.2618e-16	0.00e+00	0.00e+00	1.2681e+01
6.18826e+17	4.5691e+03	7.656e-22	2.7826e+01	1.0784e+01	6.9416e-07	6.2829e-01	3.7171e-01	8.2241e-01	1.7758e-01	9.2407e-06	9.8080e-10	6.8205e-03	9.8004e-01	1.3142e-02	1.1755e-36	6.8300e-01	3.1695e-01	4.1489e-05	1.1755e-36	1.1755e-36	1.1755e-36	1.1153e-15	0.00e+00	0.00e+00	1.2826e+01
6.20109e+17	4.5214e+03	7.459e-22	2.7826e+01	1.0573e+01	7.6809e-07	6.3529e-01	3.6471e-01	8.2454e-01	1.7545e-01	9.1792e-06	1.0717e-09	6.7111e-03	9.8037e-01	1.2919e-02	1.1755e-36	6.8960e-01	3.1036e-01	3.9782e-05	1.1755e-36	1.1755e-36	1.1755e-36	1.3231e-15	0.00e+00	0.00e+00	1.2965e+01
6.21384e+17	4.4675e+03	7.270e-22	2.7826e+01	1.0374e+01	8.5868e-07	6.4269e-01	3.5731e-01	8.2693e-01	1.7306e-01	9.0868e-06	1.1810e-09	6.6110e-03	9.8071e-01	1.2676e-02	1.1755e-36	6.9655e-01	3.0341e-01	3.8081e-05	1.1755e-36	1.1755e-36	1.1755e-36	1.5949e-15	0.00e+00	0.00e+00	1.3112e+01
6.22650e+17	4.4152e+03	7.082e-22	2.7826e+01	1.0170e+01	9.5584e-07	6.4978e-01	3.5022e-01	8.2910e-01	1.7089e-01	9.0147e-06	1.2960e-09	6.5069e-03	9.8104e-01	1.2453e-02	1.1755e-36	7.0318e-01	2.9679e-01	3.6499e-05	1.1755e-36	1.1755e-36	1.1755e-36	1.9086e-15	0.00e+00	0.00e+00	1.3253e+01
6.23871e+17	4.3637e+03	6.903e-22	2.7826e+01	9.9752e+00	1.0609e-06	6.5663e-01	3.4336e-01	8.3120e-01	1.6879e-01	8.9440e-06	1.4188e-09	6.4074e-03	9.8136e-01	1.2237e-02	1.1755e-36	7.0957e-01	2.9039e-01	3.5019e-05	1.1755e-36	1.1755e-36	1.1755e-36	2.2733e-15	0.00e+00	0.00e+00	1.3393e+01
6.25089e+17	4.3112e+03	6.726e-22	2.7826e+01	9.7811e+00	1.1780e-06	6.6346e-01	3.3654e-01	8.3329e-01	1.6670e-01	8.8730e-06	1.5534e-09	6.3085e-03	9.8167e-01	1.2023e-02	1.1755e-36	7.1592e-01	2.8404e-01	3.3596e-05	1.1755e-36	1.1755e-36	1.1755e-36	2.7084e-15	0.00e+00	0.00e+00	1.3535e+01
6.26317e+17	4.2520e+03	6.551e-22	2.7826e+01	9.5837e+00	1.3194e-06	6.7047e-01	3.2953e-01	8.3545e-01	1.6454e-01	8.7932e-06	1.7091e-09	6.2100e-03	9.8199e-01	1.1803e-02	1.1755e-36	7.2244e-01	2.7753e-01	3.2206e-05	1.1755e-36	1.1755e-36	1.1755e-36	3.2600e-15	0.00e+00	0.00e+00	1.3680e+01
6.27507e+17	4.2035e+03	6.382e-22	2.7826e+01	9.3960e+00	1.4508e-06	6.7691e-01	3.2309e-01	8.3732e-01	1.6267e-01	8.7388e-06	1.8577e-09	6.1129e-03	9.8228e-01	1.1611e-02	1.1755e-36	7.2839e-01	2.7158e-01	3.0934e-05	1.1755e-36	1.1755e-36	1.1755e-36	3.8285e-15	0.00e+00	0.00e+00	1.3817e+01
6.28715e+17	4.1424e+03	6.212e-22	2.7826e+01	9.1966e+00	1.6208e-06	6.8367e-01	3.1633e-01	8.3938e-01	1.6061e-01	8.6677e-06	2.0356e-09	6.0132e-03	9.8259e-01	1.1401e-02	1.1755e-36	7.3464e-01	2.6533e-01	2.9672e-05	1.1755e-36	1.1755e-36	1.1755e-36	4.5737e-15	0.00e+00	0.00e+00	1.3969e+01
6.29954e+17	4.0844e+03	6.043e-22	2.7826e+01	9.0056e+00	1.8014e-06	6.9061e-01	3.0938e-01	8.4145e-01	1.5854e-01	8.5934e-06	2.2276e-09	5.9178e-03	9.8289e-01	1.1192e-02	1.1755e-36	7.4103e-01	2.5895e-01	2.8416e-05	1.1755e-36	1.1755e-36	1.1755e-36	5.4426e-15	0.00e+00	0.00e+00	1.4116e+01
6.31162e+17	4.0262e+03	5.879e-22	2.7826e+01	8.8151e+00	1.9938e-06	6.9730e-01	3.0270e-01	8.4342e-01	1.5658e-01	8.5274e-06	2.4254e-09	5.8224e-03	9.8318e-01	1.0994e-02	1.1755e-36	7.4716e-01	2.5281e-01	2.7243e-05	1.1755e-36	1.1755e-36	1.1755e-36	6.4154e-15	0.00e+00	0.00e+00	1.4264e+01
6.32389e+17	3.9653e+03	5.714e-22	2.7826e+01	8.6209e+00	2.2073e-06	7.0413e-01	2.9586e-01	8.4540e-01	1.5459e-01	8.4606e-06	2.6391e-09	5.7260e-03	9.8348e-01	1.0793e-02	1.1755e-36	7.5341e-01	2.4656e-01	2.6084e-05	1.1755e-36	1.1755e-36	1.1755e-36	7.5512e-15	0.00e+00	0.00e+00	1.4418e+01
###########################
1.52322e+14	6.0044e+03	2.504e-21	2.7826e+01	2.9191e+01	8.0302e-11	2.7957e-02	9.7204e-01	1.3585e-01	8.6396e-01	1.8453e-04	6.5593e-14	5.6419e-03	7.4001e-01	2.5434e-01	8.4099e-06	3.3417e-02	9.4528e-01	2.1300e-02	3.2023e-07	1.1755e-36	1.1755e-36	6.0565e-22	0.00e+00	0.00e+00	1.4966e-03
9.13930e+14	5.9952e+03	2.496e-21	2.7826e+01	2.9135e+01	8.0710e-11	2.7899e-02	9.7210e-01	1.3581e-01	8.6401e-01	1.8451e-04	6.5173e-14	5.6170e-03	7.3999e-01	2.5439e-01	8.4288e-06	3.3348e-02	9.4532e-01	2.1334e-02	3.2043e-07	1.1755e-36	1.1755e-36	5.9887e-22	0.00e+00	0.00e+00	7.4705e-03
3.96037e+15	5.9715e+03	2.484e-21	2.7826e+01	2.9126e+01	8.2935e-11	2.7944e-02	9.7206e-01	1.3655e-01	8.6327e-01	1.8277e-04	6.5513e-14	5.6251e-03	7.4123e-01	2.5313e-01	8.3366e-06	3.3416e-02	9.4536e-01	2.1222e-02	3.1447e-07	1.1755e-36	1.1755e-36	5.9983e-22	0.00e+00	0.00e+00	3.1405e-02
1.61461e+16	5.8980e+03	2.454e-21	2.7826e+01	2.9104e+01	9.2530e-11	2.8407e-02	9.7159e-01	1.3998e-01	8.5984e-01	1.7513e-04	6.8436e-14	5.7158e-03	7.4669e-01	2.4759e-01	7.9189e-06	3.4026e-02	9.4540e-01	2.0568e-02	2.8637e-07	1.1755e-36	1.1755e-36	6.2539e-22	0.00e+00	0.00e+00	1.2873e-01
3.85679e+16	5.6564e+03	2.358e-21	2.7826e+01	2.9095e+01	1.1856e-10	2.8374e-02	9.7163e-01	1.4476e-01	8.5507e-01	1.6507e-04	6.8928e-14	5.7639e-03	7.5463e-01	2.3960e-01	7.4472e-06	3.4092e-02	9.4582e-01	2.0084e-02	2.6039e-07	1.1755e-36	1.1755e-36	6.0258e-22	0.00e+00	0.00e+00	2.5510e-01
6.01434e+16	5.4403e+03	2.280e-21	2.7826e+01	2.9085e+01	1.4986e-10	2.8336e-02	9.7166e-01	1.4893e-01	8.5092e-01	1.5663e-04	6.9162e-14	5.8018e-03	7.6140e-01	2.3279e-01	7.0523e-06	3.4139e-02	9.4620e-01	1.9658e-02	2.3982e-07	1.1755e-36	1.1755e-36	5.8177e-22	0.00e+00	0.00e+00	3.4375e-01
7.57661e+16	5.3325e+03	2.245e-21	2.7826e+01	2.9068e+01	1.7353e-10	2.8640e-02	9.7136e-01	1.5245e-01	8.4740e-01	1.5006e-04	7.1166e-14	5.8729e-03	7.6662e-01	2.2750e-01	6.7102e-06	3.4570e-02	9.4631e-01	1.9117e-02	2.2050e-07	1.1755e-36	1.1755e-36	5.9273e-22	0.00e+00	0.00e+00	4.1140e-01
9.12231e+16	5.2748e+03	2.226e-21	2.7826e+01	2.9037e+01	1.9603e-10	2.9356e-02	9.7064e-01	1.5696e-01	8.4290e-01	1.4262e-04	7.5685e-14	5.9999e-03	7.7263e-01	2.2136e-01	6.2891e-06	3.5494e-02	9.4621e-01	1.8297e-02	1.9607e-07	1.1755e-36	1.1755e-36	6.3627e-22	0.00e+00	0.00e+00	5.0153e-01
1.11317e+17	5.2133e+03	2.207e-21	2.7826e+01	2.8992e+01	2.2854e-10	3.0447e-02	9.6955e-01	1.6333e-01	8.3654e-01	1.3324e-04	8.2828e-14	6.1838e-03	7.8059e-01	2.1322e-01	5.7501e-06	3.6893e-02	9.4592e-01	1.7191e-02	1.6669e-07	1.1755e-36	1.1755e-36	7.0928e-22	0.00e+00	0.00e+00	6.2306e-01
1.37440e+17	5.1467e+03	2.192e-21	2.7826e+01	2.8923e+01	2.7944e-10	3.2166e-02	9.6783e-01	1.7262e-01	8.2726e-01	1.2152e-04	9.4777e-14	6.4546e-03	7.9126e-01	2.0228e-01	5.0664e-06	3.9078e-02	9.4521e-01	1.5713e-02	1.3283e-07	1.1755e-36	1.1755e-36	8.3939e-22	0.00e+00	0.00e+00	7.8997e-01
1.71399e+17	5.0873e+03	2.183e-21	2.7826e+01	2.8831e+01	3.6000e-10	3.4926e-02	9.6507e-01	1.8651e-01	8.1339e-01	1.0738e-04	1.1597e-13	6.8596e-03	8.0547e-01	1.8766e-01	4.2278e-06	4.2562e-02	9.4366e-01	1.3773e-02	1.1755e-36	1.1755e-36	1.1755e-36	1.0897e-21	0.00e+00	0.00e+00	1.0256e+00
2.14917e+17	5.0614e+03	2.177e-21	2.7826e+01	2.8647e+01	4.8219e-10	3.9334e-02	9.6067e-01	2.0713e-01	7.9278e-01	9.1286e-05	1.5489e-13	7.4380e-03	8.2352e-01	1.6904e-01	3.2806e-06	4.8089e-02	9.4054e-01	1.1375e-02	1.1755e-36	1.1755e-36	1.1755e-36	1.5992e-21	0.00e+00	0.00e+00	1.3618e+00
2.60839e+17	5.0926e+03	2.178e-21	2.7826e+01	2.8413e+01	6.3048e-10	4.5295e-02	9.5471e-01	2.3259e-01	7.6734e-01	7.7096e-05	2.1783e-13	8.1136e-03	8.4197e-01	1.4992e-01	2.4458e-06	5.5508e-02	9.3545e-01	9.0449e-03	1.1755e-36	1.1755e-36	1.1755e-36	2.5369e-21	0.00e+00	0.00e+00	1.7056e+00
3.02824e+17	5.1622e+03	2.191e-21	2.7826e+01	2.8130e+01	8.1341e-10	5.2981e-02	9.4702e-01	2.6233e-01	7.3761e-01	6.5360e-05	3.1852e-13	8.8344e-03	8.5956e-01	1.3160e-01	1.7747e-06	6.5006e-02	9.2798e-01	7.0155e-03	1.1755e-36	1.1755e-36	1.1755e-36	4.2609e-21	0.00e+00	0.00e+00	2.0852e+00
3.42546e+17	5.2577e+03	2.211e-21	2.7826e+01	2.7774e+01	1.0590e-09	6.3087e-02	9.3691e-01	2.9762e-01	7.0232e-01	5.5265e-05	4.8739e-13	9.5875e-03	8.7649e-01	1.1392e-01	1.2416e-06	7.7412e-02	9.1732e-01	5.2727e-03	1.1755e-36	1.1755e-36	1.1755e-36	7.6257e-21	0.00e+00	0.00e+00	2.5139e+00
3.79055e+17	5.3844e+03	2.226e-21	2.7826e+01	2.7313e+01	1.3663e-09	7.5924e-02	9.2408e-01	3.3749e-01	6.6247e-01	4.6871e-05	7.6714e-13	1.0298e-02	8.9189e-01	9.7806e-02	8.4792e-07	9.3048e-02	9.0308e-01	3.8696e-03	1.1755e-36	1.1755e-36	1.1755e-36	1.4185e-20	0.00e+00	0.00e+00	2.9721e+00
4.11041e+17	5.5121e+03	2.236e-21	2.7826e+01	2.6774e+01	1.7850e-09	9.1655e-02	9.0835e-01	3.8025e-01	6.1971e-01	4.0040e-05	1.2232e-12	1.0914e-02	9.0537e-01	8.3714e-02	5.7336e-07	1.1205e-01	8.8513e-01	2.8118e-03	1.1755e-36	1.1755e-36	1.1755e-36	2.6845e-20	0.00e+00	0.00e+00	3.4492e+00
4.38598e+17	5.6307e+03	2.233e-21	2.7826e+01	2.6150e+01	2.3560e-09	1.1027e-01	8.8973e-01	4.2419e-01	5.7578e-01	3.4452e-05	1.9472e-12	1.1392e-02	9.1683e-01	7.1773e-02	3.8867e-07	1.3434e-01	8.6362e-01	2.0424e-03	1.1755e-36	1.1755e-36	1.1755e-36	5.0647e-20	0.00e+00	0.00e+00	3.9431e+00
4.62543e+17	5.7311e+03	2.213e-21	2.7826e+01	2.5439e+01	3.1610e-09	1.3205e-01	8.6795e-01	4.6820e-01	5.3177e-01	2.9884e-05	3.0880e-12	1.1721e-02	9.2660e-01	6.1678e-02	2.6481e-07	1.6015e-01	8.3836e-01	1.4854e-03	1.1755e-36	1.1755e-36	1.1755e-36	9.5116e-20	0.00e+00	0.00e+00	4.4628e+00
4.83787e+17	5.8077e+03	2.176e-21	2.7826e+01	2.4657e+01	4.3547e-09	1.5777e-01	8.4223e-01	5.1214e-01	4.8784e-01	2.6028e-05	4.9215e-12	1.1919e-02	9.3509e-01	5.2991e-02	1.8046e-07	1.9028e-01	8.0864e-01	1.0773e-03	1.1755e-36	1.1755e-36	1.1755e-36	1.8049e-19	0.00e+00	0.00e+00	5.0196e+00
5.02814e+17	5.8625e+03	2.111e-21	2.7826e+01	2.3696e+01	6.0916e-09	1.8729e-01	8.1271e-01	5.5488e-01	4.4509e-01	2.2759e-05	7.7810e-12	1.1930e-02	9.4236e-01	4.5705e-02	1.1755e-36	2.2440e-01	7.7482e-01	7.8200e-04	1.1755e-36	1.1755e-36	1.1755e-36	3.3986e-19	0.00e+00	0.00e+00	5.6109e+00
5.20023e+17	5.8878e+03	2.024e-21	2.7826e+01	2.2651e+01	8.7634e-09	2.2145e-01	7.7855e-01	5.9674e-01	4.0324e-01	1.9871e-05	1.2376e-11	1.1815e-02	9.4877e-01	3.9415e-02	1.1755e-36	2.6330e-01	7.3614e-01	5.6585e-04	1.1755e-36	1.1755e-36	1.1755e-36	6.5104e-19	0.00e+00	0.00e+00	6.2510e+00
5.35380e+17	5.8800e+03	1.915e-21	2.7826e+01	2.1506e+01	1.2875e-08	2.5958e-01	7.4042e-01	6.3506e-01	3.6492e-01	1.7554e-05	1.9533e-11	1.1557e-02	9.5427e-01	3.4169e-02	1.1755e-36	3.0599e-01	6.9360e-01	4.1152e-04	1.1755e-36	1.1755e-36	1.1755e-36	1.2538e-18	0.00e+00	0.00e+00	6.9015e+00
5.44745e+17	5.8636e+03	1.831e-21	2.7826e+01	2.0662e+01	1.6767e-08	2.8752e-01	7.1248e-01	6.5690e-01	3.4309e-01	1.6427e-05	2.6326e-11	1.1299e-02	9.5733e-01	3.1375e-02	1.1755e-36	3.3677e-01	6.6290e-01	3.3525e-04	1.1755e-36	1.1755e-36	1.1755e-36	1.9577e-18	0.00e+00	0.00e+00	7.1271e+00
5.47940e+17	5.8469e+03	1.801e-21	2.7826e+01	2.0358e+01	1.8595e-08	2.9786e-01	7.0214e-01	6.6460e-01	3.3538e-01	1.6020e-05	2.9323e-11	1.1200e-02	9.5837e-01	3.0427e-02	1.1755e-36	3.4808e-01	6.5161e-01	3.1184e-04	1.1755e-36	1.1755e-36	1.1755e-36	2.3066e-18	0.00e+00	0.00e+00	7.2278e+00
5.49881e+17	5.8437e+03	1.779e-21	2.7826e+01	2.0170e+01	1.9643e-08	3.0411e-01	6.9589e-01	6.6945e-01	3.3053e-01	1.5767e-05	3.1257e-11	1.1134e-02	9.5903e-01	2.9837e-02	1.1755e-36	3.5488e-01	6.4482e-01	2.9789e-04	1.1755e-36	1.1755e-36	1.1755e-36	2.5373e-18	0.00e+00	0.00e+00	7.3324e+00
5.52131e+17	5.8313e+03	1.754e-21	2.7826e+01	1.9944e+01	2.1160e-08	3.1178e-01	6.8822e-01	6.7515e-01	3.2483e-01	1.5474e-05	3.3806e-11	1.1055e-02	9.5982e-01	2.9126e-02	1.1755e-36	3.6320e-01	6.3652e-01	2.8203e-04	1.1755e-36	1.1755e-36	1.1755e-36	2.8590e-18	0.00e+00	0.00e+00	7.4717e+00
5.55057e+17	5.8114e+03	1.723e-21	2.7826e+01	1.9665e+01	2.3465e-08	3.2235e-01	6.7765e-01	6.8302e-01	3.1697e-01	1.5045e-05	3.7685e-11	1.0960e-02	9.6086e-01	2.8179e-02	1.1755e-36	3.7462e-01	6.2512e-01	2.6206e-04	1.1755e-36	1.1755e-36	1.1755e-36	3.3769e-18	0.00e+00	0.00e+00	7.6590e+00
5.58393e+17	5.7917e+03	1.682e-21	2.7826e+01	1.9286e+01	2.6207e-08	3.3406e-01	6.6594e-01	6.9114e-01	3.0884e-01	1.4649e-05	4.2263e-11	1.0814e-02	9.6196e-01	2.7230e-02	1.1755e-36	3.8721e-01	6.1255e-01	2.4169e-04	1.1755e-36	1.1755e-36	1.1755e-36	4.0319e-18	0.00e+00	0.00e+00	7.8566e+00
5.61685e+17	5.7669e+03	1.641e-21	2.7826e+01	1.8924e+01	2.9482e-08	3.4638e-01	6.5362e-01	6.9927e-01	3.0072e-01	1.4249e-05	4.7670e-11	1.0673e-02	9.6304e-01	2.6286e-02	1.1755e-36	4.0039e-01	5.9939e-01	2.2259e-04	1.1755e-36	1.1755e-36	1.1755e-36	4.8715e-18	0.00e+00	0.00e+00	8.0524e+00
5.64742e+17	5.7364e+03	1.604e-21	2.7826e+01	1.8595e+01	3.3264e-08	3.5863e-01	6.4137e-01	7.0695e-01	2.9304e-01	1.3864e-05	5.3759e-11	1.0546e-02	9.6406e-01	2.5395e-02	1.1755e-36	4.1343e-01	5.8637e-01	2.0568e-04	1.1755e-36	1.1755e-36	1.1755e-36	5.9057e-18	0.00e+00	0.00e+00	8.2349e+00
5.67464e+17	5.7167e+03	1.566e-21	2.7826e+01	1.8255e+01	3.6603e-08	3.6913e-01	6.3087e-01	7.1321e-01	2.8678e-01	1.3590e-05	5.9293e-11	1.0401e-02	9.6490e-01	2.4694e-02	1.1755e-36	4.2452e-01	5.7529e-01	1.9201e-04	1.1755e-36	1.1755e-36	1.1755e-36	6.9096e-18	0.00e+00	0.00e+00	8.4001e+00
5.70134e+17	5.6851e+03	1.530e-21	2.7826e+01	1.7932e+01	4.0928e-08	3.8036e-01	6.1964e-01	7.1984e-01	2.8015e-01	1.3275e-05	6.6082e-11	1.0268e-02	9.6579e-01	2.3946e-02	1.1755e-36	4.3635e-01	5.6347e-01	1.7881e-04	1.1755e-36	1.1755e-36	1.1755e-36	8.2506e-18	0.00e+00	0.00e+00	8.5868e+00
5.72852e+17	5.6519e+03	1.492e-21	2.7826e+01	1.7609e+01	4.5959e-08	3.9220e-01	6.0780e-01	7.2648e-01	2.7351e-01	1.2962e-05	7.4047e-11	1.0132e-02	9.6666e-01	2.3204e-02	1.1755e-36	4.4875e-01	5.5108e-01	1.6614e-04	1.1755e-36	1.1755e-36	1.1755e-36	9.9607e-18	0.00e+00	0.00e+00	8.7688e+00
5.75380e+17	5.6218e+03	1.456e-21	2.7826e+01	1.7284e+01	5.1095e-08	4.0318e-01	5.9682e-01	7.3235e-01	2.6764e-01	1.2705e-05	8.2150e-11	9.9889e-03	9.6745e-01	2.2557e-02	1.1755e-36	4.6020e-01	5.3964e-01	1.5520e-04	1.1755e-36	1.1755e-36	1.1755e-36	1.1850e-17	0.00e+00	0.00e+00	8.9398e+00
5.77788e+17	5.5898e+03	1.420e-21	2.7826e+01	1.6967e+01	5.6793e-08	4.1397e-01	5.8603e-01	7.3798e-01	2.6201e-01	1.2459e-05	9.1045e-11	9.8483e-03	9.6821e-01	2.1942e-02	1.1755e-36	4.7139e-01	5.2847e-01	1.4525e-04	1.1755e-36	1.1755e-36	1.1755e-36	1.4099e-17	0.00e+00	0.00e+00	9.1145e+00
5.80185e+17	5.5566e+03	1.383e-21	2.7826e+01	1.6640e+01	6.3188e-08	4.2483e-01	5.7517e-01	7.4348e-01	2.5651e-01	1.2227e-05	1.0097e-10	9.6999e-03	9.6895e-01	2.1352e-02	1.1755e-36	4.8260e-01	5.1727e-01	1.3593e-04	1.1755e-36	1.1755e-36	1.1755e-36	1.6824e-17	0.00e+00	0.00e+00	9.2932e+00
5.82565e+17	5.5198e+03	1.347e-21	2.7826e+01	1.6327e+01	7.0730e-08	4.3618e-01	5.6382e-01	7.4904e-01	2.5095e-01	1.1983e-05	1.1272e-10	9.5580e-03	9.6969e-01	2.0751e-02	1.1755e-36	4.9424e-01	5.0563e-01	1.2700e-04	1.1755e-36	1.1755e-36	1.1755e-36	2.0345e-17	0.00e+00	0.00e+00	9.4744e+00
5.84856e+17	5.4807e+03	1.312e-21	2.7826e+01	1.6008e+01	7.9151e-08	4.4717e-01	5.5283e-01	7.5421e-01	2.4578e-01	1.1768e-05	1.2555e-10	9.4106e-03	9.7039e-01	2.0199e-02	1.1755e-36	5.0548e-01	4.9440e-01	1.1898e-04	1.1755e-36	1.1755e-36	1.1755e-36	2.4574e-17	0.00e+00	0.00e+00	9.6487e+00
5.87008e+17	5.4431e+03	1.278e-21	2.7826e+01	1.5701e+01	8.8083e-08	4.5760e-01	5.4240e-01	7.5895e-01	2.4104e-01	1.1576e-05	1.3917e-10	9.2663e-03	9.7104e-01	1.9697e-02	1.1755e-36	5.1609e-01	4.8380e-01	1.1185e-04	1.1755e-36	1.1755e-36	1.1755e-36	2.9481e-17	0.00e+00	0.00e+00	9.8163e+00
5.89078e+17	5.4049e+03	1.245e-21	2.7826e+01	1.5403e+01	9.7939e-08	4.6786e-01	5.3214e-01	7.6351e-01	2.3648e-01	1.1393e-05	1.5426e-10	9.1252e-03	9.7166e-01	1.9216e-02	1.1755e-36	5.2647e-01	4.7343e-01	1.0530e-04	1.1755e-36	1.1755e-36	1.1755e-36	3.5406e-17	0.00e+00	0.00e+00	9.9853e+00
5.91128e+17	5.3663e+03	1.212e-21	2.7826e+01	1.5105e+01	1.0896e-07	4.7815e-01	5.2185e-01	7.6797e-01	2.3202e-01	1.1216e-05	1.7127e-10	8.9829e-03	9.7227e-01	1.8749e-02	1.1755e-36	5.3684e-01	4.6306e-01	9.9117e-05	1.1755e-36	1.1755e-36	1.1755e-36	4.2698e-17	0.00e+00	0.00e+00	1.0157e+01
5.93159e+17	5.3234e+03	1.178e-21	2.7826e+01	1.4798e+01	1.2179e-07	4.8844e-01	5.1156e-01	7.7234e-01	2.2765e-01	1.1047e-05	1.9075e-10	8.8350e-03	9.7287e-01	1.8299e-02	1.1755e-36	5.4716e-01	4.5275e-01	9.3341e-05	1.1755e-36	1.1755e-36	1.1755e-36	5.1900e-17	0.00e+00	0.00e+00	1.0330e+01
5.95129e+17	5.2777e+03	1.147e-21	2.7826e+01	1.4513e+01	1.3665e-07	4.9886e-01	5.0114e-01	7.7662e-01	2.2337e-01	1.0872e-05	2.1354e-10	8.6977e-03	9.7345e-01	1.7852e-02	1.1755e-36	5.5758e-01	4.4233e-01	8.7918e-05	1.1755e-36	1.1755e-36	1.1755e-36	6.3758e-17	0.00e+00	0.00e+00	1.0498e+01
5.96969e+17	5.2451e+03	1.116e-21	2.7826e+01	1.4226e+01	1.4988e-07	5.0799e-01	4.9201e-01	7.8017e-01	2.1982e-01	1.0758e-05	2.3473e-10	8.5538e-03	9.7396e-01	1.7487e-02	1.1755e-36	5.6664e-01	4.3328e-01	8.3274e-05	1.1755e-36	1.1755e-36	1.1755e-36	7.5702e-17	0.00e+00	0.00e+00	1.0656e+01
5.98849e+17	5.1966e+03	1.085e-21	2.7826e+01	1.3937e+01	1.6843e-07	5.1807e-01	4.8193e-01	7.8421e-01	2.1578e-01	1.0600e-05	2.6336e-10	8.4123e-03	9.7452e-01	1.7073e-02	1.1755e-36	5.7663e-01	4.2329e-01	7.8567e-05	1.1755e-36	1.1755e-36	1.1755e-36	9.3589e-17	0.00e+00	0.00e+00	1.0838e+01
6.00755e+17	5.1497e+03	1.054e-21	2.7826e+01	1.3645e+01	1.8901e-07	5.2821e-01	4.7179e-01	7.8805e-01	2.1194e-01	1.0459e-05	2.9588e-10	8.2677e-03	9.7505e-01	1.6680e-02	1.1755e-36	5.8663e-01	4.1330e-01	7.4109e-05	1.1755e-36	1.1755e-36	1.1755e-36	1.1606e-16	0.00e+00	0.00e+00	1.1006e+01
6.02495e+17	5.1009e+03	1.026e-21	2.7826e+01	1.3377e+01	2.1188e-07	5.3773e-01	4.6227e-01	7.9159e-01	2.0840e-01	1.0323e-05	3.3195e-10	8.1355e-03	9.7555e-01	1.6319e-02	1.1755e-36	5.9598e-01	4.0395e-01	7.0201e-05	1.1755e-36	1.1755e-36	1.1755e-36	1.4376e-16	0.00e+00	0.00e+00	1.1163e+01
6.04100e+17	5.0621e+03	9.993e-22	2.7826e+01	1.3127e+01	2.3336e-07	5.4624e-01	4.5376e-01	7.9465e-01	2.0534e-01	1.0222e-05	3.6725e-10	8.0083e-03	9.7598e-01	1.6008e-02	1.1755e-36	6.0429e-01	3.9564e-01	6.6801e-05	1.1755e-36	1.1755e-36	1.1755e-36	1.7335e-16	0.00e+00	0.00e+00	1.1311e+01
6.05710e+17	5.0112e+03	9.731e-22	2.7826e+01	1.2872e+01	2.6165e-07	5.5524e-01	4.4476e-01	7.9797e-01	2.0202e-01	1.0093e-05	4.1287e-10	7.8820e-03	9.7644e-01	1.5674e-02	1.1755e-36	6.1307e-01	3.8686e-01	6.3453e-05	1.1755e-36	1.1755e-36	1.1755e-36	2.1574e-16	0.00e+00	0.00e+00	1.1475e+01
6.07323e+17	4.9616e+03	9.473e-22	2.7826e+01	1.2625e+01	2.9303e-07	5.6433e-01	4.3567e-01	8.0120e-01	1.9879e-01	9.9693e-06	4.5849e-10	7.7585e-03	9.7690e-01	1.5341e-02	1.1755e-36	6.2189e-01	3.7805e-01	6.0253e-05	1.1755e-36	1.1755e-36	1.1755e-36	2.6247e-16	0.00e+00	0.00e+00	1.1629e+01
6.08823e+17	4.9206e+03	9.226e-22	2.7826e+01	1.2382e+01	3.2268e-07	5.7230e-01	4.2770e-01	8.0393e-01	1.9606e-01	9.8851e-06	5.0031e-10	7.6335e-03	9.7731e-01	1.5059e-02	1.1755e-36	6.2960e-01	3.7034e-01	5.7493e-05	1.1755e-36	1.1755e-36	1.1755e-36	3.0909e-16	0.00e+00	0.00e+00	1.1774e+01
6.10335e+17	4.8676e+03	8.983e-22	2.7826e+01	1.2138e+01	3.6211e-07	5.8087e-01	4.1913e-01	8.0691e-01	1.9308e-01	9.7745e-06	5.5273e-10	7.5112e-03	9.7774e-01	1.4747e-02	1.1755e-36	6.3786e-01	3.6208e-01	5.4739e-05	1.1755e-36	1.1755e-36	1.1755e-36	3.7337e-16	0.00e+00	0.00e+00	1.1935e+01
6.11846e+17	4.8161e+03	8.745e-22	2.7826e+01	1.1903e+01	4.0588e-07	5.8950e-01	4.1050e-01	8.0983e-01	1.9017e-01	9.6649e-06	6.1130e-10	7.3929e-03	9.7816e-01	1.4444e-02	1.1755e-36	6.4614e-01	3.5381e-01	5.2103e-05	1.1755e-36	1.1755e-36	1.1755e-36	4.5190e-16	0.00e+00	0.00e+00	1.2085e+01
6.13241e+17	4.7754e+03	8.520e-22	2.7826e+01	1.1675e+01	4.4578e-07	5.9692e-01	4.0308e-01	8.1223e-01	1.8777e-01	9.5969e-06	6.6555e-10	7.2745e-03	9.7853e-01	1.4195e-02	1.1755e-36	6.5325e-01	3.4670e-01	4.9846e-05	1.1755e-36	1.1755e-36	1.1755e-36	5.3079e-16	0.00e+00	0.00e+00	1.2226e+01
6.14662e+17	4.7243e+03	8.293e-22	2.7826e+01	1.1444e+01	4.9795e-07	6.0492e-01	3.9508e-01	8.1489e-01	1.8510e-01	9.5045e-06	7.3313e-10	7.1565e-03	9.7893e-01	1.3918e-02	1.1755e-36	6.6087e-01	3.3909e-01	4.7572e-05	1.1755e-36	1.1755e-36	1.1755e-36	6.3839e-16	0.00e+00	0.00e+00	1.2385e+01
6.16127e+17	4.6700e+03	8.067e-22	2.7826e+01	1.1213e+01	5.5979e-07	6.1328e-01	3.8672e-01	8.1764e-01	1.8235e-01	9.4034e-06	8.1253e-10	7.0396e-03	9.7932e-01	1.3636e-02	1.1755e-36	6.6881e-01	3.3114e-01	4.5318e-05	1.1755e-36	1.1755e-36	1.1755e-36	7.7703e-16	0.00e+00	0.00e+00	1.2539e+01
6.17491e+17	4.6214e+03	7.854e-22	2.7826e+01	1.0990e+01	6.2173e-07	6.2076e-01	3.7924e-01	8.1995e-01	1.8004e-01	9.3344e-06	8.9092e-10	6.9244e-03	9.7968e-01	1.3393e-02	1.1755e-36	6.7590e-01	3.2406e-01	4.3358e-05	1.1755e-36	1.1755e-36	1.1755e-36	9.2741e-16	0.00e+00	0.00e+00	1.2681e+01
6.18789e+17	4.5727e+03	7.655e-22	2.7826e+01	1.0781e+01	6.8980e-07	6.2802e-01	3.7198e-01	8.2225e-01	1.7774e-01	9.2584e-06	9.7607e-10	6.8171e-03	9.8003e-01	1.3155e-02	1.1755e-36	6.8275e-01	3.1721e-01	4.1531e-05	1.1755e-36	1.1755e-36	1.1755e-36	1.1050e-15	0.00e+00	0.00e+00	1.2824e+01
6.20098e+17	4.5180e+03	7.458e-22	2.7826e+01	1.0575e+01	7.7306e-07	6.3563e-01	3.6437e-01	8.2472e-01	1.7527e-01	9.1628e-06	1.0776e-09	6.7139e-03	9.8038e-01	1.2904e-02	1.1755e-36	6.8992e-01	3.1004e-01	3.9722e-05	1.1755e-36	1.1755e-36	1.1755e-36	1.3367e-15	0.00e+00	0.00e+00	1.2971e+01
6.21368e+17	4.4668e+03	7.268e-22	2.7826e+01	1.0371e+01	8.5968e-07	6.4274e-01	3.5726e-01	8.2691e-01	1.7308e-01	9.0906e-06	1.1818e-09	6.6092e-03	9.8071e-01	1.2678e-02	1.1755e-36	6.9659e-01	3.0337e-01	3.8075e-05	1.1755e-36	1.1755e-36	1.1755e-36	1.5974e-15	0.00e+00	0.00e+00	1.3110e+01
6.22587e+17	4.4165e+03	7.087e-22	2.7826e+01	1.0175e+01	9.5325e-07	6.4959e-01	3.5040e-01	8.2903e-01	1.7096e-01	9.0189e-06	1.2928e-09	6.5094e-03	9.8103e-01	1.2460e-02	1.1755e-36	7.0301e-01	2.9696e-01	3.6542e-05	1.1755e-36	1.1755e-36	1.1755e-36	1.8998e-15	0.00e+00	0.00e+00	1.3248e+01
6.23813e+17	4.3648e+03	6.907e-22	2.7826e+01	9.9794e+00	1.0585e-06	6.5648e-01	3.4352e-01	8.3116e-01	1.6883e-01	8.9462e-06	1.4160e-09	6.4096e-03	9.8135e-01	1.2242e-02	1.1755e-36	7.0943e-01	2.9053e-01	3.5052e-05	1.1755e-36	1.1755e-36	1.1755e-36	2.2647e-15	0.00e+00	0.00e+00	1.3391e+01
6.25054e+17	4.3071e+03	6.728e-22	2.7826e+01	9.7797e+00	1.1851e-06	6.6356e-01	3.3644e-01	8.3335e-01	1.6664e-01	8.8665e-06	1.5585e-09	6.3094e-03	9.8167e-01	1.2018e-02	1.1755e-36	7.1603e-01	2.8394e-01	3.3595e-05	1.1755e-36	1.1755e-36	1.1755e-36	2.7274e-15	0.00e+00	0.00e+00	1.3536e+01
6.26258e+17	4.2582e+03	6.554e-22	2.7826e+01	9.5892e+00	1.3063e-06	6.7013e-01	3.2987e-01	8.3528e-01	1.6471e-01	8.8086e-06	1.6977e-09	6.2110e-03	9.8197e-01	1.1819e-02	1.1755e-36	7.2211e-01	2.7785e-01	3.2256e-05	1.1755e-36	1.1755e-36	1.1755e-36	3.2167e-15	0.00e+00	0.00e+00	1.3673e+01
6.27468e+17	4.1967e+03	6.384e-22	2.7826e+01	9.3940e+00	1.4651e-06	6.7710e-01	3.2290e-01	8.3745e-01	1.6254e-01	8.7252e-06	1.8678e-09	6.1145e-03	9.8229e-01	1.1600e-02	1.1755e-36	7.2857e-01	2.7140e-01	3.0925e-05	1.1755e-36	1.1755e-36	1.1755e-36	3.8722e-15	0.00e+00	0.00e+00	1.3822e+01
6.28674e+17	4.1480e+03	6.213e-22	2.7826e+01	9.1989e+00	1.6071e-06	6.8341e-01	3.1659e-01	8.3921e-01	1.6079e-01	8.6849e-06	2.0244e-09	6.0124e-03	9.8257e-01	1.1415e-02	1.1755e-36	7.3439e-01	2.6558e-01	2.9706e-05	1.1755e-36	1.1755e-36	1.1755e-36	4.5239e-15	0.00e+00	0.00e+00	1.3961e+01
6.29909e+17	4.0819e+03	6.046e-22	2.7826e+01	9.0075e+00	1.8076e-06	6.9068e-01	3.0932e-01	8.4152e-01	1.5847e-01	8.5858e-06	2.2318e-09	5.9201e-03	9.8289e-01	1.1187e-02	1.1755e-36	7.4109e-01	2.5888e-01	2.8415e-05	1.1755e-36	1.1755e-36	1.1755e-36	5.4638e-15	0.00e+00	0.00e+00	1.4120e+01
6.31155e+17	4.0252e+03	5.876e-22	2.7826e+01	8.8111e+00	1.9973e-06	6.9743e-01	3.0257e-01	8.4343e-01	1.5656e-01	8.5291e-06	2.4291e-09	5.8204e-03	9.8319e-01	1.0992e-02	1.1755e-36	7.4728e-01	2.5269e-01	2.7222e-05	1.1755e-36	1.1755e-36	1.1755e-36	6.4346e-15	0.00e+00	0.00e+00	1.4265e+01
6.32368e+17	3.9649e+03	5.712e-22	2.7826e+01	8.6185e+00	2.2090e-06	7.0422e-01	2.9578e-01	8.4539e-01	1.5460e-01	8.4636e-06	2.6412e-09	5.7248e-03	9.8348e-01	1.0794e-02	1.1755e-36	7.5349e-01	2.4648e-01	2.6073e-05	1.1755e-36	1.1755e-36	1.1755e-36	7.5633e-15	0.00e+00	0.00e+00	1.4419e+01
