#depth	Te	Htot	hden	eden	2H_2/H	HI	HII	HeI	HeII	HeIII	CO/C	C1	C2	C3	C4	O1	O2	O3	O4	O5	O6	H2O/O	AV(point)	AV(extend)	Tau912
7.11876e+13	6.6619e+03	1.949e-20	7.7426e+01	8.4054e+01	3.4203e-15	1.2829e-03	9.9872e-01	6.9449e-03	9.8835e-01	4.7080e-03	9.1644e-19	4.1764e-05	1.1472e-01	8.8337e-01	1.8727e-03	3.4768e-04	3.1197e-01	6.8629e-01	1.3954e-03	1.1755e-36	1.1755e-36	7.2532e-27	0.00e+00	0.00e+00	8.9282e-05
4.27126e+14	6.6606e+03	1.948e-20	7.7426e+01	8.4048e+01	3.4224e-15	1.2827e-03	9.9872e-01	6.9450e-03	9.8835e-01	4.7043e-03	9.1559e-19	4.1732e-05	1.1472e-01	8.8336e-01	1.8773e-03	3.4751e-04	3.1187e-01	6.8639e-01	1.3906e-03	1.1755e-36	1.1755e-36	7.2440e-27	0.00e+00	0.00e+00	4.4634e-04
1.85088e+15	6.6578e+03	1.947e-20	7.7426e+01	8.4046e+01	3.4275e-15	1.2823e-03	9.9872e-01	6.9468e-03	9.8838e-01	4.6739e-03	9.1496e-19	4.1681e-05	1.1474e-01	8.8335e-01	1.8750e-03	3.4744e-04	3.1189e-01	6.8640e-01	1.3704e-03	1.1755e-36	1.1755e-36	7.2336e-27	0.00e+00	0.00e+00	1.8741e-03
7.54589e+15	6.6488e+03	1.945e-20	7.7426e+01	8.4045e+01	3.4509e-15	1.2822e-03	9.9872e-01	6.9581e-03	9.8853e-01	4.5155e-03	9.1698e-19	4.1657e-05	1.1490e-01	8.8320e-01	1.8603e-03	3.4803e-04	3.1226e-01	6.8610e-01	1.2920e-03	1.1755e-36	1.1755e-36	7.2320e-27	0.00e+00	0.00e+00	7.5851e-03
1.80247e+16	6.6250e+03	1.933e-20	7.7426e+01	8.4044e+01	3.4718e-15	1.2754e-03	9.9872e-01	6.9578e-03	9.8862e-01	4.4194e-03	9.0594e-19	4.1404e-05	1.1494e-01	8.8317e-01	1.8463e-03	3.4680e-04	3.1242e-01	6.8605e-01	1.1869e-03	1.1755e-36	1.1755e-36	7.0763e-27	0.00e+00	0.00e+00	1.4970e-02
3.16472e+16	6.5964e+03	1.921e-20	7.7426e+01	8.4043e+01	3.5044e-15	1.2696e-03	9.9873e-01	6.9660e-03	9.8887e-01	4.1636e-03	8.9646e-19	4.1272e-05	1.1509e-01	8.8305e-01	1.8193e-03	3.4632e-04	3.1295e-01	6.8565e-01	1.0591e-03	1.1755e-36	1.1755e-36	6.9152e-27	0.00e+00	0.00e+00	2.4527e-02
4.93564e+16	6.5647e+03	1.907e-20	7.7426e+01	8.4041e+01	3.5508e-15	1.2640e-03	9.9874e-01	6.9806e-03	9.8926e-01	3.7575e-03	8.8965e-19	4.1200e-05	1.1533e-01	8.8285e-01	1.7806e-03	3.4640e-04	3.1385e-01	6.8490e-01	9.1024e-04	1.1755e-36	1.1755e-36	6.7770e-27	0.00e+00	0.00e+00	3.6895e-02
7.23783e+16	6.5289e+03	1.892e-20	7.7426e+01	8.4037e+01	3.6066e-15	1.2586e-03	9.9874e-01	7.0035e-03	9.8979e-01	3.2092e-03	8.8407e-19	4.1184e-05	1.1569e-01	8.8254e-01	1.7301e-03	3.4726e-04	3.1525e-01	6.8366e-01	7.4473e-04	1.1755e-36	1.1755e-36	6.6329e-27	0.00e+00	0.00e+00	5.2905e-02
1.02307e+17	6.4882e+03	1.874e-20	7.7426e+01	8.4033e+01	3.6773e-15	1.2536e-03	9.9875e-01	7.0372e-03	9.9041e-01	2.5512e-03	8.8106e-19	4.1242e-05	1.1620e-01	8.8209e-01	1.6690e-03	3.4921e-04	3.1736e-01	6.8172e-01	5.7141e-04	1.1755e-36	1.1755e-36	6.4935e-27	0.00e+00	0.00e+00	7.3636e-02
1.41214e+17	6.4423e+03	1.854e-20	7.7426e+01	8.4028e+01	3.7699e-15	1.2497e-03	9.9875e-01	7.0853e-03	9.9107e-01	1.8495e-03	8.8246e-19	4.1402e-05	1.1693e-01	8.8143e-01	1.6002e-03	3.5269e-04	3.2036e-01	6.7888e-01	4.0350e-04	1.1755e-36	1.1755e-36	6.3734e-27	0.00e+00	0.00e+00	1.0050e-01
1.91793e+17	6.3909e+03	1.831e-20	7.7426e+01	8.4023e+01	3.8854e-15	1.2474e-03	9.9875e-01	7.1530e-03	9.9165e-01	1.1935e-03	8.8870e-19	4.1704e-05	1.1797e-01	8.8046e-01	1.5281e-03	3.5818e-04	3.2445e-01	6.7494e-01	2.5628e-04	1.1755e-36	1.1755e-36	6.2627e-27	0.00e+00	0.00e+00	1.3536e-01
2.57546e+17	6.3343e+03	1.805e-20	7.7426e+01	8.4018e+01	4.0325e-15	1.2479e-03	9.9875e-01	7.2473e-03	9.9209e-01	6.6676e-04	9.0249e-19	4.2207e-05	1.1941e-01	8.7909e-01	1.4560e-03	3.6631e-04	3.2980e-01	6.6969e-01	1.4246e-04	1.1755e-36	1.1755e-36	6.1794e-27	0.00e+00	0.00e+00	1.8070e-01
3.43025e+17	6.2733e+03	1.778e-20	7.7426e+01	8.4015e+01	4.2317e-15	1.2529e-03	9.9875e-01	7.3810e-03	9.9231e-01	3.1261e-04	9.2990e-19	4.3014e-05	1.2145e-01	8.7712e-01	1.3849e-03	3.7811e-04	3.3671e-01	6.6285e-01	6.7141e-05	1.1755e-36	1.1755e-36	6.1721e-27	0.00e+00	0.00e+00	2.3988e-01
4.54148e+17	6.2077e+03	1.749e-20	7.7426e+01	8.4011e+01	4.5007e-15	1.2654e-03	9.9873e-01	7.5742e-03	9.9231e-01	1.1885e-04	9.7662e-19	4.4256e-05	1.2435e-01	8.7430e-01	1.3115e-03	3.9535e-04	3.4563e-01	6.5395e-01	2.5906e-05	1.1755e-36	1.1755e-36	6.2551e-27	0.00e+00	0.00e+00	3.1758e-01
5.98607e+17	6.1510e+03	1.718e-20	7.7426e+01	8.4007e+01	4.7954e-15	1.2876e-03	9.9871e-01	7.8482e-03	9.9212e-01	3.5448e-05	1.0483e-18	4.6155e-05	1.2840e-01	8.7033e-01	1.2325e-03	4.2012e-04	3.5718e-01	6.4239e-01	7.9103e-06	1.1755e-36	1.1755e-36	6.4388e-27	0.00e+00	0.00e+00	4.2036e-01
7.86405e+17	6.0994e+03	1.687e-20	7.7426e+01	8.4000e+01	5.2123e-15	1.3275e-03	9.9867e-01	8.2594e-03	9.9173e-01	8.0813e-06	1.1761e-18	4.9136e-05	1.3432e-01	8.6449e-01	1.1402e-03	4.5788e-04	3.7285e-01	6.2669e-01	1.8620e-06	1.1755e-36	1.1755e-36	6.9174e-27	0.00e+00	0.00e+00	5.5811e-01
1.03054e+18	6.0632e+03	1.659e-20	7.7426e+01	8.3987e+01	5.7911e-15	1.3959e-03	9.9860e-01	8.8947e-03	9.9110e-01	1.4151e-06	1.4078e-18	5.3886e-05	1.4324e-01	8.5567e-01	1.0297e-03	5.1753e-04	3.9463e-01	6.0485e-01	3.3744e-07	1.1755e-36	1.1755e-36	7.9199e-27	0.00e+00	0.00e+00	7.4642e-01
1.34792e+18	6.0818e+03	1.632e-20	7.7426e+01	8.3972e+01	6.4655e-15	1.5092e-03	9.9849e-01	9.9151e-03	9.9008e-01	2.0101e-07	1.8566e-18	6.1615e-05	1.5690e-01	8.4214e-01	8.9979e-04	6.1490e-04	4.2542e-01	5.7396e-01	1.1755e-36	1.1755e-36	1.1755e-36	1.0075e-26	0.00e+00	0.00e+00	1.0111e+00
1.66693e+18	6.1242e+03	1.612e-20	7.7426e+01	8.3951e+01	7.0714e-15	1.6424e-03	9.9836e-01	1.1154e-02	9.8885e-01	3.5673e-08	2.4445e-18	7.0815e-05	1.7273e-01	8.2642e-01	7.8298e-04	7.3467e-04	4.5876e-01	5.4050e-01	1.1755e-36	1.1755e-36	1.1755e-36	1.2743e-26	0.00e+00	0.00e+00	1.2353e+00
1.91164e+18	6.1998e+03	1.607e-20	7.7426e+01	8.3930e+01	7.5670e-15	1.7786e-03	9.9822e-01	1.2422e-02	9.8758e-01	1.1657e-08	3.1882e-18	8.0264e-05	1.8817e-01	8.1106e-01	6.9767e-04	8.5872e-04	4.8845e-01	5.1069e-01	1.1755e-36	1.1755e-36	1.1755e-36	1.6371e-26	0.00e+00	0.00e+00	1.4180e+00
2.11410e+18	6.2757e+03	1.611e-20	7.7426e+01	8.3906e+01	8.2138e-15	1.9257e-03	9.9807e-01	1.3808e-02	9.8619e-01	5.0355e-09	4.1974e-18	9.0388e-05	2.0420e-01	7.9509e-01	6.2598e-04	9.9591e-04	5.1713e-01	4.8188e-01	1.1755e-36	1.1755e-36	1.1755e-36	2.1545e-26	0.00e+00	0.00e+00	1.6013e+00
2.32205e+18	6.3891e+03	1.615e-20	7.7426e+01	8.3878e+01	8.9246e-15	2.1086e-03	9.9789e-01	1.5628e-02	9.8437e-01	2.2511e-09	5.8111e-18	1.0331e-04	2.2404e-01	7.7530e-01	5.5331e-04	1.1755e-03	5.5023e-01	4.4859e-01	1.1755e-36	1.1755e-36	1.1755e-36	3.0180e-26	0.00e+00	0.00e+00	1.8293e+00
2.53214e+18	6.5105e+03	1.626e-20	7.7426e+01	8.3842e+01	9.8594e-15	2.3352e-03	9.9766e-01	1.8044e-02	9.8196e-01	1.0616e-09	8.3154e-18	1.1951e-04	2.4847e-01	7.5093e-01	4.8128e-04	1.4093e-03	5.8784e-01	4.1075e-01	1.1755e-36	1.1755e-36	1.1755e-36	4.3649e-26	0.00e+00	0.00e+00	2.0565e+00
2.71218e+18	6.6288e+03	1.640e-20	7.7426e+01	8.3803e+01	1.0909e-14	2.5770e-03	9.9742e-01	2.0845e-02	9.7915e-01	5.8219e-10	1.1757e-17	1.3710e-04	2.7451e-01	7.2493e-01	4.1939e-04	1.6720e-03	6.2446e-01	3.7387e-01	1.1755e-36	1.1755e-36	1.1755e-36	6.2492e-26	0.00e+00	0.00e+00	2.2593e+00
2.86138e+18	6.7344e+03	1.655e-20	7.7426e+01	8.3761e+01	1.2090e-14	2.8232e-03	9.9718e-01	2.3959e-02	9.7604e-01	3.6155e-10	1.6237e-17	1.5528e-04	3.0099e-01	6.9849e-01	3.6706e-04	1.9517e-03	6.5838e-01	3.3967e-01	1.1755e-36	1.1755e-36	1.1755e-36	8.7484e-26	0.00e+00	0.00e+00	2.4489e+00
2.99427e+18	6.8243e+03	1.672e-20	7.7426e+01	8.3713e+01	1.3604e-14	3.0905e-03	9.9691e-01	2.7639e-02	9.7236e-01	2.3889e-10	2.2372e-17	1.7512e-04	3.2946e-01	6.7005e-01	3.1928e-04	2.2666e-03	6.9159e-01	3.0615e-01	1.1755e-36	1.1755e-36	1.1755e-36	1.2230e-25	0.00e+00	0.00e+00	2.6429e+00
3.11963e+18	6.9267e+03	1.689e-20	7.7426e+01	8.3658e+01	1.5243e-14	3.3879e-03	9.9661e-01	3.2265e-02	9.6774e-01	1.6363e-10	3.0952e-17	1.9753e-04	3.6125e-01	6.3827e-01	2.7452e-04	2.6307e-03	7.2503e-01	2.7234e-01	1.1755e-36	1.1755e-36	1.1755e-36	1.7177e-25	0.00e+00	0.00e+00	2.8455e+00
3.23782e+18	7.0184e+03	1.708e-20	7.7426e+01	8.3590e+01	1.7400e-14	3.7283e-03	9.9627e-01	3.8236e-02	9.6176e-01	1.1546e-10	4.3288e-17	2.2315e-04	3.9719e-01	6.0235e-01	2.3189e-04	3.0598e-03	7.5890e-01	2.3804e-01	1.1755e-36	1.1755e-36	1.1755e-36	2.4397e-25	0.00e+00	0.00e+00	3.0534e+00
3.34611e+18	7.1036e+03	1.728e-20	7.7426e+01	8.3508e+01	1.9993e-14	4.1051e-03	9.9589e-01	4.5894e-02	9.5411e-01	8.4456e-11	6.0399e-17	2.5143e-04	4.3649e-01	5.6307e-01	1.9289e-04	3.5479e-03	7.9176e-01	2.0470e-01	1.1755e-36	1.1755e-36	1.1755e-36	3.4535e-25	0.00e+00	0.00e+00	3.2591e+00
3.44324e+18	7.1836e+03	1.749e-20	7.7426e+01	8.3423e+01	2.3045e-14	4.5114e-03	9.9549e-01	5.5812e-02	9.4419e-01	6.4052e-11	8.3655e-17	2.8199e-04	4.7833e-01	5.2123e-01	1.5815e-04	4.0867e-03	8.2258e-01	1.7334e-01	1.1755e-36	1.1755e-36	1.1755e-36	4.8610e-25	0.00e+00	0.00e+00	3.4615e+00
3.53130e+18	7.2461e+03	1.770e-20	7.7426e+01	8.3287e+01	2.6801e-14	4.9555e-03	9.9504e-01	6.8627e-02	9.3137e-01	4.9583e-11	1.1470e-16	3.1422e-04	5.2258e-01	4.7698e-01	1.2709e-04	4.6850e-03	8.5135e-01	1.4396e-01	1.1755e-36	1.1755e-36	1.1755e-36	6.7477e-25	0.00e+00	0.00e+00	3.6658e+00
3.60100e+18	7.2954e+03	1.790e-20	7.7426e+01	8.3156e+01	3.0616e-14	5.3713e-03	9.9463e-01	8.3711e-02	9.1629e-01	4.0777e-11	1.4993e-16	3.4398e-04	5.6310e-01	4.3645e-01	1.0339e-04	5.2535e-03	8.7476e-01	1.1999e-01	1.1755e-36	1.1755e-36	1.1755e-36	8.9163e-25	0.00e+00	0.00e+00	3.8104e+00
3.64733e+18	7.3412e+03	1.801e-20	7.7426e+01	8.3049e+01	3.3359e-14	5.6786e-03	9.9432e-01	9.7689e-02	9.0231e-01	3.5724e-11	1.8071e-16	3.6612e-04	5.9308e-01	4.0647e-01	8.8042e-05	5.6812e-03	8.9054e-01	1.0378e-01	1.1755e-36	1.1755e-36	1.1755e-36	1.0839e-24	0.00e+00	0.00e+00	3.9148e+00
3.68301e+18	7.3644e+03	1.810e-20	7.7426e+01	8.2924e+01	3.6107e-14	5.9431e-03	9.9406e-01	1.1128e-01	8.8872e-01	3.1880e-11	2.0991e-16	3.8411e-04	6.1765e-01	3.8189e-01	7.6423e-05	6.0488e-03	9.0258e-01	9.1371e-02	1.1755e-36	1.1755e-36	1.1755e-36	1.2662e-24	0.00e+00	0.00e+00	4.0129e+00
3.72184e+18	7.3902e+03	1.819e-20	7.7426e+01	8.2792e+01	3.9648e-14	6.2598e-03	9.9374e-01	1.3059e-01	8.6941e-01	2.7967e-11	2.4950e-16	4.0529e-04	6.4588e-01	3.5365e-01	6.4141e-05	6.4893e-03	9.1543e-01	7.8076e-02	1.1755e-36	1.1755e-36	1.1755e-36	1.5201e-24	0.00e+00	0.00e+00	4.1472e+00
3.76276e+18	7.4114e+03	1.830e-20	7.7426e+01	8.2599e+01	4.4065e-14	6.6262e-03	9.9337e-01	1.5792e-01	8.4208e-01	2.4267e-11	3.0022e-16	4.2835e-04	6.7692e-01	3.2259e-01	5.2193e-05	7.0001e-03	9.2874e-01	6.4256e-02	1.1755e-36	1.1755e-36	1.1755e-36	1.8455e-24	0.00e+00	0.00e+00	4.2702e+00
3.79533e+18	7.4422e+03	1.836e-20	7.7426e+01	8.2419e+01	4.7746e-14	6.9359e-03	9.9306e-01	1.8811e-01	8.1189e-01	2.1529e-11	3.5023e-16	4.4734e-04	7.0279e-01	2.9672e-01	4.3285e-05	7.4373e-03	9.3928e-01	5.3285e-02	1.1755e-36	1.1755e-36	1.1755e-36	2.1768e-24	0.00e+00	0.00e+00	4.3624e+00
3.81960e+18	7.4512e+03	1.840e-20	7.7426e+01	8.2164e+01	5.0976e-14	7.1879e-03	9.9281e-01	2.1729e-01	7.8271e-01	1.9350e-11	3.9137e-16	4.6148e-04	7.2257e-01	2.7694e-01	3.6950e-05	7.7918e-03	9.4691e-01	4.5298e-02	1.1755e-36	1.1755e-36	1.1755e-36	2.4284e-24	0.00e+00	0.00e+00	4.4373e+00
3.84058e+18	7.4613e+03	1.841e-20	7.7426e+01	8.1930e+01	5.4182e-14	7.4174e-03	9.9258e-01	2.4884e-01	7.5116e-01	1.7435e-11	4.3376e-16	4.7369e-04	7.3963e-01	2.5986e-01	3.1778e-05	8.1141e-03	9.5326e-01	3.8628e-02	1.1755e-36	1.1755e-36	1.1755e-36	2.7003e-24	0.00e+00	0.00e+00	4.5122e+00
3.86432e+18	7.4690e+03	1.841e-20	7.7426e+01	8.1631e+01	5.8395e-14	7.6958e-03	9.9230e-01	2.9366e-01	7.0634e-01	1.5220e-11	4.8945e-16	4.8730e-04	7.5864e-01	2.4084e-01	2.6294e-05	8.5021e-03	9.6002e-01	3.1478e-02	1.1755e-36	1.1755e-36	1.1755e-36	3.0595e-24	0.00e+00	0.00e+00	4.6131e+00
3.88890e+18	7.4734e+03	1.841e-20	7.7426e+01	8.1313e+01	6.3443e-14	8.0051e-03	9.9199e-01	3.5380e-01	6.4620e-01	1.2911e-11	5.5708e-16	5.0099e-04	7.7765e-01	2.2182e-01	2.1234e-05	8.9298e-03	9.6655e-01	2.4521e-02	1.1755e-36	1.1755e-36	1.1755e-36	3.4962e-24	0.00e+00	0.00e+00	4.7005e+00
3.90825e+18	7.4756e+03	1.835e-20	7.7426e+01	8.0913e+01	6.7739e-14	8.2535e-03	9.9175e-01	4.1429e-01	5.8571e-01	1.0997e-11	6.1640e-16	5.1035e-04	7.9182e-01	2.0765e-01	1.7635e-05	9.2733e-03	9.7130e-01	1.9430e-02	1.1755e-36	1.1755e-36	1.1755e-36	3.8653e-24	0.00e+00	0.00e+00	4.7666e+00
3.92361e+18	7.4741e+03	1.827e-20	7.7426e+01	8.0500e+01	7.1960e-14	8.4552e-03	9.9154e-01	4.7129e-01	5.2871e-01	9.4678e-12	6.7232e-16	5.1661e-04	8.0222e-01	1.9725e-01	1.5028e-05	9.5505e-03	9.7468e-01	1.5774e-02	1.1755e-36	1.1755e-36	1.1755e-36	4.2315e-24	0.00e+00	0.00e+00	4.8259e+00
3.94012e+18	7.4673e+03	1.818e-20	7.7426e+01	8.0052e+01	7.6407e-14	8.6903e-03	9.9131e-01	5.4015e-01	4.5985e-01	7.7242e-12	7.3196e-16	5.2303e-04	8.1248e-01	1.8698e-01	1.2448e-05	9.8674e-03	9.7780e-01	1.2328e-02	1.1755e-36	1.1755e-36	1.1755e-36	4.5688e-24	0.00e+00	0.00e+00	4.9052e+00
3.96158e+18	7.4562e+03	1.800e-20	7.7426e+01	7.9344e+01	8.3039e-14	9.0012e-03	9.9100e-01	6.3655e-01	3.6345e-01	5.6172e-12	8.1838e-16	5.2897e-04	8.2365e-01	1.7582e-01	9.6145e-06	1.0281e-02	9.8105e-01	8.6716e-03	1.1755e-36	1.1755e-36	1.1755e-36	5.0712e-24	0.00e+00	0.00e+00	5.0120e+00
3.98391e+18	7.4395e+03	1.782e-20	7.7426e+01	7.8633e+01	9.1381e-14	9.3542e-03	9.9065e-01	7.3925e-01	2.6075e-01	3.7199e-12	9.2237e-16	5.3391e-04	8.3306e-01	1.6640e-01	7.2179e-06	1.0740e-02	9.8352e-01	5.7382e-03	1.1755e-36	1.1755e-36	1.1755e-36	5.7054e-24	0.00e+00	0.00e+00	5.1052e+00
4.00358e+18	7.4220e+03	1.770e-20	7.7426e+01	7.8104e+01	1.0053e-13	9.7037e-03	9.9030e-01	8.1984e-01	1.8016e-01	2.4046e-12	1.0308e-15	5.3795e-04	8.3970e-01	1.5975e-01	5.4769e-06	1.1185e-02	9.8495e-01	3.8693e-03	1.1755e-36	1.1755e-36	1.1755e-36	6.4433e-24	0.00e+00	0.00e+00	5.1951e+00
4.02538e+18	7.4107e+03	1.758e-20	7.7426e+01	7.7533e+01	1.1004e-13	1.0112e-02	9.8989e-01	8.8688e-01	1.1312e-01	1.3965e-12	1.1432e-15	5.4099e-04	8.4528e-01	1.5418e-01	3.9650e-06	1.1699e-02	9.8583e-01	2.4749e-03	1.1755e-36	1.1755e-36	1.1755e-36	7.2045e-24	0.00e+00	0.00e+00	5.3170e+00
4.05372e+18	7.3975e+03	1.757e-20	7.7426e+01	7.7136e+01	1.2640e-13	1.0732e-02	9.8927e-01	9.4139e-01	5.8607e-02	6.6241e-13	1.3285e-15	5.4656e-04	8.5124e-01	1.4821e-01	2.5567e-06	1.2466e-02	9.8616e-01	1.3760e-03	1.1755e-36	1.1755e-36	1.1755e-36	8.7415e-24	0.00e+00	0.00e+00	5.4851e+00
4.09057e+18	7.3933e+03	1.766e-20	7.7426e+01	7.6794e+01	1.4951e-13	1.1651e-02	9.8835e-01	9.7550e-01	2.4495e-02	2.4769e-13	1.5896e-15	5.5364e-04	8.5762e-01	1.4183e-01	1.4218e-06	1.3597e-02	9.8576e-01	6.4334e-04	1.1755e-36	1.1755e-36	1.1755e-36	1.1120e-23	0.00e+00	0.00e+00	5.7223e+00
4.13847e+18	7.3977e+03	1.790e-20	7.7426e+01	7.6558e+01	1.9042e-13	1.3089e-02	9.8691e-01	9.9172e-01	8.2805e-03	7.3191e-14	2.0554e-15	5.6385e-04	8.6534e-01	1.3410e-01	6.5255e-07	1.5358e-02	9.8440e-01	2.4480e-04	1.1755e-36	1.1755e-36	1.1755e-36	1.6108e-23	0.00e+00	0.00e+00	6.0688e+00
4.20073e+18	7.4062e+03	1.831e-20	7.7426e+01	7.6361e+01	2.7202e-13	1.5490e-02	9.8451e-01	9.9772e-01	2.2845e-03	1.7088e-14	2.9929e-15	5.7819e-04	8.7561e-01	1.2381e-01	2.3257e-07	1.8299e-02	9.8163e-01	7.2970e-05	1.1755e-36	1.1755e-36	1.1755e-36	2.8125e-23	0.00e+00	0.00e+00	6.6018e+00
4.26085e+18	7.4050e+03	1.880e-20	7.7426e+01	7.6137e+01	4.1702e-13	1.8837e-02	9.8116e-01	9.9929e-01	7.0891e-04	4.5879e-15	4.6421e-15	5.9271e-04	8.8625e-01	1.1315e-01	1.1755e-36	2.2404e-02	9.7757e-01	2.2965e-05	1.1755e-36	1.1755e-36	1.1755e-36	5.4399e-23	0.00e+00	0.00e+00	7.0609e+00
4.30224e+18	7.3980e+03	1.917e-20	7.7426e+01	7.5895e+01	5.9071e-13	2.2115e-02	9.7788e-01	9.9966e-01	3.4414e-04	2.0222e-15	6.6026e-15	6.0289e-04	8.9451e-01	1.0489e-01	1.1755e-36	2.6431e-02	9.7356e-01	1.0716e-05	1.1755e-36	1.1755e-36	1.1755e-36	9.2101e-23	0.00e+00	0.00e+00	7.4169e+00
4.33389e+18	7.3859e+03	1.944e-20	7.7426e+01	7.5597e+01	7.9289e-13	2.5335e-02	9.7467e-01	9.9980e-01	2.0237e-04	1.1017e-15	8.8474e-15	6.1010e-04	9.0135e-01	9.8039e-02	1.1755e-36	3.0386e-02	9.6961e-01	5.9688e-06	1.1755e-36	1.1755e-36	1.1755e-36	1.4212e-22	0.00e+00	0.00e+00	7.7932e+00
4.36883e+18	7.3713e+03	1.971e-20	7.7426e+01	7.5203e+01	1.1262e-12	2.9821e-02	9.7018e-01	9.9989e-01	1.1309e-04	5.6399e-16	1.2539e-14	6.1794e-04	9.0942e-01	8.9961e-02	1.1755e-36	3.5900e-02	9.6410e-01	3.0799e-06	1.1755e-36	1.1755e-36	1.1755e-36	2.3801e-22	0.00e+00	0.00e+00	8.3690e+00
4.40530e+18	7.3315e+03	2.004e-20	7.7426e+01	7.4692e+01	1.7553e-12	3.6465e-02	9.6353e-01	9.9994e-01	6.3511e-05	2.9074e-16	1.9187e-14	6.2620e-04	9.1850e-01	8.0872e-02	1.1755e-36	4.4056e-02	9.5594e-01	1.5448e-06	1.1755e-36	1.1755e-36	1.1755e-36	4.4588e-22	0.00e+00	0.00e+00	8.9653e+00
4.43581e+18	7.2939e+03	2.026e-20	7.7426e+01	7.4066e+01	2.7237e-12	4.4548e-02	9.5545e-01	9.9996e-01	3.9692e-05	1.6963e-16	2.9211e-14	6.3206e-04	9.2692e-01	7.2451e-02	1.1755e-36	5.3961e-02	9.4604e-01	8.4771e-07	1.1755e-36	1.1755e-36	1.1755e-36	8.2952e-22	0.00e+00	0.00e+00	9.5656e+00
4.46150e+18	7.2515e+03	2.042e-20	7.7426e+01	7.3419e+01	4.2244e-12	5.4332e-02	9.4567e-01	9.9997e-01	2.6840e-05	1.0827e-16	4.4298e-14	6.3650e-04	9.3473e-01	6.4633e-02	1.1755e-36	6.5913e-02	9.3409e-01	4.9661e-07	1.1755e-36	1.1755e-36	1.1755e-36	1.5359e-21	0.00e+00	0.00e+00	1.0198e+01
4.48416e+18	7.2052e+03	2.043e-20	7.7426e+01	7.2519e+01	6.6322e-12	6.6542e-02	9.3346e-01	9.9998e-01	1.9017e-05	7.3150e-17	6.7601e-14	6.3800e-04	9.4210e-01	5.7262e-02	1.1755e-36	8.0767e-02	9.1923e-01	3.0015e-07	1.1755e-36	1.1755e-36	1.1755e-36	2.8721e-21	0.00e+00	0.00e+00	1.0898e+01
4.50446e+18	7.1545e+03	2.030e-20	7.7426e+01	7.1352e+01	1.0660e-11	8.2237e-02	9.1776e-01	9.9999e-01	1.3982e-05	5.1766e-17	1.0500e-13	6.3630e-04	9.4915e-01	5.0210e-02	1.1755e-36	9.9750e-02	9.0025e-01	1.8447e-07	1.1755e-36	1.1755e-36	1.1755e-36	5.5223e-21	0.00e+00	0.00e+00	1.1665e+01
4.52206e+18	7.0983e+03	1.997e-20	7.7426e+01	6.9868e+01	1.7383e-11	1.0202e-01	8.9798e-01	9.9999e-01	1.0721e-05	3.8626e-17	1.6422e-13	6.3089e-04	9.5568e-01	4.3686e-02	1.1755e-36	1.2349e-01	8.7651e-01	1.1620e-07	1.1755e-36	1.1755e-36	1.1755e-36	1.0747e-20	0.00e+00	0.00e+00	1.2469e+01
4.53662e+18	7.0370e+03	1.945e-20	7.7426e+01	6.8069e+01	2.8103e-11	1.2562e-01	8.7438e-01	9.9999e-01	8.6168e-06	3.0576e-17	2.5261e-13	6.2144e-04	9.6140e-01	3.7977e-02	1.1755e-36	1.5152e-01	8.4848e-01	7.6133e-08	1.1755e-36	1.1755e-36	1.1755e-36	2.0443e-20	0.00e+00	0.00e+00	1.3267e+01
4.54839e+18	6.9736e+03	1.868e-20	7.7426e+01	6.5760e+01	4.3939e-11	1.5175e-01	8.4825e-01	9.9999e-01	7.2268e-06	2.5635e-17	3.7188e-13	6.0601e-04	9.6612e-01	3.3276e-02	1.1755e-36	1.8222e-01	8.1778e-01	5.2257e-08	1.1755e-36	1.1755e-36	1.1755e-36	3.6400e-20	0.00e+00	0.00e+00	1.4050e+01
4.55826e+18	6.8968e+03	1.783e-20	7.7426e+01	6.3438e+01	6.8320e-11	1.8161e-01	8.1839e-01	9.9999e-01	6.2112e-06	2.2119e-17	5.3933e-13	5.8990e-04	9.7031e-01	2.9099e-02	1.1755e-36	2.1684e-01	7.8316e-01	3.6746e-08	1.1755e-36	1.1755e-36	1.1755e-36	6.3577e-20	0.00e+00	0.00e+00	1.4865e+01
4.56692e+18	6.8026e+03	1.680e-20	7.7426e+01	6.0774e+01	1.0695e-10	2.1616e-01	7.8384e-01	9.9999e-01	5.4610e-06	1.9681e-17	7.7340e-13	5.6997e-04	9.7408e-01	2.5351e-02	1.1755e-36	2.5629e-01	7.4371e-01	2.6116e-08	1.1755e-36	1.1755e-36	1.1755e-36	1.0928e-19	0.00e+00	0.00e+00	1.5725e+01
4.57457e+18	6.6876e+03	1.559e-20	7.7426e+01	5.7711e+01	1.6891e-10	2.5552e-01	7.4448e-01	1.0000e+00	4.8978e-06	1.8027e-17	1.0934e-12	5.4591e-04	9.7744e-01	2.2015e-02	1.1755e-36	3.0049e-01	6.9951e-01	1.8734e-08	1.1755e-36	1.1755e-36	1.1755e-36	1.8395e-19	0.00e+00	0.00e+00	1.6620e+01
4.58085e+18	6.5605e+03	1.435e-20	7.7426e+01	5.4553e+01	2.6043e-10	2.9631e-01	7.0369e-01	1.0000e+00	4.5101e-06	1.7073e-17	1.4860e-12	5.2018e-04	9.8020e-01	1.9281e-02	1.1755e-36	3.4544e-01	6.5456e-01	1.3903e-08	1.1755e-36	1.1755e-36	1.1755e-36	2.9203e-19	0.00e+00	0.00e+00	1.7402e+01
4.58541e+18	6.4409e+03	1.329e-20	7.7426e+01	5.1805e+01	3.7182e-10	3.3177e-01	6.6823e-01	1.0000e+00	4.2687e-06	1.6625e-17	1.8784e-12	4.9725e-04	9.8219e-01	1.7308e-02	1.1755e-36	3.8385e-01	6.1615e-01	1.1005e-08	1.1755e-36	1.1755e-36	1.1755e-36	4.1571e-19	0.00e+00	0.00e+00	1.8007e+01
4.58868e+18	6.3364e+03	1.245e-20	7.7426e+01	4.9614e+01	4.9221e-10	3.6044e-01	6.3956e-01	1.0000e+00	4.1115e-06	1.6407e-17	2.2318e-12	4.7873e-04	9.8362e-01	1.5904e-02	1.1755e-36	4.1445e-01	5.8555e-01	9.2156e-09	1.1755e-36	1.1755e-36	1.1755e-36	5.3916e-19	0.00e+00	0.00e+00	1.8502e+01
4.59136e+18	6.2358e+03	1.171e-20	7.7426e+01	4.7623e+01	6.3032e-10	3.8576e-01	6.1424e-01	1.0000e+00	3.9970e-06	1.6331e-17	2.5682e-12	4.6175e-04	9.8476e-01	1.4775e-02	1.1755e-36	4.4116e-01	5.5884e-01	7.9213e-09	1.1755e-36	1.1755e-36	1.1755e-36	6.6579e-19	0.00e+00	0.00e+00	1.8983e+01
4.59386e+18	6.1288e+03	1.098e-20	7.7426e+01	4.5659e+01	8.0712e-10	4.1107e-01	5.8893e-01	1.0000e+00	3.8945e-06	1.6304e-17	2.9301e-12	4.4489e-04	9.8582e-01	1.3738e-02	1.1755e-36	4.6755e-01	5.3245e-01	6.8444e-09	1.1755e-36	1.1755e-36	1.1755e-36	8.1188e-19	0.00e+00	0.00e+00	1.9473e+01
4.59621e+18	6.0147e+03	1.027e-20	7.7426e+01	4.3686e+01	1.0368e-09	4.3647e-01	5.6353e-01	1.0000e+00	3.8059e-06	1.6350e-17	3.3184e-12	4.2783e-04	9.8679e-01	1.2781e-02	1.1755e-36	4.9374e-01	5.0626e-01	5.9376e-09	1.1755e-36	1.1755e-36	1.1755e-36	9.7930e-19	0.00e+00	0.00e+00	1.9956e+01
4.59835e+18	5.8984e+03	9.611e-21	7.7426e+01	4.1795e+01	1.3234e-09	4.6080e-01	5.3920e-01	1.0000e+00	3.7358e-06	1.6472e-17	3.7145e-12	4.1138e-04	9.8766e-01	1.1933e-02	1.1755e-36	5.1856e-01	4.8144e-01	5.2001e-09	1.1755e-36	1.1755e-36	1.1755e-36	1.1613e-18	0.00e+00	0.00e+00	2.0408e+01
4.60024e+18	5.7837e+03	9.013e-21	7.7426e+01	4.0046e+01	1.6686e-09	4.8332e-01	5.1668e-01	1.0000e+00	3.6805e-06	1.6642e-17	4.1030e-12	3.9609e-04	9.8841e-01	1.1198e-02	1.1755e-36	5.4130e-01	4.5870e-01	4.6102e-09	1.1755e-36	1.1755e-36	1.1755e-36	1.3508e-18	0.00e+00	0.00e+00	2.0828e+01
4.60194e+18	5.6673e+03	8.471e-21	7.7426e+01	3.8424e+01	2.0927e-09	5.0449e-01	4.9551e-01	1.0000e+00	3.6328e-06	1.6820e-17	4.4910e-12	3.8195e-04	9.8907e-01	1.0544e-02	1.1755e-36	5.6246e-01	4.3754e-01	4.1245e-09	1.1755e-36	1.1755e-36	1.1755e-36	1.5517e-18	0.00e+00	0.00e+00	2.1229e+01
4.60352e+18	5.5506e+03	7.961e-21	7.7426e+01	3.6859e+01	2.6160e-09	5.2470e-01	4.7530e-01	1.0000e+00	3.5941e-06	1.7044e-17	4.8813e-12	3.6819e-04	9.8968e-01	9.9518e-03	1.1755e-36	5.8250e-01	4.1750e-01	3.7109e-09	1.1755e-36	1.1755e-36	1.1755e-36	1.7665e-18	0.00e+00	0.00e+00	2.1624e+01
4.60501e+18	5.4299e+03	7.480e-21	7.7426e+01	3.5342e+01	3.2797e-09	5.4430e-01	4.5570e-01	1.0000e+00	3.5602e-06	1.7292e-17	5.2826e-12	3.5485e-04	9.9024e-01	9.4050e-03	1.1755e-36	6.0175e-01	3.9825e-01	3.3523e-09	1.1755e-36	1.1755e-36	1.1755e-36	2.0024e-18	0.00e+00	0.00e+00	2.2010e+01
4.60622e+18	5.3313e+03	7.105e-21	7.7426e+01	3.4128e+01	3.9448e-09	5.5999e-01	4.4001e-01	1.0000e+00	3.5409e-06	1.7548e-17	5.6224e-12	3.4409e-04	9.9067e-01	8.9894e-03	1.1755e-36	6.1705e-01	3.8295e-01	3.0927e-09	1.1755e-36	1.1755e-36	1.1755e-36	2.2164e-18	0.00e+00	0.00e+00	2.2272e+01
4.60709e+18	5.2540e+03	6.832e-21	7.7426e+01	3.3226e+01	4.5492e-09	5.7158e-01	4.2842e-01	1.0000e+00	3.5274e-06	1.7748e-17	5.8866e-12	3.3612e-04	9.9097e-01	8.6895e-03	1.1755e-36	6.2829e-01	3.7171e-01	2.9135e-09	1.1755e-36	1.1755e-36	1.1755e-36	2.3928e-18	0.00e+00	0.00e+00	2.2490e+01
4.60790e+18	5.1754e+03	6.573e-21	7.7426e+01	3.2364e+01	5.2508e-09	5.8279e-01	4.1721e-01	1.0000e+00	3.5120e-06	1.7925e-17	6.1574e-12	3.2853e-04	9.9127e-01	8.4043e-03	1.1755e-36	6.3911e-01	3.6089e-01	2.7493e-09	1.1755e-36	1.1755e-36	1.1755e-36	2.5844e-18	0.00e+00	0.00e+00	2.2731e+01
4.60879e+18	5.0858e+03	6.290e-21	7.7426e+01	3.1404e+01	6.1800e-09	5.9518e-01	4.0482e-01	1.0000e+00	3.4963e-06	1.8141e-17	6.4736e-12	3.2007e-04	9.9158e-01	8.0975e-03	1.1755e-36	6.5101e-01	3.4899e-01	2.5780e-09	1.1755e-36	1.1755e-36	1.1755e-36	2.8230e-18	0.00e+00	0.00e+00	2.3004e+01
4.60973e+18	4.9841e+03	5.999e-21	7.7426e+01	3.0388e+01	7.4146e-09	6.0837e-01	3.9163e-01	1.0000e+00	3.4800e-06	1.8373e-17	6.8360e-12	3.1119e-04	9.9191e-01	7.7788e-03	1.1755e-36	6.6361e-01	3.3639e-01	2.4085e-09	1.1755e-36	1.1755e-36	1.1755e-36	3.1167e-18	0.00e+00	0.00e+00	2.3285e+01
4.61065e+18	4.8815e+03	5.723e-21	7.7426e+01	2.9402e+01	8.8882e-09	6.2115e-01	3.7885e-01	1.0000e+00	3.4664e-06	1.8618e-17	7.1938e-12	3.0257e-04	9.9223e-01	7.4643e-03	1.1755e-36	6.7575e-01	3.2425e-01	2.2545e-09	1.1755e-36	1.1755e-36	1.1755e-36	3.4170e-18	0.00e+00	0.00e+00	2.3552e+01
4.61151e+18	4.7802e+03	5.466e-21	7.7426e+01	2.8464e+01	1.0617e-08	6.3327e-01	3.6673e-01	1.0000e+00	3.4546e-06	1.8866e-17	7.5533e-12	2.9439e-04	9.9253e-01	7.1722e-03	1.1755e-36	6.8722e-01	3.1278e-01	2.1170e-09	1.1755e-36	1.1755e-36	1.1755e-36	3.7435e-18	0.00e+00	0.00e+00	2.3812e+01
4.61218e+18	4.7011e+03	5.275e-21	7.7426e+01	2.7752e+01	1.2189e-08	6.4250e-01	3.5750e-01	1.0000e+00	3.4479e-06	1.9075e-17	7.8417e-12	2.8818e-04	9.9276e-01	6.9549e-03	1.1755e-36	6.9591e-01	3.0409e-01	2.0183e-09	1.1755e-36	1.1755e-36	1.1755e-36	4.0247e-18	0.00e+00	0.00e+00	2.3973e+01
4.61264e+18	4.6516e+03	5.142e-21	7.7426e+01	2.7247e+01	1.3298e-08	6.4850e-01	3.5150e-01	1.0000e+00	3.4486e-06	1.9279e-17	8.0246e-12	2.8366e-04	9.9290e-01	6.8157e-03	1.1755e-36	7.0153e-01	2.9847e-01	1.9544e-09	1.1755e-36	1.1755e-36	1.1755e-36	4.2119e-18	0.00e+00	0.00e+00	2.4100e+01
4.61308e+18	4.5881e+03	5.015e-21	7.7426e+01	2.6767e+01	1.4808e-08	6.5516e-01	3.4484e-01	1.0000e+00	3.4381e-06	1.9368e-17	8.2588e-12	2.7964e-04	9.9306e-01	6.6604e-03	1.1755e-36	7.0777e-01	2.9223e-01	1.8883e-09	1.1755e-36	1.1755e-36	1.1755e-36	4.4647e-18	0.00e+00	0.00e+00	2.4253e+01
4.61355e+18	4.5307e+03	4.879e-21	7.7426e+01	2.6255e+01	1.6350e-08	6.6178e-01	3.3822e-01	1.0000e+00	3.4334e-06	1.9535e-17	8.4861e-12	2.7515e-04	9.9322e-01	6.5085e-03	1.1755e-36	7.1395e-01	2.8605e-01	1.8223e-09	1.1755e-36	1.1755e-36	1.1755e-36	4.7206e-18	0.00e+00	0.00e+00	2.4405e+01
4.61404e+18	4.4607e+03	4.743e-21	7.7426e+01	2.5710e+01	1.8356e-08	6.6879e-01	3.3121e-01	1.0000e+00	3.4263e-06	1.9684e-17	8.7405e-12	2.7055e-04	9.9338e-01	6.3494e-03	1.1755e-36	7.2048e-01	2.7952e-01	1.7565e-09	1.1755e-36	1.1755e-36	1.1755e-36	5.0251e-18	0.00e+00	0.00e+00	2.4568e+01
4.61451e+18	4.3959e+03	4.611e-21	7.7426e+01	2.5189e+01	2.0420e-08	6.7551e-01	3.2449e-01	1.0000e+00	3.4211e-06	1.9848e-17	8.9897e-12	2.6609e-04	9.9354e-01	6.1988e-03	1.1755e-36	7.2672e-01	2.7328e-01	1.6946e-09	1.1755e-36	1.1755e-36	1.1755e-36	5.3379e-18	0.00e+00	0.00e+00	2.4718e+01
4.61497e+18	4.3322e+03	4.486e-21	7.7426e+01	2.4692e+01	2.2630e-08	6.8196e-01	3.1804e-01	1.0000e+00	3.4159e-06	2.0005e-17	9.2371e-12	2.6187e-04	9.9368e-01	6.0554e-03	1.1755e-36	7.3270e-01	2.6730e-01	1.6368e-09	1.1755e-36	1.1755e-36	1.1755e-36	5.6639e-18	0.00e+00	0.00e+00	2.4868e+01
4.61542e+18	4.2669e+03	4.361e-21	7.7426e+01	2.4178e+01	2.5062e-08	6.8835e-01	3.1165e-01	1.0000e+00	3.4124e-06	2.0186e-17	9.4823e-12	2.5750e-04	9.9383e-01	5.9151e-03	1.1755e-36	7.3861e-01	2.6139e-01	1.5810e-09	1.1755e-36	1.1755e-36	1.1755e-36	6.0039e-18	0.00e+00	0.00e+00	2.5024e+01
4.61589e+18	4.2018e+03	4.234e-21	7.7426e+01	2.3660e+01	2.7682e-08	6.9485e-01	3.0515e-01	1.0000e+00	3.4094e-06	2.0383e-17	9.7340e-12	2.5308e-04	9.9397e-01	5.7738e-03	1.1755e-36	7.4459e-01	2.5541e-01	1.5253e-09	1.1755e-36	1.1755e-36	1.1755e-36	6.3669e-18	0.00e+00	0.00e+00	2.5185e+01
4.61638e+18	4.1291e+03	4.105e-21	7.7426e+01	2.3119e+01	3.0786e-08	7.0176e-01	2.9824e-01	1.0000e+00	3.4047e-06	2.0572e-17	1.0009e-11	2.4856e-04	9.9413e-01	5.6250e-03	1.1755e-36	7.5095e-01	2.4905e-01	1.4684e-09	1.1755e-36	1.1755e-36	1.1755e-36	6.7810e-18	0.00e+00	0.00e+00	2.5357e+01
4.61688e+18	4.0521e+03	3.976e-21	7.7426e+01	2.2583e+01	3.4268e-08	7.0896e-01	2.9104e-01	1.0000e+00	3.3973e-06	2.0734e-17	1.0302e-11	2.4418e-04	9.9428e-01	5.4717e-03	1.1755e-36	7.5754e-01	2.4246e-01	1.4113e-09	1.1755e-36	1.1755e-36	1.1755e-36	7.2391e-18	0.00e+00	0.00e+00	2.5530e+01
4.61737e+18	3.9736e+03	3.850e-21	7.7426e+01	2.2031e+01	3.7916e-08	7.1586e-01	2.8414e-01	1.0000e+00	3.3931e-06	2.0935e-17	1.0565e-11	2.3967e-04	9.9443e-01	5.3268e-03	1.1755e-36	7.6386e-01	2.3614e-01	1.3581e-09	1.1755e-36	1.1755e-36	1.1755e-36	7.6700e-18	0.00e+00	0.00e+00	2.5702e+01
###########################
7.11876e+13	6.6788e+03	1.946e-20	7.7426e+01	8.4055e+01	3.2898e-15	1.2795e-03	9.9872e-01	6.9303e-03	9.8835e-01	4.7160e-03	8.8894e-19	4.0460e-05	1.1442e-01	8.8366e-01	1.8838e-03	3.4618e-04	3.1150e-01	6.8676e-01	1.3974e-03	1.1755e-36	1.1755e-36	6.9006e-27	0.00e+00	0.00e+00	8.9045e-05
4.27126e+14	6.6775e+03	1.945e-20	7.7426e+01	8.4048e+01	3.2886e-15	1.2794e-03	9.9872e-01	6.9305e-03	9.8836e-01	4.7122e-03	8.8728e-19	4.0563e-05	1.1444e-01	8.8364e-01	1.8859e-03	3.4601e-04	3.1138e-01	6.8688e-01	1.3926e-03	1.1755e-36	1.1755e-36	6.8760e-27	0.00e+00	0.00e+00	4.4519e-04
1.85088e+15	6.6745e+03	1.945e-20	7.7426e+01	8.4046e+01	3.2870e-15	1.2791e-03	9.9872e-01	6.9324e-03	9.8839e-01	4.6817e-03	8.8472e-19	4.0554e-05	1.1448e-01	8.8360e-01	1.8812e-03	3.4589e-04	3.1130e-01	6.8698e-01	1.3726e-03	1.1755e-36	1.1755e-36	6.8335e-27	0.00e+00	0.00e+00	1.8694e-03
7.54589e+15	6.6650e+03	1.942e-20	7.7426e+01	8.4045e+01	3.3161e-15	1.2792e-03	9.9872e-01	6.9442e-03	9.8853e-01	4.5229e-03	8.8791e-19	4.0616e-05	1.1468e-01	8.8342e-01	1.8648e-03	3.4631e-04	3.1148e-01	6.8687e-01	1.2944e-03	1.1755e-36	1.1755e-36	6.8504e-27	0.00e+00	0.00e+00	7.5669e-03
1.80247e+16	6.6420e+03	1.930e-20	7.7426e+01	8.4044e+01	3.3333e-15	1.2721e-03	9.9873e-01	6.9426e-03	9.8863e-01	4.4272e-03	8.7555e-19	4.0449e-05	1.1471e-01	8.8340e-01	1.8503e-03	3.4440e-04	3.1118e-01	6.8729e-01	1.1900e-03	1.1755e-36	1.1755e-36	6.6911e-27	0.00e+00	0.00e+00	1.4932e-02
3.16472e+16	6.6138e+03	1.919e-20	7.7426e+01	8.4043e+01	3.3623e-15	1.2660e-03	9.9873e-01	6.9500e-03	9.8888e-01	4.1712e-03	8.6510e-19	4.0384e-05	1.1486e-01	8.8328e-01	1.8230e-03	3.4344e-04	3.1136e-01	6.8723e-01	1.0625e-03	1.1755e-36	1.1755e-36	6.5291e-27	0.00e+00	0.00e+00	2.4462e-02
4.93564e+16	6.5821e+03	1.905e-20	7.7426e+01	8.4041e+01	3.4057e-15	1.2603e-03	9.9874e-01	6.9641e-03	9.8927e-01	3.7647e-03	8.5778e-19	4.0375e-05	1.1510e-01	8.8308e-01	1.7841e-03	3.4321e-04	3.1204e-01	6.8671e-01	9.1352e-04	1.1755e-36	1.1755e-36	6.3931e-27	0.00e+00	0.00e+00	3.6794e-02
7.23783e+16	6.5461e+03	1.890e-20	7.7426e+01	8.4038e+01	3.4586e-15	1.2549e-03	9.9875e-01	6.9868e-03	9.8980e-01	3.2154e-03	8.5220e-19	4.0422e-05	1.1545e-01	8.8277e-01	1.7333e-03	3.4397e-04	3.1337e-01	6.8554e-01	7.4752e-04	1.1755e-36	1.1755e-36	6.2547e-27	0.00e+00	0.00e+00	5.2757e-02
1.02307e+17	6.5052e+03	1.872e-20	7.7426e+01	8.4034e+01	3.5267e-15	1.2500e-03	9.9875e-01	7.0207e-03	9.9042e-01	2.5563e-03	8.4978e-19	4.0540e-05	1.1598e-01	8.8231e-01	1.6719e-03	3.4606e-04	3.1557e-01	6.8351e-01	5.7349e-04	1.1755e-36	1.1755e-36	6.1259e-27	0.00e+00	0.00e+00	7.3428e-02
1.41214e+17	6.4589e+03	1.852e-20	7.7426e+01	8.4029e+01	3.6170e-15	1.2461e-03	9.9875e-01	7.0692e-03	9.9108e-01	1.8532e-03	8.5227e-19	4.0758e-05	1.1673e-01	8.8163e-01	1.6028e-03	3.4985e-04	3.1882e-01	6.8043e-01	4.0483e-04	1.1755e-36	1.1755e-36	6.0205e-27	0.00e+00	0.00e+00	1.0022e-01
1.91793e+17	6.4072e+03	1.829e-20	7.7426e+01	8.4023e+01	3.7329e-15	1.2440e-03	9.9876e-01	7.1370e-03	9.9167e-01	1.1958e-03	8.6057e-19	4.1113e-05	1.1777e-01	8.8065e-01	1.5304e-03	3.5572e-04	3.2321e-01	6.7617e-01	2.5701e-04	1.1755e-36	1.1755e-36	5.9381e-27	0.00e+00	0.00e+00	1.3498e-01
2.57546e+17	6.3499e+03	1.803e-20	7.7426e+01	8.4019e+01	3.8772e-15	1.2447e-03	9.9876e-01	7.2320e-03	9.9210e-01	6.6807e-04	8.7543e-19	4.1672e-05	1.1924e-01	8.7926e-01	1.4580e-03	3.6427e-04	3.2890e-01	6.7060e-01	1.4279e-04	1.1755e-36	1.1755e-36	5.8684e-27	0.00e+00	0.00e+00	1.8021e-01
3.43025e+17	6.2879e+03	1.776e-20	7.7426e+01	8.4015e+01	4.0677e-15	1.2499e-03	9.9875e-01	7.3663e-03	9.9232e-01	3.1320e-04	9.0218e-19	4.2529e-05	1.2130e-01	8.7727e-01	1.3865e-03	3.7639e-04	3.3605e-01	6.6350e-01	6.7273e-05	1.1755e-36	1.1755e-36	5.8538e-27	0.00e+00	0.00e+00	2.3924e-01
4.54148e+17	6.2208e+03	1.747e-20	7.7426e+01	8.4011e+01	4.3328e-15	1.2624e-03	9.9874e-01	7.5599e-03	9.9232e-01	1.1906e-04	9.4866e-19	4.3796e-05	1.2423e-01	8.7441e-01	1.3129e-03	3.9380e-04	3.4514e-01	6.5444e-01	2.5951e-05	1.1755e-36	1.1755e-36	5.9393e-27	0.00e+00	0.00e+00	3.1675e-01
5.98607e+17	6.1621e+03	1.716e-20	7.7426e+01	8.4007e+01	4.6365e-15	1.2848e-03	9.9872e-01	7.8345e-03	9.9213e-01	3.5503e-05	1.0219e-18	4.5741e-05	1.2831e-01	8.7041e-01	1.2334e-03	4.1872e-04	3.5680e-01	6.4277e-01	7.9221e-06	1.1755e-36	1.1755e-36	6.1477e-27	0.00e+00	0.00e+00	4.1930e-01
7.86405e+17	6.1083e+03	1.685e-20	7.7426e+01	8.4000e+01	5.0610e-15	1.3248e-03	9.9868e-01	8.2463e-03	9.9175e-01	8.0915e-06	1.1500e-18	4.8787e-05	1.3429e-01	8.6453e-01	1.1406e-03	4.5660e-04	3.7258e-01	6.2697e-01	1.8643e-06	1.1755e-36	1.1755e-36	6.6357e-27	0.00e+00	0.00e+00	5.5678e-01
1.03054e+18	6.0690e+03	1.658e-20	7.7426e+01	8.3988e+01	5.6493e-15	1.3934e-03	9.9861e-01	8.8826e-03	9.9112e-01	1.4164e-06	1.3803e-18	5.3588e-05	1.4327e-01	8.5564e-01	1.0296e-03	5.1635e-04	3.9445e-01	6.0503e-01	3.3777e-07	1.1755e-36	1.1755e-36	7.6239e-27	0.00e+00	0.00e+00	7.4475e-01
1.34792e+18	6.0827e+03	1.631e-20	7.7426e+01	8.3970e+01	6.3475e-15	1.5071e-03	9.9849e-01	9.9014e-03	9.9010e-01	2.0102e-07	1.8254e-18	6.1395e-05	1.5704e-01	8.4200e-01	8.9902e-04	6.1395e-04	4.2535e-01	5.7403e-01	1.1755e-36	1.1755e-36	1.1755e-36	9.7245e-27	0.00e+00	0.00e+00	1.0091e+00
1.66641e+18	6.1196e+03	1.612e-20	7.7426e+01	8.3950e+01	7.0288e-15	1.6406e-03	9.9836e-01	1.1140e-02	9.8886e-01	3.5736e-08	2.4234e-18	7.0711e-05	1.7299e-01	8.2616e-01	7.8189e-04	7.3381e-04	4.5874e-01	5.4053e-01	1.1755e-36	1.1755e-36	1.1755e-36	1.2480e-26	0.00e+00	0.00e+00	1.2322e+00
1.90996e+18	6.1922e+03	1.607e-20	7.7426e+01	8.3930e+01	7.5969e-15	1.7764e-03	9.9822e-01	1.2405e-02	9.8759e-01	1.1734e-08	3.1839e-18	8.0159e-05	1.8841e-01	8.1081e-01	6.9683e-04	8.5732e-04	4.8832e-01	5.1083e-01	1.1755e-36	1.1755e-36	1.1755e-36	1.6280e-26	0.00e+00	0.00e+00	1.4136e+00
2.11147e+18	6.2758e+03	1.609e-20	7.7426e+01	8.3907e+01	8.2202e-15	1.9205e-03	9.9808e-01	1.3768e-02	9.8623e-01	5.0903e-09	4.2031e-18	9.0237e-05	2.0429e-01	7.9499e-01	6.2629e-04	9.9221e-04	5.1663e-01	4.8238e-01	1.1755e-36	1.1755e-36	1.1755e-36	2.1644e-26	0.00e+00	0.00e+00	1.5958e+00
2.31896e+18	6.3774e+03	1.615e-20	7.7426e+01	8.3879e+01	9.0737e-15	2.1047e-03	9.9790e-01	1.5598e-02	9.8440e-01	2.2752e-09	5.8591e-18	1.0329e-04	2.2430e-01	7.7504e-01	5.5291e-04	1.1722e-03	5.4982e-01	4.4901e-01	1.1755e-36	1.1755e-36	1.1755e-36	3.0629e-26	0.00e+00	0.00e+00	1.8230e+00
2.52824e+18	6.4972e+03	1.626e-20	7.7426e+01	8.3842e+01	1.0125e-14	2.3298e-03	9.9767e-01	1.7983e-02	9.8202e-01	1.0750e-09	8.4600e-18	1.1957e-04	2.4869e-01	7.5071e-01	4.8122e-04	1.4043e-03	5.8721e-01	4.1138e-01	1.1755e-36	1.1755e-36	1.1755e-36	4.5173e-26	0.00e+00	0.00e+00	2.0482e+00
2.70744e+18	6.6145e+03	1.640e-20	7.7426e+01	8.3804e+01	1.1268e-14	2.5694e-03	9.9743e-01	2.0755e-02	9.7925e-01	5.9075e-10	1.2019e-17	1.3720e-04	2.7460e-01	7.2484e-01	4.1970e-04	1.6642e-03	6.2355e-01	3.7479e-01	1.1755e-36	1.1755e-36	1.1755e-36	6.5442e-26	0.00e+00	0.00e+00	2.2500e+00
2.85681e+18	6.7199e+03	1.655e-20	7.7426e+01	8.3762e+01	1.2555e-14	2.8145e-03	9.9719e-01	2.3844e-02	9.7616e-01	3.6635e-10	1.6698e-17	1.5555e-04	3.0110e-01	6.9838e-01	3.6741e-04	1.9423e-03	6.5739e-01	3.4067e-01	1.1755e-36	1.1755e-36	1.1755e-36	9.2737e-26	0.00e+00	0.00e+00	2.4400e+00
2.99044e+18	6.8104e+03	1.672e-20	7.7426e+01	8.3715e+01	1.4181e-14	3.0819e-03	9.9692e-01	2.7510e-02	9.7249e-01	2.4139e-10	2.3130e-17	1.7568e-04	3.2973e-01	6.6978e-01	3.1946e-04	2.2567e-03	6.9067e-01	3.0708e-01	1.1755e-36	1.1755e-36	1.1755e-36	1.3088e-25	0.00e+00	0.00e+00	2.6346e+00
3.11639e+18	6.9140e+03	1.688e-20	7.7426e+01	8.3660e+01	1.5959e-14	3.3789e-03	9.9662e-01	3.2113e-02	9.6789e-01	1.6504e-10	3.2201e-17	1.9843e-04	3.6168e-01	6.3784e-01	2.7461e-04	2.6202e-03	7.2417e-01	2.7320e-01	1.1755e-36	1.1755e-36	1.1755e-36	1.8600e-25	0.00e+00	0.00e+00	2.8373e+00
3.23482e+18	7.0064e+03	1.707e-20	7.7426e+01	8.3592e+01	1.8270e-14	3.7182e-03	9.9628e-01	3.8038e-02	9.6196e-01	1.1638e-10	4.5219e-17	2.2442e-04	3.9773e-01	6.0181e-01	2.3198e-04	3.0476e-03	7.5803e-01	2.3892e-01	1.1755e-36	1.1755e-36	1.1755e-36	2.6633e-25	0.00e+00	0.00e+00	3.0448e+00
3.34320e+18	7.0925e+03	1.727e-20	7.7426e+01	8.3510e+01	2.1037e-14	4.0933e-03	9.9591e-01	4.5621e-02	9.5438e-01	8.5100e-11	6.3289e-17	2.5314e-04	4.3712e-01	5.6243e-01	1.9302e-04	3.5332e-03	7.9085e-01	2.0562e-01	1.1755e-36	1.1755e-36	1.1755e-36	3.7943e-25	0.00e+00	0.00e+00	3.2501e+00
3.44049e+18	7.1731e+03	1.748e-20	7.7426e+01	8.3427e+01	2.4276e-14	4.4981e-03	9.9550e-01	5.5436e-02	9.4456e-01	6.4511e-11	8.7840e-17	2.8418e-04	4.7910e-01	5.2046e-01	1.5827e-04	4.0697e-03	8.2167e-01	1.7426e-01	1.1755e-36	1.1755e-36	1.1755e-36	5.3625e-25	0.00e+00	0.00e+00	3.4524e+00
3.52877e+18	7.2453e+03	1.769e-20	7.7426e+01	8.3335e+01	2.8134e-14	4.9376e-03	9.9506e-01	6.8451e-02	9.3155e-01	5.0132e-11	1.2098e-16	3.1714e-04	5.2364e-01	4.7592e-01	1.2721e-04	4.6629e-03	8.5052e-01	1.4481e-01	1.1755e-36	1.1755e-36	1.1755e-36	7.5164e-25	0.00e+00	0.00e+00	3.6565e+00
3.59805e+18	7.2873e+03	1.788e-20	7.7426e+01	8.3160e+01	3.2350e-14	5.3507e-03	9.9465e-01	8.2944e-02	9.1706e-01	4.1119e-11	1.5826e-16	3.4732e-04	5.6411e-01	4.3543e-01	1.0356e-04	5.2269e-03	8.7383e-01	1.2095e-01	1.1755e-36	1.1755e-36	1.1755e-36	9.9516e-25	0.00e+00	0.00e+00	3.7978e+00
3.64420e+18	7.3321e+03	1.799e-20	7.7426e+01	8.3057e+01	3.5288e-14	5.6556e-03	9.9434e-01	9.6613e-02	9.0339e-01	3.6034e-11	1.9083e-16	3.6977e-04	5.9403e-01	4.0551e-01	8.8259e-05	5.6506e-03	8.8952e-01	1.0483e-01	1.1755e-36	1.1755e-36	1.1755e-36	1.2115e-24	0.00e+00	0.00e+00	3.9036e+00
3.68075e+18	7.3563e+03	1.808e-20	7.7426e+01	8.2932e+01	3.8308e-14	5.9249e-03	9.9408e-01	1.1029e-01	8.8971e-01	3.2080e-11	2.2279e-16	3.8856e-04	6.1927e-01	3.8027e-01	7.6366e-05	6.0247e-03	9.0183e-01	9.2141e-02	1.1755e-36	1.1755e-36	1.1755e-36	1.4250e-24	0.00e+00	0.00e+00	4.0045e+00
3.72081e+18	7.3830e+03	1.818e-20	7.7426e+01	8.2796e+01	4.2203e-14	6.2504e-03	9.9375e-01	1.2994e-01	8.7006e-01	2.8037e-11	2.6637e-16	4.1081e-04	6.4853e-01	3.5099e-01	6.3724e-05	6.4773e-03	9.1508e-01	7.8439e-02	1.1755e-36	1.1755e-36	1.1755e-36	1.7223e-24	0.00e+00	0.00e+00	4.1429e+00
3.76251e+18	7.4077e+03	1.829e-20	7.7426e+01	8.2602e+01	4.6920e-14	6.6214e-03	9.9338e-01	1.5760e-01	8.4240e-01	2.4287e-11	3.2176e-16	4.3480e-04	6.8034e-01	3.1917e-01	5.1623e-05	6.9951e-03	9.2865e-01	6.4359e-02	1.1755e-36	1.1755e-36	1.1755e-36	2.1018e-24	0.00e+00	0.00e+00	4.2663e+00
3.79499e+18	7.4343e+03	1.836e-20	7.7426e+01	8.2421e+01	5.0865e-14	6.9333e-03	9.9307e-01	1.8770e-01	8.1230e-01	2.1549e-11	3.7454e-16	4.5420e-04	7.0643e-01	2.9308e-01	4.2740e-05	7.4343e-03	9.3917e-01	5.3396e-02	1.1755e-36	1.1755e-36	1.1755e-36	2.4656e-24	0.00e+00	0.00e+00	4.3573e+00
3.81897e+18	7.4416e+03	1.839e-20	7.7426e+01	8.2170e+01	5.4610e-14	7.1837e-03	9.9282e-01	2.1642e-01	7.8358e-01	1.9392e-11	4.2039e-16	4.6876e-04	7.2616e-01	2.7334e-01	3.6497e-05	7.7861e-03	9.4672e-01	4.5494e-02	1.1755e-36	1.1755e-36	1.1755e-36	2.7776e-24	0.00e+00	0.00e+00	4.4314e+00
3.83986e+18	7.4541e+03	1.841e-20	7.7426e+01	8.1974e+01	5.7965e-14	7.4128e-03	9.9259e-01	2.4787e-01	7.5213e-01	1.7542e-11	4.6629e-16	4.8135e-04	7.4334e-01	2.5614e-01	3.1361e-05	8.1077e-03	9.5306e-01	3.8832e-02	1.1755e-36	1.1755e-36	1.1755e-36	3.0943e-24	0.00e+00	0.00e+00	4.5063e+00
3.86363e+18	7.4605e+03	1.842e-20	7.7426e+01	8.1708e+01	6.2648e-14	7.6960e-03	9.9230e-01	2.9278e-01	7.0722e-01	1.5347e-11	5.2767e-16	4.9568e-04	7.6270e-01	2.3678e-01	2.5869e-05	8.5014e-03	9.5986e-01	3.1636e-02	1.1755e-36	1.1755e-36	1.1755e-36	3.5206e-24	0.00e+00	0.00e+00	4.6075e+00
3.88820e+18	7.4709e+03	1.837e-20	7.7426e+01	8.1256e+01	6.7515e-14	7.9884e-03	9.9201e-01	3.5164e-01	6.4836e-01	1.2961e-11	5.9650e-16	5.0866e-04	7.8152e-01	2.1795e-01	2.0933e-05	8.9100e-03	9.6638e-01	2.4711e-02	1.1755e-36	1.1755e-36	1.1755e-36	3.9847e-24	0.00e+00	0.00e+00	4.6944e+00
3.90763e+18	7.4721e+03	1.832e-20	7.7426e+01	8.0830e+01	7.2146e-14	8.2350e-03	9.9176e-01	4.1163e-01	5.8837e-01	1.1020e-11	6.5987e-16	5.1822e-04	7.9581e-01	2.0365e-01	1.7361e-05	9.2516e-03	9.7115e-01	1.9600e-02	1.1755e-36	1.1755e-36	1.1755e-36	4.4040e-24	0.00e+00	0.00e+00	4.7612e+00
3.92323e+18	7.4680e+03	1.826e-20	7.7426e+01	8.0481e+01	7.6613e-14	8.4488e-03	9.9155e-01	4.6951e-01	5.3049e-01	9.4837e-12	7.1926e-16	5.2542e-04	8.0664e-01	1.9282e-01	1.4713e-05	9.5431e-03	9.7459e-01	1.5866e-02	1.1755e-36	1.1755e-36	1.1755e-36	4.7991e-24	0.00e+00	0.00e+00	4.8215e+00
3.94002e+18	7.4626e+03	1.816e-20	7.7426e+01	8.0045e+01	8.1867e-14	8.6887e-03	9.9131e-01	5.3947e-01	4.6053e-01	7.7281e-12	7.8974e-16	5.3230e-04	8.1720e-01	1.8226e-01	1.2126e-05	9.8666e-03	9.7778e-01	1.2351e-02	1.1755e-36	1.1755e-36	1.1755e-36	5.2623e-24	0.00e+00	0.00e+00	4.9022e+00
3.96185e+18	7.4510e+03	1.799e-20	7.7426e+01	7.9340e+01	8.9462e-14	9.0076e-03	9.9099e-01	6.3754e-01	3.6246e-01	5.5925e-12	8.8855e-16	5.3874e-04	8.2866e-01	1.7079e-01	9.2997e-06	1.0290e-02	9.8107e-01	8.6350e-03	1.1755e-36	1.1755e-36	1.1755e-36	5.9007e-24	0.00e+00	0.00e+00	5.0108e+00
3.98436e+18	7.4341e+03	1.781e-20	7.7426e+01	7.8624e+01	9.8608e-14	9.3649e-03	9.9064e-01	7.4113e-01	2.5887e-01	3.6855e-12	1.0033e-15	5.4395e-04	8.3816e-01	1.6128e-01	6.9497e-06	1.0755e-02	9.8356e-01	5.6885e-03	1.1755e-36	1.1755e-36	1.1755e-36	6.6561e-24	0.00e+00	0.00e+00	5.1040e+00
4.00394e+18	7.4168e+03	1.768e-20	7.7426e+01	7.8095e+01	1.0793e-13	9.7134e-03	9.9029e-01	8.2110e-01	1.7890e-01	2.3837e-12	1.1150e-15	5.4799e-04	8.4474e-01	1.5470e-01	5.2720e-06	1.1199e-02	9.8496e-01	3.8403e-03	1.1755e-36	1.1755e-36	1.1755e-36	7.4390e-24	0.00e+00	0.00e+00	5.1933e+00
4.02555e+18	7.4062e+03	1.757e-20	7.7426e+01	7.7528e+01	1.1850e-13	1.0119e-02	9.8988e-01	8.8733e-01	1.1267e-01	1.3897e-12	1.2409e-15	5.5125e-04	8.5025e-01	1.4920e-01	3.8218e-06	1.1708e-02	9.8583e-01	2.4647e-03	1.1755e-36	1.1755e-36	1.1755e-36	8.3871e-24	0.00e+00	0.00e+00	5.3141e+00
4.05365e+18	7.3928e+03	1.755e-20	7.7426e+01	7.7103e+01	1.3500e-13	1.0731e-02	9.8927e-01	9.4130e-01	5.8702e-02	6.6138e-13	1.4284e-15	5.5667e-04	8.5607e-01	1.4337e-01	2.4720e-06	1.2466e-02	9.8616e-01	1.3772e-03	1.1755e-36	1.1755e-36	1.1755e-36	9.9956e-24	0.00e+00	0.00e+00	5.4808e+00
4.09018e+18	7.3882e+03	1.765e-20	7.7426e+01	7.6790e+01	1.6034e-13	1.1647e-02	9.8835e-01	9.7531e-01	2.4695e-02	2.4963e-13	1.7166e-15	5.6429e-04	8.6236e-01	1.3707e-01	1.3790e-06	1.3592e-02	9.8576e-01	6.4774e-04	1.1755e-36	1.1755e-36	1.1755e-36	1.2837e-23	0.00e+00	0.00e+00	5.7159e+00
4.13766e+18	7.3924e+03	1.789e-20	7.7426e+01	7.6560e+01	2.0316e-13	1.3073e-02	9.8693e-01	9.9159e-01	8.4113e-03	7.4458e-14	2.2070e-15	5.7486e-04	8.6989e-01	1.2953e-01	6.3614e-07	1.5340e-02	9.8441e-01	2.4830e-04	1.1755e-36	1.1755e-36	1.1755e-36	1.8406e-23	0.00e+00	0.00e+00	6.0589e+00
4.19939e+18	7.4008e+03	1.829e-20	7.7426e+01	7.6365e+01	2.8589e-13	1.5449e-02	9.8455e-01	9.9766e-01	2.3391e-03	1.7549e-14	3.1619e-15	5.8933e-04	8.7986e-01	1.1955e-01	2.2829e-07	1.8250e-02	9.8167e-01	7.4662e-05	1.1755e-36	1.1755e-36	1.1755e-36	3.1167e-23	0.00e+00	0.00e+00	6.5860e+00
4.25921e+18	7.3998e+03	1.878e-20	7.7426e+01	7.6145e+01	4.2794e-13	1.8762e-02	9.8124e-01	9.9927e-01	7.2850e-04	4.7314e-15	4.7802e-15	6.0428e-04	8.9008e-01	1.0932e-01	1.1755e-36	2.2314e-02	9.7766e-01	2.3620e-05	1.1755e-36	1.1755e-36	1.1755e-36	5.7379e-23	0.00e+00	0.00e+00	7.0434e+00
4.30071e+18	7.3934e+03	1.915e-20	7.7426e+01	7.5903e+01	5.9864e-13	2.2025e-02	9.7798e-01	9.9965e-01	3.5245e-04	2.0779e-15	6.7094e-15	6.1506e-04	8.9803e-01	1.0135e-01	1.1755e-36	2.6321e-02	9.7367e-01	1.0995e-05	1.1755e-36	1.1755e-36	1.1755e-36	9.4668e-23	0.00e+00	0.00e+00	7.3999e+00
4.33247e+18	7.3815e+03	1.941e-20	7.7426e+01	7.5582e+01	7.9906e-13	2.5227e-02	9.7477e-01	9.9979e-01	2.0663e-04	1.1287e-15	8.9328e-15	6.2276e-04	9.0465e-01	9.4727e-02	1.1755e-36	3.0256e-02	9.6974e-01	6.1123e-06	1.1755e-36	1.1755e-36	1.1755e-36	1.4430e-22	0.00e+00	0.00e+00	7.7751e+00
4.36745e+18	7.3590e+03	1.971e-20	7.7426e+01	7.5212e+01	1.1383e-12	2.9725e-02	9.7028e-01	9.9988e-01	1.1520e-04	5.7577e-16	1.2632e-14	6.3143e-04	9.1260e-01	8.6771e-02	1.1755e-36	3.5783e-02	9.6421e-01	3.1495e-06	1.1755e-36	1.1755e-36	1.1755e-36	2.4022e-22	0.00e+00	0.00e+00	8.3498e+00
4.40386e+18	7.3270e+03	2.002e-20	7.7426e+01	7.4705e+01	1.7556e-12	3.6301e-02	9.6370e-01	9.9994e-01	6.4782e-05	2.9748e-16	1.9209e-14	6.3998e-04	9.2130e-01	7.8059e-02	1.1755e-36	4.3857e-02	9.5614e-01	1.5816e-06	1.1755e-36	1.1755e-36	1.1755e-36	4.4569e-22	0.00e+00	0.00e+00	8.9403e+00
4.43438e+18	7.2897e+03	2.025e-20	7.7426e+01	7.4083e+01	2.7160e-12	4.4320e-02	9.5568e-01	9.9996e-01	4.0442e-05	1.7333e-16	2.9151e-14	6.4628e-04	9.2942e-01	6.9935e-02	1.1755e-36	5.3684e-02	9.4632e-01	8.6765e-07	1.1755e-36	1.1755e-36	1.1755e-36	8.2490e-22	0.00e+00	0.00e+00	9.5417e+00
4.46028e+18	7.2472e+03	2.040e-20	7.7426e+01	7.3438e+01	4.2180e-12	5.4108e-02	9.4589e-01	9.9997e-01	2.7244e-05	1.1015e-16	4.4246e-14	6.5118e-04	9.3701e-01	6.2336e-02	1.1755e-36	6.5642e-02	9.3436e-01	5.0623e-07	1.1755e-36	1.1755e-36	1.1755e-36	1.5293e-21	0.00e+00	0.00e+00	1.0178e+01
4.48310e+18	7.2000e+03	2.042e-20	7.7426e+01	7.2537e+01	6.6380e-12	6.6347e-02	9.3365e-01	9.9998e-01	1.9253e-05	7.4198e-17	6.7624e-14	6.5271e-04	9.4418e-01	5.5170e-02	1.1755e-36	8.0533e-02	9.1947e-01	3.0502e-07	1.1755e-36	1.1755e-36	1.1755e-36	2.8661e-21	0.00e+00	0.00e+00	1.0878e+01
4.50341e+18	7.1504e+03	2.029e-20	7.7426e+01	7.1369e+01	1.0660e-11	8.1998e-02	9.1800e-01	9.9999e-01	1.4154e-05	5.2503e-17	1.0498e-13	6.5120e-04	9.5098e-01	4.8365e-02	1.1755e-36	9.9464e-02	9.0054e-01	1.8744e-07	1.1755e-36	1.1755e-36	1.1755e-36	5.5079e-21	0.00e+00	0.00e+00	1.1641e+01
4.52097e+18	7.0949e+03	1.996e-20	7.7426e+01	6.9895e+01	1.7343e-11	1.0164e-01	8.9836e-01	9.9999e-01	1.0860e-05	3.9203e-17	1.6383e-13	6.4595e-04	9.5726e-01	4.2098e-02	1.1755e-36	1.2304e-01	8.7696e-01	1.1826e-07	1.1755e-36	1.1755e-36	1.1755e-36	1.0689e-20	0.00e+00	0.00e+00	1.2440e+01
4.53551e+18	7.0337e+03	1.945e-20	7.7426e+01	6.8109e+01	2.8000e-11	1.2508e-01	8.7492e-01	9.9999e-01	8.7278e-06	3.1027e-17	2.5167e-13	6.3663e-04	9.6275e-01	3.6610e-02	1.1755e-36	1.5089e-01	8.4911e-01	7.7553e-08	1.1755e-36	1.1755e-36	1.1755e-36	2.0296e-20	0.00e+00	0.00e+00	1.3235e+01
4.54731e+18	6.9705e+03	1.869e-20	7.7426e+01	6.5809e+01	4.3789e-11	1.5113e-01	8.4887e-01	9.9999e-01	7.3150e-06	2.5989e-17	3.7058e-13	6.2113e-04	9.6730e-01	3.2075e-02	1.1755e-36	1.8150e-01	8.1850e-01	5.3204e-08	1.1755e-36	1.1755e-36	1.1755e-36	3.6159e-20	0.00e+00	0.00e+00	1.4018e+01
4.55722e+18	6.8940e+03	1.783e-20	7.7426e+01	6.3489e+01	6.8126e-11	1.8096e-01	8.1904e-01	9.9999e-01	6.2827e-06	2.2407e-17	5.3775e-13	6.0494e-04	9.7136e-01	2.8037e-02	1.1755e-36	2.1609e-01	7.8391e-01	3.7376e-08	1.1755e-36	1.1755e-36	1.1755e-36	6.3218e-20	0.00e+00	0.00e+00	1.4834e+01
4.56590e+18	6.8001e+03	1.681e-20	7.7426e+01	6.0829e+01	1.0667e-10	2.1545e-01	7.8455e-01	9.9999e-01	5.5221e-06	1.9928e-17	7.7136e-13	5.8471e-04	9.7499e-01	2.4420e-02	1.1755e-36	2.5549e-01	7.4451e-01	2.6554e-08	1.1755e-36	1.1755e-36	1.1755e-36	1.0872e-19	0.00e+00	0.00e+00	1.5692e+01
4.57355e+18	6.6858e+03	1.561e-20	7.7426e+01	5.7777e+01	1.6832e-10	2.5468e-01	7.4532e-01	1.0000e+00	4.9523e-06	1.8249e-17	1.0900e-12	5.6027e-04	9.7823e-01	2.1209e-02	1.1755e-36	2.9955e-01	7.0045e-01	1.9055e-08	1.1755e-36	1.1755e-36	1.1755e-36	1.8290e-19	0.00e+00	0.00e+00	1.6582e+01
4.57984e+18	6.5592e+03	1.437e-20	7.7426e+01	5.4627e+01	2.5936e-10	2.9535e-01	7.0465e-01	1.0000e+00	4.5593e-06	1.7276e-17	1.4811e-12	5.3411e-04	9.8088e-01	1.8585e-02	1.1755e-36	3.4440e-01	6.5560e-01	1.4141e-08	1.1755e-36	1.1755e-36	1.1755e-36	2.9029e-19	0.00e+00	0.00e+00	1.7365e+01
4.58442e+18	6.4397e+03	1.331e-20	7.7426e+01	5.1873e+01	3.7066e-10	3.3089e-01	6.6911e-01	1.0000e+00	4.3134e-06	1.6815e-17	1.8738e-12	5.1070e-04	9.8280e-01	1.6688e-02	1.1755e-36	3.8291e-01	6.1709e-01	1.1183e-08	1.1755e-36	1.1755e-36	1.1755e-36	4.1379e-19	0.00e+00	0.00e+00	1.7972e+01
4.58772e+18	6.3348e+03	1.247e-20	7.7426e+01	4.9670e+01	4.9142e-10	3.5971e-01	6.4029e-01	1.0000e+00	4.1532e-06	1.6591e-17	2.2288e-12	4.9174e-04	9.8418e-01	1.5332e-02	1.1755e-36	4.1368e-01	5.8632e-01	9.3531e-09	1.1755e-36	1.1755e-36	1.1755e-36	5.3756e-19	0.00e+00	0.00e+00	1.8470e+01
4.59041e+18	6.2340e+03	1.172e-20	7.7426e+01	4.7671e+01	6.2989e-10	3.8513e-01	6.1487e-01	1.0000e+00	4.0370e-06	1.6513e-17	2.5663e-12	4.7433e-04	9.8528e-01	1.4241e-02	1.1755e-36	4.4050e-01	5.5950e-01	8.0338e-09	1.1755e-36	1.1755e-36	1.1755e-36	6.6438e-19	0.00e+00	0.00e+00	1.8951e+01
4.59291e+18	6.1272e+03	1.100e-20	7.7426e+01	4.5706e+01	8.0666e-10	4.1046e-01	5.8954e-01	1.0000e+00	3.9332e-06	1.6484e-17	2.9282e-12	4.5710e-04	9.8630e-01	1.3240e-02	1.1755e-36	4.6693e-01	5.3307e-01	6.9402e-09	1.1755e-36	1.1755e-36	1.1755e-36	8.1031e-19	0.00e+00	0.00e+00	1.9440e+01
4.59526e+18	6.0133e+03	1.029e-20	7.7426e+01	4.3734e+01	1.0360e-09	4.3585e-01	5.6415e-01	1.0000e+00	3.8436e-06	1.6529e-17	3.3160e-12	4.3968e-04	9.8724e-01	1.2319e-02	1.1755e-36	4.9311e-01	5.0689e-01	6.0206e-09	1.1755e-36	1.1755e-36	1.1755e-36	9.7732e-19	0.00e+00	0.00e+00	1.9923e+01
4.59740e+18	5.8971e+03	9.623e-21	7.7426e+01	4.1842e+01	1.3224e-09	4.6020e-01	5.3980e-01	1.0000e+00	3.7726e-06	1.6652e-17	3.7121e-12	4.2287e-04	9.8807e-01	1.1503e-02	1.1755e-36	5.1796e-01	4.8204e-01	5.2722e-09	1.1755e-36	1.1755e-36	1.1755e-36	1.1590e-18	0.00e+00	0.00e+00	2.0375e+01
4.59929e+18	5.7824e+03	9.023e-21	7.7426e+01	4.0090e+01	1.6678e-09	4.8276e-01	5.1724e-01	1.0000e+00	3.7166e-06	1.6822e-17	4.1010e-12	4.0722e-04	9.8880e-01	1.0795e-02	1.1755e-36	5.4074e-01	4.5926e-01	4.6730e-09	1.1755e-36	1.1755e-36	1.1755e-36	1.3485e-18	0.00e+00	0.00e+00	2.0795e+01
4.60099e+18	5.6660e+03	8.480e-21	7.7426e+01	3.8465e+01	2.0923e-09	5.0396e-01	4.9604e-01	1.0000e+00	3.6682e-06	1.7002e-17	4.4896e-12	3.9271e-04	9.8944e-01	1.0166e-02	1.1755e-36	5.6194e-01	4.3806e-01	4.1798e-09	1.1755e-36	1.1755e-36	1.1755e-36	1.5495e-18	0.00e+00	0.00e+00	2.1196e+01
4.60258e+18	5.5494e+03	7.969e-21	7.7426e+01	3.6898e+01	2.6158e-09	5.2421e-01	4.7579e-01	1.0000e+00	3.6290e-06	1.7229e-17	4.8803e-12	3.7863e-04	9.9003e-01	9.5945e-03	1.1755e-36	5.8201e-01	4.1799e-01	3.7600e-09	1.1755e-36	1.1755e-36	1.1755e-36	1.7642e-18	0.00e+00	0.00e+00	2.1591e+01
4.60407e+18	5.4287e+03	7.488e-21	7.7426e+01	3.5379e+01	3.2796e-09	5.4382e-01	4.5618e-01	1.0000e+00	3.5947e-06	1.7478e-17	5.2817e-12	3.6497e-04	9.9057e-01	9.0677e-03	1.1755e-36	6.0129e-01	3.9871e-01	3.3964e-09	1.1755e-36	1.1755e-36	1.1755e-36	2.0001e-18	0.00e+00	0.00e+00	2.1977e+01
4.60528e+18	5.3304e+03	7.113e-21	7.7426e+01	3.4165e+01	3.9437e-09	5.5950e-01	4.4050e-01	1.0000e+00	3.5752e-06	1.7737e-17	5.6213e-12	3.5399e-04	9.9097e-01	8.6723e-03	1.1755e-36	6.1659e-01	3.8341e-01	3.1336e-09	1.1755e-36	1.1755e-36	1.1755e-36	2.2137e-18	0.00e+00	0.00e+00	2.2238e+01
4.60614e+18	5.2532e+03	6.840e-21	7.7426e+01	3.3264e+01	4.5474e-09	5.7109e-01	4.2891e-01	1.0000e+00	3.5616e-06	1.7938e-17	5.8854e-12	3.4585e-04	9.9127e-01	8.3850e-03	1.1755e-36	6.2783e-01	3.7217e-01	2.9520e-09	1.1755e-36	1.1755e-36	1.1755e-36	2.3899e-18	0.00e+00	0.00e+00	2.2456e+01
4.60696e+18	5.1746e+03	6.581e-21	7.7426e+01	3.2401e+01	5.2492e-09	5.8232e-01	4.1768e-01	1.0000e+00	3.5459e-06	1.8118e-17	6.1565e-12	3.3807e-04	9.9155e-01	8.1089e-03	1.1755e-36	6.3867e-01	3.6133e-01	2.7854e-09	1.1755e-36	1.1755e-36	1.1755e-36	2.5815e-18	0.00e+00	0.00e+00	2.2697e+01
4.60785e+18	5.0850e+03	6.298e-21	7.7426e+01	3.1440e+01	6.1785e-09	5.9472e-01	4.0528e-01	1.0000e+00	3.5300e-06	1.8335e-17	6.4730e-12	3.2940e-04	9.9186e-01	7.8119e-03	1.1755e-36	6.5058e-01	3.4942e-01	2.6117e-09	1.1755e-36	1.1755e-36	1.1755e-36	2.8200e-18	0.00e+00	0.00e+00	2.2970e+01
4.60879e+18	4.9835e+03	6.007e-21	7.7426e+01	3.0424e+01	7.4116e-09	6.0791e-01	3.9209e-01	1.0000e+00	3.5136e-06	1.8569e-17	6.8352e-12	3.2029e-04	9.9218e-01	7.5046e-03	1.1755e-36	6.6318e-01	3.3682e-01	2.4401e-09	1.1755e-36	1.1755e-36	1.1755e-36	3.1132e-18	0.00e+00	0.00e+00	2.3250e+01
4.60970e+18	4.8811e+03	5.731e-21	7.7426e+01	2.9437e+01	8.8829e-09	6.2068e-01	3.7932e-01	1.0000e+00	3.4998e-06	1.8817e-17	7.1928e-12	3.1146e-04	9.9249e-01	7.2020e-03	1.1755e-36	6.7532e-01	3.2468e-01	2.2842e-09	1.1755e-36	1.1755e-36	1.1755e-36	3.4131e-18	0.00e+00	0.00e+00	2.3517e+01
4.61056e+18	4.7799e+03	5.474e-21	7.7426e+01	2.8499e+01	1.0610e-08	6.3281e-01	3.6719e-01	1.0000e+00	3.4878e-06	1.9066e-17	7.5524e-12	3.0308e-04	9.9278e-01	6.9208e-03	1.1755e-36	6.8679e-01	3.1321e-01	2.1448e-09	1.1755e-36	1.1755e-36	1.1755e-36	3.7392e-18	0.00e+00	0.00e+00	2.3776e+01
4.61124e+18	4.7010e+03	5.283e-21	7.7426e+01	2.7787e+01	1.2178e-08	6.4204e-01	3.5796e-01	1.0000e+00	3.4809e-06	1.9277e-17	7.8406e-12	2.9674e-04	9.9299e-01	6.7144e-03	1.1755e-36	6.9548e-01	3.0452e-01	2.0449e-09	1.1755e-36	1.1755e-36	1.1755e-36	4.0200e-18	0.00e+00	0.00e+00	2.3937e+01
4.61169e+18	4.6515e+03	5.150e-21	7.7426e+01	2.7282e+01	1.3287e-08	6.4804e-01	3.5196e-01	1.0000e+00	3.4815e-06	1.9482e-17	8.0238e-12	2.9212e-04	9.9313e-01	6.5810e-03	1.1755e-36	7.0111e-01	2.9889e-01	1.9801e-09	1.1755e-36	1.1755e-36	1.1755e-36	4.2073e-18	0.00e+00	0.00e+00	2.4064e+01
4.61213e+18	4.5879e+03	5.023e-21	7.7426e+01	2.6801e+01	1.4800e-08	6.5472e-01	3.4528e-01	1.0000e+00	3.4708e-06	1.9572e-17	8.2587e-12	2.8798e-04	9.9328e-01	6.4300e-03	1.1755e-36	7.0737e-01	2.9263e-01	1.9129e-09	1.1755e-36	1.1755e-36	1.1755e-36	4.4605e-18	0.00e+00	0.00e+00	2.4217e+01
4.61261e+18	4.5305e+03	4.887e-21	7.7426e+01	2.6288e+01	1.6341e-08	6.6135e-01	3.3864e-01	1.0000e+00	3.4661e-06	1.9741e-17	8.4861e-12	2.8339e-04	9.9343e-01	6.2836e-03	1.1755e-36	7.1356e-01	2.8644e-01	1.8461e-09	1.1755e-36	1.1755e-36	1.1755e-36	4.7162e-18	0.00e+00	0.00e+00	2.4369e+01
4.61309e+18	4.4606e+03	4.750e-21	7.7426e+01	2.5743e+01	1.8343e-08	6.6836e-01	3.3164e-01	1.0000e+00	3.4588e-06	1.9891e-17	8.7404e-12	2.7865e-04	9.9359e-01	6.1300e-03	1.1755e-36	7.2009e-01	2.7991e-01	1.7794e-09	1.1755e-36	1.1755e-36	1.1755e-36	5.0204e-18	0.00e+00	0.00e+00	2.4531e+01
4.61357e+18	4.3960e+03	4.618e-21	7.7426e+01	2.5222e+01	2.0405e-08	6.7508e-01	3.2492e-01	1.0000e+00	3.4534e-06	2.0056e-17	8.9897e-12	2.7409e-04	9.9374e-01	5.9851e-03	1.1755e-36	7.2633e-01	2.7367e-01	1.7167e-09	1.1755e-36	1.1755e-36	1.1755e-36	5.3328e-18	0.00e+00	0.00e+00	2.4682e+01
4.61402e+18	4.3322e+03	4.493e-21	7.7426e+01	2.4724e+01	2.2615e-08	6.8154e-01	3.1846e-01	1.0000e+00	3.4481e-06	2.0213e-17	9.2375e-12	2.6976e-04	9.9388e-01	5.8468e-03	1.1755e-36	7.3232e-01	2.6768e-01	1.6582e-09	1.1755e-36	1.1755e-36	1.1755e-36	5.6590e-18	0.00e+00	0.00e+00	2.4832e+01
4.61448e+18	4.2661e+03	4.369e-21	7.7426e+01	2.4223e+01	2.5093e-08	6.8809e-01	3.1191e-01	1.0000e+00	3.4422e-06	2.0369e-17	9.4956e-12	2.6543e-04	9.9403e-01	5.7079e-03	1.1755e-36	7.3837e-01	2.6163e-01	1.6006e-09	1.1755e-36	1.1755e-36	1.1755e-36	6.0151e-18	0.00e+00	0.00e+00	2.4987e+01
4.61494e+18	4.2024e+03	4.242e-21	7.7426e+01	2.3697e+01	2.7647e-08	6.9440e-01	3.0560e-01	1.0000e+00	3.4412e-06	2.0590e-17	9.7337e-12	2.6079e-04	9.9416e-01	5.5760e-03	1.1755e-36	7.4418e-01	2.5582e-01	1.5457e-09	1.1755e-36	1.1755e-36	1.1755e-36	6.3601e-18	0.00e+00	0.00e+00	2.5145e+01
4.61543e+18	4.1252e+03	4.114e-21	7.7426e+01	2.3155e+01	3.0928e-08	7.0147e-01	2.9853e-01	1.0000e+00	3.4338e-06	2.0750e-17	1.0021e-11	2.5622e-04	9.9431e-01	5.4289e-03	1.1755e-36	7.5069e-01	2.4931e-01	1.4875e-09	1.1755e-36	1.1755e-36	1.1755e-36	6.7947e-18	0.00e+00	0.00e+00	2.5319e+01
4.61592e+18	4.0508e+03	3.987e-21	7.7426e+01	2.2619e+01	3.4287e-08	7.0837e-01	2.9163e-01	1.0000e+00	3.4284e-06	2.0935e-17	1.0296e-11	2.5169e-04	9.9446e-01	5.2876e-03	1.1755e-36	7.5702e-01	2.4298e-01	1.4319e-09	1.1755e-36	1.1755e-36	1.1755e-36	7.2256e-18	0.00e+00	0.00e+00	2.5484e+01
4.61640e+18	3.9816e+03	3.862e-21	7.7426e+01	2.2094e+01	3.7550e-08	7.1497e-01	2.8503e-01	1.0000e+00	3.4258e-06	2.1154e-17	1.0545e-11	2.4718e-04	9.9460e-01	5.1536e-03	1.1755e-36	7.6305e-01	2.3695e-01	1.3792e-09	1.1755e-36	1.1755e-36	1.1755e-36	7.6285e-18	0.00e+00	0.00e+00	2.5654e+01
###########################
7.11876e+13	6.6788e+03	1.946e-20	7.7426e+01	8.4055e+01	3.2897e-15	1.2795e-03	9.9872e-01	6.9303e-03	9.8835e-01	4.7160e-03	8.8889e-19	4.0460e-05	1.1442e-01	8.8366e-01	1.8838e-03	3.4618e-04	3.1150e-01	6.8676e-01	1.3974e-03	1.1755e-36	1.1755e-36	6.8999e-27	0.00e+00	0.00e+00	8.9045e-05
4.27126e+14	6.6775e+03	1.945e-20	7.7426e+01	8.4048e+01	3.2884e-15	1.2794e-03	9.9872e-01	6.9305e-03	9.8836e-01	4.7122e-03	8.8723e-19	4.0563e-05	1.1444e-01	8.8364e-01	1.8859e-03	3.4601e-04	3.1138e-01	6.8688e-01	1.3926e-03	1.1755e-36	1.1755e-36	6.8752e-27	0.00e+00	0.00e+00	4.4519e-04
1.85088e+15	6.6745e+03	1.945e-20	7.7426e+01	8.4046e+01	3.2868e-15	1.2791e-03	9.9872e-01	6.9324e-03	9.8839e-01	4.6817e-03	8.8466e-19	4.0554e-05	1.1448e-01	8.8360e-01	1.8812e-03	3.4589e-04	3.1130e-01	6.8698e-01	1.3726e-03	1.1755e-36	1.1755e-36	6.8327e-27	0.00e+00	0.00e+00	1.8694e-03
7.54589e+15	6.6650e+03	1.942e-20	7.7426e+01	8.4045e+01	3.3159e-15	1.2792e-03	9.9872e-01	6.9442e-03	9.8853e-01	4.5229e-03	8.8786e-19	4.0616e-05	1.1468e-01	8.8342e-01	1.8648e-03	3.4631e-04	3.1148e-01	6.8687e-01	1.2944e-03	1.1755e-36	1.1755e-36	6.8496e-27	0.00e+00	0.00e+00	7.5669e-03
1.80247e+16	6.6420e+03	1.930e-20	7.7426e+01	8.4044e+01	3.3331e-15	1.2721e-03	9.9873e-01	6.9426e-03	9.8863e-01	4.4272e-03	8.7550e-19	4.0449e-05	1.1471e-01	8.8340e-01	1.8503e-03	3.4440e-04	3.1118e-01	6.8729e-01	1.1900e-03	1.1755e-36	1.1755e-36	6.6904e-27	0.00e+00	0.00e+00	1.4932e-02
3.16472e+16	6.6137e+03	1.919e-20	7.7426e+01	8.4043e+01	3.3621e-15	1.2660e-03	9.9873e-01	6.9500e-03	9.8888e-01	4.1712e-03	8.6505e-19	4.0384e-05	1.1486e-01	8.8328e-01	1.8230e-03	3.4344e-04	3.1136e-01	6.8723e-01	1.0625e-03	1.1755e-36	1.1755e-36	6.5284e-27	0.00e+00	0.00e+00	2.4462e-02
4.93564e+16	6.5821e+03	1.905e-20	7.7426e+01	8.4041e+01	3.4055e-15	1.2603e-03	9.9874e-01	6.9642e-03	9.8927e-01	3.7647e-03	8.5774e-19	4.0375e-05	1.1510e-01	8.8308e-01	1.7841e-03	3.4321e-04	3.1204e-01	6.8671e-01	9.1352e-04	1.1755e-36	1.1755e-36	6.3923e-27	0.00e+00	0.00e+00	3.6794e-02
7.23783e+16	6.5461e+03	1.890e-20	7.7426e+01	8.4038e+01	3.4584e-15	1.2549e-03	9.9875e-01	6.9868e-03	9.8980e-01	3.2154e-03	8.5215e-19	4.0422e-05	1.1545e-01	8.8277e-01	1.7333e-03	3.4397e-04	3.1337e-01	6.8554e-01	7.4752e-04	1.1755e-36	1.1755e-36	6.2540e-27	0.00e+00	0.00e+00	5.2757e-02
1.02307e+17	6.5052e+03	1.872e-20	7.7426e+01	8.4034e+01	3.5266e-15	1.2500e-03	9.9875e-01	7.0207e-03	9.9042e-01	2.5563e-03	8.4973e-19	4.0540e-05	1.1598e-01	8.8231e-01	1.6719e-03	3.4606e-04	3.1557e-01	6.8351e-01	5.7349e-04	1.1755e-36	1.1755e-36	6.1252e-27	0.00e+00	0.00e+00	7.3428e-02
1.41214e+17	6.4589e+03	1.852e-20	7.7426e+01	8.4029e+01	3.6168e-15	1.2461e-03	9.9875e-01	7.0692e-03	9.9108e-01	1.8532e-03	8.5222e-19	4.0759e-05	1.1673e-01	8.8163e-01	1.6028e-03	3.4985e-04	3.1882e-01	6.8043e-01	4.0483e-04	1.1755e-36	1.1755e-36	6.0198e-27	0.00e+00	0.00e+00	1.0022e-01
1.91793e+17	6.4072e+03	1.829e-20	7.7426e+01	8.4023e+01	3.7327e-15	1.2440e-03	9.9876e-01	7.1370e-03	9.9167e-01	1.1958e-03	8.6052e-19	4.1113e-05	1.1777e-01	8.8065e-01	1.5304e-03	3.5572e-04	3.2321e-01	6.7617e-01	2.5701e-04	1.1755e-36	1.1755e-36	5.9374e-27	0.00e+00	0.00e+00	1.3498e-01
2.57546e+17	6.3499e+03	1.803e-20	7.7426e+01	8.4019e+01	3.8770e-15	1.2447e-03	9.9876e-01	7.2320e-03	9.9210e-01	6.6807e-04	8.7538e-19	4.1672e-05	1.1924e-01	8.7926e-01	1.4580e-03	3.6427e-04	3.2890e-01	6.7060e-01	1.4279e-04	1.1755e-36	1.1755e-36	5.8677e-27	0.00e+00	0.00e+00	1.8021e-01
3.43025e+17	6.2879e+03	1.776e-20	7.7426e+01	8.4015e+01	4.0675e-15	1.2499e-03	9.9875e-01	7.3663e-03	9.9232e-01	3.1320e-04	9.0213e-19	4.2529e-05	1.2130e-01	8.7727e-01	1.3865e-03	3.7639e-04	3.3605e-01	6.6350e-01	6.7273e-05	1.1755e-36	1.1755e-36	5.8531e-27	0.00e+00	0.00e+00	2.3924e-01
4.54148e+17	6.2208e+03	1.747e-20	7.7426e+01	8.4011e+01	4.3325e-15	1.2624e-03	9.9874e-01	7.5599e-03	9.9232e-01	1.1906e-04	9.4861e-19	4.3796e-05	1.2423e-01	8.7441e-01	1.3129e-03	3.9380e-04	3.4514e-01	6.5444e-01	2.5951e-05	1.1755e-36	1.1755e-36	5.9385e-27	0.00e+00	0.00e+00	3.1675e-01
5.98607e+17	6.1621e+03	1.716e-20	7.7426e+01	8.4007e+01	4.6362e-15	1.2848e-03	9.9872e-01	7.8345e-03	9.9213e-01	3.5503e-05	1.0218e-18	4.5741e-05	1.2831e-01	8.7041e-01	1.2334e-03	4.1872e-04	3.5680e-01	6.4277e-01	7.9221e-06	1.1755e-36	1.1755e-36	6.1469e-27	0.00e+00	0.00e+00	4.1930e-01
7.86405e+17	6.1083e+03	1.685e-20	7.7426e+01	8.4000e+01	5.0607e-15	1.3248e-03	9.9868e-01	8.2463e-03	9.9175e-01	8.0915e-06	1.1499e-18	4.8787e-05	1.3429e-01	8.6453e-01	1.1406e-03	4.5660e-04	3.7258e-01	6.2696e-01	1.8643e-06	1.1755e-36	1.1755e-36	6.6348e-27	0.00e+00	0.00e+00	5.5678e-01
1.03054e+18	6.0690e+03	1.658e-20	7.7426e+01	8.3988e+01	5.6489e-15	1.3934e-03	9.9861e-01	8.8826e-03	9.9112e-01	1.4164e-06	1.3802e-18	5.3588e-05	1.4327e-01	8.5564e-01	1.0296e-03	5.1635e-04	3.9445e-01	6.0503e-01	3.3777e-07	1.1755e-36	1.1755e-36	7.6226e-27	0.00e+00	0.00e+00	7.4476e-01
1.34792e+18	6.0827e+03	1.631e-20	7.7426e+01	8.3970e+01	6.3469e-15	1.5071e-03	9.9849e-01	9.9014e-03	9.9010e-01	2.0102e-07	1.8252e-18	6.1395e-05	1.5704e-01	8.4200e-01	8.9902e-04	6.1395e-04	4.2535e-01	5.7403e-01	1.1755e-36	1.1755e-36	1.1755e-36	9.7225e-27	0.00e+00	0.00e+00	1.0091e+00
1.66641e+18	6.1196e+03	1.612e-20	7.7426e+01	8.3950e+01	7.0279e-15	1.6406e-03	9.9836e-01	1.1140e-02	9.8886e-01	3.5736e-08	2.4230e-18	7.0711e-05	1.7299e-01	8.2616e-01	7.8189e-04	7.3381e-04	4.5874e-01	5.4053e-01	1.1755e-36	1.1755e-36	1.1755e-36	1.2476e-26	0.00e+00	0.00e+00	1.2322e+00
1.90996e+18	6.1922e+03	1.607e-20	7.7426e+01	8.3930e+01	7.5956e-15	1.7764e-03	9.9822e-01	1.2405e-02	9.8759e-01	1.1734e-08	3.1833e-18	8.0159e-05	1.8841e-01	8.1081e-01	6.9683e-04	8.5732e-04	4.8832e-01	5.1083e-01	1.1755e-36	1.1755e-36	1.1755e-36	1.6274e-26	0.00e+00	0.00e+00	1.4136e+00
2.11147e+18	6.2758e+03	1.609e-20	7.7426e+01	8.3907e+01	8.2186e-15	1.9205e-03	9.9808e-01	1.3768e-02	9.8623e-01	5.0903e-09	4.2022e-18	9.0237e-05	2.0429e-01	7.9499e-01	6.2629e-04	9.9221e-04	5.1663e-01	4.8238e-01	1.1755e-36	1.1755e-36	1.1755e-36	2.1635e-26	0.00e+00	0.00e+00	1.5958e+00
2.31896e+18	6.3774e+03	1.615e-20	7.7426e+01	8.3879e+01	9.0717e-15	2.1047e-03	9.9790e-01	1.5598e-02	9.8440e-01	2.2752e-09	5.8577e-18	1.0329e-04	2.2430e-01	7.7504e-01	5.5291e-04	1.1722e-03	5.4982e-01	4.4900e-01	1.1755e-36	1.1755e-36	1.1755e-36	3.0614e-26	0.00e+00	0.00e+00	1.8230e+00
2.52824e+18	6.4972e+03	1.626e-20	7.7426e+01	8.3842e+01	1.0123e-14	2.3298e-03	9.9767e-01	1.7983e-02	9.8202e-01	1.0750e-09	8.4577e-18	1.1957e-04	2.4869e-01	7.5071e-01	4.8122e-04	1.4043e-03	5.8721e-01	4.1138e-01	1.1755e-36	1.1755e-36	1.1755e-36	4.5148e-26	0.00e+00	0.00e+00	2.0482e+00
2.70744e+18	6.6145e+03	1.640e-20	7.7426e+01	8.3804e+01	1.1265e-14	2.5694e-03	9.9743e-01	2.0755e-02	9.7925e-01	5.9075e-10	1.2016e-17	1.3720e-04	2.7460e-01	7.2484e-01	4.1970e-04	1.6642e-03	6.2355e-01	3.7479e-01	1.1755e-36	1.1755e-36	1.1755e-36	6.5404e-26	0.00e+00	0.00e+00	2.2500e+00
2.85681e+18	6.7199e+03	1.655e-20	7.7426e+01	8.3762e+01	1.2552e-14	2.8145e-03	9.9719e-01	2.3844e-02	9.7616e-01	3.6635e-10	1.6693e-17	1.5555e-04	3.0110e-01	6.9838e-01	3.6740e-04	1.9423e-03	6.5739e-01	3.4067e-01	1.1755e-36	1.1755e-36	1.1755e-36	9.2682e-26	0.00e+00	0.00e+00	2.4400e+00
2.99044e+18	6.8104e+03	1.672e-20	7.7426e+01	8.3715e+01	1.4177e-14	3.0819e-03	9.9692e-01	2.7510e-02	9.7249e-01	2.4139e-10	2.3123e-17	1.7568e-04	3.2973e-01	6.6978e-01	3.1946e-04	2.2567e-03	6.9067e-01	3.0708e-01	1.1755e-36	1.1755e-36	1.1755e-36	1.3081e-25	0.00e+00	0.00e+00	2.6346e+00
3.11639e+18	6.9140e+03	1.688e-20	7.7426e+01	8.3660e+01	1.5955e-14	3.3789e-03	9.9662e-01	3.2113e-02	9.6789e-01	1.6504e-10	3.2192e-17	1.9844e-04	3.6168e-01	6.3784e-01	2.7461e-04	2.6202e-03	7.2418e-01	2.7320e-01	1.1755e-36	1.1755e-36	1.1755e-36	1.8590e-25	0.00e+00	0.00e+00	2.8373e+00
3.23482e+18	7.0064e+03	1.707e-20	7.7426e+01	8.3592e+01	1.8265e-14	3.7182e-03	9.9628e-01	3.8038e-02	9.6196e-01	1.1638e-10	4.5206e-17	2.2443e-04	3.9773e-01	6.0181e-01	2.3198e-04	3.0476e-03	7.5803e-01	2.3892e-01	1.1755e-36	1.1755e-36	1.1755e-36	2.6618e-25	0.00e+00	0.00e+00	3.0448e+00
3.34320e+18	7.0925e+03	1.727e-20	7.7426e+01	8.3510e+01	2.1031e-14	4.0933e-03	9.9591e-01	4.5621e-02	9.5438e-01	8.5100e-11	6.3272e-17	2.5314e-04	4.3712e-01	5.6243e-01	1.9302e-04	3.5332e-03	7.9085e-01	2.0562e-01	1.1755e-36	1.1755e-36	1.1755e-36	3.7922e-25	0.00e+00	0.00e+00	3.2501e+00
3.44049e+18	7.1731e+03	1.748e-20	7.7426e+01	8.3427e+01	2.4270e-14	4.4981e-03	9.9550e-01	5.5436e-02	9.4456e-01	6.4511e-11	8.7818e-17	2.8419e-04	4.7910e-01	5.2046e-01	1.5827e-04	4.0697e-03	8.2167e-01	1.7426e-01	1.1755e-36	1.1755e-36	1.1755e-36	5.3597e-25	0.00e+00	0.00e+00	3.4524e+00
3.52877e+18	7.2453e+03	1.769e-20	7.7426e+01	8.3335e+01	2.8128e-14	4.9376e-03	9.9506e-01	6.8452e-02	9.3155e-01	5.0132e-11	1.2096e-16	3.1714e-04	5.2364e-01	4.7592e-01	1.2721e-04	4.6630e-03	8.5052e-01	1.4481e-01	1.1755e-36	1.1755e-36	1.1755e-36	7.5130e-25	0.00e+00	0.00e+00	3.6565e+00
3.59805e+18	7.2872e+03	1.788e-20	7.7426e+01	8.3160e+01	3.2343e-14	5.3508e-03	9.9465e-01	8.2945e-02	9.1706e-01	4.1119e-11	1.5822e-16	3.4733e-04	5.6412e-01	4.3543e-01	1.0356e-04	5.2269e-03	8.7383e-01	1.2095e-01	1.1755e-36	1.1755e-36	1.1755e-36	9.9468e-25	0.00e+00	0.00e+00	3.7978e+00
3.64420e+18	7.3321e+03	1.799e-20	7.7426e+01	8.3057e+01	3.5280e-14	5.6556e-03	9.9434e-01	9.6613e-02	9.0339e-01	3.6034e-11	1.9079e-16	3.6977e-04	5.9403e-01	4.0551e-01	8.8259e-05	5.6506e-03	8.8952e-01	1.0483e-01	1.1755e-36	1.1755e-36	1.1755e-36	1.2109e-24	0.00e+00	0.00e+00	3.9036e+00
3.68075e+18	7.3563e+03	1.808e-20	7.7426e+01	8.2932e+01	3.8300e-14	5.9249e-03	9.9408e-01	1.1029e-01	8.8971e-01	3.2080e-11	2.2274e-16	3.8857e-04	6.1927e-01	3.8027e-01	7.6366e-05	6.0247e-03	9.0183e-01	9.2141e-02	1.1755e-36	1.1755e-36	1.1755e-36	1.4243e-24	0.00e+00	0.00e+00	4.0045e+00
3.72081e+18	7.3830e+03	1.818e-20	7.7426e+01	8.2796e+01	4.2194e-14	6.2504e-03	9.9375e-01	1.2994e-01	8.7006e-01	2.8038e-11	2.6631e-16	4.1081e-04	6.4853e-01	3.5099e-01	6.3724e-05	6.4773e-03	9.1508e-01	7.8438e-02	1.1755e-36	1.1755e-36	1.1755e-36	1.7215e-24	0.00e+00	0.00e+00	4.1429e+00
3.76251e+18	7.4076e+03	1.829e-20	7.7426e+01	8.2602e+01	4.6911e-14	6.6214e-03	9.9338e-01	1.5760e-01	8.4240e-01	2.4287e-11	3.2169e-16	4.3481e-04	6.8034e-01	3.1917e-01	5.1622e-05	6.9951e-03	9.2865e-01	6.4359e-02	1.1755e-36	1.1755e-36	1.1755e-36	2.1008e-24	0.00e+00	0.00e+00	4.2663e+00
3.79499e+18	7.4343e+03	1.836e-20	7.7426e+01	8.2421e+01	5.0854e-14	6.9333e-03	9.9307e-01	1.8770e-01	8.1230e-01	2.1550e-11	3.7446e-16	4.5421e-04	7.0643e-01	2.9308e-01	4.2740e-05	7.4343e-03	9.3917e-01	5.3396e-02	1.1755e-36	1.1755e-36	1.1755e-36	2.4645e-24	0.00e+00	0.00e+00	4.3573e+00
3.81897e+18	7.4413e+03	1.839e-20	7.7426e+01	8.2170e+01	5.4611e-14	7.1840e-03	9.9282e-01	2.1643e-01	7.8357e-01	1.9391e-11	4.2032e-16	4.6878e-04	7.2616e-01	2.7333e-01	3.6496e-05	7.7863e-03	9.4672e-01	4.5493e-02	1.1755e-36	1.1755e-36	1.1755e-36	2.7765e-24	0.00e+00	0.00e+00	4.4314e+00
3.83985e+18	7.4543e+03	1.841e-20	7.7426e+01	8.1974e+01	5.7943e-14	7.4126e-03	9.9259e-01	2.4787e-01	7.5213e-01	1.7543e-11	4.6617e-16	4.8136e-04	7.4334e-01	2.5615e-01	3.1362e-05	8.1075e-03	9.5306e-01	3.8832e-02	1.1755e-36	1.1755e-36	1.1755e-36	3.0928e-24	0.00e+00	0.00e+00	4.5063e+00
3.86363e+18	7.4602e+03	1.842e-20	7.7426e+01	8.1708e+01	6.2651e-14	7.6962e-03	9.9230e-01	2.9278e-01	7.0722e-01	1.5347e-11	5.2758e-16	4.9570e-04	7.6270e-01	2.3678e-01	2.5869e-05	8.5016e-03	9.5986e-01	3.1637e-02	1.1755e-36	1.1755e-36	1.1755e-36	3.5191e-24	0.00e+00	0.00e+00	4.6074e+00
3.88819e+18	7.4702e+03	1.840e-20	7.7426e+01	8.1344e+01	6.7690e-14	7.9974e-03	9.9200e-01	3.5213e-01	6.4787e-01	1.3001e-11	5.9875e-16	5.0939e-04	7.8173e-01	2.1774e-01	2.0890e-05	8.9203e-03	9.6640e-01	2.4684e-02	1.1755e-36	1.1755e-36	1.1755e-36	4.0068e-24	0.00e+00	0.00e+00	4.6944e+00
3.90755e+18	7.4721e+03	1.832e-20	7.7426e+01	8.0843e+01	7.2142e-14	8.2357e-03	9.9176e-01	4.1162e-01	5.8838e-01	1.1038e-11	6.5991e-16	5.1831e-04	7.9581e-01	2.0366e-01	1.7364e-05	9.2522e-03	9.7114e-01	1.9607e-02	1.1755e-36	1.1755e-36	1.1755e-36	4.4042e-24	0.00e+00	0.00e+00	4.7607e+00
3.92309e+18	7.4682e+03	1.826e-20	7.7426e+01	8.0486e+01	7.6558e-14	8.4473e-03	9.9155e-01	4.6916e-01	5.3084e-01	9.5012e-12	7.1873e-16	5.2541e-04	8.0658e-01	1.9288e-01	1.4729e-05	9.5412e-03	9.7457e-01	1.5888e-02	1.1755e-36	1.1755e-36	1.1755e-36	4.7946e-24	0.00e+00	0.00e+00	4.8211e+00
3.93990e+18	7.4625e+03	1.816e-20	7.7426e+01	8.0048e+01	8.1821e-14	8.6876e-03	9.9131e-01	5.3912e-01	4.6088e-01	7.7394e-12	7.8918e-16	5.3229e-04	8.1715e-01	1.8230e-01	1.2137e-05	9.8650e-03	9.7777e-01	1.2368e-02	1.1755e-36	1.1755e-36	1.1755e-36	5.2572e-24	0.00e+00	0.00e+00	4.9018e+00
3.96175e+18	7.4511e+03	1.799e-20	7.7426e+01	7.9339e+01	8.9403e-14	9.0062e-03	9.9099e-01	6.3725e-01	3.6275e-01	5.5994e-12	8.8785e-16	5.3871e-04	8.2863e-01	1.7082e-01	9.3073e-06	1.0289e-02	9.8107e-01	8.6445e-03	1.1755e-36	1.1755e-36	1.1755e-36	5.8938e-24	0.00e+00	0.00e+00	5.0106e+00
3.98428e+18	7.4342e+03	1.781e-20	7.7426e+01	7.8625e+01	9.8551e-14	9.3639e-03	9.9064e-01	7.4094e-01	2.5906e-01	3.6895e-12	1.0026e-15	5.4394e-04	8.3815e-01	1.6130e-01	6.9543e-06	1.0754e-02	9.8355e-01	5.6935e-03	1.1755e-36	1.1755e-36	1.1755e-36	6.6493e-24	0.00e+00	0.00e+00	5.1038e+00
4.00384e+18	7.4168e+03	1.768e-20	7.7426e+01	7.8096e+01	1.0789e-13	9.7121e-03	9.9029e-01	8.2090e-01	1.7910e-01	2.3872e-12	1.1145e-15	5.4798e-04	8.4472e-01	1.5472e-01	5.2766e-06	1.1197e-02	9.8496e-01	3.8448e-03	1.1755e-36	1.1755e-36	1.1755e-36	7.4341e-24	0.00e+00	0.00e+00	5.1929e+00
4.02543e+18	7.4062e+03	1.757e-20	7.7426e+01	7.7529e+01	1.1846e-13	1.0117e-02	9.8988e-01	8.8711e-01	1.1289e-01	1.3929e-12	1.2404e-15	5.5124e-04	8.5023e-01	1.4922e-01	3.8270e-06	1.1706e-02	9.8582e-01	2.4691e-03	1.1755e-36	1.1755e-36	1.1755e-36	8.3824e-24	0.00e+00	0.00e+00	5.3136e+00
4.05348e+18	7.3930e+03	1.755e-20	7.7426e+01	7.7104e+01	1.3491e-13	1.0727e-02	9.8927e-01	9.4112e-01	5.8875e-02	6.6367e-13	1.4275e-15	5.5665e-04	8.5604e-01	1.4340e-01	2.4770e-06	1.2462e-02	9.8616e-01	1.3807e-03	1.1755e-36	1.1755e-36	1.1755e-36	9.9888e-24	0.00e+00	0.00e+00	5.4799e+00
4.08996e+18	7.3882e+03	1.764e-20	7.7426e+01	7.6791e+01	1.6023e-13	1.1642e-02	9.8836e-01	9.7520e-01	2.4796e-02	2.5080e-13	1.7153e-15	5.6426e-04	8.6233e-01	1.3710e-01	1.3830e-06	1.3586e-02	9.8576e-01	6.5006e-04	1.1755e-36	1.1755e-36	1.1755e-36	1.2825e-23	0.00e+00	0.00e+00	5.7146e+00
4.13738e+18	7.3923e+03	1.788e-20	7.7426e+01	7.6561e+01	2.0294e-13	1.3065e-02	9.8694e-01	9.9154e-01	8.4554e-03	7.4904e-14	2.2045e-15	5.7481e-04	8.6985e-01	1.2957e-01	6.3868e-07	1.5329e-02	9.8442e-01	2.4948e-04	1.1755e-36	1.1755e-36	1.1755e-36	1.8378e-23	0.00e+00	0.00e+00	6.0570e+00
4.19902e+18	7.4007e+03	1.829e-20	7.7426e+01	7.6366e+01	2.8545e-13	1.5434e-02	9.8457e-01	9.9765e-01	2.3541e-03	1.7679e-14	3.1568e-15	5.8926e-04	8.7981e-01	1.1960e-01	2.2955e-07	1.8232e-02	9.8169e-01	7.5126e-05	1.1755e-36	1.1755e-36	1.1755e-36	3.1102e-23	0.00e+00	0.00e+00	6.5828e+00
4.25881e+18	7.3999e+03	1.878e-20	7.7426e+01	7.6146e+01	4.2685e-13	1.8738e-02	9.8126e-01	9.9927e-01	7.3330e-04	4.7673e-15	4.7679e-15	6.0420e-04	8.9001e-01	1.0938e-01	1.1755e-36	2.2285e-02	9.7769e-01	2.3780e-05	1.1755e-36	1.1755e-36	1.1755e-36	5.7167e-23	0.00e+00	0.00e+00	7.0399e+00
4.30035e+18	7.3937e+03	1.914e-20	7.7426e+01	7.5905e+01	5.9696e-13	2.1996e-02	9.7800e-01	9.9965e-01	3.5439e-04	2.0911e-15	6.6912e-15	6.1499e-04	8.9797e-01	1.0142e-01	1.1755e-36	2.6285e-02	9.7370e-01	1.1060e-05	1.1755e-36	1.1755e-36	1.1755e-36	9.4294e-23	0.00e+00	0.00e+00	7.3965e+00
4.33215e+18	7.3817e+03	1.941e-20	7.7426e+01	7.5585e+01	7.9694e-13	2.5195e-02	9.7480e-01	9.9979e-01	2.0758e-04	1.1347e-15	8.9095e-15	6.2272e-04	9.0459e-01	9.4788e-02	1.1755e-36	3.0217e-02	9.6978e-01	6.1436e-06	1.1755e-36	1.1755e-36	1.1755e-36	1.4375e-22	0.00e+00	0.00e+00	7.7716e+00
4.36717e+18	7.3672e+03	1.969e-20	7.7426e+01	7.5215e+01	1.1276e-12	2.9662e-02	9.7034e-01	9.9988e-01	1.1574e-04	5.7924e-16	1.2577e-14	6.3119e-04	9.1249e-01	8.6881e-02	1.1755e-36	3.5706e-02	9.6429e-01	3.1633e-06	1.1755e-36	1.1755e-36	1.1755e-36	2.3887e-22	0.00e+00	0.00e+00	8.3457e+00
4.40372e+18	7.3272e+03	2.002e-20	7.7426e+01	7.4708e+01	1.7517e-12	3.6264e-02	9.6374e-01	9.9994e-01	6.4878e-05	2.9799e-16	1.9168e-14	6.3997e-04	9.2126e-01	7.8098e-02	1.1755e-36	4.3811e-02	9.5619e-01	1.5849e-06	1.1755e-36	1.1755e-36	1.1755e-36	4.4431e-22	0.00e+00	0.00e+00	8.9395e+00
4.43426e+18	7.2899e+03	2.024e-20	7.7426e+01	7.4086e+01	2.7111e-12	4.4284e-02	9.5572e-01	9.9996e-01	4.0501e-05	1.7364e-16	2.9101e-14	6.4628e-04	9.2938e-01	6.9972e-02	1.1755e-36	5.3640e-02	9.4636e-01	8.6941e-07	1.1755e-36	1.1755e-36	1.1755e-36	8.2286e-22	0.00e+00	0.00e+00	9.5370e+00
4.46000e+18	7.2477e+03	2.040e-20	7.7426e+01	7.3446e+01	4.1975e-12	5.3991e-02	9.4601e-01	9.9997e-01	2.7355e-05	1.1068e-16	4.4045e-14	6.5115e-04	9.3693e-01	6.2421e-02	1.1755e-36	6.5499e-02	9.3450e-01	5.0911e-07	1.1755e-36	1.1755e-36	1.1755e-36	1.5190e-21	0.00e+00	0.00e+00	1.0167e+01
4.48273e+18	7.2017e+03	2.042e-20	7.7426e+01	7.2551e+01	6.5830e-12	6.6116e-02	9.3388e-01	9.9998e-01	1.9353e-05	7.4644e-17	6.7133e-14	6.5269e-04	9.4406e-01	5.5290e-02	1.1755e-36	8.0253e-02	9.1975e-01	3.0741e-07	1.1755e-36	1.1755e-36	1.1755e-36	2.8355e-21	0.00e+00	0.00e+00	1.0865e+01
4.50312e+18	7.1511e+03	2.029e-20	7.7426e+01	7.1390e+01	1.0581e-11	8.1726e-02	9.1827e-01	9.9999e-01	1.4206e-05	5.2720e-17	1.0426e-13	6.5128e-04	9.5089e-01	4.8463e-02	1.1755e-36	9.9137e-02	9.0086e-01	1.8868e-07	1.1755e-36	1.1755e-36	1.1755e-36	5.4519e-21	0.00e+00	0.00e+00	1.1632e+01
4.52081e+18	7.0952e+03	1.997e-20	7.7426e+01	6.9914e+01	1.7258e-11	1.0142e-01	8.9858e-01	9.9999e-01	1.0879e-05	3.9275e-17	1.6308e-13	6.4607e-04	9.5720e-01	4.2157e-02	1.1755e-36	1.2277e-01	8.7723e-01	1.1872e-07	1.1755e-36	1.1755e-36	1.1755e-36	1.0616e-20	0.00e+00	0.00e+00	1.2434e+01
4.53541e+18	7.0342e+03	1.945e-20	7.7426e+01	6.8124e+01	2.7903e-11	1.2489e-01	8.7511e-01	9.9999e-01	8.7354e-06	3.1055e-17	2.5090e-13	6.3674e-04	9.6272e-01	3.6647e-02	1.1755e-36	1.5067e-01	8.4933e-01	7.7737e-08	1.1755e-36	1.1755e-36	1.1755e-36	2.0203e-20	0.00e+00	0.00e+00	1.3230e+01
4.54722e+18	6.9713e+03	1.869e-20	7.7426e+01	6.5827e+01	4.3615e-11	1.5089e-01	8.4911e-01	9.9999e-01	7.3219e-06	2.6015e-17	3.6935e-13	6.2126e-04	9.6727e-01	3.2113e-02	1.1755e-36	1.8122e-01	8.1878e-01	5.3344e-08	1.1755e-36	1.1755e-36	1.1755e-36	3.5980e-20	0.00e+00	0.00e+00	1.4010e+01
4.55711e+18	6.8950e+03	1.784e-20	7.7426e+01	6.3517e+01	6.7783e-11	1.8060e-01	8.1940e-01	9.9999e-01	6.2897e-06	2.2430e-17	5.3553e-13	6.0516e-04	9.7131e-01	2.8081e-02	1.1755e-36	2.1567e-01	7.8433e-01	3.7505e-08	1.1755e-36	1.1755e-36	1.1755e-36	6.2827e-20	0.00e+00	0.00e+00	1.4823e+01
4.56580e+18	6.8014e+03	1.682e-20	7.7426e+01	6.0865e+01	1.0607e-10	2.1499e-01	7.8501e-01	9.9999e-01	5.5274e-06	1.9943e-17	7.6793e-13	5.8500e-04	9.7495e-01	2.4463e-02	1.1755e-36	2.5497e-01	7.4503e-01	2.6651e-08	1.1755e-36	1.1755e-36	1.1755e-36	1.0800e-19	0.00e+00	0.00e+00	1.5681e+01
4.57347e+18	6.6872e+03	1.562e-20	7.7426e+01	5.7814e+01	1.6742e-10	2.5419e-01	7.4581e-01	1.0000e+00	4.9552e-06	1.8254e-17	1.0857e-12	5.6059e-04	9.7820e-01	2.1244e-02	1.1755e-36	2.9902e-01	7.0098e-01	1.9116e-08	1.1755e-36	1.1755e-36	1.1755e-36	1.8182e-19	0.00e+00	0.00e+00	1.6573e+01
4.57978e+18	6.5605e+03	1.439e-20	7.7426e+01	5.4659e+01	2.5825e-10	2.9493e-01	7.0507e-01	1.0000e+00	4.5601e-06	1.7274e-17	1.4768e-12	5.3440e-04	9.8086e-01	1.8609e-02	1.1755e-36	3.4394e-01	6.5606e-01	1.4173e-08	1.1755e-36	1.1755e-36	1.1755e-36	2.8901e-19	0.00e+00	0.00e+00	1.7358e+01
4.58438e+18	6.4408e+03	1.332e-20	7.7426e+01	5.1898e+01	3.6947e-10	3.3057e-01	6.6943e-01	1.0000e+00	4.3131e-06	1.6809e-17	1.8700e-12	5.1092e-04	9.8279e-01	1.6704e-02	1.1755e-36	3.8256e-01	6.1744e-01	1.1199e-08	1.1755e-36	1.1755e-36	1.1755e-36	4.1253e-19	0.00e+00	0.00e+00	1.7967e+01
4.58769e+18	6.3359e+03	1.247e-20	7.7426e+01	4.9691e+01	4.9011e-10	3.5944e-01	6.4056e-01	1.0000e+00	4.1524e-06	1.6584e-17	2.2253e-12	4.9193e-04	9.8416e-01	1.5345e-02	1.1755e-36	4.1339e-01	5.8661e-01	9.3634e-09	1.1755e-36	1.1755e-36	1.1755e-36	5.3629e-19	0.00e+00	0.00e+00	1.8465e+01
4.59038e+18	6.2352e+03	1.173e-20	7.7426e+01	4.7693e+01	6.2820e-10	3.8486e-01	6.1514e-01	1.0000e+00	4.0360e-06	1.6505e-17	2.5625e-12	4.7453e-04	9.8527e-01	1.4252e-02	1.1755e-36	4.4022e-01	5.5978e-01	8.0422e-09	1.1755e-36	1.1755e-36	1.1755e-36	6.6291e-19	0.00e+00	0.00e+00	1.8946e+01
4.59288e+18	6.1284e+03	1.100e-20	7.7426e+01	4.5728e+01	8.0442e-10	4.1018e-01	5.8982e-01	1.0000e+00	3.9322e-06	1.6475e-17	2.9240e-12	4.5731e-04	9.8629e-01	1.3251e-02	1.1755e-36	4.6663e-01	5.3337e-01	6.9475e-09	1.1755e-36	1.1755e-36	1.1755e-36	8.0857e-19	0.00e+00	0.00e+00	1.9435e+01
4.59523e+18	6.0146e+03	1.029e-20	7.7426e+01	4.3755e+01	1.0331e-09	4.3558e-01	5.6442e-01	1.0000e+00	3.8424e-06	1.6520e-17	3.3117e-12	4.3988e-04	9.8723e-01	1.2329e-02	1.1755e-36	4.9283e-01	5.0717e-01	6.0264e-09	1.1755e-36	1.1755e-36	1.1755e-36	9.7539e-19	0.00e+00	0.00e+00	1.9918e+01
4.59737e+18	5.8984e+03	9.630e-21	7.7426e+01	4.1861e+01	1.3190e-09	4.5995e-01	5.4005e-01	1.0000e+00	3.7713e-06	1.6641e-17	3.7078e-12	4.2306e-04	9.8807e-01	1.1511e-02	1.1755e-36	5.1770e-01	4.8230e-01	5.2765e-09	1.1755e-36	1.1755e-36	1.1755e-36	1.1570e-18	0.00e+00	0.00e+00	2.0371e+01
4.59927e+18	5.7836e+03	9.029e-21	7.7426e+01	4.0107e+01	1.6637e-09	4.8253e-01	5.1747e-01	1.0000e+00	3.7151e-06	1.6811e-17	4.0969e-12	4.0739e-04	9.8879e-01	1.0802e-02	1.1755e-36	5.4051e-01	4.5949e-01	4.6762e-09	1.1755e-36	1.1755e-36	1.1755e-36	1.3464e-18	0.00e+00	0.00e+00	2.0791e+01
4.60097e+18	5.6673e+03	8.486e-21	7.7426e+01	3.8482e+01	2.0872e-09	5.0374e-01	4.9626e-01	1.0000e+00	3.6667e-06	1.6991e-17	4.4854e-12	3.9287e-04	9.8944e-01	1.0172e-02	1.1755e-36	5.6172e-01	4.3828e-01	4.1823e-09	1.1755e-36	1.1755e-36	1.1755e-36	1.5473e-18	0.00e+00	0.00e+00	2.1192e+01
4.60256e+18	5.5506e+03	7.975e-21	7.7426e+01	3.6914e+01	2.6095e-09	5.2399e-01	4.7601e-01	1.0000e+00	3.6275e-06	1.7217e-17	4.8760e-12	3.7879e-04	9.9002e-01	9.6003e-03	1.1755e-36	5.8180e-01	4.1820e-01	3.7622e-09	1.1755e-36	1.1755e-36	1.1755e-36	1.7618e-18	0.00e+00	0.00e+00	2.1587e+01
4.60406e+18	5.4301e+03	7.493e-21	7.7426e+01	3.5395e+01	3.2716e-09	5.4362e-01	4.5638e-01	1.0000e+00	3.5931e-06	1.7466e-17	5.2773e-12	3.6512e-04	9.9056e-01	9.0732e-03	1.1755e-36	6.0109e-01	3.9891e-01	3.3982e-09	1.1755e-36	1.1755e-36	1.1755e-36	1.9974e-18	0.00e+00	0.00e+00	2.1973e+01
4.60526e+18	5.3317e+03	7.118e-21	7.7426e+01	3.4181e+01	3.9340e-09	5.5930e-01	4.4070e-01	1.0000e+00	3.5735e-06	1.7724e-17	5.6168e-12	3.5414e-04	9.9097e-01	8.6774e-03	1.1755e-36	6.1639e-01	3.8361e-01	3.1351e-09	1.1755e-36	1.1755e-36	1.1755e-36	2.2108e-18	0.00e+00	0.00e+00	2.2234e+01
4.60613e+18	5.2546e+03	6.845e-21	7.7426e+01	3.3280e+01	4.5360e-09	5.7089e-01	4.2911e-01	1.0000e+00	3.5599e-06	1.7925e-17	5.8807e-12	3.4600e-04	9.9126e-01	8.3899e-03	1.1755e-36	6.2763e-01	3.7237e-01	2.9534e-09	1.1755e-36	1.1755e-36	1.1755e-36	2.3867e-18	0.00e+00	0.00e+00	2.2452e+01
4.60694e+18	5.1760e+03	6.586e-21	7.7426e+01	3.2416e+01	5.2355e-09	5.8212e-01	4.1788e-01	1.0000e+00	3.5442e-06	1.8104e-17	6.1515e-12	3.3822e-04	9.9155e-01	8.1138e-03	1.1755e-36	6.3847e-01	3.6153e-01	2.7868e-09	1.1755e-36	1.1755e-36	1.1755e-36	2.5779e-18	0.00e+00	0.00e+00	2.2692e+01
4.60784e+18	5.0865e+03	6.302e-21	7.7426e+01	3.1455e+01	6.1620e-09	5.9453e-01	4.0547e-01	1.0000e+00	3.5283e-06	1.8321e-17	6.4677e-12	3.2955e-04	9.9185e-01	7.8166e-03	1.1755e-36	6.5039e-01	3.4961e-01	2.6130e-09	1.1755e-36	1.1755e-36	1.1755e-36	2.8159e-18	0.00e+00	0.00e+00	2.2966e+01
4.60878e+18	4.9851e+03	6.011e-21	7.7426e+01	3.0439e+01	7.3911e-09	6.0771e-01	3.9229e-01	1.0000e+00	3.5119e-06	1.8555e-17	6.8298e-12	3.2043e-04	9.9217e-01	7.5093e-03	1.1755e-36	6.6299e-01	3.3701e-01	2.4413e-09	1.1755e-36	1.1755e-36	1.1755e-36	3.1088e-18	0.00e+00	0.00e+00	2.3246e+01
4.60969e+18	4.8826e+03	5.735e-21	7.7426e+01	2.9452e+01	8.8582e-09	6.2049e-01	3.7951e-01	1.0000e+00	3.4980e-06	1.8802e-17	7.1872e-12	3.1160e-04	9.9248e-01	7.2066e-03	1.1755e-36	6.7514e-01	3.2486e-01	2.2852e-09	1.1755e-36	1.1755e-36	1.1755e-36	3.4082e-18	0.00e+00	0.00e+00	2.3513e+01
4.61055e+18	4.7815e+03	5.478e-21	7.7426e+01	2.8514e+01	1.0580e-08	6.3262e-01	3.6738e-01	1.0000e+00	3.4860e-06	1.9052e-17	7.5465e-12	3.0322e-04	9.9277e-01	6.9251e-03	1.1755e-36	6.8661e-01	3.1339e-01	2.1458e-09	1.1755e-36	1.1755e-36	1.1755e-36	3.7336e-18	0.00e+00	0.00e+00	2.3772e+01
4.61122e+18	4.7026e+03	5.287e-21	7.7426e+01	2.7802e+01	1.2143e-08	6.4185e-01	3.5815e-01	1.0000e+00	3.4791e-06	1.9262e-17	7.8346e-12	2.9687e-04	9.9298e-01	6.7186e-03	1.1755e-36	6.9531e-01	3.0469e-01	2.0458e-09	1.1755e-36	1.1755e-36	1.1755e-36	4.0139e-18	0.00e+00	0.00e+00	2.3933e+01
4.61168e+18	4.6532e+03	5.154e-21	7.7426e+01	2.7296e+01	1.3250e-08	6.4786e-01	3.5214e-01	1.0000e+00	3.4797e-06	1.9467e-17	8.0177e-12	2.9226e-04	9.9312e-01	6.5851e-03	1.1755e-36	7.0094e-01	2.9906e-01	1.9809e-09	1.1755e-36	1.1755e-36	1.1755e-36	4.2010e-18	0.00e+00	0.00e+00	2.4060e+01
4.61212e+18	4.5896e+03	5.026e-21	7.7426e+01	2.6815e+01	1.4758e-08	6.5454e-01	3.4546e-01	1.0000e+00	3.4690e-06	1.9557e-17	8.2524e-12	2.8811e-04	9.9328e-01	6.4341e-03	1.1755e-36	7.0720e-01	2.9280e-01	1.9137e-09	1.1755e-36	1.1755e-36	1.1755e-36	4.4536e-18	0.00e+00	0.00e+00	2.4213e+01
4.61259e+18	4.5321e+03	4.890e-21	7.7426e+01	2.6302e+01	1.6295e-08	6.6118e-01	3.3882e-01	1.0000e+00	3.4643e-06	1.9726e-17	8.4797e-12	2.8353e-04	9.9343e-01	6.2875e-03	1.1755e-36	7.1339e-01	2.8661e-01	1.8469e-09	1.1755e-36	1.1755e-36	1.1755e-36	4.7088e-18	0.00e+00	0.00e+00	2.4365e+01
4.61308e+18	4.4623e+03	4.753e-21	7.7426e+01	2.5757e+01	1.8291e-08	6.6818e-01	3.3182e-01	1.0000e+00	3.4569e-06	1.9875e-17	8.7338e-12	2.7878e-04	9.9359e-01	6.1339e-03	1.1755e-36	7.1993e-01	2.8007e-01	1.7801e-09	1.1755e-36	1.1755e-36	1.1755e-36	5.0123e-18	0.00e+00	0.00e+00	2.4527e+01
4.61355e+18	4.3977e+03	4.621e-21	7.7426e+01	2.5235e+01	2.0347e-08	6.7490e-01	3.2510e-01	1.0000e+00	3.4516e-06	2.0040e-17	8.9830e-12	2.7422e-04	9.9374e-01	5.9889e-03	1.1755e-36	7.2617e-01	2.7383e-01	1.7174e-09	1.1755e-36	1.1755e-36	1.1755e-36	5.3242e-18	0.00e+00	0.00e+00	2.4678e+01
4.61401e+18	4.3340e+03	4.497e-21	7.7426e+01	2.4737e+01	2.2551e-08	6.8137e-01	3.1863e-01	1.0000e+00	3.4462e-06	2.0197e-17	9.2307e-12	2.6989e-04	9.9388e-01	5.8505e-03	1.1755e-36	7.3216e-01	2.6784e-01	1.6588e-09	1.1755e-36	1.1755e-36	1.1755e-36	5.6498e-18	0.00e+00	0.00e+00	2.4828e+01
4.61446e+18	4.2679e+03	4.372e-21	7.7426e+01	2.4236e+01	2.5023e-08	6.8792e-01	3.1208e-01	1.0000e+00	3.4403e-06	2.0352e-17	9.4886e-12	2.6556e-04	9.9402e-01	5.7116e-03	1.1755e-36	7.3821e-01	2.6179e-01	1.6013e-09	1.1755e-36	1.1755e-36	1.1755e-36	6.0052e-18	0.00e+00	0.00e+00	2.4983e+01
4.61493e+18	4.2043e+03	4.246e-21	7.7426e+01	2.3710e+01	2.7572e-08	6.9422e-01	3.0578e-01	1.0000e+00	3.4391e-06	2.0572e-17	9.7268e-12	2.6093e-04	9.9416e-01	5.5796e-03	1.1755e-36	7.4402e-01	2.5598e-01	1.5463e-09	1.1755e-36	1.1755e-36	1.1755e-36	6.3498e-18	0.00e+00	0.00e+00	2.5141e+01
4.61541e+18	4.1272e+03	4.117e-21	7.7426e+01	2.3169e+01	3.0843e-08	7.0129e-01	2.9871e-01	1.0000e+00	3.4316e-06	2.0731e-17	1.0014e-11	2.5636e-04	9.9431e-01	5.4326e-03	1.1755e-36	7.5052e-01	2.4948e-01	1.4882e-09	1.1755e-36	1.1755e-36	1.1755e-36	6.7836e-18	0.00e+00	0.00e+00	2.5314e+01
4.61590e+18	4.0529e+03	3.990e-21	7.7426e+01	2.2634e+01	3.4194e-08	7.0818e-01	2.9182e-01	1.0000e+00	3.4260e-06	2.0915e-17	1.0288e-11	2.5183e-04	9.9446e-01	5.2913e-03	1.1755e-36	7.5685e-01	2.4315e-01	1.4326e-09	1.1755e-36	1.1755e-36	1.1755e-36	7.2139e-18	0.00e+00	0.00e+00	2.5479e+01
4.61638e+18	3.9837e+03	3.866e-21	7.7426e+01	2.2109e+01	3.7452e-08	7.1478e-01	2.8522e-01	1.0000e+00	3.4229e-06	2.1130e-17	1.0538e-11	2.4732e-04	9.9460e-01	5.1573e-03	1.1755e-36	7.6288e-01	2.3712e-01	1.3799e-09	1.1755e-36	1.1755e-36	1.1755e-36	7.6169e-18	0.00e+00	0.00e+00	2.5649e+01
