#depth	Te	Htot	hden	eden	2H_2/H	HI	HII	HeI	HeII	HeIII	CO/C	C1	C2	C3	C4	O1	O2	O3	O4	O5	O6	H2O/O	AV(point)	AV(extend)	Tau912
3.30879e+12	7.6466e+03	8.210e-18	1.6681e+03	1.8113e+03	7.4988e-16	1.1643e-03	9.9884e-01	6.2966e-03	9.8854e-01	5.1607e-03	6.6942e-19	3.6640e-05	1.0524e-01	8.9254e-01	2.1816e-03	3.0309e-04	2.9536e-01	7.0286e-01	1.4732e-03	1.1755e-36	1.1755e-36	5.8109e-27	0.00e+00	0.00e+00	8.1137e-05
1.98528e+13	7.6458e+03	8.209e-18	1.6681e+03	1.8111e+03	7.4996e-16	1.1640e-03	9.9884e-01	6.2964e-03	9.8855e-01	5.1571e-03	6.6869e-19	3.6608e-05	1.0523e-01	8.9255e-01	2.1875e-03	3.0293e-04	2.9527e-01	7.0296e-01	1.4681e-03	1.1755e-36	1.1755e-36	5.8035e-27	0.00e+00	0.00e+00	4.0561e-04
8.60286e+13	7.6437e+03	8.205e-18	1.6681e+03	1.8111e+03	7.5019e-16	1.1635e-03	9.9884e-01	6.2972e-03	9.8858e-01	5.1255e-03	6.6791e-19	3.6554e-05	1.0521e-01	8.9256e-01	2.1852e-03	3.0284e-04	2.9530e-01	7.0295e-01	1.4469e-03	1.1755e-36	1.1755e-36	5.7940e-27	0.00e+00	0.00e+00	1.7029e-03
3.50732e+14	7.6369e+03	8.191e-18	1.6681e+03	1.8111e+03	7.5222e-16	1.1628e-03	9.9884e-01	6.3045e-03	9.8874e-01	4.9567e-03	6.6817e-19	3.6497e-05	1.0529e-01	8.9251e-01	2.1696e-03	3.0315e-04	2.9563e-01	7.0270e-01	1.3650e-03	1.1755e-36	1.1755e-36	5.7860e-27	0.00e+00	0.00e+00	6.8893e-03
8.37786e+14	7.6195e+03	8.137e-18	1.6681e+03	1.8110e+03	7.4807e-16	1.1558e-03	9.9884e-01	6.2985e-03	9.8884e-01	4.8649e-03	6.5745e-19	3.6232e-05	1.0523e-01	8.9258e-01	2.1565e-03	3.0186e-04	2.9578e-01	7.0266e-01	1.2557e-03	1.1755e-36	1.1755e-36	5.6347e-27	0.00e+00	0.00e+00	1.3591e-02
1.47096e+15	7.5986e+03	8.081e-18	1.6681e+03	1.8110e+03	7.4676e-16	1.1495e-03	9.9885e-01	6.2984e-03	9.8910e-01	4.5967e-03	6.4913e-19	3.6067e-05	1.0525e-01	8.9259e-01	2.1287e-03	3.0105e-04	2.9620e-01	7.0238e-01	1.1225e-03	1.1755e-36	1.1755e-36	5.5072e-27	0.00e+00	0.00e+00	2.2255e-02
2.29408e+15	7.5719e+03	8.020e-18	1.6681e+03	1.8110e+03	7.4724e-16	1.1434e-03	9.9886e-01	6.3048e-03	9.8954e-01	4.1599e-03	6.4142e-19	3.5959e-05	1.0536e-01	8.9252e-01	2.0866e-03	3.0074e-04	2.9695e-01	7.0179e-01	9.6659e-04	1.1755e-36	1.1755e-36	5.3726e-27	0.00e+00	0.00e+00	3.3459e-02
3.36414e+15	7.5483e+03	7.946e-18	1.6681e+03	1.8109e+03	7.4450e-16	1.1365e-03	9.9886e-01	6.3132e-03	9.9012e-01	3.5652e-03	6.3280e-19	3.5857e-05	1.0549e-01	8.9244e-01	2.0325e-03	3.0060e-04	2.9795e-01	7.0096e-01	7.9290e-04	1.1755e-36	1.1755e-36	5.2248e-27	0.00e+00	0.00e+00	4.7936e-02
4.75521e+15	7.5156e+03	7.866e-18	1.6681e+03	1.8108e+03	7.4508e-16	1.1302e-03	9.9887e-01	6.3319e-03	9.9083e-01	2.8428e-03	6.2550e-19	3.5820e-05	1.0576e-01	8.9224e-01	1.9649e-03	3.0136e-04	2.9954e-01	6.9955e-01	6.0998e-04	1.1755e-36	1.1755e-36	5.0718e-27	0.00e+00	0.00e+00	6.6652e-02
6.56361e+15	7.4824e+03	7.771e-18	1.6681e+03	1.8107e+03	7.4430e-16	1.1238e-03	9.9888e-01	6.3580e-03	9.9157e-01	2.0679e-03	6.1878e-19	3.5832e-05	1.0615e-01	8.9192e-01	1.8896e-03	3.0291e-04	3.0174e-01	6.9753e-01	4.3210e-04	1.1755e-36	1.1755e-36	4.9124e-27	0.00e+00	0.00e+00	9.0845e-02
8.91453e+15	7.4416e+03	7.666e-18	1.6681e+03	1.8106e+03	7.4556e-16	1.1186e-03	9.9888e-01	6.3990e-03	9.9226e-01	1.3384e-03	6.1373e-19	3.5949e-05	1.0678e-01	8.9137e-01	1.8100e-03	3.0591e-04	3.0482e-01	6.9459e-01	2.7534e-04	1.1755e-36	1.1755e-36	4.7416e-27	0.00e+00	0.00e+00	1.2215e-01
1.19707e+16	7.3989e+03	7.547e-18	1.6681e+03	1.8105e+03	7.4664e-16	1.1149e-03	9.9889e-01	6.4569e-03	9.9279e-01	7.4998e-04	6.1107e-19	3.6196e-05	1.0770e-01	8.9053e-01	1.7317e-03	3.1062e-04	3.0890e-01	6.9064e-01	1.5360e-04	1.1755e-36	1.1755e-36	4.5697e-27	0.00e+00	0.00e+00	1.6271e-01
1.59438e+16	7.3499e+03	7.418e-18	1.6681e+03	1.8104e+03	7.5152e-16	1.1142e-03	9.9889e-01	6.5430e-03	9.9310e-01	3.5252e-04	6.1352e-19	3.6656e-05	1.0907e-01	8.8924e-01	1.6549e-03	3.1794e-04	3.1430e-01	6.8531e-01	7.2664e-05	1.1755e-36	1.1755e-36	4.4135e-27	0.00e+00	0.00e+00	2.1541e-01
2.11087e+16	7.2996e+03	7.278e-18	1.6681e+03	1.8104e+03	7.5882e-16	1.1181e-03	9.9888e-01	6.6684e-03	9.9320e-01	1.3437e-04	6.2309e-19	3.7413e-05	1.1104e-01	8.8735e-01	1.5772e-03	3.2885e-04	3.2137e-01	6.7827e-01	2.8166e-05	1.1755e-36	1.1755e-36	4.2818e-27	0.00e+00	0.00e+00	2.8416e-01
2.78232e+16	7.2473e+03	7.132e-18	1.6681e+03	1.8103e+03	7.7144e-16	1.1297e-03	9.9887e-01	6.8559e-03	9.9310e-01	4.0111e-05	6.4456e-19	3.8642e-05	1.1393e-01	8.8454e-01	1.4917e-03	3.4540e-04	3.3084e-01	6.6881e-01	8.6499e-06	1.1755e-36	1.1755e-36	4.1926e-27	0.00e+00	0.00e+00	3.7446e-01
3.65520e+16	7.1994e+03	6.983e-18	1.6681e+03	1.8102e+03	7.9084e-16	1.1532e-03	9.9885e-01	7.1389e-03	9.9285e-01	9.1462e-06	6.8668e-19	4.0592e-05	1.1820e-01	8.8037e-01	1.3920e-03	3.7064e-04	3.4372e-01	6.5591e-01	2.0627e-06	1.1755e-36	1.1755e-36	4.1903e-27	0.00e+00	0.00e+00	4.9430e-01
4.78994e+16	7.1591e+03	6.842e-18	1.6681e+03	1.8101e+03	8.2516e-16	1.1967e-03	9.9880e-01	7.5799e-03	9.9242e-01	1.5987e-06	7.6865e-19	4.3739e-05	1.2467e-01	8.7401e-01	1.2712e-03	4.1052e-04	3.6179e-01	6.3780e-01	3.9196e-07	1.1755e-36	1.1755e-36	4.3635e-27	0.00e+00	0.00e+00	6.5596e-01
6.26511e+16	7.1316e+03	6.724e-18	1.6681e+03	1.8098e+03	8.8924e-16	1.2744e-03	9.9873e-01	8.2914e-03	9.9171e-01	2.2520e-07	9.3351e-19	4.8977e-05	1.3486e-01	8.6397e-01	1.1236e-03	4.7681e-04	3.8802e-01	6.1151e-01	1.1755e-36	1.1755e-36	1.1755e-36	4.8939e-27	0.00e+00	0.00e+00	8.7976e-01
8.18282e+16	7.1383e+03	6.644e-18	1.6681e+03	1.8093e+03	1.0091e-15	1.4130e-03	9.9859e-01	9.5261e-03	9.9047e-01	2.7425e-08	1.3001e-18	5.8114e-05	1.5163e-01	8.4737e-01	9.4542e-04	5.9454e-04	4.2742e-01	5.7198e-01	1.1755e-36	1.1755e-36	1.1755e-36	6.3062e-27	0.00e+00	0.00e+00	1.2024e+00
9.94039e+16	7.1703e+03	6.609e-18	1.6681e+03	1.8088e+03	1.1088e-15	1.5680e-03	9.9843e-01	1.0979e-02	9.8902e-01	4.9713e-09	1.7509e-18	6.8563e-05	1.7029e-01	8.2884e-01	8.0173e-04	7.3526e-04	4.6800e-01	5.3127e-01	1.1755e-36	1.1755e-36	1.1755e-36	7.7899e-27	0.00e+00	0.00e+00	1.4248e+00
1.10477e+17	7.2168e+03	6.639e-18	1.6681e+03	1.8084e+03	1.2204e-15	1.7048e-03	9.9830e-01	1.2277e-02	9.8772e-01	2.0140e-09	2.2829e-18	7.7766e-05	1.8602e-01	8.1319e-01	7.1266e-04	8.6210e-04	4.9909e-01	5.0005e-01	1.1755e-36	1.1755e-36	1.1755e-36	9.8480e-27	0.00e+00	0.00e+00	1.5806e+00
1.18886e+17	7.2646e+03	6.680e-18	1.6681e+03	1.8079e+03	1.3535e-15	1.8367e-03	9.9816e-01	1.3553e-02	9.8645e-01	1.0564e-09	2.9549e-18	8.6749e-05	2.0084e-01	7.9843e-01	6.4354e-04	9.8850e-04	5.2636e-01	4.7265e-01	1.1755e-36	1.1755e-36	1.1755e-36	1.2682e-26	0.00e+00	0.00e+00	1.7381e+00
1.28253e+17	7.3218e+03	6.741e-18	1.6681e+03	1.8073e+03	1.5736e-15	2.0172e-03	9.9798e-01	1.5386e-02	9.8461e-01	5.2779e-10	4.1609e-18	9.9209e-05	2.2088e-01	7.7846e-01	5.6500e-04	1.1689e-03	5.6057e-01	4.3826e-01	1.1755e-36	1.1755e-36	1.1755e-36	1.8053e-26	0.00e+00	0.00e+00	1.9631e+00
1.38325e+17	7.3954e+03	6.830e-18	1.6681e+03	1.8065e+03	1.8602e-15	2.2516e-03	9.9775e-01	1.7941e-02	9.8206e-01	2.6521e-10	6.1373e-18	1.1563e-04	2.4678e-01	7.5262e-01	4.8476e-04	1.4161e-03	6.0125e-01	3.9733e-01	1.1755e-36	1.1755e-36	1.1755e-36	2.6853e-26	0.00e+00	0.00e+00	2.1897e+00
1.46764e+17	7.4675e+03	6.927e-18	1.6681e+03	1.8056e+03	2.1862e-15	2.4986e-03	9.9750e-01	2.0872e-02	9.7913e-01	1.5475e-10	8.8664e-18	1.3322e-04	2.7399e-01	7.2546e-01	4.1801e-04	1.6901e-03	6.3989e-01	3.5842e-01	1.1755e-36	1.1755e-36	1.1755e-36	3.9253e-26	0.00e+00	0.00e+00	2.3823e+00
1.53427e+17	7.5267e+03	7.019e-18	1.6681e+03	1.8047e+03	2.5435e-15	2.7395e-03	9.9726e-01	2.4005e-02	9.7600e-01	1.0269e-10	1.2311e-17	1.5060e-04	3.0041e-01	6.9907e-01	3.6450e-04	1.9686e-03	6.7373e-01	3.2430e-01	1.1755e-36	1.1755e-36	1.1755e-36	5.5290e-26	0.00e+00	0.00e+00	2.5556e+00
1.59269e+17	7.5763e+03	7.114e-18	1.6681e+03	1.8038e+03	2.9754e-15	2.9944e-03	9.9701e-01	2.7666e-02	9.7233e-01	7.2064e-11	1.6967e-17	1.6927e-04	3.2820e-01	6.7132e-01	3.1691e-04	2.2730e-03	7.0578e-01	2.9195e-01	1.1755e-36	1.1755e-36	1.1755e-36	7.7607e-26	0.00e+00	0.00e+00	2.7346e+00
1.64907e+17	7.6490e+03	7.199e-18	1.6681e+03	1.8029e+03	3.4588e-15	3.2794e-03	9.9672e-01	3.2292e-02	9.6771e-01	5.1658e-11	2.3606e-17	1.9027e-04	3.5935e-01	6.4019e-01	2.7207e-04	2.6268e-03	7.3841e-01	2.5897e-01	1.1755e-36	1.1755e-36	1.1755e-36	1.1050e-25	0.00e+00	0.00e+00	2.9281e+00
1.70379e+17	7.6947e+03	7.307e-18	1.6681e+03	1.8012e+03	4.1132e-15	3.6219e-03	9.9638e-01	3.8371e-02	9.6163e-01	3.7535e-11	3.3215e-17	2.1539e-04	3.9601e-01	6.0354e-01	2.2792e-04	3.0603e-03	7.7215e-01	2.2479e-01	1.1755e-36	1.1755e-36	1.1755e-36	1.5696e-25	0.00e+00	0.00e+00	3.1320e+00
1.75413e+17	7.7526e+03	7.417e-18	1.6681e+03	1.7999e+03	4.9312e-15	3.9978e-03	9.9600e-01	4.6345e-02	9.5366e-01	2.8252e-11	4.7306e-17	2.4299e-04	4.3572e-01	5.6385e-01	1.8837e-04	3.5495e-03	8.0462e-01	1.9183e-01	1.1755e-36	1.1755e-36	1.1755e-36	2.3018e-25	0.00e+00	0.00e+00	3.3308e+00
1.79862e+17	7.7875e+03	7.528e-18	1.6681e+03	1.7973e+03	5.8701e-15	4.4066e-03	9.9559e-01	5.6297e-02	9.4370e-01	2.1924e-11	6.5392e-17	2.7239e-04	4.7785e-01	5.2173e-01	1.5347e-04	4.0898e-03	8.3447e-01	1.6144e-01	1.1755e-36	1.1755e-36	1.1755e-36	3.2046e-25	0.00e+00	0.00e+00	3.5246e+00
1.83858e+17	7.8412e+03	7.627e-18	1.6681e+03	1.7953e+03	6.9901e-15	4.8357e-03	9.9516e-01	6.9418e-02	9.3058e-01	1.7493e-11	9.0797e-17	3.0321e-04	5.2132e-01	4.7826e-01	1.2340e-04	4.6690e-03	8.6168e-01	1.3365e-01	1.1755e-36	1.1755e-36	1.1755e-36	4.5885e-25	0.00e+00	0.00e+00	3.7189e+00
1.86993e+17	7.8688e+03	7.717e-18	1.6681e+03	1.7917e+03	8.0344e-15	5.2381e-03	9.9476e-01	8.4076e-02	9.1592e-01	1.4627e-11	1.1701e-16	3.3088e-04	5.6078e-01	4.3879e-01	1.0058e-04	5.2170e-03	8.8349e-01	1.1129e-01	1.1755e-36	1.1755e-36	1.1755e-36	5.9189e-25	0.00e+00	0.00e+00	3.8544e+00
1.89092e+17	7.8929e+03	7.779e-18	1.6681e+03	1.7894e+03	8.9485e-15	5.5427e-03	9.9446e-01	9.7866e-02	9.0213e-01	1.2943e-11	1.4171e-16	3.5182e-04	5.9009e-01	4.0947e-01	8.5678e-05	5.6359e-03	8.9819e-01	9.6174e-02	1.1755e-36	1.1755e-36	1.1755e-36	7.2682e-25	0.00e+00	0.00e+00	3.9562e+00
1.90762e+17	7.9094e+03	7.825e-18	1.6681e+03	1.7870e+03	9.7833e-15	5.8090e-03	9.9419e-01	1.1187e-01	8.8813e-01	1.1649e-11	1.6550e-16	3.6946e-04	6.1487e-01	3.8469e-01	7.4155e-05	6.0033e-03	9.0970e-01	8.4296e-02	1.1755e-36	1.1755e-36	1.1755e-36	8.5628e-25	0.00e+00	0.00e+00	4.0538e+00
1.92596e+17	7.9230e+03	7.877e-18	1.6681e+03	1.7843e+03	1.0956e-14	6.1333e-03	9.9387e-01	1.3188e-01	8.6812e-01	1.0279e-11	1.9921e-16	3.9006e-04	6.4347e-01	3.5608e-01	6.1904e-05	6.4497e-03	9.2204e-01	7.1512e-02	1.1755e-36	1.1755e-36	1.1755e-36	1.0499e-24	0.00e+00	0.00e+00	4.1877e+00
1.94502e+17	7.9480e+03	7.926e-18	1.6681e+03	1.7806e+03	1.2226e-14	6.4958e-03	9.9350e-01	1.5988e-01	8.4012e-01	8.9923e-12	2.4091e-16	4.1223e-04	6.7444e-01	3.2510e-01	5.0287e-05	6.9525e-03	9.3459e-01	5.8453e-02	1.1755e-36	1.1755e-36	1.1755e-36	1.2886e-24	0.00e+00	0.00e+00	4.3068e+00
1.95987e+17	7.9466e+03	7.967e-18	1.6681e+03	1.7749e+03	1.3426e-14	6.8143e-03	9.9319e-01	1.8996e-01	8.1004e-01	7.9711e-12	2.7844e-16	4.3021e-04	6.9997e-01	2.9956e-01	4.1665e-05	7.3929e-03	9.4424e-01	4.8366e-02	1.1755e-36	1.1755e-36	1.1755e-36	1.4866e-24	0.00e+00	0.00e+00	4.3950e+00
1.97091e+17	7.9664e+03	7.973e-18	1.6681e+03	1.7694e+03	1.4241e-14	7.0513e-03	9.9295e-01	2.1836e-01	7.8164e-01	7.1753e-12	3.1031e-16	4.4296e-04	7.1884e-01	2.8068e-01	3.5746e-05	7.7255e-03	9.5116e-01	4.1113e-02	1.1755e-36	1.1755e-36	1.1755e-36	1.6599e-24	0.00e+00	0.00e+00	4.4677e+00
1.98218e+17	7.9774e+03	7.987e-18	1.6681e+03	1.7652e+03	1.5540e-14	7.3248e-03	9.9268e-01	2.5622e-01	7.4378e-01	6.4052e-12	3.5577e-16	4.5699e-04	7.3849e-01	2.6102e-01	2.9889e-05	8.1030e-03	9.5788e-01	3.4017e-02	1.1755e-36	1.1755e-36	1.1755e-36	1.9420e-24	0.00e+00	0.00e+00	4.5660e+00
1.99405e+17	7.9838e+03	7.995e-18	1.6681e+03	1.7587e+03	1.6949e-14	7.6290e-03	9.9237e-01	3.0758e-01	6.9242e-01	5.5687e-12	4.0712e-16	4.7098e-04	7.5862e-01	2.4089e-01	2.4376e-05	8.5214e-03	9.6453e-01	2.6953e-02	1.1755e-36	1.1755e-36	1.1755e-36	2.2426e-24	0.00e+00	0.00e+00	4.6545e+00
2.00369e+17	7.9867e+03	7.978e-18	1.6681e+03	1.7493e+03	1.7979e-14	7.8799e-03	9.9212e-01	3.6113e-01	6.3887e-01	4.8183e-12	4.4754e-16	4.8103e-04	7.7428e-01	2.2522e-01	2.0321e-05	8.8677e-03	9.6956e-01	2.1569e-02	1.1755e-36	1.1755e-36	1.1755e-36	2.4400e-24	0.00e+00	0.00e+00	4.7230e+00
2.01136e+17	7.9856e+03	7.964e-18	1.6681e+03	1.7424e+03	1.9289e-14	8.0974e-03	9.9190e-01	4.1373e-01	5.8627e-01	4.2090e-12	4.9478e-16	4.8883e-04	7.8630e-01	2.1319e-01	1.7300e-05	9.1635e-03	9.7324e-01	1.7598e-02	1.1755e-36	1.1755e-36	1.1755e-36	2.7311e-24	0.00e+00	0.00e+00	4.7835e+00
2.01953e+17	7.9865e+03	7.929e-18	1.6681e+03	1.7337e+03	2.0419e-14	8.3383e-03	9.9166e-01	4.7858e-01	5.2142e-01	3.5119e-12	5.4056e-16	4.9641e-04	7.9809e-01	2.0140e-01	1.4351e-05	9.4883e-03	9.7667e-01	1.3842e-02	1.1755e-36	1.1755e-36	1.1755e-36	2.9610e-24	0.00e+00	0.00e+00	4.8647e+00
2.02857e+17	7.9799e+03	7.884e-18	1.6681e+03	1.7228e+03	2.2127e-14	8.6189e-03	9.9138e-01	5.6086e-01	4.3914e-01	2.7641e-12	6.0432e-16	5.0348e-04	8.0963e-01	1.8986e-01	1.1536e-05	9.8610e-03	9.7987e-01	1.0272e-02	1.1755e-36	1.1755e-36	1.1755e-36	3.3210e-24	0.00e+00	0.00e+00	4.9449e+00
2.03684e+17	7.9739e+03	7.825e-18	1.6681e+03	1.7108e+03	2.3770e-14	8.8825e-03	9.9112e-01	6.4368e-01	3.5632e-01	2.1062e-12	6.6695e-16	5.0839e-04	8.1866e-01	1.8082e-01	9.3037e-06	1.0208e-02	9.8224e-01	7.5531e-03	1.1755e-36	1.1755e-36	1.1755e-36	3.6639e-24	0.00e+00	0.00e+00	5.0170e+00
2.04571e+17	7.9621e+03	7.759e-18	1.6681e+03	1.6979e+03	2.5860e-14	9.1890e-03	9.9081e-01	7.3162e-01	2.6838e-01	1.4810e-12	7.4294e-16	5.1267e-04	8.2673e-01	1.7275e-01	7.2249e-06	1.0603e-02	9.8410e-01	5.2965e-03	1.1755e-36	1.1755e-36	1.1755e-36	4.0964e-24	0.00e+00	0.00e+00	5.1140e+00
2.05724e+17	7.9512e+03	7.688e-18	1.6681e+03	1.6837e+03	2.8862e-14	9.6229e-03	9.9038e-01	8.2956e-01	1.7044e-01	8.6421e-13	8.5177e-16	5.1736e-04	8.3481e-01	1.6467e-01	5.1000e-06	1.1152e-02	9.8559e-01	3.2531e-03	1.1755e-36	1.1755e-36	1.1755e-36	4.7638e-24	0.00e+00	0.00e+00	5.2461e+00
2.07222e+17	7.9423e+03	7.620e-18	1.6681e+03	1.6650e+03	3.2339e-14	1.0229e-02	9.8977e-01	9.1516e-01	8.4840e-02	3.8122e-13	9.7313e-16	5.2104e-04	8.4211e-01	1.5737e-01	3.1620e-06	1.1909e-02	9.8641e-01	1.6833e-03	1.1755e-36	1.1755e-36	1.1755e-36	5.4615e-24	0.00e+00	0.00e+00	5.4286e+00
2.09170e+17	7.9428e+03	7.649e-18	1.6681e+03	1.6562e+03	3.7842e-14	1.1202e-02	9.8880e-01	9.6815e-01	3.1846e-02	1.2765e-13	1.1643e-15	5.2885e-04	8.4986e-01	1.4961e-01	1.6310e-06	1.3107e-02	9.8619e-01	7.0650e-04	1.1755e-36	1.1755e-36	1.1755e-36	6.7896e-24	0.00e+00	0.00e+00	5.6885e+00
2.11703e+17	7.9570e+03	7.759e-18	1.6681e+03	1.6498e+03	4.6674e-14	1.2748e-02	9.8725e-01	9.9055e-01	9.4526e-03	3.2833e-14	1.4716e-15	5.3940e-04	8.5872e-01	1.4074e-01	6.7441e-07	1.4998e-02	9.8477e-01	2.3405e-04	1.1755e-36	1.1755e-36	1.1755e-36	9.2167e-24	0.00e+00	0.00e+00	6.0729e+00
2.14457e+17	7.9781e+03	7.932e-18	1.6681e+03	1.6452e+03	6.1390e-14	1.4956e-02	9.8504e-01	9.9716e-01	2.8402e-03	8.5559e-15	1.9860e-15	5.5152e-04	8.6841e-01	1.3104e-01	2.5554e-07	1.7700e-02	9.8223e-01	7.1627e-05	1.1755e-36	1.1755e-36	1.1755e-36	1.3969e-23	0.00e+00	0.00e+00	6.4895e+00
2.16783e+17	7.9948e+03	8.106e-18	1.6681e+03	1.6415e+03	8.4366e-14	1.7497e-02	9.8250e-01	9.9881e-01	1.1905e-03	3.2038e-15	2.7893e-15	5.6273e-04	8.7734e-01	1.2209e-01	1.1755e-36	2.0811e-02	9.7916e-01	2.7419e-05	1.1755e-36	1.1755e-36	1.1755e-36	2.3140e-23	0.00e+00	0.00e+00	6.8594e+00
2.18626e+17	7.9995e+03	8.254e-18	1.6681e+03	1.6370e+03	1.1337e-13	2.0151e-02	9.7985e-01	9.9934e-01	6.5744e-04	1.6184e-15	3.7936e-15	5.7145e-04	8.8512e-01	1.1431e-01	1.1755e-36	2.4064e-02	9.7592e-01	1.3117e-05	1.1755e-36	1.1755e-36	1.1755e-36	3.6577e-23	0.00e+00	0.00e+00	7.2158e+00
2.20295e+17	7.9990e+03	8.387e-18	1.6681e+03	1.6314e+03	1.5414e-13	2.3222e-02	9.7678e-01	9.9960e-01	4.0241e-04	9.1294e-16	5.2001e-15	5.7933e-04	8.9270e-01	1.0672e-01	1.1755e-36	2.7830e-02	9.7216e-01	6.7448e-06	1.1755e-36	1.1755e-36	1.1755e-36	5.8707e-23	0.00e+00	0.00e+00	7.6219e+00
2.21943e+17	7.9868e+03	8.539e-18	1.6681e+03	1.6268e+03	2.2315e-13	2.7222e-02	9.7278e-01	9.9974e-01	2.5796e-04	5.3957e-16	7.5673e-15	5.8838e-04	9.0092e-01	9.8490e-02	1.1755e-36	3.2733e-02	9.6726e-01	3.4924e-06	1.1755e-36	1.1755e-36	1.1755e-36	1.0426e-22	0.00e+00	0.00e+00	8.0904e+00
2.23471e+17	7.9758e+03	8.662e-18	1.6681e+03	1.6180e+03	3.2374e-13	3.2163e-02	9.6784e-01	9.9983e-01	1.6811e-04	3.2764e-16	1.0989e-14	5.9491e-04	9.0899e-01	9.0417e-02	1.1755e-36	3.8790e-02	9.6121e-01	1.8893e-06	1.1755e-36	1.1755e-36	1.1755e-36	1.8301e-22	0.00e+00	0.00e+00	8.5726e+00
2.24771e+17	7.9555e+03	8.768e-18	1.6681e+03	1.6085e+03	4.7196e-13	3.7879e-02	9.6212e-01	9.9988e-01	1.1826e-04	2.1728e-16	1.5957e-14	6.0058e-04	9.1649e-01	8.2907e-02	1.1755e-36	4.5787e-02	9.5421e-01	1.1084e-06	1.1755e-36	1.1755e-36	1.1755e-36	3.2252e-22	0.00e+00	0.00e+00	9.0418e+00
2.25855e+17	7.9314e+03	8.845e-18	1.6681e+03	1.5979e+03	6.7577e-13	4.4245e-02	9.5575e-01	9.9991e-01	8.7623e-05	1.5342e-16	2.2675e-14	6.0474e-04	9.2325e-01	7.6141e-02	1.1755e-36	5.3567e-02	9.4643e-01	6.9941e-07	1.1755e-36	1.1755e-36	1.1755e-36	5.4965e-22	0.00e+00	0.00e+00	9.5044e+00
2.26795e+17	7.9002e+03	8.909e-18	1.6681e+03	1.5880e+03	9.6642e-13	5.1563e-02	9.4844e-01	9.9993e-01	6.6861e-05	1.1219e-16	3.2068e-14	6.0869e-04	9.2962e-01	6.9772e-02	1.1755e-36	6.2489e-02	9.3751e-01	4.6065e-07	1.1755e-36	1.1755e-36	1.1755e-36	9.3042e-22	0.00e+00	0.00e+00	9.9856e+00
2.27639e+17	7.8711e+03	8.936e-18	1.6681e+03	1.5751e+03	1.3843e-12	6.0136e-02	9.3986e-01	9.9995e-01	5.1817e-05	8.3883e-17	4.5398e-14	6.1071e-04	9.3564e-01	6.3751e-02	1.1755e-36	7.2911e-02	9.2709e-01	3.1073e-07	1.1755e-36	1.1755e-36	1.1755e-36	1.5792e-21	0.00e+00	0.00e+00	1.0495e+01
2.28404e+17	7.8361e+03	8.931e-18	1.6681e+03	1.5594e+03	2.0040e-12	7.0334e-02	9.2967e-01	9.9996e-01	4.0554e-05	6.3672e-17	6.4646e-14	6.1129e-04	9.4140e-01	5.7986e-02	1.1755e-36	8.5260e-02	9.1474e-01	2.1338e-07	1.1755e-36	1.1755e-36	1.1755e-36	2.7058e-21	0.00e+00	0.00e+00	1.1032e+01
2.29087e+17	7.7992e+03	8.865e-18	1.6681e+03	1.5366e+03	2.8828e-12	8.2125e-02	9.1788e-01	9.9997e-01	3.2219e-05	4.9487e-17	9.0893e-14	6.0836e-04	9.4670e-01	5.2691e-02	1.1755e-36	9.9476e-02	9.0052e-01	1.4968e-07	1.1755e-36	1.1755e-36	1.1755e-36	4.5324e-21	0.00e+00	0.00e+00	1.1586e+01
2.29694e+17	7.7573e+03	8.772e-18	1.6681e+03	1.5134e+03	4.1527e-12	9.5981e-02	9.0402e-01	9.9997e-01	2.6014e-05	3.9231e-17	1.2761e-13	6.0493e-04	9.5174e-01	4.7660e-02	1.1755e-36	1.1608e-01	8.8391e-01	1.0668e-07	1.1755e-36	1.1755e-36	1.1755e-36	7.5689e-21	0.00e+00	0.00e+00	1.2166e+01
2.30236e+17	7.7120e+03	8.632e-18	1.6681e+03	1.4868e+03	5.9797e-12	1.1213e-01	8.8787e-01	9.9998e-01	2.1270e-05	3.1664e-17	1.7837e-13	5.9965e-04	9.5644e-01	4.2965e-02	1.1755e-36	1.3531e-01	8.6469e-01	7.7094e-08	1.1755e-36	1.1755e-36	1.1755e-36	1.2550e-20	0.00e+00	0.00e+00	1.2769e+01
2.30719e+17	7.6616e+03	8.441e-18	1.6681e+03	1.4561e+03	8.6046e-12	1.3077e-01	8.6923e-01	9.9998e-01	1.7622e-05	2.6039e-17	2.4779e-13	5.9228e-04	9.6079e-01	3.8621e-02	1.1755e-36	1.5733e-01	8.4267e-01	5.6413e-08	1.1755e-36	1.1755e-36	1.1755e-36	2.0607e-20	0.00e+00	0.00e+00	1.3395e+01
2.31151e+17	7.6046e+03	8.195e-18	1.6681e+03	1.4208e+03	1.2402e-11	1.5230e-01	8.4770e-01	9.9999e-01	1.4769e-05	2.1779e-17	3.4247e-13	5.8264e-04	9.6482e-01	3.4599e-02	1.1755e-36	1.8252e-01	8.1748e-01	4.1648e-08	1.1755e-36	1.1755e-36	1.1755e-36	3.3578e-20	0.00e+00	0.00e+00	1.4053e+01
2.31543e+17	7.5426e+03	7.871e-18	1.6681e+03	1.3770e+03	1.7859e-11	1.7682e-01	8.2318e-01	9.9999e-01	1.2522e-05	1.8581e-17	4.6864e-13	5.6919e-04	9.6850e-01	3.0935e-02	1.1755e-36	2.1092e-01	7.8908e-01	3.0964e-08	1.1755e-36	1.1755e-36	1.1755e-36	5.3863e-20	0.00e+00	0.00e+00	1.4750e+01
2.31905e+17	7.4768e+03	7.477e-18	1.6681e+03	1.3271e+03	2.5826e-11	2.0519e-01	7.9481e-01	9.9999e-01	1.0679e-05	1.6053e-17	6.3991e-13	5.5289e-04	9.7194e-01	2.7510e-02	1.1755e-36	2.4336e-01	7.5664e-01	2.3019e-08	1.1755e-36	1.1755e-36	1.1755e-36	8.6194e-20	0.00e+00	0.00e+00	1.5503e+01
2.32242e+17	7.3741e+03	7.030e-18	1.6681e+03	1.2711e+03	3.8664e-11	2.3895e-01	7.6105e-01	9.9999e-01	9.1734e-06	1.4026e-17	8.8117e-13	5.3411e-04	9.7526e-01	2.4208e-02	1.1755e-36	2.8145e-01	7.1855e-01	1.7006e-08	1.1755e-36	1.1755e-36	1.1755e-36	1.3960e-19	0.00e+00	0.00e+00	1.6322e+01
2.32552e+17	7.2618e+03	6.504e-18	1.6681e+03	1.2068e+03	5.8244e-11	2.7747e-01	7.2253e-01	9.9999e-01	7.9549e-06	1.2486e-17	1.2048e-12	5.1148e-04	9.7831e-01	2.1180e-02	1.1755e-36	3.2417e-01	6.7583e-01	1.2552e-08	1.1755e-36	1.1755e-36	1.1755e-36	2.2384e-19	0.00e+00	0.00e+00	1.7186e+01
2.32811e+17	7.1424e+03	5.978e-18	1.6681e+03	1.1417e+03	8.5237e-11	3.1643e-01	6.8357e-01	9.9999e-01	7.0323e-06	1.1396e-17	1.5850e-12	4.8781e-04	9.8082e-01	1.8688e-02	1.1755e-36	3.6662e-01	6.3338e-01	9.5597e-09	1.1755e-36	1.1755e-36	1.1755e-36	3.3857e-19	0.00e+00	0.00e+00	1.7925e+01
2.33000e+17	7.0345e+03	5.540e-18	1.6681e+03	1.0871e+03	1.1568e-10	3.4948e-01	6.5052e-01	9.9999e-01	6.4616e-06	1.0791e-17	1.9498e-12	4.6755e-04	9.8265e-01	1.6887e-02	1.1755e-36	4.0203e-01	5.9797e-01	7.7320e-09	1.1755e-36	1.1755e-36	1.1755e-36	4.6262e-19	0.00e+00	0.00e+00	1.8499e+01
2.33139e+17	6.9401e+03	5.186e-18	1.6681e+03	1.0418e+03	1.4732e-10	3.7635e-01	6.2365e-01	9.9999e-01	6.1189e-06	1.0497e-17	2.2733e-12	4.5048e-04	9.8397e-01	1.5581e-02	1.1755e-36	4.3046e-01	5.6954e-01	6.5570e-09	1.1755e-36	1.1755e-36	1.1755e-36	5.8246e-19	0.00e+00	0.00e+00	1.8990e+01
2.33258e+17	6.8480e+03	4.867e-18	1.6681e+03	1.0006e+03	1.8330e-10	4.0100e-01	5.9900e-01	9.9999e-01	5.8382e-06	1.0276e-17	2.5922e-12	4.3483e-04	9.8508e-01	1.4483e-02	1.1755e-36	4.5622e-01	5.4378e-01	5.6639e-09	1.1755e-36	1.1755e-36	1.1755e-36	7.0889e-19	0.00e+00	0.00e+00	1.9471e+01
2.33371e+17	6.7500e+03	4.553e-18	1.6681e+03	9.5922e+02	2.2801e-10	4.2578e-01	5.7422e-01	9.9999e-01	5.5769e-06	1.0087e-17	2.9333e-12	4.1896e-04	9.8612e-01	1.3466e-02	1.1755e-36	4.8184e-01	5.1816e-01	4.9085e-09	1.1755e-36	1.1755e-36	1.1755e-36	8.5239e-19	0.00e+00	0.00e+00	1.9968e+01
2.33478e+17	6.6464e+03	4.247e-18	1.6681e+03	9.1780e+02	2.8361e-10	4.5055e-01	5.4945e-01	9.9999e-01	5.3408e-06	9.9426e-18	3.2942e-12	4.0294e-04	9.8707e-01	1.2525e-02	1.1755e-36	5.0718e-01	4.9282e-01	4.2695e-09	1.1755e-36	1.1755e-36	1.1755e-36	1.0126e-18	0.00e+00	0.00e+00	2.0456e+01
2.33575e+17	6.5423e+03	3.963e-18	1.6681e+03	8.7851e+02	3.4939e-10	4.7405e-01	5.2595e-01	9.9999e-01	5.1455e-06	9.8585e-18	3.6543e-12	3.8763e-04	9.8792e-01	1.1694e-02	1.1755e-36	5.3095e-01	4.6905e-01	3.7506e-09	1.1755e-36	1.1755e-36	1.1755e-36	1.1802e-18	0.00e+00	0.00e+00	2.0910e+01
2.33661e+17	6.4403e+03	3.708e-18	1.6681e+03	8.4222e+02	4.2495e-10	4.9576e-01	5.0424e-01	1.0000e+00	4.9897e-06	9.8296e-18	4.0016e-12	3.7340e-04	9.8866e-01	1.0971e-02	1.1755e-36	5.5271e-01	4.4729e-01	3.3327e-09	1.1755e-36	1.1755e-36	1.1755e-36	1.3485e-18	0.00e+00	0.00e+00	2.1336e+01
2.33739e+17	6.3389e+03	3.474e-18	1.6681e+03	8.0814e+02	5.1267e-10	5.1615e-01	4.8385e-01	1.0000e+00	4.8595e-06	9.8369e-18	4.3399e-12	3.5997e-04	9.8931e-01	1.0328e-02	1.1755e-36	5.7295e-01	4.2705e-01	2.9854e-09	1.1755e-36	1.1755e-36	1.1755e-36	1.5181e-18	0.00e+00	0.00e+00	2.1747e+01
2.33813e+17	6.2360e+03	3.254e-18	1.6681e+03	7.7538e+02	6.1680e-10	5.3574e-01	4.6426e-01	1.0000e+00	4.7444e-06	9.8684e-18	4.6755e-12	3.4698e-04	9.8991e-01	9.7387e-03	1.1755e-36	5.9222e-01	4.0778e-01	2.6872e-09	1.1755e-36	1.1755e-36	1.1755e-36	1.6912e-18	0.00e+00	0.00e+00	2.2151e+01
2.33873e+17	6.1496e+03	3.084e-18	1.6681e+03	7.4919e+02	7.1812e-10	5.5146e-01	4.4854e-01	1.0000e+00	4.6402e-06	9.8727e-18	4.9527e-12	3.3656e-04	9.9038e-01	9.2862e-03	1.1755e-36	6.0758e-01	3.9242e-01	2.4720e-09	1.1755e-36	1.1755e-36	1.1755e-36	1.8378e-18	0.00e+00	0.00e+00	2.2427e+01
2.33916e+17	6.0823e+03	2.960e-18	1.6681e+03	7.2972e+02	8.0647e-10	5.6311e-01	4.3689e-01	1.0000e+00	4.5976e-06	9.9516e-18	5.1616e-12	3.2880e-04	9.9071e-01	8.9605e-03	1.1755e-36	6.1889e-01	3.8111e-01	2.3231e-09	1.1755e-36	1.1755e-36	1.1755e-36	1.9501e-18	0.00e+00	0.00e+00	2.2656e+01
2.33956e+17	6.0125e+03	2.842e-18	1.6681e+03	7.1108e+02	9.0698e-10	5.7446e-01	4.2554e-01	1.0000e+00	4.5521e-06	1.0016e-17	5.3705e-12	3.2134e-04	9.9103e-01	8.6506e-03	1.1755e-36	6.2985e-01	3.7015e-01	2.1864e-09	1.1755e-36	1.1755e-36	1.1755e-36	2.0643e-18	0.00e+00	0.00e+00	2.2909e+01
2.34000e+17	5.9394e+03	2.713e-18	1.6681e+03	6.9031e+02	1.0283e-09	5.8671e-01	4.1329e-01	1.0000e+00	4.4954e-06	1.0086e-17	5.5954e-12	3.1300e-04	9.9136e-01	8.3248e-03	1.1755e-36	6.4162e-01	3.5838e-01	2.0459e-09	1.1755e-36	1.1755e-36	1.1755e-36	2.1888e-18	0.00e+00	0.00e+00	2.3195e+01
2.34047e+17	5.8560e+03	2.579e-18	1.6681e+03	6.6835e+02	1.1830e-09	5.9979e-01	4.0021e-01	1.0000e+00	4.4343e-06	1.0160e-17	5.8406e-12	3.0413e-04	9.9171e-01	7.9865e-03	1.1755e-36	6.5412e-01	3.4588e-01	1.9063e-09	1.1755e-36	1.1755e-36	1.1755e-36	2.3268e-18	0.00e+00	0.00e+00	2.3493e+01
2.34093e+17	5.7691e+03	2.451e-18	1.6681e+03	6.4678e+02	1.3663e-09	6.1268e-01	3.8732e-01	1.0000e+00	4.3778e-06	1.0242e-17	6.0877e-12	2.9543e-04	9.9204e-01	7.6618e-03	1.1755e-36	6.6638e-01	3.3362e-01	1.7779e-09	1.1755e-36	1.1755e-36	1.1755e-36	2.4685e-18	0.00e+00	0.00e+00	2.3781e+01
2.34136e+17	5.6830e+03	2.332e-18	1.6681e+03	6.2625e+02	1.5747e-09	6.2496e-01	3.7504e-01	1.0000e+00	4.3302e-06	1.0340e-17	6.3276e-12	2.8713e-04	9.9235e-01	7.3604e-03	1.1755e-36	6.7799e-01	3.2201e-01	1.6630e-09	1.1755e-36	1.1755e-36	1.1755e-36	2.6091e-18	0.00e+00	0.00e+00	2.4061e+01
2.34178e+17	5.5924e+03	2.219e-18	1.6681e+03	6.0655e+02	1.8254e-09	6.3712e-01	3.6288e-01	1.0000e+00	4.2835e-06	1.0430e-17	6.5759e-12	2.7923e-04	9.9265e-01	7.0695e-03	1.1755e-36	6.8942e-01	3.1058e-01	1.5567e-09	1.1755e-36	1.1755e-36	1.1755e-36	2.7595e-18	0.00e+00	0.00e+00	2.4342e+01
2.34220e+17	5.5027e+03	2.109e-18	1.6681e+03	5.8692e+02	2.1148e-09	6.4889e-01	3.5111e-01	1.0000e+00	4.2417e-06	1.0542e-17	6.8176e-12	2.7126e-04	9.9293e-01	6.7944e-03	1.1755e-36	7.0044e-01	2.9956e-01	1.4589e-09	1.1755e-36	1.1755e-36	1.1755e-36	2.9092e-18	0.00e+00	0.00e+00	2.4624e+01
2.34261e+17	5.4098e+03	2.003e-18	1.6681e+03	5.6746e+02	2.4623e-09	6.6057e-01	3.3943e-01	1.0000e+00	4.2028e-06	1.0664e-17	7.0651e-12	2.6336e-04	9.9321e-01	6.5278e-03	1.1755e-36	7.1132e-01	2.8868e-01	1.3671e-09	1.1755e-36	1.1755e-36	1.1755e-36	3.0683e-18	0.00e+00	0.00e+00	2.4910e+01
2.34302e+17	5.3136e+03	1.900e-18	1.6681e+03	5.4815e+02	2.8833e-09	6.7218e-01	3.2782e-01	1.0000e+00	4.1652e-06	1.0794e-17	7.3205e-12	2.5550e-04	9.9348e-01	6.2690e-03	1.1755e-36	7.2208e-01	2.7792e-01	1.2808e-09	1.1755e-36	1.1755e-36	1.1755e-36	3.2400e-18	0.00e+00	0.00e+00	2.5200e+01
2.34343e+17	5.2146e+03	1.801e-18	1.6681e+03	5.2914e+02	3.3917e-09	6.8359e-01	3.1641e-01	1.0000e+00	4.1298e-06	1.0932e-17	7.5836e-12	2.4776e-04	9.9373e-01	6.0205e-03	1.1755e-36	7.3260e-01	2.6740e-01	1.2005e-09	1.1755e-36	1.1755e-36	1.1755e-36	3.4267e-18	0.00e+00	0.00e+00	2.5489e+01
2.34382e+17	5.1108e+03	1.707e-18	1.6681e+03	5.1041e+02	4.0193e-09	6.9477e-01	3.0523e-01	1.0000e+00	4.0969e-06	1.1077e-17	7.8580e-12	2.4018e-04	9.9398e-01	5.7828e-03	1.1755e-36	7.4286e-01	2.5714e-01	1.1262e-09	1.1755e-36	1.1755e-36	1.1755e-36	3.6342e-18	0.00e+00	0.00e+00	2.5778e+01
2.34422e+17	5.0070e+03	1.617e-18	1.6681e+03	4.9225e+02	4.7683e-09	7.0567e-01	2.9433e-01	1.0000e+00	4.0665e-06	1.1230e-17	8.1472e-12	2.3280e-04	9.9421e-01	5.5557e-03	1.1755e-36	7.5283e-01	2.4717e-01	1.0571e-09	1.1755e-36	1.1755e-36	1.1755e-36	3.8701e-18	0.00e+00	0.00e+00	2.6066e+01
2.34460e+17	4.8987e+03	1.531e-18	1.6681e+03	4.7442e+02	5.6843e-09	7.1639e-01	2.8361e-01	1.0000e+00	4.0374e-06	1.1385e-17	8.4421e-12	2.2559e-04	9.9445e-01	5.3208e-03	1.1755e-36	7.6259e-01	2.3741e-01	9.9271e-10	1.1755e-36	1.1755e-36	1.1755e-36	4.1117e-18	0.00e+00	0.00e+00	2.6355e+01
2.34498e+17	4.7943e+03	1.448e-18	1.6681e+03	4.5666e+02	6.7370e-09	7.2652e-01	2.7348e-01	1.0000e+00	4.0165e-06	1.1584e-17	8.7205e-12	2.1827e-04	9.9468e-01	5.1006e-03	1.1755e-36	7.7177e-01	2.2823e-01	9.3387e-10	1.1755e-36	1.1755e-36	1.1755e-36	4.3538e-18	0.00e+00	0.00e+00	2.6644e+01
2.34536e+17	4.6793e+03	1.369e-18	1.6681e+03	4.3933e+02	8.1071e-09	7.3692e-01	2.6308e-01	1.0000e+00	3.9912e-06	1.1759e-17	9.0404e-12	2.1130e-04	9.9491e-01	4.8779e-03	1.1755e-36	7.8116e-01	2.1884e-01	8.7695e-10	1.1755e-36	1.1755e-36	1.1755e-36	4.6577e-18	0.00e+00	0.00e+00	2.6941e+01
2.34574e+17	4.5624e+03	1.293e-18	1.6681e+03	4.2237e+02	9.7694e-09	7.4707e-01	2.5293e-01	1.0000e+00	3.9655e-06	1.1934e-17	9.3723e-12	2.0450e-04	9.9513e-01	4.6635e-03	1.1755e-36	7.9028e-01	2.0972e-01	8.2392e-10	1.1755e-36	1.1755e-36	1.1755e-36	5.0018e-18	0.00e+00	0.00e+00	2.7233e+01
2.34610e+17	4.4426e+03	1.223e-18	1.6681e+03	4.0640e+02	1.1783e-08	7.5700e-01	2.4300e-01	1.0000e+00	3.9385e-06	1.2089e-17	9.7296e-12	1.9824e-04	9.9534e-01	4.4570e-03	1.1755e-36	7.9917e-01	2.0083e-01	7.7461e-10	1.1755e-36	1.1755e-36	1.1755e-36	5.4063e-18	0.00e+00	0.00e+00	2.7520e+01
2.34639e+17	4.3546e+03	1.173e-18	1.6681e+03	3.9456e+02	1.3475e-08	7.6408e-01	2.3592e-01	1.0000e+00	3.9136e-06	1.2200e-17	9.9876e-12	1.9354e-04	9.9550e-01	4.3096e-03	1.1755e-36	8.0549e-01	1.9451e-01	7.4073e-10	1.1755e-36	1.1755e-36	1.1755e-36	5.7208e-18	0.00e+00	0.00e+00	2.7689e+01
2.34658e+17	4.2916e+03	1.139e-18	1.6681e+03	3.8664e+02	1.4798e-08	7.6900e-01	2.3100e-01	1.0000e+00	3.9098e-06	1.2311e-17	1.0178e-11	1.9044e-04	9.9560e-01	4.2089e-03	1.1755e-36	8.0986e-01	1.9014e-01	7.1784e-10	1.1755e-36	1.1755e-36	1.1755e-36	5.9648e-18	0.00e+00	0.00e+00	2.7825e+01
2.34676e+17	4.2259e+03	1.107e-18	1.6681e+03	3.7870e+02	1.6258e-08	7.7375e-01	2.2625e-01	1.0000e+00	3.9024e-06	1.2411e-17	1.0364e-11	1.8739e-04	9.9570e-01	4.1130e-03	1.1755e-36	8.1410e-01	1.8590e-01	6.9621e-10	1.1755e-36	1.1755e-36	1.1755e-36	6.2137e-18	0.00e+00	0.00e+00	2.7978e+01
2.34695e+17	4.1573e+03	1.071e-18	1.6681e+03	3.7002e+02	1.7885e-08	7.7888e-01	2.2112e-01	1.0000e+00	3.8913e-06	1.2522e-17	1.0558e-11	1.8400e-04	9.9581e-01	4.0100e-03	1.1755e-36	8.1865e-01	1.8135e-01	6.7295e-10	1.1755e-36	1.1755e-36	1.1755e-36	6.4828e-18	0.00e+00	0.00e+00	2.8149e+01
2.34717e+17	4.0792e+03	1.033e-18	1.6681e+03	3.6042e+02	1.9825e-08	7.8449e-01	2.1551e-01	1.0000e+00	3.8796e-06	1.2649e-17	1.0766e-11	1.8027e-04	9.9592e-01	3.8983e-03	1.1755e-36	8.2362e-01	1.7638e-01	6.4818e-10	1.1755e-36	1.1755e-36	1.1755e-36	6.7824e-18	0.00e+00	0.00e+00	2.8338e+01
2.34740e+17	4.0018e+03	9.942e-19	1.6681e+03	3.5051e+02	2.1818e-08	7.9017e-01	2.0983e-01	1.0000e+00	3.8700e-06	1.2801e-17	1.0959e-11	1.7638e-04	9.9604e-01	3.7857e-03	1.1755e-36	8.2863e-01	1.7137e-01	6.2331e-10	1.1755e-36	1.1755e-36	1.1755e-36	7.0685e-18	0.00e+00	0.00e+00	2.8533e+01
2.34765e+17	3.9106e+03	9.540e-19	1.6681e+03	3.4013e+02	2.4199e-08	7.9642e-01	2.0358e-01	1.0000e+00	3.8567e-06	1.2938e-17	1.1172e-11	1.7247e-04	9.9616e-01	3.6636e-03	1.1755e-36	8.3414e-01	1.6586e-01	5.9709e-10	1.1755e-36	1.1755e-36	1.1755e-36	7.3884e-18	0.00e+00	0.00e+00	2.8749e+01
###########################
3.30879e+12	7.6523e+03	8.208e-18	1.6681e+03	1.8113e+03	5.8975e-16	1.1625e-03	9.9884e-01	6.2887e-03	9.8855e-01	5.1632e-03	5.2361e-19	3.5756e-05	1.0505e-01	8.9272e-01	2.1917e-03	3.0228e-04	2.9512e-01	7.0310e-01	1.4743e-03	1.1755e-36	1.1755e-36	3.5599e-27	0.00e+00	0.00e+00	8.1015e-05
1.98528e+13	7.6514e+03	8.207e-18	1.6681e+03	1.8111e+03	5.8689e-16	1.1623e-03	9.9884e-01	6.2887e-03	9.8855e-01	5.1597e-03	5.2043e-19	3.5828e-05	1.0505e-01	8.9272e-01	2.1945e-03	3.0214e-04	2.9503e-01	7.0320e-01	1.4692e-03	1.1755e-36	1.1755e-36	3.5180e-27	0.00e+00	0.00e+00	4.0502e-04
8.60286e+13	7.6494e+03	8.203e-18	1.6681e+03	1.8111e+03	5.6775e-16	1.1618e-03	9.9884e-01	6.2895e-03	9.8858e-01	5.1281e-03	5.0232e-19	3.5783e-05	1.0504e-01	8.9274e-01	2.1895e-03	3.0200e-04	2.9501e-01	7.0324e-01	1.4481e-03	1.1755e-36	1.1755e-36	3.2774e-27	0.00e+00	0.00e+00	1.7005e-03
3.50732e+14	7.6427e+03	8.190e-18	1.6681e+03	1.8111e+03	5.6287e-16	1.1612e-03	9.9884e-01	6.2974e-03	9.8874e-01	4.9593e-03	4.9681e-19	3.5776e-05	1.0512e-01	8.9267e-01	2.1719e-03	3.0224e-04	2.9525e-01	7.0308e-01	1.3663e-03	1.1755e-36	1.1755e-36	3.1974e-27	0.00e+00	0.00e+00	6.8795e-03
8.37786e+14	7.6261e+03	8.138e-18	1.6681e+03	1.8111e+03	5.6182e-16	1.1538e-03	9.9885e-01	6.2905e-03	9.8884e-01	4.8679e-03	4.9033e-19	3.5535e-05	1.0505e-01	8.9276e-01	2.1582e-03	3.0048e-04	2.9511e-01	7.0333e-01	1.2575e-03	1.1755e-36	1.1755e-36	3.1393e-27	0.00e+00	0.00e+00	1.3570e-02
1.47096e+15	7.6058e+03	8.083e-18	1.6681e+03	1.8110e+03	5.6299e-16	1.1472e-03	9.9885e-01	6.2900e-03	9.8911e-01	4.5998e-03	4.8577e-19	3.5399e-05	1.0506e-01	8.9278e-01	2.1301e-03	2.9934e-04	2.9529e-01	7.0328e-01	1.1246e-03	1.1755e-36	1.1755e-36	3.0935e-27	0.00e+00	0.00e+00	2.2217e-02
2.29408e+15	7.5795e+03	8.023e-18	1.6681e+03	1.8110e+03	5.6464e-16	1.1409e-03	9.9886e-01	6.2961e-03	9.8954e-01	4.1629e-03	4.8092e-19	3.5321e-05	1.0517e-01	8.9271e-01	2.0880e-03	2.9875e-04	2.9586e-01	7.0287e-01	9.6869e-04	1.1755e-36	1.1755e-36	3.0324e-27	0.00e+00	0.00e+00	3.3397e-02
3.36414e+15	7.5560e+03	7.950e-18	1.6681e+03	1.8109e+03	5.6293e-16	1.1340e-03	9.9887e-01	6.3045e-03	9.9013e-01	3.5679e-03	4.7460e-19	3.5247e-05	1.0529e-01	8.9264e-01	2.0337e-03	2.9848e-04	2.9675e-01	7.0216e-01	7.9478e-04	1.1755e-36	1.1755e-36	2.9521e-27	0.00e+00	0.00e+00	4.7843e-02
4.75521e+15	7.5230e+03	7.869e-18	1.6681e+03	1.8109e+03	5.6431e-16	1.1277e-03	9.9887e-01	6.3234e-03	9.9083e-01	2.8450e-03	4.6989e-19	3.5241e-05	1.0557e-01	8.9243e-01	1.9658e-03	2.9924e-04	2.9833e-01	7.0076e-01	6.1144e-04	1.1755e-36	1.1755e-36	2.8747e-27	0.00e+00	0.00e+00	6.6519e-02
6.56361e+15	7.4898e+03	7.774e-18	1.6681e+03	1.8107e+03	5.6421e-16	1.1214e-03	9.9888e-01	6.3498e-03	9.9158e-01	2.0695e-03	4.6547e-19	3.5285e-05	1.0597e-01	8.9211e-01	1.8903e-03	3.0092e-04	3.0062e-01	6.9864e-01	4.3308e-04	1.1755e-36	1.1755e-36	2.7897e-27	0.00e+00	0.00e+00	9.0662e-02
8.91453e+15	7.4484e+03	7.668e-18	1.6681e+03	1.8106e+03	5.6704e-16	1.1164e-03	9.9888e-01	6.3914e-03	9.9227e-01	1.3394e-03	4.6353e-19	3.5439e-05	1.0661e-01	8.9154e-01	1.8104e-03	3.0418e-04	3.0390e-01	6.9552e-01	2.7588e-04	1.1755e-36	1.1755e-36	2.7108e-27	0.00e+00	0.00e+00	1.2191e-01
1.19707e+16	7.4052e+03	7.548e-18	1.6681e+03	1.8105e+03	5.7038e-16	1.1128e-03	9.9889e-01	6.4500e-03	9.9280e-01	7.5052e-04	4.6399e-19	3.5727e-05	1.0756e-01	8.9067e-01	1.7319e-03	3.0918e-04	3.0820e-01	6.9134e-01	1.5385e-04	1.1755e-36	1.1755e-36	2.6360e-27	0.00e+00	0.00e+00	1.6240e-01
1.59438e+16	7.3556e+03	7.418e-18	1.6681e+03	1.8104e+03	5.7668e-16	1.1123e-03	9.9889e-01	6.5367e-03	9.9311e-01	3.5276e-04	4.6831e-19	3.6227e-05	1.0895e-01	8.8936e-01	1.6548e-03	3.1677e-04	3.1380e-01	6.8581e-01	7.2757e-05	1.1755e-36	1.1755e-36	2.5685e-27	0.00e+00	0.00e+00	2.1501e-01
2.11087e+16	7.3046e+03	7.277e-18	1.6681e+03	1.8104e+03	5.8751e-16	1.1163e-03	9.9888e-01	6.6627e-03	9.9320e-01	1.3445e-04	4.8015e-19	3.7025e-05	1.1096e-01	8.8743e-01	1.5768e-03	3.2789e-04	3.2102e-01	6.7862e-01	2.8195e-05	1.1755e-36	1.1755e-36	2.5360e-27	0.00e+00	0.00e+00	2.8365e-01
2.78232e+16	7.2515e+03	7.130e-18	1.6681e+03	1.8103e+03	6.0608e-16	1.1281e-03	9.9887e-01	6.8508e-03	9.9311e-01	4.0134e-05	5.0428e-19	3.8294e-05	1.1389e-01	8.8458e-01	1.4911e-03	3.4457e-04	3.3059e-01	6.6905e-01	8.6572e-06	1.1755e-36	1.1755e-36	2.5566e-27	0.00e+00	0.00e+00	3.7382e-01
3.65520e+16	7.2025e+03	6.981e-18	1.6681e+03	1.8102e+03	6.3765e-16	1.1517e-03	9.9885e-01	7.1345e-03	9.9286e-01	9.1505e-06	5.5161e-19	4.0285e-05	1.1820e-01	8.8037e-01	1.3911e-03	3.6991e-04	3.4355e-01	6.5607e-01	2.0640e-06	1.1755e-36	1.1755e-36	2.6916e-27	0.00e+00	0.00e+00	4.9350e-01
4.78994e+16	7.1609e+03	6.840e-18	1.6681e+03	1.8101e+03	6.8562e-16	1.1952e-03	9.9880e-01	7.5763e-03	9.9242e-01	1.5993e-06	6.3655e-19	4.3474e-05	1.2472e-01	8.7396e-01	1.2701e-03	4.0988e-04	3.6169e-01	6.3790e-01	3.9203e-07	1.1755e-36	1.1755e-36	2.9764e-27	0.00e+00	0.00e+00	6.5497e-01
6.26511e+16	7.1318e+03	6.721e-18	1.6681e+03	1.8098e+03	7.7091e-16	1.2731e-03	9.9873e-01	8.2891e-03	9.9171e-01	2.2522e-07	8.0735e-19	4.8790e-05	1.3500e-01	8.6383e-01	1.1222e-03	4.7631e-04	3.8801e-01	6.1152e-01	1.1755e-36	1.1755e-36	1.1755e-36	3.6373e-27	0.00e+00	0.00e+00	8.7854e-01
8.18282e+16	7.1362e+03	6.641e-18	1.6681e+03	1.8093e+03	9.2506e-16	1.4118e-03	9.9859e-01	9.5257e-03	9.9047e-01	2.7420e-08	1.1898e-18	5.8000e-05	1.5189e-01	8.4711e-01	9.4378e-04	5.9417e-04	4.2749e-01	5.7192e-01	1.1755e-36	1.1755e-36	1.1755e-36	5.2469e-27	0.00e+00	0.00e+00	1.2009e+00
9.93902e+16	7.1668e+03	6.606e-18	1.6681e+03	1.8088e+03	1.0931e-15	1.5667e-03	9.9843e-01	1.0979e-02	9.8902e-01	4.9754e-09	1.7258e-18	6.8554e-05	1.7065e-01	8.2848e-01	8.0019e-04	7.3486e-04	4.6807e-01	5.3119e-01	1.1755e-36	1.1755e-36	1.1755e-36	7.5291e-27	0.00e+00	0.00e+00	1.4227e+00
1.10437e+17	7.2122e+03	6.635e-18	1.6681e+03	1.8084e+03	1.2555e-15	1.7032e-03	9.9830e-01	1.2274e-02	9.8773e-01	2.0198e-09	2.3497e-18	7.7831e-05	1.8643e-01	8.1278e-01	7.1135e-04	8.6139e-04	4.9911e-01	5.0003e-01	1.1755e-36	1.1755e-36	1.1755e-36	1.0394e-26	0.00e+00	0.00e+00	1.5778e+00
1.18825e+17	7.2593e+03	6.676e-18	1.6681e+03	1.8079e+03	1.4259e-15	1.8346e-03	9.9817e-01	1.3547e-02	9.8645e-01	1.0609e-09	3.1153e-18	8.6883e-05	2.0129e-01	7.9798e-01	6.4241e-04	9.8740e-04	5.2632e-01	4.7270e-01	1.1755e-36	1.1755e-36	1.1755e-36	1.4058e-26	0.00e+00	0.00e+00	1.7349e+00
1.28172e+17	7.3159e+03	6.737e-18	1.6681e+03	1.8073e+03	1.6900e-15	2.0145e-03	9.9799e-01	1.5373e-02	9.8463e-01	5.3060e-10	4.4737e-18	9.9436e-05	2.2138e-01	7.7796e-01	5.6408e-04	1.1671e-03	5.6044e-01	4.3840e-01	1.1755e-36	1.1755e-36	1.1755e-36	2.0833e-26	0.00e+00	0.00e+00	1.9590e+00
1.38233e+17	7.3890e+03	6.825e-18	1.6681e+03	1.8065e+03	2.0496e-15	2.2482e-03	9.9775e-01	1.7921e-02	9.8208e-01	2.6671e-10	6.7755e-18	1.1603e-04	2.4737e-01	7.5203e-01	4.8399e-04	1.4136e-03	6.0104e-01	3.9754e-01	1.1755e-36	1.1755e-36	1.1755e-36	3.2699e-26	0.00e+00	0.00e+00	2.1853e+00
1.46675e+17	7.4609e+03	6.921e-18	1.6681e+03	1.8056e+03	2.4559e-15	2.4948e-03	9.9751e-01	2.0846e-02	9.7915e-01	1.5553e-10	9.9899e-18	1.3385e-04	2.7470e-01	7.2475e-01	4.1728e-04	1.6871e-03	6.3966e-01	3.5865e-01	1.1755e-36	1.1755e-36	1.1755e-36	4.9798e-26	0.00e+00	0.00e+00	2.3779e+00
1.53346e+17	7.5281e+03	7.011e-18	1.6681e+03	1.8050e+03	2.8715e-15	2.7328e-03	9.9727e-01	2.4009e-02	9.7599e-01	1.0331e-10	1.4015e-17	1.5125e-04	3.0105e-01	6.9843e-01	3.6420e-04	1.9629e-03	6.7338e-01	3.2465e-01	1.1755e-36	1.1755e-36	1.1755e-36	7.1830e-26	0.00e+00	0.00e+00	2.5509e+00
1.59207e+17	7.5760e+03	7.101e-18	1.6681e+03	1.8037e+03	3.3945e-15	2.9880e-03	9.9701e-01	2.7565e-02	9.7244e-01	7.2242e-11	1.9516e-17	1.7027e-04	3.2906e-01	6.7045e-01	3.1640e-04	2.2677e-03	7.0553e-01	2.9221e-01	1.1755e-36	1.1755e-36	1.1755e-36	1.0277e-25	0.00e+00	0.00e+00	2.7306e+00
1.64868e+17	7.6300e+03	7.197e-18	1.6681e+03	1.8025e+03	4.0273e-15	3.2801e-03	9.9672e-01	3.2171e-02	9.6783e-01	5.1590e-11	2.7453e-17	1.9204e-04	3.6083e-01	6.3871e-01	2.7079e-04	2.6276e-03	7.3839e-01	2.5898e-01	1.1755e-36	1.1755e-36	1.1755e-36	1.4853e-25	0.00e+00	0.00e+00	2.9245e+00
1.70312e+17	7.6962e+03	7.298e-18	1.6681e+03	1.8015e+03	4.7762e-15	3.6133e-03	9.9639e-01	3.8283e-02	9.6172e-01	3.7714e-11	3.8970e-17	2.1698e-04	3.9693e-01	6.0263e-01	2.2771e-04	3.0515e-03	7.7174e-01	2.2521e-01	1.1755e-36	1.1755e-36	1.1755e-36	2.1669e-25	0.00e+00	0.00e+00	3.1253e+00
1.75325e+17	7.7361e+03	7.413e-18	1.6681e+03	1.7996e+03	5.8039e-15	3.9942e-03	9.9601e-01	4.6163e-02	9.5384e-01	2.8331e-11	5.5725e-17	2.4562e-04	4.3733e-01	5.6223e-01	1.8772e-04	3.5448e-03	8.0420e-01	1.9225e-01	1.1755e-36	1.1755e-36	1.1755e-36	3.1832e-25	0.00e+00	0.00e+00	3.3250e+00
1.79787e+17	7.7932e+03	7.516e-18	1.6681e+03	1.7979e+03	6.8930e-15	4.3937e-03	9.9561e-01	5.6206e-02	9.4379e-01	2.2065e-11	7.7914e-17	2.7511e-04	4.7922e-01	5.2035e-01	1.5329e-04	4.0758e-03	8.3401e-01	1.6192e-01	1.1755e-36	1.1755e-36	1.1755e-36	4.5623e-25	0.00e+00	0.00e+00	3.5183e+00
1.83315e+17	7.8265e+03	7.611e-18	1.6681e+03	1.7950e+03	8.0853e-15	4.7741e-03	9.9523e-01	6.7346e-02	9.3265e-01	1.8130e-11	1.0379e-16	3.0301e-04	5.1813e-01	4.8144e-01	1.2660e-04	4.5876e-03	8.5832e-01	1.3709e-01	1.1755e-36	1.1755e-36	1.1755e-36	6.2016e-25	0.00e+00	0.00e+00	3.6631e+00
1.85845e+17	7.8547e+03	7.681e-18	1.6681e+03	1.7930e+03	9.1152e-15	5.0857e-03	9.9491e-01	7.8375e-02	9.2162e-01	1.5711e-11	1.2896e-16	3.2558e-04	5.4940e-01	4.5016e-01	1.0784e-04	5.0117e-03	8.7596e-01	1.1903e-01	1.1755e-36	1.1755e-36	1.1755e-36	7.8276e-25	0.00e+00	0.00e+00	3.7799e+00
1.87933e+17	7.8758e+03	7.738e-18	1.6681e+03	1.7908e+03	1.0134e-14	5.3727e-03	9.9463e-01	9.0161e-02	9.0984e-01	1.3870e-11	1.5543e-16	3.4583e-04	5.7742e-01	4.2214e-01	9.2718e-05	5.4045e-03	8.9044e-01	1.0416e-01	1.1755e-36	1.1755e-36	1.1755e-36	9.5605e-25	0.00e+00	0.00e+00	3.8929e+00
1.89927e+17	7.8925e+03	7.798e-18	1.6681e+03	1.7887e+03	1.1297e-14	5.6770e-03	9.9432e-01	1.0487e-01	8.9513e-01	1.2262e-11	1.8712e-16	3.6653e-04	6.0608e-01	3.9347e-01	7.8744e-05	5.8221e-03	9.0415e-01	9.0031e-02	1.1755e-36	1.1755e-36	1.1755e-36	1.1666e-24	0.00e+00	0.00e+00	4.0119e+00
1.91838e+17	7.9157e+03	7.850e-18	1.6681e+03	1.7860e+03	1.2534e-14	5.9952e-03	9.9400e-01	1.2332e-01	8.7668e-01	1.0849e-11	2.2460e-16	3.8783e-04	6.3534e-01	3.6420e-01	6.6034e-05	6.2619e-03	9.1714e-01	7.6598e-02	1.1755e-36	1.1755e-36	1.1755e-36	1.4194e-24	0.00e+00	0.00e+00	4.1276e+00
1.93534e+17	7.9257e+03	7.894e-18	1.6681e+03	1.7815e+03	1.3910e-14	6.3083e-03	9.9369e-01	1.4472e-01	8.5528e-01	9.6175e-12	2.6573e-16	4.0771e-04	6.6274e-01	3.3680e-01	5.5301e-05	6.6949e-03	9.2849e-01	6.4816e-02	1.1755e-36	1.1755e-36	1.1755e-36	1.6992e-24	0.00e+00	0.00e+00	4.2313e+00
1.94989e+17	7.9458e+03	7.929e-18	1.6681e+03	1.7784e+03	1.5132e-14	6.5965e-03	9.9340e-01	1.6943e-01	8.3057e-01	8.6479e-12	3.0797e-16	4.2547e-04	6.8726e-01	3.1227e-01	4.6590e-05	7.0955e-03	9.3807e-01	5.4831e-02	1.1755e-36	1.1755e-36	1.1755e-36	1.9899e-24	0.00e+00	0.00e+00	4.3250e+00
1.96257e+17	7.9441e+03	7.962e-18	1.6681e+03	1.7735e+03	1.6561e-14	6.8759e-03	9.9312e-01	1.9722e-01	8.0278e-01	7.7620e-12	3.5242e-16	4.4158e-04	7.0934e-01	2.9018e-01	3.9350e-05	7.4813e-03	9.4618e-01	4.6336e-02	1.1755e-36	1.1755e-36	1.1755e-36	2.2959e-24	0.00e+00	0.00e+00	4.4109e+00
1.97392e+17	7.9632e+03	7.967e-18	1.6681e+03	1.7679e+03	1.7703e-14	7.1256e-03	9.9287e-01	2.2835e-01	7.7165e-01	6.9430e-12	3.9631e-16	4.5515e-04	7.2885e-01	2.7066e-01	3.3409e-05	7.8303e-03	9.5316e-01	3.9011e-02	1.1755e-36	1.1755e-36	1.1755e-36	2.5994e-24	0.00e+00	0.00e+00	4.4923e+00
1.98449e+17	7.9748e+03	7.981e-18	1.6681e+03	1.7637e+03	1.8991e-14	7.3835e-03	9.9262e-01	2.6631e-01	7.3369e-01	6.2306e-12	4.4532e-16	4.6843e-04	7.4734e-01	2.5216e-01	2.8150e-05	8.1868e-03	9.5941e-01	3.2402e-02	1.1755e-36	1.1755e-36	1.1755e-36	2.9413e-24	0.00e+00	0.00e+00	4.5724e+00
1.99429e+17	7.9785e+03	7.985e-18	1.6681e+03	1.7578e+03	2.0400e-14	7.6369e-03	9.9236e-01	3.1069e-01	6.8931e-01	5.5269e-12	4.9742e-16	4.8027e-04	7.6417e-01	2.3533e-01	2.3646e-05	8.5356e-03	9.6488e-01	2.6580e-02	1.1755e-36	1.1755e-36	1.1755e-36	3.3028e-24	0.00e+00	0.00e+00	4.6472e+00
2.00312e+17	7.9773e+03	7.979e-18	1.6681e+03	1.7508e+03	2.1848e-14	7.8775e-03	9.9212e-01	3.6037e-01	6.3963e-01	4.8519e-12	5.5056e-16	4.9031e-04	7.7881e-01	2.2068e-01	1.9908e-05	8.8648e-03	9.6948e-01	2.1658e-02	1.1755e-36	1.1755e-36	1.1755e-36	3.6667e-24	0.00e+00	0.00e+00	4.7166e+00
2.01123e+17	7.9840e+03	7.954e-18	1.6681e+03	1.7429e+03	2.3149e-14	8.0999e-03	9.9190e-01	4.1530e-01	5.8470e-01	4.2052e-12	6.0387e-16	4.9853e-04	7.9142e-01	2.0807e-01	1.6796e-05	9.1689e-03	9.7333e-01	1.7500e-02	1.1755e-36	1.1755e-36	1.1755e-36	4.0274e-24	0.00e+00	0.00e+00	4.7836e+00
2.01901e+17	7.9803e+03	7.924e-18	1.6681e+03	1.7340e+03	2.4684e-14	8.3287e-03	9.9167e-01	4.7720e-01	5.2280e-01	3.5340e-12	6.6204e-16	5.0581e-04	8.0269e-01	1.9679e-01	1.4071e-05	9.4774e-03	9.7661e-01	1.3909e-02	1.1755e-36	1.1755e-36	1.1755e-36	4.4175e-24	0.00e+00	0.00e+00	4.8513e+00
2.02790e+17	7.9752e+03	7.876e-18	1.6681e+03	1.7233e+03	2.6631e-14	8.6055e-03	9.9139e-01	5.5781e-01	4.4219e-01	2.7907e-12	7.3724e-16	5.1304e-04	8.1423e-01	1.8525e-01	1.1284e-05	9.8453e-03	9.7976e-01	1.0390e-02	1.1755e-36	1.1755e-36	1.1755e-36	4.9219e-24	0.00e+00	0.00e+00	4.9423e+00
2.03738e+17	7.9669e+03	7.814e-18	1.6681e+03	1.7104e+03	2.8920e-14	8.9130e-03	9.9109e-01	6.5194e-01	3.4806e-01	2.0459e-12	8.2527e-16	5.1906e-04	8.2458e-01	1.7489e-01	8.8068e-06	1.0248e-02	9.8243e-01	7.3207e-03	1.1755e-36	1.1755e-36	1.1755e-36	5.5052e-24	0.00e+00	0.00e+00	5.0260e+00
2.04580e+17	7.9597e+03	7.745e-18	1.6681e+03	1.6971e+03	3.1077e-14	9.1948e-03	9.9081e-01	7.3590e-01	2.6410e-01	1.4560e-12	9.0787e-16	5.2271e-04	8.3201e-01	1.6746e-01	6.9515e-06	1.0613e-02	9.8419e-01	5.1944e-03	1.1755e-36	1.1755e-36	1.1755e-36	6.0473e-24	0.00e+00	0.00e+00	5.1028e+00
2.05491e+17	7.9486e+03	7.682e-18	1.6681e+03	1.6843e+03	3.3744e-14	9.5317e-03	9.9047e-01	8.1573e-01	1.8427e-01	9.4799e-13	1.0053e-15	5.2619e-04	8.3852e-01	1.6094e-01	5.2649e-06	1.1041e-02	9.8544e-01	3.5200e-03	1.1755e-36	1.1755e-36	1.1755e-36	6.7207e-24	0.00e+00	0.00e+00	5.2062e+00
2.06676e+17	7.9390e+03	7.634e-18	1.6681e+03	1.6722e+03	3.7449e-14	1.0018e-02	9.8998e-01	8.9264e-01	1.0736e-01	5.0804e-13	1.1383e-15	5.3058e-04	8.4505e-01	1.5441e-01	3.6053e-06	1.1649e-02	9.8626e-01	2.0912e-03	1.1755e-36	1.1755e-36	1.1755e-36	7.7131e-24	0.00e+00	0.00e+00	5.3476e+00
2.08216e+17	7.9363e+03	7.627e-18	1.6681e+03	1.6616e+03	4.2495e-14	1.0735e-02	9.8926e-01	9.5018e-01	4.9819e-02	2.1330e-13	1.3165e-15	5.3629e-04	8.5155e-01	1.4791e-01	2.1538e-06	1.2534e-02	9.8641e-01	1.0515e-03	1.1755e-36	1.1755e-36	1.1755e-36	9.1614e-24	0.00e+00	0.00e+00	5.5445e+00
2.10219e+17	7.9432e+03	7.684e-18	1.6681e+03	1.6533e+03	4.9456e-14	1.1830e-02	9.8817e-01	9.8163e-01	1.8366e-02	6.9538e-14	1.5606e-15	5.4424e-04	8.5863e-01	1.4083e-01	1.0795e-06	1.3877e-02	9.8569e-01	4.3353e-04	1.1755e-36	1.1755e-36	1.1755e-36	1.1276e-23	0.00e+00	0.00e+00	5.8265e+00
2.12822e+17	7.9601e+03	7.820e-18	1.6681e+03	1.6481e+03	6.0947e-14	1.3604e-02	9.8640e-01	9.9441e-01	5.5852e-03	1.8269e-14	1.9673e-15	5.5590e-04	8.6754e-01	1.3191e-01	4.3146e-07	1.6048e-02	9.8381e-01	1.4175e-04	1.1755e-36	1.1755e-36	1.1755e-36	1.5152e-23	0.00e+00	0.00e+00	6.2482e+00
2.15549e+17	7.9802e+03	8.005e-18	1.6681e+03	1.6436e+03	8.1123e-14	1.6097e-02	9.8390e-01	9.9818e-01	1.8177e-03	5.1811e-15	2.6787e-15	5.6878e-04	8.7712e-01	1.2231e-01	1.6362e-07	1.9098e-02	9.8086e-01	4.4683e-05	1.1755e-36	1.1755e-36	1.1755e-36	2.3232e-23	0.00e+00	0.00e+00	6.6739e+00
2.17731e+17	7.9908e+03	8.179e-18	1.6681e+03	1.6396e+03	1.1053e-13	1.8843e-02	9.8116e-01	9.9915e-01	8.4653e-04	2.1733e-15	3.7080e-15	5.7968e-04	8.8561e-01	1.1381e-01	1.1755e-36	2.2462e-02	9.7752e-01	1.8423e-05	1.1755e-36	1.1755e-36	1.1755e-36	3.7381e-23	0.00e+00	0.00e+00	7.0417e+00
2.19465e+17	7.9947e+03	8.319e-18	1.6681e+03	1.6346e+03	1.4853e-13	2.1696e-02	9.7830e-01	9.9950e-01	4.9566e-04	1.1707e-15	5.0343e-15	5.8856e-04	8.9298e-01	1.0643e-01	1.1755e-36	2.5959e-02	9.7403e-01	9.2399e-06	1.1755e-36	1.1755e-36	1.1755e-36	5.8954e-23	0.00e+00	0.00e+00	7.4107e+00
2.21072e+17	7.9909e+03	8.448e-18	1.6681e+03	1.6283e+03	2.0395e-13	2.5083e-02	9.7492e-01	9.9969e-01	3.1153e-04	6.8057e-16	6.9515e-15	5.9646e-04	9.0036e-01	9.9048e-02	1.1755e-36	3.0114e-02	9.6988e-01	4.8694e-06	1.1755e-36	1.1755e-36	1.1755e-36	9.5735e-23	0.00e+00	0.00e+00	7.8333e+00
2.22640e+17	7.9792e+03	8.586e-18	1.6681e+03	1.6220e+03	2.9102e-13	2.9452e-02	9.7055e-01	9.9980e-01	2.0308e-04	4.1131e-16	9.9426e-15	6.0469e-04	9.0817e-01	9.1223e-02	1.1755e-36	3.5470e-02	9.6453e-01	2.5956e-06	1.1755e-36	1.1755e-36	1.1755e-36	1.6405e-22	0.00e+00	0.00e+00	8.3100e+00
2.24070e+17	7.9706e+03	8.691e-18	1.6681e+03	1.6119e+03	4.2049e-13	3.4761e-02	9.6524e-01	9.9986e-01	1.3751e-04	2.6110e-16	1.4387e-14	6.1080e-04	9.1571e-01	8.3680e-02	1.1755e-36	4.1974e-02	9.5802e-01	1.4532e-06	1.1755e-36	1.1755e-36	1.1755e-36	2.8667e-22	0.00e+00	0.00e+00	8.7946e+00
2.25283e+17	7.9395e+03	8.792e-18	1.6681e+03	1.6017e+03	6.1030e-13	4.0927e-02	9.5907e-01	9.9990e-01	9.8824e-05	1.7757e-16	2.0648e-14	6.1634e-04	9.2277e-01	7.6610e-02	1.1755e-36	4.9517e-02	9.5048e-01	8.7687e-07	1.1755e-36	1.1755e-36	1.1755e-36	4.9358e-22	0.00e+00	0.00e+00	9.2694e+00
2.26299e+17	7.9130e+03	8.865e-18	1.6681e+03	1.5918e+03	8.6814e-13	4.7829e-02	9.5217e-01	9.9993e-01	7.4423e-05	1.2778e-16	2.9103e-14	6.2068e-04	9.2917e-01	7.0207e-02	1.1755e-36	5.7942e-02	9.4206e-01	5.6428e-07	1.1755e-36	1.1755e-36	1.1755e-36	8.2763e-22	0.00e+00	0.00e+00	9.7385e+00
2.27179e+17	7.8809e+03	8.917e-18	1.6681e+03	1.5813e+03	1.2286e-12	5.5725e-02	9.4428e-01	9.9994e-01	5.7636e-05	9.5142e-17	4.0663e-14	6.2406e-04	9.3514e-01	6.4240e-02	1.1755e-36	6.7555e-02	9.3244e-01	3.7797e-07	1.1755e-36	1.1755e-36	1.1755e-36	1.3687e-21	0.00e+00	0.00e+00	1.0225e+01
2.27970e+17	7.8508e+03	8.929e-18	1.6681e+03	1.5676e+03	1.7373e-12	6.4940e-02	9.3506e-01	9.9995e-01	4.5244e-05	7.2280e-17	5.6709e-14	6.2559e-04	9.4075e-01	5.8624e-02	1.1755e-36	7.8738e-02	9.2126e-01	2.5881e-07	1.1755e-36	1.1755e-36	1.1755e-36	2.2579e-21	0.00e+00	0.00e+00	1.0740e+01
2.28687e+17	7.8142e+03	8.872e-18	1.6681e+03	1.5441e+03	2.4618e-12	7.5613e-02	9.2439e-01	9.9996e-01	3.5934e-05	5.6083e-17	7.8427e-14	6.2288e-04	9.4592e-01	5.3460e-02	1.1755e-36	9.1640e-02	9.0836e-01	1.8051e-07	1.1755e-36	1.1755e-36	1.1755e-36	3.6681e-21	0.00e+00	0.00e+00	1.1283e+01
2.29340e+17	7.7725e+03	8.833e-18	1.6681e+03	1.5285e+03	3.5618e-12	8.8864e-02	9.1114e-01	9.9997e-01	2.8728e-05	4.3695e-17	1.1118e-13	6.2287e-04	9.5120e-01	4.8181e-02	1.1755e-36	1.0757e-01	8.9243e-01	1.2655e-07	1.1755e-36	1.1755e-36	1.1755e-36	6.2067e-21	0.00e+00	0.00e+00	1.1866e+01
2.29918e+17	7.7314e+03	8.702e-18	1.6681e+03	1.5008e+03	5.0998e-12	1.0387e-01	8.9613e-01	9.9998e-01	2.3347e-05	3.5031e-17	1.5467e-13	6.1732e-04	9.5585e-01	4.3531e-02	1.1755e-36	1.2550e-01	8.7450e-01	9.0760e-08	1.1755e-36	1.1755e-36	1.1755e-36	1.0186e-20	0.00e+00	0.00e+00	1.2450e+01
2.30422e+17	7.6844e+03	8.537e-18	1.6681e+03	1.4722e+03	7.2764e-12	1.2099e-01	8.7901e-01	9.9998e-01	1.9321e-05	2.8710e-17	2.1359e-13	6.1085e-04	9.6015e-01	3.9244e-02	1.1755e-36	1.4580e-01	8.5420e-01	6.6326e-08	1.1755e-36	1.1755e-36	1.1755e-36	1.6548e-20	0.00e+00	0.00e+00	1.3054e+01
2.30874e+17	7.6309e+03	8.323e-18	1.6681e+03	1.4397e+03	1.0420e-11	1.4083e-01	8.5917e-01	9.9998e-01	1.6141e-05	2.3867e-17	2.9431e-13	6.0240e-04	9.6416e-01	3.5241e-02	1.1755e-36	1.6913e-01	8.3087e-01	4.8885e-08	1.1755e-36	1.1755e-36	1.1755e-36	2.6810e-20	0.00e+00	0.00e+00	1.3693e+01
2.31287e+17	7.5733e+03	8.031e-18	1.6681e+03	1.3989e+03	1.4952e-11	1.6366e-01	8.3634e-01	9.9999e-01	1.3613e-05	2.0192e-17	4.0299e-13	5.9019e-04	9.6785e-01	3.1562e-02	1.1755e-36	1.9573e-01	8.0427e-01	3.6230e-08	1.1755e-36	1.1755e-36	1.1755e-36	4.3008e-20	0.00e+00	0.00e+00	1.4373e+01
2.31667e+17	7.5040e+03	7.676e-18	1.6681e+03	1.3523e+03	2.1704e-11	1.9036e-01	8.0964e-01	9.9999e-01	1.1545e-05	1.7274e-17	5.5245e-13	5.7515e-04	9.7133e-01	2.8092e-02	1.1755e-36	2.2647e-01	7.7353e-01	2.6856e-08	1.1755e-36	1.1755e-36	1.1755e-36	6.9140e-20	0.00e+00	0.00e+00	1.5105e+01
2.32017e+17	7.4189e+03	7.259e-18	1.6681e+03	1.3001e+03	3.2019e-11	2.2167e-01	7.7833e-01	9.9999e-01	9.8626e-06	1.4968e-17	7.5973e-13	5.5752e-04	9.7463e-01	2.4813e-02	1.1755e-36	2.6204e-01	7.3796e-01	1.9863e-08	1.1755e-36	1.1755e-36	1.1755e-36	1.1179e-19	0.00e+00	0.00e+00	1.5888e+01
2.32338e+17	7.3174e+03	6.772e-18	1.6681e+03	1.2401e+03	4.7728e-11	2.5749e-01	7.4251e-01	9.9999e-01	8.5345e-06	1.3240e-17	1.0384e-12	5.3628e-04	9.7767e-01	2.1797e-02	1.1755e-36	3.0210e-01	6.9790e-01	1.4703e-08	1.1755e-36	1.1755e-36	1.1755e-36	1.7910e-19	0.00e+00	0.00e+00	1.6718e+01
2.32617e+17	7.2035e+03	6.252e-18	1.6681e+03	1.1762e+03	7.0418e-11	2.9577e-01	7.0423e-01	9.9999e-01	7.4912e-06	1.1961e-17	1.3861e-12	5.1285e-04	9.8030e-01	1.9188e-02	1.1755e-36	3.4420e-01	6.5580e-01	1.1070e-08	1.1755e-36	1.1755e-36	1.1755e-36	2.7686e-19	0.00e+00	0.00e+00	1.7506e+01
2.32837e+17	7.0913e+03	5.774e-18	1.6681e+03	1.1168e+03	9.8701e-11	3.3136e-01	6.6864e-01	9.9999e-01	6.7700e-06	1.1149e-17	1.7553e-12	4.9048e-04	9.8234e-01	1.7169e-02	1.1755e-36	3.8269e-01	6.1731e-01	8.7185e-09	1.1755e-36	1.1755e-36	1.1755e-36	3.9518e-19	0.00e+00	0.00e+00	1.8156e+01
2.33000e+17	6.9906e+03	5.380e-18	1.6681e+03	1.0671e+03	1.2952e-10	3.6121e-01	6.3879e-01	9.9999e-01	6.3205e-06	1.0707e-17	2.0993e-12	4.7148e-04	9.8384e-01	1.5690e-02	1.1755e-36	4.1449e-01	5.8551e-01	7.2269e-09	1.1755e-36	1.1755e-36	1.1755e-36	5.1724e-19	0.00e+00	0.00e+00	1.8689e+01
2.33130e+17	6.8973e+03	5.042e-18	1.6681e+03	1.0238e+03	1.6318e-10	3.8714e-01	6.1286e-01	9.9999e-01	6.0002e-06	1.0435e-17	2.4226e-12	4.5469e-04	9.8502e-01	1.4526e-02	1.1755e-36	4.4177e-01	5.5823e-01	6.1786e-09	1.1755e-36	1.1755e-36	1.1755e-36	6.4106e-19	0.00e+00	0.00e+00	1.9180e+01
2.33247e+17	6.8018e+03	4.722e-18	1.6681e+03	9.8207e+02	2.0336e-10	4.1210e-01	5.8790e-01	9.9999e-01	5.7248e-06	1.0225e-17	2.7554e-12	4.3839e-04	9.8607e-01	1.3494e-02	1.1755e-36	4.6774e-01	5.3226e-01	5.3373e-09	1.1755e-36	1.1755e-36	1.1755e-36	7.7693e-19	0.00e+00	0.00e+00	1.9674e+01
2.33358e+17	6.7008e+03	4.410e-18	1.6681e+03	9.4038e+02	2.5318e-10	4.3704e-01	5.6296e-01	9.9999e-01	5.4720e-06	1.0053e-17	3.1083e-12	4.2195e-04	9.8703e-01	1.2544e-02	1.1755e-36	4.9340e-01	5.0660e-01	4.6295e-09	1.1755e-36	1.1755e-36	1.1755e-36	9.2947e-19	0.00e+00	0.00e+00	2.0166e+01
2.33460e+17	6.5973e+03	4.115e-18	1.6681e+03	9.0000e+02	3.1327e-10	4.6120e-01	5.3880e-01	9.9999e-01	5.2565e-06	9.9387e-18	3.4689e-12	4.0590e-04	9.8790e-01	1.1691e-02	1.1755e-36	5.1799e-01	4.8201e-01	4.0466e-09	1.1755e-36	1.1755e-36	1.1755e-36	1.0934e-18	0.00e+00	0.00e+00	2.0636e+01
2.33551e+17	6.4947e+03	3.845e-18	1.6681e+03	8.6225e+02	3.8317e-10	4.8378e-01	5.1622e-01	9.9999e-01	5.0819e-06	9.8834e-18	3.8220e-12	3.9079e-04	9.8866e-01	1.0945e-02	1.1755e-36	5.4073e-01	4.5927e-01	3.5758e-09	1.1755e-36	1.1755e-36	1.1755e-36	1.2611e-18	0.00e+00	0.00e+00	2.1075e+01
2.33633e+17	6.3932e+03	3.600e-18	1.6681e+03	8.2702e+02	4.6400e-10	5.0485e-01	4.9515e-01	1.0000e+00	4.9387e-06	9.8725e-18	4.1650e-12	3.7660e-04	9.8934e-01	1.0287e-02	1.1755e-36	5.6176e-01	4.3824e-01	3.1898e-09	1.1755e-36	1.1755e-36	1.1755e-36	1.4301e-18	0.00e+00	0.00e+00	2.1493e+01
2.33710e+17	6.2911e+03	3.373e-18	1.6681e+03	7.9349e+02	5.5906e-10	5.2491e-01	4.7509e-01	1.0000e+00	4.8151e-06	9.8911e-18	4.5028e-12	3.6302e-04	9.8995e-01	9.6912e-03	1.1755e-36	5.8159e-01	4.1841e-01	2.8633e-09	1.1755e-36	1.1755e-36	1.1755e-36	1.6018e-18	0.00e+00	0.00e+00	2.1902e+01
2.33782e+17	6.1873e+03	3.159e-18	1.6681e+03	7.6118e+02	6.7229e-10	5.4422e-01	4.5578e-01	1.0000e+00	4.7052e-06	9.9328e-18	4.8380e-12	3.4987e-04	9.9051e-01	9.1440e-03	1.1755e-36	6.0052e-01	3.9948e-01	2.5815e-09	1.1755e-36	1.1755e-36	1.1755e-36	1.7769e-18	0.00e+00	0.00e+00	2.2303e+01
2.33840e+17	6.0998e+03	2.993e-18	1.6681e+03	7.3533e+02	7.8291e-10	5.5975e-01	4.4025e-01	1.0000e+00	4.6066e-06	9.9477e-18	5.1151e-12	3.3931e-04	9.9093e-01	8.7263e-03	1.1755e-36	6.1563e-01	3.8437e-01	2.3772e-09	1.1755e-36	1.1755e-36	1.1755e-36	1.9253e-18	0.00e+00	0.00e+00	2.2579e+01
2.33883e+17	6.0311e+03	2.871e-18	1.6681e+03	7.1590e+02	8.8055e-10	5.7137e-01	4.2863e-01	1.0000e+00	4.5654e-06	1.0032e-17	5.3258e-12	3.3135e-04	9.9125e-01	8.4205e-03	1.1755e-36	6.2688e-01	3.7312e-01	2.2342e-09	1.1755e-36	1.1755e-36	1.1755e-36	2.0398e-18	0.00e+00	0.00e+00	2.2810e+01
2.33923e+17	5.9622e+03	2.754e-18	1.6681e+03	6.9720e+02	9.8955e-10	5.8264e-01	4.1736e-01	1.0000e+00	4.5219e-06	1.0108e-17	5.5344e-12	3.2368e-04	9.9155e-01	8.1286e-03	1.1755e-36	6.3772e-01	3.6228e-01	2.1029e-09	1.1755e-36	1.1755e-36	1.1755e-36	2.1552e-18	0.00e+00	0.00e+00	2.3065e+01
2.33967e+17	5.8844e+03	2.626e-18	1.6681e+03	6.7643e+02	1.1280e-09	5.9500e-01	4.0500e-01	1.0000e+00	4.4667e-06	1.0181e-17	5.7648e-12	3.1510e-04	9.9187e-01	7.8166e-03	1.1755e-36	6.4955e-01	3.5045e-01	1.9670e-09	1.1755e-36	1.1755e-36	1.1755e-36	2.2842e-18	0.00e+00	0.00e+00	2.3354e+01
2.34013e+17	5.7989e+03	2.496e-18	1.6681e+03	6.5463e+02	1.3009e-09	6.0799e-01	3.9201e-01	1.0000e+00	4.4074e-06	1.0260e-17	6.0115e-12	3.0608e-04	9.9220e-01	7.4982e-03	1.1755e-36	6.6193e-01	3.3807e-01	1.8334e-09	1.1755e-36	1.1755e-36	1.1755e-36	2.4247e-18	0.00e+00	0.00e+00	2.3651e+01
2.34058e+17	5.7117e+03	2.372e-18	1.6681e+03	6.3339e+02	1.5030e-09	6.2068e-01	3.7932e-01	1.0000e+00	4.3544e-06	1.0352e-17	6.2574e-12	2.9728e-04	9.9251e-01	7.1958e-03	1.1755e-36	6.7395e-01	3.2605e-01	1.7114e-09	1.1755e-36	1.1755e-36	1.1755e-36	2.5677e-18	0.00e+00	0.00e+00	2.3938e+01
2.34101e+17	5.6207e+03	2.256e-18	1.6681e+03	6.1334e+02	1.7435e-09	6.3304e-01	3.6696e-01	1.0000e+00	4.3051e-06	1.0439e-17	6.5082e-12	2.8903e-04	9.9280e-01	6.9084e-03	1.1755e-36	6.8560e-01	3.1440e-01	1.6005e-09	1.1755e-36	1.1755e-36	1.1755e-36	2.7184e-18	0.00e+00	0.00e+00	2.4219e+01
2.34142e+17	5.5324e+03	2.146e-18	1.6681e+03	5.9373e+02	2.0153e-09	6.4480e-01	3.5520e-01	1.0000e+00	4.2632e-06	1.0549e-17	6.7475e-12	2.8087e-04	9.9308e-01	6.6417e-03	1.1755e-36	6.9662e-01	3.0338e-01	1.5003e-09	1.1755e-36	1.1755e-36	1.1755e-36	2.8652e-18	0.00e+00	0.00e+00	2.4497e+01
2.34183e+17	5.4412e+03	2.039e-18	1.6681e+03	5.7431e+02	2.3403e-09	6.5646e-01	3.4354e-01	1.0000e+00	4.2242e-06	1.0669e-17	6.9918e-12	2.7279e-04	9.9334e-01	6.3831e-03	1.1755e-36	7.0750e-01	2.9250e-01	1.4063e-09	1.1755e-36	1.1755e-36	1.1755e-36	3.0203e-18	0.00e+00	0.00e+00	2.4781e+01
2.34225e+17	5.3460e+03	1.935e-18	1.6681e+03	5.5490e+02	2.7358e-09	6.6813e-01	3.3187e-01	1.0000e+00	4.1855e-06	1.0796e-17	7.2451e-12	2.6470e-04	9.9360e-01	6.1304e-03	1.1755e-36	7.1833e-01	2.8167e-01	1.3174e-09	1.1755e-36	1.1755e-36	1.1755e-36	3.1880e-18	0.00e+00	0.00e+00	2.5070e+01
2.34265e+17	5.2478e+03	1.834e-18	1.6681e+03	5.3571e+02	3.2144e-09	6.7964e-01	3.2036e-01	1.0000e+00	4.1485e-06	1.0931e-17	7.5061e-12	2.5670e-04	9.9386e-01	5.8868e-03	1.1755e-36	7.2896e-01	2.7104e-01	1.2344e-09	1.1755e-36	1.1755e-36	1.1755e-36	3.3698e-18	0.00e+00	0.00e+00	2.5360e+01
2.34305e+17	5.1449e+03	1.738e-18	1.6681e+03	5.1683e+02	3.8033e-09	6.9092e-01	3.0908e-01	1.0000e+00	4.1143e-06	1.1073e-17	7.7769e-12	2.4884e-04	9.9410e-01	5.6542e-03	1.1755e-36	7.3933e-01	2.6067e-01	1.1577e-09	1.1755e-36	1.1755e-36	1.1755e-36	3.5702e-18	0.00e+00	0.00e+00	2.5649e+01
2.34345e+17	5.0422e+03	1.647e-18	1.6681e+03	4.9854e+02	4.5040e-09	7.0189e-01	2.9811e-01	1.0000e+00	4.0828e-06	1.1223e-17	8.0599e-12	2.4121e-04	9.9433e-01	5.4324e-03	1.1755e-36	7.4938e-01	2.5062e-01	1.0866e-09	1.1755e-36	1.1755e-36	1.1755e-36	3.7953e-18	0.00e+00	0.00e+00	2.5936e+01
2.34383e+17	4.9354e+03	1.559e-18	1.6681e+03	4.8063e+02	5.3607e-09	7.1267e-01	2.8733e-01	1.0000e+00	4.0524e-06	1.1375e-17	8.3553e-12	2.3377e-04	9.9456e-01	5.2088e-03	1.1755e-36	7.5921e-01	2.4079e-01	1.0201e-09	1.1755e-36	1.1755e-36	1.1755e-36	4.0377e-18	0.00e+00	0.00e+00	2.6225e+01
2.34422e+17	4.8317e+03	1.475e-18	1.6681e+03	4.6271e+02	6.3468e-09	7.2289e-01	2.7711e-01	1.0000e+00	4.0301e-06	1.1570e-17	8.6310e-12	2.2625e-04	9.9478e-01	4.9938e-03	1.1755e-36	7.6849e-01	2.3151e-01	9.5948e-10	1.1755e-36	1.1755e-36	1.1755e-36	4.2712e-18	0.00e+00	0.00e+00	2.6513e+01
2.34460e+17	4.7176e+03	1.395e-18	1.6681e+03	4.4523e+02	7.6306e-09	7.3339e-01	2.6661e-01	1.0000e+00	4.0031e-06	1.1740e-17	8.9473e-12	2.1903e-04	9.9500e-01	4.7761e-03	1.1755e-36	7.7798e-01	2.2202e-01	9.0082e-10	1.1755e-36	1.1755e-36	1.1755e-36	4.5636e-18	0.00e+00	0.00e+00	2.6810e+01
2.34498e+17	4.6015e+03	1.318e-18	1.6681e+03	4.2813e+02	9.1912e-09	7.4363e-01	2.5637e-01	1.0000e+00	3.9754e-06	1.1911e-17	9.2754e-12	2.1199e-04	9.9522e-01	4.5669e-03	1.1755e-36	7.8719e-01	2.1281e-01	8.4619e-10	1.1755e-36	1.1755e-36	1.1755e-36	4.8943e-18	0.00e+00	0.00e+00	2.7102e+01
2.34534e+17	4.4826e+03	1.246e-18	1.6681e+03	4.1201e+02	1.1087e-08	7.5364e-01	2.4636e-01	1.0000e+00	3.9463e-06	1.2060e-17	9.6286e-12	2.0545e-04	9.9543e-01	4.3653e-03	1.1755e-36	7.9616e-01	2.0384e-01	7.9546e-10	1.1755e-36	1.1755e-36	1.1755e-36	5.2833e-18	0.00e+00	0.00e+00	2.7389e+01
2.34563e+17	4.3954e+03	1.195e-18	1.6681e+03	4.0009e+02	1.2685e-08	7.6076e-01	2.3924e-01	1.0000e+00	3.9187e-06	1.2163e-17	9.8843e-12	2.0059e-04	9.9558e-01	4.2238e-03	1.1755e-36	8.0253e-01	1.9747e-01	7.6064e-10	1.1755e-36	1.1755e-36	1.1755e-36	5.5867e-18	0.00e+00	0.00e+00	2.7558e+01
2.34582e+17	4.3330e+03	1.161e-18	1.6681e+03	3.9211e+02	1.3937e-08	7.6571e-01	2.3429e-01	1.0000e+00	3.9129e-06	1.2268e-17	1.0073e-11	1.9738e-04	9.9568e-01	4.1263e-03	1.1755e-36	8.0694e-01	1.9306e-01	7.3717e-10	1.1755e-36	1.1755e-36	1.1755e-36	5.8227e-18	0.00e+00	0.00e+00	2.7693e+01
2.34600e+17	4.2683e+03	1.129e-18	1.6681e+03	3.8416e+02	1.5318e-08	7.7047e-01	2.2953e-01	1.0000e+00	3.9036e-06	1.2361e-17	1.0258e-11	1.9422e-04	9.9577e-01	4.0329e-03	1.1755e-36	8.1119e-01	1.8881e-01	7.1505e-10	1.1755e-36	1.1755e-36	1.1755e-36	6.0642e-18	0.00e+00	0.00e+00	2.7844e+01
2.34619e+17	4.2044e+03	1.093e-18	1.6681e+03	3.7565e+02	1.6791e-08	7.7557e-01	2.2443e-01	1.0000e+00	3.8908e-06	1.2466e-17	1.0449e-11	1.9076e-04	9.9588e-01	3.9335e-03	1.1755e-36	8.1570e-01	1.8430e-01	6.9132e-10	1.1755e-36	1.1755e-36	1.1755e-36	6.3214e-18	0.00e+00	0.00e+00	2.8013e+01
2.34641e+17	4.1218e+03	1.054e-18	1.6681e+03	3.6567e+02	1.8776e-08	7.8133e-01	2.1867e-01	1.0000e+00	3.8753e-06	1.2580e-17	1.0668e-11	1.8681e-04	9.9599e-01	3.8219e-03	1.1755e-36	8.2083e-01	1.7917e-01	6.6555e-10	1.1755e-36	1.1755e-36	1.1755e-36	6.6327e-18	0.00e+00	0.00e+00	2.8207e+01
2.34664e+17	4.0406e+03	1.015e-18	1.6681e+03	3.5596e+02	2.0840e-08	7.8715e-01	2.1285e-01	1.0000e+00	3.8540e-06	1.2676e-17	1.0886e-11	1.8298e-04	9.9611e-01	3.7105e-03	1.1755e-36	8.2598e-01	1.7402e-01	6.4008e-10	1.1755e-36	1.1755e-36	1.1755e-36	6.9502e-18	0.00e+00	0.00e+00	2.8392e+01
2.34687e+17	3.9625e+03	9.780e-19	1.6681e+03	3.4649e+02	2.2879e-08	7.9273e-01	2.0727e-01	1.0000e+00	3.8366e-06	1.2789e-17	1.1079e-11	1.7923e-04	9.9622e-01	3.6044e-03	1.1755e-36	8.3090e-01	1.6910e-01	6.1599e-10	1.1755e-36	1.1755e-36	1.1755e-36	7.2382e-18	0.00e+00	0.00e+00	2.8580e+01
###########################
3.30879e+12	7.6523e+03	8.208e-18	1.6681e+03	1.8113e+03	5.8941e-16	1.1625e-03	9.9884e-01	6.2887e-03	9.8855e-01	5.1632e-03	5.2331e-19	3.5756e-05	1.0505e-01	8.9272e-01	2.1917e-03	3.0228e-04	2.9512e-01	7.0310e-01	1.4743e-03	1.1755e-36	1.1755e-36	3.5556e-27	0.00e+00	0.00e+00	8.1015e-05
1.98528e+13	7.6514e+03	8.207e-18	1.6681e+03	1.8111e+03	5.8656e-16	1.1623e-03	9.9884e-01	6.2887e-03	9.8855e-01	5.1597e-03	5.2013e-19	3.5828e-05	1.0505e-01	8.9272e-01	2.1945e-03	3.0214e-04	2.9503e-01	7.0320e-01	1.4692e-03	1.1755e-36	1.1755e-36	3.5139e-27	0.00e+00	0.00e+00	4.0502e-04
8.60286e+13	7.6494e+03	8.203e-18	1.6681e+03	1.8111e+03	5.6739e-16	1.1618e-03	9.9884e-01	6.2895e-03	9.8858e-01	5.1281e-03	5.0200e-19	3.5783e-05	1.0504e-01	8.9274e-01	2.1895e-03	3.0200e-04	2.9501e-01	7.0324e-01	1.4481e-03	1.1755e-36	1.1755e-36	3.2731e-27	0.00e+00	0.00e+00	1.7005e-03
3.50732e+14	7.6427e+03	8.190e-18	1.6681e+03	1.8111e+03	5.6250e-16	1.1612e-03	9.9884e-01	6.2974e-03	9.8874e-01	4.9593e-03	4.9647e-19	3.5776e-05	1.0512e-01	8.9267e-01	2.1719e-03	3.0224e-04	2.9525e-01	7.0308e-01	1.3663e-03	1.1755e-36	1.1755e-36	3.1930e-27	0.00e+00	0.00e+00	6.8795e-03
8.37786e+14	7.6261e+03	8.138e-18	1.6681e+03	1.8111e+03	5.6135e-16	1.1538e-03	9.9885e-01	6.2905e-03	9.8884e-01	4.8678e-03	4.8991e-19	3.5535e-05	1.0505e-01	8.9276e-01	2.1582e-03	3.0048e-04	2.9511e-01	7.0333e-01	1.2575e-03	1.1755e-36	1.1755e-36	3.1338e-27	0.00e+00	0.00e+00	1.3570e-02
1.47096e+15	7.6057e+03	8.083e-18	1.6681e+03	1.8110e+03	5.6252e-16	1.1472e-03	9.9885e-01	6.2900e-03	9.8911e-01	4.5998e-03	4.8535e-19	3.5399e-05	1.0506e-01	8.9278e-01	2.1301e-03	2.9934e-04	2.9529e-01	7.0328e-01	1.1246e-03	1.1755e-36	1.1755e-36	3.0881e-27	0.00e+00	0.00e+00	2.2217e-02
2.29408e+15	7.5795e+03	8.023e-18	1.6681e+03	1.8110e+03	5.6418e-16	1.1409e-03	9.9886e-01	6.2961e-03	9.8954e-01	4.1629e-03	4.8051e-19	3.5321e-05	1.0517e-01	8.9271e-01	2.0880e-03	2.9875e-04	2.9586e-01	7.0287e-01	9.6869e-04	1.1755e-36	1.1755e-36	3.0272e-27	0.00e+00	0.00e+00	3.3397e-02
3.36414e+15	7.5560e+03	7.950e-18	1.6681e+03	1.8109e+03	5.6246e-16	1.1340e-03	9.9887e-01	6.3045e-03	9.9013e-01	3.5679e-03	4.7419e-19	3.5248e-05	1.0529e-01	8.9264e-01	2.0337e-03	2.9848e-04	2.9675e-01	7.0216e-01	7.9478e-04	1.1755e-36	1.1755e-36	2.9471e-27	0.00e+00	0.00e+00	4.7843e-02
4.75521e+15	7.5230e+03	7.869e-18	1.6681e+03	1.8109e+03	5.6384e-16	1.1277e-03	9.9887e-01	6.3234e-03	9.9083e-01	2.8450e-03	4.6949e-19	3.5241e-05	1.0557e-01	8.9243e-01	1.9658e-03	2.9924e-04	2.9833e-01	7.0076e-01	6.1144e-04	1.1755e-36	1.1755e-36	2.8697e-27	0.00e+00	0.00e+00	6.6519e-02
6.56361e+15	7.4898e+03	7.774e-18	1.6681e+03	1.8107e+03	5.6374e-16	1.1214e-03	9.9888e-01	6.3498e-03	9.9158e-01	2.0695e-03	4.6507e-19	3.5285e-05	1.0597e-01	8.9211e-01	1.8903e-03	3.0092e-04	3.0062e-01	6.9864e-01	4.3308e-04	1.1755e-36	1.1755e-36	2.7848e-27	0.00e+00	0.00e+00	9.0662e-02
8.91453e+15	7.4484e+03	7.668e-18	1.6681e+03	1.8106e+03	5.6656e-16	1.1164e-03	9.9888e-01	6.3914e-03	9.9227e-01	1.3394e-03	4.6313e-19	3.5439e-05	1.0661e-01	8.9154e-01	1.8104e-03	3.0418e-04	3.0390e-01	6.9552e-01	2.7588e-04	1.1755e-36	1.1755e-36	2.7060e-27	0.00e+00	0.00e+00	1.2191e-01
1.19707e+16	7.4052e+03	7.548e-18	1.6681e+03	1.8105e+03	5.6988e-16	1.1128e-03	9.9889e-01	6.4500e-03	9.9280e-01	7.5052e-04	4.6358e-19	3.5727e-05	1.0756e-01	8.9067e-01	1.7319e-03	3.0918e-04	3.0820e-01	6.9134e-01	1.5385e-04	1.1755e-36	1.1755e-36	2.6313e-27	0.00e+00	0.00e+00	1.6240e-01
1.59438e+16	7.3556e+03	7.418e-18	1.6681e+03	1.8104e+03	5.7617e-16	1.1123e-03	9.9889e-01	6.5367e-03	9.9311e-01	3.5276e-04	4.6789e-19	3.6227e-05	1.0895e-01	8.8936e-01	1.6548e-03	3.1677e-04	3.1380e-01	6.8581e-01	7.2757e-05	1.1755e-36	1.1755e-36	2.5638e-27	0.00e+00	0.00e+00	2.1501e-01
2.11087e+16	7.3046e+03	7.277e-18	1.6681e+03	1.8104e+03	5.8698e-16	1.1163e-03	9.9888e-01	6.6627e-03	9.9320e-01	1.3445e-04	4.7971e-19	3.7025e-05	1.1096e-01	8.8743e-01	1.5768e-03	3.2789e-04	3.2102e-01	6.7862e-01	2.8195e-05	1.1755e-36	1.1755e-36	2.5312e-27	0.00e+00	0.00e+00	2.8365e-01
2.78232e+16	7.2515e+03	7.130e-18	1.6681e+03	1.8103e+03	6.0568e-16	1.1281e-03	9.9887e-01	6.8508e-03	9.9311e-01	4.0134e-05	5.0393e-19	3.8294e-05	1.1389e-01	8.8458e-01	1.4911e-03	3.4457e-04	3.3059e-01	6.6905e-01	8.6572e-06	1.1755e-36	1.1755e-36	2.5531e-27	0.00e+00	0.00e+00	3.7382e-01
3.65520e+16	7.2025e+03	6.981e-18	1.6681e+03	1.8102e+03	6.3722e-16	1.1517e-03	9.9885e-01	7.1345e-03	9.9286e-01	9.1505e-06	5.5123e-19	4.0285e-05	1.1820e-01	8.8037e-01	1.3911e-03	3.6991e-04	3.4355e-01	6.5607e-01	2.0640e-06	1.1755e-36	1.1755e-36	2.6878e-27	0.00e+00	0.00e+00	4.9350e-01
4.78994e+16	7.1609e+03	6.840e-18	1.6681e+03	1.8101e+03	6.8517e-16	1.1952e-03	9.9880e-01	7.5763e-03	9.9242e-01	1.5993e-06	6.3611e-19	4.3474e-05	1.2472e-01	8.7396e-01	1.2701e-03	4.0988e-04	3.6169e-01	6.3790e-01	3.9203e-07	1.1755e-36	1.1755e-36	2.9723e-27	0.00e+00	0.00e+00	6.5497e-01
6.26511e+16	7.1318e+03	6.721e-18	1.6681e+03	1.8098e+03	7.7040e-16	1.2731e-03	9.9873e-01	8.2892e-03	9.9171e-01	2.2522e-07	8.0680e-19	4.8790e-05	1.3500e-01	8.6383e-01	1.1222e-03	4.7631e-04	3.8801e-01	6.1152e-01	1.1755e-36	1.1755e-36	1.1755e-36	3.6322e-27	0.00e+00	0.00e+00	8.7854e-01
8.18282e+16	7.1362e+03	6.641e-18	1.6681e+03	1.8093e+03	9.2532e-16	1.4118e-03	9.9859e-01	9.5257e-03	9.9047e-01	2.7420e-08	1.1902e-18	5.8001e-05	1.5189e-01	8.4711e-01	9.4377e-04	5.9418e-04	4.2749e-01	5.7192e-01	1.1755e-36	1.1755e-36	1.1755e-36	5.2498e-27	0.00e+00	0.00e+00	1.2009e+00
9.93902e+16	7.1668e+03	6.606e-18	1.6681e+03	1.8088e+03	1.0921e-15	1.5667e-03	9.9843e-01	1.0979e-02	9.8902e-01	4.9755e-09	1.7240e-18	6.8555e-05	1.7065e-01	8.2848e-01	8.0019e-04	7.3486e-04	4.6807e-01	5.3119e-01	1.1755e-36	1.1755e-36	1.1755e-36	7.5132e-27	0.00e+00	0.00e+00	1.4227e+00
1.10437e+17	7.2122e+03	6.635e-18	1.6681e+03	1.8084e+03	1.2542e-15	1.7032e-03	9.9830e-01	1.2274e-02	9.8773e-01	2.0198e-09	2.3470e-18	7.7831e-05	1.8643e-01	8.1278e-01	7.1135e-04	8.6139e-04	4.9911e-01	5.0003e-01	1.1755e-36	1.1755e-36	1.1755e-36	1.0370e-26	0.00e+00	0.00e+00	1.5778e+00
1.18825e+17	7.2593e+03	6.676e-18	1.6681e+03	1.8079e+03	1.4243e-15	1.8346e-03	9.9817e-01	1.3547e-02	9.8645e-01	1.0609e-09	3.1117e-18	8.6884e-05	2.0129e-01	7.9798e-01	6.4241e-04	9.8740e-04	5.2632e-01	4.7270e-01	1.1755e-36	1.1755e-36	1.1755e-36	1.4025e-26	0.00e+00	0.00e+00	1.7349e+00
1.28172e+17	7.3159e+03	6.737e-18	1.6681e+03	1.8073e+03	1.6881e-15	2.0145e-03	9.9799e-01	1.5373e-02	9.8463e-01	5.3060e-10	4.4686e-18	9.9436e-05	2.2138e-01	7.7796e-01	5.6408e-04	1.1671e-03	5.6044e-01	4.3840e-01	1.1755e-36	1.1755e-36	1.1755e-36	2.0785e-26	0.00e+00	0.00e+00	1.9590e+00
1.38233e+17	7.3890e+03	6.825e-18	1.6681e+03	1.8065e+03	2.0471e-15	2.2482e-03	9.9775e-01	1.7921e-02	9.8208e-01	2.6671e-10	6.7669e-18	1.1603e-04	2.4737e-01	7.5203e-01	4.8399e-04	1.4136e-03	6.0104e-01	3.9754e-01	1.1755e-36	1.1755e-36	1.1755e-36	3.2615e-26	0.00e+00	0.00e+00	2.1853e+00
1.46675e+17	7.4609e+03	6.921e-18	1.6681e+03	1.8056e+03	2.4527e-15	2.4948e-03	9.9751e-01	2.0846e-02	9.7915e-01	1.5553e-10	9.9766e-18	1.3385e-04	2.7470e-01	7.2475e-01	4.1728e-04	1.6871e-03	6.3966e-01	3.5865e-01	1.1755e-36	1.1755e-36	1.1755e-36	4.9663e-26	0.00e+00	0.00e+00	2.3779e+00
1.53346e+17	7.5219e+03	7.012e-18	1.6681e+03	1.8047e+03	2.8853e-15	2.7348e-03	9.9727e-01	2.3956e-02	9.7604e-01	1.0313e-10	1.4034e-17	1.5146e-04	3.0120e-01	6.9829e-01	3.6390e-04	1.9646e-03	6.7346e-01	3.2458e-01	1.1755e-36	1.1755e-36	1.1755e-36	7.1844e-26	0.00e+00	0.00e+00	2.5510e+00
1.59195e+17	7.5766e+03	7.101e-18	1.6681e+03	1.8037e+03	3.3899e-15	2.9876e-03	9.9701e-01	2.7575e-02	9.7243e-01	7.2351e-11	1.9489e-17	1.7022e-04	3.2900e-01	6.7052e-01	3.1657e-04	2.2670e-03	7.0542e-01	2.9231e-01	1.1755e-36	1.1755e-36	1.1755e-36	1.0256e-25	0.00e+00	0.00e+00	2.7299e+00
1.64855e+17	7.6286e+03	7.198e-18	1.6681e+03	1.8026e+03	4.0254e-15	3.2802e-03	9.9672e-01	3.2193e-02	9.6781e-01	5.1639e-11	2.7413e-17	1.9205e-04	3.6082e-01	6.3871e-01	2.7081e-04	2.6275e-03	7.3834e-01	2.5903e-01	1.1755e-36	1.1755e-36	1.1755e-36	1.4807e-25	0.00e+00	0.00e+00	2.9246e+00
1.70315e+17	7.6910e+03	7.299e-18	1.6681e+03	1.8013e+03	4.8004e-15	3.6164e-03	9.9638e-01	3.8280e-02	9.6172e-01	3.7678e-11	3.9073e-17	2.1739e-04	3.9722e-01	6.0234e-01	2.2745e-04	3.0547e-03	7.7183e-01	2.2512e-01	1.1755e-36	1.1755e-36	1.1755e-36	2.1719e-25	0.00e+00	0.00e+00	3.1259e+00
1.75322e+17	7.7383e+03	7.410e-18	1.6681e+03	1.7994e+03	5.7862e-15	3.9934e-03	9.9601e-01	4.6078e-02	9.5392e-01	2.8327e-11	5.5588e-17	2.4538e-04	4.3716e-01	5.6240e-01	1.8785e-04	3.5439e-03	8.0415e-01	1.9231e-01	1.1755e-36	1.1755e-36	1.1755e-36	3.1717e-25	0.00e+00	0.00e+00	3.3247e+00
1.79779e+17	7.7858e+03	7.515e-18	1.6681e+03	1.7972e+03	6.9267e-15	4.3964e-03	9.9560e-01	5.5929e-02	9.4407e-01	2.2005e-11	7.7881e-17	2.7512e-04	4.7906e-01	5.2051e-01	1.5332e-04	4.0778e-03	8.3389e-01	1.6203e-01	1.1755e-36	1.1755e-36	1.1755e-36	4.5565e-25	0.00e+00	0.00e+00	3.5187e+00
1.83799e+17	7.8174e+03	7.628e-18	1.6681e+03	1.7949e+03	8.3578e-15	4.8383e-03	9.9516e-01	6.9042e-02	9.3096e-01	1.7484e-11	1.0836e-16	3.0724e-04	5.2346e-01	4.7611e-01	1.2270e-04	4.6701e-03	8.6131e-01	1.3402e-01	1.1755e-36	1.1755e-36	1.1755e-36	6.4952e-25	0.00e+00	0.00e+00	3.7150e+00
1.86958e+17	7.8725e+03	7.710e-18	1.6681e+03	1.7926e+03	9.5727e-15	5.2317e-03	9.9477e-01	8.4043e-02	9.1596e-01	1.4706e-11	1.4166e-16	3.3541e-04	5.6308e-01	4.3648e-01	1.0011e-04	5.2099e-03	8.8325e-01	1.1154e-01	1.1755e-36	1.1755e-36	1.1755e-36	8.6602e-25	0.00e+00	0.00e+00	3.8508e+00
1.89041e+17	7.8875e+03	7.772e-18	1.6681e+03	1.7896e+03	1.0723e-14	5.5375e-03	9.9446e-01	9.7576e-02	9.0242e-01	1.2999e-11	1.7159e-16	3.5689e-04	5.9256e-01	4.0700e-01	8.5228e-05	5.6293e-03	8.9788e-01	9.6491e-02	1.1755e-36	1.1755e-36	1.1755e-36	1.0627e-24	0.00e+00	0.00e+00	3.9501e+00
1.90684e+17	7.9037e+03	7.817e-18	1.6681e+03	1.7871e+03	1.1735e-14	5.7991e-03	9.9420e-01	1.1116e-01	8.8884e-01	1.1710e-11	2.0040e-16	3.7463e-04	6.1706e-01	3.8249e-01	7.3896e-05	5.9902e-03	9.0920e-01	8.4805e-02	1.1755e-36	1.1755e-36	1.1755e-36	1.2551e-24	0.00e+00	0.00e+00	4.0469e+00
1.92507e+17	7.9191e+03	7.863e-18	1.6681e+03	1.7840e+03	1.3059e-14	6.1190e-03	9.9388e-01	1.3052e-01	8.6948e-01	1.0325e-11	2.3968e-16	3.9547e-04	6.4558e-01	3.5396e-01	6.1771e-05	6.4309e-03	9.2143e-01	7.2134e-02	1.1755e-36	1.1755e-36	1.1755e-36	1.5215e-24	0.00e+00	0.00e+00	4.1797e+00
1.94425e+17	7.9417e+03	7.916e-18	1.6681e+03	1.7806e+03	1.4598e-14	6.4841e-03	9.9352e-01	1.5827e-01	8.4173e-01	9.0327e-12	2.9019e-16	4.1817e-04	6.7688e-01	3.2265e-01	5.0085e-05	6.9364e-03	9.3406e-01	5.9005e-02	1.1755e-36	1.1755e-36	1.1755e-36	1.8691e-24	0.00e+00	0.00e+00	4.3009e+00
1.95939e+17	7.9431e+03	7.958e-18	1.6681e+03	1.7750e+03	1.6196e-14	6.8078e-03	9.9319e-01	1.8853e-01	8.1147e-01	8.0002e-12	3.4003e-16	4.3723e-04	7.0305e-01	2.9647e-01	4.1331e-05	7.3841e-03	9.4390e-01	4.8715e-02	1.1755e-36	1.1755e-36	1.1755e-36	2.2115e-24	0.00e+00	0.00e+00	4.3907e+00
1.97056e+17	7.9664e+03	7.970e-18	1.6681e+03	1.7709e+03	1.7244e-14	7.0502e-03	9.9295e-01	2.1777e-01	7.8223e-01	7.2611e-12	3.8196e-16	4.5091e-04	7.2254e-01	2.7697e-01	3.5321e-05	7.7236e-03	9.5096e-01	4.1312e-02	1.1755e-36	1.1755e-36	1.1755e-36	2.5029e-24	0.00e+00	0.00e+00	4.4637e+00
1.98023e+17	7.9695e+03	7.979e-18	1.6681e+03	1.7654e+03	1.8458e-14	7.2807e-03	9.9272e-01	2.4909e-01	7.5091e-01	6.5574e-12	4.2414e-16	4.6297e-04	7.3948e-01	2.6002e-01	3.0361e-05	8.0430e-03	9.5678e-01	3.5176e-02	1.1755e-36	1.1755e-36	1.1755e-36	2.7937e-24	0.00e+00	0.00e+00	4.5366e+00
1.99115e+17	7.9736e+03	7.988e-18	1.6681e+03	1.7601e+03	2.0005e-14	7.5632e-03	9.9244e-01	2.9394e-01	7.0606e-01	5.7695e-12	4.8038e-16	4.7648e-04	7.5845e-01	2.4105e-01	2.5091e-05	8.4306e-03	9.6297e-01	2.8602e-02	1.1755e-36	1.1755e-36	1.1755e-36	3.1875e-24	0.00e+00	0.00e+00	4.6350e+00
2.00248e+17	7.9795e+03	7.983e-18	1.6681e+03	1.7525e+03	2.1744e-14	7.8676e-03	9.9213e-01	3.5337e-01	6.4663e-01	4.9023e-12	5.4677e-16	4.8970e-04	7.7720e-01	2.2229e-01	2.0284e-05	8.8476e-03	9.6891e-01	2.2246e-02	1.1755e-36	1.1755e-36	1.1755e-36	3.6506e-24	0.00e+00	0.00e+00	4.7203e+00
2.01144e+17	7.9831e+03	7.960e-18	1.6681e+03	1.7436e+03	2.3232e-14	8.1144e-03	9.9189e-01	4.1348e-01	5.8652e-01	4.1828e-12	6.0546e-16	4.9885e-04	7.9124e-01	2.0825e-01	1.6846e-05	9.1852e-03	9.7323e-01	1.7588e-02	1.1755e-36	1.1755e-36	1.1755e-36	4.0471e-24	0.00e+00	0.00e+00	4.7855e+00
2.01862e+17	7.9793e+03	7.931e-18	1.6681e+03	1.7347e+03	2.4618e-14	8.3214e-03	9.9168e-01	4.7084e-01	5.2916e-01	3.6023e-12	6.5790e-16	5.0516e-04	8.0171e-01	1.9777e-01	1.4322e-05	9.4654e-03	9.7631e-01	1.4222e-02	1.1755e-36	1.1755e-36	1.1755e-36	4.3928e-24	0.00e+00	0.00e+00	4.8445e+00
2.02637e+17	7.9787e+03	7.885e-18	1.6681e+03	1.7248e+03	2.6227e-14	8.5568e-03	9.9144e-01	5.4016e-01	4.5984e-01	2.9416e-12	7.2182e-16	5.1152e-04	8.1196e-01	1.8752e-01	1.1839e-05	9.7800e-03	9.7916e-01	1.1061e-02	1.1755e-36	1.1755e-36	1.1755e-36	4.8208e-24	0.00e+00	0.00e+00	4.9234e+00
2.03643e+17	7.9689e+03	7.825e-18	1.6681e+03	1.7124e+03	2.8706e-14	8.8901e-03	9.9111e-01	6.3799e-01	3.6201e-01	2.1437e-12	8.1643e-16	5.1863e-04	8.2341e-01	1.7607e-01	9.0785e-06	1.0216e-02	9.8207e-01	7.7179e-03	1.1755e-36	1.1755e-36	1.1755e-36	5.4591e-24	0.00e+00	0.00e+00	5.0300e+00
2.04684e+17	7.9578e+03	7.751e-18	1.6681e+03	1.6977e+03	3.1487e-14	9.2490e-03	9.9075e-01	7.4114e-01	2.5886e-01	1.4190e-12	9.2190e-16	5.2382e-04	8.3277e-01	1.6670e-01	6.7954e-06	1.0679e-02	9.8425e-01	5.0740e-03	1.1755e-36	1.1755e-36	1.1755e-36	6.1678e-24	0.00e+00	0.00e+00	5.1218e+00
2.05592e+17	7.9494e+03	7.684e-18	1.6681e+03	1.6839e+03	3.4053e-14	9.5781e-03	9.9042e-01	8.2067e-01	1.7933e-01	9.1861e-13	1.0168e-15	5.2672e-04	8.3901e-01	1.6045e-01	5.1759e-06	1.1098e-02	9.8548e-01	3.4207e-03	1.1755e-36	1.1755e-36	1.1755e-36	6.8165e-24	0.00e+00	0.00e+00	5.2100e+00
2.06598e+17	7.9412e+03	7.636e-18	1.6681e+03	1.6721e+03	3.7174e-14	9.9855e-03	9.9001e-01	8.8701e-01	1.1299e-01	5.3827e-13	1.1283e-15	5.3000e-04	8.4452e-01	1.5495e-01	3.7495e-06	1.1608e-02	9.8620e-01	2.1910e-03	1.1755e-36	1.1755e-36	1.1755e-36	7.6405e-24	0.00e+00	0.00e+00	5.3296e+00
2.07905e+17	7.9393e+03	7.621e-18	1.6681e+03	1.6624e+03	4.1403e-14	1.0582e-02	9.8942e-01	9.4093e-01	5.9066e-02	2.5810e-13	1.2791e-15	5.3473e-04	8.5021e-01	1.4925e-01	2.4281e-06	1.2345e-02	9.8643e-01	1.2218e-03	1.1755e-36	1.1755e-36	1.1755e-36	8.8551e-24	0.00e+00	0.00e+00	5.4943e+00
2.09604e+17	7.9442e+03	7.659e-18	1.6681e+03	1.6550e+03	4.7226e-14	1.1477e-02	9.8852e-01	9.7491e-01	2.5088e-02	9.8807e-14	1.4849e-15	5.4154e-04	8.5645e-01	1.4300e-01	1.3552e-06	1.3445e-02	9.8598e-01	5.7375e-04	1.1755e-36	1.1755e-36	1.1755e-36	1.0625e-23	0.00e+00	0.00e+00	5.7265e+00
2.11813e+17	7.9541e+03	7.765e-18	1.6681e+03	1.6498e+03	5.6106e-14	1.2881e-02	9.8712e-01	9.9122e-01	8.7802e-03	3.0409e-14	1.7962e-15	5.5137e-04	8.6407e-01	1.3538e-01	6.2444e-07	1.5163e-02	9.8462e-01	2.1956e-04	1.1755e-36	1.1755e-36	1.1755e-36	1.3475e-23	0.00e+00	0.00e+00	6.0653e+00
2.14685e+17	7.9723e+03	7.940e-18	1.6681e+03	1.6453e+03	7.3619e-14	1.5216e-02	9.8478e-01	9.9737e-01	2.6311e-03	7.7949e-15	2.4134e-15	5.6485e-04	8.7419e-01	1.2524e-01	2.2377e-07	1.8021e-02	9.8191e-01	6.5860e-05	1.1755e-36	1.1755e-36	1.1755e-36	2.0060e-23	0.00e+00	0.00e+00	6.5856e+00
2.17482e+17	7.9923e+03	8.153e-18	1.6681e+03	1.6408e+03	1.0574e-13	1.8440e-02	9.8156e-01	9.9907e-01	9.2964e-04	2.4075e-15	3.5487e-15	5.7845e-04	8.8461e-01	1.1481e-01	1.1755e-36	2.1968e-02	9.7801e-01	2.0612e-05	1.1755e-36	1.1755e-36	1.1755e-36	3.5050e-23	0.00e+00	0.00e+00	7.0416e+00
2.19456e+17	7.9952e+03	8.315e-18	1.6681e+03	1.6344e+03	1.4792e-13	2.1650e-02	9.7835e-01	9.9950e-01	5.0076e-04	1.1837e-15	5.0129e-15	5.8833e-04	8.9284e-01	1.0657e-01	1.1755e-36	2.5903e-02	9.7409e-01	9.4090e-06	1.1755e-36	1.1755e-36	1.1755e-36	5.8603e-23	0.00e+00	0.00e+00	7.4064e+00
2.21005e+17	7.9916e+03	8.444e-18	1.6681e+03	1.6285e+03	2.0125e-13	2.4930e-02	9.7507e-01	9.9968e-01	3.2047e-04	7.0308e-16	6.8587e-15	5.9613e-04	9.0000e-01	9.9404e-02	1.1755e-36	2.9926e-02	9.7007e-01	5.0792e-06	1.1755e-36	1.1755e-36	1.1755e-36	9.3858e-23	0.00e+00	0.00e+00	7.7998e+00
2.22496e+17	7.9808e+03	8.574e-18	1.6681e+03	1.6226e+03	2.8149e-13	2.9012e-02	9.7099e-01	9.9979e-01	2.1301e-04	4.3472e-16	9.6170e-15	6.0396e-04	9.0742e-01	9.1971e-02	1.1755e-36	3.4930e-02	9.6507e-01	2.7906e-06	1.1755e-36	1.1755e-36	1.1755e-36	1.5608e-22	0.00e+00	0.00e+00	8.2530e+00
2.23917e+17	7.9725e+03	8.679e-18	1.6681e+03	1.6130e+03	4.0344e-13	3.4116e-02	9.6588e-01	9.9986e-01	1.4445e-04	2.7621e-16	1.3809e-14	6.1015e-04	9.1488e-01	8.4513e-02	1.1755e-36	4.1185e-02	9.5881e-01	1.5666e-06	1.1755e-36	1.1755e-36	1.1755e-36	2.6954e-22	0.00e+00	0.00e+00	8.7413e+00
2.25175e+17	7.9417e+03	8.784e-18	1.6681e+03	1.6028e+03	5.8977e-13	4.0300e-02	9.5970e-01	9.9990e-01	1.0244e-04	1.8490e-16	1.9968e-14	6.1594e-04	9.2214e-01	7.7245e-02	1.1755e-36	4.8751e-02	9.5125e-01	9.2815e-07	1.1755e-36	1.1755e-36	1.1755e-36	4.6944e-22	0.00e+00	0.00e+00	9.2330e+00
2.26234e+17	7.9148e+03	8.862e-18	1.6681e+03	1.5927e+03	8.4782e-13	4.7320e-02	9.5268e-01	9.9992e-01	7.6223e-05	1.3123e-16	2.8446e-14	6.2053e-04	9.2875e-01	7.0628e-02	1.1755e-36	5.7322e-02	9.4268e-01	5.8773e-07	1.1755e-36	1.1755e-36	1.1755e-36	7.9988e-22	0.00e+00	0.00e+00	9.7107e+00
2.27126e+17	7.8829e+03	8.916e-18	1.6681e+03	1.5822e+03	1.2026e-12	5.5194e-02	9.4481e-01	9.9994e-01	5.8859e-05	9.7393e-17	3.9842e-14	6.2399e-04	9.3477e-01	6.4609e-02	1.1755e-36	6.6910e-02	9.3309e-01	3.9231e-07	1.1755e-36	1.1755e-36	1.1755e-36	1.3278e-21	0.00e+00	0.00e+00	1.0191e+01
2.27911e+17	7.8549e+03	8.912e-18	1.6681e+03	1.5657e+03	1.6849e-12	6.4061e-02	9.3594e-01	9.9995e-01	4.6381e-05	7.4446e-17	5.4991e-14	6.2436e-04	9.4021e-01	5.9165e-02	1.1755e-36	7.7674e-02	9.2233e-01	2.7016e-07	1.1755e-36	1.1755e-36	1.1755e-36	2.1549e-21	0.00e+00	0.00e+00	1.0693e+01
2.28630e+17	7.8184e+03	8.887e-18	1.6681e+03	1.5481e+03	2.3939e-12	7.4718e-02	9.2528e-01	9.9996e-01	3.6858e-05	5.7560e-17	7.6586e-14	6.2398e-04	9.4555e-01	5.3828e-02	1.1755e-36	9.0560e-02	9.0944e-01	1.8795e-07	1.1755e-36	1.1755e-36	1.1755e-36	3.5433e-21	0.00e+00	0.00e+00	1.1240e+01
2.29291e+17	7.7768e+03	8.824e-18	1.6681e+03	1.5272e+03	3.4463e-12	8.7589e-02	9.1241e-01	9.9997e-01	2.9442e-05	4.4952e-17	1.0759e-13	6.2180e-04	9.5071e-01	4.8672e-02	1.1755e-36	1.0604e-01	8.9396e-01	1.3187e-07	1.1755e-36	1.1755e-36	1.1755e-36	5.9031e-21	0.00e+00	0.00e+00	1.1818e+01
2.29877e+17	7.7343e+03	8.711e-18	1.6681e+03	1.5026e+03	4.9577e-12	1.0259e-01	8.9741e-01	9.9998e-01	2.3862e-05	3.5846e-17	1.5061e-13	6.1763e-04	9.5549e-01	4.3896e-02	1.1755e-36	1.2397e-01	8.7603e-01	9.4190e-08	1.1755e-36	1.1755e-36	1.1755e-36	9.7865e-21	0.00e+00	0.00e+00	1.2407e+01
2.30388e+17	7.6879e+03	8.551e-18	1.6681e+03	1.4744e+03	7.0924e-12	1.1967e-01	8.8033e-01	9.9998e-01	1.9679e-05	2.9258e-17	2.0872e-13	6.1144e-04	9.5984e-01	3.9545e-02	1.1755e-36	1.4424e-01	8.5576e-01	6.8603e-08	1.1755e-36	1.1755e-36	1.1755e-36	1.5985e-20	0.00e+00	0.00e+00	1.3009e+01
2.30843e+17	7.6357e+03	8.340e-18	1.6681e+03	1.4422e+03	1.0137e-11	1.3922e-01	8.6078e-01	9.9998e-01	1.6448e-05	2.4330e-17	2.8726e-13	6.0310e-04	9.6386e-01	3.5540e-02	1.1755e-36	1.6725e-01	8.3275e-01	5.0600e-08	1.1755e-36	1.1755e-36	1.1755e-36	2.5850e-20	0.00e+00	0.00e+00	1.3641e+01
2.31256e+17	7.5786e+03	8.056e-18	1.6681e+03	1.4022e+03	1.4507e-11	1.6164e-01	8.3836e-01	9.9999e-01	1.3883e-05	2.0588e-17	3.9265e-13	5.9125e-04	9.6755e-01	3.1861e-02	1.1755e-36	1.9339e-01	8.0661e-01	3.7561e-08	1.1755e-36	1.1755e-36	1.1755e-36	4.1360e-20	0.00e+00	0.00e+00	1.4314e+01
2.31637e+17	7.5103e+03	7.708e-18	1.6681e+03	1.3563e+03	2.1026e-11	1.8796e-01	8.1204e-01	9.9999e-01	1.1772e-05	1.7600e-17	5.3796e-13	5.7649e-04	9.7105e-01	2.8376e-02	1.1755e-36	2.2372e-01	7.7628e-01	2.7852e-08	1.1755e-36	1.1755e-36	1.1755e-36	6.6429e-20	0.00e+00	0.00e+00	1.5042e+01
2.31991e+17	7.4388e+03	7.287e-18	1.6681e+03	1.3044e+03	3.0701e-11	2.1872e-01	7.8128e-01	9.9999e-01	1.0061e-05	1.5267e-17	7.3844e-13	5.5878e-04	9.7434e-01	2.5098e-02	1.1755e-36	2.5870e-01	7.4130e-01	2.0595e-08	1.1755e-36	1.1755e-36	1.1755e-36	1.0720e-19	0.00e+00	0.00e+00	1.5824e+01
2.32316e+17	7.3258e+03	6.811e-18	1.6681e+03	1.2450e+03	4.6281e-11	2.5459e-01	7.4541e-01	9.9999e-01	8.6812e-06	1.3441e-17	1.0143e-12	5.3806e-04	9.7744e-01	2.2017e-02	1.1755e-36	2.9889e-01	7.0111e-01	1.5210e-08	1.1755e-36	1.1755e-36	1.1755e-36	1.7286e-19	0.00e+00	0.00e+00	1.6657e+01
2.32602e+17	7.2114e+03	6.286e-18	1.6681e+03	1.1805e+03	6.8663e-11	2.9318e-01	7.0682e-01	9.9999e-01	7.6021e-06	1.2112e-17	1.3610e-12	5.1448e-04	9.8014e-01	1.9347e-02	1.1755e-36	3.4138e-01	6.5862e-01	1.1398e-08	1.1755e-36	1.1755e-36	1.1755e-36	2.6935e-19	0.00e+00	0.00e+00	1.7462e+01
2.32827e+17	7.0976e+03	5.800e-18	1.6681e+03	1.1201e+03	9.6933e-11	3.2941e-01	6.7059e-01	9.9999e-01	6.8475e-06	1.1257e-17	1.7339e-12	4.9174e-04	9.8224e-01	1.7272e-02	1.1755e-36	3.8059e-01	6.1941e-01	8.9274e-09	1.1755e-36	1.1755e-36	1.1755e-36	3.8796e-19	0.00e+00	0.00e+00	1.8124e+01
2.32993e+17	6.9963e+03	5.401e-18	1.6681e+03	1.0698e+03	1.2768e-10	3.5963e-01	6.4037e-01	9.9999e-01	6.3846e-06	1.0799e-17	2.0802e-12	4.7252e-04	9.8376e-01	1.5766e-02	1.1755e-36	4.1281e-01	5.8719e-01	7.3795e-09	1.1755e-36	1.1755e-36	1.1755e-36	5.1022e-19	0.00e+00	0.00e+00	1.8659e+01
2.33124e+17	6.9033e+03	5.063e-18	1.6681e+03	1.0264e+03	1.6091e-10	3.8556e-01	6.1444e-01	9.9999e-01	6.0611e-06	1.0524e-17	2.4022e-12	4.5574e-04	9.8495e-01	1.4595e-02	1.1755e-36	4.4012e-01	5.5988e-01	6.3067e-09	1.1755e-36	1.1755e-36	1.1755e-36	6.3305e-19	0.00e+00	0.00e+00	1.9148e+01
2.33241e+17	6.8083e+03	4.743e-18	1.6681e+03	9.8483e+02	2.0042e-10	4.1045e-01	5.8955e-01	9.9999e-01	5.7841e-06	1.0313e-17	2.7326e-12	4.3950e-04	9.8600e-01	1.3561e-02	1.1755e-36	4.6603e-01	5.3397e-01	5.4487e-09	1.1755e-36	1.1755e-36	1.1755e-36	7.6742e-19	0.00e+00	0.00e+00	1.9640e+01
2.33352e+17	6.7076e+03	4.430e-18	1.6681e+03	9.4310e+02	2.4959e-10	4.3542e-01	5.6458e-01	9.9999e-01	5.5280e-06	1.0137e-17	3.0847e-12	4.2305e-04	9.8697e-01	1.2604e-02	1.1755e-36	4.9174e-01	5.0826e-01	4.7241e-09	1.1755e-36	1.1755e-36	1.1755e-36	9.1903e-19	0.00e+00	0.00e+00	2.0135e+01
2.33455e+17	6.6039e+03	4.133e-18	1.6681e+03	9.0249e+02	3.0916e-10	4.5971e-01	5.4029e-01	9.9999e-01	5.3081e-06	1.0018e-17	3.4461e-12	4.0691e-04	9.8785e-01	1.1742e-02	1.1755e-36	5.1648e-01	4.8352e-01	4.1253e-09	1.1755e-36	1.1755e-36	1.1755e-36	1.0829e-18	0.00e+00	0.00e+00	2.0607e+01
2.33547e+17	6.5011e+03	3.861e-18	1.6681e+03	8.6453e+02	3.7849e-10	4.8241e-01	5.1759e-01	9.9999e-01	5.1301e-06	9.9602e-18	3.8002e-12	3.9172e-04	9.8862e-01	1.0989e-02	1.1755e-36	5.3936e-01	4.6064e-01	3.6424e-09	1.1755e-36	1.1755e-36	1.1755e-36	1.2506e-18	0.00e+00	0.00e+00	2.1048e+01
2.33630e+17	6.3996e+03	3.615e-18	1.6681e+03	8.2919e+02	4.5851e-10	5.0356e-01	4.9644e-01	1.0000e+00	4.9850e-06	9.9483e-18	4.1435e-12	3.7750e-04	9.8930e-01	1.0327e-02	1.1755e-36	5.6047e-01	4.3953e-01	3.2479e-09	1.1755e-36	1.1755e-36	1.1755e-36	1.4194e-18	0.00e+00	0.00e+00	2.1467e+01
2.33706e+17	6.2977e+03	3.387e-18	1.6681e+03	7.9559e+02	5.5248e-10	5.2365e-01	4.7635e-01	1.0000e+00	4.8602e-06	9.9667e-18	4.4812e-12	3.6389e-04	9.8991e-01	9.7280e-03	1.1755e-36	5.8035e-01	4.1965e-01	2.9147e-09	1.1755e-36	1.1755e-36	1.1755e-36	1.5907e-18	0.00e+00	0.00e+00	2.1876e+01
2.33779e+17	6.1940e+03	3.172e-18	1.6681e+03	7.6321e+02	6.6442e-10	5.4301e-01	4.5699e-01	1.0000e+00	4.7492e-06	1.0008e-17	4.8166e-12	3.5072e-04	9.9047e-01	9.1779e-03	1.1755e-36	5.9934e-01	4.0066e-01	2.6272e-09	1.1755e-36	1.1755e-36	1.1755e-36	1.7657e-18	0.00e+00	0.00e+00	2.2277e+01
2.33837e+17	6.1067e+03	3.006e-18	1.6681e+03	7.3730e+02	7.7373e-10	5.5857e-01	4.4143e-01	1.0000e+00	4.6494e-06	1.0023e-17	5.0937e-12	3.4014e-04	9.9090e-01	8.7583e-03	1.1755e-36	6.1449e-01	3.8551e-01	2.4188e-09	1.1755e-36	1.1755e-36	1.1755e-36	1.9138e-18	0.00e+00	0.00e+00	2.2553e+01
2.33880e+17	6.0382e+03	2.883e-18	1.6681e+03	7.1786e+02	8.7002e-10	5.7020e-01	4.2980e-01	1.0000e+00	4.6079e-06	1.0108e-17	5.3042e-12	3.3218e-04	9.9122e-01	8.4516e-03	1.1755e-36	6.2574e-01	3.7426e-01	2.2733e-09	1.1755e-36	1.1755e-36	1.1755e-36	2.0281e-18	0.00e+00	0.00e+00	2.2784e+01
2.33920e+17	5.9695e+03	2.766e-18	1.6681e+03	6.9917e+02	9.7734e-10	5.8145e-01	4.1855e-01	1.0000e+00	4.5641e-06	1.0183e-17	5.5121e-12	3.2451e-04	9.9152e-01	8.1589e-03	1.1755e-36	6.3659e-01	3.6341e-01	2.1396e-09	1.1755e-36	1.1755e-36	1.1755e-36	2.1427e-18	0.00e+00	0.00e+00	2.3039e+01
2.33964e+17	5.8920e+03	2.638e-18	1.6681e+03	6.7837e+02	1.1140e-09	5.9384e-01	4.0616e-01	1.0000e+00	4.5084e-06	1.0258e-17	5.7429e-12	3.1592e-04	9.9184e-01	7.8456e-03	1.1755e-36	6.4845e-01	3.5155e-01	2.0012e-09	1.1755e-36	1.1755e-36	1.1755e-36	2.2718e-18	0.00e+00	0.00e+00	2.3329e+01
2.34010e+17	5.8066e+03	2.507e-18	1.6681e+03	6.5653e+02	1.2844e-09	6.0685e-01	3.9315e-01	1.0000e+00	4.4483e-06	1.0336e-17	5.9895e-12	3.0689e-04	9.9217e-01	7.5259e-03	1.1755e-36	6.6085e-01	3.3915e-01	1.8652e-09	1.1755e-36	1.1755e-36	1.1755e-36	2.4121e-18	0.00e+00	0.00e+00	2.3625e+01
2.34055e+17	5.7196e+03	2.383e-18	1.6681e+03	6.3528e+02	1.4835e-09	6.1955e-01	3.8045e-01	1.0000e+00	4.3950e-06	1.0429e-17	6.2352e-12	2.9809e-04	9.9248e-01	7.2227e-03	1.1755e-36	6.7288e-01	3.2712e-01	1.7410e-09	1.1755e-36	1.1755e-36	1.1755e-36	2.5547e-18	0.00e+00	0.00e+00	2.3912e+01
2.34098e+17	5.6290e+03	2.267e-18	1.6681e+03	6.1522e+02	1.7199e-09	6.3192e-01	3.6808e-01	1.0000e+00	4.3454e-06	1.0516e-17	6.4854e-12	2.8982e-04	9.9278e-01	6.9346e-03	1.1755e-36	6.8454e-01	3.1546e-01	1.6282e-09	1.1755e-36	1.1755e-36	1.1755e-36	2.7047e-18	0.00e+00	0.00e+00	2.4192e+01
2.34140e+17	5.5409e+03	2.156e-18	1.6681e+03	5.9558e+02	1.9874e-09	6.4369e-01	3.5631e-01	1.0000e+00	4.3032e-06	1.0627e-17	6.7244e-12	2.8166e-04	9.9305e-01	6.6668e-03	1.1755e-36	6.9559e-01	3.0441e-01	1.5262e-09	1.1755e-36	1.1755e-36	1.1755e-36	2.8509e-18	0.00e+00	0.00e+00	2.4470e+01
2.34181e+17	5.4499e+03	2.049e-18	1.6681e+03	5.7612e+02	2.3073e-09	6.5537e-01	3.4463e-01	1.0000e+00	4.2638e-06	1.0749e-17	6.9685e-12	2.7356e-04	9.9332e-01	6.4072e-03	1.1755e-36	7.0649e-01	2.9351e-01	1.4305e-09	1.1755e-36	1.1755e-36	1.1755e-36	3.0053e-18	0.00e+00	0.00e+00	2.4754e+01
2.34222e+17	5.3549e+03	1.944e-18	1.6681e+03	5.5667e+02	2.6962e-09	6.6706e-01	3.3294e-01	1.0000e+00	4.2248e-06	1.0876e-17	7.2213e-12	2.6545e-04	9.9358e-01	6.1535e-03	1.1755e-36	7.1734e-01	2.8266e-01	1.3400e-09	1.1755e-36	1.1755e-36	1.1755e-36	3.1720e-18	0.00e+00	0.00e+00	2.5044e+01
2.34263e+17	5.2569e+03	1.843e-18	1.6681e+03	5.3746e+02	3.1665e-09	6.7859e-01	3.2141e-01	1.0000e+00	4.1876e-06	1.1012e-17	7.4815e-12	2.5744e-04	9.9383e-01	5.9090e-03	1.1755e-36	7.2800e-01	2.7200e-01	1.2555e-09	1.1755e-36	1.1755e-36	1.1755e-36	3.3523e-18	0.00e+00	0.00e+00	2.5333e+01
2.34303e+17	5.1543e+03	1.747e-18	1.6681e+03	5.1855e+02	3.7448e-09	6.8989e-01	3.1011e-01	1.0000e+00	4.1531e-06	1.1156e-17	7.7512e-12	2.4957e-04	9.9407e-01	5.6754e-03	1.1755e-36	7.3839e-01	2.6161e-01	1.1775e-09	1.1755e-36	1.1755e-36	1.1755e-36	3.5506e-18	0.00e+00	0.00e+00	2.5622e+01
2.34343e+17	5.0518e+03	1.655e-18	1.6681e+03	5.0022e+02	4.4329e-09	7.0088e-01	2.9912e-01	1.0000e+00	4.1214e-06	1.1307e-17	8.0327e-12	2.4193e-04	9.9431e-01	5.4528e-03	1.1755e-36	7.4845e-01	2.5155e-01	1.1050e-09	1.1755e-36	1.1755e-36	1.1755e-36	3.7730e-18	0.00e+00	0.00e+00	2.5909e+01
2.34381e+17	4.9455e+03	1.567e-18	1.6681e+03	4.8228e+02	5.2737e-09	7.1168e-01	2.8832e-01	1.0000e+00	4.0910e-06	1.1462e-17	8.3276e-12	2.3447e-04	9.9454e-01	5.2300e-03	1.1755e-36	7.5831e-01	2.4169e-01	1.0374e-09	1.1755e-36	1.1755e-36	1.1755e-36	4.0150e-18	0.00e+00	0.00e+00	2.6198e+01
2.34420e+17	4.8419e+03	1.483e-18	1.6681e+03	4.6433e+02	6.2429e-09	7.2193e-01	2.7807e-01	1.0000e+00	4.0684e-06	1.1658e-17	8.6028e-12	2.2693e-04	9.9476e-01	5.0141e-03	1.1755e-36	7.6761e-01	2.3239e-01	9.7565e-10	1.1755e-36	1.1755e-36	1.1755e-36	4.2464e-18	0.00e+00	0.00e+00	2.6487e+01
2.34458e+17	4.7281e+03	1.402e-18	1.6681e+03	4.4680e+02	7.5036e-09	7.3245e-01	2.6755e-01	1.0000e+00	4.0413e-06	1.1830e-17	8.9179e-12	2.1969e-04	9.9498e-01	4.7957e-03	1.1755e-36	7.7713e-01	2.2287e-01	9.1595e-10	1.1755e-36	1.1755e-36	1.1755e-36	4.5356e-18	0.00e+00	0.00e+00	2.6784e+01
2.34496e+17	4.6121e+03	1.324e-18	1.6681e+03	4.2967e+02	9.0366e-09	7.4271e-01	2.5729e-01	1.0000e+00	4.0135e-06	1.2002e-17	9.2448e-12	2.1263e-04	9.9520e-01	4.5857e-03	1.1755e-36	7.8636e-01	2.1364e-01	8.6038e-10	1.1755e-36	1.1755e-36	1.1755e-36	4.8623e-18	0.00e+00	0.00e+00	2.7076e+01
2.34532e+17	4.4935e+03	1.253e-18	1.6681e+03	4.1351e+02	1.0901e-08	7.5274e-01	2.4726e-01	1.0000e+00	3.9844e-06	1.2153e-17	9.5967e-12	2.0607e-04	9.9541e-01	4.3835e-03	1.1755e-36	7.9536e-01	2.0464e-01	8.0876e-10	1.1755e-36	1.1755e-36	1.1755e-36	5.2469e-18	0.00e+00	0.00e+00	2.7362e+01
2.34561e+17	4.4064e+03	1.201e-18	1.6681e+03	4.0155e+02	1.2474e-08	7.5988e-01	2.4012e-01	1.0000e+00	3.9566e-06	1.2257e-17	9.8517e-12	2.0120e-04	9.9556e-01	4.2414e-03	1.1755e-36	8.0175e-01	1.9825e-01	7.7334e-10	1.1755e-36	1.1755e-36	1.1755e-36	5.5472e-18	0.00e+00	0.00e+00	2.7531e+01
2.34580e+17	4.3442e+03	1.167e-18	1.6681e+03	3.9356e+02	1.3707e-08	7.6484e-01	2.3516e-01	1.0000e+00	3.9508e-06	1.2364e-17	1.0040e-11	1.9798e-04	9.9566e-01	4.1437e-03	1.1755e-36	8.0616e-01	1.9384e-01	7.4948e-10	1.1755e-36	1.1755e-36	1.1755e-36	5.7807e-18	0.00e+00	0.00e+00	2.7666e+01
2.34598e+17	4.2797e+03	1.135e-18	1.6681e+03	3.8561e+02	1.5066e-08	7.6960e-01	2.3040e-01	1.0000e+00	3.9416e-06	1.2458e-17	1.0224e-11	1.9481e-04	9.9576e-01	4.0501e-03	1.1755e-36	8.1041e-01	1.8959e-01	7.2702e-10	1.1755e-36	1.1755e-36	1.1755e-36	6.0198e-18	0.00e+00	0.00e+00	2.7817e+01
2.34617e+17	4.2160e+03	1.099e-18	1.6681e+03	3.7710e+02	1.6519e-08	7.7470e-01	2.2530e-01	1.0000e+00	3.9288e-06	1.2564e-17	1.0415e-11	1.9135e-04	9.9586e-01	3.9506e-03	1.1755e-36	8.1493e-01	1.8507e-01	7.0294e-10	1.1755e-36	1.1755e-36	1.1755e-36	6.2752e-18	0.00e+00	0.00e+00	2.7985e+01
2.34639e+17	4.1340e+03	1.060e-18	1.6681e+03	3.6715e+02	1.8473e-08	7.8045e-01	2.1955e-01	1.0000e+00	3.9134e-06	1.2679e-17	1.0634e-11	1.8741e-04	9.9597e-01	3.8391e-03	1.1755e-36	8.2004e-01	1.7996e-01	6.7685e-10	1.1755e-36	1.1755e-36	1.1755e-36	6.5843e-18	0.00e+00	0.00e+00	2.8178e+01
2.34662e+17	4.0535e+03	1.021e-18	1.6681e+03	3.5747e+02	2.0510e-08	7.8625e-01	2.1375e-01	1.0000e+00	3.8923e-06	1.2777e-17	1.0852e-11	1.8358e-04	9.9609e-01	3.7279e-03	1.1755e-36	8.2517e-01	1.7483e-01	6.5109e-10	1.1755e-36	1.1755e-36	1.1755e-36	6.9010e-18	0.00e+00	0.00e+00	2.8362e+01
2.34684e+17	3.9760e+03	9.840e-19	1.6681e+03	3.4805e+02	2.2528e-08	7.9180e-01	2.0820e-01	1.0000e+00	3.8751e-06	1.2890e-17	1.1047e-11	1.7986e-04	9.9620e-01	3.6221e-03	1.1755e-36	8.3007e-01	1.6993e-01	6.2676e-10	1.1755e-36	1.1755e-36	1.1755e-36	7.1909e-18	0.00e+00	0.00e+00	2.8548e+01
