#depth	Te	Htot	hden	eden	2H_2/H	HI	HII	HeI	HeII	HeIII	CO/C	C1	C2	C3	C4	O1	O2	O3	O4	O5	O6	H2O/O	AV(point)	AV(extend)	Tau912
1.14883e+12	7.7335e+03	6.104e-17	4.6416e+03	4.9718e+03	8.5827e-14	1.1268e-02	9.8873e-01	5.8895e-02	9.4060e-01	5.0152e-04	5.5674e-15	1.8129e-03	5.3439e-01	4.6374e-01	6.1343e-05	1.2306e-02	9.0626e-01	8.1432e-02	5.4595e-06	1.1755e-36	1.1755e-36	4.0460e-23	0.00e+00	0.00e+00	7.5888e-04
6.89299e+12	7.7279e+03	6.094e-17	4.6416e+03	4.9684e+03	8.5936e-14	1.1255e-02	9.8874e-01	5.8889e-02	9.4061e-01	5.0116e-04	5.5501e-15	1.8073e-03	5.3438e-01	4.6375e-01	6.1499e-05	1.2292e-02	9.0622e-01	8.1487e-02	5.4485e-06	1.1755e-36	1.1755e-36	4.0247e-23	0.00e+00	0.00e+00	3.7908e-03
2.98696e+13	7.7191e+03	6.070e-17	4.6416e+03	4.9674e+03	8.6252e-14	1.1246e-02	9.8875e-01	5.9009e-02	9.4049e-01	4.9744e-04	5.5471e-15	1.8039e-03	5.3497e-01	4.6316e-01	6.1256e-05	1.2287e-02	9.0640e-01	8.1308e-02	5.3607e-06	1.1755e-36	1.1755e-36	4.0108e-23	0.00e+00	0.00e+00	1.5909e-02
1.21776e+14	7.6903e+03	6.007e-17	4.6416e+03	4.9669e+03	8.8320e-14	1.1283e-02	9.8872e-01	5.9676e-02	9.3984e-01	4.7874e-04	5.6240e-15	1.8129e-03	5.3804e-01	4.6009e-01	5.9906e-05	1.2353e-02	9.0744e-01	8.0205e-02	4.9768e-06	1.1755e-36	1.1755e-36	4.0441e-23	0.00e+00	0.00e+00	6.4542e-02
2.90884e+14	7.5892e+03	5.796e-17	4.6416e+03	4.9675e+03	8.9838e-14	1.1049e-02	9.8895e-01	6.0094e-02	9.3944e-01	4.6297e-04	5.4052e-15	1.7965e-03	5.4049e-01	4.5766e-01	5.9041e-05	1.2121e-02	9.0796e-01	7.9910e-02	4.6212e-06	1.1755e-36	1.1755e-36	3.7507e-23	0.00e+00	0.00e+00	1.2645e-01
5.10725e+14	7.4925e+03	5.611e-17	4.6416e+03	4.9678e+03	9.3393e-14	1.0947e-02	9.8905e-01	6.1046e-02	9.3852e-01	4.3117e-04	5.3444e-15	1.8030e-03	5.4516e-01	4.5298e-01	5.7025e-05	1.2051e-02	9.0941e-01	7.8533e-02	4.0794e-06	1.1755e-36	1.1755e-36	3.6049e-23	0.00e+00	0.00e+00	2.0620e-01
7.96517e+14	7.3956e+03	5.438e-17	4.6416e+03	4.9672e+03	9.9488e-14	1.0972e-02	9.8903e-01	6.2689e-02	9.3693e-01	3.8457e-04	5.4367e-15	1.8311e-03	5.5255e-01	4.4556e-01	5.3839e-05	1.2139e-02	9.1188e-01	7.5976e-02	3.3875e-06	1.1755e-36	1.1755e-36	3.5847e-23	0.00e+00	0.00e+00	3.1010e-01
1.16805e+15	7.2978e+03	5.279e-17	4.6416e+03	4.9655e+03	1.0945e-13	1.1167e-02	9.8883e-01	6.5341e-02	9.3433e-01	3.2443e-04	5.7436e-15	1.8878e-03	5.6370e-01	4.3436e-01	4.9356e-05	1.2441e-02	9.1560e-01	7.1956e-02	2.5944e-06	1.1755e-36	1.1755e-36	3.7294e-23	0.00e+00	0.00e+00	4.4756e-01
1.65104e+15	7.2019e+03	5.141e-17	4.6416e+03	4.9622e+03	1.2581e-13	1.1616e-02	9.8838e-01	6.9598e-02	9.3015e-01	2.5458e-04	6.4051e-15	1.9871e-03	5.8024e-01	4.1773e-01	4.3471e-05	1.3062e-02	9.2084e-01	6.6092e-02	1.7798e-06	1.1755e-36	1.1755e-36	4.1437e-23	0.00e+00	0.00e+00	6.3346e-01
2.27892e+15	7.1119e+03	5.036e-17	4.6416e+03	4.9558e+03	1.5429e-13	1.2495e-02	9.8750e-01	7.6626e-02	9.2319e-01	1.8193e-04	7.7521e-15	2.1541e-03	6.0477e-01	3.9304e-01	3.6130e-05	1.4223e-02	9.2785e-01	5.7930e-02	1.0467e-06	1.1755e-36	1.1755e-36	5.0945e-23	0.00e+00	0.00e+00	8.9341e-01
3.04141e+15	7.0329e+03	4.981e-17	4.6416e+03	4.9478e+03	2.0443e-13	1.4010e-02	9.8599e-01	8.7831e-02	9.1205e-01	1.1901e-04	1.0363e-14	2.4104e-03	6.3840e-01	3.5916e-01	2.8026e-05	1.6175e-02	9.3590e-01	4.7925e-02	5.2252e-07	1.1755e-36	1.1755e-36	7.1168e-23	0.00e+00	0.00e+00	1.2282e+00
3.77053e+15	6.9932e+03	4.982e-17	4.6416e+03	4.9293e+03	2.7445e-13	1.6024e-02	9.8398e-01	1.0201e-01	8.9791e-01	7.8516e-05	1.4385e-14	2.7076e-03	6.7389e-01	3.2338e-01	2.1253e-05	1.8735e-02	9.4260e-01	3.8668e-02	2.5614e-07	1.1755e-36	1.1755e-36	1.0544e-22	0.00e+00	0.00e+00	1.5302e+00
4.34324e+15	6.9879e+03	5.042e-17	4.6416e+03	4.9118e+03	3.6240e-13	1.8369e-02	9.8163e-01	1.1782e-01	8.8212e-01	5.6206e-05	2.0025e-14	3.0088e-03	7.0622e-01	2.9076e-01	1.6265e-05	2.1685e-02	9.4700e-01	3.1319e-02	1.3656e-07	1.1755e-36	1.1755e-36	1.5888e-22	0.00e+00	0.00e+00	1.8007e+00
4.81649e+15	7.0082e+03	5.118e-17	4.6416e+03	4.8910e+03	4.6960e-13	2.1019e-02	9.7898e-01	1.3536e-01	8.6460e-01	4.2340e-05	2.7732e-14	3.3052e-03	7.3565e-01	2.6103e-01	1.2491e-05	2.5003e-02	9.4960e-01	2.5393e-02	1.1755e-36	1.1755e-36	1.1755e-36	2.3977e-22	0.00e+00	0.00e+00	2.0743e+00
5.25050e+15	7.0179e+03	5.224e-17	4.6416e+03	4.8707e+03	6.2866e-13	2.4333e-02	9.7567e-01	1.5696e-01	8.4300e-01	3.2477e-05	3.9489e-14	3.6251e-03	7.6508e-01	2.3128e-01	9.3381e-06	2.9134e-02	9.5065e-01	2.0215e-02	1.1755e-36	1.1755e-36	1.1755e-36	3.7604e-22	0.00e+00	0.00e+00	2.3766e+00
5.65360e+15	7.0455e+03	5.333e-17	4.6416e+03	4.8389e+03	8.4674e-13	2.8411e-02	9.7159e-01	1.8308e-01	8.1690e-01	2.5101e-05	5.7233e-14	3.9490e-03	7.9357e-01	2.0247e-01	6.8108e-06	3.4201e-02	9.5002e-01	1.5779e-02	1.1755e-36	1.1755e-36	1.1755e-36	6.0537e-22	0.00e+00	0.00e+00	2.6950e+00
6.01132e+15	7.0753e+03	5.454e-17	4.6416e+03	4.8081e+03	1.1528e-12	3.3344e-02	9.6666e-01	2.1388e-01	7.8610e-01	1.9818e-05	8.4106e-14	4.2695e-03	8.2010e-01	1.7562e-01	4.8751e-06	4.0309e-02	9.4752e-01	1.2168e-02	1.1755e-36	1.1755e-36	1.1755e-36	9.9527e-22	0.00e+00	0.00e+00	3.0206e+00
6.31986e+15	7.1115e+03	5.565e-17	4.6416e+03	4.7692e+03	1.5566e-12	3.9029e-02	9.6097e-01	2.4826e-01	7.5173e-01	1.5971e-05	1.2282e-13	4.5598e-03	8.4345e-01	1.5199e-01	3.4769e-06	4.7320e-02	9.4331e-01	9.3653e-03	1.1755e-36	1.1755e-36	1.1755e-36	1.6243e-21	0.00e+00	0.00e+00	3.3454e+00
6.58649e+15	7.1494e+03	5.669e-17	4.6416e+03	4.7324e+03	2.0947e-12	4.5582e-02	9.5442e-01	2.8619e-01	7.1380e-01	1.3084e-05	1.7916e-13	4.8263e-03	8.6392e-01	1.3125e-01	2.4694e-06	5.5373e-02	9.3743e-01	7.1974e-03	1.1755e-36	1.1755e-36	1.1755e-36	2.6499e-21	0.00e+00	0.00e+00	3.6785e+00
6.82228e+15	7.1812e+03	5.758e-17	4.6416e+03	4.6854e+03	2.8270e-12	5.3173e-02	9.4683e-01	3.2773e-01	6.7226e-01	1.0795e-05	2.6091e-13	5.0561e-03	8.8183e-01	1.1312e-01	1.7448e-06	6.4665e-02	9.2982e-01	5.5126e-03	1.1755e-36	1.1755e-36	1.1755e-36	4.3005e-21	0.00e+00	0.00e+00	4.0249e+00
7.03403e+15	7.2187e+03	5.801e-17	4.6416e+03	4.6102e+03	3.7756e-12	6.1753e-02	9.3825e-01	3.7193e-01	6.2806e-01	8.9208e-06	3.7541e-13	5.2247e-03	8.9714e-01	9.7639e-02	1.2344e-06	7.5125e-02	9.2066e-01	4.2150e-03	1.1755e-36	1.1755e-36	1.1755e-36	6.8352e-21	0.00e+00	0.00e+00	4.3891e+00
7.22965e+15	7.2428e+03	5.867e-17	4.6416e+03	4.5596e+03	5.2171e-12	7.2526e-02	9.2747e-01	4.2181e-01	5.7818e-01	7.3592e-06	5.6177e-13	5.4077e-03	9.1137e-01	8.3220e-02	8.4791e-07	8.8188e-02	9.0865e-01	3.1618e-03	1.1755e-36	1.1755e-36	1.1755e-36	1.1459e-20	0.00e+00	0.00e+00	4.7930e+00
7.40723e+15	7.2787e+03	5.873e-17	4.6416e+03	4.4735e+03	7.1087e-12	8.4833e-02	9.1517e-01	4.7280e-01	5.2720e-01	6.0837e-06	8.2994e-13	5.5158e-03	9.2328e-01	7.1208e-02	5.8470e-07	1.0302e-01	8.9461e-01	2.3656e-03	1.1755e-36	1.1755e-36	1.1755e-36	1.8786e-20	0.00e+00	0.00e+00	5.2036e+00
7.56524e+15	7.3006e+03	5.851e-17	4.6416e+03	4.3802e+03	9.7650e-12	9.9015e-02	9.0099e-01	5.2392e-01	4.7608e-01	5.0268e-06	1.2257e-12	5.5855e-03	9.3334e-01	6.1077e-02	4.0405e-07	1.2001e-01	8.7822e-01	1.7697e-03	1.1755e-36	1.1755e-36	1.1755e-36	3.0734e-20	0.00e+00	0.00e+00	5.6414e+00
7.71136e+15	7.3164e+03	5.801e-17	4.6416e+03	4.2816e+03	1.3600e-11	1.1595e-01	8.8405e-01	5.7540e-01	4.2459e-01	4.1402e-06	1.8338e-12	5.6250e-03	9.4211e-01	5.2268e-02	2.7659e-07	1.4015e-01	8.5854e-01	1.3102e-03	1.1755e-36	1.1755e-36	1.1755e-36	5.1173e-20	0.00e+00	0.00e+00	6.1219e+00
7.84746e+15	7.3331e+03	5.696e-17	4.6416e+03	4.1626e+03	1.9057e-11	1.3593e-01	8.6407e-01	6.2569e-01	3.7431e-01	3.3937e-06	2.7563e-12	5.6135e-03	9.4961e-01	4.4772e-02	1.8864e-07	1.6369e-01	8.3535e-01	9.6115e-04	1.1755e-36	1.1755e-36	1.1755e-36	8.5796e-20	0.00e+00	0.00e+00	6.6431e+00
7.97372e+15	7.3217e+03	5.557e-17	4.6416e+03	4.0331e+03	2.7530e-11	1.5998e-01	8.4002e-01	6.7356e-01	3.2644e-01	2.7824e-06	4.1959e-12	5.5693e-03	9.5614e-01	3.8290e-02	1.2767e-07	1.9174e-01	8.0757e-01	6.9782e-04	1.1755e-36	1.1755e-36	1.1755e-36	1.4675e-19	0.00e+00	0.00e+00	7.2136e+00
8.09035e+15	7.3049e+03	5.358e-17	4.6416e+03	3.8846e+03	4.0073e-11	1.8813e-01	8.1187e-01	7.1693e-01	2.8307e-01	2.2960e-06	6.3778e-12	5.4763e-03	9.6168e-01	3.2846e-02	1.1755e-36	2.2416e-01	7.7534e-01	5.0342e-04	1.1755e-36	1.1755e-36	1.1755e-36	2.5234e-19	0.00e+00	0.00e+00	7.8289e+00
8.19784e+15	7.2715e+03	5.101e-17	4.6416e+03	3.7178e+03	5.9095e-11	2.2077e-01	7.7923e-01	7.5531e-01	2.4469e-01	1.9085e-06	9.6558e-12	5.3380e-03	9.6639e-01	2.8268e-02	1.1755e-36	2.6123e-01	7.3841e-01	3.6149e-04	1.1755e-36	1.1755e-36	1.1755e-36	4.3525e-19	0.00e+00	0.00e+00	8.4978e+00
8.29562e+15	7.2202e+03	4.793e-17	4.6416e+03	3.5348e+03	8.7761e-11	2.5760e-01	7.4240e-01	7.8799e-01	2.1201e-01	1.6080e-06	1.4428e-11	5.1581e-03	9.7037e-01	2.4473e-02	1.1755e-36	3.0238e-01	6.9736e-01	2.6004e-04	1.1755e-36	1.1755e-36	1.1755e-36	7.4527e-19	0.00e+00	0.00e+00	9.1938e+00
8.37733e+15	7.1570e+03	4.470e-17	4.6416e+03	3.3525e+03	1.2664e-10	2.9476e-01	7.0524e-01	8.1278e-01	1.8722e-01	1.4003e-06	2.0520e-11	4.9576e-03	9.7346e-01	2.1587e-02	1.1755e-36	3.4321e-01	6.5660e-01	1.9318e-04	1.1755e-36	1.1755e-36	1.1755e-36	1.2064e-18	0.00e+00	0.00e+00	9.8091e+00
8.43914e+15	7.0925e+03	4.182e-17	4.6416e+03	3.1941e+03	1.7131e-10	3.2721e-01	6.7279e-01	8.2982e-01	1.7018e-01	1.2678e-06	2.7014e-11	4.7714e-03	9.7566e-01	1.9566e-02	1.1755e-36	3.7829e-01	6.2156e-01	1.5209e-04	1.1755e-36	1.1755e-36	1.1755e-36	1.7687e-18	0.00e+00	0.00e+00	1.0311e+01
8.48645e+15	7.0259e+03	3.943e-17	4.6416e+03	3.0670e+03	2.2051e-10	3.5520e-01	6.4480e-01	8.4207e-01	1.5793e-01	1.1754e-06	3.3651e-11	4.6181e-03	9.7732e-01	1.8060e-02	1.1755e-36	4.0815e-01	5.9173e-01	1.2523e-04	1.1755e-36	1.1755e-36	1.1755e-36	2.4119e-18	0.00e+00	0.00e+00	1.0751e+01
8.52797e+15	6.9666e+03	3.705e-17	4.6416e+03	2.9363e+03	2.7571e-10	3.8072e-01	6.1928e-01	8.5221e-01	1.4779e-01	1.1049e-06	4.0562e-11	4.4519e-03	9.7870e-01	1.6851e-02	1.1755e-36	4.3504e-01	5.6485e-01	1.0517e-04	1.1755e-36	1.1755e-36	1.1755e-36	3.1420e-18	0.00e+00	0.00e+00	1.1206e+01
8.56669e+15	6.8935e+03	3.480e-17	4.6416e+03	2.8142e+03	3.4597e-10	4.0667e-01	5.9333e-01	8.6107e-01	1.3893e-01	1.0439e-06	4.8596e-11	4.2954e-03	9.7996e-01	1.5741e-02	1.1755e-36	4.6206e-01	5.3785e-01	8.8793e-05	1.1755e-36	1.1755e-36	1.1755e-36	4.0720e-18	0.00e+00	0.00e+00	1.1643e+01
8.60192e+15	6.8182e+03	3.267e-17	4.6416e+03	2.6996e+03	4.3026e-10	4.3189e-01	5.6811e-01	8.6875e-01	1.3125e-01	9.9257e-07	5.7527e-11	4.1471e-03	9.8109e-01	1.4758e-02	1.1755e-36	4.8803e-01	5.1189e-01	7.5652e-05	1.1755e-36	1.1755e-36	1.1755e-36	5.2028e-18	0.00e+00	0.00e+00	1.2071e+01
8.63475e+15	6.7430e+03	3.059e-17	4.6416e+03	2.5841e+03	5.2973e-10	4.5605e-01	5.4395e-01	8.7532e-01	1.2468e-01	9.5228e-07	6.7061e-11	3.9932e-03	9.8211e-01	1.3900e-02	1.1755e-36	5.1264e-01	4.8730e-01	6.4992e-05	1.1755e-36	1.1755e-36	1.1755e-36	6.5088e-18	0.00e+00	0.00e+00	1.2497e+01
8.66493e+15	6.6670e+03	2.865e-17	4.6416e+03	2.4747e+03	6.4599e-10	4.7902e-01	5.2098e-01	8.8095e-01	1.1905e-01	9.1963e-07	7.7180e-11	3.8455e-03	9.8301e-01	1.3147e-02	1.1755e-36	5.3578e-01	4.6417e-01	5.6375e-05	1.1755e-36	1.1755e-36	1.1755e-36	8.0065e-18	0.00e+00	0.00e+00	1.2897e+01
8.69208e+15	6.5905e+03	2.688e-17	4.6416e+03	2.3734e+03	7.7884e-10	5.0028e-01	4.9972e-01	8.8573e-01	1.1427e-01	8.9335e-07	8.7574e-11	3.7073e-03	9.8380e-01	1.2493e-02	1.1755e-36	5.5700e-01	4.4295e-01	4.9473e-05	1.1755e-36	1.1755e-36	1.1755e-36	9.6566e-18	0.00e+00	0.00e+00	1.3275e+01
8.71706e+15	6.5160e+03	2.524e-17	4.6416e+03	2.2758e+03	9.2861e-10	5.1997e-01	4.8003e-01	8.8982e-01	1.1018e-01	8.7334e-07	9.8031e-11	3.5719e-03	9.8451e-01	1.1923e-02	1.1755e-36	5.7647e-01	4.2348e-01	4.3822e-05	1.1755e-36	1.1755e-36	1.1755e-36	1.1421e-17	0.00e+00	0.00e+00	1.3643e+01
8.74041e+15	6.4435e+03	2.373e-17	4.6416e+03	2.1856e+03	1.0991e-09	5.3880e-01	4.6120e-01	8.9348e-01	1.0652e-01	8.5584e-07	1.0908e-10	3.4464e-03	9.8515e-01	1.1400e-02	1.1755e-36	5.9493e-01	4.0503e-01	3.9031e-05	1.1755e-36	1.1755e-36	1.1755e-36	1.3411e-17	0.00e+00	0.00e+00	1.3999e+01
8.75942e+15	6.3728e+03	2.255e-17	4.6416e+03	2.1147e+03	1.2747e-09	5.5451e-01	4.4549e-01	8.9627e-01	1.0373e-01	8.4221e-07	1.1915e-10	3.3480e-03	9.8567e-01	1.0986e-02	1.1755e-36	6.1022e-01	3.8974e-01	3.5522e-05	1.1755e-36	1.1755e-36	1.1755e-36	1.5335e-17	0.00e+00	0.00e+00	1.4251e+01
8.77346e+15	6.3253e+03	2.166e-17	4.6416e+03	2.0593e+03	1.4166e-09	5.6582e-01	4.3418e-01	8.9821e-01	1.0179e-01	8.3472e-07	1.2681e-10	3.2698e-03	9.8603e-01	1.0697e-02	1.1755e-36	6.2115e-01	3.7882e-01	3.3127e-05	1.1755e-36	1.1755e-36	1.1755e-36	1.6863e-17	0.00e+00	0.00e+00	1.4460e+01
8.78678e+15	6.2729e+03	2.081e-17	4.6416e+03	2.0061e+03	1.5793e-09	5.7698e-01	4.2302e-01	9.0016e-01	9.9840e-02	8.2624e-07	1.3483e-10	3.1950e-03	9.8639e-01	1.0411e-02	1.1755e-36	6.3190e-01	3.6807e-01	3.0913e-05	1.1755e-36	1.1755e-36	1.1755e-36	1.8510e-17	0.00e+00	0.00e+00	1.4697e+01
8.80169e+15	6.2094e+03	1.988e-17	4.6416e+03	1.9465e+03	1.7930e-09	5.8957e-01	4.1043e-01	9.0227e-01	9.7725e-02	8.1727e-07	1.4441e-10	3.1108e-03	9.8679e-01	1.0095e-02	1.1755e-36	6.4397e-01	3.5600e-01	2.8592e-05	1.1755e-36	1.1755e-36	1.1755e-36	2.0555e-17	0.00e+00	0.00e+00	1.4970e+01
8.81737e+15	6.1472e+03	1.891e-17	4.6416e+03	1.8849e+03	2.0406e-09	6.0261e-01	3.9739e-01	9.0434e-01	9.5663e-02	8.0970e-07	1.5500e-10	3.0231e-03	9.8720e-01	9.7789e-03	1.1755e-36	6.5638e-01	3.4359e-01	2.6346e-05	1.1755e-36	1.1755e-36	1.1755e-36	2.2931e-17	0.00e+00	0.00e+00	1.5245e+01
8.83258e+15	6.0806e+03	1.801e-17	4.6416e+03	1.8252e+03	2.3291e-09	6.1530e-01	3.8470e-01	9.0626e-01	9.3734e-02	8.0292e-07	1.6600e-10	2.9379e-03	9.8758e-01	9.4792e-03	1.1755e-36	6.6840e-01	3.3158e-01	2.4329e-05	1.1755e-36	1.1755e-36	1.1755e-36	2.5506e-17	0.00e+00	0.00e+00	1.5512e+01
8.84711e+15	6.0105e+03	1.716e-17	4.6416e+03	1.7683e+03	2.6638e-09	6.2754e-01	3.7246e-01	9.0808e-01	9.1920e-02	7.9648e-07	1.7736e-10	2.8566e-03	9.8795e-01	9.1953e-03	1.1755e-36	6.7994e-01	3.2004e-01	2.2525e-05	1.1755e-36	1.1755e-36	1.1755e-36	2.8282e-17	0.00e+00	0.00e+00	1.5775e+01
8.86128e+15	5.9427e+03	1.634e-17	4.6416e+03	1.7128e+03	3.0370e-09	6.3934e-01	3.6066e-01	9.0977e-01	9.0232e-02	7.9135e-07	1.8899e-10	2.7768e-03	9.8830e-01	8.9277e-03	1.1755e-36	6.9099e-01	3.0899e-01	2.0887e-05	1.1755e-36	1.1755e-36	1.1755e-36	3.1257e-17	0.00e+00	0.00e+00	1.6038e+01
8.87540e+15	5.8773e+03	1.554e-17	4.6416e+03	1.6576e+03	3.4562e-09	6.5091e-01	3.4909e-01	9.1136e-01	8.8636e-02	7.8757e-07	2.0108e-10	2.6969e-03	9.8863e-01	8.6705e-03	1.1755e-36	7.0177e-01	2.9821e-01	1.9367e-05	1.1755e-36	1.1755e-36	1.1755e-36	3.4498e-17	0.00e+00	0.00e+00	1.6309e+01
8.88970e+15	5.8039e+03	1.476e-17	4.6416e+03	1.6021e+03	3.9750e-09	6.6267e-01	3.3733e-01	9.1296e-01	8.7042e-02	7.8366e-07	2.1427e-10	2.6165e-03	9.8897e-01	8.4129e-03	1.1755e-36	7.1269e-01	2.8729e-01	1.7929e-05	1.1755e-36	1.1755e-36	1.1755e-36	3.8196e-17	0.00e+00	0.00e+00	1.6589e+01
8.90398e+15	5.7265e+03	1.400e-17	4.6416e+03	1.5472e+03	4.5980e-09	6.7435e-01	3.2565e-01	9.1450e-01	8.5501e-02	7.8016e-07	2.2834e-10	2.5368e-03	9.8930e-01	8.1622e-03	1.1755e-36	7.2347e-01	2.7651e-01	1.6596e-05	1.1755e-36	1.1755e-36	1.1755e-36	4.2346e-17	0.00e+00	0.00e+00	1.6868e+01
8.91795e+15	5.6483e+03	1.328e-17	4.6416e+03	1.4941e+03	5.3245e-09	6.8566e-01	3.1434e-01	9.1595e-01	8.4046e-02	7.7731e-07	2.4300e-10	2.4595e-03	9.8962e-01	7.9236e-03	1.1755e-36	7.3386e-01	2.6613e-01	1.5382e-05	1.1755e-36	1.1755e-36	1.1755e-36	4.6907e-17	0.00e+00	0.00e+00	1.7146e+01
8.93165e+15	5.5691e+03	1.260e-17	4.6416e+03	1.4425e+03	6.1767e-09	6.9663e-01	3.0337e-01	9.1734e-01	8.2664e-02	7.7502e-07	2.5831e-10	2.3841e-03	9.8992e-01	7.6955e-03	1.1755e-36	7.4389e-01	2.5610e-01	1.4272e-05	1.1755e-36	1.1755e-36	1.1755e-36	5.1945e-17	0.00e+00	0.00e+00	1.7423e+01
8.94525e+15	5.4840e+03	1.194e-17	4.6416e+03	1.3925e+03	7.2335e-09	7.0761e-01	2.9239e-01	9.1874e-01	8.1260e-02	7.7177e-07	2.7523e-10	2.3116e-03	9.9022e-01	7.4696e-03	1.1755e-36	7.5388e-01	2.4611e-01	1.3235e-05	1.1755e-36	1.1755e-36	1.1755e-36	5.7874e-17	0.00e+00	0.00e+00	1.7705e+01
8.95868e+15	5.4005e+03	1.132e-17	4.6416e+03	1.3432e+03	8.4620e-09	7.1812e-01	2.8188e-01	9.2002e-01	7.9981e-02	7.7022e-07	2.9258e-10	2.2393e-03	9.9050e-01	7.2578e-03	1.1755e-36	7.6340e-01	2.3659e-01	1.2291e-05	1.1755e-36	1.1755e-36	1.1755e-36	6.4364e-17	0.00e+00	0.00e+00	1.7985e+01
8.97196e+15	5.3149e+03	1.072e-17	4.6416e+03	1.2951e+03	9.9430e-09	7.2838e-01	2.7162e-01	9.2125e-01	7.8746e-02	7.6894e-07	3.1119e-10	2.1688e-03	9.9078e-01	7.0535e-03	1.1755e-36	7.7265e-01	2.2734e-01	1.1419e-05	1.1755e-36	1.1755e-36	1.1755e-36	7.1826e-17	0.00e+00	0.00e+00	1.8268e+01
8.98523e+15	5.2265e+03	1.015e-17	4.6416e+03	1.2478e+03	1.1758e-08	7.3849e-01	2.6151e-01	9.2246e-01	7.7543e-02	7.6797e-07	3.3147e-10	2.0992e-03	9.9105e-01	6.8551e-03	1.1755e-36	7.8173e-01	2.1826e-01	1.0607e-05	1.1755e-36	1.1755e-36	1.1755e-36	8.0612e-17	0.00e+00	0.00e+00	1.8555e+01
8.99616e+15	5.1585e+03	9.707e-18	4.6416e+03	1.2101e+03	1.3408e-08	7.4618e-01	2.5382e-01	9.2325e-01	7.6746e-02	7.6965e-07	3.4792e-10	2.0431e-03	9.9125e-01	6.7106e-03	1.1755e-36	7.8861e-01	2.1138e-01	1.0015e-05	1.1755e-36	1.1755e-36	1.1755e-36	8.8293e-17	0.00e+00	0.00e+00	1.8743e+01
9.00396e+15	5.1026e+03	9.398e-18	4.6416e+03	1.1835e+03	1.4911e-08	7.5190e-01	2.4810e-01	9.2391e-01	7.6085e-02	7.6922e-07	3.6177e-10	2.0042e-03	9.9139e-01	6.6016e-03	1.1755e-36	7.9372e-01	2.0627e-01	9.5973e-06	1.1755e-36	1.1755e-36	1.1755e-36	9.5161e-17	0.00e+00	0.00e+00	1.8897e+01
9.01092e+15	5.0469e+03	9.125e-18	4.6416e+03	1.1594e+03	1.6555e-08	7.5713e-01	2.4287e-01	9.2455e-01	7.5449e-02	7.6813e-07	3.7557e-10	1.9690e-03	9.9153e-01	6.5016e-03	1.1755e-36	7.9839e-01	2.0160e-01	9.2288e-06	1.1755e-36	1.1755e-36	1.1755e-36	1.0239e-16	0.00e+00	0.00e+00	1.9051e+01
9.01788e+15	5.0017e+03	8.854e-18	4.6416e+03	1.1361e+03	1.8124e-08	7.6207e-01	2.3793e-01	9.2512e-01	7.4879e-02	7.6846e-07	3.8916e-10	1.9343e-03	9.9166e-01	6.4071e-03	1.1755e-36	8.0278e-01	1.9721e-01	8.8764e-06	1.1755e-36	1.1755e-36	1.1755e-36	1.0983e-16	0.00e+00	0.00e+00	1.9207e+01
9.02540e+15	4.9454e+03	8.564e-18	4.6416e+03	1.1103e+03	2.0221e-08	7.6754e-01	2.3246e-01	9.2577e-01	7.4231e-02	7.6826e-07	4.0583e-10	1.8964e-03	9.9181e-01	6.2908e-03	1.1755e-36	8.0761e-01	1.9238e-01	8.5057e-06	1.1755e-36	1.1755e-36	1.1755e-36	1.1895e-16	0.00e+00	0.00e+00	1.9388e+01
9.03331e+15	4.8876e+03	8.272e-18	4.6416e+03	1.0840e+03	2.2656e-08	7.7308e-01	2.2692e-01	9.2640e-01	7.3602e-02	7.6864e-07	4.2392e-10	1.8575e-03	9.9197e-01	6.1735e-03	1.1755e-36	8.1251e-01	1.8748e-01	8.1391e-06	1.1755e-36	1.1755e-36	1.1755e-36	1.2942e-16	0.00e+00	0.00e+00	1.9564e+01
9.04082e+15	4.8262e+03	8.007e-18	4.6416e+03	1.0600e+03	2.5549e-08	7.7851e-01	2.2149e-01	9.2707e-01	7.2927e-02	7.6711e-07	4.4406e-10	1.8228e-03	9.9212e-01	6.0573e-03	1.1755e-36	8.1730e-01	1.8269e-01	7.7998e-06	1.1755e-36	1.1755e-36	1.1755e-36	1.4181e-16	0.00e+00	0.00e+00	1.9729e+01
9.04763e+15	4.7708e+03	7.772e-18	4.6416e+03	1.0375e+03	2.8486e-08	7.8314e-01	2.1686e-01	9.2759e-01	7.2407e-02	7.6749e-07	4.6209e-10	1.7897e-03	9.9225e-01	5.9590e-03	1.1755e-36	8.2139e-01	1.7860e-01	7.5129e-06	1.1755e-36	1.1755e-36	1.1755e-36	1.5366e-16	0.00e+00	0.00e+00	1.9876e+01
9.05392e+15	4.7199e+03	7.558e-18	4.6416e+03	1.0176e+03	3.1561e-08	7.8755e-01	2.1245e-01	9.2813e-01	7.1873e-02	7.6674e-07	4.8093e-10	1.7610e-03	9.9237e-01	5.8649e-03	1.1755e-36	8.2526e-01	1.7473e-01	7.2489e-06	1.1755e-36	1.1755e-36	1.1755e-36	1.6670e-16	0.00e+00	0.00e+00	2.0019e+01
9.06020e+15	4.6692e+03	7.347e-18	4.6416e+03	9.9762e+02	3.4987e-08	7.9182e-01	2.0818e-01	9.2863e-01	7.1369e-02	7.6665e-07	5.0044e-10	1.7316e-03	9.9249e-01	5.7736e-03	1.1755e-36	8.2901e-01	1.7098e-01	6.9955e-06	1.1755e-36	1.1755e-36	1.1755e-36	1.8103e-16	0.00e+00	0.00e+00	2.0167e+01
9.06663e+15	4.6160e+03	7.137e-18	4.6416e+03	9.7750e+02	3.9022e-08	7.9620e-01	2.0380e-01	9.2916e-01	7.0842e-02	7.6620e-07	5.2223e-10	1.7023e-03	9.9262e-01	5.6801e-03	1.1755e-36	8.3284e-01	1.6715e-01	6.7438e-06	1.1755e-36	1.1755e-36	1.1755e-36	1.9803e-16	0.00e+00	0.00e+00	2.0318e+01
9.07301e+15	4.5638e+03	6.933e-18	4.6416e+03	9.5707e+02	4.3469e-08	8.0031e-01	1.9969e-01	9.2961e-01	7.0388e-02	7.6717e-07	5.4409e-10	1.6722e-03	9.9273e-01	5.5929e-03	1.1755e-36	8.3644e-01	1.6355e-01	6.5096e-06	1.1755e-36	1.1755e-36	1.1755e-36	2.1630e-16	0.00e+00	0.00e+00	2.0465e+01
9.07922e+15	4.5116e+03	6.740e-18	4.6416e+03	9.3799e+02	4.8483e-08	8.0438e-01	1.9562e-01	9.3009e-01	6.9906e-02	7.6713e-07	5.6808e-10	1.6444e-03	9.9285e-01	5.5060e-03	1.1755e-36	8.4000e-01	1.6000e-01	6.2851e-06	1.1755e-36	1.1755e-36	1.1755e-36	2.3755e-16	0.00e+00	0.00e+00	2.0610e+01
9.08526e+15	4.4604e+03	6.557e-18	4.6416e+03	9.1966e+02	5.4024e-08	8.0828e-01	1.9172e-01	9.3056e-01	6.9444e-02	7.6712e-07	5.9323e-10	1.6177e-03	9.9296e-01	5.4226e-03	1.1755e-36	8.4340e-01	1.5659e-01	6.0743e-06	1.1755e-36	1.1755e-36	1.1755e-36	2.6132e-16	0.00e+00	0.00e+00	2.0751e+01
9.09112e+15	4.4102e+03	6.383e-18	4.6416e+03	9.0205e+02	6.0150e-08	8.1204e-01	1.8796e-01	9.3100e-01	6.8997e-02	7.6708e-07	6.1970e-10	1.5922e-03	9.9307e-01	5.3423e-03	1.1755e-36	8.4667e-01	1.5333e-01	5.8761e-06	1.1755e-36	1.1755e-36	1.1755e-36	2.8802e-16	0.00e+00	0.00e+00	2.0888e+01
9.09686e+15	4.3604e+03	6.216e-18	4.6416e+03	8.8500e+02	6.6972e-08	8.1567e-01	1.8433e-01	9.3144e-01	6.8562e-02	7.6702e-07	6.4781e-10	1.5675e-03	9.9317e-01	5.2644e-03	1.1755e-36	8.4982e-01	1.5017e-01	5.6879e-06	1.1755e-36	1.1755e-36	1.1755e-36	3.1827e-16	0.00e+00	0.00e+00	2.1024e+01
9.10249e+15	4.3110e+03	6.057e-18	4.6416e+03	8.6845e+02	7.4575e-08	8.1920e-01	1.8080e-01	9.3186e-01	6.8137e-02	7.6695e-07	6.7776e-10	1.5436e-03	9.9327e-01	5.1888e-03	1.1755e-36	8.5288e-01	1.4711e-01	5.5089e-06	1.1755e-36	1.1755e-36	1.1755e-36	3.5271e-16	0.00e+00	0.00e+00	2.1158e+01
9.10801e+15	4.2620e+03	5.903e-18	4.6416e+03	8.5239e+02	8.3036e-08	8.2262e-01	1.7738e-01	9.3228e-01	6.7723e-02	7.6686e-07	7.0970e-10	1.5205e-03	9.9336e-01	5.1154e-03	1.1755e-36	8.5585e-01	1.4415e-01	5.3385e-06	1.1755e-36	1.1755e-36	1.1755e-36	3.9195e-16	0.00e+00	0.00e+00	2.1290e+01
9.11344e+15	4.2136e+03	5.756e-18	4.6416e+03	8.3681e+02	9.2442e-08	8.2594e-01	1.7406e-01	9.3268e-01	6.7318e-02	7.6676e-07	7.4379e-10	1.4981e-03	9.9346e-01	5.0440e-03	1.1755e-36	8.5872e-01	1.4127e-01	5.1763e-06	1.1755e-36	1.1755e-36	1.1755e-36	4.3674e-16	0.00e+00	0.00e+00	2.1420e+01
9.11876e+15	4.1655e+03	5.615e-18	4.6416e+03	8.2167e+02	1.0291e-07	8.2916e-01	1.7084e-01	9.3308e-01	6.6923e-02	7.6663e-07	7.8023e-10	1.4764e-03	9.9355e-01	4.9746e-03	1.1755e-36	8.6151e-01	1.3849e-01	5.0215e-06	1.1755e-36	1.1755e-36	1.1755e-36	4.8798e-16	0.00e+00	0.00e+00	2.1548e+01
9.12399e+15	4.1179e+03	5.479e-18	4.6416e+03	8.0696e+02	1.1453e-07	8.3229e-01	1.6771e-01	9.3346e-01	6.6536e-02	7.6648e-07	8.1926e-10	1.4555e-03	9.9364e-01	4.9072e-03	1.1755e-36	8.6421e-01	1.3578e-01	4.8737e-06	1.1755e-36	1.1755e-36	1.1755e-36	5.4670e-16	0.00e+00	0.00e+00	2.1675e+01
9.12915e+15	4.0706e+03	5.348e-18	4.6416e+03	7.9263e+02	1.2744e-07	8.3534e-01	1.6466e-01	9.3384e-01	6.6156e-02	7.6629e-07	8.6115e-10	1.4351e-03	9.9372e-01	4.8413e-03	1.1755e-36	8.6684e-01	1.3315e-01	4.7322e-06	1.1755e-36	1.1755e-36	1.1755e-36	6.1419e-16	0.00e+00	0.00e+00	2.1800e+01
9.13423e+15	4.0236e+03	5.221e-18	4.6416e+03	7.7865e+02	1.4179e-07	8.3832e-01	1.6168e-01	9.3422e-01	6.5783e-02	7.6607e-07	9.0617e-10	1.4154e-03	9.9381e-01	4.7771e-03	1.1755e-36	8.6941e-01	1.3059e-01	4.5964e-06	1.1755e-36	1.1755e-36	1.1755e-36	6.9187e-16	0.00e+00	0.00e+00	2.1924e+01
9.13925e+15	3.9768e+03	5.099e-18	4.6416e+03	7.6500e+02	1.5774e-07	8.4122e-01	1.5878e-01	9.3458e-01	6.5416e-02	7.6583e-07	9.5460e-10	1.3962e-03	9.9389e-01	4.7143e-03	1.1755e-36	8.7191e-01	1.2809e-01	4.4661e-06	1.1755e-36	1.1755e-36	1.1755e-36	7.8149e-16	0.00e+00	0.00e+00	2.2047e+01
###########################
1.14883e+12	7.7330e+03	6.105e-17	4.6416e+03	4.9718e+03	8.5427e-14	1.1266e-02	9.8873e-01	5.8885e-02	9.4061e-01	5.0151e-04	5.5355e-15	1.7826e-03	5.3437e-01	4.6379e-01	6.1470e-05	1.2303e-02	9.0624e-01	8.1452e-02	5.4619e-06	1.1755e-36	1.1755e-36	4.0017e-23	0.00e+00	0.00e+00	7.5870e-04
6.89299e+12	7.7278e+03	6.095e-17	4.6416e+03	4.9684e+03	8.5415e-14	1.1252e-02	9.8875e-01	5.8877e-02	9.4062e-01	5.0116e-04	5.5115e-15	1.7772e-03	5.3436e-01	4.6380e-01	6.1569e-05	1.2287e-02	9.0619e-01	8.1514e-02	5.4516e-06	1.1755e-36	1.1755e-36	3.9714e-23	0.00e+00	0.00e+00	3.7897e-03
2.98696e+13	7.7155e+03	6.074e-17	4.6416e+03	4.9676e+03	8.5958e-14	1.1246e-02	9.8875e-01	5.9016e-02	9.4049e-01	4.9726e-04	5.5146e-15	1.7767e-03	5.3503e-01	4.6313e-01	6.1242e-05	1.2285e-02	9.0637e-01	8.1341e-02	5.3631e-06	1.1755e-36	1.1755e-36	3.9629e-23	0.00e+00	0.00e+00	1.5907e-02
1.21776e+14	7.6922e+03	6.010e-17	4.6416e+03	4.9669e+03	8.7589e-14	1.1273e-02	9.8873e-01	5.9656e-02	9.3987e-01	4.7883e-04	5.5808e-15	1.7892e-03	5.3800e-01	4.6015e-01	5.9920e-05	1.2340e-02	9.0735e-01	8.0302e-02	4.9859e-06	1.1755e-36	1.1755e-36	3.9883e-23	0.00e+00	0.00e+00	6.4497e-02
2.90884e+14	7.5919e+03	5.800e-17	4.6416e+03	4.9675e+03	8.8981e-14	1.1037e-02	9.8896e-01	6.0068e-02	9.3947e-01	4.6309e-04	5.3602e-15	1.7776e-03	5.4049e-01	4.5767e-01	5.9040e-05	1.2104e-02	9.0783e-01	8.0058e-02	4.6334e-06	1.1755e-36	1.1755e-36	3.6947e-23	0.00e+00	0.00e+00	1.2634e-01
5.10725e+14	7.4942e+03	5.613e-17	4.6416e+03	4.9679e+03	9.2588e-14	1.0937e-02	9.8906e-01	6.1024e-02	9.3855e-01	4.3125e-04	5.3029e-15	1.7873e-03	5.4524e-01	4.5291e-01	5.6995e-05	1.2037e-02	9.0928e-01	7.8680e-02	4.0897e-06	1.1755e-36	1.1755e-36	3.5525e-23	0.00e+00	0.00e+00	2.0601e-01
7.96517e+14	7.3964e+03	5.439e-17	4.6416e+03	4.9673e+03	9.8712e-14	1.0965e-02	9.8904e-01	6.2672e-02	9.3694e-01	3.8461e-04	5.3971e-15	1.8184e-03	5.5272e-01	4.4541e-01	5.3787e-05	1.2129e-02	9.1177e-01	7.6101e-02	3.3948e-06	1.1755e-36	1.1755e-36	3.5336e-23	0.00e+00	0.00e+00	3.0984e-01
1.16805e+15	7.2980e+03	5.279e-17	4.6416e+03	4.9656e+03	1.0864e-13	1.1160e-02	9.8884e-01	6.5327e-02	9.3435e-01	3.2444e-04	5.7031e-15	1.8779e-03	5.6395e-01	4.3412e-01	4.9291e-05	1.2431e-02	9.1552e-01	7.2049e-02	2.5989e-06	1.1755e-36	1.1755e-36	3.6760e-23	0.00e+00	0.00e+00	4.4721e-01
1.65104e+15	7.2016e+03	5.140e-17	4.6416e+03	4.9622e+03	1.2495e-13	1.1609e-02	9.8839e-01	6.9588e-02	9.3016e-01	2.5458e-04	6.3619e-15	1.9798e-03	5.8057e-01	4.1740e-01	4.3398e-05	1.3054e-02	9.2080e-01	6.6147e-02	1.7821e-06	1.1755e-36	1.1755e-36	4.0850e-23	0.00e+00	0.00e+00	6.3300e-01
2.27892e+15	7.1109e+03	5.034e-17	4.6416e+03	4.9558e+03	1.5339e-13	1.2489e-02	9.8751e-01	7.6620e-02	9.2320e-01	1.8192e-04	7.7060e-15	2.1497e-03	6.0519e-01	3.9262e-01	3.6054e-05	1.4216e-02	9.2783e-01	5.7951e-02	1.0474e-06	1.1755e-36	1.1755e-36	5.0279e-23	0.00e+00	0.00e+00	8.9283e-01
3.04161e+15	7.0310e+03	4.979e-17	4.6416e+03	4.9479e+03	2.0373e-13	1.4006e-02	9.8599e-01	8.7837e-02	9.1204e-01	1.1898e-04	1.0321e-14	2.4079e-03	6.3894e-01	3.5863e-01	2.7949e-05	1.6170e-02	9.3591e-01	4.7923e-02	5.2257e-07	1.1755e-36	1.1755e-36	7.0468e-23	0.00e+00	0.00e+00	1.2276e+00
3.77036e+15	6.9909e+03	4.979e-17	4.6416e+03	4.9293e+03	2.7427e-13	1.6019e-02	9.8398e-01	1.0201e-01	8.9791e-01	7.8508e-05	1.4365e-14	2.7105e-03	6.7448e-01	3.2278e-01	2.1188e-05	1.8730e-02	9.4261e-01	3.8661e-02	2.5620e-07	1.1755e-36	1.1755e-36	1.0494e-22	0.00e+00	0.00e+00	1.5290e+00
4.34183e+15	6.9852e+03	5.039e-17	4.6416e+03	4.9118e+03	3.6319e-13	1.8359e-02	9.8164e-01	1.1779e-01	8.8215e-01	5.6239e-05	2.0049e-14	3.0150e-03	7.0680e-01	2.9017e-01	1.6218e-05	2.1674e-02	9.4700e-01	3.1326e-02	1.3676e-07	1.1755e-36	1.1755e-36	1.5902e-22	0.00e+00	0.00e+00	1.7986e+00
4.81405e+15	6.9944e+03	5.120e-17	4.6416e+03	4.8911e+03	4.7641e-13	2.1028e-02	9.7897e-01	1.3541e-01	8.6454e-01	4.2337e-05	2.7900e-14	3.3168e-03	7.3640e-01	2.6027e-01	1.2434e-05	2.5014e-02	9.4959e-01	2.5398e-02	1.1755e-36	1.1755e-36	1.1755e-36	2.4169e-22	0.00e+00	0.00e+00	2.0720e+00
5.24623e+15	7.0118e+03	5.218e-17	4.6416e+03	4.8681e+03	6.3364e-13	2.4299e-02	9.7570e-01	1.5674e-01	8.4322e-01	3.2488e-05	3.9639e-14	3.6353e-03	7.6554e-01	2.3082e-01	9.3218e-06	2.9094e-02	9.5066e-01	2.0251e-02	1.1755e-36	1.1755e-36	1.1755e-36	3.7884e-22	0.00e+00	0.00e+00	2.3717e+00
5.64907e+15	7.0376e+03	5.333e-17	4.6416e+03	4.8423e+03	8.5881e-13	2.8401e-02	9.7160e-01	1.8299e-01	8.1699e-01	2.5176e-05	5.7856e-14	3.9698e-03	7.9421e-01	2.0181e-01	6.7836e-06	3.4190e-02	9.5001e-01	1.5797e-02	1.1755e-36	1.1755e-36	1.1755e-36	6.1731e-22	0.00e+00	0.00e+00	2.6920e+00
6.00722e+15	7.0712e+03	5.450e-17	4.6416e+03	4.8088e+03	1.1679e-12	3.3314e-02	9.6669e-01	2.1365e-01	7.8633e-01	1.9872e-05	8.5084e-14	4.2934e-03	8.2065e-01	1.7505e-01	4.8588e-06	4.0273e-02	9.4754e-01	1.2187e-02	1.1755e-36	1.1755e-36	1.1755e-36	1.0180e-21	0.00e+00	0.00e+00	3.0158e+00
6.31505e+15	7.1071e+03	5.559e-17	4.6416e+03	4.7697e+03	1.5797e-12	3.8977e-02	9.6102e-01	2.4786e-01	7.5212e-01	1.6019e-05	1.2442e-13	4.5885e-03	8.4394e-01	1.5147e-01	3.4666e-06	4.7259e-02	9.4335e-01	9.3877e-03	1.1755e-36	1.1755e-36	1.1755e-36	1.6672e-21	0.00e+00	0.00e+00	3.3404e+00
6.58221e+15	7.1444e+03	5.663e-17	4.6416e+03	4.7330e+03	2.1312e-12	4.5538e-02	9.5446e-01	2.8580e-01	7.1419e-01	1.3116e-05	1.8193e-13	4.8592e-03	8.6446e-01	1.3068e-01	2.4591e-06	5.5322e-02	9.3747e-01	7.2121e-03	1.1755e-36	1.1755e-36	1.1755e-36	2.7319e-21	0.00e+00	0.00e+00	3.6743e+00
6.81859e+15	7.1763e+03	5.752e-17	4.6416e+03	4.6856e+03	2.8838e-12	5.3143e-02	9.4686e-01	3.2736e-01	6.7263e-01	1.0819e-05	2.6563e-13	5.0947e-03	8.8239e-01	1.1251e-01	1.7352e-06	6.4631e-02	9.2985e-01	5.5214e-03	1.1755e-36	1.1755e-36	1.1755e-36	4.4551e-21	0.00e+00	0.00e+00	4.0210e+00
7.03038e+15	7.2145e+03	5.798e-17	4.6416e+03	4.6129e+03	3.8608e-12	6.1756e-02	9.3824e-01	3.7157e-01	6.2842e-01	8.9536e-06	3.8364e-13	5.2734e-03	8.9774e-01	9.6990e-02	1.2254e-06	7.5130e-02	9.2065e-01	4.2195e-03	1.1755e-36	1.1755e-36	1.1755e-36	7.1302e-21	0.00e+00	0.00e+00	4.3848e+00
7.22539e+15	7.2395e+03	5.850e-17	4.6416e+03	4.5499e+03	5.3065e-12	7.2321e-02	9.2768e-01	4.2071e-01	5.7928e-01	7.3884e-06	5.6895e-13	5.4424e-03	9.1172e-01	8.2838e-02	8.4613e-07	8.7944e-02	9.0888e-01	3.1761e-03	1.1755e-36	1.1755e-36	1.1755e-36	1.1800e-20	0.00e+00	0.00e+00	4.7854e+00
7.40398e+15	7.2764e+03	5.858e-17	4.6416e+03	4.4669e+03	7.2542e-12	8.4679e-02	9.1532e-01	4.7201e-01	5.2798e-01	6.0926e-06	8.4499e-13	5.5611e-03	9.2371e-01	7.0726e-02	5.8140e-07	1.0284e-01	8.9478e-01	2.3724e-03	1.1755e-36	1.1755e-36	1.1755e-36	1.9518e-20	0.00e+00	0.00e+00	5.2029e+00
7.56414e+15	7.2972e+03	5.839e-17	4.6416e+03	4.3745e+03	1.0038e-11	9.9097e-02	9.0090e-01	5.2406e-01	4.7593e-01	5.0062e-06	1.2581e-12	5.6388e-03	9.3392e-01	6.0441e-02	3.9897e-07	1.2012e-01	8.7812e-01	1.7674e-03	1.1755e-36	1.1755e-36	1.1755e-36	3.2292e-20	0.00e+00	0.00e+00	5.6446e+00
7.71006e+15	7.3130e+03	5.791e-17	4.6416e+03	4.2774e+03	1.4007e-11	1.1611e-01	8.8389e-01	5.7548e-01	4.2452e-01	4.1346e-06	1.8867e-12	5.6829e-03	9.4266e-01	5.1652e-02	2.7263e-07	1.4034e-01	8.5835e-01	1.3080e-03	1.1755e-36	1.1755e-36	1.1755e-36	5.3999e-20	0.00e+00	0.00e+00	6.1203e+00
7.84447e+15	7.3291e+03	5.691e-17	4.6416e+03	4.1625e+03	1.9597e-11	1.3599e-01	8.6401e-01	6.2518e-01	3.7482e-01	3.4030e-06	2.8310e-12	5.6777e-03	9.5008e-01	4.4241e-02	1.8627e-07	1.6376e-01	8.3528e-01	9.6211e-04	1.1755e-36	1.1755e-36	1.1755e-36	9.0465e-20	0.00e+00	0.00e+00	6.6346e+00
7.96942e+15	7.3174e+03	5.554e-17	4.6416e+03	4.0342e+03	2.8249e-11	1.5983e-01	8.4017e-01	6.7259e-01	3.2741e-01	2.7965e-06	4.2965e-12	5.6361e-03	9.5652e-01	3.7846e-02	1.2636e-07	1.9157e-01	8.0773e-01	7.0063e-04	1.1755e-36	1.1755e-36	1.1755e-36	1.5423e-19	0.00e+00	0.00e+00	7.2007e+00
8.08580e+15	7.3007e+03	5.355e-17	4.6416e+03	3.8860e+03	4.1105e-11	1.8790e-01	8.1210e-01	7.1592e-01	2.8408e-01	2.3091e-06	6.5284e-12	5.5448e-03	9.6202e-01	3.2438e-02	1.1755e-36	2.2390e-01	7.7559e-01	5.0580e-04	1.1755e-36	1.1755e-36	1.1755e-36	2.6517e-19	0.00e+00	0.00e+00	7.8170e+00
8.19367e+15	7.2674e+03	5.098e-17	4.6416e+03	3.7187e+03	6.0724e-11	2.2066e-01	7.7934e-01	7.5449e-01	2.4551e-01	1.9187e-06	9.9030e-12	5.4066e-03	9.6672e-01	2.7872e-02	1.1755e-36	2.6110e-01	7.3853e-01	3.6279e-04	1.1755e-36	1.1755e-36	1.1755e-36	4.5870e-19	0.00e+00	0.00e+00	8.4885e+00
8.29172e+15	7.2162e+03	4.789e-17	4.6416e+03	3.5349e+03	9.0331e-11	2.5763e-01	7.4237e-01	7.8732e-01	2.1268e-01	1.6163e-06	1.4824e-11	5.2259e-03	9.7068e-01	2.4098e-02	1.1755e-36	3.0242e-01	6.9732e-01	2.6069e-04	1.1755e-36	1.1755e-36	1.1755e-36	7.8745e-19	0.00e+00	0.00e+00	9.1852e+00
8.37337e+15	7.1531e+03	4.466e-17	4.6416e+03	3.3524e+03	1.3037e-10	2.9483e-01	7.0517e-01	8.1213e-01	1.8787e-01	1.4081e-06	2.1087e-11	5.0246e-03	9.7373e-01	2.1247e-02	1.1755e-36	3.4329e-01	6.5652e-01	1.9366e-04	1.1755e-36	1.1755e-36	1.1755e-36	1.2752e-18	0.00e+00	0.00e+00	9.7988e+00
8.43496e+15	7.0889e+03	4.179e-17	4.6416e+03	3.1943e+03	1.7621e-10	3.2721e-01	6.7278e-01	8.2912e-01	1.7088e-01	1.2760e-06	2.7736e-11	4.8380e-03	9.7590e-01	1.9261e-02	1.1755e-36	3.7830e-01	6.2154e-01	1.5256e-04	1.1755e-36	1.1755e-36	1.1755e-36	1.8673e-18	0.00e+00	0.00e+00	1.0299e+01
8.48213e+15	7.0226e+03	3.942e-17	4.6416e+03	3.0674e+03	2.2684e-10	3.5515e-01	6.4485e-01	8.4140e-01	1.5860e-01	1.1831e-06	3.4564e-11	4.6836e-03	9.7754e-01	1.7780e-02	1.1755e-36	4.0810e-01	5.9177e-01	1.2568e-04	1.1755e-36	1.1755e-36	1.1755e-36	2.5489e-18	0.00e+00	0.00e+00	1.0738e+01
8.52360e+15	6.9626e+03	3.704e-17	4.6416e+03	2.9367e+03	2.8349e-10	3.8070e-01	6.1930e-01	8.5161e-01	1.4838e-01	1.1116e-06	4.1623e-11	4.5167e-03	9.7890e-01	1.6585e-02	1.1755e-36	4.3502e-01	5.6488e-01	1.0555e-04	1.1755e-36	1.1755e-36	1.1755e-36	3.3130e-18	0.00e+00	0.00e+00	1.1193e+01
8.56231e+15	6.8903e+03	3.478e-17	4.6416e+03	2.8146e+03	3.5554e-10	4.0665e-01	5.9335e-01	8.6047e-01	1.3953e-01	1.0508e-06	4.9866e-11	4.3592e-03	9.8015e-01	1.5493e-02	1.1755e-36	4.6205e-01	5.3787e-01	8.9108e-05	1.1755e-36	1.1755e-36	1.1755e-36	4.2938e-18	0.00e+00	0.00e+00	1.1630e+01
8.59751e+15	6.8153e+03	3.266e-17	4.6416e+03	2.6999e+03	4.4208e-10	4.3188e-01	5.6812e-01	8.6817e-01	1.3183e-01	9.9927e-07	5.9024e-11	4.2087e-03	9.8127e-01	1.4525e-02	1.1755e-36	4.8803e-01	5.1190e-01	7.5920e-05	1.1755e-36	1.1755e-36	1.1755e-36	5.4850e-18	0.00e+00	0.00e+00	1.2057e+01
8.63030e+15	6.7402e+03	3.057e-17	4.6416e+03	2.5844e+03	5.4417e-10	4.5605e-01	5.4395e-01	8.7475e-01	1.2524e-01	9.5883e-07	6.8788e-11	4.0534e-03	9.8227e-01	1.3681e-02	1.1755e-36	5.1264e-01	4.8729e-01	6.5225e-05	1.1755e-36	1.1755e-36	1.1755e-36	6.8581e-18	0.00e+00	0.00e+00	1.2482e+01
8.66044e+15	6.6643e+03	2.864e-17	4.6416e+03	2.4750e+03	6.6335e-10	4.7901e-01	5.2099e-01	8.8040e-01	1.1960e-01	9.2607e-07	7.9142e-11	3.9043e-03	9.8315e-01	1.2941e-02	1.1755e-36	5.3577e-01	4.6417e-01	5.6582e-05	1.1755e-36	1.1755e-36	1.1755e-36	8.4307e-18	0.00e+00	0.00e+00	1.2882e+01
8.68755e+15	6.5879e+03	2.688e-17	4.6416e+03	2.3737e+03	7.9940e-10	5.0027e-01	4.9973e-01	8.8519e-01	1.1480e-01	8.9971e-07	8.9765e-11	3.7649e-03	9.8394e-01	1.2299e-02	1.1755e-36	5.5699e-01	4.4296e-01	4.9660e-05	1.1755e-36	1.1755e-36	1.1755e-36	1.0160e-17	0.00e+00	0.00e+00	1.3260e+01
8.71250e+15	6.5135e+03	2.523e-17	4.6416e+03	2.2761e+03	9.5264e-10	5.1996e-01	4.8004e-01	8.8929e-01	1.1071e-01	8.7961e-07	1.0044e-10	3.6288e-03	9.8463e-01	1.1739e-02	1.1755e-36	5.7646e-01	4.2349e-01	4.3990e-05	1.1755e-36	1.1755e-36	1.1755e-36	1.2005e-17	0.00e+00	0.00e+00	1.3627e+01
8.73583e+15	6.4411e+03	2.372e-17	4.6416e+03	2.1859e+03	1.1271e-09	5.3879e-01	4.6121e-01	8.9297e-01	1.0703e-01	8.6205e-07	1.1171e-10	3.5018e-03	9.8527e-01	1.1226e-02	1.1755e-36	5.9492e-01	4.0504e-01	3.9181e-05	1.1755e-36	1.1755e-36	1.1755e-36	1.4086e-17	0.00e+00	0.00e+00	1.3983e+01
8.75482e+15	6.3706e+03	2.255e-17	4.6416e+03	2.1150e+03	1.3073e-09	5.5449e-01	4.4551e-01	8.9577e-01	1.0423e-01	8.4836e-07	1.2206e-10	3.4021e-03	9.8578e-01	1.0821e-02	1.1755e-36	6.1021e-01	3.8976e-01	3.5661e-05	1.1755e-36	1.1755e-36	1.1755e-36	1.6116e-17	0.00e+00	0.00e+00	1.4234e+01
8.76885e+15	6.3232e+03	2.166e-17	4.6416e+03	2.0595e+03	1.4518e-09	5.6580e-01	4.3420e-01	8.9771e-01	1.0229e-01	8.4084e-07	1.2980e-10	3.3233e-03	9.8614e-01	1.0539e-02	1.1755e-36	6.2114e-01	3.7883e-01	3.3257e-05	1.1755e-36	1.1755e-36	1.1755e-36	1.7693e-17	0.00e+00	0.00e+00	1.4443e+01
8.78217e+15	6.2707e+03	2.081e-17	4.6416e+03	2.0063e+03	1.6183e-09	5.7697e-01	4.2303e-01	8.9967e-01	1.0033e-01	8.3232e-07	1.3799e-10	3.2475e-03	9.8650e-01	1.0257e-02	1.1755e-36	6.3190e-01	3.6807e-01	3.1033e-05	1.1755e-36	1.1755e-36	1.1755e-36	1.9415e-17	0.00e+00	0.00e+00	1.4681e+01
8.79706e+15	6.2073e+03	1.987e-17	4.6416e+03	1.9467e+03	1.8371e-09	5.8957e-01	4.1043e-01	9.0179e-01	9.8205e-02	8.2334e-07	1.4778e-10	3.1623e-03	9.8689e-01	9.9456e-03	1.1755e-36	6.4397e-01	3.5600e-01	2.8703e-05	1.1755e-36	1.1755e-36	1.1755e-36	2.1555e-17	0.00e+00	0.00e+00	1.4952e+01
8.81272e+15	6.1452e+03	1.891e-17	4.6416e+03	1.8852e+03	2.0899e-09	6.0260e-01	3.9740e-01	9.0386e-01	9.6136e-02	8.1575e-07	1.5857e-10	3.0735e-03	9.8729e-01	9.6359e-03	1.1755e-36	6.5637e-01	3.4360e-01	2.6451e-05	1.1755e-36	1.1755e-36	1.1755e-36	2.4032e-17	0.00e+00	0.00e+00	1.5228e+01
8.82790e+15	6.0787e+03	1.800e-17	4.6416e+03	1.8255e+03	2.3847e-09	6.1528e-01	3.8472e-01	9.0580e-01	9.4201e-02	8.0895e-07	1.6977e-10	2.9873e-03	9.8767e-01	9.3422e-03	1.1755e-36	6.6839e-01	3.3159e-01	2.4427e-05	1.1755e-36	1.1755e-36	1.1755e-36	2.6717e-17	0.00e+00	0.00e+00	1.5494e+01
8.84242e+15	6.0087e+03	1.715e-17	4.6416e+03	1.7686e+03	2.7267e-09	6.2753e-01	3.7247e-01	9.0762e-01	9.2381e-02	8.0250e-07	1.8137e-10	2.9050e-03	9.8803e-01	9.0639e-03	1.1755e-36	6.7992e-01	3.2005e-01	2.2616e-05	1.1755e-36	1.1755e-36	1.1755e-36	2.9617e-17	0.00e+00	0.00e+00	1.5756e+01
8.85657e+15	5.9410e+03	1.634e-17	4.6416e+03	1.7130e+03	3.1082e-09	6.3933e-01	3.6067e-01	9.0931e-01	9.0685e-02	7.9735e-07	1.9323e-10	2.8242e-03	9.8837e-01	8.8013e-03	1.1755e-36	6.9098e-01	3.0900e-01	2.0972e-05	1.1755e-36	1.1755e-36	1.1755e-36	3.2721e-17	0.00e+00	0.00e+00	1.6020e+01
8.87069e+15	5.8756e+03	1.554e-17	4.6416e+03	1.6578e+03	3.5364e-09	6.5090e-01	3.4910e-01	9.1092e-01	8.9083e-02	7.9357e-07	2.0554e-10	2.7431e-03	9.8871e-01	8.5488e-03	1.1755e-36	7.0177e-01	2.9821e-01	1.9446e-05	1.1755e-36	1.1755e-36	1.1755e-36	3.6095e-17	0.00e+00	0.00e+00	1.6290e+01
8.88497e+15	5.8023e+03	1.476e-17	4.6416e+03	1.6023e+03	4.0661e-09	6.6266e-01	3.3734e-01	9.1252e-01	8.7483e-02	7.8967e-07	2.1898e-10	2.6615e-03	9.8904e-01	8.2962e-03	1.1755e-36	7.1268e-01	2.8730e-01	1.8003e-05	1.1755e-36	1.1755e-36	1.1755e-36	3.9949e-17	0.00e+00	0.00e+00	1.6569e+01
8.89923e+15	5.7250e+03	1.400e-17	4.6416e+03	1.5474e+03	4.7021e-09	6.7434e-01	3.2566e-01	9.1406e-01	8.5936e-02	7.8617e-07	2.3332e-10	2.5809e-03	9.8937e-01	8.0504e-03	1.1755e-36	7.2346e-01	2.7652e-01	1.6664e-05	1.1755e-36	1.1755e-36	1.1755e-36	4.4272e-17	0.00e+00	0.00e+00	1.6849e+01
8.91318e+15	5.6470e+03	1.328e-17	4.6416e+03	1.4943e+03	5.4437e-09	6.8565e-01	3.1435e-01	9.1552e-01	8.4476e-02	7.8332e-07	2.4825e-10	2.5024e-03	9.8968e-01	7.8166e-03	1.1755e-36	7.3385e-01	2.6614e-01	1.5446e-05	1.1755e-36	1.1755e-36	1.1755e-36	4.9022e-17	0.00e+00	0.00e+00	1.7126e+01
8.92687e+15	5.5679e+03	1.260e-17	4.6416e+03	1.4427e+03	6.3142e-09	6.9662e-01	3.0338e-01	9.1691e-01	8.3088e-02	7.8103e-07	2.6386e-10	2.4260e-03	9.8998e-01	7.5930e-03	1.1755e-36	7.4388e-01	2.5611e-01	1.4332e-05	1.1755e-36	1.1755e-36	1.1755e-36	5.4277e-17	0.00e+00	0.00e+00	1.7403e+01
8.94046e+15	5.4829e+03	1.194e-17	4.6416e+03	1.3927e+03	7.3928e-09	7.0760e-01	2.9240e-01	9.1832e-01	8.1678e-02	7.7779e-07	2.8111e-10	2.3523e-03	9.9028e-01	7.3715e-03	1.1755e-36	7.5387e-01	2.4612e-01	1.3291e-05	1.1755e-36	1.1755e-36	1.1755e-36	6.0455e-17	0.00e+00	0.00e+00	1.7685e+01
8.95388e+15	5.3994e+03	1.132e-17	4.6416e+03	1.3434e+03	8.6470e-09	7.1811e-01	2.8189e-01	9.1961e-01	8.0394e-02	7.7625e-07	2.9881e-10	2.2790e-03	9.9056e-01	7.1639e-03	1.1755e-36	7.6339e-01	2.3660e-01	1.2343e-05	1.1755e-36	1.1755e-36	1.1755e-36	6.7223e-17	0.00e+00	0.00e+00	1.7964e+01
8.96714e+15	5.3139e+03	1.072e-17	4.6416e+03	1.2953e+03	1.0159e-08	7.2837e-01	2.7163e-01	9.2085e-01	7.9153e-02	7.7499e-07	3.1779e-10	2.2073e-03	9.9083e-01	6.9637e-03	1.1755e-36	7.7264e-01	2.2734e-01	1.1467e-05	1.1755e-36	1.1755e-36	1.1755e-36	7.5006e-17	0.00e+00	0.00e+00	1.8247e+01
8.97822e+15	5.2465e+03	1.026e-17	4.6416e+03	1.2565e+03	1.1560e-08	7.3635e-01	2.6365e-01	9.2170e-01	7.8295e-02	7.7617e-07	3.3349e-10	2.1489e-03	9.9104e-01	6.8154e-03	1.1755e-36	7.7982e-01	2.2017e-01	1.0818e-05	1.1755e-36	1.1755e-36	1.1755e-36	8.1908e-17	0.00e+00	0.00e+00	1.8439e+01
8.98635e+15	5.1906e+03	9.922e-18	4.6416e+03	1.2282e+03	1.2847e-08	7.4241e-01	2.5759e-01	9.2241e-01	7.7593e-02	7.7577e-07	3.4671e-10	2.1068e-03	9.9119e-01	6.7013e-03	1.1755e-36	7.8524e-01	2.1475e-01	1.0349e-05	1.1755e-36	1.1755e-36	1.1755e-36	8.8053e-17	0.00e+00	0.00e+00	1.8599e+01
8.99369e+15	5.1332e+03	9.621e-18	4.6416e+03	1.2023e+03	1.4291e-08	7.4803e-01	2.5197e-01	9.2310e-01	7.6900e-02	7.7447e-07	3.6015e-10	2.0686e-03	9.9134e-01	6.5945e-03	1.1755e-36	7.9028e-01	2.0971e-01	9.9306e-06	1.1755e-36	1.1755e-36	1.1755e-36	9.4637e-17	0.00e+00	0.00e+00	1.8760e+01
9.00099e+15	5.0882e+03	9.325e-18	4.6416e+03	1.1774e+03	1.5635e-08	7.5329e-01	2.4670e-01	9.2370e-01	7.6295e-02	7.7487e-07	3.7308e-10	2.0309e-03	9.9147e-01	6.4952e-03	1.1755e-36	7.9496e-01	2.0503e-01	9.5359e-06	1.1755e-36	1.1755e-36	1.1755e-36	1.0126e-16	0.00e+00	0.00e+00	1.8920e+01
9.00884e+15	5.0312e+03	9.010e-18	4.6416e+03	1.1501e+03	1.7460e-08	7.5911e-01	2.4089e-01	9.2440e-01	7.5594e-02	7.7446e-07	3.8880e-10	1.9901e-03	9.9162e-01	6.3853e-03	1.1755e-36	8.0013e-01	1.9986e-01	9.1190e-06	1.1755e-36	1.1755e-36	1.1755e-36	1.0978e-16	0.00e+00	0.00e+00	1.9108e+01
9.01710e+15	4.9744e+03	8.694e-18	4.6416e+03	1.1222e+03	1.9527e-08	7.6495e-01	2.3505e-01	9.2506e-01	7.4935e-02	7.7507e-07	4.0583e-10	1.9480e-03	9.9178e-01	6.2715e-03	1.1755e-36	8.0532e-01	1.9468e-01	8.7110e-06	1.1755e-36	1.1755e-36	1.1755e-36	1.1932e-16	0.00e+00	0.00e+00	1.9289e+01
9.02496e+15	4.9107e+03	8.405e-18	4.6416e+03	1.0965e+03	2.2069e-08	7.7076e-01	2.2924e-01	9.2579e-01	7.4208e-02	7.7333e-07	4.2540e-10	1.9102e-03	9.9194e-01	6.1495e-03	1.1755e-36	8.1046e-01	1.8953e-01	8.3311e-06	1.1755e-36	1.1755e-36	1.1755e-36	1.3059e-16	0.00e+00	0.00e+00	1.9461e+01
9.03208e+15	4.8543e+03	8.150e-18	4.6416e+03	1.0725e+03	2.4619e-08	7.7569e-01	2.2431e-01	9.2635e-01	7.3652e-02	7.7369e-07	4.4275e-10	1.8745e-03	9.9208e-01	6.0472e-03	1.1755e-36	8.1483e-01	1.8516e-01	8.0116e-06	1.1755e-36	1.1755e-36	1.1755e-36	1.4123e-16	0.00e+00	0.00e+00	1.9612e+01
9.03860e+15	4.8029e+03	7.920e-18	4.6416e+03	1.0516e+03	2.7262e-08	7.8032e-01	2.1968e-01	9.2691e-01	7.3092e-02	7.7296e-07	4.6061e-10	1.8435e-03	9.9221e-01	5.9503e-03	1.1755e-36	8.1891e-01	1.8108e-01	7.7212e-06	1.1755e-36	1.1755e-36	1.1755e-36	1.5277e-16	0.00e+00	0.00e+00	1.9758e+01
9.04510e+15	4.7516e+03	7.693e-18	4.6416e+03	1.0305e+03	3.0212e-08	7.8484e-01	2.1516e-01	9.2744e-01	7.2558e-02	7.7284e-07	4.7912e-10	1.8120e-03	9.9233e-01	5.8558e-03	1.1755e-36	8.2288e-01	1.7711e-01	7.4421e-06	1.1755e-36	1.1755e-36	1.1755e-36	1.6543e-16	0.00e+00	0.00e+00	1.9910e+01
9.05177e+15	4.6975e+03	7.466e-18	4.6416e+03	1.0092e+03	3.3703e-08	7.8947e-01	2.1053e-01	9.2800e-01	7.1999e-02	7.7236e-07	4.9983e-10	1.7804e-03	9.9246e-01	5.7587e-03	1.1755e-36	8.2695e-01	1.7305e-01	7.1641e-06	1.1755e-36	1.1755e-36	1.1755e-36	1.8044e-16	0.00e+00	0.00e+00	2.0066e+01
9.05842e+15	4.6440e+03	7.246e-18	4.6416e+03	9.8761e+02	3.7572e-08	7.9383e-01	2.0617e-01	9.2848e-01	7.1515e-02	7.7331e-07	5.2056e-10	1.7481e-03	9.9258e-01	5.6682e-03	1.1755e-36	8.3077e-01	1.6922e-01	6.9058e-06	1.1755e-36	1.1755e-36	1.1755e-36	1.9651e-16	0.00e+00	0.00e+00	2.0218e+01
9.06485e+15	4.5911e+03	7.039e-18	4.6416e+03	9.6749e+02	4.1899e-08	7.9812e-01	2.0188e-01	9.2899e-01	7.1008e-02	7.7329e-07	5.4309e-10	1.7182e-03	9.9270e-01	5.5785e-03	1.1755e-36	8.3453e-01	1.6546e-01	6.6598e-06	1.1755e-36	1.1755e-36	1.1755e-36	2.1501e-16	0.00e+00	0.00e+00	2.0366e+01
9.07108e+15	4.5392e+03	6.843e-18	4.6416e+03	9.4820e+02	4.6682e-08	8.0223e-01	1.9777e-01	9.2948e-01	7.0523e-02	7.7329e-07	5.6663e-10	1.6896e-03	9.9282e-01	5.4926e-03	1.1755e-36	8.3812e-01	1.6187e-01	6.4295e-06	1.1755e-36	1.1755e-36	1.1755e-36	2.3561e-16	0.00e+00	0.00e+00	2.0511e+01
9.07714e+15	4.4865e+03	6.657e-18	4.6416e+03	9.3019e+02	5.2164e-08	8.0632e-01	1.9368e-01	9.3000e-01	7.0002e-02	7.7209e-07	5.9279e-10	1.6632e-03	9.9293e-01	5.4064e-03	1.1755e-36	8.4169e-01	1.5831e-01	6.2083e-06	1.1755e-36	1.1755e-36	1.1755e-36	2.5992e-16	0.00e+00	0.00e+00	2.0652e+01
9.08299e+15	4.4372e+03	6.482e-18	4.6416e+03	9.1236e+02	5.7925e-08	8.1004e-01	1.8996e-01	9.3043e-01	6.9571e-02	7.7246e-07	6.1812e-10	1.6368e-03	9.9303e-01	5.3288e-03	1.1755e-36	8.4493e-01	1.5507e-01	6.0082e-06	1.1755e-36	1.1755e-36	1.1755e-36	2.8521e-16	0.00e+00	0.00e+00	2.0787e+01
9.08870e+15	4.3880e+03	6.313e-18	4.6416e+03	8.9525e+02	6.4373e-08	8.1370e-01	1.8630e-01	9.3087e-01	6.9131e-02	7.7240e-07	6.4548e-10	1.6115e-03	9.9314e-01	5.2520e-03	1.1755e-36	8.4810e-01	1.5189e-01	5.8158e-06	1.1755e-36	1.1755e-36	1.1755e-36	3.1423e-16	0.00e+00	0.00e+00	2.0924e+01
9.09443e+15	4.3376e+03	6.148e-18	4.6416e+03	8.7836e+02	7.1806e-08	8.1734e-01	1.8266e-01	9.3132e-01	6.8683e-02	7.7207e-07	6.7562e-10	1.5867e-03	9.9324e-01	5.1753e-03	1.1755e-36	8.5127e-01	1.4872e-01	5.6285e-06	1.1755e-36	1.1755e-36	1.1755e-36	3.4835e-16	0.00e+00	0.00e+00	2.1061e+01
9.10005e+15	4.2880e+03	5.991e-18	4.6416e+03	8.6187e+02	8.0029e-08	8.2084e-01	1.7916e-01	9.3174e-01	6.8260e-02	7.7203e-07	7.0732e-10	1.5626e-03	9.9334e-01	5.1018e-03	1.1755e-36	8.5431e-01	1.4569e-01	5.4517e-06	1.1755e-36	1.1755e-36	1.1755e-36	3.8679e-16	0.00e+00	0.00e+00	2.1194e+01
9.10550e+15	4.2399e+03	5.841e-18	4.6416e+03	8.4605e+02	8.8989e-08	8.2419e-01	1.7581e-01	9.3214e-01	6.7858e-02	7.7211e-07	7.4047e-10	1.5394e-03	9.9343e-01	5.0316e-03	1.1755e-36	8.5720e-01	1.4279e-01	5.2857e-06	1.1755e-36	1.1755e-36	1.1755e-36	4.2975e-16	0.00e+00	0.00e+00	2.1324e+01
9.11086e+15	4.1918e+03	5.696e-18	4.6416e+03	8.3071e+02	9.9042e-08	8.2747e-01	1.7253e-01	9.3255e-01	6.7453e-02	7.7194e-07	7.7635e-10	1.5170e-03	9.9352e-01	4.9625e-03	1.1755e-36	8.6004e-01	1.3996e-01	5.1261e-06	1.1755e-36	1.1755e-36	1.1755e-36	4.7941e-16	0.00e+00	0.00e+00	2.1453e+01
9.11616e+15	4.1435e+03	5.556e-18	4.6416e+03	8.1570e+02	1.1033e-07	8.3068e-01	1.6932e-01	9.3294e-01	6.7054e-02	7.7172e-07	8.1511e-10	1.4952e-03	9.9361e-01	4.8949e-03	1.1755e-36	8.6281e-01	1.3718e-01	4.9728e-06	1.1755e-36	1.1755e-36	1.1755e-36	5.3683e-16	0.00e+00	0.00e+00	2.1582e+01
9.12136e+15	4.0961e+03	5.422e-18	4.6416e+03	8.0110e+02	1.2278e-07	8.3378e-01	1.6622e-01	9.3333e-01	6.6672e-02	7.7165e-07	8.5627e-10	1.4741e-03	9.9370e-01	4.8297e-03	1.1755e-36	8.6549e-01	1.3451e-01	4.8271e-06	1.1755e-36	1.1755e-36	1.1755e-36	6.0217e-16	0.00e+00	0.00e+00	2.1707e+01
9.12647e+15	4.0491e+03	5.293e-18	4.6416e+03	7.8690e+02	1.3658e-07	8.3681e-01	1.6319e-01	9.3370e-01	6.6298e-02	7.7155e-07	9.0045e-10	1.4536e-03	9.9378e-01	4.7664e-03	1.1755e-36	8.6809e-01	1.3190e-01	4.6874e-06	1.1755e-36	1.1755e-36	1.1755e-36	6.7726e-16	0.00e+00	0.00e+00	2.1832e+01
9.13151e+15	4.0021e+03	5.168e-18	4.6416e+03	7.7298e+02	1.5202e-07	8.3978e-01	1.6022e-01	9.3407e-01	6.5930e-02	7.7143e-07	9.4832e-10	1.4336e-03	9.9386e-01	4.7044e-03	1.1755e-36	8.7066e-01	1.2934e-01	4.5526e-06	1.1755e-36	1.1755e-36	1.1755e-36	7.6444e-16	0.00e+00	0.00e+00	2.1955e+01
9.13649e+15	3.9568e+03	5.045e-18	4.6416e+03	7.5873e+02	1.6855e-07	8.4259e-01	1.5741e-01	9.3437e-01	6.5633e-02	7.7290e-07	9.9718e-10	1.4128e-03	9.9394e-01	4.6476e-03	1.1755e-36	8.7308e-01	1.2692e-01	4.4254e-06	1.1755e-36	1.1755e-36	1.1755e-36	8.6028e-16	0.00e+00	0.00e+00	2.2077e+01
###########################
1.14883e+12	7.7330e+03	6.105e-17	4.6416e+03	4.9718e+03	8.5426e-14	1.1266e-02	9.8873e-01	5.8885e-02	9.4061e-01	5.0151e-04	5.5354e-15	1.7826e-03	5.3437e-01	4.6379e-01	6.1470e-05	1.2303e-02	9.0624e-01	8.1452e-02	5.4619e-06	1.1755e-36	1.1755e-36	4.0017e-23	0.00e+00	0.00e+00	7.5870e-04
6.89299e+12	7.7278e+03	6.095e-17	4.6416e+03	4.9684e+03	8.5414e-14	1.1252e-02	9.8875e-01	5.8877e-02	9.4062e-01	5.0116e-04	5.5114e-15	1.7772e-03	5.3436e-01	4.6380e-01	6.1569e-05	1.2287e-02	9.0619e-01	8.1514e-02	5.4516e-06	1.1755e-36	1.1755e-36	3.9713e-23	0.00e+00	0.00e+00	3.7897e-03
2.98696e+13	7.7155e+03	6.074e-17	4.6416e+03	4.9676e+03	8.5957e-14	1.1246e-02	9.8875e-01	5.9016e-02	9.4049e-01	4.9726e-04	5.5145e-15	1.7767e-03	5.3503e-01	4.6313e-01	6.1242e-05	1.2285e-02	9.0637e-01	8.1341e-02	5.3631e-06	1.1755e-36	1.1755e-36	3.9628e-23	0.00e+00	0.00e+00	1.5907e-02
1.21776e+14	7.6922e+03	6.010e-17	4.6416e+03	4.9669e+03	8.7588e-14	1.1273e-02	9.8873e-01	5.9656e-02	9.3987e-01	4.7883e-04	5.5808e-15	1.7892e-03	5.3800e-01	4.6015e-01	5.9920e-05	1.2340e-02	9.0735e-01	8.0302e-02	4.9859e-06	1.1755e-36	1.1755e-36	3.9882e-23	0.00e+00	0.00e+00	6.4497e-02
2.90884e+14	7.5919e+03	5.800e-17	4.6416e+03	4.9675e+03	8.8980e-14	1.1037e-02	9.8896e-01	6.0068e-02	9.3947e-01	4.6309e-04	5.3602e-15	1.7776e-03	5.4049e-01	4.5767e-01	5.9040e-05	1.2104e-02	9.0783e-01	8.0058e-02	4.6334e-06	1.1755e-36	1.1755e-36	3.6946e-23	0.00e+00	0.00e+00	1.2634e-01
5.10725e+14	7.4942e+03	5.613e-17	4.6416e+03	4.9679e+03	9.2587e-14	1.0937e-02	9.8906e-01	6.1024e-02	9.3855e-01	4.3125e-04	5.3028e-15	1.7873e-03	5.4524e-01	4.5291e-01	5.6995e-05	1.2037e-02	9.0928e-01	7.8680e-02	4.0897e-06	1.1755e-36	1.1755e-36	3.5524e-23	0.00e+00	0.00e+00	2.0601e-01
7.96517e+14	7.3964e+03	5.439e-17	4.6416e+03	4.9673e+03	9.8711e-14	1.0965e-02	9.8904e-01	6.2672e-02	9.3694e-01	3.8461e-04	5.3971e-15	1.8184e-03	5.5272e-01	4.4541e-01	5.3787e-05	1.2129e-02	9.1177e-01	7.6101e-02	3.3948e-06	1.1755e-36	1.1755e-36	3.5335e-23	0.00e+00	0.00e+00	3.0984e-01
1.16805e+15	7.2980e+03	5.279e-17	4.6416e+03	4.9656e+03	1.0864e-13	1.1160e-02	9.8884e-01	6.5327e-02	9.3435e-01	3.2444e-04	5.7030e-15	1.8779e-03	5.6395e-01	4.3412e-01	4.9291e-05	1.2431e-02	9.1552e-01	7.2049e-02	2.5989e-06	1.1755e-36	1.1755e-36	3.6759e-23	0.00e+00	0.00e+00	4.4721e-01
1.65104e+15	7.2016e+03	5.140e-17	4.6416e+03	4.9622e+03	1.2495e-13	1.1609e-02	9.8839e-01	6.9588e-02	9.3016e-01	2.5458e-04	6.3618e-15	1.9798e-03	5.8057e-01	4.1740e-01	4.3398e-05	1.3054e-02	9.2080e-01	6.6147e-02	1.7821e-06	1.1755e-36	1.1755e-36	4.0848e-23	0.00e+00	0.00e+00	6.3300e-01
2.27892e+15	7.1109e+03	5.034e-17	4.6416e+03	4.9558e+03	1.5339e-13	1.2489e-02	9.8751e-01	7.6620e-02	9.2320e-01	1.8192e-04	7.7058e-15	2.1497e-03	6.0519e-01	3.9262e-01	3.6054e-05	1.4216e-02	9.2783e-01	5.7951e-02	1.0474e-06	1.1755e-36	1.1755e-36	5.0277e-23	0.00e+00	0.00e+00	8.9283e-01
3.04161e+15	7.0310e+03	4.979e-17	4.6416e+03	4.9479e+03	2.0372e-13	1.4006e-02	9.8599e-01	8.7837e-02	9.1204e-01	1.1898e-04	1.0320e-14	2.4079e-03	6.3894e-01	3.5863e-01	2.7949e-05	1.6170e-02	9.3591e-01	4.7923e-02	5.2257e-07	1.1755e-36	1.1755e-36	7.0463e-23	0.00e+00	0.00e+00	1.2276e+00
3.77036e+15	6.9909e+03	4.979e-17	4.6416e+03	4.9293e+03	2.7426e-13	1.6019e-02	9.8398e-01	1.0201e-01	8.9791e-01	7.8508e-05	1.4364e-14	2.7105e-03	6.7448e-01	3.2278e-01	2.1188e-05	1.8730e-02	9.4261e-01	3.8661e-02	2.5620e-07	1.1755e-36	1.1755e-36	1.0493e-22	0.00e+00	0.00e+00	1.5290e+00
4.34183e+15	6.9852e+03	5.039e-17	4.6416e+03	4.9118e+03	3.6317e-13	1.8359e-02	9.8164e-01	1.1779e-01	8.8215e-01	5.6239e-05	2.0047e-14	3.0150e-03	7.0680e-01	2.9017e-01	1.6218e-05	2.1674e-02	9.4700e-01	3.1326e-02	1.3676e-07	1.1755e-36	1.1755e-36	1.5899e-22	0.00e+00	0.00e+00	1.7986e+00
4.81405e+15	7.0051e+03	5.114e-17	4.6416e+03	4.8911e+03	4.7168e-13	2.1003e-02	9.7900e-01	1.3528e-01	8.6467e-01	4.2389e-05	2.7822e-14	3.3147e-03	7.3621e-01	2.6046e-01	1.2457e-05	2.4984e-02	9.4961e-01	2.5410e-02	1.1755e-36	1.1755e-36	1.1755e-36	2.4105e-22	0.00e+00	0.00e+00	2.0716e+00
5.24770e+15	7.0144e+03	5.220e-17	4.6416e+03	4.8708e+03	6.3311e-13	2.4312e-02	9.7569e-01	1.5684e-01	8.4312e-01	3.2521e-05	3.9714e-14	3.6387e-03	7.6564e-01	2.3071e-01	9.3113e-06	2.9109e-02	9.5066e-01	2.0234e-02	1.1755e-36	1.1755e-36	1.1755e-36	3.7999e-22	0.00e+00	0.00e+00	2.3737e+00
5.65082e+15	7.0391e+03	5.330e-17	4.6416e+03	4.8391e+03	8.5741e-13	2.8394e-02	9.7161e-01	1.8296e-01	8.1701e-01	2.5128e-05	5.7773e-14	3.9680e-03	7.9419e-01	2.0184e-01	6.7853e-06	3.4183e-02	9.5002e-01	1.5795e-02	1.1755e-36	1.1755e-36	1.1755e-36	6.1586e-22	0.00e+00	0.00e+00	2.6919e+00
6.00831e+15	7.0712e+03	5.449e-17	4.6416e+03	4.8083e+03	1.1680e-12	3.3316e-02	9.6668e-01	2.1367e-01	7.8631e-01	1.9849e-05	8.5080e-14	4.2934e-03	8.2068e-01	1.7502e-01	4.8572e-06	4.0276e-02	9.4754e-01	1.2184e-02	1.1755e-36	1.1755e-36	1.1755e-36	1.0177e-21	0.00e+00	0.00e+00	3.0167e+00
6.31658e+15	7.1072e+03	5.559e-17	4.6416e+03	4.7695e+03	1.5807e-12	3.8992e-02	9.6101e-01	2.4797e-01	7.5202e-01	1.6001e-05	1.2452e-13	4.5892e-03	8.4400e-01	1.5140e-01	3.4633e-06	4.7278e-02	9.4334e-01	9.3808e-03	1.1755e-36	1.1755e-36	1.1755e-36	1.6688e-21	0.00e+00	0.00e+00	3.3412e+00
6.58331e+15	7.1449e+03	5.663e-17	4.6416e+03	4.7327e+03	2.1309e-12	4.5544e-02	9.5446e-01	2.8585e-01	7.1414e-01	1.3108e-05	1.8195e-13	4.8592e-03	8.6448e-01	1.3066e-01	2.4581e-06	5.5329e-02	9.3746e-01	7.2095e-03	1.1755e-36	1.1755e-36	1.1755e-36	2.7320e-21	0.00e+00	0.00e+00	3.6743e+00
6.81924e+15	7.1762e+03	5.752e-17	4.6416e+03	4.6857e+03	2.8833e-12	5.3141e-02	9.4686e-01	3.2736e-01	6.7263e-01	1.0815e-05	2.6558e-13	5.0948e-03	8.8240e-01	1.1251e-01	1.7352e-06	6.4628e-02	9.2985e-01	5.5215e-03	1.1755e-36	1.1755e-36	1.1755e-36	4.4535e-21	0.00e+00	0.00e+00	4.0206e+00
7.03095e+15	7.2145e+03	5.798e-17	4.6416e+03	4.6130e+03	3.8592e-12	6.1747e-02	9.3825e-01	3.7155e-01	6.2844e-01	8.9511e-06	3.8347e-13	5.2733e-03	8.9773e-01	9.6997e-02	1.2256e-06	7.5119e-02	9.2066e-01	4.2201e-03	1.1755e-36	1.1755e-36	1.1755e-36	7.1253e-21	0.00e+00	0.00e+00	4.3845e+00
7.22605e+15	7.2394e+03	5.850e-17	4.6416e+03	4.5499e+03	5.3051e-12	7.2315e-02	9.2769e-01	4.2071e-01	5.7928e-01	7.3858e-06	5.6878e-13	5.4424e-03	9.1172e-01	8.2838e-02	8.4617e-07	8.7936e-02	9.0889e-01	3.1763e-03	1.1755e-36	1.1755e-36	1.1755e-36	1.1794e-20	0.00e+00	0.00e+00	4.7853e+00
7.40476e+15	7.2768e+03	5.857e-17	4.6416e+03	4.4669e+03	7.2511e-12	8.4676e-02	9.1532e-01	4.7204e-01	5.2796e-01	6.0901e-06	8.4487e-13	5.5611e-03	9.2372e-01	7.0722e-02	5.8133e-07	1.0284e-01	8.9479e-01	2.3722e-03	1.1755e-36	1.1755e-36	1.1755e-36	1.9512e-20	0.00e+00	0.00e+00	5.2030e+00
7.56495e+15	7.2972e+03	5.839e-17	4.6416e+03	4.3745e+03	1.0038e-11	9.9101e-02	9.0090e-01	5.2411e-01	4.7589e-01	5.0035e-06	1.2582e-12	5.6389e-03	9.3393e-01	6.0433e-02	3.9887e-07	1.2012e-01	8.7811e-01	1.7671e-03	1.1755e-36	1.1755e-36	1.1755e-36	3.2289e-20	0.00e+00	0.00e+00	5.6447e+00
7.71084e+15	7.3130e+03	5.791e-17	4.6416e+03	4.2774e+03	1.4007e-11	1.1611e-01	8.8389e-01	5.7551e-01	4.2448e-01	4.1326e-06	1.8867e-12	5.6830e-03	9.4267e-01	5.1647e-02	2.7257e-07	1.4034e-01	8.5835e-01	1.3078e-03	1.1755e-36	1.1755e-36	1.1755e-36	5.3993e-20	0.00e+00	0.00e+00	6.1202e+00
7.84521e+15	7.3291e+03	5.691e-17	4.6416e+03	4.1625e+03	1.9594e-11	1.3598e-01	8.6402e-01	6.2520e-01	3.7479e-01	3.4015e-06	2.8307e-12	5.6777e-03	9.5008e-01	4.4238e-02	1.8625e-07	1.6375e-01	8.3528e-01	9.6206e-04	1.1755e-36	1.1755e-36	1.1755e-36	9.0439e-20	0.00e+00	0.00e+00	6.6344e+00
7.97015e+15	7.3174e+03	5.554e-17	4.6416e+03	4.0342e+03	2.8244e-11	1.5982e-01	8.4018e-01	6.7261e-01	3.2738e-01	2.7952e-06	4.2958e-12	5.6361e-03	9.5652e-01	3.7844e-02	1.2636e-07	1.9156e-01	8.0774e-01	7.0060e-04	1.1755e-36	1.1755e-36	1.1755e-36	1.5418e-19	0.00e+00	0.00e+00	7.2006e+00
8.08655e+15	7.3007e+03	5.355e-17	4.6416e+03	3.8860e+03	4.1100e-11	1.8790e-01	8.1210e-01	7.1595e-01	2.8405e-01	2.3079e-06	6.5278e-12	5.5448e-03	9.6202e-01	3.2435e-02	1.1755e-36	2.2390e-01	7.7560e-01	5.0576e-04	1.1755e-36	1.1755e-36	1.1755e-36	2.6511e-19	0.00e+00	0.00e+00	7.8170e+00
8.19444e+15	7.2674e+03	5.098e-17	4.6416e+03	3.7187e+03	6.0720e-11	2.2066e-01	7.7934e-01	7.5452e-01	2.4547e-01	1.9177e-06	9.9028e-12	5.4066e-03	9.6672e-01	2.7869e-02	1.1755e-36	2.6110e-01	7.3853e-01	3.6274e-04	1.1755e-36	1.1755e-36	1.1755e-36	4.5863e-19	0.00e+00	0.00e+00	8.4885e+00
8.29249e+15	7.2162e+03	4.789e-17	4.6416e+03	3.5349e+03	9.0325e-11	2.5763e-01	7.4237e-01	7.8736e-01	2.1264e-01	1.6153e-06	1.4824e-11	5.2259e-03	9.7068e-01	2.4096e-02	1.1755e-36	3.0242e-01	6.9732e-01	2.6065e-04	1.1755e-36	1.1755e-36	1.1755e-36	7.8733e-19	0.00e+00	0.00e+00	9.1852e+00
8.37413e+15	7.1531e+03	4.466e-17	4.6416e+03	3.3524e+03	1.3036e-10	2.9483e-01	7.0517e-01	8.1216e-01	1.8784e-01	1.4073e-06	2.1086e-11	5.0246e-03	9.7373e-01	2.1246e-02	1.1755e-36	3.4329e-01	6.5652e-01	1.9363e-04	1.1755e-36	1.1755e-36	1.1755e-36	1.2749e-18	0.00e+00	0.00e+00	9.7987e+00
8.43572e+15	7.0889e+03	4.179e-17	4.6416e+03	3.1943e+03	1.7619e-10	3.2721e-01	6.7279e-01	8.2915e-01	1.7085e-01	1.2753e-06	2.7734e-11	4.8380e-03	9.7590e-01	1.9260e-02	1.1755e-36	3.7830e-01	6.2155e-01	1.5254e-04	1.1755e-36	1.1755e-36	1.1755e-36	1.8669e-18	0.00e+00	0.00e+00	1.0299e+01
8.48289e+15	7.0226e+03	3.942e-17	4.6416e+03	3.0674e+03	2.2681e-10	3.5515e-01	6.4485e-01	8.4142e-01	1.5857e-01	1.1824e-06	3.4562e-11	4.6836e-03	9.7754e-01	1.7779e-02	1.1755e-36	4.0810e-01	5.9178e-01	1.2566e-04	1.1755e-36	1.1755e-36	1.1755e-36	2.5483e-18	0.00e+00	0.00e+00	1.0738e+01
8.52436e+15	6.9625e+03	3.704e-17	4.6416e+03	2.9367e+03	2.8349e-10	3.8070e-01	6.1930e-01	8.5164e-01	1.4836e-01	1.1110e-06	4.1622e-11	4.5167e-03	9.7890e-01	1.6584e-02	1.1755e-36	4.3502e-01	5.6487e-01	1.0553e-04	1.1755e-36	1.1755e-36	1.1755e-36	3.3125e-18	0.00e+00	0.00e+00	1.1193e+01
8.56307e+15	6.8903e+03	3.478e-17	4.6416e+03	2.8146e+03	3.5551e-10	4.0665e-01	5.9335e-01	8.6049e-01	1.3951e-01	1.0502e-06	4.9863e-11	4.3591e-03	9.8015e-01	1.5491e-02	1.1755e-36	4.6204e-01	5.3787e-01	8.9096e-05	1.1755e-36	1.1755e-36	1.1755e-36	4.2930e-18	0.00e+00	0.00e+00	1.1630e+01
8.59827e+15	6.8153e+03	3.265e-17	4.6416e+03	2.6999e+03	4.4203e-10	4.3188e-01	5.6812e-01	8.6818e-01	1.3181e-01	9.9874e-07	5.9020e-11	4.2086e-03	9.8127e-01	1.4524e-02	1.1755e-36	4.8802e-01	5.1190e-01	7.5911e-05	1.1755e-36	1.1755e-36	1.1755e-36	5.4839e-18	0.00e+00	0.00e+00	1.2057e+01
8.63106e+15	6.7402e+03	3.057e-17	4.6416e+03	2.5844e+03	5.4411e-10	4.5605e-01	5.4395e-01	8.7477e-01	1.2523e-01	9.5831e-07	6.8783e-11	4.0533e-03	9.8227e-01	1.3679e-02	1.1755e-36	5.1264e-01	4.8730e-01	6.5217e-05	1.1755e-36	1.1755e-36	1.1755e-36	6.8567e-18	0.00e+00	0.00e+00	1.2482e+01
8.66120e+15	6.6643e+03	2.864e-17	4.6416e+03	2.4750e+03	6.6329e-10	4.7901e-01	5.2099e-01	8.8042e-01	1.1958e-01	9.2557e-07	7.9137e-11	3.9043e-03	9.8316e-01	1.2940e-02	1.1755e-36	5.3577e-01	4.6417e-01	5.6575e-05	1.1755e-36	1.1755e-36	1.1755e-36	8.4290e-18	0.00e+00	0.00e+00	1.2882e+01
8.68831e+15	6.5879e+03	2.687e-17	4.6416e+03	2.3736e+03	7.9933e-10	5.0027e-01	4.9973e-01	8.8521e-01	1.1479e-01	8.9922e-07	8.9759e-11	3.7648e-03	9.8394e-01	1.2298e-02	1.1755e-36	5.5699e-01	4.4296e-01	4.9654e-05	1.1755e-36	1.1755e-36	1.1755e-36	1.0158e-17	0.00e+00	0.00e+00	1.3259e+01
8.71326e+15	6.5135e+03	2.523e-17	4.6416e+03	2.2761e+03	9.5257e-10	5.1996e-01	4.8004e-01	8.8931e-01	1.1069e-01	8.7914e-07	1.0043e-10	3.6288e-03	9.8463e-01	1.1738e-02	1.1755e-36	5.7646e-01	4.2350e-01	4.3984e-05	1.1755e-36	1.1755e-36	1.1755e-36	1.2003e-17	0.00e+00	0.00e+00	1.3627e+01
8.73659e+15	6.4411e+03	2.372e-17	4.6416e+03	2.1859e+03	1.1270e-09	5.3879e-01	4.6121e-01	8.9299e-01	1.0701e-01	8.6159e-07	1.1170e-10	3.5018e-03	9.8527e-01	1.1225e-02	1.1755e-36	5.9492e-01	4.0504e-01	3.9176e-05	1.1755e-36	1.1755e-36	1.1755e-36	1.4084e-17	0.00e+00	0.00e+00	1.3983e+01
8.75558e+15	6.3706e+03	2.255e-17	4.6416e+03	2.1150e+03	1.3072e-09	5.5449e-01	4.4551e-01	8.9578e-01	1.0422e-01	8.4790e-07	1.2206e-10	3.4021e-03	9.8578e-01	1.0820e-02	1.1755e-36	6.1020e-01	3.8976e-01	3.5656e-05	1.1755e-36	1.1755e-36	1.1755e-36	1.6114e-17	0.00e+00	0.00e+00	1.4234e+01
8.76961e+15	6.3232e+03	2.166e-17	4.6416e+03	2.0595e+03	1.4517e-09	5.6580e-01	4.3420e-01	8.9773e-01	1.0227e-01	8.4039e-07	1.2980e-10	3.3233e-03	9.8614e-01	1.0538e-02	1.1755e-36	6.2114e-01	3.7883e-01	3.3253e-05	1.1755e-36	1.1755e-36	1.1755e-36	1.7691e-17	0.00e+00	0.00e+00	1.4443e+01
8.78293e+15	6.2707e+03	2.081e-17	4.6416e+03	2.0063e+03	1.6182e-09	5.7697e-01	4.2303e-01	8.9969e-01	1.0031e-01	8.3187e-07	1.3799e-10	3.2474e-03	9.8650e-01	1.0256e-02	1.1755e-36	6.3190e-01	3.6807e-01	3.1029e-05	1.1755e-36	1.1755e-36	1.1755e-36	1.9413e-17	0.00e+00	0.00e+00	1.4680e+01
8.79782e+15	6.2073e+03	1.987e-17	4.6416e+03	1.9467e+03	1.8370e-09	5.8957e-01	4.1043e-01	9.0181e-01	9.8190e-02	8.2289e-07	1.4778e-10	3.1623e-03	9.8689e-01	9.9448e-03	1.1755e-36	6.4397e-01	3.5600e-01	2.8699e-05	1.1755e-36	1.1755e-36	1.1755e-36	2.1553e-17	0.00e+00	0.00e+00	1.4952e+01
8.81348e+15	6.1452e+03	1.891e-17	4.6416e+03	1.8852e+03	2.0898e-09	6.0260e-01	3.9740e-01	9.0388e-01	9.6121e-02	8.1531e-07	1.5857e-10	3.0735e-03	9.8729e-01	9.6352e-03	1.1755e-36	6.5637e-01	3.4360e-01	2.6447e-05	1.1755e-36	1.1755e-36	1.1755e-36	2.4030e-17	0.00e+00	0.00e+00	1.5228e+01
8.82866e+15	6.0787e+03	1.800e-17	4.6416e+03	1.8255e+03	2.3846e-09	6.1528e-01	3.8472e-01	9.0581e-01	9.4187e-02	8.0852e-07	1.6977e-10	2.9873e-03	9.8767e-01	9.3415e-03	1.1755e-36	6.6839e-01	3.3159e-01	2.4424e-05	1.1755e-36	1.1755e-36	1.1755e-36	2.6715e-17	0.00e+00	0.00e+00	1.5494e+01
8.84318e+15	6.0087e+03	1.715e-17	4.6416e+03	1.7686e+03	2.7267e-09	6.2752e-01	3.7248e-01	9.0763e-01	9.2367e-02	8.0207e-07	1.8137e-10	2.9050e-03	9.8803e-01	9.0631e-03	1.1755e-36	6.7992e-01	3.2005e-01	2.2613e-05	1.1755e-36	1.1755e-36	1.1755e-36	2.9616e-17	0.00e+00	0.00e+00	1.5756e+01
8.85733e+15	5.9410e+03	1.634e-17	4.6416e+03	1.7130e+03	3.1082e-09	6.3932e-01	3.6068e-01	9.0933e-01	9.0671e-02	7.9693e-07	1.9323e-10	2.8242e-03	9.8838e-01	8.8006e-03	1.1755e-36	6.9098e-01	3.0900e-01	2.0969e-05	1.1755e-36	1.1755e-36	1.1755e-36	3.2720e-17	0.00e+00	0.00e+00	1.6020e+01
8.87145e+15	5.8756e+03	1.554e-17	4.6416e+03	1.6578e+03	3.5364e-09	6.5090e-01	3.4910e-01	9.1093e-01	8.9069e-02	7.9314e-07	2.0555e-10	2.7430e-03	9.8871e-01	8.5481e-03	1.1755e-36	7.0177e-01	2.9821e-01	1.9443e-05	1.1755e-36	1.1755e-36	1.1755e-36	3.6094e-17	0.00e+00	0.00e+00	1.6290e+01
8.88573e+15	5.8023e+03	1.476e-17	4.6416e+03	1.6023e+03	4.0661e-09	6.6266e-01	3.3734e-01	9.1253e-01	8.7470e-02	7.8925e-07	2.1899e-10	2.6615e-03	9.8904e-01	8.2955e-03	1.1755e-36	7.1268e-01	2.8730e-01	1.8000e-05	1.1755e-36	1.1755e-36	1.1755e-36	3.9948e-17	0.00e+00	0.00e+00	1.6569e+01
8.89999e+15	5.7250e+03	1.400e-17	4.6416e+03	1.5474e+03	4.7021e-09	6.7434e-01	3.2566e-01	9.1408e-01	8.5923e-02	7.8575e-07	2.3332e-10	2.5808e-03	9.8937e-01	8.0498e-03	1.1755e-36	7.2346e-01	2.7652e-01	1.6662e-05	1.1755e-36	1.1755e-36	1.1755e-36	4.4271e-17	0.00e+00	0.00e+00	1.6849e+01
8.91394e+15	5.6470e+03	1.328e-17	4.6416e+03	1.4943e+03	5.4438e-09	6.8564e-01	3.1436e-01	9.1554e-01	8.4463e-02	7.8290e-07	2.4825e-10	2.5024e-03	9.8968e-01	7.8159e-03	1.1755e-36	7.3385e-01	2.6614e-01	1.5444e-05	1.1755e-36	1.1755e-36	1.1755e-36	4.9022e-17	0.00e+00	0.00e+00	1.7126e+01
8.92763e+15	5.5679e+03	1.260e-17	4.6416e+03	1.4427e+03	6.3143e-09	6.9662e-01	3.0338e-01	9.1692e-01	8.3075e-02	7.8062e-07	2.6387e-10	2.4260e-03	9.8998e-01	7.5923e-03	1.1755e-36	7.4388e-01	2.5611e-01	1.4330e-05	1.1755e-36	1.1755e-36	1.1755e-36	5.4277e-17	0.00e+00	0.00e+00	1.7403e+01
8.94122e+15	5.4829e+03	1.194e-17	4.6416e+03	1.3927e+03	7.3929e-09	7.0760e-01	2.9240e-01	9.1833e-01	8.1665e-02	7.7738e-07	2.8112e-10	2.3522e-03	9.9028e-01	7.3709e-03	1.1755e-36	7.5387e-01	2.4612e-01	1.3289e-05	1.1755e-36	1.1755e-36	1.1755e-36	6.0455e-17	0.00e+00	0.00e+00	1.7685e+01
8.95464e+15	5.3994e+03	1.132e-17	4.6416e+03	1.3434e+03	8.6472e-09	7.1811e-01	2.8189e-01	9.1962e-01	8.0382e-02	7.7584e-07	2.9882e-10	2.2789e-03	9.9056e-01	7.1633e-03	1.1755e-36	7.6339e-01	2.3660e-01	1.2341e-05	1.1755e-36	1.1755e-36	1.1755e-36	6.7224e-17	0.00e+00	0.00e+00	1.7964e+01
8.96790e+15	5.3139e+03	1.072e-17	4.6416e+03	1.2953e+03	1.0159e-08	7.2837e-01	2.7163e-01	9.2086e-01	7.9141e-02	7.7457e-07	3.1780e-10	2.2073e-03	9.9083e-01	6.9631e-03	1.1755e-36	7.7264e-01	2.2735e-01	1.1466e-05	1.1755e-36	1.1755e-36	1.1755e-36	7.5008e-17	0.00e+00	0.00e+00	1.8247e+01
8.97898e+15	5.2465e+03	1.026e-17	4.6416e+03	1.2565e+03	1.1560e-08	7.3635e-01	2.6365e-01	9.2172e-01	7.8284e-02	7.7575e-07	3.3351e-10	2.1489e-03	9.9104e-01	6.8148e-03	1.1755e-36	7.7982e-01	2.2017e-01	1.0816e-05	1.1755e-36	1.1755e-36	1.1755e-36	8.1910e-17	0.00e+00	0.00e+00	1.8439e+01
8.98711e+15	5.1906e+03	9.922e-18	4.6416e+03	1.2282e+03	1.2848e-08	7.4241e-01	2.5759e-01	9.2242e-01	7.7581e-02	7.7536e-07	3.4673e-10	2.1067e-03	9.9119e-01	6.7008e-03	1.1755e-36	7.8524e-01	2.1475e-01	1.0347e-05	1.1755e-36	1.1755e-36	1.1755e-36	8.8056e-17	0.00e+00	0.00e+00	1.8599e+01
8.99445e+15	5.1331e+03	9.621e-18	4.6416e+03	1.2023e+03	1.4292e-08	7.4803e-01	2.5197e-01	9.2311e-01	7.6889e-02	7.7405e-07	3.6017e-10	2.0686e-03	9.9134e-01	6.5940e-03	1.1755e-36	7.9028e-01	2.0971e-01	9.9294e-06	1.1755e-36	1.1755e-36	1.1755e-36	9.4640e-17	0.00e+00	0.00e+00	1.8760e+01
9.00174e+15	5.0882e+03	9.325e-18	4.6416e+03	1.1774e+03	1.5636e-08	7.5329e-01	2.4671e-01	9.2372e-01	7.6283e-02	7.7446e-07	3.7310e-10	2.0309e-03	9.9147e-01	6.4947e-03	1.1755e-36	7.9496e-01	2.0503e-01	9.5347e-06	1.1755e-36	1.1755e-36	1.1755e-36	1.0127e-16	0.00e+00	0.00e+00	1.8920e+01
9.00960e+15	5.0312e+03	9.010e-18	4.6416e+03	1.1501e+03	1.7461e-08	7.5911e-01	2.4089e-01	9.2442e-01	7.5583e-02	7.7405e-07	3.8882e-10	1.9901e-03	9.9163e-01	6.3848e-03	1.1755e-36	8.0013e-01	1.9986e-01	9.1180e-06	1.1755e-36	1.1755e-36	1.1755e-36	1.0979e-16	0.00e+00	0.00e+00	1.9108e+01
9.01786e+15	4.9744e+03	8.694e-18	4.6416e+03	1.1222e+03	1.9528e-08	7.6495e-01	2.3505e-01	9.2507e-01	7.4924e-02	7.7466e-07	4.0584e-10	1.9480e-03	9.9178e-01	6.2710e-03	1.1755e-36	8.0531e-01	1.9468e-01	8.7099e-06	1.1755e-36	1.1755e-36	1.1755e-36	1.1932e-16	0.00e+00	0.00e+00	1.9289e+01
9.02571e+15	4.9107e+03	8.405e-18	4.6416e+03	1.0965e+03	2.2070e-08	7.7076e-01	2.2924e-01	9.2580e-01	7.4197e-02	7.7292e-07	4.2542e-10	1.9102e-03	9.9194e-01	6.1490e-03	1.1755e-36	8.1046e-01	1.8954e-01	8.3302e-06	1.1755e-36	1.1755e-36	1.1755e-36	1.3060e-16	0.00e+00	0.00e+00	1.9461e+01
9.03284e+15	4.8543e+03	8.150e-18	4.6416e+03	1.0725e+03	2.4620e-08	7.7569e-01	2.2431e-01	9.2636e-01	7.3641e-02	7.7328e-07	4.4277e-10	1.8745e-03	9.9208e-01	6.0467e-03	1.1755e-36	8.1483e-01	1.8516e-01	8.0107e-06	1.1755e-36	1.1755e-36	1.1755e-36	1.4124e-16	0.00e+00	0.00e+00	1.9612e+01
9.03935e+15	4.8028e+03	7.920e-18	4.6416e+03	1.0516e+03	2.7263e-08	7.8032e-01	2.1968e-01	9.2692e-01	7.3081e-02	7.7255e-07	4.6063e-10	1.8435e-03	9.9221e-01	5.9499e-03	1.1755e-36	8.1891e-01	1.8109e-01	7.7203e-06	1.1755e-36	1.1755e-36	1.1755e-36	1.5278e-16	0.00e+00	0.00e+00	1.9758e+01
9.04585e+15	4.7516e+03	7.693e-18	4.6416e+03	1.0305e+03	3.0213e-08	7.8483e-01	2.1517e-01	9.2745e-01	7.2547e-02	7.7243e-07	4.7914e-10	1.8120e-03	9.9233e-01	5.8554e-03	1.1755e-36	8.2288e-01	1.7712e-01	7.4412e-06	1.1755e-36	1.1755e-36	1.1755e-36	1.6543e-16	0.00e+00	0.00e+00	1.9910e+01
9.05253e+15	4.6975e+03	7.466e-18	4.6416e+03	1.0092e+03	3.3704e-08	7.8947e-01	2.1053e-01	9.2801e-01	7.1988e-02	7.7195e-07	4.9985e-10	1.7804e-03	9.9246e-01	5.7582e-03	1.1755e-36	8.2694e-01	1.7305e-01	7.1633e-06	1.1755e-36	1.1755e-36	1.1755e-36	1.8045e-16	0.00e+00	0.00e+00	2.0066e+01
9.05917e+15	4.6440e+03	7.246e-18	4.6416e+03	9.8761e+02	3.7573e-08	7.9383e-01	2.0617e-01	9.2849e-01	7.1504e-02	7.7290e-07	5.2059e-10	1.7481e-03	9.9258e-01	5.6677e-03	1.1755e-36	8.3077e-01	1.6922e-01	6.9050e-06	1.1755e-36	1.1755e-36	1.1755e-36	1.9652e-16	0.00e+00	0.00e+00	2.0218e+01
9.06560e+15	4.5911e+03	7.039e-18	4.6416e+03	9.6750e+02	4.1901e-08	7.9812e-01	2.0188e-01	9.2900e-01	7.0998e-02	7.7288e-07	5.4312e-10	1.7182e-03	9.9270e-01	5.5781e-03	1.1755e-36	8.3453e-01	1.6547e-01	6.6591e-06	1.1755e-36	1.1755e-36	1.1755e-36	2.1502e-16	0.00e+00	0.00e+00	2.0366e+01
9.07184e+15	4.5392e+03	6.843e-18	4.6416e+03	9.4821e+02	4.6683e-08	8.0223e-01	1.9777e-01	9.2949e-01	7.0513e-02	7.7288e-07	5.6666e-10	1.6896e-03	9.9282e-01	5.4922e-03	1.1755e-36	8.3812e-01	1.6187e-01	6.4288e-06	1.1755e-36	1.1755e-36	1.1755e-36	2.3562e-16	0.00e+00	0.00e+00	2.0511e+01
9.07790e+15	4.4865e+03	6.657e-18	4.6416e+03	9.3020e+02	5.2166e-08	8.0632e-01	1.9368e-01	9.3001e-01	6.9992e-02	7.7168e-07	5.9282e-10	1.6632e-03	9.9293e-01	5.4059e-03	1.1755e-36	8.4169e-01	1.5831e-01	6.2077e-06	1.1755e-36	1.1755e-36	1.1755e-36	2.5994e-16	0.00e+00	0.00e+00	2.0652e+01
9.08374e+15	4.4372e+03	6.482e-18	4.6416e+03	9.1237e+02	5.7927e-08	8.1004e-01	1.8996e-01	9.3044e-01	6.9561e-02	7.7205e-07	6.1815e-10	1.6368e-03	9.9303e-01	5.3284e-03	1.1755e-36	8.4492e-01	1.5507e-01	6.0076e-06	1.1755e-36	1.1755e-36	1.1755e-36	2.8522e-16	0.00e+00	0.00e+00	2.0787e+01
9.08946e+15	4.3880e+03	6.313e-18	4.6416e+03	8.9526e+02	6.4376e-08	8.1369e-01	1.8631e-01	9.3088e-01	6.9121e-02	7.7199e-07	6.4552e-10	1.6115e-03	9.9314e-01	5.2516e-03	1.1755e-36	8.4810e-01	1.5189e-01	5.8152e-06	1.1755e-36	1.1755e-36	1.1755e-36	3.1425e-16	0.00e+00	0.00e+00	2.0924e+01
9.09518e+15	4.3376e+03	6.148e-18	4.6416e+03	8.7836e+02	7.1808e-08	8.1734e-01	1.8266e-01	9.3133e-01	6.8673e-02	7.7166e-07	6.7565e-10	1.5867e-03	9.9324e-01	5.1749e-03	1.1755e-36	8.5127e-01	1.4873e-01	5.6279e-06	1.1755e-36	1.1755e-36	1.1755e-36	3.4837e-16	0.00e+00	0.00e+00	2.1061e+01
9.10080e+15	4.2880e+03	5.991e-18	4.6416e+03	8.6188e+02	8.0032e-08	8.2084e-01	1.7916e-01	9.3175e-01	6.8250e-02	7.7162e-07	7.0736e-10	1.5626e-03	9.9334e-01	5.1014e-03	1.1755e-36	8.5431e-01	1.4569e-01	5.4512e-06	1.1755e-36	1.1755e-36	1.1755e-36	3.8681e-16	0.00e+00	0.00e+00	2.1194e+01
9.10625e+15	4.2399e+03	5.841e-18	4.6416e+03	8.4605e+02	8.8992e-08	8.2418e-01	1.7582e-01	9.3215e-01	6.7848e-02	7.7170e-07	7.4051e-10	1.5394e-03	9.9343e-01	5.0312e-03	1.1755e-36	8.5720e-01	1.4279e-01	5.2851e-06	1.1755e-36	1.1755e-36	1.1755e-36	4.2977e-16	0.00e+00	0.00e+00	2.1324e+01
9.11161e+15	4.1917e+03	5.696e-18	4.6416e+03	8.3072e+02	9.9045e-08	8.2746e-01	1.7254e-01	9.3256e-01	6.7443e-02	7.7153e-07	7.7639e-10	1.5170e-03	9.9352e-01	4.9622e-03	1.1755e-36	8.6004e-01	1.3996e-01	5.1255e-06	1.1755e-36	1.1755e-36	1.1755e-36	4.7943e-16	0.00e+00	0.00e+00	2.1453e+01
9.11691e+15	4.1435e+03	5.557e-18	4.6416e+03	8.1571e+02	1.1034e-07	8.3068e-01	1.6932e-01	9.3295e-01	6.7045e-02	7.7132e-07	8.1515e-10	1.4952e-03	9.9361e-01	4.8945e-03	1.1755e-36	8.6281e-01	1.3718e-01	4.9723e-06	1.1755e-36	1.1755e-36	1.1755e-36	5.3686e-16	0.00e+00	0.00e+00	2.1581e+01
9.12212e+15	4.0961e+03	5.422e-18	4.6416e+03	8.0111e+02	1.2278e-07	8.3378e-01	1.6622e-01	9.3334e-01	6.6663e-02	7.7124e-07	8.5631e-10	1.4741e-03	9.9370e-01	4.8294e-03	1.1755e-36	8.6549e-01	1.3451e-01	4.8266e-06	1.1755e-36	1.1755e-36	1.1755e-36	6.0221e-16	0.00e+00	0.00e+00	2.1707e+01
9.12722e+15	4.0491e+03	5.293e-18	4.6416e+03	7.8690e+02	1.3659e-07	8.3680e-01	1.6320e-01	9.3371e-01	6.6288e-02	7.7114e-07	9.0050e-10	1.4536e-03	9.9378e-01	4.7660e-03	1.1755e-36	8.6809e-01	1.3190e-01	4.6870e-06	1.1755e-36	1.1755e-36	1.1755e-36	6.7730e-16	0.00e+00	0.00e+00	2.1831e+01
9.13227e+15	4.0021e+03	5.168e-18	4.6416e+03	7.7298e+02	1.5203e-07	8.3978e-01	1.6022e-01	9.3408e-01	6.5921e-02	7.7103e-07	9.4837e-10	1.4336e-03	9.9386e-01	4.7040e-03	1.1755e-36	8.7065e-01	1.2934e-01	4.5521e-06	1.1755e-36	1.1755e-36	1.1755e-36	7.6450e-16	0.00e+00	0.00e+00	2.1955e+01
9.13725e+15	3.9568e+03	5.045e-18	4.6416e+03	7.5873e+02	1.6857e-07	8.4259e-01	1.5741e-01	9.3438e-01	6.5624e-02	7.7252e-07	9.9725e-10	1.4128e-03	9.9394e-01	4.6473e-03	1.1755e-36	8.7308e-01	1.2692e-01	4.4248e-06	1.1755e-36	1.1755e-36	1.1755e-36	8.6038e-16	0.00e+00	0.00e+00	2.2077e+01
