#depth	Te	Htot	hden	eden	2H_2/H	HI	HII	HeI	HeII	HeIII	CO/C	C1	C2	C3	C4	O1	O2	O3	O4	O5	O6	H2O/O	AV(point)	AV(extend)	Tau912
1.91107e+14	6.5401e+03	2.460e-21	2.7826e+01	2.9753e+01	5.0760e-12	1.2648e-02	9.8735e-01	6.5526e-02	9.3403e-01	4.4620e-04	7.4387e-15	2.0302e-03	5.6396e-01	4.3396e-01	5.0044e-05	1.3884e-02	9.0833e-01	7.7782e-02	4.8233e-06	1.1755e-36	1.1755e-36	5.0671e-23	0.00e+00	0.00e+00	8.4941e-04
1.14664e+15	6.5321e+03	2.456e-21	2.7826e+01	2.9731e+01	5.1012e-12	1.2637e-02	9.8736e-01	6.5540e-02	9.3401e-01	4.4571e-04	7.4195e-15	2.0241e-03	5.6404e-01	4.3389e-01	5.0137e-05	1.3873e-02	9.0830e-01	7.7823e-02	4.8121e-06	1.1755e-36	1.1755e-36	5.0409e-23	0.00e+00	0.00e+00	4.2441e-03
4.96877e+15	6.5262e+03	2.445e-21	2.7826e+01	2.9723e+01	5.1206e-12	1.2627e-02	9.8737e-01	6.5681e-02	9.3388e-01	4.4235e-04	7.4145e-15	2.0203e-03	5.6466e-01	4.3327e-01	4.9926e-05	1.3868e-02	9.0849e-01	7.7638e-02	4.7332e-06	1.1755e-36	1.1755e-36	5.0227e-23	0.00e+00	0.00e+00	1.7812e-02
2.02573e+16	6.4750e+03	2.425e-21	2.7826e+01	2.9718e+01	5.4341e-12	1.2723e-02	9.8728e-01	6.6697e-02	9.3288e-01	4.2401e-04	7.5924e-15	2.0368e-03	5.6873e-01	4.2918e-01	4.8489e-05	1.4008e-02	9.0964e-01	7.6346e-02	4.3648e-06	1.1755e-36	1.1755e-36	5.1096e-23	0.00e+00	0.00e+00	7.2498e-02
4.83882e+16	6.3235e+03	2.351e-21	2.7826e+01	2.9719e+01	6.0279e-12	1.2567e-02	9.8743e-01	6.7742e-02	9.3185e-01	4.0577e-04	7.4394e-15	2.0314e-03	5.7336e-01	4.2456e-01	4.7077e-05	1.3877e-02	9.1054e-01	7.5583e-02	3.9974e-06	1.1755e-36	1.1755e-36	4.8061e-23	0.00e+00	0.00e+00	1.4272e-01
8.41930e+16	6.1773e+03	2.289e-21	2.7826e+01	2.9716e+01	6.8620e-12	1.2571e-02	9.8743e-01	6.9446e-02	9.3018e-01	3.7511e-04	7.5110e-15	2.0526e-03	5.8033e-01	4.1758e-01	4.4775e-05	1.3941e-02	9.1231e-01	7.3744e-02	3.4849e-06	1.1755e-36	1.1755e-36	4.6956e-23	0.00e+00	0.00e+00	2.3065e-01
1.29334e+17	6.0363e+03	2.237e-21	2.7826e+01	2.9705e+01	8.0560e-12	1.2755e-02	9.8725e-01	7.2038e-02	9.2763e-01	3.3320e-04	7.8501e-15	2.1014e-03	5.9023e-01	4.0763e-01	4.1567e-05	1.4229e-02	9.1507e-01	7.0698e-02	2.8597e-06	1.1755e-36	1.1755e-36	4.7924e-23	0.00e+00	0.00e+00	3.4377e-01
1.86984e+17	5.8973e+03	2.193e-21	2.7826e+01	2.9684e+01	9.8583e-12	1.3179e-02	9.8682e-01	7.5978e-02	9.2374e-01	2.8129e-04	8.5736e-15	2.1870e-03	6.0420e-01	3.9357e-01	3.7375e-05	1.4817e-02	9.1898e-01	6.6200e-02	2.1652e-06	1.1755e-36	1.1755e-36	5.1646e-23	0.00e+00	0.00e+00	4.9389e-01
2.60648e+17	5.7629e+03	2.161e-21	2.7826e+01	2.9650e+01	1.2717e-11	1.3955e-02	9.8605e-01	8.2013e-02	9.1776e-01	2.2286e-04	9.9423e-15	2.3253e-03	6.2370e-01	3.7394e-01	3.2200e-05	1.5848e-02	9.2416e-01	5.9994e-02	1.4739e-06	1.1755e-36	1.1755e-36	6.0035e-23	0.00e+00	0.00e+00	6.9618e-01
3.54962e+17	5.6426e+03	2.145e-21	2.7826e+01	2.9590e+01	1.7590e-11	1.5339e-02	9.8466e-01	9.1678e-02	9.0816e-01	1.6268e-04	1.2623e-14	2.5478e-03	6.5115e-01	3.4628e-01	2.6045e-05	1.7641e-02	9.3067e-01	5.1690e-02	8.6256e-07	1.1755e-36	1.1755e-36	7.8470e-23	0.00e+00	0.00e+00	9.8224e-01
4.58407e+17	5.5625e+03	2.142e-21	2.7826e+01	2.9498e+01	2.4689e-11	1.7299e-02	9.8270e-01	1.0476e-01	8.9513e-01	1.1441e-04	1.6977e-14	2.8334e-03	6.8272e-01	3.1442e-01	2.0236e-05	2.0152e-02	9.3694e-01	4.2910e-02	4.6432e-07	1.1755e-36	1.1755e-36	1.1154e-22	0.00e+00	0.00e+00	1.2885e+00
5.51120e+17	5.5352e+03	2.164e-21	2.7826e+01	2.9391e+01	3.3793e-11	1.9796e-02	9.8020e-01	1.2056e-01	8.7936e-01	8.2767e-05	2.3569e-14	3.1527e-03	7.1412e-01	2.8271e-01	1.5523e-05	2.3314e-02	9.4165e-01	3.5037e-02	2.5125e-07	1.1755e-36	1.1755e-36	1.6778e-22	0.00e+00	0.00e+00	1.5830e+00
6.30315e+17	5.5561e+03	2.195e-21	2.7826e+01	2.9265e+01	4.4293e-11	2.2736e-02	9.7726e-01	1.3858e-01	8.6136e-01	6.2407e-05	3.2980e-14	3.4816e-03	7.4339e-01	2.5312e-01	1.1881e-05	2.7015e-02	9.4458e-01	2.8406e-02	1.4005e-07	1.1755e-36	1.1755e-36	2.5825e-22	0.00e+00	0.00e+00	1.8776e+00
7.01425e+17	5.5887e+03	2.238e-21	2.7826e+01	2.9136e+01	5.8486e-11	2.6353e-02	9.7365e-01	1.6023e-01	8.3973e-01	4.8134e-05	4.7182e-14	3.8286e-03	7.7190e-01	2.2426e-01	8.9158e-06	3.1547e-02	9.4579e-01	2.2665e-02	1.1755e-36	1.1755e-36	1.1755e-36	4.1153e-22	0.00e+00	0.00e+00	2.1947e+00
7.66883e+17	5.6526e+03	2.277e-21	2.7826e+01	2.8931e+01	7.5735e-11	3.0725e-02	9.6927e-01	1.8589e-01	8.1408e-01	3.7553e-05	6.8353e-14	4.1777e-03	7.9901e-01	1.9681e-01	6.5641e-06	3.7006e-02	9.4523e-01	1.7768e-02	1.1755e-36	1.1755e-36	1.1755e-36	6.7033e-22	0.00e+00	0.00e+00	2.5317e+00
8.26224e+17	5.7279e+03	2.320e-21	2.7826e+01	2.8710e+01	9.8489e-11	3.6068e-02	9.6393e-01	2.1644e-01	7.8353e-01	2.9780e-05	1.0077e-13	4.5255e-03	8.2463e-01	1.7084e-01	4.7233e-06	4.3650e-02	9.4266e-01	1.3689e-02	1.1755e-36	1.1755e-36	1.1755e-36	1.1207e-21	0.00e+00	0.00e+00	2.8883e+00
8.78915e+17	5.8108e+03	2.359e-21	2.7826e+01	2.8449e+01	1.2799e-10	4.2435e-02	9.5757e-01	2.5165e-01	7.4833e-01	2.3956e-05	1.4955e-13	4.8512e-03	8.4788e-01	1.4726e-01	3.3481e-06	5.1534e-02	9.3804e-01	1.0430e-02	1.1755e-36	1.1755e-36	1.1755e-36	1.8921e-21	0.00e+00	0.00e+00	3.2545e+00
9.24781e+17	5.8931e+03	2.393e-21	2.7826e+01	2.8157e+01	1.6634e-10	4.9849e-02	9.5015e-01	2.9086e-01	7.0913e-01	1.9574e-05	2.2165e-13	5.1418e-03	8.6834e-01	1.2652e-01	2.3563e-06	6.0674e-02	9.3141e-01	7.9120e-03	1.1755e-36	1.1755e-36	1.1755e-36	3.1858e-21	0.00e+00	0.00e+00	3.6278e+00
9.64805e+17	5.9694e+03	2.422e-21	2.7826e+01	2.7855e+01	2.1731e-10	5.8467e-02	9.4153e-01	3.3379e-01	6.6620e-01	1.6166e-05	3.2866e-13	5.3969e-03	8.8619e-01	1.0841e-01	1.6482e-06	7.1248e-02	9.2277e-01	5.9825e-03	1.1755e-36	1.1755e-36	1.1755e-36	5.3588e-21	0.00e+00	0.00e+00	4.0123e+00
1.00009e+18	6.0415e+03	2.436e-21	2.7826e+01	2.7451e+01	2.8341e-10	6.8286e-02	9.3171e-01	3.7940e-01	6.2059e-01	1.3415e-05	4.8322e-13	5.5970e-03	9.0143e-01	9.2974e-02	1.1533e-06	8.3236e-02	9.1224e-01	4.5214e-03	1.1755e-36	1.1755e-36	1.1755e-36	8.8777e-21	0.00e+00	0.00e+00	4.4099e+00
1.03180e+18	6.1072e+03	2.440e-21	2.7826e+01	2.7016e+01	3.7287e-10	7.9763e-02	9.2024e-01	4.2800e-01	5.7199e-01	1.1144e-05	7.1419e-13	5.7591e-03	9.1472e-01	7.9519e-02	8.0073e-07	9.7168e-02	8.9944e-01	3.3967e-03	1.1755e-36	1.1755e-36	1.1755e-36	1.4772e-20	0.00e+00	0.00e+00	4.8344e+00
1.06075e+18	6.1585e+03	2.432e-21	2.7826e+01	2.6503e+01	5.0046e-10	9.3341e-02	9.0666e-01	4.7918e-01	5.2081e-01	9.2206e-06	1.0646e-12	5.8764e-03	9.2631e-01	6.7811e-02	5.5073e-07	1.1355e-01	8.8392e-01	2.5310e-03	1.1755e-36	1.1755e-36	1.1755e-36	2.4771e-20	0.00e+00	0.00e+00	5.2872e+00
1.08706e+18	6.2014e+03	2.408e-21	2.7826e+01	2.5924e+01	6.7925e-10	1.0927e-01	8.9073e-01	5.3128e-01	4.6872e-01	7.6081e-06	1.5954e-12	5.9478e-03	9.3626e-01	5.7793e-02	3.7699e-07	1.3263e-01	8.6550e-01	1.8744e-03	1.1755e-36	1.1755e-36	1.1755e-36	4.1783e-20	0.00e+00	0.00e+00	5.7671e+00
1.11090e+18	6.2302e+03	2.370e-21	2.7826e+01	2.5283e+01	9.3634e-10	1.2793e-01	8.7207e-01	5.8249e-01	4.1750e-01	6.2887e-06	2.4008e-12	5.9755e-03	9.4473e-01	4.9294e-02	2.5757e-07	1.5477e-01	8.4384e-01	1.3819e-03	1.1755e-36	1.1755e-36	1.1755e-36	7.0939e-20	0.00e+00	0.00e+00	6.2774e+00
1.13265e+18	6.2436e+03	2.314e-21	2.7826e+01	2.4563e+01	1.3123e-09	1.4973e-01	8.5027e-01	6.3159e-01	3.6841e-01	5.1961e-06	3.6232e-12	5.9571e-03	9.5192e-01	4.2119e-02	1.7596e-07	1.8041e-01	8.1858e-01	1.0142e-03	1.1755e-36	1.1755e-36	1.1755e-36	1.2130e-19	0.00e+00	0.00e+00	6.8245e+00
1.15267e+18	6.2392e+03	2.239e-21	2.7826e+01	2.3745e+01	1.8760e-09	1.7525e-01	8.2475e-01	6.7748e-01	3.2252e-01	4.3018e-06	5.4846e-12	5.8909e-03	9.5806e-01	3.6048e-02	1.1755e-36	2.1008e-01	7.8918e-01	7.3997e-04	1.1755e-36	1.1755e-36	1.1755e-36	2.0964e-19	0.00e+00	0.00e+00	7.4165e+00
1.17121e+18	6.2141e+03	2.141e-21	2.7826e+01	2.2812e+01	2.7469e-09	2.0515e-01	7.9485e-01	7.1947e-01	2.8052e-01	3.5713e-06	8.3317e-12	5.7751e-03	9.6333e-01	3.0898e-02	1.1755e-36	2.4439e-01	7.5507e-01	5.3609e-04	1.1755e-36	1.1755e-36	1.1755e-36	3.6779e-19	0.00e+00	0.00e+00	8.0605e+00
1.18844e+18	6.1644e+03	2.022e-21	2.7826e+01	2.1758e+01	4.1376e-09	2.4002e-01	7.5998e-01	7.5696e-01	2.4304e-01	2.9819e-06	1.2707e-11	5.6095e-03	9.6786e-01	2.6531e-02	1.1755e-36	2.8381e-01	7.1581e-01	3.8556e-04	1.1755e-36	1.1755e-36	1.1755e-36	6.5900e-19	0.00e+00	0.00e+00	8.7603e+00
1.20359e+18	6.0914e+03	1.887e-21	2.7826e+01	2.0627e+01	6.2777e-09	2.7806e-01	7.2194e-01	7.8764e-01	2.1236e-01	2.5436e-06	1.8984e-11	5.4025e-03	9.7155e-01	2.3051e-02	1.1755e-36	3.2608e-01	6.7364e-01	2.8086e-04	1.1755e-36	1.1755e-36	1.1755e-36	1.1715e-18	0.00e+00	0.00e+00	9.4298e+00
1.21544e+18	6.0078e+03	1.760e-21	2.7826e+01	1.9570e+01	9.1138e-09	3.1377e-01	6.8623e-01	8.0953e-01	1.9046e-01	2.2567e-06	2.6562e-11	5.1897e-03	9.7424e-01	2.0569e-02	1.1755e-36	3.6508e-01	6.3470e-01	2.1490e-04	1.1755e-36	1.1755e-36	1.1755e-36	1.9339e-18	0.00e+00	0.00e+00	9.9809e+00
1.22414e+18	5.9269e+03	1.654e-21	2.7826e+01	1.8702e+01	1.2357e-08	3.4366e-01	6.5634e-01	8.2455e-01	1.7545e-01	2.0702e-06	3.4486e-11	5.0056e-03	9.7614e-01	1.8859e-02	1.1755e-36	3.9724e-01	6.0258e-01	1.7443e-04	1.1755e-36	1.1755e-36	1.1755e-36	2.8977e-18	0.00e+00	0.00e+00	1.0428e+01
1.22925e+18	5.8738e+03	1.588e-21	2.7826e+01	1.8151e+01	1.4924e-08	3.6270e-01	6.3730e-01	8.3214e-01	1.6786e-01	1.9834e-06	4.0353e-11	4.8841e-03	9.7714e-01	1.7979e-02	1.1755e-36	4.1751e-01	5.8234e-01	1.5416e-04	1.1755e-36	1.1755e-36	1.1755e-36	3.7311e-18	0.00e+00	0.00e+00	1.0607e+01
1.23148e+18	5.8467e+03	1.558e-21	2.7826e+01	1.7905e+01	1.6281e-08	3.7132e-01	6.2868e-01	8.3558e-01	1.6442e-01	1.9431e-06	4.3306e-11	4.8297e-03	9.7759e-01	1.7584e-02	1.1755e-36	4.2662e-01	5.7324e-01	1.4583e-04	1.1755e-36	1.1755e-36	1.1755e-36	4.1854e-18	0.00e+00	0.00e+00	1.0714e+01
1.23328e+18	5.8230e+03	1.533e-21	2.7826e+01	1.7700e+01	1.7508e-08	3.7844e-01	6.2156e-01	8.3856e-01	1.6144e-01	1.9079e-06	4.5911e-11	4.7842e-03	9.7798e-01	1.7241e-02	1.1755e-36	4.3412e-01	5.6574e-01	1.3913e-04	1.1755e-36	1.1755e-36	1.1755e-36	4.6035e-18	0.00e+00	0.00e+00	1.0845e+01
1.23554e+18	5.7840e+03	1.503e-21	2.7826e+01	1.7465e+01	1.9444e-08	3.8817e-01	6.1183e-01	8.4254e-01	1.5745e-01	1.8569e-06	4.9836e-11	4.7343e-03	9.7849e-01	1.6771e-02	1.1755e-36	4.4434e-01	5.5553e-01	1.3078e-04	1.1755e-36	1.1755e-36	1.1755e-36	5.2740e-18	0.00e+00	0.00e+00	1.1019e+01
1.23811e+18	5.7518e+03	1.465e-21	2.7826e+01	1.7151e+01	2.1516e-08	3.9842e-01	6.0158e-01	8.4638e-01	1.5362e-01	1.8151e-06	5.4056e-11	4.6617e-03	9.7901e-01	1.6330e-02	1.1755e-36	4.5505e-01	5.4482e-01	1.2233e-04	1.1755e-36	1.1755e-36	1.1755e-36	6.0396e-18	0.00e+00	0.00e+00	1.1199e+01
1.24072e+18	5.7062e+03	1.427e-21	2.7826e+01	1.6822e+01	2.4254e-08	4.0953e-01	5.9047e-01	8.5040e-01	1.4960e-01	1.7694e-06	5.9118e-11	4.5876e-03	9.7955e-01	1.5866e-02	1.1755e-36	4.6662e-01	5.3327e-01	1.1408e-04	1.1755e-36	1.1755e-36	1.1755e-36	7.0363e-18	0.00e+00	0.00e+00	1.1391e+01
1.24324e+18	5.6774e+03	1.388e-21	2.7826e+01	1.6506e+01	2.6735e-08	4.1997e-01	5.8003e-01	8.5383e-01	1.4617e-01	1.7347e-06	6.4087e-11	4.5128e-03	9.8002e-01	1.5462e-02	1.1755e-36	4.7741e-01	5.2249e-01	1.0672e-04	1.1755e-36	1.1755e-36	1.1755e-36	8.0770e-18	0.00e+00	0.00e+00	1.1565e+01
1.24569e+18	5.6319e+03	1.352e-21	2.7826e+01	1.6192e+01	3.0068e-08	4.3097e-01	5.6903e-01	8.5748e-01	1.4252e-01	1.6940e-06	7.0013e-11	4.4408e-03	9.8052e-01	1.5037e-02	1.1755e-36	4.8874e-01	5.1116e-01	9.9725e-05	1.1755e-36	1.1755e-36	1.1755e-36	9.4310e-18	0.00e+00	0.00e+00	1.1758e+01
1.24811e+18	5.5857e+03	1.315e-21	2.7826e+01	1.5880e+01	3.3844e-08	4.4205e-01	5.5795e-01	8.6083e-01	1.3916e-01	1.6578e-06	7.6539e-11	4.3686e-03	9.8100e-01	1.4634e-02	1.1755e-36	5.0011e-01	4.9980e-01	9.3250e-05	1.1755e-36	1.1755e-36	1.1755e-36	1.1056e-17	0.00e+00	0.00e+00	1.1936e+01
1.25029e+18	5.5430e+03	1.282e-21	2.7826e+01	1.5600e+01	3.7739e-08	4.5231e-01	5.4769e-01	8.6381e-01	1.3619e-01	1.6257e-06	8.3167e-11	4.3033e-03	9.8142e-01	1.4275e-02	1.1755e-36	5.1058e-01	4.8934e-01	8.7688e-05	1.1755e-36	1.1755e-36	1.1755e-36	1.2845e-17	0.00e+00	0.00e+00	1.2100e+01
1.25232e+18	5.5114e+03	1.249e-21	2.7826e+01	1.5317e+01	4.1293e-08	4.6142e-01	5.3858e-01	8.6635e-01	1.3364e-01	1.6022e-06	8.9300e-11	4.2353e-03	9.8179e-01	1.3972e-02	1.1755e-36	5.1982e-01	4.8010e-01	8.2881e-05	1.1755e-36	1.1755e-36	1.1755e-36	1.4611e-17	0.00e+00	0.00e+00	1.2262e+01
1.25447e+18	5.4597e+03	1.215e-21	2.7826e+01	1.5019e+01	4.6573e-08	4.7198e-01	5.2802e-01	8.6934e-01	1.3066e-01	1.5702e-06	9.7541e-11	4.1660e-03	9.8222e-01	1.3614e-02	1.1755e-36	5.3051e-01	4.6942e-01	7.7838e-05	1.1755e-36	1.1755e-36	1.1755e-36	1.7216e-17	0.00e+00	0.00e+00	1.2454e+01
1.25665e+18	5.4119e+03	1.181e-21	2.7826e+01	1.4717e+01	5.2322e-08	4.8260e-01	5.1740e-01	8.7206e-01	1.2794e-01	1.5431e-06	1.0654e-10	4.0942e-03	9.8262e-01	1.3281e-02	1.1755e-36	5.4121e-01	4.5872e-01	7.3098e-05	1.1755e-36	1.1755e-36	1.1755e-36	2.0318e-17	0.00e+00	0.00e+00	1.2627e+01
1.25861e+18	5.3614e+03	1.150e-21	2.7826e+01	1.4453e+01	5.8760e-08	4.9267e-01	5.0733e-01	8.7459e-01	1.2541e-01	1.5160e-06	1.1626e-10	4.0323e-03	9.8300e-01	1.2970e-02	1.1755e-36	5.5130e-01	4.4863e-01	6.8972e-05	1.1755e-36	1.1755e-36	1.1755e-36	2.3995e-17	0.00e+00	0.00e+00	1.2788e+01
1.26038e+18	5.3231e+03	1.121e-21	2.7826e+01	1.4194e+01	6.4589e-08	5.0136e-01	4.9864e-01	8.7666e-01	1.2333e-01	1.4974e-06	1.2512e-10	3.9697e-03	9.8331e-01	1.2716e-02	1.1755e-36	5.5997e-01	4.3997e-01	6.5494e-05	1.1755e-36	1.1755e-36	1.1755e-36	2.7612e-17	0.00e+00	0.00e+00	1.2938e+01
1.26217e+18	5.2715e+03	1.093e-21	2.7826e+01	1.3937e+01	7.2382e-08	5.1077e-01	4.8923e-01	8.7894e-01	1.2106e-01	1.4738e-06	1.3630e-10	3.9090e-03	9.8366e-01	1.2434e-02	1.1755e-36	5.6933e-01	4.3061e-01	6.2025e-05	1.1755e-36	1.1755e-36	1.1755e-36	3.2609e-17	0.00e+00	0.00e+00	1.3107e+01
1.26399e+18	5.2309e+03	1.063e-21	2.7826e+01	1.3664e+01	7.9895e-08	5.1968e-01	4.8032e-01	8.8092e-01	1.1907e-01	1.4575e-06	1.4736e-10	3.8422e-03	9.8397e-01	1.2188e-02	1.1755e-36	5.7816e-01	4.2178e-01	5.8805e-05	1.1755e-36	1.1755e-36	1.1755e-36	3.7950e-17	0.00e+00	0.00e+00	1.3266e+01
1.26579e+18	5.1808e+03	1.034e-21	2.7826e+01	1.3396e+01	8.9444e-08	5.2909e-01	4.7091e-01	8.8302e-01	1.1697e-01	1.4377e-06	1.6091e-10	3.7778e-03	9.8430e-01	1.1926e-02	1.1755e-36	5.8743e-01	4.1251e-01	5.5666e-05	1.1755e-36	1.1755e-36	1.1755e-36	4.5119e-17	0.00e+00	0.00e+00	1.3439e+01
1.26759e+18	5.1261e+03	1.005e-21	2.7826e+01	1.3129e+01	1.0082e-07	5.3869e-01	4.6131e-01	8.8508e-01	1.1492e-01	1.4181e-06	1.7673e-10	3.7140e-03	9.8462e-01	1.1667e-02	1.1755e-36	5.9686e-01	4.0308e-01	5.2680e-05	1.1755e-36	1.1755e-36	1.1755e-36	5.4356e-17	0.00e+00	0.00e+00	1.3603e+01
1.26923e+18	5.0772e+03	9.791e-22	2.7826e+01	1.2888e+01	1.1240e-07	5.4749e-01	4.5251e-01	8.8688e-01	1.1312e-01	1.4013e-06	1.9294e-10	3.6557e-03	9.8491e-01	1.1438e-02	1.1755e-36	6.0548e-01	3.9447e-01	5.0078e-05	1.1755e-36	1.1755e-36	1.1755e-36	6.4727e-17	0.00e+00	0.00e+00	1.3752e+01
1.27075e+18	5.0374e+03	9.542e-22	2.7826e+01	1.2653e+01	1.2327e-07	5.5527e-01	4.4473e-01	8.8844e-01	1.1155e-01	1.3892e-06	2.0837e-10	3.5981e-03	9.8516e-01	1.1241e-02	1.1755e-36	6.1306e-01	3.8689e-01	4.7813e-05	1.1755e-36	1.1755e-36	1.1755e-36	7.5411e-17	0.00e+00	0.00e+00	1.3898e+01
1.27235e+18	4.9845e+03	9.285e-22	2.7826e+01	1.2408e+01	1.3807e-07	5.6393e-01	4.3607e-01	8.9020e-01	1.0980e-01	1.3731e-06	2.2777e-10	3.5388e-03	9.8545e-01	1.1016e-02	1.1755e-36	6.2147e-01	3.7848e-01	4.5466e-05	1.1755e-36	1.1755e-36	1.1755e-36	9.0145e-17	0.00e+00	0.00e+00	1.4066e+01
1.27399e+18	4.9312e+03	9.025e-22	2.7826e+01	1.2156e+01	1.5486e-07	5.7277e-01	4.2723e-01	8.9189e-01	1.0811e-01	1.3587e-06	2.4718e-10	3.4777e-03	9.8573e-01	1.0790e-02	1.1755e-36	6.3002e-01	3.6993e-01	4.3194e-05	1.1755e-36	1.1755e-36	1.1755e-36	1.0627e-16	0.00e+00	0.00e+00	1.4226e+01
1.27551e+18	4.8781e+03	8.787e-22	2.7826e+01	1.1921e+01	1.7325e-07	5.8109e-01	4.1891e-01	8.9345e-01	1.0655e-01	1.3451e-06	2.6757e-10	3.4210e-03	9.8600e-01	1.0580e-02	1.1755e-36	6.3806e-01	3.6190e-01	4.1170e-05	1.1755e-36	1.1755e-36	1.1755e-36	1.2479e-16	0.00e+00	0.00e+00	1.4375e+01
1.27693e+18	4.8222e+03	8.568e-22	2.7826e+01	1.1701e+01	1.9423e-07	5.8908e-01	4.1092e-01	8.9495e-01	1.0505e-01	1.3310e-06	2.8962e-10	3.3688e-03	9.8625e-01	1.0378e-02	1.1755e-36	6.4574e-01	3.5422e-01	3.9340e-05	1.1755e-36	1.1755e-36	1.1755e-36	1.4672e-16	0.00e+00	0.00e+00	1.4517e+01
1.27826e+18	4.7728e+03	8.364e-22	2.7826e+01	1.1499e+01	2.1534e-07	5.9648e-01	4.0352e-01	8.9629e-01	1.0371e-01	1.3190e-06	3.1170e-10	3.3199e-03	9.8648e-01	1.0195e-02	1.1755e-36	6.5283e-01	3.4713e-01	3.7697e-05	1.1755e-36	1.1755e-36	1.1755e-36	1.7050e-16	0.00e+00	0.00e+00	1.4651e+01
1.27954e+18	4.7246e+03	8.164e-22	2.7826e+01	1.1298e+01	2.3808e-07	6.0358e-01	3.9642e-01	8.9756e-01	1.0244e-01	1.3082e-06	3.3481e-10	3.2712e-03	9.8671e-01	1.0021e-02	1.1755e-36	6.5962e-01	3.4034e-01	3.6164e-05	1.1755e-36	1.1755e-36	1.1755e-36	1.9744e-16	0.00e+00	0.00e+00	1.4788e+01
1.28087e+18	4.6743e+03	7.958e-22	2.7826e+01	1.1088e+01	2.6427e-07	6.1090e-01	3.8910e-01	8.9886e-01	1.0114e-01	1.2976e-06	3.6079e-10	3.2206e-03	9.8694e-01	9.8442e-03	1.1755e-36	6.6659e-01	3.3338e-01	3.4639e-05	1.1755e-36	1.1755e-36	1.1755e-36	2.3024e-16	0.00e+00	0.00e+00	1.4935e+01
1.28224e+18	4.6229e+03	7.747e-22	2.7826e+01	1.0870e+01	2.9394e-07	6.1831e-01	3.8169e-01	9.0013e-01	9.9872e-02	1.2880e-06	3.8946e-10	3.1674e-03	9.8716e-01	9.6690e-03	1.1755e-36	6.7362e-01	3.2635e-01	3.3149e-05	1.1755e-36	1.1755e-36	1.1755e-36	2.6959e-16	0.00e+00	0.00e+00	1.5084e+01
1.28361e+18	4.5691e+03	7.539e-22	2.7826e+01	1.0655e+01	3.2813e-07	6.2582e-01	3.7418e-01	9.0139e-01	9.8609e-02	1.2782e-06	4.2156e-10	3.1152e-03	9.8739e-01	9.4930e-03	1.1755e-36	6.8072e-01	3.1924e-01	3.1707e-05	1.1755e-36	1.1755e-36	1.1755e-36	3.1758e-16	0.00e+00	0.00e+00	1.5233e+01
1.28494e+18	4.5105e+03	7.343e-22	2.7826e+01	1.0450e+01	3.6881e-07	6.3345e-01	3.6655e-01	9.0270e-01	9.7299e-02	1.2660e-06	4.5829e-10	3.0668e-03	9.8762e-01	9.3135e-03	1.1755e-36	6.8793e-01	3.1204e-01	3.0329e-05	1.1755e-36	1.1755e-36	1.1755e-36	3.7765e-16	0.00e+00	0.00e+00	1.5379e+01
1.28618e+18	4.4581e+03	7.160e-22	2.7826e+01	1.0256e+01	4.0945e-07	6.4037e-01	3.5963e-01	9.0382e-01	9.6176e-02	1.2570e-06	4.9423e-10	3.0202e-03	9.8782e-01	9.1558e-03	1.1755e-36	6.9443e-01	3.0554e-01	2.9112e-05	1.1755e-36	1.1755e-36	1.1755e-36	4.4174e-16	0.00e+00	0.00e+00	1.5512e+01
1.28737e+18	4.4058e+03	6.986e-22	2.7826e+01	1.0069e+01	4.5364e-07	6.4699e-01	3.5301e-01	9.0490e-01	9.5094e-02	1.2483e-06	5.3195e-10	2.9753e-03	9.8802e-01	9.0041e-03	1.1755e-36	7.0065e-01	2.9933e-01	2.7986e-05	1.1755e-36	1.1755e-36	1.1755e-36	5.1478e-16	0.00e+00	0.00e+00	1.5647e+01
1.28858e+18	4.3521e+03	6.810e-22	2.7826e+01	9.8797e+00	5.0346e-07	6.5374e-01	3.4625e-01	9.0600e-01	9.3996e-02	1.2392e-06	5.7360e-10	2.9302e-03	9.8822e-01	8.8503e-03	1.1755e-36	7.0696e-01	2.9301e-01	2.6874e-05	1.1755e-36	1.1755e-36	1.1755e-36	6.0209e-16	0.00e+00	0.00e+00	1.5788e+01
1.28981e+18	4.2911e+03	6.635e-22	2.7826e+01	9.6843e+00	5.6408e-07	6.6074e-01	3.3926e-01	9.0715e-01	9.2851e-02	1.2291e-06	6.2150e-10	2.8846e-03	9.8842e-01	8.6913e-03	1.1755e-36	7.1350e-01	2.8648e-01	2.5781e-05	1.1755e-36	1.1755e-36	1.1755e-36	7.1196e-16	0.00e+00	0.00e+00	1.5932e+01
1.29101e+18	4.2404e+03	6.465e-22	2.7826e+01	9.4991e+00	6.2117e-07	6.6721e-01	3.3279e-01	9.0813e-01	9.1872e-02	1.2223e-06	6.6731e-10	2.8399e-03	9.8861e-01	8.5501e-03	1.1755e-36	7.1951e-01	2.8046e-01	2.4776e-05	1.1755e-36	1.1755e-36	1.1755e-36	8.2510e-16	0.00e+00	0.00e+00	1.6067e+01
1.29221e+18	4.1757e+03	6.298e-22	2.7826e+01	9.3073e+00	6.9648e-07	6.7412e-01	3.2588e-01	9.0926e-01	9.0740e-02	1.2118e-06	7.2262e-10	2.7959e-03	9.8881e-01	8.3936e-03	1.1755e-36	7.2593e-01	2.7405e-01	2.3774e-05	1.1755e-36	1.1755e-36	1.1755e-36	9.7476e-16	0.00e+00	0.00e+00	1.6215e+01
1.29341e+18	4.1229e+03	6.131e-22	2.7826e+01	9.1195e+00	7.6572e-07	6.8055e-01	3.1945e-01	9.1020e-01	8.9801e-02	1.2059e-06	7.7460e-10	2.7506e-03	9.8899e-01	8.2562e-03	1.1755e-36	7.3188e-01	2.6810e-01	2.2836e-05	1.1755e-36	1.1755e-36	1.1755e-36	1.1258e-15	0.00e+00	0.00e+00	1.6353e+01
1.29463e+18	4.0580e+03	5.964e-22	2.7826e+01	8.9238e+00	8.5332e-07	6.8736e-01	3.1264e-01	9.1127e-01	8.8730e-02	1.1970e-06	8.3502e-10	2.7055e-03	9.8919e-01	8.1057e-03	1.1755e-36	7.3817e-01	2.6181e-01	2.1901e-05	1.1755e-36	1.1755e-36	1.1755e-36	1.3171e-15	0.00e+00	0.00e+00	1.6508e+01
1.29590e+18	3.9936e+03	5.796e-22	2.7826e+01	8.7325e+00	9.4828e-07	6.9445e-01	3.0555e-01	9.1237e-01	8.7629e-02	1.1872e-06	9.0012e-10	2.6616e-03	9.8939e-01	7.9517e-03	1.1755e-36	7.4469e-01	2.5528e-01	2.0959e-05	1.1755e-36	1.1755e-36	1.1755e-36	1.5389e-15	0.00e+00	0.00e+00	1.6660e+01
###########################
1.91107e+14	6.5418e+03	2.460e-21	2.7826e+01	2.9754e+01	5.0527e-12	1.2643e-02	9.8736e-01	6.5510e-02	9.3404e-01	4.4629e-04	7.4124e-15	1.9940e-03	5.6391e-01	4.3405e-01	5.0153e-05	1.3878e-02	9.0831e-01	7.7804e-02	4.8259e-06	1.1755e-36	1.1755e-36	5.0368e-23	0.00e+00	0.00e+00	8.4908e-04
1.14664e+15	6.5341e+03	2.456e-21	2.7826e+01	2.9731e+01	5.0765e-12	1.2631e-02	9.8737e-01	6.5523e-02	9.3403e-01	4.4580e-04	7.3929e-15	1.9884e-03	5.6397e-01	4.3399e-01	5.0202e-05	1.3866e-02	9.0827e-01	7.7857e-02	4.8157e-06	1.1755e-36	1.1755e-36	5.0110e-23	0.00e+00	0.00e+00	4.2422e-03
4.96877e+15	6.5226e+03	2.447e-21	2.7826e+01	2.9723e+01	5.1239e-12	1.2627e-02	9.8737e-01	6.5699e-02	9.3386e-01	4.4218e-04	7.3972e-15	1.9892e-03	5.6473e-01	4.3323e-01	4.9909e-05	1.3868e-02	9.0845e-01	7.7681e-02	4.7356e-06	1.1755e-36	1.1755e-36	4.9971e-23	0.00e+00	0.00e+00	1.7811e-02
2.02573e+16	6.4787e+03	2.426e-21	2.7826e+01	2.9718e+01	5.3953e-12	1.2711e-02	9.8729e-01	6.6667e-02	9.3291e-01	4.2418e-04	7.5580e-15	2.0100e-03	5.6866e-01	4.2929e-01	4.8512e-05	1.3992e-02	9.0954e-01	7.6466e-02	4.3745e-06	1.1755e-36	1.1755e-36	5.0733e-23	0.00e+00	0.00e+00	7.2447e-02
4.83882e+16	6.3270e+03	2.352e-21	2.7826e+01	2.9720e+01	5.9841e-12	1.2555e-02	9.8745e-01	6.7709e-02	9.3189e-01	4.0593e-04	7.4068e-15	2.0116e-03	5.7336e-01	4.2458e-01	4.7077e-05	1.3860e-02	9.1040e-01	7.5740e-02	4.0086e-06	1.1755e-36	1.1755e-36	4.7720e-23	0.00e+00	0.00e+00	1.4260e-01
8.41788e+16	6.1798e+03	2.289e-21	2.7826e+01	2.9716e+01	6.8202e-12	1.2560e-02	9.8744e-01	6.9416e-02	9.3021e-01	3.7525e-04	7.4833e-15	2.0375e-03	5.8040e-01	4.1751e-01	4.4754e-05	1.3927e-02	9.1219e-01	7.3884e-02	3.4939e-06	1.1755e-36	1.1755e-36	4.6658e-23	0.00e+00	0.00e+00	2.3039e-01
1.29137e+17	6.0376e+03	2.237e-21	2.7826e+01	2.9705e+01	8.0157e-12	1.2743e-02	9.8726e-01	7.1998e-02	9.2767e-01	3.3351e-04	7.8219e-15	2.0893e-03	5.9034e-01	4.0753e-01	4.1547e-05	1.4213e-02	9.1496e-01	7.0827e-02	2.8692e-06	1.1755e-36	1.1755e-36	4.7618e-23	0.00e+00	0.00e+00	3.4265e-01
1.86133e+17	5.8987e+03	2.193e-21	2.7826e+01	2.9684e+01	9.7963e-12	1.3158e-02	9.8684e-01	7.5880e-02	9.2384e-01	2.8217e-04	8.5316e-15	2.1764e-03	6.0420e-01	3.9359e-01	3.7400e-05	1.4791e-02	9.1885e-01	6.6360e-02	2.1798e-06	1.1755e-36	1.1755e-36	5.1239e-23	0.00e+00	0.00e+00	4.9030e-01
2.58731e+17	5.7652e+03	2.161e-21	2.7826e+01	2.9649e+01	1.2602e-11	1.3919e-02	9.8608e-01	8.1802e-02	9.1797e-01	2.2430e-04	9.8724e-15	2.3150e-03	6.2346e-01	3.7419e-01	3.2287e-05	1.5802e-02	9.2398e-01	6.0212e-02	1.4920e-06	1.1755e-36	1.1755e-36	5.9422e-23	0.00e+00	0.00e+00	6.8924e-01
3.52102e+17	5.6448e+03	2.144e-21	2.7826e+01	2.9592e+01	1.7400e-11	1.5284e-02	9.8472e-01	9.1338e-02	9.0850e-01	1.6425e-04	1.2510e-14	2.5378e-03	6.5071e-01	3.4672e-01	2.6165e-05	1.7570e-02	9.3047e-01	5.1955e-02	8.7780e-07	1.1755e-36	1.1755e-36	7.7499e-23	0.00e+00	0.00e+00	9.7230e-01
4.55301e+17	5.5546e+03	2.144e-21	2.7826e+01	2.9508e+01	2.4717e-11	1.7245e-02	9.8275e-01	1.0444e-01	8.9545e-01	1.1558e-04	1.6855e-14	2.8271e-03	6.8251e-01	3.1464e-01	2.0305e-05	2.0083e-02	9.3677e-01	4.3142e-02	4.7280e-07	1.1755e-36	1.1755e-36	1.1026e-22	0.00e+00	0.00e+00	1.2783e+00
5.47964e+17	5.5341e+03	2.162e-21	2.7826e+01	2.9395e+01	3.3457e-11	1.9691e-02	9.8031e-01	1.1995e-01	8.7996e-01	8.3700e-05	2.3291e-14	3.1457e-03	7.1360e-01	2.8324e-01	1.5624e-05	2.3184e-02	9.4152e-01	3.5292e-02	2.5687e-07	1.1755e-36	1.1755e-36	1.6504e-22	0.00e+00	0.00e+00	1.5701e+00
6.27191e+17	5.5515e+03	2.193e-21	2.7826e+01	2.9271e+01	4.3991e-11	2.2606e-02	9.7739e-01	1.3783e-01	8.6211e-01	6.3082e-05	3.2571e-14	3.4771e-03	7.4289e-01	2.5362e-01	1.1965e-05	2.6853e-02	9.4450e-01	2.8644e-02	1.4338e-07	1.1755e-36	1.1755e-36	2.5373e-22	0.00e+00	0.00e+00	1.8646e+00
6.98723e+17	5.5834e+03	2.235e-21	2.7826e+01	2.9142e+01	5.8151e-11	2.6203e-02	9.7380e-01	1.5938e-01	8.4058e-01	4.8591e-05	4.6616e-14	3.8289e-03	7.7154e-01	2.2462e-01	8.9756e-06	3.1361e-02	9.4578e-01	2.2858e-02	1.1755e-36	1.1755e-36	1.1755e-36	4.0452e-22	0.00e+00	0.00e+00	2.1820e+00
7.64523e+17	5.6463e+03	2.276e-21	2.7826e+01	2.8951e+01	7.5479e-11	3.0569e-02	9.6943e-01	1.8500e-01	8.1496e-01	3.7931e-05	6.7683e-14	4.1867e-03	7.9885e-01	1.9695e-01	6.5996e-06	3.6813e-02	9.4527e-01	1.7913e-02	1.1755e-36	1.1755e-36	1.1755e-36	6.6106e-22	0.00e+00	0.00e+00	2.5185e+00
8.23922e+17	5.7213e+03	2.317e-21	2.7826e+01	2.8719e+01	9.8034e-11	3.5854e-02	9.6415e-01	2.1524e-01	7.8473e-01	3.0046e-05	9.9556e-14	4.5373e-03	8.2441e-01	1.7105e-01	4.7569e-06	4.3386e-02	9.4279e-01	1.3822e-02	1.1755e-36	1.1755e-36	1.1755e-36	1.1019e-21	0.00e+00	0.00e+00	2.8722e+00
8.76662e+17	5.8035e+03	2.356e-21	2.7826e+01	2.8460e+01	1.2737e-10	4.2162e-02	9.5784e-01	2.5015e-01	7.4982e-01	2.4170e-05	1.4759e-13	4.8694e-03	8.4768e-01	1.4745e-01	3.3750e-06	5.1198e-02	9.3826e-01	1.0545e-02	1.1755e-36	1.1755e-36	1.1755e-36	1.8580e-21	0.00e+00	0.00e+00	3.2378e+00
9.22807e+17	5.8857e+03	2.390e-21	2.7826e+01	2.8169e+01	1.6566e-10	4.9541e-02	9.5046e-01	2.8923e-01	7.1075e-01	1.9736e-05	2.1893e-13	5.1682e-03	8.6825e-01	1.2658e-01	2.3732e-06	6.0298e-02	9.3170e-01	7.9983e-03	1.1755e-36	1.1755e-36	1.1755e-36	3.1332e-21	0.00e+00	0.00e+00	3.6116e+00
9.63104e+17	5.9624e+03	2.419e-21	2.7826e+01	2.7868e+01	2.1657e-10	5.8135e-02	9.4186e-01	3.3209e-01	6.6789e-01	1.6290e-05	3.2502e-13	5.4315e-03	8.8621e-01	1.0836e-01	1.6578e-06	7.0844e-02	9.2311e-01	6.0449e-03	1.1755e-36	1.1755e-36	1.1755e-36	5.2808e-21	0.00e+00	0.00e+00	3.9961e+00
9.98544e+17	6.0348e+03	2.434e-21	2.7826e+01	2.7465e+01	2.8249e-10	6.7915e-02	9.3208e-01	3.7760e-01	6.2239e-01	1.3516e-05	4.7813e-13	5.6391e-03	9.0151e-01	9.2846e-02	1.1589e-06	8.2787e-02	9.1264e-01	4.5684e-03	1.1755e-36	1.1755e-36	1.1755e-36	8.7580e-21	0.00e+00	0.00e+00	4.3927e+00
1.03033e+18	6.1017e+03	2.438e-21	2.7826e+01	2.7033e+01	3.7111e-10	7.9316e-02	9.2068e-01	4.2600e-01	5.7399e-01	1.1234e-05	7.0630e-13	5.8077e-03	9.1483e-01	7.9363e-02	8.0454e-07	9.6630e-02	8.9994e-01	3.4338e-03	1.1755e-36	1.1755e-36	1.1755e-36	1.4570e-20	0.00e+00	0.00e+00	4.8155e+00
1.05934e+18	6.1527e+03	2.430e-21	2.7826e+01	2.6516e+01	4.9800e-10	9.2796e-02	9.0720e-01	4.7705e-01	5.2294e-01	9.2888e-06	1.0519e-12	5.9298e-03	9.2644e-01	6.7634e-02	5.5329e-07	1.1290e-01	8.8454e-01	2.5605e-03	1.1755e-36	1.1755e-36	1.1755e-36	2.4405e-20	0.00e+00	0.00e+00	5.2670e+00
1.08575e+18	6.1957e+03	2.408e-21	2.7826e+01	2.5945e+01	6.7646e-10	1.0868e-01	8.9132e-01	5.2917e-01	4.7083e-01	7.6708e-06	1.5784e-12	6.0087e-03	9.3643e-01	5.7560e-02	3.7809e-07	1.3192e-01	8.6618e-01	1.8958e-03	1.1755e-36	1.1755e-36	1.1755e-36	4.1255e-20	0.00e+00	0.00e+00	5.7467e+00
1.10968e+18	6.2251e+03	2.370e-21	2.7826e+01	2.5307e+01	9.3250e-10	1.2726e-01	8.7274e-01	5.8043e-01	4.1957e-01	6.3420e-06	2.3763e-12	6.0414e-03	9.4492e-01	4.9037e-02	2.5799e-07	1.5399e-01	8.4461e-01	1.3976e-03	1.1755e-36	1.1755e-36	1.1755e-36	7.0110e-20	0.00e+00	0.00e+00	6.2552e+00
1.13145e+18	6.2391e+03	2.315e-21	2.7826e+01	2.4587e+01	1.3057e-09	1.4892e-01	8.5108e-01	6.2947e-01	3.7052e-01	5.2455e-06	3.5836e-12	6.0269e-03	9.5211e-01	4.1863e-02	1.7617e-07	1.7947e-01	8.1950e-01	1.0264e-03	1.1755e-36	1.1755e-36	1.1755e-36	1.1979e-19	0.00e+00	0.00e+00	6.7995e+00
1.15149e+18	6.2354e+03	2.240e-21	2.7826e+01	2.3776e+01	1.8657e-09	1.7431e-01	8.2569e-01	6.7548e-01	3.2452e-01	4.3421e-06	5.4258e-12	5.9652e-03	9.5824e-01	3.5792e-02	1.1755e-36	2.0900e-01	7.9025e-01	7.4922e-04	1.1755e-36	1.1755e-36	1.1755e-36	2.0710e-19	0.00e+00	0.00e+00	7.3896e+00
1.17007e+18	6.2111e+03	2.144e-21	2.7826e+01	2.2846e+01	2.7302e-09	2.0406e-01	7.9594e-01	7.1761e-01	2.8238e-01	3.6053e-06	8.2435e-12	5.8526e-03	9.6350e-01	3.0646e-02	1.1755e-36	2.4316e-01	7.5630e-01	5.4295e-04	1.1755e-36	1.1755e-36	1.1755e-36	3.6336e-19	0.00e+00	0.00e+00	8.0314e+00
1.18733e+18	6.1622e+03	2.025e-21	2.7826e+01	2.1797e+01	4.1077e-09	2.3877e-01	7.6123e-01	7.5526e-01	2.4473e-01	3.0106e-06	1.2568e-11	5.6895e-03	9.6802e-01	2.6288e-02	1.1755e-36	2.8241e-01	7.1720e-01	3.9063e-04	1.1755e-36	1.1755e-36	1.1755e-36	6.5042e-19	0.00e+00	0.00e+00	8.7284e+00
1.20254e+18	6.0901e+03	1.891e-21	2.7826e+01	2.0667e+01	6.2293e-09	2.7674e-01	7.2326e-01	7.8619e-01	2.1380e-01	2.5665e-06	1.8784e-11	5.4838e-03	9.7170e-01	2.2815e-02	1.1755e-36	3.2462e-01	6.7509e-01	2.8440e-04	1.1755e-36	1.1755e-36	1.1755e-36	1.1558e-18	0.00e+00	0.00e+00	9.3995e+00
1.21449e+18	6.0067e+03	1.763e-21	2.7826e+01	1.9605e+01	9.0573e-09	3.1258e-01	6.8742e-01	8.0838e-01	1.9161e-01	2.2746e-06	2.6337e-11	5.2703e-03	9.7440e-01	2.0334e-02	1.1755e-36	3.6380e-01	6.3598e-01	2.1723e-04	1.1755e-36	1.1755e-36	1.1755e-36	1.9124e-18	0.00e+00	0.00e+00	9.9542e+00
1.22327e+18	5.9257e+03	1.657e-21	2.7826e+01	1.8731e+01	1.2304e-08	3.4267e-01	6.5733e-01	8.2361e-01	1.7639e-01	2.0850e-06	3.4265e-11	5.0845e-03	9.7629e-01	1.8628e-02	1.1755e-36	3.9619e-01	6.0363e-01	1.7602e-04	1.1755e-36	1.1755e-36	1.1755e-36	2.8733e-18	0.00e+00	0.00e+00	1.0403e+01
1.22842e+18	5.8730e+03	1.590e-21	2.7826e+01	1.8179e+01	1.4864e-08	3.6179e-01	6.3821e-01	8.3128e-01	1.6872e-01	1.9971e-06	4.0122e-11	4.9622e-03	9.7728e-01	1.7761e-02	1.1755e-36	4.1654e-01	5.8330e-01	1.5546e-04	1.1755e-36	1.1755e-36	1.1755e-36	3.7028e-18	0.00e+00	0.00e+00	1.0583e+01
1.23065e+18	5.8457e+03	1.560e-21	2.7826e+01	1.7933e+01	1.6220e-08	3.7042e-01	6.2958e-01	8.3474e-01	1.6526e-01	1.9564e-06	4.3064e-11	4.9076e-03	9.7772e-01	1.7372e-02	1.1755e-36	4.2567e-01	5.7418e-01	1.4705e-04	1.1755e-36	1.1755e-36	1.1755e-36	4.1544e-18	0.00e+00	0.00e+00	1.0690e+01
1.23245e+18	5.8222e+03	1.535e-21	2.7826e+01	1.7728e+01	1.7440e-08	3.7752e-01	6.2248e-01	8.3773e-01	1.6227e-01	1.9209e-06	4.5651e-11	4.8619e-03	9.7811e-01	1.7031e-02	1.1755e-36	4.3316e-01	5.6670e-01	1.4030e-04	1.1755e-36	1.1755e-36	1.1755e-36	4.5683e-18	0.00e+00	0.00e+00	1.0820e+01
1.23471e+18	5.7835e+03	1.506e-21	2.7826e+01	1.7493e+01	1.9358e-08	3.8721e-01	6.1279e-01	8.4172e-01	1.5828e-01	1.8698e-06	4.9537e-11	4.8115e-03	9.7862e-01	1.6566e-02	1.1755e-36	4.4334e-01	5.5653e-01	1.3190e-04	1.1755e-36	1.1755e-36	1.1755e-36	5.2300e-18	0.00e+00	0.00e+00	1.0994e+01
1.23727e+18	5.7514e+03	1.468e-21	2.7826e+01	1.7179e+01	2.1421e-08	3.9747e-01	6.0253e-01	8.4558e-01	1.5442e-01	1.8275e-06	5.3738e-11	4.7387e-03	9.7913e-01	1.6128e-02	1.1755e-36	4.5407e-01	5.4581e-01	1.2338e-04	1.1755e-36	1.1755e-36	1.1755e-36	5.9895e-18	0.00e+00	0.00e+00	1.1174e+01
1.23990e+18	5.7055e+03	1.430e-21	2.7826e+01	1.6850e+01	2.4161e-08	4.0862e-01	5.9138e-01	8.4964e-01	1.5036e-01	1.7812e-06	5.8789e-11	4.6641e-03	9.7967e-01	1.5667e-02	1.1755e-36	4.6567e-01	5.3421e-01	1.1503e-04	1.1755e-36	1.1755e-36	1.1755e-36	6.9809e-18	0.00e+00	0.00e+00	1.1366e+01
1.24242e+18	5.6780e+03	1.391e-21	2.7826e+01	1.6534e+01	2.6590e-08	4.1901e-01	5.8099e-01	8.5306e-01	1.4693e-01	1.7467e-06	6.3694e-11	4.5885e-03	9.8014e-01	1.5271e-02	1.1755e-36	4.7642e-01	5.2347e-01	1.0761e-04	1.1755e-36	1.1755e-36	1.1755e-36	8.0032e-18	0.00e+00	0.00e+00	1.1539e+01
1.24489e+18	5.6314e+03	1.354e-21	2.7826e+01	1.6216e+01	2.9953e-08	4.3009e-01	5.6991e-01	8.5675e-01	1.4324e-01	1.7055e-06	6.9635e-11	4.5152e-03	9.8064e-01	1.4845e-02	1.1755e-36	4.8784e-01	5.1206e-01	1.0051e-04	1.1755e-36	1.1755e-36	1.1755e-36	9.3569e-18	0.00e+00	0.00e+00	1.1734e+01
1.24733e+18	5.5850e+03	1.317e-21	2.7826e+01	1.5903e+01	3.3743e-08	4.4127e-01	5.5873e-01	8.6017e-01	1.3983e-01	1.6684e-06	7.6190e-11	4.4422e-03	9.8111e-01	1.4445e-02	1.1755e-36	4.9932e-01	5.0059e-01	9.3935e-05	1.1755e-36	1.1755e-36	1.1755e-36	1.0984e-17	0.00e+00	0.00e+00	1.1913e+01
1.24950e+18	5.5427e+03	1.284e-21	2.7826e+01	1.5623e+01	3.7608e-08	4.5150e-01	5.4850e-01	8.6315e-01	1.3685e-01	1.6362e-06	8.2764e-11	4.3763e-03	9.8153e-01	1.4092e-02	1.1755e-36	5.0976e-01	4.9015e-01	8.8346e-05	1.1755e-36	1.1755e-36	1.1755e-36	1.2753e-17	0.00e+00	0.00e+00	1.2075e+01
1.25152e+18	5.5117e+03	1.251e-21	2.7826e+01	1.5342e+01	4.1110e-08	4.6057e-01	5.3943e-01	8.6569e-01	1.3430e-01	1.6127e-06	8.8823e-11	4.3080e-03	9.8190e-01	1.3794e-02	1.1755e-36	5.1896e-01	4.8096e-01	8.3519e-05	1.1755e-36	1.1755e-36	1.1755e-36	1.4491e-17	0.00e+00	0.00e+00	1.2236e+01
1.25369e+18	5.4595e+03	1.217e-21	2.7826e+01	1.5043e+01	4.6412e-08	4.7119e-01	5.2881e-01	8.6871e-01	1.3129e-01	1.5801e-06	9.7075e-11	4.2377e-03	9.8233e-01	1.3437e-02	1.1755e-36	5.2972e-01	4.7020e-01	7.8410e-05	1.1755e-36	1.1755e-36	1.1755e-36	1.7091e-17	0.00e+00	0.00e+00	1.2430e+01
1.25588e+18	5.4116e+03	1.183e-21	2.7826e+01	1.4739e+01	5.2166e-08	4.8187e-01	5.1813e-01	8.7146e-01	1.2853e-01	1.5527e-06	1.0608e-10	4.1649e-03	9.8273e-01	1.3108e-02	1.1755e-36	5.4048e-01	4.5945e-01	7.3612e-05	1.1755e-36	1.1755e-36	1.1755e-36	2.0183e-17	0.00e+00	0.00e+00	1.2603e+01
1.25783e+18	5.3613e+03	1.152e-21	2.7826e+01	1.4475e+01	5.8572e-08	4.9193e-01	5.0807e-01	8.7400e-01	1.2600e-01	1.5255e-06	1.1574e-10	4.1023e-03	9.8310e-01	1.2801e-02	1.1755e-36	5.5057e-01	4.4936e-01	6.9459e-05	1.1755e-36	1.1755e-36	1.1755e-36	2.3828e-17	0.00e+00	0.00e+00	1.2764e+01
1.25961e+18	5.3231e+03	1.123e-21	2.7826e+01	1.4216e+01	6.4366e-08	5.0062e-01	4.9938e-01	8.7608e-01	1.2391e-01	1.5067e-06	1.2454e-10	4.0392e-03	9.8341e-01	1.2552e-02	1.1755e-36	5.5923e-01	4.4070e-01	6.5959e-05	1.1755e-36	1.1755e-36	1.1755e-36	2.7409e-17	0.00e+00	0.00e+00	1.2913e+01
1.26140e+18	5.2715e+03	1.095e-21	2.7826e+01	1.3959e+01	7.2137e-08	5.1004e-01	4.8996e-01	8.7837e-01	1.2162e-01	1.4829e-06	1.3567e-10	3.9778e-03	9.8375e-01	1.2273e-02	1.1755e-36	5.6861e-01	4.3133e-01	6.2461e-05	1.1755e-36	1.1755e-36	1.1755e-36	3.2370e-17	0.00e+00	0.00e+00	1.3082e+01
1.26322e+18	5.2306e+03	1.065e-21	2.7826e+01	1.3685e+01	7.9676e-08	5.1898e-01	4.8102e-01	8.8037e-01	1.1962e-01	1.4663e-06	1.4673e-10	3.9101e-03	9.8406e-01	1.2029e-02	1.1755e-36	5.7748e-01	4.2246e-01	5.9212e-05	1.1755e-36	1.1755e-36	1.1755e-36	3.7696e-17	0.00e+00	0.00e+00	1.3242e+01
1.26502e+18	5.1810e+03	1.036e-21	2.7826e+01	1.3417e+01	8.9120e-08	5.2837e-01	4.7163e-01	8.8247e-01	1.1752e-01	1.4466e-06	1.6014e-10	3.8450e-03	9.8438e-01	1.1772e-02	1.1755e-36	5.8673e-01	4.1322e-01	5.6058e-05	1.1755e-36	1.1755e-36	1.1755e-36	4.4766e-17	0.00e+00	0.00e+00	1.3413e+01
1.26682e+18	5.1266e+03	1.007e-21	2.7826e+01	1.3151e+01	1.0042e-07	5.3796e-01	4.6204e-01	8.8454e-01	1.1546e-01	1.4268e-06	1.7584e-10	3.7805e-03	9.8470e-01	1.1517e-02	1.1755e-36	5.9615e-01	4.0379e-01	5.3052e-05	1.1755e-36	1.1755e-36	1.1755e-36	5.3900e-17	0.00e+00	0.00e+00	1.3578e+01
1.26846e+18	5.0775e+03	9.810e-22	2.7826e+01	1.2908e+01	1.1201e-07	5.4680e-01	4.5320e-01	8.8636e-01	1.1364e-01	1.4098e-06	1.9204e-10	3.7213e-03	9.8499e-01	1.1291e-02	1.1755e-36	6.0481e-01	3.9514e-01	5.0420e-05	1.1755e-36	1.1755e-36	1.1755e-36	6.4225e-17	0.00e+00	0.00e+00	1.3727e+01
1.26999e+18	5.0370e+03	9.560e-22	2.7826e+01	1.2672e+01	1.2298e-07	5.5463e-01	4.4537e-01	8.8793e-01	1.1207e-01	1.3975e-06	2.0752e-10	3.6626e-03	9.8524e-01	1.1096e-02	1.1755e-36	6.1244e-01	3.8751e-01	4.8132e-05	1.1755e-36	1.1755e-36	1.1755e-36	7.4924e-17	0.00e+00	0.00e+00	1.3873e+01
1.27158e+18	4.9851e+03	9.304e-22	2.7826e+01	1.2428e+01	1.3755e-07	5.6325e-01	4.3675e-01	8.8969e-01	1.1031e-01	1.3815e-06	2.2667e-10	3.6029e-03	9.8552e-01	1.0875e-02	1.1755e-36	6.2082e-01	3.7914e-01	4.5780e-05	1.1755e-36	1.1755e-36	1.1755e-36	8.9409e-17	0.00e+00	0.00e+00	1.4040e+01
1.27321e+18	4.9323e+03	9.045e-22	2.7826e+01	1.2177e+01	1.5414e-07	5.7204e-01	4.2796e-01	8.9138e-01	1.0862e-01	1.3671e-06	2.4586e-10	3.5412e-03	9.8581e-01	1.0654e-02	1.1755e-36	6.2933e-01	3.7063e-01	4.3501e-05	1.1755e-36	1.1755e-36	1.1755e-36	1.0528e-16	0.00e+00	0.00e+00	1.4199e+01
1.27474e+18	4.8791e+03	8.804e-22	2.7826e+01	1.1941e+01	1.7250e-07	5.8041e-01	4.1959e-01	8.9295e-01	1.0704e-01	1.3533e-06	2.6623e-10	3.4834e-03	9.8607e-01	1.0446e-02	1.1755e-36	6.3741e-01	3.6255e-01	4.1450e-05	1.1755e-36	1.1755e-36	1.1755e-36	1.2370e-16	0.00e+00	0.00e+00	1.4350e+01
1.27617e+18	4.8227e+03	8.584e-22	2.7826e+01	1.1719e+01	1.9359e-07	5.8847e-01	4.1152e-01	8.9447e-01	1.0553e-01	1.3390e-06	2.8836e-10	3.4300e-03	9.8632e-01	1.0246e-02	1.1755e-36	6.4517e-01	3.5479e-01	3.9593e-05	1.1755e-36	1.1755e-36	1.1755e-36	1.4563e-16	0.00e+00	0.00e+00	1.4493e+01
1.27750e+18	4.7735e+03	8.379e-22	2.7826e+01	1.1516e+01	2.1462e-07	5.9589e-01	4.0411e-01	8.9582e-01	1.0418e-01	1.3270e-06	3.1035e-10	3.3804e-03	9.8655e-01	1.0066e-02	1.1755e-36	6.5228e-01	3.4769e-01	3.7937e-05	1.1755e-36	1.1755e-36	1.1755e-36	1.6923e-16	0.00e+00	0.00e+00	1.4626e+01
1.27879e+18	4.7254e+03	8.179e-22	2.7826e+01	1.1315e+01	2.3724e-07	6.0299e-01	3.9701e-01	8.9709e-01	1.0290e-01	1.3162e-06	3.3331e-10	3.3311e-03	9.8677e-01	9.8954e-03	1.1755e-36	6.5906e-01	3.4090e-01	3.6397e-05	1.1755e-36	1.1755e-36	1.1755e-36	1.9591e-16	0.00e+00	0.00e+00	1.4763e+01
1.28012e+18	4.6758e+03	7.973e-22	2.7826e+01	1.1106e+01	2.6305e-07	6.1029e-01	3.8971e-01	8.9839e-01	1.0161e-01	1.3056e-06	3.5899e-10	3.2797e-03	9.8700e-01	9.7219e-03	1.1755e-36	6.6601e-01	3.3395e-01	3.4863e-05	1.1755e-36	1.1755e-36	1.1755e-36	2.2819e-16	0.00e+00	0.00e+00	1.4909e+01
1.28149e+18	4.6240e+03	7.760e-22	2.7826e+01	1.0887e+01	2.9281e-07	6.1775e-01	3.8225e-01	8.9968e-01	1.0032e-01	1.2959e-06	3.8773e-10	3.2255e-03	9.8723e-01	9.5482e-03	1.1755e-36	6.7310e-01	3.2687e-01	3.3353e-05	1.1755e-36	1.1755e-36	1.1755e-36	2.6747e-16	0.00e+00	0.00e+00	1.5060e+01
1.28287e+18	4.5663e+03	7.554e-22	2.7826e+01	1.0674e+01	3.2907e-07	6.2555e-01	3.7444e-01	9.0104e-01	9.8961e-02	1.2836e-06	4.2150e-10	3.1740e-03	9.8746e-01	9.3663e-03	1.1755e-36	6.8048e-01	3.1948e-01	3.1871e-05	1.1755e-36	1.1755e-36	1.1755e-36	3.1790e-16	0.00e+00	0.00e+00	1.5210e+01
1.28417e+18	4.5138e+03	7.360e-22	2.7826e+01	1.0472e+01	3.6615e-07	6.3279e-01	3.6721e-01	9.0223e-01	9.7768e-02	1.2740e-06	4.5546e-10	3.1247e-03	9.8767e-01	9.2029e-03	1.1755e-36	6.8731e-01	3.1266e-01	3.0539e-05	1.1755e-36	1.1755e-36	1.1755e-36	3.7322e-16	0.00e+00	0.00e+00	1.5348e+01
1.28540e+18	4.4602e+03	7.178e-22	2.7826e+01	1.0276e+01	4.0702e-07	6.3964e-01	3.6035e-01	9.0336e-01	9.6638e-02	1.2649e-06	4.9112e-10	3.0770e-03	9.8788e-01	9.0478e-03	1.1755e-36	6.9376e-01	3.0621e-01	2.9325e-05	1.1755e-36	1.1755e-36	1.1755e-36	4.3661e-16	0.00e+00	0.00e+00	1.5485e+01
1.28662e+18	4.4071e+03	6.999e-22	2.7826e+01	1.0085e+01	4.5186e-07	6.4646e-01	3.5353e-01	9.0448e-01	9.5519e-02	1.2557e-06	5.2960e-10	3.0305e-03	9.8807e-01	8.8946e-03	1.1755e-36	7.0016e-01	2.9981e-01	2.8158e-05	1.1755e-36	1.1755e-36	1.1755e-36	5.1069e-16	0.00e+00	0.00e+00	1.5623e+01
1.28784e+18	4.3528e+03	6.821e-22	2.7826e+01	9.8933e+00	5.0210e-07	6.5330e-01	3.4670e-01	9.0559e-01	9.4410e-02	1.2467e-06	5.7153e-10	2.9841e-03	9.8827e-01	8.7424e-03	1.1755e-36	7.0655e-01	2.9342e-01	2.7028e-05	1.1755e-36	1.1755e-36	1.1755e-36	5.9836e-16	0.00e+00	0.00e+00	1.5764e+01
1.28907e+18	4.2922e+03	6.647e-22	2.7826e+01	9.6982e+00	5.6227e-07	6.6027e-01	3.3973e-01	9.0673e-01	9.3270e-02	1.2367e-06	6.1905e-10	2.9377e-03	9.8848e-01	8.5871e-03	1.1755e-36	7.1307e-01	2.8691e-01	2.5933e-05	1.1755e-36	1.1755e-36	1.1755e-36	7.0704e-16	0.00e+00	0.00e+00	1.5906e+01
1.29025e+18	4.2418e+03	6.478e-22	2.7826e+01	9.5140e+00	6.1885e-07	6.6671e-01	3.3328e-01	9.0771e-01	9.2293e-02	1.2299e-06	6.6443e-10	2.8926e-03	9.8866e-01	8.4494e-03	1.1755e-36	7.1905e-01	2.8092e-01	2.4927e-05	1.1755e-36	1.1755e-36	1.1755e-36	8.1878e-16	0.00e+00	0.00e+00	1.6041e+01
1.29145e+18	4.1829e+03	6.308e-22	2.7826e+01	9.3190e+00	6.8785e-07	6.7332e-01	3.2668e-01	9.0874e-01	9.1255e-02	1.2221e-06	7.1586e-10	2.8458e-03	9.8885e-01	8.3050e-03	1.1755e-36	7.2519e-01	2.7478e-01	2.3940e-05	1.1755e-36	1.1755e-36	1.1755e-36	9.5680e-16	0.00e+00	0.00e+00	1.6189e+01
1.29271e+18	4.1182e+03	6.136e-22	2.7826e+01	9.1212e+00	7.6981e-07	6.8038e-01	3.1962e-01	9.0985e-01	9.0145e-02	1.2126e-06	7.7486e-10	2.7993e-03	9.8905e-01	8.1525e-03	1.1755e-36	7.3173e-01	2.6825e-01	2.2938e-05	1.1755e-36	1.1755e-36	1.1755e-36	1.1288e-15	0.00e+00	0.00e+00	1.6338e+01
1.29392e+18	4.0585e+03	5.972e-22	2.7826e+01	8.9369e+00	8.5282e-07	6.8719e-01	3.1281e-01	9.1090e-01	8.9096e-02	1.2036e-06	8.3422e-10	2.7558e-03	9.8924e-01	8.0084e-03	1.1755e-36	7.3801e-01	2.6196e-01	2.1998e-05	1.1755e-36	1.1755e-36	1.1755e-36	1.3156e-15	0.00e+00	0.00e+00	1.6480e+01
1.29511e+18	3.9979e+03	5.811e-22	2.7826e+01	8.7504e+00	9.4159e-07	6.9382e-01	3.0618e-01	9.1191e-01	8.8092e-02	1.1956e-06	8.9464e-10	2.7120e-03	9.8942e-01	7.8693e-03	1.1755e-36	7.4411e-01	2.5587e-01	2.1110e-05	1.1755e-36	1.1755e-36	1.1755e-36	1.5213e-15	0.00e+00	0.00e+00	1.6627e+01
###########################
1.91107e+14	6.5418e+03	2.460e-21	2.7826e+01	2.9754e+01	5.0528e-12	1.2643e-02	9.8736e-01	6.5511e-02	9.3404e-01	4.4628e-04	7.4123e-15	1.9940e-03	5.6391e-01	4.3405e-01	5.0153e-05	1.3879e-02	9.0831e-01	7.7804e-02	4.8259e-06	1.1755e-36	1.1755e-36	5.0368e-23	0.00e+00	0.00e+00	8.4908e-04
1.14664e+15	6.5341e+03	2.456e-21	2.7826e+01	2.9731e+01	5.0765e-12	1.2631e-02	9.8737e-01	6.5523e-02	9.3403e-01	4.4580e-04	7.3928e-15	1.9884e-03	5.6397e-01	4.3399e-01	5.0202e-05	1.3866e-02	9.0827e-01	7.7857e-02	4.8158e-06	1.1755e-36	1.1755e-36	5.0110e-23	0.00e+00	0.00e+00	4.2422e-03
4.96877e+15	6.5226e+03	2.447e-21	2.7826e+01	2.9723e+01	5.1239e-12	1.2627e-02	9.8737e-01	6.5699e-02	9.3386e-01	4.4218e-04	7.3971e-15	1.9892e-03	5.6473e-01	4.3323e-01	4.9909e-05	1.3868e-02	9.0845e-01	7.7681e-02	4.7356e-06	1.1755e-36	1.1755e-36	4.9970e-23	0.00e+00	0.00e+00	1.7811e-02
2.02573e+16	6.4787e+03	2.426e-21	2.7826e+01	2.9718e+01	5.3952e-12	1.2711e-02	9.8729e-01	6.6667e-02	9.3291e-01	4.2418e-04	7.5580e-15	2.0100e-03	5.6866e-01	4.2929e-01	4.8512e-05	1.3992e-02	9.0954e-01	7.6466e-02	4.3745e-06	1.1755e-36	1.1755e-36	5.0732e-23	0.00e+00	0.00e+00	7.2447e-02
4.83882e+16	6.3270e+03	2.352e-21	2.7826e+01	2.9720e+01	5.9841e-12	1.2555e-02	9.8745e-01	6.7709e-02	9.3189e-01	4.0593e-04	7.4068e-15	2.0116e-03	5.7336e-01	4.2458e-01	4.7077e-05	1.3860e-02	9.1040e-01	7.5740e-02	4.0086e-06	1.1755e-36	1.1755e-36	4.7720e-23	0.00e+00	0.00e+00	1.4260e-01
8.41789e+16	6.1799e+03	2.289e-21	2.7826e+01	2.9716e+01	6.8202e-12	1.2560e-02	9.8744e-01	6.9416e-02	9.3021e-01	3.7525e-04	7.4833e-15	2.0375e-03	5.8040e-01	4.1751e-01	4.4754e-05	1.3927e-02	9.1219e-01	7.3884e-02	3.4939e-06	1.1755e-36	1.1755e-36	4.6658e-23	0.00e+00	0.00e+00	2.3039e-01
1.29137e+17	6.0376e+03	2.237e-21	2.7826e+01	2.9705e+01	8.0157e-12	1.2743e-02	9.8726e-01	7.1998e-02	9.2767e-01	3.3351e-04	7.8219e-15	2.0893e-03	5.9034e-01	4.0753e-01	4.1547e-05	1.4213e-02	9.1496e-01	7.0827e-02	2.8692e-06	1.1755e-36	1.1755e-36	4.7617e-23	0.00e+00	0.00e+00	3.4265e-01
1.86134e+17	5.8987e+03	2.193e-21	2.7826e+01	2.9684e+01	9.7963e-12	1.3158e-02	9.8684e-01	7.5880e-02	9.2384e-01	2.8217e-04	8.5316e-15	2.1764e-03	6.0420e-01	3.9359e-01	3.7399e-05	1.4791e-02	9.1885e-01	6.6360e-02	2.1798e-06	1.1755e-36	1.1755e-36	5.1238e-23	0.00e+00	0.00e+00	4.9030e-01
2.58731e+17	5.7652e+03	2.161e-21	2.7826e+01	2.9649e+01	1.2602e-11	1.3919e-02	9.8608e-01	8.1802e-02	9.1797e-01	2.2430e-04	9.8723e-15	2.3150e-03	6.2346e-01	3.7419e-01	3.2287e-05	1.5802e-02	9.2398e-01	6.0212e-02	1.4920e-06	1.1755e-36	1.1755e-36	5.9421e-23	0.00e+00	0.00e+00	6.8924e-01
3.52102e+17	5.6448e+03	2.144e-21	2.7826e+01	2.9592e+01	1.7400e-11	1.5284e-02	9.8472e-01	9.1338e-02	9.0850e-01	1.6425e-04	1.2510e-14	2.5378e-03	6.5071e-01	3.4672e-01	2.6165e-05	1.7570e-02	9.3047e-01	5.1955e-02	8.7780e-07	1.1755e-36	1.1755e-36	7.7498e-23	0.00e+00	0.00e+00	9.7230e-01
4.55301e+17	5.5546e+03	2.144e-21	2.7826e+01	2.9508e+01	2.4717e-11	1.7245e-02	9.8275e-01	1.0444e-01	8.9545e-01	1.1558e-04	1.6855e-14	2.8271e-03	6.8251e-01	3.1464e-01	2.0305e-05	2.0083e-02	9.3677e-01	4.3142e-02	4.7280e-07	1.1755e-36	1.1755e-36	1.1026e-22	0.00e+00	0.00e+00	1.2783e+00
5.47964e+17	5.5341e+03	2.162e-21	2.7826e+01	2.9395e+01	3.3457e-11	1.9691e-02	9.8031e-01	1.1995e-01	8.7996e-01	8.3700e-05	2.3291e-14	3.1457e-03	7.1360e-01	2.8324e-01	1.5624e-05	2.3184e-02	9.4152e-01	3.5292e-02	2.5687e-07	1.1755e-36	1.1755e-36	1.6504e-22	0.00e+00	0.00e+00	1.5701e+00
6.27191e+17	5.5515e+03	2.193e-21	2.7826e+01	2.9271e+01	4.3990e-11	2.2606e-02	9.7739e-01	1.3783e-01	8.6211e-01	6.3082e-05	3.2571e-14	3.4772e-03	7.4289e-01	2.5362e-01	1.1965e-05	2.6853e-02	9.4450e-01	2.8644e-02	1.4338e-07	1.1755e-36	1.1755e-36	2.5373e-22	0.00e+00	0.00e+00	1.8646e+00
6.98724e+17	5.5834e+03	2.235e-21	2.7826e+01	2.9142e+01	5.8151e-11	2.6203e-02	9.7380e-01	1.5938e-01	8.4058e-01	4.8591e-05	4.6616e-14	3.8289e-03	7.7154e-01	2.2462e-01	8.9756e-06	3.1361e-02	9.4578e-01	2.2858e-02	1.1755e-36	1.1755e-36	1.1755e-36	4.0451e-22	0.00e+00	0.00e+00	2.1820e+00
7.64523e+17	5.6463e+03	2.276e-21	2.7826e+01	2.8951e+01	7.5478e-11	3.0569e-02	9.6943e-01	1.8500e-01	8.1496e-01	3.7931e-05	6.7682e-14	4.1867e-03	7.9885e-01	1.9695e-01	6.5996e-06	3.6813e-02	9.4527e-01	1.7913e-02	1.1755e-36	1.1755e-36	1.1755e-36	6.6105e-22	0.00e+00	0.00e+00	2.5185e+00
8.23922e+17	5.7213e+03	2.317e-21	2.7826e+01	2.8719e+01	9.8033e-11	3.5854e-02	9.6415e-01	2.1524e-01	7.8473e-01	3.0046e-05	9.9555e-14	4.5374e-03	8.2441e-01	1.7105e-01	4.7569e-06	4.3386e-02	9.4279e-01	1.3822e-02	1.1755e-36	1.1755e-36	1.1755e-36	1.1019e-21	0.00e+00	0.00e+00	2.8722e+00
8.76662e+17	5.8034e+03	2.356e-21	2.7826e+01	2.8460e+01	1.2737e-10	4.2162e-02	9.5784e-01	2.5015e-01	7.4982e-01	2.4170e-05	1.4759e-13	4.8694e-03	8.4768e-01	1.4745e-01	3.3749e-06	5.1199e-02	9.3826e-01	1.0545e-02	1.1755e-36	1.1755e-36	1.1755e-36	1.8580e-21	0.00e+00	0.00e+00	3.2378e+00
9.22807e+17	5.8857e+03	2.390e-21	2.7826e+01	2.8169e+01	1.6565e-10	4.9541e-02	9.5046e-01	2.8923e-01	7.1075e-01	1.9736e-05	2.1893e-13	5.1682e-03	8.6825e-01	1.2658e-01	2.3732e-06	6.0298e-02	9.3170e-01	7.9983e-03	1.1755e-36	1.1755e-36	1.1755e-36	3.1332e-21	0.00e+00	0.00e+00	3.6116e+00
9.63103e+17	5.9624e+03	2.419e-21	2.7826e+01	2.7868e+01	2.1656e-10	5.8135e-02	9.4187e-01	3.3209e-01	6.6789e-01	1.6290e-05	3.2502e-13	5.4316e-03	8.8621e-01	1.0836e-01	1.6578e-06	7.0844e-02	9.2311e-01	6.0449e-03	1.1755e-36	1.1755e-36	1.1755e-36	5.2806e-21	0.00e+00	0.00e+00	3.9961e+00
9.98543e+17	6.0348e+03	2.434e-21	2.7826e+01	2.7465e+01	2.8249e-10	6.7915e-02	9.3208e-01	3.7760e-01	6.2239e-01	1.3517e-05	4.7812e-13	5.6392e-03	9.0151e-01	9.2846e-02	1.1589e-06	8.2787e-02	9.1264e-01	4.5684e-03	1.1755e-36	1.1755e-36	1.1755e-36	8.7577e-21	0.00e+00	0.00e+00	4.3927e+00
1.03033e+18	6.1017e+03	2.438e-21	2.7826e+01	2.7033e+01	3.7110e-10	7.9316e-02	9.2068e-01	4.2600e-01	5.7399e-01	1.1234e-05	7.0629e-13	5.8077e-03	9.1483e-01	7.9363e-02	8.0454e-07	9.6630e-02	8.9994e-01	3.4338e-03	1.1755e-36	1.1755e-36	1.1755e-36	1.4569e-20	0.00e+00	0.00e+00	4.8155e+00
1.05935e+18	6.1527e+03	2.430e-21	2.7826e+01	2.6516e+01	4.9799e-10	9.2796e-02	9.0720e-01	4.7705e-01	5.2294e-01	9.2888e-06	1.0519e-12	5.9299e-03	9.2644e-01	6.7634e-02	5.5328e-07	1.1290e-01	8.8454e-01	2.5605e-03	1.1755e-36	1.1755e-36	1.1755e-36	2.4405e-20	0.00e+00	0.00e+00	5.2670e+00
1.08575e+18	6.1957e+03	2.408e-21	2.7826e+01	2.5945e+01	6.7645e-10	1.0868e-01	8.9132e-01	5.2917e-01	4.7083e-01	7.6708e-06	1.5783e-12	6.0088e-03	9.3643e-01	5.7560e-02	3.7809e-07	1.3192e-01	8.6618e-01	1.8957e-03	1.1755e-36	1.1755e-36	1.1755e-36	4.1254e-20	0.00e+00	0.00e+00	5.7467e+00
1.10968e+18	6.2251e+03	2.370e-21	2.7826e+01	2.5307e+01	9.3249e-10	1.2726e-01	8.7274e-01	5.8043e-01	4.1957e-01	6.3420e-06	2.3763e-12	6.0415e-03	9.4492e-01	4.9037e-02	2.5799e-07	1.5399e-01	8.4461e-01	1.3976e-03	1.1755e-36	1.1755e-36	1.1755e-36	7.0107e-20	0.00e+00	0.00e+00	6.2552e+00
1.13145e+18	6.2391e+03	2.315e-21	2.7826e+01	2.4587e+01	1.3056e-09	1.4892e-01	8.5108e-01	6.2947e-01	3.7052e-01	5.2455e-06	3.5835e-12	6.0269e-03	9.5211e-01	4.1863e-02	1.7617e-07	1.7947e-01	8.1950e-01	1.0264e-03	1.1755e-36	1.1755e-36	1.1755e-36	1.1978e-19	0.00e+00	0.00e+00	6.7995e+00
1.15149e+18	6.2353e+03	2.240e-21	2.7826e+01	2.3773e+01	1.8654e-09	1.7430e-01	8.2570e-01	6.7534e-01	3.2465e-01	4.3486e-06	5.4230e-12	5.9648e-03	9.5824e-01	3.5794e-02	1.1755e-36	2.0899e-01	7.9027e-01	7.4930e-04	1.1755e-36	1.1755e-36	1.1755e-36	2.0698e-19	0.00e+00	0.00e+00	7.3896e+00
1.17008e+18	6.2110e+03	2.144e-21	2.7826e+01	2.2846e+01	2.7306e-09	2.0408e-01	7.9592e-01	7.1763e-01	2.8237e-01	3.6051e-06	8.2448e-12	5.8526e-03	9.6350e-01	3.0644e-02	1.1755e-36	2.4318e-01	7.5628e-01	5.4287e-04	1.1755e-36	1.1755e-36	1.1755e-36	3.6343e-19	0.00e+00	0.00e+00	8.0321e+00
1.18735e+18	6.1622e+03	2.025e-21	2.7826e+01	2.1796e+01	4.1092e-09	2.3881e-01	7.6119e-01	7.5529e-01	2.4470e-01	3.0101e-06	1.2573e-11	5.6894e-03	9.6803e-01	2.6285e-02	1.1755e-36	2.8245e-01	7.1716e-01	3.9052e-04	1.1755e-36	1.1755e-36	1.1755e-36	6.5076e-19	0.00e+00	0.00e+00	8.7290e+00
1.20255e+18	6.0901e+03	1.891e-21	2.7826e+01	2.0667e+01	6.2301e-09	2.7675e-01	7.2325e-01	7.8620e-01	2.1380e-01	2.5665e-06	1.8787e-11	5.4838e-03	9.7170e-01	2.2814e-02	1.1755e-36	3.2464e-01	6.7508e-01	2.8438e-04	1.1755e-36	1.1755e-36	1.1755e-36	1.1560e-18	0.00e+00	0.00e+00	9.3993e+00
1.21449e+18	6.0067e+03	1.763e-21	2.7826e+01	1.9606e+01	9.0554e-09	3.1257e-01	6.8743e-01	8.0837e-01	1.9163e-01	2.2748e-06	2.6332e-11	5.2704e-03	9.7439e-01	2.0336e-02	1.1755e-36	3.6378e-01	6.3600e-01	2.1726e-04	1.1755e-36	1.1755e-36	1.1755e-36	1.9119e-18	0.00e+00	0.00e+00	9.9537e+00
1.22327e+18	5.9258e+03	1.657e-21	2.7826e+01	1.8732e+01	1.2301e-08	3.4264e-01	6.5736e-01	8.2359e-01	1.7641e-01	2.0852e-06	3.4256e-11	5.0847e-03	9.7629e-01	1.8630e-02	1.1755e-36	3.9616e-01	6.0366e-01	1.7605e-04	1.1755e-36	1.1755e-36	1.1755e-36	2.8722e-18	0.00e+00	0.00e+00	1.0403e+01
1.22841e+18	5.8728e+03	1.590e-21	2.7826e+01	1.8179e+01	1.4865e-08	3.6177e-01	6.3823e-01	8.3127e-01	1.6873e-01	1.9971e-06	4.0118e-11	4.9624e-03	9.7728e-01	1.7762e-02	1.1755e-36	4.1653e-01	5.8332e-01	1.5549e-04	1.1755e-36	1.1755e-36	1.1755e-36	3.7023e-18	0.00e+00	0.00e+00	1.0583e+01
1.23065e+18	5.8458e+03	1.561e-21	2.7826e+01	1.7933e+01	1.6216e-08	3.7039e-01	6.2961e-01	8.3473e-01	1.6527e-01	1.9565e-06	4.3055e-11	4.9078e-03	9.7772e-01	1.7373e-02	1.1755e-36	4.2564e-01	5.7421e-01	1.4708e-04	1.1755e-36	1.1755e-36	1.1755e-36	4.1530e-18	0.00e+00	0.00e+00	1.0689e+01
1.23245e+18	5.8222e+03	1.536e-21	2.7826e+01	1.7728e+01	1.7437e-08	3.7751e-01	6.2249e-01	8.3772e-01	1.6228e-01	1.9210e-06	4.5644e-11	4.8621e-03	9.7811e-01	1.7032e-02	1.1755e-36	4.3314e-01	5.6672e-01	1.4032e-04	1.1755e-36	1.1755e-36	1.1755e-36	4.5671e-18	0.00e+00	0.00e+00	1.0820e+01
1.23471e+18	5.7834e+03	1.506e-21	2.7826e+01	1.7493e+01	1.9361e-08	3.8722e-01	6.1278e-01	8.4172e-01	1.5828e-01	1.8698e-06	4.9542e-11	4.8116e-03	9.7862e-01	1.6566e-02	1.1755e-36	4.4335e-01	5.5652e-01	1.3190e-04	1.1755e-36	1.1755e-36	1.1755e-36	5.2308e-18	0.00e+00	0.00e+00	1.0994e+01
1.23728e+18	5.7514e+03	1.468e-21	2.7826e+01	1.7179e+01	2.1425e-08	3.9749e-01	6.0251e-01	8.4558e-01	1.5442e-01	1.8274e-06	5.3744e-11	4.7387e-03	9.7913e-01	1.6128e-02	1.1755e-36	4.5408e-01	5.4579e-01	1.2337e-04	1.1755e-36	1.1755e-36	1.1755e-36	5.9907e-18	0.00e+00	0.00e+00	1.1174e+01
1.23990e+18	5.7054e+03	1.430e-21	2.7826e+01	1.6850e+01	2.4163e-08	4.0862e-01	5.9138e-01	8.4964e-01	1.5036e-01	1.7812e-06	5.8792e-11	4.6641e-03	9.7967e-01	1.5667e-02	1.1755e-36	4.6568e-01	5.3420e-01	1.1503e-04	1.1755e-36	1.1755e-36	1.1755e-36	6.9814e-18	0.00e+00	0.00e+00	1.1366e+01
1.24242e+18	5.6782e+03	1.391e-21	2.7826e+01	1.6534e+01	2.6582e-08	4.1900e-01	5.8100e-01	8.5306e-01	1.4694e-01	1.7468e-06	6.3687e-11	4.5885e-03	9.8014e-01	1.5271e-02	1.1755e-36	4.7641e-01	5.2348e-01	1.0762e-04	1.1755e-36	1.1755e-36	1.1755e-36	8.0015e-18	0.00e+00	0.00e+00	1.1539e+01
1.24489e+18	5.6314e+03	1.354e-21	2.7826e+01	1.6216e+01	2.9959e-08	4.3010e-01	5.6989e-01	8.5676e-01	1.4324e-01	1.7054e-06	6.9645e-11	4.5151e-03	9.8064e-01	1.4845e-02	1.1755e-36	4.8786e-01	5.1204e-01	1.0050e-04	1.1755e-36	1.1755e-36	1.1755e-36	9.3592e-18	0.00e+00	0.00e+00	1.1735e+01
1.24734e+18	5.5849e+03	1.317e-21	2.7826e+01	1.5902e+01	3.3756e-08	4.4131e-01	5.5869e-01	8.6018e-01	1.3982e-01	1.6683e-06	7.6213e-11	4.4420e-03	9.8111e-01	1.4444e-02	1.1755e-36	4.9936e-01	5.0055e-01	9.3914e-05	1.1755e-36	1.1755e-36	1.1755e-36	1.0990e-17	0.00e+00	0.00e+00	1.1913e+01
1.24951e+18	5.5426e+03	1.284e-21	2.7826e+01	1.5622e+01	3.7618e-08	4.5153e-01	5.4847e-01	8.6315e-01	1.3684e-01	1.6362e-06	8.2779e-11	4.3762e-03	9.8153e-01	1.4091e-02	1.1755e-36	5.0978e-01	4.9013e-01	8.8334e-05	1.1755e-36	1.1755e-36	1.1755e-36	1.2758e-17	0.00e+00	0.00e+00	1.2076e+01
1.25153e+18	5.5116e+03	1.251e-21	2.7826e+01	1.5341e+01	4.1118e-08	4.6058e-01	5.3942e-01	8.6570e-01	1.3430e-01	1.6126e-06	8.8834e-11	4.3079e-03	9.8190e-01	1.3793e-02	1.1755e-36	5.1897e-01	4.8094e-01	8.3512e-05	1.1755e-36	1.1755e-36	1.1755e-36	1.4494e-17	0.00e+00	0.00e+00	1.2237e+01
1.25369e+18	5.4594e+03	1.217e-21	2.7826e+01	1.5043e+01	4.6418e-08	4.7120e-01	5.2880e-01	8.6871e-01	1.3128e-01	1.5801e-06	9.7085e-11	4.2377e-03	9.8233e-01	1.3437e-02	1.1755e-36	5.2973e-01	4.7019e-01	7.8405e-05	1.1755e-36	1.1755e-36	1.1755e-36	1.7094e-17	0.00e+00	0.00e+00	1.2430e+01
1.25589e+18	5.4116e+03	1.182e-21	2.7826e+01	1.4739e+01	5.2174e-08	4.8189e-01	5.1811e-01	8.7147e-01	1.2853e-01	1.5527e-06	1.0609e-10	4.1648e-03	9.8273e-01	1.3108e-02	1.1755e-36	5.4049e-01	4.5943e-01	7.3606e-05	1.1755e-36	1.1755e-36	1.1755e-36	2.0188e-17	0.00e+00	0.00e+00	1.2604e+01
1.25784e+18	5.3612e+03	1.152e-21	2.7826e+01	1.4474e+01	5.8586e-08	4.9195e-01	5.0805e-01	8.7400e-01	1.2599e-01	1.5254e-06	1.1576e-10	4.1022e-03	9.8310e-01	1.2801e-02	1.1755e-36	5.5059e-01	4.4934e-01	6.9452e-05	1.1755e-36	1.1755e-36	1.1755e-36	2.3836e-17	0.00e+00	0.00e+00	1.2764e+01
1.25961e+18	5.3230e+03	1.123e-21	2.7826e+01	1.4216e+01	6.4379e-08	5.0063e-01	4.9936e-01	8.7609e-01	1.2391e-01	1.5067e-06	1.2456e-10	4.0392e-03	9.8341e-01	1.2551e-02	1.1755e-36	5.5925e-01	4.4068e-01	6.5953e-05	1.1755e-36	1.1755e-36	1.1755e-36	2.7418e-17	0.00e+00	0.00e+00	1.2913e+01
1.26141e+18	5.2715e+03	1.095e-21	2.7826e+01	1.3958e+01	7.2150e-08	5.1005e-01	4.8995e-01	8.7838e-01	1.2162e-01	1.4828e-06	1.3569e-10	3.9777e-03	9.8375e-01	1.2272e-02	1.1755e-36	5.6863e-01	4.3131e-01	6.2456e-05	1.1755e-36	1.1755e-36	1.1755e-36	3.2379e-17	0.00e+00	0.00e+00	1.3082e+01
1.26322e+18	5.2304e+03	1.065e-21	2.7826e+01	1.3684e+01	7.9700e-08	5.1900e-01	4.8100e-01	8.8038e-01	1.1962e-01	1.4662e-06	1.4676e-10	3.9101e-03	9.8406e-01	1.2029e-02	1.1755e-36	5.7750e-01	4.2244e-01	5.9207e-05	1.1755e-36	1.1755e-36	1.1755e-36	3.7712e-17	0.00e+00	0.00e+00	1.3242e+01
1.26502e+18	5.1810e+03	1.036e-21	2.7826e+01	1.3417e+01	8.9134e-08	5.2838e-01	4.7162e-01	8.8248e-01	1.1752e-01	1.4466e-06	1.6016e-10	3.8450e-03	9.8438e-01	1.1772e-02	1.1755e-36	5.8674e-01	4.1321e-01	5.6054e-05	1.1755e-36	1.1755e-36	1.1755e-36	4.4777e-17	0.00e+00	0.00e+00	1.3413e+01
1.26682e+18	5.1266e+03	1.007e-21	2.7826e+01	1.3151e+01	1.0043e-07	5.3796e-01	4.6204e-01	8.8454e-01	1.1546e-01	1.4268e-06	1.7586e-10	3.7805e-03	9.8470e-01	1.1517e-02	1.1755e-36	5.9616e-01	4.0378e-01	5.3050e-05	1.1755e-36	1.1755e-36	1.1755e-36	5.3909e-17	0.00e+00	0.00e+00	1.3578e+01
1.26847e+18	5.0775e+03	9.809e-22	2.7826e+01	1.2908e+01	1.1203e-07	5.4682e-01	4.5318e-01	8.8636e-01	1.1364e-01	1.4098e-06	1.9207e-10	3.7213e-03	9.8499e-01	1.1290e-02	1.1755e-36	6.0483e-01	3.9512e-01	5.0417e-05	1.1755e-36	1.1755e-36	1.1755e-36	6.4242e-17	0.00e+00	0.00e+00	1.3728e+01
1.26999e+18	5.0374e+03	9.559e-22	2.7826e+01	1.2672e+01	1.2292e-07	5.5463e-01	4.4537e-01	8.8793e-01	1.1207e-01	1.3977e-06	2.0747e-10	3.6625e-03	9.8524e-01	1.1097e-02	1.1755e-36	6.1244e-01	3.8751e-01	4.8130e-05	1.1755e-36	1.1755e-36	1.1755e-36	7.4885e-17	0.00e+00	0.00e+00	1.3874e+01
1.27159e+18	4.9846e+03	9.303e-22	2.7826e+01	1.2427e+01	1.3766e-07	5.6329e-01	4.3671e-01	8.8970e-01	1.1030e-01	1.3814e-06	2.2678e-10	3.6026e-03	9.8552e-01	1.0874e-02	1.1755e-36	6.2086e-01	3.7909e-01	4.5768e-05	1.1755e-36	1.1755e-36	1.1755e-36	8.9499e-17	0.00e+00	0.00e+00	1.4041e+01
1.27323e+18	4.9317e+03	9.043e-22	2.7826e+01	1.2176e+01	1.5432e-07	5.7211e-01	4.2789e-01	8.9139e-01	1.0861e-01	1.3670e-06	2.4603e-10	3.5409e-03	9.8581e-01	1.0652e-02	1.1755e-36	6.2939e-01	3.7056e-01	4.3488e-05	1.1755e-36	1.1755e-36	1.1755e-36	1.0543e-16	0.00e+00	0.00e+00	1.4200e+01
1.27475e+18	4.8789e+03	8.804e-22	2.7826e+01	1.1941e+01	1.7255e-07	5.8043e-01	4.1957e-01	8.9295e-01	1.0704e-01	1.3533e-06	2.6627e-10	3.4835e-03	9.8607e-01	1.0446e-02	1.1755e-36	6.3742e-01	3.6254e-01	4.1449e-05	1.1755e-36	1.1755e-36	1.1755e-36	1.2374e-16	0.00e+00	0.00e+00	1.4349e+01
1.27617e+18	4.8229e+03	8.584e-22	2.7826e+01	1.1720e+01	1.9351e-07	5.8845e-01	4.1155e-01	8.9446e-01	1.0553e-01	1.3391e-06	2.8828e-10	3.4303e-03	9.8632e-01	1.0247e-02	1.1755e-36	6.4515e-01	3.5481e-01	3.9599e-05	1.1755e-36	1.1755e-36	1.1755e-36	1.4556e-16	0.00e+00	0.00e+00	1.4492e+01
1.27750e+18	4.7734e+03	8.379e-22	2.7826e+01	1.1517e+01	2.1464e-07	5.9589e-01	4.0411e-01	8.9582e-01	1.0418e-01	1.3269e-06	3.1037e-10	3.3805e-03	9.8655e-01	1.0066e-02	1.1755e-36	6.5228e-01	3.4768e-01	3.7937e-05	1.1755e-36	1.1755e-36	1.1755e-36	1.6925e-16	0.00e+00	0.00e+00	1.4626e+01
1.27879e+18	4.7252e+03	8.178e-22	2.7826e+01	1.1315e+01	2.3732e-07	6.0301e-01	3.9699e-01	8.9710e-01	1.0290e-01	1.3161e-06	3.3339e-10	3.3310e-03	9.8677e-01	9.8949e-03	1.1755e-36	6.5908e-01	3.4088e-01	3.6392e-05	1.1755e-36	1.1755e-36	1.1755e-36	1.9602e-16	0.00e+00	0.00e+00	1.4764e+01
1.28012e+18	4.6750e+03	7.972e-22	2.7826e+01	1.1105e+01	2.6339e-07	6.1033e-01	3.8967e-01	8.9840e-01	1.0160e-01	1.3054e-06	3.5923e-10	3.2796e-03	9.8700e-01	9.7209e-03	1.1755e-36	6.6605e-01	3.3391e-01	3.4859e-05	1.1755e-36	1.1755e-36	1.1755e-36	2.2852e-16	0.00e+00	0.00e+00	1.4910e+01
1.28149e+18	4.6237e+03	7.761e-22	2.7826e+01	1.0887e+01	2.9293e-07	6.1775e-01	3.8225e-01	8.9967e-01	1.0032e-01	1.2958e-06	3.8777e-10	3.2257e-03	9.8723e-01	9.5486e-03	1.1755e-36	6.7309e-01	3.2687e-01	3.3358e-05	1.1755e-36	1.1755e-36	1.1755e-36	2.6755e-16	0.00e+00	0.00e+00	1.5059e+01
1.28286e+18	4.5700e+03	7.553e-22	2.7826e+01	1.0671e+01	3.2699e-07	6.2527e-01	3.7473e-01	9.0094e-01	9.9055e-02	1.2859e-06	4.1974e-10	3.1726e-03	9.8745e-01	9.3754e-03	1.1755e-36	6.8021e-01	3.1976e-01	3.1905e-05	1.1755e-36	1.1755e-36	1.1755e-36	3.1517e-16	0.00e+00	0.00e+00	1.5208e+01
1.28419e+18	4.5114e+03	7.357e-22	2.7826e+01	1.0466e+01	3.6754e-07	6.3292e-01	3.6708e-01	9.0226e-01	9.7738e-02	1.2737e-06	4.5633e-10	3.1233e-03	9.8768e-01	9.1989e-03	1.1755e-36	6.8743e-01	3.1254e-01	3.0516e-05	1.1755e-36	1.1755e-36	1.1755e-36	3.7482e-16	0.00e+00	0.00e+00	1.5354e+01
1.28544e+18	4.4591e+03	7.173e-22	2.7826e+01	1.0272e+01	4.0806e-07	6.3985e-01	3.6015e-01	9.0339e-01	9.6610e-02	1.2647e-06	4.9216e-10	3.0759e-03	9.8788e-01	9.0440e-03	1.1755e-36	6.9395e-01	3.0602e-01	2.9290e-05	1.1755e-36	1.1755e-36	1.1755e-36	4.3849e-16	0.00e+00	0.00e+00	1.5487e+01
1.28663e+18	4.4068e+03	6.998e-22	2.7826e+01	1.0083e+01	4.5213e-07	6.4649e-01	3.5351e-01	9.0448e-01	9.5522e-02	1.2559e-06	5.2976e-10	3.0302e-03	9.8807e-01	8.8948e-03	1.1755e-36	7.0018e-01	2.9979e-01	2.8155e-05	1.1755e-36	1.1755e-36	1.1755e-36	5.1106e-16	0.00e+00	0.00e+00	1.5623e+01
1.28784e+18	4.3531e+03	6.823e-22	2.7826e+01	9.8943e+00	5.0180e-07	6.5325e-01	3.4675e-01	9.0558e-01	9.4419e-02	1.2468e-06	5.7126e-10	2.9844e-03	9.8827e-01	8.7436e-03	1.1755e-36	7.0651e-01	2.9346e-01	2.7036e-05	1.1755e-36	1.1755e-36	1.1755e-36	5.9779e-16	0.00e+00	0.00e+00	1.5763e+01
1.28907e+18	4.2923e+03	6.647e-22	2.7826e+01	9.6987e+00	5.6217e-07	6.6026e-01	3.3974e-01	9.0673e-01	9.3271e-02	1.2366e-06	6.1896e-10	2.9379e-03	9.8847e-01	8.5874e-03	1.1755e-36	7.1305e-01	2.8692e-01	2.5935e-05	1.1755e-36	1.1755e-36	1.1755e-36	7.0684e-16	0.00e+00	0.00e+00	1.5907e+01
1.29026e+18	4.2416e+03	6.477e-22	2.7826e+01	9.5132e+00	6.1912e-07	6.6674e-01	3.3326e-01	9.0771e-01	9.2287e-02	1.2298e-06	6.6465e-10	2.8925e-03	9.8866e-01	8.4489e-03	1.1755e-36	7.1908e-01	2.8090e-01	2.4923e-05	1.1755e-36	1.1755e-36	1.1755e-36	8.1933e-16	0.00e+00	0.00e+00	1.6042e+01
1.29146e+18	4.1771e+03	6.309e-22	2.7826e+01	9.3210e+00	6.9413e-07	6.7366e-01	3.2634e-01	9.0885e-01	9.1152e-02	1.2193e-06	7.1977e-10	2.8476e-03	9.8886e-01	8.2952e-03	1.1755e-36	7.2551e-01	2.7447e-01	2.3914e-05	1.1755e-36	1.1755e-36	1.1755e-36	9.6799e-16	0.00e+00	0.00e+00	1.6190e+01
1.29267e+18	4.1243e+03	6.141e-22	2.7826e+01	9.1327e+00	7.6326e-07	6.8011e-01	3.1989e-01	9.0979e-01	9.0210e-02	1.2134e-06	7.7168e-10	2.8016e-03	9.8904e-01	8.1607e-03	1.1755e-36	7.3148e-01	2.6850e-01	2.2969e-05	1.1755e-36	1.1755e-36	1.1755e-36	1.1184e-15	0.00e+00	0.00e+00	1.6328e+01
1.29389e+18	4.0595e+03	5.974e-22	2.7826e+01	8.9363e+00	8.5069e-07	6.8694e-01	3.1305e-01	9.1086e-01	8.9141e-02	1.2046e-06	8.3205e-10	2.7555e-03	9.8923e-01	8.0133e-03	1.1755e-36	7.3779e-01	2.6219e-01	2.2026e-05	1.1755e-36	1.1755e-36	1.1755e-36	1.3089e-15	0.00e+00	0.00e+00	1.6483e+01
1.29515e+18	3.9952e+03	5.805e-22	2.7826e+01	8.7433e+00	9.4557e-07	6.9410e-01	3.0590e-01	9.1195e-01	8.8051e-02	1.1952e-06	8.9732e-10	2.7105e-03	9.8943e-01	7.8639e-03	1.1755e-36	7.4437e-01	2.5560e-01	2.1073e-05	1.1755e-36	1.1755e-36	1.1755e-36	1.5308e-15	0.00e+00	0.00e+00	1.6635e+01
