#depth	Te	Htot	hden	eden	2H_2/H	HI	HII	HeI	HeII	HeIII	CO/C	C1	C2	C3	C4	O1	O2	O3	O4	O5	O6	H2O/O	AV(point)	AV(extend)	Tau912
1.33861e+12	6.5933e+03	7.887e-18	1.6681e+03	1.6966e+03	1.0748e-11	5.3288e-02	9.4671e-01	2.3576e-01	7.6415e-01	8.3162e-05	3.5468e-13	1.3196e-02	8.3919e-01	1.4761e-01	1.4204e-06	6.5020e-02	9.2954e-01	5.4357e-03	1.1755e-36	1.1755e-36	1.1755e-36	4.9340e-21	0.00e+00	0.00e+00	1.5029e-03
8.03168e+12	6.5827e+03	7.852e-18	1.6681e+03	1.6914e+03	1.0785e-11	5.3125e-02	9.4688e-01	2.3550e-01	7.6442e-01	8.3300e-05	3.5114e-13	1.3114e-02	8.3909e-01	1.4779e-01	1.4277e-06	6.4828e-02	9.2972e-01	5.4516e-03	1.1755e-36	1.1755e-36	1.1755e-36	4.8517e-21	0.00e+00	0.00e+00	7.4961e-03
3.48040e+13	6.5691e+03	7.796e-18	1.6681e+03	1.6897e+03	1.0913e-11	5.3107e-02	9.4689e-01	2.3623e-01	7.6369e-01	8.2887e-05	3.5103e-13	1.3082e-02	8.3967e-01	1.4725e-01	1.4189e-06	6.4818e-02	9.2975e-01	5.4314e-03	1.1755e-36	1.1755e-36	1.1755e-36	4.8296e-21	0.00e+00	0.00e+00	3.1461e-02
1.41893e+14	6.5169e+03	7.670e-18	1.6681e+03	1.6880e+03	1.1745e-11	5.3772e-02	9.4623e-01	2.4058e-01	7.5934e-01	8.0645e-05	3.6306e-13	1.3184e-02	8.4263e-01	1.4419e-01	1.3581e-06	6.5668e-02	9.2905e-01	5.2795e-03	1.1755e-36	1.1755e-36	1.1755e-36	4.9856e-21	0.00e+00	0.00e+00	1.2852e-01
3.38937e+14	6.3477e+03	7.290e-18	1.6681e+03	1.6884e+03	1.3315e-11	5.3074e-02	9.4693e-01	2.4560e-01	7.5432e-01	7.7632e-05	3.5575e-13	1.3124e-02	8.4643e-01	1.4044e-01	1.3122e-06	6.4924e-02	9.2985e-01	5.2263e-03	1.1755e-36	1.1755e-36	1.1755e-36	4.6718e-21	0.00e+00	0.00e+00	2.5306e-01
5.49234e+14	6.1999e+03	6.981e-18	1.6681e+03	1.6882e+03	1.5132e-11	5.2800e-02	9.4720e-01	2.5087e-01	7.4905e-01	7.4768e-05	3.5418e-13	1.3140e-02	8.5019e-01	1.3667e-01	1.2577e-06	6.4684e-02	9.3019e-01	5.1260e-03	1.1755e-36	1.1755e-36	1.1755e-36	4.4916e-21	0.00e+00	0.00e+00	3.6311e-01
7.72655e+14	6.1118e+03	6.804e-18	1.6681e+03	1.6852e+03	1.7389e-11	5.4109e-02	9.4589e-01	2.5895e-01	7.4098e-01	7.1268e-05	3.7734e-13	1.3397e-02	8.5508e-01	1.3153e-01	1.1590e-06	6.6351e-02	9.2880e-01	4.8499e-03	1.1755e-36	1.1755e-36	1.1755e-36	4.7795e-21	0.00e+00	0.00e+00	5.0504e-01
1.05900e+15	6.0330e+03	6.649e-18	1.6681e+03	1.6802e+03	2.0821e-11	5.6694e-02	9.4331e-01	2.7097e-01	7.2896e-01	6.6770e-05	4.2393e-13	1.3851e-02	8.6165e-01	1.2449e-01	1.0231e-06	6.9578e-02	9.2599e-01	4.4353e-03	1.1755e-36	1.1755e-36	1.1755e-36	5.4596e-21	0.00e+00	0.00e+00	6.9836e-01
1.43124e+15	5.9653e+03	6.522e-18	1.6681e+03	1.6731e+03	2.6481e-11	6.1355e-02	9.3865e-01	2.8921e-01	7.1073e-01	6.0997e-05	5.1538e-13	1.4597e-02	8.7049e-01	1.1492e-01	8.4733e-07	7.5338e-02	9.2080e-01	3.8581e-03	1.1755e-36	1.1755e-36	1.1755e-36	6.9302e-21	0.00e+00	0.00e+00	9.7034e-01
1.87260e+15	5.9275e+03	6.408e-18	1.6681e+03	1.6566e+03	3.4891e-11	6.8389e-02	9.3161e-01	3.1307e-01	6.8687e-01	5.4860e-05	6.7067e-13	1.5574e-02	8.8047e-01	1.0395e-01	6.6384e-07	8.3968e-02	9.1283e-01	3.1975e-03	1.1755e-36	1.1755e-36	1.1755e-36	9.6513e-21	0.00e+00	0.00e+00	1.3031e+00
2.31077e+15	5.9312e+03	6.349e-18	1.6681e+03	1.6342e+03	4.6205e-11	7.7896e-02	9.2210e-01	3.4057e-01	6.5938e-01	4.9194e-05	9.1856e-13	1.6694e-02	8.9020e-01	9.3109e-02	5.0350e-07	9.5540e-02	9.0189e-01	2.5695e-03	1.1755e-36	1.1755e-36	1.1755e-36	1.4494e-20	0.00e+00	0.00e+00	1.6432e+00
2.72518e+15	5.9680e+03	6.340e-18	1.6681e+03	1.6092e+03	6.2165e-11	9.0723e-02	9.0928e-01	3.7251e-01	6.2745e-01	4.3822e-05	1.3341e-12	1.7948e-02	8.9973e-01	8.2319e-02	3.6767e-07	1.1103e-01	8.8697e-01	1.9975e-03	1.1755e-36	1.1755e-36	1.1755e-36	2.3678e-20	0.00e+00	0.00e+00	2.0392e+00
3.12112e+15	6.0338e+03	6.338e-18	1.6681e+03	1.5756e+03	8.4491e-11	1.0741e-01	8.9259e-01	4.0795e-01	5.9201e-01	3.8955e-05	2.0216e-12	1.9207e-02	9.0861e-01	7.2178e-02	2.6108e-07	1.3101e-01	8.6748e-01	1.5092e-03	1.1755e-36	1.1755e-36	1.1755e-36	4.1078e-20	0.00e+00	0.00e+00	2.4663e+00
3.46374e+15	6.1105e+03	6.332e-18	1.6681e+03	1.5368e+03	1.1414e-10	1.2716e-01	8.7284e-01	4.4308e-01	5.5689e-01	3.4982e-05	3.0738e-12	2.0280e-02	9.1617e-01	6.3551e-02	1.8628e-07	1.5442e-01	8.4444e-01	1.1380e-03	1.1755e-36	1.1755e-36	1.1755e-36	7.1833e-20	0.00e+00	0.00e+00	2.8786e+00
3.74315e+15	6.1810e+03	6.307e-18	1.6681e+03	1.4983e+03	1.5158e-10	1.4864e-01	8.5136e-01	4.7522e-01	5.2475e-01	3.1874e-05	4.5538e-12	2.1105e-02	9.2233e-01	5.6562e-02	1.3645e-07	1.7961e-01	8.1952e-01	8.7325e-04	1.1755e-36	1.1755e-36	1.1755e-36	1.2166e-19	0.00e+00	0.00e+00	3.2717e+00
3.98017e+15	6.2388e+03	6.250e-18	1.6681e+03	1.4582e+03	1.9987e-10	1.7184e-01	8.2816e-01	5.0530e-01	4.9467e-01	2.9256e-05	6.6029e-12	2.1701e-02	9.2759e-01	5.0714e-02	1.1755e-36	2.0652e-01	7.9281e-01	6.7884e-04	1.1755e-36	1.1755e-36	1.1755e-36	2.0018e-19	0.00e+00	0.00e+00	3.6753e+00
4.19878e+15	6.2911e+03	6.124e-18	1.6681e+03	1.4072e+03	2.6318e-10	1.9749e-01	8.0251e-01	5.3462e-01	4.6535e-01	2.6985e-05	9.4486e-12	2.1994e-02	9.3234e-01	4.5668e-02	1.1755e-36	2.3591e-01	7.6356e-01	5.2792e-04	1.1755e-36	1.1755e-36	1.1755e-36	3.2254e-19	0.00e+00	0.00e+00	4.1210e+00
4.42408e+15	6.3286e+03	5.932e-18	1.6681e+03	1.3475e+03	3.6464e-10	2.2994e-01	7.7006e-01	5.6720e-01	4.3278e-01	2.4638e-05	1.4138e-11	2.2105e-02	9.3735e-01	4.0548e-02	1.1755e-36	2.7259e-01	7.2701e-01	3.9696e-04	1.1755e-36	1.1755e-36	1.1755e-36	5.5111e-19	0.00e+00	0.00e+00	4.6934e+00
4.64903e+15	6.3531e+03	5.661e-18	1.6681e+03	1.2765e+03	5.2531e-10	2.6967e-01	7.3033e-01	6.0039e-01	3.9959e-01	2.2560e-05	2.1764e-11	2.1908e-02	9.4234e-01	3.5757e-02	1.1755e-36	3.1674e-01	6.8297e-01	2.9094e-04	1.1755e-36	1.1755e-36	1.1755e-36	9.8194e-19	0.00e+00	0.00e+00	5.3001e+00
4.83259e+15	6.3556e+03	5.360e-18	1.6681e+03	1.2074e+03	7.3520e-10	3.0869e-01	6.9131e-01	6.2783e-01	3.7215e-01	2.1056e-05	3.1663e-11	2.1456e-02	9.4645e-01	3.2096e-02	1.1755e-36	3.5931e-01	6.4047e-01	2.2088e-04	1.1755e-36	1.1755e-36	1.1755e-36	1.6280e-18	0.00e+00	0.00e+00	5.7992e+00
4.96304e+15	6.3405e+03	5.095e-18	1.6681e+03	1.1523e+03	9.5657e-10	3.4008e-01	6.5992e-01	6.4740e-01	3.5258e-01	2.0073e-05	4.1731e-11	2.0959e-02	9.4942e-01	2.9620e-02	1.1755e-36	3.9301e-01	6.0681e-01	1.7951e-04	1.1755e-36	1.1755e-36	1.1755e-36	2.3652e-18	0.00e+00	0.00e+00	6.1840e+00
5.06160e+15	6.3161e+03	4.865e-18	1.6681e+03	1.1075e+03	1.1841e-09	3.6562e-01	6.3438e-01	6.6235e-01	3.3763e-01	1.9345e-05	5.1601e-11	2.0488e-02	9.5171e-01	2.7803e-02	1.1755e-36	4.2008e-01	5.7977e-01	1.5254e-04	1.1755e-36	1.1755e-36	1.1755e-36	3.1506e-18	0.00e+00	0.00e+00	6.5295e+00
5.15085e+15	6.2830e+03	4.636e-18	1.6681e+03	1.0647e+03	1.4538e-09	3.9009e-01	6.0991e-01	6.7596e-01	3.2403e-01	1.8701e-05	6.2706e-11	1.9991e-02	9.5382e-01	2.6194e-02	1.1755e-36	4.4571e-01	5.5415e-01	1.3097e-04	1.1755e-36	1.1755e-36	1.1755e-36	4.0988e-18	0.00e+00	0.00e+00	6.8943e+00
5.23945e+15	6.2495e+03	4.390e-18	1.6681e+03	1.0203e+03	1.7830e-09	4.1526e-01	5.8474e-01	6.8912e-01	3.1086e-01	1.8125e-05	7.6010e-11	1.9424e-02	9.5590e-01	2.4678e-02	1.1755e-36	4.7179e-01	5.2810e-01	1.1222e-04	1.1755e-36	1.1755e-36	1.1755e-36	5.3217e-18	0.00e+00	0.00e+00	7.2809e+00
5.32428e+15	6.1897e+03	4.148e-18	1.6681e+03	9.7625e+02	2.2339e-09	4.4090e-01	5.5910e-01	7.0179e-01	2.9819e-01	1.7566e-05	9.1931e-11	1.8836e-02	9.5792e-01	2.3248e-02	1.1755e-36	4.9807e-01	5.0183e-01	9.6423e-05	1.1755e-36	1.1755e-36	1.1755e-36	6.8901e-18	0.00e+00	0.00e+00	7.6583e+00
5.40091e+15	6.1348e+03	3.918e-18	1.6681e+03	9.3507e+02	2.7401e-09	4.6460e-01	5.3540e-01	7.1288e-01	2.8710e-01	1.7118e-05	1.0900e-10	1.8251e-02	9.5972e-01	2.2026e-02	1.1755e-36	5.2209e-01	4.7783e-01	8.3878e-05	1.1755e-36	1.1755e-36	1.1755e-36	8.6989e-18	0.00e+00	0.00e+00	8.0106e+00
5.46959e+15	6.0775e+03	3.706e-18	1.6681e+03	8.9729e+02	3.3194e-09	4.8639e-01	5.1361e-01	7.2269e-01	2.7730e-01	1.6735e-05	1.2708e-10	1.7692e-02	9.6134e-01	2.0965e-02	1.1755e-36	5.4395e-01	4.5598e-01	7.3853e-05	1.1755e-36	1.1755e-36	1.1755e-36	1.0745e-17	0.00e+00	0.00e+00	8.3455e+00
5.53334e+15	6.0112e+03	3.509e-18	1.6681e+03	8.6262e+02	4.0305e-09	5.0749e-01	4.9251e-01	7.3196e-01	2.6802e-01	1.6352e-05	1.4744e-10	1.7171e-02	9.6286e-01	1.9973e-02	1.1755e-36	5.6493e-01	4.3501e-01	6.5383e-05	1.1755e-36	1.1755e-36	1.1755e-36	1.3208e-17	0.00e+00	0.00e+00	8.6775e+00
5.59531e+15	5.9447e+03	3.312e-18	1.6681e+03	8.2730e+02	4.8723e-09	5.2786e-01	4.7214e-01	7.4058e-01	2.5941e-01	1.6037e-05	1.6959e-10	1.6616e-02	9.6432e-01	1.9068e-02	1.1755e-36	5.8499e-01	4.1495e-01	5.8052e-05	1.1755e-36	1.1755e-36	1.1755e-36	1.6060e-17	0.00e+00	0.00e+00	9.0213e+00
5.64595e+15	5.8940e+03	3.153e-18	1.6681e+03	7.9792e+02	5.6454e-09	5.4380e-01	4.5620e-01	7.4680e-01	2.5319e-01	1.5869e-05	1.8851e-10	1.6134e-02	9.6545e-01	1.8421e-02	1.1755e-36	6.0056e-01	3.9939e-01	5.2886e-05	1.1755e-36	1.1755e-36	1.1755e-36	1.8657e-17	0.00e+00	0.00e+00	9.2472e+00
5.68156e+15	5.8482e+03	3.043e-18	1.6681e+03	7.7823e+02	6.3521e-09	5.5575e-01	4.4425e-01	7.5163e-01	2.4835e-01	1.5689e-05	2.0473e-10	1.5815e-02	9.6626e-01	1.7927e-02	1.1755e-36	6.1216e-01	3.8779e-01	4.9355e-05	1.1755e-36	1.1755e-36	1.1755e-36	2.0991e-17	0.00e+00	0.00e+00	9.4331e+00
5.71429e+15	5.8049e+03	2.939e-18	1.6681e+03	7.5886e+02	7.0840e-09	5.6654e-01	4.3346e-01	7.5595e-01	2.4403e-01	1.5550e-05	2.2021e-10	1.5494e-02	9.6702e-01	1.7486e-02	1.1755e-36	6.2259e-01	3.7737e-01	4.6293e-05	1.1755e-36	1.1755e-36	1.1755e-36	2.3291e-17	0.00e+00	0.00e+00	9.6342e+00
5.75080e+15	5.7510e+03	2.824e-18	1.6681e+03	7.3756e+02	8.0632e-09	5.7884e-01	4.2116e-01	7.6089e-01	2.3910e-01	1.5377e-05	2.3961e-10	1.5140e-02	9.6787e-01	1.6986e-02	1.1755e-36	6.3442e-01	3.6554e-01	4.3034e-05	1.1755e-36	1.1755e-36	1.1755e-36	2.6307e-17	0.00e+00	0.00e+00	9.8739e+00
5.79050e+15	5.6956e+03	2.701e-18	1.6681e+03	7.1476e+02	9.2465e-09	5.9199e-01	4.0801e-01	7.6601e-01	2.3397e-01	1.5212e-05	2.6226e-10	1.4753e-02	9.6878e-01	1.6472e-02	1.1755e-36	6.4699e-01	3.5297e-01	3.9771e-05	1.1755e-36	1.1755e-36	1.1755e-36	3.0026e-17	0.00e+00	0.00e+00	1.0124e+01
5.82956e+15	5.6355e+03	2.582e-18	1.6681e+03	6.9244e+02	1.0653e-08	6.0493e-01	3.9507e-01	7.7096e-01	2.2902e-01	1.5055e-05	2.8687e-10	1.4371e-02	9.6965e-01	1.5978e-02	1.1755e-36	6.5929e-01	3.4067e-01	3.6797e-05	1.1755e-36	1.1755e-36	1.1755e-36	3.4311e-17	0.00e+00	0.00e+00	1.0366e+01
5.86296e+15	5.5781e+03	2.485e-18	1.6681e+03	6.7393e+02	1.2120e-08	6.1607e-01	3.8393e-01	7.7514e-01	2.2485e-01	1.4913e-05	3.1043e-10	1.4055e-02	9.7038e-01	1.5565e-02	1.1755e-36	6.6984e-01	3.3012e-01	3.4439e-05	1.1755e-36	1.1755e-36	1.1755e-36	3.8679e-17	0.00e+00	0.00e+00	1.0553e+01
5.88925e+15	5.5380e+03	2.408e-18	1.6681e+03	6.5923e+02	1.3333e-08	6.2458e-01	3.7542e-01	7.7830e-01	2.2169e-01	1.4822e-05	3.2961e-10	1.3797e-02	9.7095e-01	1.5257e-02	1.1755e-36	6.7784e-01	3.2213e-01	3.2691e-05	1.1755e-36	1.1755e-36	1.1755e-36	4.2402e-17	0.00e+00	0.00e+00	1.0709e+01
5.91423e+15	5.4938e+03	2.334e-18	1.6681e+03	6.4461e+02	1.4712e-08	6.3270e-01	3.6730e-01	7.8130e-01	2.1868e-01	1.4741e-05	3.4909e-10	1.3540e-02	9.7150e-01	1.4959e-02	1.1755e-36	6.8547e-01	3.1450e-01	3.1084e-05	1.1755e-36	1.1755e-36	1.1755e-36	4.6347e-17	0.00e+00	0.00e+00	1.0884e+01
5.94125e+15	5.4419e+03	2.256e-18	1.6681e+03	6.2926e+02	1.6475e-08	6.4164e-01	3.5836e-01	7.8470e-01	2.1529e-01	1.4628e-05	3.7280e-10	1.3272e-02	9.7210e-01	1.4633e-02	1.1755e-36	6.9383e-01	3.0614e-01	2.9413e-05	1.1755e-36	1.1755e-36	1.1755e-36	5.1390e-17	0.00e+00	0.00e+00	1.1072e+01
5.96823e+15	5.3900e+03	2.181e-18	1.6681e+03	6.1468e+02	1.8469e-08	6.5061e-01	3.4939e-01	7.8808e-01	2.1191e-01	1.4507e-05	3.9904e-10	1.3016e-02	9.7267e-01	1.4311e-02	1.1755e-36	7.0219e-01	2.9778e-01	2.7824e-05	1.1755e-36	1.1755e-36	1.1755e-36	5.7307e-17	0.00e+00	0.00e+00	1.1251e+01
5.99334e+15	5.3474e+03	2.110e-18	1.6681e+03	6.0039e+02	2.0362e-08	6.5838e-01	3.4162e-01	7.9084e-01	2.0914e-01	1.4450e-05	4.2243e-10	1.2758e-02	9.7320e-01	1.4042e-02	1.1755e-36	7.0940e-01	2.9057e-01	2.6467e-05	1.1755e-36	1.1755e-36	1.1755e-36	6.2870e-17	0.00e+00	0.00e+00	1.1418e+01
6.01840e+15	5.2903e+03	2.043e-18	1.6681e+03	5.8680e+02	2.2952e-08	6.6682e-01	3.3318e-01	7.9407e-01	2.0591e-01	1.4322e-05	4.5198e-10	1.2520e-02	9.7374e-01	1.3742e-02	1.1755e-36	7.1721e-01	2.8276e-01	2.5106e-05	1.1755e-36	1.1755e-36	1.1755e-36	7.0334e-17	0.00e+00	0.00e+00	1.1601e+01
6.04289e+15	5.2512e+03	1.976e-18	1.6681e+03	5.7313e+02	2.5178e-08	6.7411e-01	3.2589e-01	7.9659e-01	2.0340e-01	1.4287e-05	4.7754e-10	1.2268e-02	9.7423e-01	1.3497e-02	1.1755e-36	7.2393e-01	2.7605e-01	2.3917e-05	1.1755e-36	1.1755e-36	1.1755e-36	7.7146e-17	0.00e+00	0.00e+00	1.1764e+01
6.06742e+15	5.1956e+03	1.911e-18	1.6681e+03	5.5965e+02	2.8325e-08	6.8203e-01	3.1797e-01	7.9956e-01	2.0042e-01	1.4187e-05	5.0993e-10	1.2028e-02	9.7475e-01	1.3222e-02	1.1755e-36	7.3121e-01	2.6877e-01	2.2722e-05	1.1755e-36	1.1755e-36	1.1755e-36	8.6349e-17	0.00e+00	0.00e+00	1.1951e+01
6.09215e+15	5.1374e+03	1.849e-18	1.6681e+03	5.4674e+02	3.2043e-08	6.9006e-01	3.0994e-01	8.0255e-01	1.9744e-01	1.4074e-05	5.4673e-10	1.1798e-02	9.7525e-01	1.2950e-02	1.1755e-36	7.3856e-01	2.6141e-01	2.1578e-05	1.1755e-36	1.1755e-36	1.1755e-36	9.7599e-17	0.00e+00	0.00e+00	1.2121e+01
6.11396e+15	5.0951e+03	1.794e-18	1.6681e+03	5.3515e+02	3.5256e-08	6.9661e-01	3.0339e-01	8.0487e-01	1.9512e-01	1.4021e-05	5.7817e-10	1.1585e-02	9.7568e-01	1.2734e-02	1.1755e-36	7.4454e-01	2.5544e-01	2.0646e-05	1.1755e-36	1.1755e-36	1.1755e-36	1.0781e-16	0.00e+00	0.00e+00	1.2270e+01
6.13514e+15	5.0474e+03	1.740e-18	1.6681e+03	5.2361e+02	3.9092e-08	7.0307e-01	2.9693e-01	8.0723e-01	1.9276e-01	1.3958e-05	6.1270e-10	1.1374e-02	9.7611e-01	1.2518e-02	1.1755e-36	7.5043e-01	2.4955e-01	1.9760e-05	1.1755e-36	1.1755e-36	1.1755e-36	1.1977e-16	0.00e+00	0.00e+00	1.2434e+01
6.15751e+15	4.9898e+03	1.686e-18	1.6681e+03	5.1206e+02	4.4161e-08	7.1019e-01	2.8981e-01	8.0990e-01	1.9009e-01	1.3855e-05	6.5634e-10	1.1167e-02	9.7656e-01	1.2276e-02	1.1755e-36	7.5690e-01	2.4308e-01	1.8845e-05	1.1755e-36	1.1755e-36	1.1755e-36	1.3591e-16	0.00e+00	0.00e+00	1.2603e+01
6.17864e+15	4.9456e+03	1.636e-18	1.6681e+03	5.0084e+02	4.8725e-08	7.1624e-01	2.8376e-01	8.1199e-01	1.8800e-01	1.3821e-05	6.9324e-10	1.0959e-02	9.7697e-01	1.2067e-02	1.1755e-36	7.6238e-01	2.3760e-01	1.8060e-05	1.1755e-36	1.1755e-36	1.1755e-36	1.5000e-16	0.00e+00	0.00e+00	1.2751e+01
6.19898e+15	4.8897e+03	1.589e-18	1.6681e+03	4.9047e+02	5.4832e-08	7.2265e-01	2.7735e-01	8.1443e-01	1.8556e-01	1.3721e-05	7.3936e-10	1.0773e-02	9.7739e-01	1.1835e-02	1.1755e-36	7.6817e-01	2.3181e-01	1.7292e-05	1.1755e-36	1.1755e-36	1.1755e-36	1.6871e-16	0.00e+00	0.00e+00	1.2911e+01
6.21891e+15	4.8474e+03	1.543e-18	1.6681e+03	4.8014e+02	6.0344e-08	7.2825e-01	2.7175e-01	8.1637e-01	1.8362e-01	1.3690e-05	7.8019e-10	1.0580e-02	9.7778e-01	1.1642e-02	1.1755e-36	7.7321e-01	2.2678e-01	1.6609e-05	1.1755e-36	1.1755e-36	1.1755e-36	1.8640e-16	0.00e+00	0.00e+00	1.3056e+01
6.23866e+15	4.7928e+03	1.498e-18	1.6681e+03	4.6998e+02	6.7828e-08	7.3419e-01	2.6581e-01	8.1860e-01	1.8139e-01	1.3612e-05	8.3078e-10	1.0396e-02	9.7818e-01	1.1428e-02	1.1755e-36	7.7855e-01	2.2143e-01	1.5929e-05	1.1755e-36	1.1755e-36	1.1755e-36	2.0985e-16	0.00e+00	0.00e+00	1.3215e+01
6.25834e+15	4.7414e+03	1.456e-18	1.6681e+03	4.6039e+02	7.5976e-08	7.4001e-01	2.5999e-01	8.2076e-01	1.7922e-01	1.3534e-05	8.8519e-10	1.0221e-02	9.7856e-01	1.1222e-02	1.1755e-36	7.8379e-01	2.1620e-01	1.5281e-05	1.1755e-36	1.1755e-36	1.1755e-36	2.3680e-16	0.00e+00	0.00e+00	1.3361e+01
6.27642e+15	4.6989e+03	1.417e-18	1.6681e+03	4.5134e+02	8.3679e-08	7.4502e-01	2.5498e-01	8.2254e-01	1.7744e-01	1.3496e-05	9.3454e-10	1.0052e-02	9.7890e-01	1.1049e-02	1.1755e-36	7.8826e-01	2.1173e-01	1.4725e-05	1.1755e-36	1.1755e-36	1.1755e-36	2.6298e-16	0.00e+00	0.00e+00	1.3498e+01
6.29462e+15	4.6466e+03	1.378e-18	1.6681e+03	4.4225e+02	9.3897e-08	7.5033e-01	2.4967e-01	8.2454e-01	1.7545e-01	1.3426e-05	9.9493e-10	9.8868e-03	9.7925e-01	1.0859e-02	1.1755e-36	7.9299e-01	2.0700e-01	1.4169e-05	1.1755e-36	1.1755e-36	1.1755e-36	2.9743e-16	0.00e+00	0.00e+00	1.3648e+01
6.31280e+15	4.5966e+03	1.341e-18	1.6681e+03	4.3362e+02	1.0509e-07	7.5555e-01	2.4445e-01	8.2649e-01	1.7349e-01	1.3354e-05	1.0603e-09	9.7294e-03	9.7960e-01	1.0675e-02	1.1755e-36	7.9764e-01	2.0234e-01	1.3634e-05	1.1755e-36	1.1755e-36	1.1755e-36	3.3736e-16	0.00e+00	0.00e+00	1.3786e+01
6.32969e+15	4.5535e+03	1.307e-18	1.6681e+03	4.2542e+02	1.1606e-07	7.6011e-01	2.3989e-01	8.2815e-01	1.7184e-01	1.3314e-05	1.1216e-09	9.5770e-03	9.7991e-01	1.0516e-02	1.1755e-36	8.0170e-01	1.9828e-01	1.3166e-05	1.1755e-36	1.1755e-36	1.1755e-36	3.7756e-16	0.00e+00	0.00e+00	1.3917e+01
6.34651e+15	4.5027e+03	1.273e-18	1.6681e+03	4.1749e+02	1.3025e-07	7.6497e-01	2.3503e-01	8.3002e-01	1.6996e-01	1.3235e-05	1.1971e-09	9.4338e-03	9.8022e-01	1.0342e-02	1.1755e-36	8.0601e-01	1.9398e-01	1.2698e-05	1.1755e-36	1.1755e-36	1.1755e-36	4.3075e-16	0.00e+00	0.00e+00	1.4057e+01
6.36310e+15	4.4599e+03	1.241e-18	1.6681e+03	4.0958e+02	1.4405e-07	7.6932e-01	2.3068e-01	8.3160e-01	1.6839e-01	1.3199e-05	1.2686e-09	9.2866e-03	9.8052e-01	1.0191e-02	1.1755e-36	8.0987e-01	1.9012e-01	1.2271e-05	1.1755e-36	1.1755e-36	1.1755e-36	4.8495e-16	0.00e+00	0.00e+00	1.4185e+01
6.37933e+15	4.4093e+03	1.210e-18	1.6681e+03	4.0210e+02	1.6191e-07	7.7392e-01	2.2608e-01	8.3339e-01	1.6660e-01	1.3122e-05	1.3568e-09	9.1520e-03	9.8082e-01	1.0027e-02	1.1755e-36	8.1392e-01	1.8606e-01	1.1848e-05	1.1755e-36	1.1755e-36	1.1755e-36	5.5694e-16	0.00e+00	0.00e+00	1.4320e+01
6.39512e+15	4.3702e+03	1.181e-18	1.6681e+03	3.9475e+02	1.7803e-07	7.7788e-01	2.2212e-01	8.3481e-01	1.6518e-01	1.3097e-05	1.4356e-09	9.0137e-03	9.8110e-01	9.8897e-03	1.1755e-36	8.1743e-01	1.8256e-01	1.1471e-05	1.1755e-36	1.1755e-36	1.1755e-36	6.2595e-16	0.00e+00	0.00e+00	1.4444e+01
6.41093e+15	4.3194e+03	1.152e-18	1.6681e+03	3.8735e+02	2.0057e-07	7.8219e-01	2.1781e-01	8.3648e-01	1.6351e-01	1.3032e-05	1.5380e-09	8.8803e-03	9.8138e-01	9.7357e-03	1.1755e-36	8.2122e-01	1.7877e-01	1.1089e-05	1.1755e-36	1.1755e-36	1.1755e-36	7.2316e-16	0.00e+00	0.00e+00	1.4580e+01
6.42662e+15	4.2729e+03	1.124e-18	1.6681e+03	3.8048e+02	2.2447e-07	7.8638e-01	2.1362e-01	8.3809e-01	1.6190e-01	1.2967e-05	1.6468e-09	8.7557e-03	9.8166e-01	9.5888e-03	1.1755e-36	8.2490e-01	1.7509e-01	1.0725e-05	1.1755e-36	1.1755e-36	1.1755e-36	8.3414e-16	0.00e+00	0.00e+00	1.4703e+01
6.44094e+15	4.2333e+03	1.099e-18	1.6681e+03	3.7400e+02	2.4743e-07	7.8994e-01	2.1006e-01	8.3941e-01	1.6058e-01	1.2934e-05	1.7474e-09	8.6355e-03	9.8190e-01	9.4642e-03	1.1755e-36	8.2803e-01	1.7195e-01	1.0411e-05	1.1755e-36	1.1755e-36	1.1755e-36	9.4513e-16	0.00e+00	0.00e+00	1.4818e+01
6.45534e+15	4.1850e+03	1.074e-18	1.6681e+03	3.6770e+02	2.7837e-07	7.9387e-01	2.0613e-01	8.4100e-01	1.5898e-01	1.2856e-05	1.8783e-09	8.5243e-03	9.8215e-01	9.3230e-03	1.1755e-36	8.3147e-01	1.6852e-01	1.0087e-05	1.1755e-36	1.1755e-36	1.1755e-36	1.1005e-15	0.00e+00	0.00e+00	1.4943e+01
6.46954e+15	4.1485e+03	1.050e-18	1.6681e+03	3.6140e+02	3.0553e-07	7.9721e-01	2.0279e-01	8.4221e-01	1.5778e-01	1.2838e-05	1.9925e-09	8.4058e-03	9.8239e-01	9.2076e-03	1.1755e-36	8.3440e-01	1.6559e-01	9.7992e-06	1.1755e-36	1.1755e-36	1.1755e-36	1.2468e-15	0.00e+00	0.00e+00	1.5056e+01
6.48383e+15	4.1002e+03	1.026e-18	1.6681e+03	3.5506e+02	3.4437e-07	8.0091e-01	1.9909e-01	8.4370e-01	1.5629e-01	1.2774e-05	2.1463e-09	8.2932e-03	9.8263e-01	9.0740e-03	1.1755e-36	8.3764e-01	1.6235e-01	9.5008e-06	1.1755e-36	1.1755e-36	1.1755e-36	1.4603e-15	0.00e+00	0.00e+00	1.5184e+01
6.49810e+15	4.0560e+03	1.003e-18	1.6681e+03	3.4915e+02	3.8555e-07	8.0453e-01	1.9547e-01	8.4513e-01	1.5486e-01	1.2711e-05	2.3102e-09	8.1875e-03	9.8287e-01	8.9466e-03	1.1755e-36	8.4079e-01	1.5920e-01	9.2144e-06	1.1755e-36	1.1755e-36	1.1755e-36	1.7058e-15	0.00e+00	0.00e+00	1.5297e+01
6.51109e+15	4.0189e+03	9.822e-19	1.6681e+03	3.4357e+02	4.2441e-07	8.0757e-01	1.9243e-01	8.4628e-01	1.5371e-01	1.2682e-05	2.4604e-09	8.0847e-03	9.8308e-01	8.8398e-03	1.1755e-36	8.4345e-01	1.5654e-01	8.9685e-06	1.1755e-36	1.1755e-36	1.1755e-36	1.9495e-15	0.00e+00	0.00e+00	1.5404e+01
6.52423e+15	3.9749e+03	9.614e-19	1.6681e+03	3.3794e+02	4.7525e-07	8.1084e-01	1.8916e-01	8.4760e-01	1.5239e-01	1.2626e-05	2.6496e-09	7.9849e-03	9.8329e-01	8.7227e-03	1.1755e-36	8.4629e-01	1.5370e-01	8.7185e-06	1.1755e-36	1.1755e-36	1.1755e-36	2.2815e-15	0.00e+00	0.00e+00	1.5521e+01
###########################
1.33861e+12	6.5942e+03	7.887e-18	1.6681e+03	1.6966e+03	1.0731e-11	5.3277e-02	9.4672e-01	2.3574e-01	7.6418e-01	8.3171e-05	3.5423e-13	1.3007e-02	8.3933e-01	1.4766e-01	1.4230e-06	6.5007e-02	9.2956e-01	5.4369e-03	1.1755e-36	1.1755e-36	1.1755e-36	4.9269e-21	0.00e+00	0.00e+00	1.5026e-03
8.03168e+12	6.5840e+03	7.853e-18	1.6681e+03	1.6914e+03	1.0762e-11	5.3109e-02	9.4689e-01	2.3547e-01	7.6445e-01	8.3313e-05	3.5063e-13	1.2932e-02	8.3922e-01	1.4785e-01	1.4297e-06	6.4808e-02	9.2974e-01	5.4535e-03	1.1755e-36	1.1755e-36	1.1755e-36	4.8436e-21	0.00e+00	0.00e+00	7.4940e-03
3.48040e+13	6.5774e+03	7.793e-18	1.6681e+03	1.6898e+03	1.0806e-11	5.3046e-02	9.4695e-01	2.3606e-01	7.6385e-01	8.2973e-05	3.4987e-13	1.2919e-02	8.3970e-01	1.4738e-01	1.4216e-06	6.4742e-02	9.2982e-01	5.4357e-03	1.1755e-36	1.1755e-36	1.1755e-36	4.8131e-21	0.00e+00	0.00e+00	3.1431e-02
1.41893e+14	6.5198e+03	7.673e-18	1.6681e+03	1.6881e+03	1.1690e-11	5.3726e-02	9.4627e-01	2.4051e-01	7.5941e-01	8.0672e-05	3.6217e-13	1.3057e-02	8.4272e-01	1.4422e-01	1.3590e-06	6.5611e-02	9.2910e-01	5.2852e-03	1.1755e-36	1.1755e-36	1.1755e-36	4.9699e-21	0.00e+00	0.00e+00	1.2841e-01
3.38937e+14	6.3494e+03	7.292e-18	1.6681e+03	1.6885e+03	1.3268e-11	5.3039e-02	9.4696e-01	2.4556e-01	7.5437e-01	7.7648e-05	3.5506e-13	1.3038e-02	8.4655e-01	1.4041e-01	1.3119e-06	6.4879e-02	9.2989e-01	5.2318e-03	1.1755e-36	1.1755e-36	1.1755e-36	4.6589e-21	0.00e+00	0.00e+00	2.5287e-01
5.48473e+14	6.2005e+03	6.981e-18	1.6681e+03	1.6883e+03	1.5091e-11	5.2760e-02	9.4724e-01	2.5080e-01	7.4913e-01	7.4794e-05	3.5344e-13	1.3075e-02	8.5031e-01	1.3661e-01	1.2572e-06	6.4635e-02	9.3023e-01	5.1325e-03	1.1755e-36	1.1755e-36	1.1755e-36	4.4774e-21	0.00e+00	0.00e+00	3.6198e-01
7.69233e+14	6.1124e+03	6.805e-18	1.6681e+03	1.6853e+03	1.7322e-11	5.4040e-02	9.4596e-01	2.5875e-01	7.4118e-01	7.1340e-05	3.7609e-13	1.3341e-02	8.5515e-01	1.3151e-01	1.1597e-06	6.6266e-02	9.2887e-01	4.8603e-03	1.1755e-36	1.1755e-36	1.1755e-36	4.7567e-21	0.00e+00	0.00e+00	5.0157e-01
1.05121e+15	6.0340e+03	6.651e-18	1.6681e+03	1.6804e+03	2.0693e-11	5.6574e-02	9.4343e-01	2.7057e-01	7.2937e-01	6.6903e-05	4.2166e-13	1.3800e-02	8.6164e-01	1.2456e-01	1.0256e-06	6.9430e-02	9.2612e-01	4.4512e-03	1.1755e-36	1.1755e-36	1.1755e-36	5.4198e-21	0.00e+00	0.00e+00	6.9154e-01
1.41777e+15	5.9659e+03	6.524e-18	1.6681e+03	1.6735e+03	2.6240e-11	6.1128e-02	9.3887e-01	2.8846e-01	7.1148e-01	6.1207e-05	5.1067e-13	1.4540e-02	8.7035e-01	1.1511e-01	8.5207e-07	7.5060e-02	9.2106e-01	3.8821e-03	1.1755e-36	1.1755e-36	1.1755e-36	6.8454e-21	0.00e+00	0.00e+00	9.5838e-01
1.85678e+15	5.9271e+03	6.409e-18	1.6681e+03	1.6572e+03	3.4555e-11	6.8080e-02	9.3192e-01	3.1216e-01	6.8778e-01	5.5060e-05	6.6339e-13	1.5532e-02	8.8032e-01	1.0414e-01	6.6833e-07	8.3591e-02	9.1319e-01	3.2217e-03	1.1755e-36	1.1755e-36	1.1755e-36	9.5098e-21	0.00e+00	0.00e+00	1.2909e+00
2.29675e+15	5.9288e+03	6.347e-18	1.6681e+03	1.6350e+03	4.5823e-11	7.7515e-02	9.2249e-01	3.3961e-01	6.6034e-01	4.9362e-05	9.0790e-13	1.6669e-02	8.9008e-01	9.3252e-02	5.0691e-07	9.5079e-02	9.0233e-01	2.5901e-03	1.1755e-36	1.1755e-36	1.1755e-36	1.4263e-20	0.00e+00	0.00e+00	1.6308e+00
2.71126e+15	5.9644e+03	6.337e-18	1.6681e+03	1.6102e+03	6.1616e-11	9.0205e-02	9.0980e-01	3.7135e-01	6.2861e-01	4.3993e-05	1.3160e-12	1.7937e-02	8.9960e-01	8.2466e-02	3.7064e-07	1.1041e-01	8.8757e-01	2.0164e-03	1.1755e-36	1.1755e-36	1.1755e-36	2.3239e-20	0.00e+00	0.00e+00	2.0230e+00
3.10668e+15	6.0288e+03	6.335e-18	1.6681e+03	1.5769e+03	8.3684e-11	1.0670e-01	8.9330e-01	4.0658e-01	5.9338e-01	3.9118e-05	1.9897e-12	1.9216e-02	9.0846e-01	7.2326e-02	2.6357e-07	1.3016e-01	8.6831e-01	1.5261e-03	1.1755e-36	1.1755e-36	1.1755e-36	4.0194e-20	0.00e+00	0.00e+00	2.4480e+00
3.45085e+15	6.1049e+03	6.328e-18	1.6681e+03	1.5385e+03	1.1310e-10	1.2632e-01	8.7368e-01	4.4170e-01	5.5826e-01	3.5118e-05	3.0252e-12	2.0319e-02	9.1603e-01	6.3654e-02	1.8800e-07	1.5342e-01	8.4543e-01	1.1510e-03	1.1755e-36	1.1755e-36	1.1755e-36	7.0287e-20	0.00e+00	0.00e+00	2.8608e+00
3.73250e+15	6.1756e+03	6.305e-18	1.6681e+03	1.4999e+03	1.5040e-10	1.4775e-01	8.5225e-01	4.7397e-01	5.2600e-01	3.1981e-05	4.4895e-12	2.1176e-02	9.2221e-01	5.6609e-02	1.3748e-07	1.7857e-01	8.2055e-01	8.8244e-04	1.1755e-36	1.1755e-36	1.1755e-36	1.1933e-19	0.00e+00	0.00e+00	3.2547e+00
3.97090e+15	6.2341e+03	6.250e-18	1.6681e+03	1.4599e+03	1.9838e-10	1.7090e-01	8.2910e-01	5.0412e-01	4.9585e-01	2.9349e-05	6.5170e-12	2.1792e-02	9.2748e-01	5.0729e-02	1.1755e-36	2.0543e-01	7.9389e-01	6.8562e-04	1.1755e-36	1.1755e-36	1.1755e-36	1.9668e-19	0.00e+00	0.00e+00	3.6574e+00
4.18985e+15	6.2865e+03	6.125e-18	1.6681e+03	1.4091e+03	2.6118e-10	1.9641e-01	8.0359e-01	5.3342e-01	4.6656e-01	2.7071e-05	9.3259e-12	2.2117e-02	9.3221e-01	4.5673e-02	1.1755e-36	2.3469e-01	7.6478e-01	5.3339e-04	1.1755e-36	1.1755e-36	1.1755e-36	3.1697e-19	0.00e+00	0.00e+00	4.1005e+00
4.41579e+15	6.3243e+03	5.935e-18	1.6681e+03	1.3497e+03	3.6197e-10	2.2875e-01	7.7125e-01	5.6604e-01	4.3394e-01	2.4710e-05	1.3962e-11	2.2253e-02	9.3721e-01	4.0534e-02	1.1755e-36	2.7126e-01	7.2834e-01	4.0104e-04	1.1755e-36	1.1755e-36	1.1755e-36	5.4207e-19	0.00e+00	0.00e+00	4.6732e+00
4.64254e+15	6.3494e+03	5.665e-18	1.6681e+03	1.2784e+03	5.2252e-10	2.6858e-01	7.3142e-01	5.9946e-01	4.0051e-01	2.2611e-05	2.1558e-11	2.2080e-02	9.4221e-01	3.5706e-02	1.1755e-36	3.1555e-01	6.8415e-01	2.9341e-04	1.1755e-36	1.1755e-36	1.1755e-36	9.6987e-19	0.00e+00	0.00e+00	5.2837e+00
4.82788e+15	6.3526e+03	5.363e-18	1.6681e+03	1.2089e+03	7.3332e-10	3.0788e-01	6.9212e-01	6.2715e-01	3.7283e-01	2.1092e-05	3.1479e-11	2.1641e-02	9.4634e-01	3.2016e-02	1.1755e-36	3.5844e-01	6.4134e-01	2.2222e-04	1.1755e-36	1.1755e-36	1.1755e-36	1.6164e-18	0.00e+00	0.00e+00	5.7860e+00
4.95917e+15	6.3380e+03	5.097e-18	1.6681e+03	1.1534e+03	9.5558e-10	3.3944e-01	6.6056e-01	6.4684e-01	3.5314e-01	2.0103e-05	4.1570e-11	2.1151e-02	9.4932e-01	2.9531e-02	1.1755e-36	3.9234e-01	6.0748e-01	1.8037e-04	1.1755e-36	1.1755e-36	1.1755e-36	2.3551e-18	0.00e+00	0.00e+00	6.1711e+00
5.05782e+15	6.3138e+03	4.868e-18	1.6681e+03	1.1086e+03	1.1831e-09	3.6499e-01	6.3501e-01	6.6179e-01	3.3819e-01	1.9375e-05	5.1421e-11	2.0684e-02	9.5160e-01	2.7717e-02	1.1755e-36	4.1942e-01	5.8043e-01	1.5325e-04	1.1755e-36	1.1755e-36	1.1755e-36	3.1392e-18	0.00e+00	0.00e+00	6.5155e+00
5.14696e+15	6.2811e+03	4.640e-18	1.6681e+03	1.0659e+03	1.4522e-09	3.8942e-01	6.1058e-01	6.7538e-01	3.2460e-01	1.8732e-05	6.2482e-11	2.0191e-02	9.5370e-01	2.6114e-02	1.1755e-36	4.4503e-01	5.5484e-01	1.3161e-04	1.1755e-36	1.1755e-36	1.1755e-36	4.0840e-18	0.00e+00	0.00e+00	6.8793e+00
5.23559e+15	6.2478e+03	4.394e-18	1.6681e+03	1.0215e+03	1.7809e-09	4.1460e-01	5.8540e-01	6.8855e-01	3.1143e-01	1.8155e-05	7.5756e-11	1.9626e-02	9.5577e-01	2.4601e-02	1.1755e-36	4.7111e-01	5.2878e-01	1.1276e-04	1.1755e-36	1.1755e-36	1.1755e-36	5.3048e-18	0.00e+00	0.00e+00	7.2660e+00
5.32060e+15	6.1881e+03	4.152e-18	1.6681e+03	9.7734e+02	2.2325e-09	4.4030e-01	5.5970e-01	7.0126e-01	2.9872e-01	1.7595e-05	9.1674e-11	1.9038e-02	9.5779e-01	2.3172e-02	1.1755e-36	4.9746e-01	5.0244e-01	9.6853e-05	1.1755e-36	1.1755e-36	1.1755e-36	6.8741e-18	0.00e+00	0.00e+00	7.6438e+00
5.39738e+15	6.1334e+03	3.922e-18	1.6681e+03	9.3606e+02	2.7394e-09	4.6405e-01	5.3595e-01	7.1237e-01	2.8761e-01	1.7146e-05	1.0875e-10	1.8452e-02	9.5960e-01	2.1952e-02	1.1755e-36	5.2154e-01	4.7838e-01	8.4227e-05	1.1755e-36	1.1755e-36	1.1755e-36	8.6854e-18	0.00e+00	0.00e+00	7.9962e+00
5.46613e+15	6.0762e+03	3.710e-18	1.6681e+03	8.9823e+02	3.3191e-09	4.8587e-01	5.1413e-01	7.2219e-01	2.7779e-01	1.6764e-05	1.2681e-10	1.7892e-02	9.6121e-01	2.0894e-02	1.1755e-36	5.4343e-01	4.5649e-01	7.4149e-05	1.1755e-36	1.1755e-36	1.1755e-36	1.0733e-17	0.00e+00	0.00e+00	8.3309e+00
5.52989e+15	6.0101e+03	3.513e-18	1.6681e+03	8.6354e+02	4.0301e-09	5.0698e-01	4.9302e-01	7.3147e-01	2.6852e-01	1.6381e-05	1.4715e-10	1.7368e-02	9.6273e-01	1.9906e-02	1.1755e-36	5.6443e-01	4.3550e-01	6.5643e-05	1.1755e-36	1.1755e-36	1.1755e-36	1.3197e-17	0.00e+00	0.00e+00	8.6626e+00
5.59186e+15	5.9438e+03	3.315e-18	1.6681e+03	8.2819e+02	4.8719e-09	5.2737e-01	4.7263e-01	7.4009e-01	2.5990e-01	1.6066e-05	1.6929e-10	1.6811e-02	9.6419e-01	1.9003e-02	1.1755e-36	5.8452e-01	4.1543e-01	5.8280e-05	1.1755e-36	1.1755e-36	1.1755e-36	1.6051e-17	0.00e+00	0.00e+00	9.0061e+00
5.64250e+15	5.8935e+03	3.156e-18	1.6681e+03	7.9880e+02	5.6427e-09	5.4331e-01	4.5669e-01	7.4630e-01	2.5368e-01	1.5899e-05	1.8816e-10	1.6331e-02	9.6531e-01	1.8361e-02	1.1755e-36	6.0008e-01	3.9986e-01	5.3095e-05	1.1755e-36	1.1755e-36	1.1755e-36	1.8645e-17	0.00e+00	0.00e+00	9.2317e+00
5.67809e+15	5.8476e+03	3.047e-18	1.6681e+03	7.7909e+02	6.3501e-09	5.5527e-01	4.4473e-01	7.5114e-01	2.4884e-01	1.5718e-05	2.0435e-10	1.6011e-02	9.6612e-01	1.7870e-02	1.1755e-36	6.1169e-01	3.8826e-01	4.9550e-05	1.1755e-36	1.1755e-36	1.1755e-36	2.0979e-17	0.00e+00	0.00e+00	9.4174e+00
5.71080e+15	5.8044e+03	2.942e-18	1.6681e+03	7.5972e+02	7.0815e-09	5.6606e-01	4.3394e-01	7.5547e-01	2.4452e-01	1.5580e-05	2.1981e-10	1.5689e-02	9.6688e-01	1.7430e-02	1.1755e-36	6.2213e-01	3.7782e-01	4.6476e-05	1.1755e-36	1.1755e-36	1.1755e-36	2.3281e-17	0.00e+00	0.00e+00	9.6182e+00
5.74728e+15	5.7507e+03	2.827e-18	1.6681e+03	7.3842e+02	8.0593e-09	5.7837e-01	4.2163e-01	7.6040e-01	2.3959e-01	1.5407e-05	2.3918e-10	1.5333e-02	9.6773e-01	1.6932e-02	1.1755e-36	6.3397e-01	3.6599e-01	4.3206e-05	1.1755e-36	1.1755e-36	1.1755e-36	2.6296e-17	0.00e+00	0.00e+00	9.8574e+00
5.78693e+15	5.6954e+03	2.704e-18	1.6681e+03	7.1562e+02	9.2405e-09	5.9151e-01	4.0849e-01	7.6552e-01	2.3446e-01	1.5243e-05	2.6177e-10	1.4944e-02	9.6864e-01	1.6420e-02	1.1755e-36	6.4654e-01	3.5342e-01	3.9932e-05	1.1755e-36	1.1755e-36	1.1755e-36	3.0011e-17	0.00e+00	0.00e+00	1.0107e+01
5.82596e+15	5.6355e+03	2.586e-18	1.6681e+03	6.9330e+02	1.0644e-08	6.0446e-01	3.9554e-01	7.7047e-01	2.2951e-01	1.5086e-05	2.8633e-10	1.4560e-02	9.6951e-01	1.5929e-02	1.1755e-36	6.5885e-01	3.4111e-01	3.6947e-05	1.1755e-36	1.1755e-36	1.1755e-36	3.4293e-17	0.00e+00	0.00e+00	1.0349e+01
5.85936e+15	5.5783e+03	2.488e-18	1.6681e+03	6.7477e+02	1.2109e-08	6.1561e-01	3.8439e-01	7.7465e-01	2.2533e-01	1.4944e-05	3.0984e-10	1.4241e-02	9.7024e-01	1.5519e-02	1.1755e-36	6.6940e-01	3.3056e-01	3.4579e-05	1.1755e-36	1.1755e-36	1.1755e-36	3.8659e-17	0.00e+00	0.00e+00	1.0536e+01
5.88567e+15	5.5382e+03	2.411e-18	1.6681e+03	6.5998e+02	1.3320e-08	6.2410e-01	3.7590e-01	7.7780e-01	2.2218e-01	1.4856e-05	3.2891e-10	1.3981e-02	9.7081e-01	1.5213e-02	1.1755e-36	6.7740e-01	3.2257e-01	3.2826e-05	1.1755e-36	1.1755e-36	1.1755e-36	4.2363e-17	0.00e+00	0.00e+00	1.0692e+01
5.91068e+15	5.4939e+03	2.337e-18	1.6681e+03	6.4539e+02	1.4705e-08	6.3228e-01	3.6772e-01	7.8083e-01	2.1915e-01	1.4772e-05	3.4855e-10	1.3723e-02	9.7136e-01	1.4914e-02	1.1755e-36	6.8508e-01	3.1489e-01	3.1204e-05	1.1755e-36	1.1755e-36	1.1755e-36	4.6347e-17	0.00e+00	0.00e+00	1.0867e+01
5.93769e+15	5.4422e+03	2.259e-18	1.6681e+03	6.3004e+02	1.6460e-08	6.4122e-01	3.5878e-01	7.8423e-01	2.1576e-01	1.4660e-05	3.7218e-10	1.3453e-02	9.7196e-01	1.4590e-02	1.1755e-36	6.9344e-01	3.0653e-01	2.9528e-05	1.1755e-36	1.1755e-36	1.1755e-36	5.1378e-17	0.00e+00	0.00e+00	1.1055e+01
5.96464e+15	5.3905e+03	2.184e-18	1.6681e+03	6.1545e+02	1.8448e-08	6.5019e-01	3.4981e-01	7.8761e-01	2.1238e-01	1.4539e-05	3.9833e-10	1.3195e-02	9.7253e-01	1.4270e-02	1.1755e-36	7.0180e-01	2.9817e-01	2.7934e-05	1.1755e-36	1.1755e-36	1.1755e-36	5.7285e-17	0.00e+00	0.00e+00	1.1233e+01
5.98978e+15	5.3475e+03	2.113e-18	1.6681e+03	6.0112e+02	2.0352e-08	6.5799e-01	3.4201e-01	7.9038e-01	2.0960e-01	1.4481e-05	4.2179e-10	1.2936e-02	9.7306e-01	1.4002e-02	1.1755e-36	7.0904e-01	2.9093e-01	2.6568e-05	1.1755e-36	1.1755e-36	1.1755e-36	6.2873e-17	0.00e+00	0.00e+00	1.1401e+01
6.01482e+15	5.2911e+03	2.046e-18	1.6681e+03	5.8752e+02	2.2920e-08	6.6641e-01	3.3359e-01	7.9360e-01	2.0639e-01	1.4356e-05	4.5114e-10	1.2695e-02	9.7360e-01	1.3704e-02	1.1755e-36	7.1683e-01	2.8314e-01	2.5205e-05	1.1755e-36	1.1755e-36	1.1755e-36	7.0293e-17	0.00e+00	0.00e+00	1.1582e+01
6.03931e+15	5.2512e+03	1.979e-18	1.6681e+03	5.7385e+02	2.5173e-08	6.7374e-01	3.2626e-01	7.9614e-01	2.0385e-01	1.4318e-05	4.7688e-10	1.2442e-02	9.7410e-01	1.3459e-02	1.1755e-36	7.2359e-01	2.7639e-01	2.4009e-05	1.1755e-36	1.1755e-36	1.1755e-36	7.7164e-17	0.00e+00	0.00e+00	1.1746e+01
6.06376e+15	5.1965e+03	1.914e-18	1.6681e+03	5.6041e+02	2.8280e-08	6.8161e-01	3.1839e-01	7.9910e-01	2.0089e-01	1.4219e-05	5.0891e-10	1.2200e-02	9.7461e-01	1.3187e-02	1.1755e-36	7.3084e-01	2.6913e-01	2.2812e-05	1.1755e-36	1.1755e-36	1.1755e-36	8.6270e-17	0.00e+00	0.00e+00	1.1932e+01
6.08841e+15	5.1387e+03	1.852e-18	1.6681e+03	5.4751e+02	3.1974e-08	6.8963e-01	3.1037e-01	8.0208e-01	1.9791e-01	1.4107e-05	5.4555e-10	1.1968e-02	9.7512e-01	1.2917e-02	1.1755e-36	7.3818e-01	2.6180e-01	2.1668e-05	1.1755e-36	1.1755e-36	1.1755e-36	9.7475e-17	0.00e+00	0.00e+00	1.2102e+01
6.11031e+15	5.0961e+03	1.796e-18	1.6681e+03	5.3583e+02	3.5198e-08	6.9622e-01	3.0378e-01	8.0440e-01	1.9558e-01	1.4055e-05	5.7702e-10	1.1753e-02	9.7555e-01	1.2702e-02	1.1755e-36	7.4419e-01	2.5579e-01	2.0728e-05	1.1755e-36	1.1755e-36	1.1755e-36	1.0770e-16	0.00e+00	0.00e+00	1.2251e+01
6.13158e+15	5.0451e+03	1.743e-18	1.6681e+03	5.2429e+02	3.9233e-08	7.0284e-01	2.9716e-01	8.0683e-01	1.9315e-01	1.3981e-05	6.1285e-10	1.1541e-02	9.7598e-01	1.2481e-02	1.1755e-36	7.5022e-01	2.4976e-01	1.9828e-05	1.1755e-36	1.1755e-36	1.1755e-36	1.2019e-16	0.00e+00	0.00e+00	1.2416e+01
6.15346e+15	4.9981e+03	1.690e-18	1.6681e+03	5.1276e+02	4.3551e-08	7.0940e-01	2.9060e-01	8.0922e-01	1.9077e-01	1.3919e-05	6.5124e-10	1.1328e-02	9.7641e-01	1.2266e-02	1.1755e-36	7.5618e-01	2.4380e-01	1.8954e-05	1.1755e-36	1.1755e-36	1.1755e-36	1.3437e-16	0.00e+00	0.00e+00	1.2577e+01
6.17513e+15	4.9432e+03	1.638e-18	1.6681e+03	5.0129e+02	4.8924e-08	7.1603e-01	2.8397e-01	8.1163e-01	1.8835e-01	1.3844e-05	6.9341e-10	1.1118e-02	9.7685e-01	1.2030e-02	1.1755e-36	7.6219e-01	2.3779e-01	1.8118e-05	1.1755e-36	1.1755e-36	1.1755e-36	1.5047e-16	0.00e+00	0.00e+00	1.2741e+01
6.19593e+15	4.8923e+03	1.590e-18	1.6681e+03	4.9077e+02	5.4649e-08	7.2235e-01	2.7765e-01	8.1395e-01	1.8604e-01	1.3767e-05	7.3757e-10	1.0925e-02	9.7727e-01	1.1808e-02	1.1755e-36	7.6790e-01	2.3209e-01	1.7348e-05	1.1755e-36	1.1755e-36	1.1755e-36	1.6841e-16	0.00e+00	0.00e+00	1.2892e+01
6.21529e+15	4.8472e+03	1.545e-18	1.6681e+03	4.8078e+02	6.0374e-08	7.2796e-01	2.7204e-01	8.1597e-01	1.8402e-01	1.3717e-05	7.7950e-10	1.0739e-02	9.7765e-01	1.1612e-02	1.1755e-36	7.7296e-01	2.2702e-01	1.6668e-05	1.1755e-36	1.1755e-36	1.1755e-36	1.8658e-16	0.00e+00	0.00e+00	1.3037e+01
6.23473e+15	4.7937e+03	1.502e-18	1.6681e+03	4.7103e+02	6.7760e-08	7.3392e-01	2.6608e-01	8.1822e-01	1.8177e-01	1.3630e-05	8.3042e-10	1.0561e-02	9.7804e-01	1.1400e-02	1.1755e-36	7.7831e-01	2.2167e-01	1.5991e-05	1.1755e-36	1.1755e-36	1.1755e-36	2.1014e-16	0.00e+00	0.00e+00	1.3191e+01
6.25385e+15	4.7487e+03	1.460e-18	1.6681e+03	4.6132e+02	7.4970e-08	7.3929e-01	2.6071e-01	8.2013e-01	1.7986e-01	1.3588e-05	8.7839e-10	1.0379e-02	9.7841e-01	1.1215e-02	1.1755e-36	7.8313e-01	2.1686e-01	1.5377e-05	1.1755e-36	1.1755e-36	1.1755e-36	2.3392e-16	0.00e+00	0.00e+00	1.3334e+01
6.27252e+15	4.6949e+03	1.420e-18	1.6681e+03	4.5215e+02	8.4313e-08	7.4492e-01	2.5508e-01	8.2227e-01	1.7771e-01	1.3501e-05	9.3695e-10	1.0212e-02	9.7877e-01	1.1014e-02	1.1755e-36	7.8816e-01	2.1182e-01	1.4773e-05	1.1755e-36	1.1755e-36	1.1755e-36	2.6500e-16	0.00e+00	0.00e+00	1.3483e+01
6.29063e+15	4.6521e+03	1.381e-18	1.6681e+03	4.4311e+02	9.2988e-08	7.4982e-01	2.5018e-01	8.2400e-01	1.7599e-01	1.3470e-05	9.8968e-10	1.0041e-02	9.7911e-01	1.0846e-02	1.1755e-36	7.9255e-01	2.0744e-01	1.4238e-05	1.1755e-36	1.1755e-36	1.1755e-36	2.9505e-16	0.00e+00	0.00e+00	1.3619e+01
6.30842e+15	4.6013e+03	1.344e-18	1.6681e+03	4.3431e+02	1.0414e-07	7.5493e-01	2.4507e-01	8.2592e-01	1.7407e-01	1.3405e-05	1.0533e-09	9.8788e-03	9.7946e-01	1.0665e-02	1.1755e-36	7.9710e-01	2.0289e-01	1.3712e-05	1.1755e-36	1.1755e-36	1.1755e-36	3.3391e-16	0.00e+00	0.00e+00	1.3765e+01
6.32622e+15	4.5517e+03	1.309e-18	1.6681e+03	4.2596e+02	1.1658e-07	7.6003e-01	2.3997e-01	8.2784e-01	1.7215e-01	1.3332e-05	1.1234e-09	9.7250e-03	9.7979e-01	1.0487e-02	1.1755e-36	8.0162e-01	1.9836e-01	1.3202e-05	1.1755e-36	1.1755e-36	1.1755e-36	3.7975e-16	0.00e+00	0.00e+00	1.3903e+01
6.34287e+15	4.5092e+03	1.276e-18	1.6681e+03	4.1796e+02	1.2873e-07	7.6447e-01	2.3553e-01	8.2945e-01	1.7054e-01	1.3294e-05	1.1889e-09	9.5747e-03	9.8009e-01	1.0333e-02	1.1755e-36	8.0557e-01	1.9441e-01	1.2755e-05	1.1755e-36	1.1755e-36	1.1755e-36	4.2587e-16	0.00e+00	0.00e+00	1.4032e+01
6.35946e+15	4.4572e+03	1.243e-18	1.6681e+03	4.1022e+02	1.4496e-07	7.6927e-01	2.3073e-01	8.3133e-01	1.6866e-01	1.3211e-05	1.2719e-09	9.4342e-03	9.8040e-01	1.0163e-02	1.1755e-36	8.0981e-01	1.9017e-01	1.2304e-05	1.1755e-36	1.1755e-36	1.1755e-36	4.8877e-16	0.00e+00	0.00e+00	1.4171e+01
6.37562e+15	4.4171e+03	1.212e-18	1.6681e+03	4.0255e+02	1.5956e-07	7.7338e-01	2.2662e-01	8.3277e-01	1.6721e-01	1.3188e-05	1.3451e-09	9.2885e-03	9.8069e-01	1.0023e-02	1.1755e-36	8.1345e-01	1.8654e-01	1.1906e-05	1.1755e-36	1.1755e-36	1.1755e-36	5.4858e-16	0.00e+00	0.00e+00	1.4295e+01
6.39158e+15	4.3678e+03	1.182e-18	1.6681e+03	3.9505e+02	1.7901e-07	7.7775e-01	2.2225e-01	8.3446e-01	1.6552e-01	1.3124e-05	1.4371e-09	9.1511e-03	9.8098e-01	9.8674e-03	1.1755e-36	8.1731e-01	1.8268e-01	1.1506e-05	1.1755e-36	1.1755e-36	1.1755e-36	6.2937e-16	0.00e+00	0.00e+00	1.4431e+01
6.40758e+15	4.3206e+03	1.153e-18	1.6681e+03	3.8793e+02	2.0044e-07	7.8209e-01	2.1791e-01	8.3613e-01	1.6386e-01	1.3058e-05	1.5378e-09	9.0205e-03	9.8126e-01	9.7158e-03	1.1755e-36	8.2113e-01	1.7886e-01	1.1119e-05	1.1755e-36	1.1755e-36	1.1755e-36	7.2449e-16	0.00e+00	0.00e+00	1.4558e+01
6.42242e+15	4.2805e+03	1.127e-18	1.6681e+03	3.8116e+02	2.2105e-07	7.8583e-01	2.1417e-01	8.3751e-01	1.6248e-01	1.3024e-05	1.6314e-09	8.8934e-03	9.8152e-01	9.5865e-03	1.1755e-36	8.2443e-01	1.7556e-01	1.0781e-05	1.1755e-36	1.1755e-36	1.1755e-36	8.1995e-16	0.00e+00	0.00e+00	1.4676e+01
6.43728e+15	4.2315e+03	1.101e-18	1.6681e+03	3.7457e+02	2.4876e-07	7.8992e-01	2.1008e-01	8.3915e-01	1.6084e-01	1.2947e-05	1.7522e-09	8.7749e-03	9.8178e-01	9.4412e-03	1.1755e-36	8.2801e-01	1.7198e-01	1.0436e-05	1.1755e-36	1.1755e-36	1.1755e-36	9.5268e-16	0.00e+00	0.00e+00	1.4804e+01
6.45188e+15	4.1931e+03	1.075e-18	1.6681e+03	3.6802e+02	2.7394e-07	7.9344e-01	2.0656e-01	8.4042e-01	1.5956e-01	1.2923e-05	1.8605e-09	8.6511e-03	9.8203e-01	9.3204e-03	1.1755e-36	8.3111e-01	1.6888e-01	1.0127e-05	1.1755e-36	1.1755e-36	1.1755e-36	1.0812e-15	0.00e+00	0.00e+00	1.4920e+01
6.46630e+15	4.1458e+03	1.051e-18	1.6681e+03	3.6155e+02	3.0777e-07	7.9720e-01	2.0280e-01	8.4190e-01	1.5809e-01	1.2865e-05	1.9983e-09	8.5337e-03	9.8228e-01	9.1875e-03	1.1755e-36	8.3439e-01	1.6560e-01	9.8185e-06	1.1755e-36	1.1755e-36	1.1755e-36	1.2584e-15	0.00e+00	0.00e+00	1.5046e+01
6.48064e+15	4.1015e+03	1.027e-18	1.6681e+03	3.5545e+02	3.4416e-07	8.0090e-01	1.9910e-01	8.4333e-01	1.5665e-01	1.2806e-05	2.1465e-09	8.4229e-03	9.8252e-01	9.0598e-03	1.1755e-36	8.3762e-01	1.6237e-01	9.5200e-06	1.1755e-36	1.1755e-36	1.1755e-36	1.4637e-15	0.00e+00	0.00e+00	1.5161e+01
6.49394e+15	4.0644e+03	1.005e-18	1.6681e+03	3.4966e+02	3.7884e-07	8.0409e-01	1.9591e-01	8.4452e-01	1.5547e-01	1.2778e-05	2.2848e-09	8.3149e-03	9.8273e-01	8.9506e-03	1.1755e-36	8.4042e-01	1.5957e-01	9.2570e-06	1.1755e-36	1.1755e-36	1.1755e-36	1.6707e-15	0.00e+00	0.00e+00	1.5271e+01
6.50747e+15	4.0186e+03	9.831e-19	1.6681e+03	3.4369e+02	4.2565e-07	8.0756e-01	1.9243e-01	8.4586e-01	1.5413e-01	1.2725e-05	2.4625e-09	8.2076e-03	9.8296e-01	8.8307e-03	1.1755e-36	8.4344e-01	1.5655e-01	8.9881e-06	1.1755e-36	1.1755e-36	1.1755e-36	1.9597e-15	0.00e+00	0.00e+00	1.5391e+01
6.52095e+15	3.9756e+03	9.616e-19	1.6681e+03	3.3796e+02	4.7636e-07	8.1105e-01	1.8895e-01	8.4713e-01	1.5285e-01	1.2679e-05	2.6555e-09	8.1044e-03	9.8318e-01	8.7171e-03	1.1755e-36	8.4647e-01	1.5352e-01	8.7232e-06	1.1755e-36	1.1755e-36	1.1755e-36	2.2998e-15	0.00e+00	0.00e+00	1.5501e+01
###########################
1.33861e+12	6.5942e+03	7.887e-18	1.6681e+03	1.6966e+03	1.0731e-11	5.3277e-02	9.4672e-01	2.3574e-01	7.6418e-01	8.3171e-05	3.5423e-13	1.3007e-02	8.3933e-01	1.4766e-01	1.4230e-06	6.5007e-02	9.2956e-01	5.4369e-03	1.1755e-36	1.1755e-36	1.1755e-36	4.9269e-21	0.00e+00	0.00e+00	1.5026e-03
8.03168e+12	6.5840e+03	7.853e-18	1.6681e+03	1.6914e+03	1.0762e-11	5.3109e-02	9.4689e-01	2.3547e-01	7.6445e-01	8.3313e-05	3.5063e-13	1.2932e-02	8.3922e-01	1.4785e-01	1.4297e-06	6.4808e-02	9.2974e-01	5.4535e-03	1.1755e-36	1.1755e-36	1.1755e-36	4.8436e-21	0.00e+00	0.00e+00	7.4940e-03
3.48040e+13	6.5774e+03	7.793e-18	1.6681e+03	1.6898e+03	1.0806e-11	5.3046e-02	9.4695e-01	2.3606e-01	7.6385e-01	8.2973e-05	3.4987e-13	1.2919e-02	8.3970e-01	1.4738e-01	1.4216e-06	6.4742e-02	9.2982e-01	5.4357e-03	1.1755e-36	1.1755e-36	1.1755e-36	4.8131e-21	0.00e+00	0.00e+00	3.1431e-02
1.41893e+14	6.5198e+03	7.673e-18	1.6681e+03	1.6881e+03	1.1690e-11	5.3726e-02	9.4627e-01	2.4051e-01	7.5941e-01	8.0672e-05	3.6217e-13	1.3057e-02	8.4272e-01	1.4422e-01	1.3590e-06	6.5611e-02	9.2910e-01	5.2852e-03	1.1755e-36	1.1755e-36	1.1755e-36	4.9699e-21	0.00e+00	0.00e+00	1.2841e-01
3.38937e+14	6.3494e+03	7.292e-18	1.6681e+03	1.6885e+03	1.3267e-11	5.3039e-02	9.4696e-01	2.4556e-01	7.5437e-01	7.7648e-05	3.5506e-13	1.3038e-02	8.4655e-01	1.4041e-01	1.3119e-06	6.4879e-02	9.2989e-01	5.2318e-03	1.1755e-36	1.1755e-36	1.1755e-36	4.6589e-21	0.00e+00	0.00e+00	2.5287e-01
5.48473e+14	6.2005e+03	6.981e-18	1.6681e+03	1.6883e+03	1.5091e-11	5.2760e-02	9.4724e-01	2.5080e-01	7.4913e-01	7.4794e-05	3.5344e-13	1.3075e-02	8.5031e-01	1.3661e-01	1.2572e-06	6.4635e-02	9.3023e-01	5.1325e-03	1.1755e-36	1.1755e-36	1.1755e-36	4.4774e-21	0.00e+00	0.00e+00	3.6198e-01
7.69233e+14	6.1124e+03	6.805e-18	1.6681e+03	1.6853e+03	1.7322e-11	5.4040e-02	9.4596e-01	2.5875e-01	7.4118e-01	7.1340e-05	3.7609e-13	1.3341e-02	8.5515e-01	1.3151e-01	1.1597e-06	6.6266e-02	9.2887e-01	4.8603e-03	1.1755e-36	1.1755e-36	1.1755e-36	4.7566e-21	0.00e+00	0.00e+00	5.0157e-01
1.05121e+15	6.0340e+03	6.651e-18	1.6681e+03	1.6804e+03	2.0693e-11	5.6574e-02	9.4343e-01	2.7057e-01	7.2937e-01	6.6903e-05	4.2166e-13	1.3800e-02	8.6164e-01	1.2456e-01	1.0256e-06	6.9430e-02	9.2612e-01	4.4512e-03	1.1755e-36	1.1755e-36	1.1755e-36	5.4198e-21	0.00e+00	0.00e+00	6.9154e-01
1.41777e+15	5.9659e+03	6.524e-18	1.6681e+03	1.6735e+03	2.6240e-11	6.1128e-02	9.3887e-01	2.8846e-01	7.1148e-01	6.1207e-05	5.1067e-13	1.4540e-02	8.7035e-01	1.1511e-01	8.5207e-07	7.5060e-02	9.2106e-01	3.8821e-03	1.1755e-36	1.1755e-36	1.1755e-36	6.8454e-21	0.00e+00	0.00e+00	9.5838e-01
1.85678e+15	5.9271e+03	6.409e-18	1.6681e+03	1.6572e+03	3.4554e-11	6.8080e-02	9.3192e-01	3.1216e-01	6.8778e-01	5.5060e-05	6.6339e-13	1.5532e-02	8.8032e-01	1.0414e-01	6.6834e-07	8.3591e-02	9.1319e-01	3.2217e-03	1.1755e-36	1.1755e-36	1.1755e-36	9.5097e-21	0.00e+00	0.00e+00	1.2909e+00
2.29675e+15	5.9288e+03	6.347e-18	1.6681e+03	1.6350e+03	4.5823e-11	7.7515e-02	9.2249e-01	3.3961e-01	6.6034e-01	4.9362e-05	9.0790e-13	1.6669e-02	8.9008e-01	9.3252e-02	5.0691e-07	9.5079e-02	9.0233e-01	2.5901e-03	1.1755e-36	1.1755e-36	1.1755e-36	1.4263e-20	0.00e+00	0.00e+00	1.6308e+00
2.71126e+15	5.9644e+03	6.337e-18	1.6681e+03	1.6102e+03	6.1616e-11	9.0205e-02	9.0980e-01	3.7135e-01	6.2861e-01	4.3993e-05	1.3160e-12	1.7937e-02	8.9960e-01	8.2466e-02	3.7064e-07	1.1041e-01	8.8757e-01	2.0164e-03	1.1755e-36	1.1755e-36	1.1755e-36	2.3239e-20	0.00e+00	0.00e+00	2.0230e+00
3.10668e+15	6.0288e+03	6.335e-18	1.6681e+03	1.5769e+03	8.3684e-11	1.0670e-01	8.9330e-01	4.0658e-01	5.9338e-01	3.9118e-05	1.9897e-12	1.9216e-02	9.0846e-01	7.2326e-02	2.6357e-07	1.3016e-01	8.6831e-01	1.5261e-03	1.1755e-36	1.1755e-36	1.1755e-36	4.0193e-20	0.00e+00	0.00e+00	2.4480e+00
3.45085e+15	6.1049e+03	6.328e-18	1.6681e+03	1.5385e+03	1.1310e-10	1.2632e-01	8.7368e-01	4.4170e-01	5.5826e-01	3.5118e-05	3.0252e-12	2.0319e-02	9.1603e-01	6.3654e-02	1.8800e-07	1.5342e-01	8.4543e-01	1.1510e-03	1.1755e-36	1.1755e-36	1.1755e-36	7.0287e-20	0.00e+00	0.00e+00	2.8608e+00
3.73250e+15	6.1756e+03	6.305e-18	1.6681e+03	1.4999e+03	1.5039e-10	1.4775e-01	8.5225e-01	4.7397e-01	5.2600e-01	3.1981e-05	4.4895e-12	2.1176e-02	9.2221e-01	5.6609e-02	1.3748e-07	1.7857e-01	8.2055e-01	8.8244e-04	1.1755e-36	1.1755e-36	1.1755e-36	1.1933e-19	0.00e+00	0.00e+00	3.2547e+00
3.97089e+15	6.2341e+03	6.250e-18	1.6681e+03	1.4599e+03	1.9838e-10	1.7090e-01	8.2910e-01	5.0412e-01	4.9585e-01	2.9349e-05	6.5169e-12	2.1792e-02	9.2748e-01	5.0729e-02	1.1755e-36	2.0543e-01	7.9389e-01	6.8563e-04	1.1755e-36	1.1755e-36	1.1755e-36	1.9668e-19	0.00e+00	0.00e+00	3.6574e+00
4.18985e+15	6.2865e+03	6.125e-18	1.6681e+03	1.4091e+03	2.6118e-10	1.9641e-01	8.0359e-01	5.3342e-01	4.6656e-01	2.7071e-05	9.3258e-12	2.2117e-02	9.3221e-01	4.5673e-02	1.1755e-36	2.3469e-01	7.6478e-01	5.3339e-04	1.1755e-36	1.1755e-36	1.1755e-36	3.1696e-19	0.00e+00	0.00e+00	4.1005e+00
4.41579e+15	6.3243e+03	5.935e-18	1.6681e+03	1.3497e+03	3.6196e-10	2.2875e-01	7.7125e-01	5.6604e-01	4.3394e-01	2.4710e-05	1.3962e-11	2.2253e-02	9.3721e-01	4.0534e-02	1.1755e-36	2.7126e-01	7.2834e-01	4.0104e-04	1.1755e-36	1.1755e-36	1.1755e-36	5.4206e-19	0.00e+00	0.00e+00	4.6732e+00
4.64254e+15	6.3494e+03	5.665e-18	1.6681e+03	1.2784e+03	5.2252e-10	2.6858e-01	7.3142e-01	5.9946e-01	4.0051e-01	2.2611e-05	2.1558e-11	2.2080e-02	9.4221e-01	3.5706e-02	1.1755e-36	3.1555e-01	6.8415e-01	2.9341e-04	1.1755e-36	1.1755e-36	1.1755e-36	9.6985e-19	0.00e+00	0.00e+00	5.2838e+00
4.82788e+15	6.3526e+03	5.363e-18	1.6681e+03	1.2089e+03	7.3331e-10	3.0788e-01	6.9212e-01	6.2715e-01	3.7283e-01	2.1092e-05	3.1479e-11	2.1641e-02	9.4634e-01	3.2016e-02	1.1755e-36	3.5844e-01	6.4134e-01	2.2222e-04	1.1755e-36	1.1755e-36	1.1755e-36	1.6163e-18	0.00e+00	0.00e+00	5.7860e+00
4.95917e+15	6.3380e+03	5.097e-18	1.6681e+03	1.1534e+03	9.5557e-10	3.3944e-01	6.6056e-01	6.4684e-01	3.5314e-01	2.0103e-05	4.1570e-11	2.1151e-02	9.4932e-01	2.9531e-02	1.1755e-36	3.9234e-01	6.0748e-01	1.8037e-04	1.1755e-36	1.1755e-36	1.1755e-36	2.3551e-18	0.00e+00	0.00e+00	6.1711e+00
5.05782e+15	6.3138e+03	4.868e-18	1.6681e+03	1.1086e+03	1.1831e-09	3.6499e-01	6.3501e-01	6.6179e-01	3.3819e-01	1.9375e-05	5.1420e-11	2.0684e-02	9.5160e-01	2.7717e-02	1.1755e-36	4.1942e-01	5.8043e-01	1.5325e-04	1.1755e-36	1.1755e-36	1.1755e-36	3.1391e-18	0.00e+00	0.00e+00	6.5155e+00
5.14696e+15	6.2811e+03	4.640e-18	1.6681e+03	1.0659e+03	1.4521e-09	3.8942e-01	6.1058e-01	6.7538e-01	3.2460e-01	1.8732e-05	6.2482e-11	2.0191e-02	9.5370e-01	2.6114e-02	1.1755e-36	4.4503e-01	5.5484e-01	1.3161e-04	1.1755e-36	1.1755e-36	1.1755e-36	4.0840e-18	0.00e+00	0.00e+00	6.8793e+00
5.23559e+15	6.2478e+03	4.394e-18	1.6681e+03	1.0215e+03	1.7809e-09	4.1460e-01	5.8540e-01	6.8855e-01	3.1143e-01	1.8155e-05	7.5755e-11	1.9626e-02	9.5577e-01	2.4601e-02	1.1755e-36	4.7111e-01	5.2878e-01	1.1276e-04	1.1755e-36	1.1755e-36	1.1755e-36	5.3047e-18	0.00e+00	0.00e+00	7.2660e+00
5.32060e+15	6.1881e+03	4.152e-18	1.6681e+03	9.7734e+02	2.2324e-09	4.4030e-01	5.5970e-01	7.0126e-01	2.9872e-01	1.7595e-05	9.1673e-11	1.9038e-02	9.5779e-01	2.3172e-02	1.1755e-36	4.9746e-01	5.0244e-01	9.6853e-05	1.1755e-36	1.1755e-36	1.1755e-36	6.8740e-18	0.00e+00	0.00e+00	7.6438e+00
5.39739e+15	6.1334e+03	3.922e-18	1.6681e+03	9.3606e+02	2.7393e-09	4.6405e-01	5.3595e-01	7.1237e-01	2.8761e-01	1.7146e-05	1.0874e-10	1.8452e-02	9.5960e-01	2.1952e-02	1.1755e-36	5.2154e-01	4.7838e-01	8.4227e-05	1.1755e-36	1.1755e-36	1.1755e-36	8.6852e-18	0.00e+00	0.00e+00	7.9962e+00
5.46614e+15	6.0762e+03	3.710e-18	1.6681e+03	8.9823e+02	3.3190e-09	4.8587e-01	5.1413e-01	7.2219e-01	2.7779e-01	1.6764e-05	1.2681e-10	1.7892e-02	9.6121e-01	2.0894e-02	1.1755e-36	5.4343e-01	4.5649e-01	7.4149e-05	1.1755e-36	1.1755e-36	1.1755e-36	1.0733e-17	0.00e+00	0.00e+00	8.3309e+00
5.52989e+15	6.0101e+03	3.513e-18	1.6681e+03	8.6354e+02	4.0300e-09	5.0698e-01	4.9302e-01	7.3147e-01	2.6852e-01	1.6381e-05	1.4715e-10	1.7368e-02	9.6273e-01	1.9906e-02	1.1755e-36	5.6443e-01	4.3550e-01	6.5643e-05	1.1755e-36	1.1755e-36	1.1755e-36	1.3197e-17	0.00e+00	0.00e+00	8.6626e+00
5.59187e+15	5.9438e+03	3.315e-18	1.6681e+03	8.2819e+02	4.8718e-09	5.2737e-01	4.7263e-01	7.4009e-01	2.5990e-01	1.6066e-05	1.6928e-10	1.6811e-02	9.6419e-01	1.9003e-02	1.1755e-36	5.8452e-01	4.1543e-01	5.8280e-05	1.1755e-36	1.1755e-36	1.1755e-36	1.6051e-17	0.00e+00	0.00e+00	9.0061e+00
5.64250e+15	5.8935e+03	3.156e-18	1.6681e+03	7.9880e+02	5.6427e-09	5.4331e-01	4.5669e-01	7.4630e-01	2.5368e-01	1.5899e-05	1.8816e-10	1.6331e-02	9.6531e-01	1.8361e-02	1.1755e-36	6.0009e-01	3.9986e-01	5.3095e-05	1.1755e-36	1.1755e-36	1.1755e-36	1.8645e-17	0.00e+00	0.00e+00	9.2317e+00
5.67809e+15	5.8476e+03	3.047e-18	1.6681e+03	7.7909e+02	6.3500e-09	5.5527e-01	4.4473e-01	7.5114e-01	2.4884e-01	1.5718e-05	2.0435e-10	1.6011e-02	9.6612e-01	1.7870e-02	1.1755e-36	6.1169e-01	3.8826e-01	4.9550e-05	1.1755e-36	1.1755e-36	1.1755e-36	2.0979e-17	0.00e+00	0.00e+00	9.4174e+00
5.71080e+15	5.8044e+03	2.942e-18	1.6681e+03	7.5972e+02	7.0814e-09	5.6606e-01	4.3394e-01	7.5547e-01	2.4452e-01	1.5580e-05	2.1981e-10	1.5689e-02	9.6688e-01	1.7430e-02	1.1755e-36	6.2213e-01	3.7782e-01	4.6476e-05	1.1755e-36	1.1755e-36	1.1755e-36	2.3280e-17	0.00e+00	0.00e+00	9.6182e+00
5.74728e+15	5.7507e+03	2.827e-18	1.6681e+03	7.3842e+02	8.0592e-09	5.7837e-01	4.2163e-01	7.6040e-01	2.3959e-01	1.5407e-05	2.3918e-10	1.5333e-02	9.6773e-01	1.6933e-02	1.1755e-36	6.3397e-01	3.6599e-01	4.3206e-05	1.1755e-36	1.1755e-36	1.1755e-36	2.6295e-17	0.00e+00	0.00e+00	9.8574e+00
5.78694e+15	5.6954e+03	2.704e-18	1.6681e+03	7.1562e+02	9.2404e-09	5.9151e-01	4.0849e-01	7.6552e-01	2.3446e-01	1.5243e-05	2.6177e-10	1.4944e-02	9.6864e-01	1.6420e-02	1.1755e-36	6.4654e-01	3.5342e-01	3.9931e-05	1.1755e-36	1.1755e-36	1.1755e-36	3.0010e-17	0.00e+00	0.00e+00	1.0107e+01
5.82596e+15	5.6355e+03	2.586e-18	1.6681e+03	6.9330e+02	1.0644e-08	6.0446e-01	3.9554e-01	7.7047e-01	2.2951e-01	1.5086e-05	2.8633e-10	1.4561e-02	9.6951e-01	1.5929e-02	1.1755e-36	6.5885e-01	3.4111e-01	3.6947e-05	1.1755e-36	1.1755e-36	1.1755e-36	3.4292e-17	0.00e+00	0.00e+00	1.0349e+01
5.85936e+15	5.5783e+03	2.488e-18	1.6681e+03	6.7477e+02	1.2109e-08	6.1561e-01	3.8439e-01	7.7465e-01	2.2533e-01	1.4944e-05	3.0984e-10	1.4241e-02	9.7024e-01	1.5519e-02	1.1755e-36	6.6940e-01	3.3056e-01	3.4579e-05	1.1755e-36	1.1755e-36	1.1755e-36	3.8658e-17	0.00e+00	0.00e+00	1.0536e+01
5.88567e+15	5.5382e+03	2.411e-18	1.6681e+03	6.5998e+02	1.3319e-08	6.2410e-01	3.7590e-01	7.7780e-01	2.2218e-01	1.4856e-05	3.2890e-10	1.3982e-02	9.7081e-01	1.5213e-02	1.1755e-36	6.7740e-01	3.2257e-01	3.2826e-05	1.1755e-36	1.1755e-36	1.1755e-36	4.2362e-17	0.00e+00	0.00e+00	1.0692e+01
5.91069e+15	5.4939e+03	2.337e-18	1.6681e+03	6.4539e+02	1.4705e-08	6.3228e-01	3.6772e-01	7.8083e-01	2.1915e-01	1.4772e-05	3.4855e-10	1.3723e-02	9.7136e-01	1.4914e-02	1.1755e-36	6.8508e-01	3.1489e-01	3.1204e-05	1.1755e-36	1.1755e-36	1.1755e-36	4.6346e-17	0.00e+00	0.00e+00	1.0867e+01
5.93769e+15	5.4422e+03	2.259e-18	1.6681e+03	6.3004e+02	1.6460e-08	6.4122e-01	3.5878e-01	7.8423e-01	2.1576e-01	1.4660e-05	3.7217e-10	1.3454e-02	9.7196e-01	1.4590e-02	1.1755e-36	6.9344e-01	3.0653e-01	2.9528e-05	1.1755e-36	1.1755e-36	1.1755e-36	5.1377e-17	0.00e+00	0.00e+00	1.1055e+01
5.96464e+15	5.3905e+03	2.184e-18	1.6681e+03	6.1545e+02	1.8448e-08	6.5019e-01	3.4981e-01	7.8761e-01	2.1238e-01	1.4539e-05	3.9832e-10	1.3195e-02	9.7253e-01	1.4270e-02	1.1755e-36	7.0180e-01	2.9817e-01	2.7934e-05	1.1755e-36	1.1755e-36	1.1755e-36	5.7284e-17	0.00e+00	0.00e+00	1.1233e+01
5.98978e+15	5.3475e+03	2.113e-18	1.6681e+03	6.0112e+02	2.0352e-08	6.5799e-01	3.4201e-01	7.9038e-01	2.0960e-01	1.4481e-05	4.2179e-10	1.2936e-02	9.7306e-01	1.4002e-02	1.1755e-36	7.0904e-01	2.9093e-01	2.6568e-05	1.1755e-36	1.1755e-36	1.1755e-36	6.2872e-17	0.00e+00	0.00e+00	1.1401e+01
6.01482e+15	5.2911e+03	2.046e-18	1.6681e+03	5.8752e+02	2.2919e-08	6.6641e-01	3.3359e-01	7.9360e-01	2.0639e-01	1.4356e-05	4.5114e-10	1.2695e-02	9.7360e-01	1.3704e-02	1.1755e-36	7.1683e-01	2.8314e-01	2.5205e-05	1.1755e-36	1.1755e-36	1.1755e-36	7.0291e-17	0.00e+00	0.00e+00	1.1582e+01
6.03931e+15	5.2512e+03	1.979e-18	1.6681e+03	5.7385e+02	2.5172e-08	6.7374e-01	3.2626e-01	7.9614e-01	2.0385e-01	1.4318e-05	4.7687e-10	1.2442e-02	9.7410e-01	1.3459e-02	1.1755e-36	7.2359e-01	2.7639e-01	2.4009e-05	1.1755e-36	1.1755e-36	1.1755e-36	7.7162e-17	0.00e+00	0.00e+00	1.1746e+01
6.06376e+15	5.1965e+03	1.914e-18	1.6681e+03	5.6041e+02	2.8279e-08	6.8161e-01	3.1839e-01	7.9910e-01	2.0089e-01	1.4219e-05	5.0891e-10	1.2200e-02	9.7461e-01	1.3187e-02	1.1755e-36	7.3084e-01	2.6913e-01	2.2812e-05	1.1755e-36	1.1755e-36	1.1755e-36	8.6268e-17	0.00e+00	0.00e+00	1.1932e+01
6.08841e+15	5.1387e+03	1.852e-18	1.6681e+03	5.4750e+02	3.1974e-08	6.8963e-01	3.1037e-01	8.0208e-01	1.9791e-01	1.4107e-05	5.4554e-10	1.1968e-02	9.7511e-01	1.2917e-02	1.1755e-36	7.3818e-01	2.6180e-01	2.1668e-05	1.1755e-36	1.1755e-36	1.1755e-36	9.7473e-17	0.00e+00	0.00e+00	1.2102e+01
6.11032e+15	5.0961e+03	1.796e-18	1.6681e+03	5.3583e+02	3.5197e-08	6.9622e-01	3.0378e-01	8.0440e-01	1.9558e-01	1.4055e-05	5.7701e-10	1.1753e-02	9.7555e-01	1.2702e-02	1.1755e-36	7.4419e-01	2.5579e-01	2.0728e-05	1.1755e-36	1.1755e-36	1.1755e-36	1.0770e-16	0.00e+00	0.00e+00	1.2251e+01
6.13158e+15	5.0451e+03	1.743e-18	1.6681e+03	5.2429e+02	3.9233e-08	7.0284e-01	2.9716e-01	8.0684e-01	1.9315e-01	1.3981e-05	6.1285e-10	1.1541e-02	9.7598e-01	1.2481e-02	1.1755e-36	7.5022e-01	2.4976e-01	1.9828e-05	1.1755e-36	1.1755e-36	1.1755e-36	1.2019e-16	0.00e+00	0.00e+00	1.2416e+01
6.15347e+15	4.9979e+03	1.690e-18	1.6681e+03	5.1275e+02	4.3559e-08	7.0941e-01	2.9059e-01	8.0922e-01	1.9077e-01	1.3919e-05	6.5127e-10	1.1328e-02	9.7641e-01	1.2266e-02	1.1755e-36	7.5619e-01	2.4379e-01	1.8954e-05	1.1755e-36	1.1755e-36	1.1755e-36	1.3438e-16	0.00e+00	0.00e+00	1.2577e+01
6.17512e+15	4.9433e+03	1.638e-18	1.6681e+03	5.0130e+02	4.8917e-08	7.1603e-01	2.8397e-01	8.1163e-01	1.8836e-01	1.3844e-05	6.9336e-10	1.1118e-02	9.7685e-01	1.2031e-02	1.1755e-36	7.6219e-01	2.3780e-01	1.8119e-05	1.1755e-36	1.1755e-36	1.1755e-36	1.5045e-16	0.00e+00	0.00e+00	1.2741e+01
6.19590e+15	4.8923e+03	1.590e-18	1.6681e+03	4.9079e+02	5.4641e-08	7.2234e-01	2.7766e-01	8.1394e-01	1.8604e-01	1.3767e-05	7.3751e-10	1.0925e-02	9.7727e-01	1.1809e-02	1.1755e-36	7.6789e-01	2.3209e-01	1.7349e-05	1.1755e-36	1.1755e-36	1.1755e-36	1.6839e-16	0.00e+00	0.00e+00	1.2892e+01
6.21529e+15	4.8472e+03	1.545e-18	1.6681e+03	4.8078e+02	6.0379e-08	7.2796e-01	2.7204e-01	8.1597e-01	1.8402e-01	1.3717e-05	7.7951e-10	1.0739e-02	9.7765e-01	1.1612e-02	1.1755e-36	7.7296e-01	2.2702e-01	1.6669e-05	1.1755e-36	1.1755e-36	1.1755e-36	1.8658e-16	0.00e+00	0.00e+00	1.3037e+01
6.23472e+15	4.7938e+03	1.502e-18	1.6681e+03	4.7103e+02	6.7749e-08	7.3391e-01	2.6609e-01	8.1822e-01	1.8177e-01	1.3630e-05	8.3034e-10	1.0561e-02	9.7804e-01	1.1400e-02	1.1755e-36	7.7830e-01	2.2168e-01	1.5992e-05	1.1755e-36	1.1755e-36	1.1755e-36	2.1010e-16	0.00e+00	0.00e+00	1.3191e+01
6.25384e+15	4.7499e+03	1.460e-18	1.6681e+03	4.6135e+02	7.4823e-08	7.3926e-01	2.6074e-01	8.2012e-01	1.7987e-01	1.3590e-05	8.7784e-10	1.0379e-02	9.7840e-01	1.1216e-02	1.1755e-36	7.8310e-01	2.1688e-01	1.5377e-05	1.1755e-36	1.1755e-36	1.1755e-36	2.3359e-16	0.00e+00	0.00e+00	1.3334e+01
6.27269e+15	4.6969e+03	1.419e-18	1.6681e+03	4.5182e+02	8.3988e-08	7.4479e-01	2.5521e-01	8.2217e-01	1.7782e-01	1.3522e-05	9.3440e-10	1.0204e-02	9.7878e-01	1.1020e-02	1.1755e-36	7.8805e-01	2.1194e-01	1.4778e-05	1.1755e-36	1.1755e-36	1.1755e-36	2.6370e-16	0.00e+00	0.00e+00	1.3485e+01
6.29125e+15	4.6470e+03	1.380e-18	1.6681e+03	4.4291e+02	9.3925e-08	7.5016e-01	2.4984e-01	8.2418e-01	1.7581e-01	1.3450e-05	9.9501e-10	1.0039e-02	9.7913e-01	1.0832e-02	1.1755e-36	7.9286e-01	2.0713e-01	1.4209e-05	1.1755e-36	1.1755e-36	1.1755e-36	2.9816e-16	0.00e+00	0.00e+00	1.3626e+01
6.30852e+15	4.6034e+03	1.344e-18	1.6681e+03	4.3442e+02	1.0377e-07	7.5491e-01	2.4509e-01	8.2589e-01	1.7410e-01	1.3408e-05	1.0523e-09	9.8804e-03	9.7945e-01	1.0668e-02	1.1755e-36	7.9708e-01	2.0291e-01	1.3711e-05	1.1755e-36	1.1755e-36	1.1755e-36	3.3317e-16	0.00e+00	0.00e+00	1.3759e+01
6.32576e+15	4.5523e+03	1.310e-18	1.6681e+03	4.2620e+02	1.1641e-07	7.5994e-01	2.4006e-01	8.2782e-01	1.7216e-01	1.3329e-05	1.1224e-09	9.7299e-03	9.7978e-01	1.0489e-02	1.1755e-36	8.0154e-01	1.9844e-01	1.3212e-05	1.1755e-36	1.1755e-36	1.1755e-36	3.7907e-16	0.00e+00	0.00e+00	1.3901e+01
6.34275e+15	4.5091e+03	1.276e-18	1.6681e+03	4.1801e+02	1.2873e-07	7.6446e-01	2.3554e-01	8.2945e-01	1.7053e-01	1.3292e-05	1.1888e-09	9.5759e-03	9.8009e-01	1.0334e-02	1.1755e-36	8.0556e-01	1.9443e-01	1.2758e-05	1.1755e-36	1.1755e-36	1.1755e-36	4.2583e-16	0.00e+00	0.00e+00	1.4032e+01
6.35941e+15	4.4576e+03	1.244e-18	1.6681e+03	4.1024e+02	1.4482e-07	7.6924e-01	2.3076e-01	8.3131e-01	1.6868e-01	1.3212e-05	1.2712e-09	9.4345e-03	9.8040e-01	1.0164e-02	1.1755e-36	8.0979e-01	1.9020e-01	1.2306e-05	1.1755e-36	1.1755e-36	1.1755e-36	4.8823e-16	0.00e+00	0.00e+00	1.4170e+01
6.37557e+15	4.4165e+03	1.213e-18	1.6681e+03	4.0256e+02	1.5973e-07	7.7338e-01	2.2662e-01	8.3279e-01	1.6720e-01	1.3185e-05	1.3456e-09	9.2894e-03	9.8069e-01	1.0022e-02	1.1755e-36	8.1346e-01	1.8653e-01	1.1905e-05	1.1755e-36	1.1755e-36	1.1755e-36	5.4898e-16	0.00e+00	0.00e+00	1.4295e+01
6.39144e+15	4.3683e+03	1.183e-18	1.6681e+03	3.9510e+02	1.7879e-07	7.7770e-01	2.2230e-01	8.3444e-01	1.6555e-01	1.3126e-05	1.4360e-09	9.1521e-03	9.8098e-01	9.8694e-03	1.1755e-36	8.1727e-01	1.8272e-01	1.1510e-05	1.1755e-36	1.1755e-36	1.1755e-36	6.2840e-16	0.00e+00	0.00e+00	1.4429e+01
6.40735e+15	4.3212e+03	1.154e-18	1.6681e+03	3.8803e+02	2.0011e-07	7.8203e-01	2.1797e-01	8.3611e-01	1.6388e-01	1.3059e-05	1.5363e-09	9.0223e-03	9.8126e-01	9.7181e-03	1.1755e-36	8.2108e-01	1.7891e-01	1.1124e-05	1.1755e-36	1.1755e-36	1.1755e-36	7.2298e-16	0.00e+00	0.00e+00	1.4556e+01
6.42227e+15	4.2809e+03	1.127e-18	1.6681e+03	3.8122e+02	2.2086e-07	7.8580e-01	2.1420e-01	8.3750e-01	1.6249e-01	1.3024e-05	1.6307e-09	8.8947e-03	9.8152e-01	9.5876e-03	1.1755e-36	8.2440e-01	1.7559e-01	1.0784e-05	1.1755e-36	1.1755e-36	1.1755e-36	8.1911e-16	0.00e+00	0.00e+00	1.4676e+01
6.43719e+15	4.2312e+03	1.101e-18	1.6681e+03	3.7461e+02	2.4891e-07	7.8991e-01	2.1009e-01	8.3915e-01	1.6084e-01	1.2945e-05	1.7526e-09	8.7762e-03	9.8178e-01	9.4413e-03	1.1755e-36	8.2800e-01	1.7198e-01	1.0438e-05	1.1755e-36	1.1755e-36	1.1755e-36	9.5320e-16	0.00e+00	0.00e+00	1.4804e+01
6.45170e+15	4.1941e+03	1.076e-18	1.6681e+03	3.6807e+02	2.7334e-07	7.9338e-01	2.0662e-01	8.4038e-01	1.5961e-01	1.2928e-05	1.8579e-09	8.6516e-03	9.8202e-01	9.3238e-03	1.1755e-36	8.3104e-01	1.6895e-01	1.0134e-05	1.1755e-36	1.1755e-36	1.1755e-36	1.0782e-15	0.00e+00	0.00e+00	1.4918e+01
6.46616e+15	4.1460e+03	1.051e-18	1.6681e+03	3.6157e+02	3.0760e-07	7.9717e-01	2.0283e-01	8.4189e-01	1.5810e-01	1.2866e-05	1.9973e-09	8.5343e-03	9.8228e-01	9.1887e-03	1.1755e-36	8.3437e-01	1.6562e-01	9.8211e-06	1.1755e-36	1.1755e-36	1.1755e-36	1.2571e-15	0.00e+00	0.00e+00	1.5046e+01
6.48065e+15	4.1013e+03	1.027e-18	1.6681e+03	3.5545e+02	3.4437e-07	8.0091e-01	1.9909e-01	8.4334e-01	1.5665e-01	1.2805e-05	2.1474e-09	8.4230e-03	9.8252e-01	9.0596e-03	1.1755e-36	8.3764e-01	1.6235e-01	9.5190e-06	1.1755e-36	1.1755e-36	1.1755e-36	1.4649e-15	0.00e+00	0.00e+00	1.5161e+01
6.49393e+15	4.0657e+03	1.005e-18	1.6681e+03	3.4967e+02	3.7777e-07	8.0408e-01	1.9592e-01	8.4449e-01	1.5550e-01	1.2783e-05	2.2819e-09	8.3143e-03	9.8273e-01	8.9528e-03	1.1755e-36	8.4039e-01	1.5960e-01	9.2583e-06	1.1755e-36	1.1755e-36	1.1755e-36	1.6659e-15	0.00e+00	0.00e+00	1.5270e+01
6.50761e+15	4.0214e+03	9.827e-19	1.6681e+03	3.4362e+02	4.2317e-07	8.0754e-01	1.9246e-01	8.4582e-01	1.5417e-01	1.2736e-05	2.4558e-09	8.2045e-03	9.8296e-01	8.8331e-03	1.1755e-36	8.4341e-01	1.5658e-01	8.9857e-06	1.1755e-36	1.1755e-36	1.1755e-36	1.9476e-15	0.00e+00	0.00e+00	1.5394e+01
6.52164e+15	3.9772e+03	9.600e-19	1.6681e+03	3.3745e+02	4.7506e-07	8.1112e-01	1.8888e-01	8.4706e-01	1.5292e-01	1.2703e-05	2.6521e-09	8.0923e-03	9.8319e-01	8.7188e-03	1.1755e-36	8.4653e-01	1.5346e-01	8.7121e-06	1.1755e-36	1.1755e-36	1.1755e-36	2.2942e-15	0.00e+00	0.00e+00	1.5509e+01
