#depth	Te	Htot	hden	eden	2H_2/H	HI	HII	HeI	HeII	HeIII	CO/C	C1	C2	C3	C4	O1	O2	O3	O4	O5	O6	H2O/O	AV(point)	AV(extend)	Tau912
4.27633e+11	8.1973e+03	4.679e-16	1.2916e+04	1.4025e+04	4.7660e-16	1.1072e-03	9.9889e-01	5.9528e-03	9.8864e-01	5.4063e-03	5.6482e-19	3.3497e-05	1.0041e-01	8.9717e-01	2.3900e-03	2.8257e-04	2.8735e-01	7.1085e-01	1.5199e-03	1.1755e-36	1.1755e-36	5.1181e-27	0.00e+00	0.00e+00	7.7216e-05
2.56580e+12	8.1966e+03	4.678e-16	1.2916e+04	1.4024e+04	4.7664e-16	1.1069e-03	9.9889e-01	5.9525e-03	9.8864e-01	5.4029e-03	5.6416e-19	3.3467e-05	1.0039e-01	8.9718e-01	2.3967e-03	2.8240e-04	2.8725e-01	7.1095e-01	1.5146e-03	1.1755e-36	1.1755e-36	5.1112e-27	0.00e+00	0.00e+00	3.8601e-04
1.11185e+13	8.1947e+03	4.676e-16	1.2916e+04	1.4024e+04	4.7668e-16	1.1064e-03	9.9889e-01	5.9529e-03	9.8868e-01	5.3706e-03	5.6338e-19	3.3415e-05	1.0038e-01	8.9720e-01	2.3945e-03	2.8229e-04	2.8726e-01	7.1096e-01	1.4929e-03	1.1755e-36	1.1755e-36	5.1022e-27	0.00e+00	0.00e+00	1.6206e-03
4.53291e+13	8.1887e+03	4.668e-16	1.2916e+04	1.4024e+04	4.7739e-16	1.1056e-03	9.9889e-01	5.9586e-03	9.8885e-01	5.1962e-03	5.6321e-19	3.3357e-05	1.0043e-01	8.9716e-01	2.3779e-03	2.8249e-04	2.8754e-01	7.1077e-01	1.4088e-03	1.1755e-36	1.1755e-36	5.0922e-27	0.00e+00	0.00e+00	6.5552e-03
1.08277e+14	8.1728e+03	4.637e-16	1.2916e+04	1.4024e+04	4.7365e-16	1.0987e-03	9.9890e-01	5.9507e-03	9.8894e-01	5.1068e-03	5.5356e-19	3.3103e-05	1.0034e-01	8.9726e-01	2.3648e-03	2.8113e-04	2.8761e-01	7.1081e-01	1.2972e-03	1.1755e-36	1.1755e-36	4.9549e-27	0.00e+00	0.00e+00	1.2930e-02
1.90109e+14	8.1537e+03	4.605e-16	1.2916e+04	1.4024e+04	4.7102e-16	1.0923e-03	9.9891e-01	5.9480e-03	9.8922e-01	4.8318e-03	5.4553e-19	3.2939e-05	1.0033e-01	8.9730e-01	2.3357e-03	2.8017e-04	2.8792e-01	7.1064e-01	1.1609e-03	1.1755e-36	1.1755e-36	4.8329e-27	0.00e+00	0.00e+00	2.1170e-02
2.96490e+14	8.1295e+03	4.569e-16	1.2916e+04	1.4023e+04	4.6893e-16	1.0860e-03	9.9891e-01	5.9506e-03	9.8967e-01	4.3791e-03	5.3767e-19	3.2822e-05	1.0040e-01	8.9728e-01	2.2912e-03	2.7961e-04	2.8852e-01	7.1020e-01	1.0009e-03	1.1755e-36	1.1755e-36	4.7013e-27	0.00e+00	0.00e+00	3.1819e-02
4.34786e+14	8.1082e+03	4.527e-16	1.2916e+04	1.4023e+04	4.6416e-16	1.0789e-03	9.9892e-01	5.9550e-03	9.9029e-01	3.7585e-03	5.2804e-19	3.2707e-05	1.0047e-01	8.9726e-01	2.2334e-03	2.7918e-04	2.8936e-01	7.0954e-01	8.2219e-04	1.1755e-36	1.1755e-36	4.5417e-27	0.00e+00	0.00e+00	4.5573e-02
6.14571e+14	8.0782e+03	4.480e-16	1.2916e+04	1.4022e+04	4.6152e-16	1.0722e-03	9.9893e-01	5.9677e-03	9.9103e-01	3.0015e-03	5.2007e-19	3.2644e-05	1.0067e-01	8.9714e-01	2.1610e-03	2.7949e-04	2.9074e-01	7.0835e-01	6.3347e-04	1.1755e-36	1.1755e-36	4.3912e-27	0.00e+00	0.00e+00	6.3342e-02
8.48291e+14	8.0484e+03	4.425e-16	1.2916e+04	1.4021e+04	4.5635e-16	1.0651e-03	9.9893e-01	5.9861e-03	9.9183e-01	2.1865e-03	5.1068e-19	3.2617e-05	1.0096e-01	8.9693e-01	2.0803e-03	2.8044e-04	2.9267e-01	7.0660e-01	4.4947e-04	1.1755e-36	1.1755e-36	4.2071e-27	0.00e+00	0.00e+00	8.6289e-02
1.15213e+15	8.0109e+03	4.363e-16	1.2916e+04	1.4020e+04	4.5264e-16	1.0590e-03	9.9894e-01	6.0166e-03	9.9257e-01	1.4170e-03	5.0323e-19	3.2675e-05	1.0146e-01	8.9652e-01	1.9949e-03	2.8263e-04	2.9543e-01	7.0400e-01	2.8692e-04	1.1755e-36	1.1755e-36	4.0279e-27	0.00e+00	0.00e+00	1.1595e-01
1.54711e+15	7.9719e+03	4.293e-16	1.2916e+04	1.4020e+04	4.4844e-16	1.0538e-03	9.9895e-01	6.0604e-03	9.9314e-01	7.9499e-04	4.9730e-19	3.2833e-05	1.0219e-01	8.9587e-01	1.9114e-03	2.8622e-04	2.9908e-01	7.0047e-01	1.6040e-04	1.1755e-36	1.1755e-36	3.8478e-27	0.00e+00	0.00e+00	1.5432e-01
2.06060e+15	7.9268e+03	4.216e-16	1.2916e+04	1.4019e+04	4.4513e-16	1.0511e-03	9.9895e-01	6.1270e-03	9.9350e-01	3.7406e-04	4.9403e-19	3.3159e-05	1.0330e-01	8.9484e-01	1.8300e-03	2.9199e-04	3.0394e-01	6.9569e-01	7.6124e-05	1.1755e-36	1.1755e-36	3.6669e-27	0.00e+00	0.00e+00	2.0407e-01
2.72812e+15	7.8801e+03	4.132e-16	1.2916e+04	1.4018e+04	4.4162e-16	1.0520e-03	9.9895e-01	6.2253e-03	9.9363e-01	1.4268e-04	4.9424e-19	3.3722e-05	1.0492e-01	8.9330e-01	1.7482e-03	3.0072e-04	3.1032e-01	6.8935e-01	2.9699e-05	1.1755e-36	1.1755e-36	3.4863e-27	0.00e+00	0.00e+00	2.6880e-01
3.59591e+15	7.8303e+03	4.043e-16	1.2916e+04	1.4018e+04	4.4021e-16	1.0593e-03	9.9894e-01	6.3746e-03	9.9358e-01	4.2608e-05	5.0201e-19	3.4664e-05	1.0733e-01	8.9097e-01	1.6584e-03	3.1416e-04	3.1887e-01	6.8081e-01	9.2931e-06	1.1755e-36	1.1755e-36	3.3320e-27	0.00e+00	0.00e+00	3.5353e-01
4.72403e+15	7.7835e+03	3.952e-16	1.2916e+04	1.4018e+04	4.4210e-16	1.0764e-03	9.9892e-01	6.6018e-03	9.9339e-01	9.7123e-06	5.2326e-19	3.6180e-05	1.1091e-01	8.8750e-01	1.5534e-03	3.3476e-04	3.3052e-01	6.6914e-01	2.3799e-06	1.1755e-36	1.1755e-36	3.2389e-27	0.00e+00	0.00e+00	4.6547e-01
6.19059e+15	7.7403e+03	3.863e-16	1.2916e+04	1.4017e+04	4.5065e-16	1.1102e-03	9.9889e-01	6.9576e-03	9.9304e-01	1.6953e-06	5.6864e-19	3.8642e-05	1.1635e-01	8.8219e-01	1.4257e-03	3.6737e-04	3.4688e-01	6.5275e-01	6.0490e-07	1.1755e-36	1.1755e-36	3.2454e-27	0.00e+00	0.00e+00	6.1555e-01
8.09712e+15	7.7095e+03	3.782e-16	1.2916e+04	1.4015e+04	4.7574e-16	1.1716e-03	9.9883e-01	7.5269e-03	9.9247e-01	2.3835e-07	6.6893e-19	4.2710e-05	1.2483e-01	8.7385e-01	1.2699e-03	4.2102e-04	3.7053e-01	6.2905e-01	2.4085e-07	1.1755e-36	1.1755e-36	3.5205e-27	0.00e+00	0.00e+00	8.2146e-01
1.05756e+16	7.6948e+03	3.724e-16	1.2916e+04	1.4012e+04	5.2666e-16	1.2836e-03	9.9872e-01	8.5089e-03	9.9149e-01	2.8947e-08	8.8207e-19	4.9790e-05	1.3879e-01	8.6008e-01	1.0798e-03	5.1574e-04	4.0610e-01	5.9339e-01	1.5603e-07	1.1755e-36	1.1755e-36	4.2280e-27	0.00e+00	0.00e+00	1.1147e+00
1.30862e+16	7.7210e+03	3.683e-16	1.2916e+04	1.4008e+04	5.7450e-16	1.4245e-03	9.9858e-01	9.7839e-03	9.9022e-01	4.5234e-09	1.1796e-18	5.8825e-05	1.5600e-01	8.4303e-01	9.0967e-04	6.4196e-04	4.4682e-01	5.5254e-01	1.1755e-36	1.1755e-36	1.1755e-36	5.1098e-27	0.00e+00	0.00e+00	1.3726e+00
1.48980e+16	7.7630e+03	3.688e-16	1.2916e+04	1.4005e+04	6.2519e-16	1.5662e-03	9.9843e-01	1.1077e-02	9.8892e-01	1.4569e-09	1.5387e-18	6.7797e-05	1.7244e-01	8.2670e-01	7.9281e-04	7.7221e-04	4.8233e-01	5.1690e-01	1.1755e-36	1.1755e-36	1.1755e-36	6.2082e-27	0.00e+00	0.00e+00	1.5519e+00
1.61625e+16	7.8088e+03	3.707e-16	1.2916e+04	1.4001e+04	6.9030e-16	1.6962e-03	9.9830e-01	1.2286e-02	9.8771e-01	7.1455e-10	1.9859e-18	7.6115e-05	1.8708e-01	8.1213e-01	7.1079e-04	8.9578e-04	5.1158e-01	4.8753e-01	1.1755e-36	1.1755e-36	1.1755e-36	7.8225e-27	0.00e+00	0.00e+00	1.7075e+00
1.74560e+16	7.8613e+03	3.735e-16	1.2916e+04	1.3997e+04	7.9354e-16	1.8645e-03	9.9814e-01	1.3905e-02	9.8610e-01	3.5463e-10	2.7457e-18	8.6996e-05	2.0568e-01	7.9361e-01	6.2398e-04	1.0622e-03	5.4591e-01	4.5303e-01	1.1755e-36	1.1755e-36	1.1755e-36	1.0717e-26	0.00e+00	0.00e+00	1.9298e+00
1.88468e+16	7.9306e+03	3.778e-16	1.2916e+04	1.3991e+04	9.2395e-16	2.0837e-03	9.9792e-01	1.6146e-02	9.8385e-01	1.7834e-10	3.9549e-18	1.0131e-04	2.2967e-01	7.6969e-01	5.3591e-04	1.2911e-03	5.8679e-01	4.1192e-01	1.1755e-36	1.1755e-36	1.1755e-36	1.5180e-26	0.00e+00	0.00e+00	2.1540e+00
2.00123e+16	7.9936e+03	3.830e-16	1.2916e+04	1.3985e+04	1.0744e-15	2.3181e-03	9.9768e-01	1.8714e-02	9.8129e-01	1.0495e-10	5.5958e-18	1.1674e-04	2.5500e-01	7.4442e-01	4.6254e-04	1.5479e-03	6.2589e-01	3.7257e-01	1.1755e-36	1.1755e-36	1.1755e-36	2.1189e-26	0.00e+00	0.00e+00	2.3452e+00
2.09302e+16	8.0642e+03	3.874e-16	1.2916e+04	1.3980e+04	1.1788e-15	2.5434e-03	9.9746e-01	2.1426e-02	9.7857e-01	7.0883e-11	7.3312e-18	1.3184e-04	2.7934e-01	7.2012e-01	4.0506e-04	1.8065e-03	6.5990e-01	3.3829e-01	1.1755e-36	1.1755e-36	1.1755e-36	2.6565e-26	0.00e+00	0.00e+00	2.5161e+00
2.17343e+16	8.1181e+03	3.920e-16	1.2916e+04	1.3972e+04	1.3511e-15	2.7838e-03	9.9722e-01	2.4513e-02	9.7549e-01	5.0726e-11	9.8789e-18	1.4798e-04	3.0496e-01	6.9453e-01	3.5369e-04	2.0912e-03	6.9225e-01	3.0566e-01	1.1755e-36	1.1755e-36	1.1755e-36	3.5629e-26	0.00e+00	0.00e+00	2.6941e+00
2.25140e+16	8.1687e+03	3.972e-16	1.2916e+04	1.3964e+04	1.5764e-15	3.0649e-03	9.9694e-01	2.8445e-02	9.7155e-01	3.7072e-11	1.3587e-17	1.6682e-04	3.3439e-01	6.6514e-01	3.0397e-04	2.4338e-03	7.2570e-01	2.7186e-01	1.1755e-36	1.1755e-36	1.1755e-36	4.9011e-26	0.00e+00	0.00e+00	2.8879e+00
2.32634e+16	8.2408e+03	4.024e-16	1.2916e+04	1.3957e+04	1.9111e-15	3.3852e-03	9.9661e-01	3.3549e-02	9.6645e-01	2.7831e-11	1.9688e-17	1.8825e-04	3.6766e-01	6.3189e-01	2.5751e-04	2.8372e-03	7.5959e-01	2.3758e-01	1.1755e-36	1.1755e-36	1.1755e-36	7.4525e-26	0.00e+00	0.00e+00	3.0876e+00
2.39492e+16	8.2780e+03	4.088e-16	1.2916e+04	1.3944e+04	2.2293e-15	3.7553e-03	9.9624e-01	4.0029e-02	9.5997e-01	2.1504e-11	2.6872e-17	2.1295e-04	4.0501e-01	5.9456e-01	2.1428e-04	3.3106e-03	7.9250e-01	2.0419e-01	1.1755e-36	1.1755e-36	1.1755e-36	9.9276e-26	0.00e+00	0.00e+00	3.2862e+00
2.45568e+16	8.3393e+03	4.142e-16	1.2916e+04	1.3929e+04	2.6446e-15	4.1435e-03	9.9586e-01	4.7983e-02	9.5202e-01	1.7213e-11	3.7408e-17	2.3840e-04	4.4358e-01	5.5601e-01	1.7737e-04	3.8201e-03	8.2254e-01	1.7364e-01	1.1755e-36	1.1755e-36	1.1755e-36	1.4097e-25	0.00e+00	0.00e+00	3.4777e+00
2.51013e+16	8.3782e+03	4.199e-16	1.2916e+04	1.3910e+04	3.0543e-15	4.5692e-03	9.9543e-01	5.7979e-02	9.4202e-01	1.4045e-11	4.9711e-17	2.6543e-04	4.8413e-01	5.1546e-01	1.4466e-04	4.3843e-03	8.5002e-01	1.4559e-01	1.1755e-36	1.1755e-36	1.1755e-36	1.8352e-25	0.00e+00	0.00e+00	3.6723e+00
2.56089e+16	8.4272e+03	4.257e-16	1.2916e+04	1.3895e+04	3.8065e-15	5.0415e-03	9.9496e-01	7.1704e-02	9.2830e-01	1.1610e-11	7.1612e-17	2.9486e-04	5.2769e-01	4.7190e-01	1.1537e-04	5.0185e-03	8.7574e-01	1.1924e-01	1.1755e-36	1.1755e-36	1.1755e-36	2.8279e-25	0.00e+00	0.00e+00	3.8749e+00
2.60115e+16	8.4534e+03	4.313e-16	1.2916e+04	1.3869e+04	4.3942e-15	5.4960e-03	9.9450e-01	8.7603e-02	9.1240e-01	9.8873e-12	9.2318e-17	3.2210e-04	5.6790e-01	4.3169e-01	9.3031e-05	5.6322e-03	8.9644e-01	9.7930e-02	1.1755e-36	1.1755e-36	1.1755e-36	3.6269e-25	0.00e+00	0.00e+00	4.0150e+00
2.62734e+16	8.4829e+03	4.347e-16	1.2916e+04	1.3851e+04	4.9522e-15	5.8267e-03	9.9417e-01	1.0201e-01	8.9799e-01	8.8988e-12	1.1289e-16	3.4134e-04	5.9661e-01	4.0297e-01	7.9060e-05	6.0836e-03	9.0984e-01	8.4071e-02	1.1755e-36	1.1755e-36	1.1755e-36	4.5592e-25	0.00e+00	0.00e+00	4.1154e+00
2.64754e+16	8.5011e+03	4.370e-16	1.2916e+04	1.3828e+04	5.4803e-15	6.1112e-03	9.9389e-01	1.1590e-01	8.8410e-01	8.1247e-12	1.3270e-16	3.5729e-04	6.2011e-01	3.7946e-01	6.8579e-05	6.4715e-03	9.1990e-01	7.3626e-02	1.1755e-36	1.1755e-36	1.1755e-36	5.4788e-25	0.00e+00	0.00e+00	4.2114e+00
2.66970e+16	8.5124e+03	4.399e-16	1.2916e+04	1.3807e+04	6.2108e-15	6.4597e-03	9.9354e-01	1.3568e-01	8.6432e-01	7.2939e-12	1.6050e-16	3.7576e-04	6.4708e-01	3.5249e-01	5.7462e-05	6.9443e-03	9.3057e-01	6.2487e-02	1.1755e-36	1.1755e-36	1.1755e-36	6.8334e-25	0.00e+00	0.00e+00	4.3434e+00
2.69324e+16	8.5385e+03	4.426e-16	1.2916e+04	1.3777e+04	7.0759e-15	6.8586e-03	9.9314e-01	1.6365e-01	8.3635e-01	6.4022e-12	1.9714e-16	3.9598e-04	6.7674e-01	3.2281e-01	4.6729e-05	7.4880e-03	9.4154e-01	5.0972e-02	1.1755e-36	1.1755e-36	1.1755e-36	8.6923e-25	0.00e+00	0.00e+00	4.4666e+00
2.71226e+16	8.5513e+03	4.449e-16	1.2916e+04	1.3740e+04	7.8988e-15	7.2180e-03	9.9278e-01	1.9488e-01	8.0512e-01	5.6780e-12	2.3309e-16	4.1295e-04	7.0193e-01	2.9761e-01	3.8561e-05	7.9773e-03	9.5020e-01	4.1824e-02	1.1755e-36	1.1755e-36	1.1755e-36	1.0505e-24	0.00e+00	0.00e+00	4.5609e+00
2.72657e+16	8.5613e+03	4.461e-16	1.2916e+04	1.3701e+04	8.5910e-15	7.5088e-03	9.9249e-01	2.2552e-01	7.7448e-01	5.1185e-12	2.6484e-16	4.2572e-04	7.2121e-01	2.7834e-01	3.2788e-05	8.3732e-03	9.5645e-01	3.5178e-02	1.1755e-36	1.1755e-36	1.1755e-36	1.2111e-24	0.00e+00	0.00e+00	4.6380e+00
2.73888e+16	8.5697e+03	4.468e-16	1.2916e+04	1.3661e+04	9.2731e-15	7.7756e-03	9.9222e-01	2.5833e-01	7.4167e-01	4.6164e-12	2.9693e-16	4.3656e-04	7.3769e-01	2.6184e-01	2.8122e-05	8.7351e-03	9.6153e-01	2.9735e-02	1.1755e-36	1.1755e-36	1.1755e-36	1.3776e-24	0.00e+00	0.00e+00	4.7142e+00
2.75270e+16	8.5788e+03	4.470e-16	1.2916e+04	1.3612e+04	1.0194e-14	8.1003e-03	9.9190e-01	3.0434e-01	6.9566e-01	4.0357e-12	3.4105e-16	4.4859e-04	7.5586e-01	2.4367e-01	2.3230e-05	9.1721e-03	9.6681e-01	2.4023e-02	1.1755e-36	1.1755e-36	1.1755e-36	1.6181e-24	0.00e+00	0.00e+00	4.8174e+00
2.76709e+16	8.5889e+03	4.467e-16	1.2916e+04	1.3549e+04	1.1151e-14	8.4566e-03	9.9154e-01	3.6542e-01	6.3458e-01	3.3576e-12	3.9007e-16	4.6044e-04	7.7387e-01	2.2565e-01	1.8749e-05	9.6493e-03	9.7182e-01	1.8532e-02	1.1755e-36	1.1755e-36	1.1755e-36	1.8702e-24	0.00e+00	0.00e+00	4.9082e+00
2.77859e+16	8.5905e+03	4.453e-16	1.2916e+04	1.3462e+04	1.1920e-14	8.7468e-03	9.9125e-01	4.2707e-01	5.7293e-01	2.7982e-12	4.3010e-16	4.6804e-04	7.8730e-01	2.1221e-01	1.5544e-05	1.0037e-02	9.7543e-01	1.4536e-02	1.1755e-36	1.1755e-36	1.1755e-36	2.0532e-24	0.00e+00	0.00e+00	4.9784e+00
2.78788e+16	8.5965e+03	4.434e-16	1.2916e+04	1.3390e+04	1.2701e-14	8.9935e-03	9.9101e-01	4.8592e-01	5.1408e-01	2.3545e-12	4.7163e-16	4.7368e-04	7.9736e-01	2.0215e-01	1.3177e-05	1.0364e-02	9.7798e-01	1.1652e-02	1.1755e-36	1.1755e-36	1.1755e-36	2.2690e-24	0.00e+00	0.00e+00	5.0425e+00
2.79793e+16	8.5937e+03	4.416e-16	1.2916e+04	1.3322e+04	1.3979e-14	9.2975e-03	9.9070e-01	5.5778e-01	4.4222e-01	1.8953e-12	5.3479e-16	4.7997e-04	8.0747e-01	1.9204e-01	1.0810e-05	1.0760e-02	9.8028e-01	8.9612e-03	1.1755e-36	1.1755e-36	1.1755e-36	2.6483e-24	0.00e+00	0.00e+00	5.1287e+00
2.81101e+16	8.5930e+03	4.384e-16	1.2916e+04	1.3226e+04	1.5624e-14	9.7136e-03	9.9029e-01	6.5706e-01	3.4294e-01	1.3378e-12	6.2032e-16	4.8655e-04	8.1851e-01	1.8099e-01	8.2210e-06	1.1294e-02	9.8254e-01	6.1664e-03	1.1755e-36	1.1755e-36	1.1755e-36	3.1467e-24	0.00e+00	0.00e+00	5.2458e+00
2.82462e+16	8.5880e+03	4.348e-16	1.2916e+04	1.3113e+04	1.7537e-14	1.0169e-02	9.8983e-01	7.5991e-01	2.4009e-01	8.4025e-13	7.1866e-16	4.9145e-04	8.2763e-01	1.7187e-01	6.0788e-06	1.1873e-02	9.8414e-01	3.9875e-03	1.1755e-36	1.1755e-36	1.1755e-36	3.7322e-24	0.00e+00	0.00e+00	5.3490e+00
2.83682e+16	8.5847e+03	4.317e-16	1.2916e+04	1.3006e+04	1.9373e-14	1.0604e-02	9.8940e-01	8.3833e-01	1.6167e-01	5.1694e-13	8.1143e-16	4.9434e-04	8.3389e-01	1.6561e-01	4.5423e-06	1.2418e-02	9.8495e-01	2.6282e-03	1.1755e-36	1.1755e-36	1.1755e-36	4.3047e-24	0.00e+00	0.00e+00	5.4523e+00
2.85054e+16	8.5810e+03	4.298e-16	1.2916e+04	1.2915e+04	2.1869e-14	1.1155e-02	9.8884e-01	9.0191e-01	9.8092e-02	2.8532e-13	9.3309e-16	4.9768e-04	8.3958e-01	1.5992e-01	3.2007e-06	1.3102e-02	9.8527e-01	1.6326e-03	1.1755e-36	1.1755e-36	1.1755e-36	5.1519e-24	0.00e+00	0.00e+00	5.5934e+00
2.86839e+16	8.5839e+03	4.303e-16	1.2916e+04	1.2841e+04	2.5630e-14	1.1968e-02	9.8803e-01	9.5081e-01	4.9193e-02	1.2738e-13	1.1155e-15	5.0252e-04	8.4571e-01	1.5379e-01	1.9960e-06	1.4103e-02	9.8502e-01	8.7657e-04	1.1755e-36	1.1755e-36	1.1755e-36	6.5856e-24	0.00e+00	0.00e+00	5.7902e+00
2.89158e+16	8.5932e+03	4.342e-16	1.2916e+04	1.2786e+04	3.1471e-14	1.3211e-02	9.8679e-01	9.7982e-01	2.0179e-02	4.5661e-14	1.3975e-15	5.0941e-04	8.5282e-01	1.4667e-01	1.0589e-06	1.5626e-02	9.8398e-01	3.9302e-04	1.1755e-36	1.1755e-36	1.1755e-36	9.0719e-24	0.00e+00	0.00e+00	6.0727e+00
2.92173e+16	8.6049e+03	4.424e-16	1.2916e+04	1.2743e+04	3.9733e-14	1.5224e-02	9.8478e-01	9.9301e-01	6.9881e-03	1.3520e-14	1.7961e-15	5.1900e-04	8.6194e-01	1.3754e-01	4.5477e-07	1.8087e-02	9.8177e-01	1.4199e-04	1.1755e-36	1.1755e-36	1.1755e-36	1.2635e-23	0.00e+00	0.00e+00	6.4959e+00
2.95482e+16	8.6264e+03	4.538e-16	1.2916e+04	1.2706e+04	5.8885e-14	1.8158e-02	9.8184e-01	9.9748e-01	2.5204e-03	4.2025e-15	2.7377e-15	5.3027e-04	8.7239e-01	1.2708e-01	1.7715e-07	2.1675e-02	9.7828e-01	4.7114e-05	1.1755e-36	1.1755e-36	1.1755e-36	2.4102e-23	0.00e+00	0.00e+00	6.9712e+00
2.98371e+16	8.6272e+03	4.658e-16	1.2916e+04	1.2665e+04	8.5434e-14	2.1766e-02	9.7823e-01	9.9879e-01	1.2141e-03	1.8042e-15	4.0252e-15	5.4061e-04	8.8259e-01	1.1687e-01	1.1755e-36	2.6087e-02	9.7389e-01	1.8470e-05	1.1755e-36	1.1755e-36	1.1755e-36	4.2549e-23	0.00e+00	0.00e+00	7.4270e+00
3.00784e+16	8.6286e+03	4.757e-16	1.2916e+04	1.2606e+04	1.2405e-13	2.5901e-02	9.7410e-01	9.9927e-01	7.2700e-04	9.8751e-16	5.9094e-15	5.4858e-04	8.9193e-01	1.0753e-01	1.1755e-36	3.1146e-02	9.6885e-01	8.5435e-06	1.1755e-36	1.1755e-36	1.1755e-36	7.5644e-23	0.00e+00	0.00e+00	7.9039e+00
3.02804e+16	8.6189e+03	4.842e-16	1.2916e+04	1.2536e+04	1.7781e-13	3.0592e-02	9.6941e-01	9.9951e-01	4.9170e-04	6.2151e-16	8.4989e-15	5.5506e-04	9.0043e-01	9.9012e-02	1.1755e-36	3.6883e-02	9.6311e-01	4.4901e-06	1.1755e-36	1.1755e-36	1.1755e-36	1.3019e-22	0.00e+00	0.00e+00	8.3487e+00
3.04434e+16	8.6104e+03	4.908e-16	1.2916e+04	1.2469e+04	2.5130e-13	3.5641e-02	9.6436e-01	9.9964e-01	3.6031e-04	4.3052e-16	1.2053e-14	5.6019e-04	9.0792e-01	9.1517e-02	1.1755e-36	4.3053e-02	9.5694e-01	2.6484e-06	1.1755e-36	1.1755e-36	1.1755e-36	2.2151e-22	0.00e+00	0.00e+00	8.7778e+00
3.05843e+16	8.5793e+03	4.968e-16	1.2916e+04	1.2395e+04	3.5695e-13	4.1411e-02	9.5859e-01	9.9973e-01	2.7429e-04	3.1193e-16	1.6985e-14	5.6470e-04	9.1500e-01	8.4439e-02	1.1755e-36	5.0092e-02	9.4991e-01	1.6546e-06	1.1755e-36	1.1755e-36	1.1755e-36	3.7277e-22	0.00e+00	0.00e+00	9.2309e+00
3.07135e+16	8.5498e+03	5.018e-16	1.2916e+04	1.2318e+04	5.1206e-13	4.8341e-02	9.5166e-01	9.9979e-01	2.1075e-04	2.2920e-16	2.4191e-14	5.6862e-04	9.2196e-01	7.7472e-02	1.1755e-36	5.8530e-02	9.4147e-01	1.0579e-06	1.1755e-36	1.1755e-36	1.1755e-36	6.3841e-22	0.00e+00	0.00e+00	9.7210e+00
3.08314e+16	8.5153e+03	5.050e-16	1.2916e+04	1.2216e+04	7.4250e-13	5.6640e-02	9.4336e-01	9.9984e-01	1.6357e-04	1.7120e-16	3.4677e-14	5.7112e-04	9.2869e-01	7.0738e-02	1.1755e-36	6.8609e-02	9.3139e-01	6.9238e-07	1.1755e-36	1.1755e-36	1.1755e-36	1.1040e-21	0.00e+00	0.00e+00	1.0236e+01
3.09358e+16	8.4732e+03	5.072e-16	1.2916e+04	1.2116e+04	1.0881e-12	6.6482e-02	9.3352e-01	9.9987e-01	1.2836e-04	1.2987e-16	5.0091e-14	5.7350e-04	9.3516e-01	6.4269e-02	1.1755e-36	8.0516e-02	9.1948e-01	4.6621e-07	1.1755e-36	1.1755e-36	1.1755e-36	1.9365e-21	0.00e+00	0.00e+00	1.0764e+01
3.10265e+16	8.4339e+03	5.054e-16	1.2916e+04	1.1955e+04	1.5544e-12	7.7481e-02	9.2252e-01	9.9990e-01	1.0311e-04	1.0194e-16	7.0160e-14	5.7192e-04	9.4090e-01	5.8532e-02	1.1755e-36	9.3770e-02	9.0623e-01	3.2496e-07	1.1755e-36	1.1755e-36	1.1755e-36	3.2218e-21	0.00e+00	0.00e+00	1.1295e+01
3.11066e+16	8.3880e+03	5.021e-16	1.2916e+04	1.1790e+04	2.2312e-12	9.0231e-02	9.0977e-01	9.9992e-01	8.3823e-05	8.1267e-17	9.8431e-14	5.6982e-04	9.4631e-01	5.3120e-02	1.1755e-36	1.0906e-01	8.9094e-01	2.3103e-07	1.1755e-36	1.1755e-36	1.1755e-36	5.3864e-21	0.00e+00	0.00e+00	1.1855e+01
3.11795e+16	8.3368e+03	4.962e-16	1.2916e+04	1.1599e+04	3.2412e-12	1.0529e-01	8.9471e-01	9.9993e-01	6.8413e-05	6.5343e-17	1.3918e-13	5.6616e-04	9.5147e-01	4.7964e-02	1.1755e-36	1.2700e-01	8.7300e-01	1.6581e-07	1.1755e-36	1.1755e-36	1.1755e-36	9.1389e-21	0.00e+00	0.00e+00	1.2452e+01
3.12454e+16	8.2804e+03	4.872e-16	1.2916e+04	1.1375e+04	4.7329e-12	1.2295e-01	8.7705e-01	9.9994e-01	5.6232e-05	5.3198e-17	1.9683e-13	5.6049e-04	9.5633e-01	4.3110e-02	1.1755e-36	1.4789e-01	8.5211e-01	1.2010e-07	1.1755e-36	1.1755e-36	1.1755e-36	1.5513e-20	0.00e+00	0.00e+00	1.3078e+01
3.13046e+16	8.2188e+03	4.749e-16	1.2916e+04	1.1115e+04	6.8884e-12	1.4339e-01	8.5661e-01	9.9995e-01	4.6777e-05	4.4078e-17	2.7586e-13	5.5269e-04	9.6084e-01	3.8607e-02	1.1755e-36	1.7185e-01	8.2815e-01	8.7905e-08	1.1755e-36	1.1755e-36	1.1755e-36	2.5925e-20	0.00e+00	0.00e+00	1.3731e+01
3.13577e+16	8.1501e+03	4.592e-16	1.2916e+04	1.0816e+04	1.0005e-11	1.6685e-01	8.3315e-01	9.9996e-01	3.9393e-05	3.7188e-17	3.8309e-13	5.4257e-04	9.6500e-01	3.4454e-02	1.1755e-36	1.9910e-01	8.0090e-01	6.4892e-08	1.1755e-36	1.1755e-36	1.1755e-36	4.2675e-20	0.00e+00	0.00e+00	1.4416e+01
3.14059e+16	8.0758e+03	4.382e-16	1.2916e+04	1.0434e+04	1.4446e-11	1.9327e-01	8.0673e-01	9.9997e-01	3.3629e-05	3.2123e-17	5.2295e-13	5.2795e-04	9.6875e-01	3.0718e-02	1.1755e-36	2.2942e-01	7.7058e-01	4.8270e-08	1.1755e-36	1.1755e-36	1.1755e-36	6.8261e-20	0.00e+00	0.00e+00	1.5144e+01
3.14509e+16	7.9887e+03	4.142e-16	1.2916e+04	1.0028e+04	2.1201e-11	2.2449e-01	7.7551e-01	9.9997e-01	2.8782e-05	2.7923e-17	7.1988e-13	5.1210e-04	9.7237e-01	2.7118e-02	1.1755e-36	2.6478e-01	7.3522e-01	3.5695e-08	1.1755e-36	1.1755e-36	1.1755e-36	1.1083e-19	0.00e+00	0.00e+00	1.5945e+01
3.14931e+16	7.8832e+03	3.856e-16	1.2916e+04	9.5574e+03	3.1586e-11	2.6093e-01	7.3907e-01	9.9998e-01	2.4809e-05	2.4639e-17	9.8993e-13	4.9259e-04	9.7578e-01	2.3728e-02	1.1755e-36	3.0543e-01	6.9457e-01	2.6247e-08	1.1755e-36	1.1755e-36	1.1755e-36	1.7952e-19	0.00e+00	0.00e+00	1.6810e+01
3.15299e+16	7.7681e+03	3.551e-16	1.2916e+04	9.0572e+03	4.6288e-11	2.9964e-01	7.0036e-01	9.9998e-01	2.1669e-05	2.2190e-17	1.3250e-12	4.7102e-04	9.7873e-01	2.0795e-02	1.1755e-36	3.4788e-01	6.5212e-01	1.9666e-08	1.1755e-36	1.1755e-36	1.1755e-36	2.7908e-19	0.00e+00	0.00e+00	1.7616e+01
3.15583e+16	7.6599e+03	3.276e-16	1.2916e+04	8.6041e+03	6.3757e-11	3.3469e-01	6.6531e-01	9.9998e-01	1.9570e-05	2.0691e-17	1.6710e-12	4.5093e-04	9.8099e-01	1.8561e-02	1.1755e-36	3.8567e-01	6.1433e-01	1.5506e-08	1.1755e-36	1.1755e-36	1.1755e-36	3.9634e-19	0.00e+00	0.00e+00	1.8268e+01
3.15794e+16	7.5661e+03	3.052e-16	1.2916e+04	8.2288e+03	8.2028e-11	3.6371e-01	6.3629e-01	9.9998e-01	1.8304e-05	1.9923e-17	1.9881e-12	4.3399e-04	9.8262e-01	1.6942e-02	1.1755e-36	4.1652e-01	5.8348e-01	1.2881e-08	1.1755e-36	1.1755e-36	1.1755e-36	5.1511e-19	0.00e+00	0.00e+00	1.8806e+01
3.15964e+16	7.4790e+03	2.857e-16	1.2916e+04	7.8983e+03	1.0178e-10	3.8936e-01	6.1064e-01	9.9998e-01	1.7421e-05	1.9486e-17	2.2911e-12	4.1884e-04	9.8393e-01	1.5654e-02	1.1755e-36	4.4344e-01	5.5656e-01	1.1002e-08	1.1755e-36	1.1755e-36	1.1755e-36	6.3779e-19	0.00e+00	0.00e+00	1.9311e+01
3.16120e+16	7.3892e+03	2.669e-16	1.2916e+04	7.5740e+03	1.2518e-10	4.1444e-01	5.8556e-01	9.9998e-01	1.6632e-05	1.9138e-17	2.6076e-12	4.0382e-04	9.8509e-01	1.4503e-02	1.1755e-36	4.6947e-01	5.3053e-01	9.4709e-09	1.1755e-36	1.1755e-36	1.1755e-36	7.7442e-19	0.00e+00	0.00e+00	1.9825e+01
3.16267e+16	7.2955e+03	2.486e-16	1.2916e+04	7.2504e+03	1.5341e-10	4.3945e-01	5.6055e-01	9.9998e-01	1.5889e-05	1.8840e-17	2.9425e-12	3.8867e-04	9.8617e-01	1.3444e-02	1.1755e-36	4.9515e-01	5.0485e-01	8.1880e-09	1.1755e-36	1.1755e-36	1.1755e-36	9.2773e-19	0.00e+00	0.00e+00	2.0334e+01
3.16401e+16	7.2014e+03	2.315e-16	1.2916e+04	6.9404e+03	1.8612e-10	4.6341e-01	5.3659e-01	9.9998e-01	1.5267e-05	1.8662e-17	3.2804e-12	3.7402e-04	9.8712e-01	1.2501e-02	1.1755e-36	5.1948e-01	4.8052e-01	7.1431e-09	1.1755e-36	1.1755e-36	1.1755e-36	1.0906e-18	0.00e+00	0.00e+00	2.0816e+01
3.16522e+16	7.1094e+03	2.159e-16	1.2916e+04	6.6518e+03	2.2278e-10	4.8572e-01	5.1428e-01	9.9999e-01	1.4775e-05	1.8607e-17	3.6094e-12	3.6028e-04	9.8796e-01	1.1679e-02	1.1755e-36	5.4190e-01	4.5810e-01	6.3017e-09	1.1755e-36	1.1755e-36	1.1755e-36	1.2562e-18	0.00e+00	0.00e+00	2.1268e+01
3.16632e+16	7.0189e+03	2.017e-16	1.2916e+04	6.3812e+03	2.6391e-10	5.0664e-01	4.9336e-01	9.9999e-01	1.4373e-05	1.8640e-17	3.9297e-12	3.4729e-04	9.8870e-01	1.0951e-02	1.1755e-36	5.6274e-01	4.3726e-01	5.6085e-09	1.1755e-36	1.1755e-36	1.1755e-36	1.4235e-18	0.00e+00	0.00e+00	2.1702e+01
3.16734e+16	6.9281e+03	1.884e-16	1.2916e+04	6.1224e+03	3.1080e-10	5.2665e-01	4.7335e-01	9.9999e-01	1.4025e-05	1.8730e-17	4.2458e-12	3.3478e-04	9.8938e-01	1.0290e-02	1.1755e-36	5.8248e-01	4.1752e-01	5.0197e-09	1.1755e-36	1.1755e-36	1.1755e-36	1.5936e-18	0.00e+00	0.00e+00	2.2128e+01
3.16816e+16	6.8488e+03	1.784e-16	1.2916e+04	5.9247e+03	3.5561e-10	5.4270e-01	4.5730e-01	9.9999e-01	1.3650e-05	1.8646e-17	4.5110e-12	3.2521e-04	9.8990e-01	9.7757e-03	1.1755e-36	5.9820e-01	4.0180e-01	4.5996e-09	1.1755e-36	1.1755e-36	1.1755e-36	1.7407e-18	0.00e+00	0.00e+00	2.2413e+01
3.16874e+16	6.7970e+03	1.711e-16	1.2916e+04	5.7740e+03	3.8997e-10	5.5397e-01	4.4603e-01	9.9999e-01	1.3563e-05	1.8881e-17	4.6945e-12	3.1784e-04	9.9025e-01	9.4290e-03	1.1755e-36	6.0915e-01	3.9085e-01	4.3197e-09	1.1755e-36	1.1755e-36	1.1755e-36	1.8435e-18	0.00e+00	0.00e+00	2.2646e+01
3.16928e+16	6.7398e+03	1.640e-16	1.2916e+04	5.6256e+03	4.2913e-10	5.6520e-01	4.3480e-01	9.9999e-01	1.3478e-05	1.9116e-17	4.8792e-12	3.1051e-04	9.9059e-01	9.0965e-03	1.1755e-36	6.2002e-01	3.7998e-01	4.0584e-09	1.1755e-36	1.1755e-36	1.1755e-36	1.9474e-18	0.00e+00	0.00e+00	2.2913e+01
3.16990e+16	6.6703e+03	1.561e-16	1.2916e+04	5.4594e+03	4.8004e-10	5.7798e-01	4.2202e-01	9.9999e-01	1.3303e-05	1.9268e-17	5.0940e-12	3.0238e-04	9.9097e-01	8.7266e-03	1.1755e-36	6.3235e-01	3.6765e-01	3.7798e-09	1.1755e-36	1.1755e-36	1.1755e-36	2.0696e-18	0.00e+00	0.00e+00	2.3220e+01
3.17054e+16	6.6021e+03	1.481e-16	1.2916e+04	5.2883e+03	5.3757e-10	5.9116e-01	4.0884e-01	9.9999e-01	1.3101e-05	1.9416e-17	5.3181e-12	2.9393e-04	9.9135e-01	8.3535e-03	1.1755e-36	6.4499e-01	3.5501e-01	3.5099e-09	1.1755e-36	1.1755e-36	1.1755e-36	2.1994e-18	0.00e+00	0.00e+00	2.3528e+01
3.17117e+16	6.5271e+03	1.406e-16	1.2916e+04	5.1230e+03	6.0468e-10	6.0410e-01	3.9590e-01	9.9999e-01	1.2936e-05	1.9602e-17	5.5421e-12	2.8573e-04	9.9172e-01	7.9980e-03	1.1755e-36	6.5730e-01	3.4270e-01	3.2659e-09	1.1755e-36	1.1755e-36	1.1755e-36	2.3299e-18	0.00e+00	0.00e+00	2.3826e+01
3.17176e+16	6.4536e+03	1.336e-16	1.2916e+04	4.9687e+03	6.7797e-10	6.1655e-01	3.8345e-01	9.9999e-01	1.2788e-05	1.9794e-17	5.7638e-12	2.7813e-04	9.9206e-01	7.6639e-03	1.1755e-36	6.6910e-01	3.3090e-01	3.0456e-09	1.1755e-36	1.1755e-36	1.1755e-36	2.4617e-18	0.00e+00	0.00e+00	2.4117e+01
3.17233e+16	6.3826e+03	1.269e-16	1.2916e+04	4.8149e+03	7.5727e-10	6.2837e-01	3.7163e-01	9.9999e-01	1.2671e-05	2.0054e-17	5.9690e-12	2.7044e-04	9.9237e-01	7.3548e-03	1.1755e-36	6.8024e-01	3.1976e-01	2.8471e-09	1.1755e-36	1.1755e-36	1.1755e-36	2.5824e-18	0.00e+00	0.00e+00	2.4407e+01
3.17290e+16	6.3086e+03	1.203e-16	1.2916e+04	4.6622e+03	8.4869e-10	6.4029e-01	3.5971e-01	9.9999e-01	1.2557e-05	2.0331e-17	6.1790e-12	2.6278e-04	9.9269e-01	7.0508e-03	1.1755e-36	6.9141e-01	3.0859e-01	2.6588e-09	1.1755e-36	1.1755e-36	1.1755e-36	2.7072e-18	0.00e+00	0.00e+00	2.4708e+01
3.17348e+16	6.2368e+03	1.138e-16	1.2916e+04	4.5037e+03	9.4900e-10	6.5184e-01	3.4816e-01	9.9999e-01	1.2459e-05	2.0688e-17	6.3707e-12	2.5473e-04	9.9298e-01	6.7623e-03	1.1755e-36	7.0217e-01	2.9783e-01	2.4843e-09	1.1755e-36	1.1755e-36	1.1755e-36	2.8177e-18	0.00e+00	0.00e+00	2.5014e+01
3.17406e+16	6.1571e+03	1.075e-16	1.2916e+04	4.3489e+03	1.0708e-09	6.6376e-01	3.3624e-01	9.9999e-01	1.2358e-05	2.1032e-17	6.5784e-12	2.4690e-04	9.9328e-01	6.4712e-03	1.1755e-36	7.1324e-01	2.8676e-01	2.3161e-09	1.1755e-36	1.1755e-36	1.1755e-36	2.9403e-18	0.00e+00	0.00e+00	2.5330e+01
3.17463e+16	6.0734e+03	1.014e-16	1.2916e+04	4.1969e+03	1.2130e-09	6.7552e-01	3.2448e-01	9.9999e-01	1.2250e-05	2.1372e-17	6.7841e-12	2.3920e-04	9.9357e-01	6.1902e-03	1.1755e-36	7.2410e-01	2.7590e-01	2.1602e-09	1.1755e-36	1.1755e-36	1.1755e-36	3.0618e-18	0.00e+00	0.00e+00	2.5643e+01
3.17519e+16	5.9903e+03	9.577e-17	1.2916e+04	4.0512e+03	1.3722e-09	6.8680e-01	3.1320e-01	9.9999e-01	1.2162e-05	2.1745e-17	6.9815e-12	2.3178e-04	9.9384e-01	5.9263e-03	1.1755e-36	7.3446e-01	2.6554e-01	2.0185e-09	1.1755e-36	1.1755e-36	1.1755e-36	3.1787e-18	0.00e+00	0.00e+00	2.5949e+01
3.17573e+16	5.9069e+03	9.039e-17	1.2916e+04	3.9096e+03	1.5528e-09	6.9773e-01	3.0227e-01	9.9999e-01	1.2086e-05	2.2148e-17	7.1726e-12	2.2456e-04	9.9410e-01	5.6757e-03	1.1755e-36	7.4446e-01	2.5554e-01	1.8881e-09	1.1755e-36	1.1755e-36	1.1755e-36	3.2924e-18	0.00e+00	0.00e+00	2.6257e+01
3.17628e+16	5.8211e+03	8.522e-17	1.2916e+04	3.7701e+03	1.7626e-09	7.0850e-01	2.9150e-01	9.9999e-01	1.2013e-05	2.2573e-17	7.3613e-12	2.1741e-04	9.9435e-01	5.4339e-03	1.1755e-36	7.5426e-01	2.4574e-01	1.7661e-09	1.1755e-36	1.1755e-36	1.1755e-36	3.4055e-18	0.00e+00	0.00e+00	2.6569e+01
3.17681e+16	5.7330e+03	8.026e-17	1.2916e+04	3.6328e+03	2.0073e-09	7.1911e-01	2.8089e-01	9.9999e-01	1.1942e-05	2.3018e-17	7.5482e-12	2.1036e-04	9.9459e-01	5.2003e-03	1.1755e-36	7.6387e-01	2.3613e-01	1.6518e-09	1.1755e-36	1.1755e-36	1.1755e-36	3.5192e-18	0.00e+00	0.00e+00	2.6884e+01
3.17735e+16	5.6392e+03	7.556e-17	1.2916e+04	3.5002e+03	2.3025e-09	7.2969e-01	2.7031e-01	9.9999e-01	1.1865e-05	2.3439e-17	7.7457e-12	2.0359e-04	9.9482e-01	4.9725e-03	1.1755e-36	7.7342e-01	2.2658e-01	1.5442e-09	1.1755e-36	1.1755e-36	1.1755e-36	3.6454e-18	0.00e+00	0.00e+00	2.7200e+01
3.17787e+16	5.5483e+03	7.112e-17	1.2916e+04	3.3710e+03	2.6323e-09	7.3970e-01	2.6030e-01	9.9999e-01	1.1800e-05	2.3909e-17	7.9285e-12	1.9692e-04	9.9504e-01	4.7604e-03	1.1755e-36	7.8240e-01	2.1760e-01	1.4465e-09	1.1755e-36	1.1755e-36	1.1755e-36	3.7636e-18	0.00e+00	0.00e+00	2.7510e+01
3.17838e+16	5.4560e+03	6.692e-17	1.2916e+04	3.2454e+03	3.0162e-09	7.4944e-01	2.5056e-01	9.9999e-01	1.1749e-05	2.4419e-17	8.1122e-12	1.9043e-04	9.9525e-01	4.5581e-03	1.1755e-36	7.9111e-01	2.0889e-01	1.3558e-09	1.1755e-36	1.1755e-36	1.1755e-36	3.8883e-18	0.00e+00	0.00e+00	2.7824e+01
3.17890e+16	5.3610e+03	6.289e-17	1.2916e+04	3.1217e+03	3.4701e-09	7.5903e-01	2.4097e-01	9.9999e-01	1.1696e-05	2.4942e-17	8.3005e-12	1.8401e-04	9.9545e-01	4.3626e-03	1.1755e-36	7.9964e-01	2.0036e-01	1.2703e-09	1.1755e-36	1.1755e-36	1.1755e-36	4.0236e-18	0.00e+00	0.00e+00	2.8142e+01
3.17941e+16	5.2638e+03	5.905e-17	1.2916e+04	3.0007e+03	4.0062e-09	7.6841e-01	2.3159e-01	9.9999e-01	1.1645e-05	2.5487e-17	8.4958e-12	1.7773e-04	9.9565e-01	4.1747e-03	1.1755e-36	8.0796e-01	1.9204e-01	1.1902e-09	1.1755e-36	1.1755e-36	1.1755e-36	4.1741e-18	0.00e+00	0.00e+00	2.8461e+01
3.17992e+16	5.1648e+03	5.543e-17	1.2916e+04	2.8831e+03	4.6363e-09	7.7752e-01	2.2248e-01	9.9999e-01	1.1599e-05	2.6054e-17	8.7003e-12	1.7162e-04	9.9583e-01	3.9955e-03	1.1755e-36	8.1601e-01	1.8399e-01	1.1158e-09	1.1755e-36	1.1755e-36	1.1755e-36	4.3445e-18	0.00e+00	0.00e+00	2.8780e+01
3.18041e+16	5.0648e+03	5.202e-17	1.2916e+04	2.7697e+03	5.3727e-09	7.8631e-01	2.1369e-01	9.9999e-01	1.1557e-05	2.6639e-17	8.9173e-12	1.6572e-04	9.9601e-01	3.8257e-03	1.1755e-36	8.2375e-01	1.7625e-01	1.0469e-09	1.1755e-36	1.1755e-36	1.1755e-36	4.5410e-18	0.00e+00	0.00e+00	2.9097e+01
3.18090e+16	4.9607e+03	4.886e-17	1.2916e+04	2.6597e+03	6.2476e-09	7.9475e-01	2.0525e-01	9.9999e-01	1.1521e-05	2.7239e-17	9.1419e-12	1.6002e-04	9.9618e-01	3.6598e-03	1.1755e-36	8.3117e-01	1.6883e-01	9.8348e-10	1.1755e-36	1.1755e-36	1.1755e-36	4.7528e-18	0.00e+00	0.00e+00	2.9409e+01
3.18138e+16	4.8585e+03	4.593e-17	1.2916e+04	2.5557e+03	7.2289e-09	8.0280e-01	1.9720e-01	9.9999e-01	1.1487e-05	2.7841e-17	9.3558e-12	1.5463e-04	9.9635e-01	3.4938e-03	1.1755e-36	8.3820e-01	1.6180e-01	9.2536e-10	1.1755e-36	1.1755e-36	1.1755e-36	4.9548e-18	0.00e+00	0.00e+00	2.9714e+01
3.18184e+16	4.7603e+03	4.319e-17	1.2916e+04	2.4550e+03	8.3040e-09	8.1033e-01	1.8967e-01	9.9999e-01	1.1474e-05	2.8525e-17	9.5542e-12	1.4935e-04	9.9651e-01	3.3395e-03	1.1755e-36	8.4476e-01	1.5524e-01	8.7237e-10	1.1755e-36	1.1755e-36	1.1755e-36	5.1545e-18	0.00e+00	0.00e+00	3.0017e+01
3.18229e+16	4.6575e+03	4.065e-17	1.2916e+04	2.3598e+03	9.5713e-09	8.1772e-01	1.8228e-01	9.9999e-01	1.1445e-05	2.9143e-17	9.7705e-12	1.4443e-04	9.9667e-01	3.1901e-03	1.1755e-36	8.5119e-01	1.4881e-01	8.2264e-10	1.1755e-36	1.1755e-36	1.1755e-36	5.3904e-18	0.00e+00	0.00e+00	3.0316e+01
3.18274e+16	4.5542e+03	3.826e-17	1.2916e+04	2.2678e+03	1.0995e-08	8.2484e-01	1.7516e-01	9.9999e-01	1.1424e-05	2.9788e-17	9.9853e-12	1.3968e-04	9.9681e-01	3.0477e-03	1.1755e-36	8.5735e-01	1.4265e-01	7.7630e-10	1.1755e-36	1.1755e-36	1.1755e-36	5.6410e-18	0.00e+00	0.00e+00	3.0614e+01
3.18313e+16	4.4593e+03	3.632e-17	1.2916e+04	2.1924e+03	1.2433e-08	8.3099e-01	1.6901e-01	9.9999e-01	1.1353e-05	3.0169e-17	1.0191e-11	1.3587e-04	9.9694e-01	2.9250e-03	1.1755e-36	8.6268e-01	1.3732e-01	7.3793e-10	1.1755e-36	1.1755e-36	1.1755e-36	5.8962e-18	0.00e+00	0.00e+00	3.0845e+01
3.18345e+16	4.3873e+03	3.477e-17	1.2916e+04	2.1300e+03	1.3595e-08	8.3575e-01	1.6425e-01	9.9999e-01	1.1367e-05	3.0733e-17	1.0329e-11	1.3264e-04	9.9704e-01	2.8309e-03	1.1755e-36	8.6676e-01	1.3324e-01	7.0855e-10	1.1755e-36	1.1755e-36	1.1755e-36	6.0739e-18	0.00e+00	0.00e+00	3.1047e+01
3.18377e+16	4.3042e+03	3.321e-17	1.2916e+04	2.0652e+03	1.4993e-08	8.4074e-01	1.5926e-01	9.9999e-01	1.1386e-05	3.1325e-17	1.0479e-11	1.2935e-04	9.9714e-01	2.7344e-03	1.1755e-36	8.7107e-01	1.2893e-01	6.7861e-10	1.1755e-36	1.1755e-36	1.1755e-36	6.2760e-18	0.00e+00	0.00e+00	3.1284e+01
3.18413e+16	4.2179e+03	3.154e-17	1.2916e+04	1.9947e+03	1.6484e-08	8.4599e-01	1.5401e-01	9.9999e-01	1.1375e-05	3.1941e-17	1.0612e-11	1.2571e-04	9.9724e-01	2.6327e-03	1.1755e-36	8.7557e-01	1.2443e-01	6.4742e-10	1.1755e-36	1.1755e-36	1.1755e-36	6.4580e-18	0.00e+00	0.00e+00	3.1541e+01
3.18452e+16	4.1171e+03	2.981e-17	1.2916e+04	1.9200e+03	1.8245e-08	8.5176e-01	1.4824e-01	9.9999e-01	1.1365e-05	3.2594e-17	1.0752e-11	1.2194e-04	9.9736e-01	2.5223e-03	1.1755e-36	8.8052e-01	1.1948e-01	6.1424e-10	1.1755e-36	1.1755e-36	1.1755e-36	6.6511e-18	0.00e+00	0.00e+00	3.1826e+01
3.18494e+16	4.0089e+03	2.806e-17	1.2916e+04	1.8429e+03	2.0072e-08	8.5772e-01	1.4228e-01	9.9999e-01	1.1342e-05	3.3263e-17	1.0860e-11	1.1809e-04	9.9747e-01	2.4094e-03	1.1755e-36	8.8561e-01	1.1439e-01	5.8104e-10	1.1755e-36	1.1755e-36	1.1755e-36	6.7948e-18	0.00e+00	0.00e+00	3.2121e+01
3.18535e+16	3.9001e+03	2.644e-17	1.2916e+04	1.7689e+03	2.1757e-08	8.6344e-01	1.3656e-01	9.9999e-01	1.1320e-05	3.3930e-17	1.0916e-11	1.1443e-04	9.9758e-01	2.3017e-03	1.1755e-36	8.9049e-01	1.0951e-01	5.4998e-10	1.1755e-36	1.1755e-36	1.1755e-36	6.8521e-18	0.00e+00	0.00e+00	3.2405e+01
###########################
4.27633e+11	8.1958e+03	4.680e-16	1.2916e+04	1.4025e+04	3.5997e-16	1.1061e-03	9.9889e-01	5.9456e-03	9.8865e-01	5.4057e-03	4.2094e-19	3.2725e-05	1.0027e-01	8.9729e-01	2.3994e-03	2.8202e-04	2.8721e-01	7.1099e-01	1.5205e-03	1.1755e-36	1.1755e-36	2.8358e-27	0.00e+00	0.00e+00	7.7137e-05
2.56580e+12	8.1950e+03	4.679e-16	1.2916e+04	1.4024e+04	3.5746e-16	1.1059e-03	9.9889e-01	5.9455e-03	9.8865e-01	5.4022e-03	4.1741e-19	3.2806e-05	1.0027e-01	8.9729e-01	2.4025e-03	2.8187e-04	2.8711e-01	7.1110e-01	1.5152e-03	1.1755e-36	1.1755e-36	2.7896e-27	0.00e+00	0.00e+00	3.8563e-04
1.11185e+13	8.1932e+03	4.677e-16	1.2916e+04	1.4024e+04	3.4552e-16	1.1053e-03	9.9889e-01	5.9459e-03	9.8868e-01	5.3700e-03	4.0258e-19	3.2763e-05	1.0025e-01	8.9732e-01	2.3972e-03	2.8171e-04	2.8708e-01	7.1115e-01	1.4936e-03	1.1755e-36	1.1755e-36	2.5953e-27	0.00e+00	0.00e+00	1.6190e-03
4.53291e+13	8.1875e+03	4.669e-16	1.2916e+04	1.4024e+04	3.4210e-16	1.1045e-03	9.9890e-01	5.9523e-03	9.8885e-01	5.1958e-03	3.9817e-19	3.2744e-05	1.0032e-01	8.9727e-01	2.3785e-03	2.8182e-04	2.8726e-01	7.1104e-01	1.4096e-03	1.1755e-36	1.1755e-36	2.5344e-27	0.00e+00	0.00e+00	6.5490e-03
1.08277e+14	8.1718e+03	4.640e-16	1.2916e+04	1.4024e+04	3.4007e-16	1.0974e-03	9.9890e-01	5.9443e-03	9.8895e-01	5.1064e-03	3.9209e-19	3.2540e-05	1.0023e-01	8.9737e-01	2.3643e-03	2.8009e-04	2.8709e-01	7.1133e-01	1.2985e-03	1.1755e-36	1.1755e-36	2.4790e-27	0.00e+00	0.00e+00	1.2916e-02
1.90109e+14	8.1506e+03	4.610e-16	1.2916e+04	1.4024e+04	3.3697e-16	1.0909e-03	9.9891e-01	5.9428e-03	9.8923e-01	4.8306e-03	3.8433e-19	3.2391e-05	1.0022e-01	8.9741e-01	2.3345e-03	2.7884e-04	2.8718e-01	7.1138e-01	1.1624e-03	1.1755e-36	1.1755e-36	2.3938e-27	0.00e+00	0.00e+00	2.1145e-02
2.96490e+14	8.1333e+03	4.573e-16	1.2916e+04	1.4023e+04	3.3203e-16	1.0838e-03	9.9892e-01	5.9423e-03	9.8968e-01	4.3806e-03	3.7563e-19	3.2266e-05	1.0023e-01	8.9745e-01	2.2917e-03	2.7775e-04	2.8748e-01	7.1124e-01	1.0029e-03	1.1755e-36	1.1755e-36	2.2975e-27	0.00e+00	0.00e+00	3.1773e-02
4.34786e+14	8.1082e+03	4.532e-16	1.2916e+04	1.4023e+04	3.2945e-16	1.0770e-03	9.9892e-01	5.9489e-03	9.9029e-01	3.7585e-03	3.6909e-19	3.2186e-05	1.0033e-01	8.9741e-01	2.2326e-03	2.7730e-04	2.8826e-01	7.1064e-01	8.2381e-04	1.1755e-36	1.1755e-36	2.2198e-27	0.00e+00	0.00e+00	4.5502e-02
6.14571e+14	8.0817e+03	4.484e-16	1.2916e+04	1.4022e+04	3.2690e-16	1.0699e-03	9.9893e-01	5.9604e-03	9.9104e-01	3.0025e-03	3.6331e-19	3.2137e-05	1.0050e-01	8.9730e-01	2.1609e-03	2.7747e-04	2.8957e-01	7.0952e-01	6.3485e-04	1.1755e-36	1.1755e-36	2.1463e-27	0.00e+00	0.00e+00	6.3233e-02
8.48291e+14	8.0487e+03	4.430e-16	1.2916e+04	1.4021e+04	3.2562e-16	1.0632e-03	9.9894e-01	5.9810e-03	9.9183e-01	2.1867e-03	3.5914e-19	3.2147e-05	1.0082e-01	8.9707e-01	2.0792e-03	2.7866e-04	2.9164e-01	7.0763e-01	4.5032e-04	1.1755e-36	1.1755e-36	2.0803e-27	0.00e+00	0.00e+00	8.6139e-02
1.15213e+15	8.0139e+03	4.366e-16	1.2916e+04	1.4020e+04	3.2415e-16	1.0570e-03	9.9894e-01	6.0110e-03	9.9257e-01	1.4175e-03	3.5595e-19	3.2228e-05	1.0132e-01	8.9665e-01	1.9944e-03	2.8099e-04	2.9454e-01	7.0489e-01	2.8741e-04	1.1755e-36	1.1755e-36	2.0141e-27	0.00e+00	0.00e+00	1.1574e-01
1.54711e+15	7.9725e+03	4.296e-16	1.2916e+04	1.4020e+04	3.2423e-16	1.0522e-03	9.9895e-01	6.0570e-03	9.9315e-01	7.9508e-04	3.5522e-19	3.2426e-05	1.0209e-01	8.9597e-01	1.9102e-03	2.8495e-04	2.9845e-01	7.0110e-01	1.6060e-04	1.1755e-36	1.1755e-36	1.9575e-27	0.00e+00	0.00e+00	1.5405e-01
2.06060e+15	7.9285e+03	4.218e-16	1.2916e+04	1.4019e+04	3.2482e-16	1.0494e-03	9.9895e-01	6.1241e-03	9.9350e-01	3.7414e-04	3.5676e-19	3.2782e-05	1.0322e-01	8.9492e-01	1.8290e-03	2.9094e-04	3.0350e-01	6.9613e-01	7.6200e-05	1.1755e-36	1.1755e-36	1.9048e-27	0.00e+00	0.00e+00	2.0372e-01
2.72812e+15	7.8803e+03	4.134e-16	1.2916e+04	1.4018e+04	3.2738e-16	1.0506e-03	9.9895e-01	6.2245e-03	9.9363e-01	1.4269e-04	3.6274e-19	3.3384e-05	1.0488e-01	8.9334e-01	1.7467e-03	2.9994e-04	3.1004e-01	6.8963e-01	2.9718e-05	1.1755e-36	1.1755e-36	1.8673e-27	0.00e+00	0.00e+00	2.6837e-01
3.59591e+15	7.8311e+03	4.044e-16	1.2916e+04	1.4018e+04	3.3295e-16	1.0579e-03	9.9894e-01	6.3750e-03	9.9358e-01	4.2615e-05	3.7642e-19	3.4359e-05	1.0732e-01	8.9099e-01	1.6570e-03	3.1347e-04	3.1868e-01	6.8099e-01	9.2964e-06	1.1755e-36	1.1755e-36	1.8617e-27	0.00e+00	0.00e+00	3.5300e-01
4.72403e+15	7.7830e+03	3.952e-16	1.2916e+04	1.4018e+04	3.4309e-16	1.0752e-03	9.9892e-01	6.6048e-03	9.9339e-01	9.7129e-06	4.0276e-19	3.5915e-05	1.1094e-01	8.8747e-01	1.5517e-03	3.3422e-04	3.3043e-01	6.6924e-01	2.3790e-06	1.1755e-36	1.1755e-36	1.9047e-27	0.00e+00	0.00e+00	4.6481e-01
6.19059e+15	7.7431e+03	3.861e-16	1.2916e+04	1.4017e+04	3.6092e-16	1.1086e-03	9.9889e-01	6.9613e-03	9.9304e-01	1.6959e-06	4.5300e-19	3.8399e-05	1.1639e-01	8.8214e-01	1.4245e-03	3.6674e-04	3.4679e-01	6.5284e-01	6.0336e-07	1.1755e-36	1.1755e-36	2.0460e-27	0.00e+00	0.00e+00	6.1468e-01
8.09712e+15	7.7084e+03	3.782e-16	1.2916e+04	1.4015e+04	3.9538e-16	1.1705e-03	9.9883e-01	7.5401e-03	9.9246e-01	2.3836e-07	5.5301e-19	4.2550e-05	1.2501e-01	8.7368e-01	1.2679e-03	4.2069e-04	3.7058e-01	6.2899e-01	2.3959e-07	1.1755e-36	1.1755e-36	2.3841e-27	0.00e+00	0.00e+00	8.2039e-01
1.05756e+16	7.7011e+03	3.719e-16	1.2916e+04	1.4012e+04	4.6052e-16	1.2814e-03	9.9872e-01	8.5214e-03	9.9148e-01	2.8968e-08	7.7189e-19	4.9667e-05	1.3901e-01	8.5986e-01	1.0788e-03	5.1498e-04	4.0611e-01	5.9337e-01	1.5465e-07	1.1755e-36	1.1755e-36	3.2173e-27	0.00e+00	0.00e+00	1.1131e+00
1.30886e+16	7.7180e+03	3.681e-16	1.2916e+04	1.4008e+04	5.5334e-16	1.4233e-03	9.9858e-01	9.8076e-03	9.9019e-01	4.5155e-09	1.1362e-18	5.8848e-05	1.5646e-01	8.4258e-01	9.0732e-04	6.4196e-04	4.4709e-01	5.5227e-01	1.1755e-36	1.1755e-36	1.1755e-36	4.7025e-27	0.00e+00	0.00e+00	1.3713e+00
1.48984e+16	7.7592e+03	3.685e-16	1.2916e+04	1.4005e+04	6.3894e-16	1.5647e-03	9.9844e-01	1.1106e-02	9.8889e-01	1.4563e-09	1.5760e-18	6.7927e-05	1.7302e-01	8.2612e-01	7.9064e-04	7.7215e-04	4.8263e-01	5.1659e-01	1.1755e-36	1.1755e-36	1.1755e-36	6.4716e-27	0.00e+00	0.00e+00	1.5494e+00
1.61542e+16	7.8042e+03	3.703e-16	1.2916e+04	1.4001e+04	7.2438e-16	1.6937e-03	9.9831e-01	1.2312e-02	9.8769e-01	7.1774e-10	2.0892e-18	7.6299e-05	1.8768e-01	8.1154e-01	7.0916e-04	8.9491e-04	5.1173e-01	4.8737e-01	1.1755e-36	1.1755e-36	1.1755e-36	8.6217e-27	0.00e+00	0.00e+00	1.7035e+00
1.74377e+16	7.8557e+03	3.731e-16	1.2916e+04	1.3997e+04	8.5299e-16	1.8602e-03	9.9814e-01	1.3921e-02	9.8608e-01	3.5792e-10	2.9585e-18	8.7210e-05	2.0626e-01	7.9303e-01	6.2300e-04	1.0597e-03	5.4582e-01	4.5312e-01	1.1755e-36	1.1755e-36	1.1755e-36	1.2428e-26	0.00e+00	0.00e+00	1.9236e+00
1.88224e+16	7.9240e+03	3.773e-16	1.2916e+04	1.3991e+04	1.0280e-15	2.0777e-03	9.9792e-01	1.6152e-02	9.8385e-01	1.8033e-10	4.4141e-18	1.0164e-04	2.3029e-01	7.6908e-01	5.3526e-04	1.2869e-03	5.8653e-01	4.1219e-01	1.1755e-36	1.1755e-36	1.1755e-36	1.8934e-26	0.00e+00	0.00e+00	2.1470e+00
1.99894e+16	7.9861e+03	3.824e-16	1.2916e+04	1.3985e+04	1.2361e-15	2.3112e-03	9.9769e-01	1.8721e-02	9.8128e-01	1.0595e-10	6.4688e-18	1.1729e-04	2.5577e-01	7.4365e-01	4.6181e-04	1.5429e-03	6.2564e-01	3.7282e-01	1.1755e-36	1.1755e-36	1.1755e-36	2.8372e-26	0.00e+00	0.00e+00	2.3383e+00
2.09101e+16	8.0565e+03	3.868e-16	1.2916e+04	1.3980e+04	1.4231e-15	2.5361e-03	9.9746e-01	2.1438e-02	9.7856e-01	7.1432e-11	8.9108e-18	1.3266e-04	2.8032e-01	7.1914e-01	4.0420e-04	1.8011e-03	6.5973e-01	3.3847e-01	1.1755e-36	1.1755e-36	1.1755e-36	3.9365e-26	0.00e+00	0.00e+00	2.5092e+00
2.17149e+16	8.1101e+03	3.913e-16	1.2916e+04	1.3972e+04	1.6571e-15	2.7756e-03	9.9722e-01	2.4527e-02	9.7547e-01	5.1086e-11	1.2212e-17	1.4907e-04	3.0612e-01	6.9338e-01	3.5283e-04	2.0849e-03	6.9209e-01	3.0582e-01	1.1755e-36	1.1755e-36	1.1755e-36	5.4618e-26	0.00e+00	0.00e+00	2.6865e+00
2.24937e+16	8.1653e+03	3.963e-16	1.2916e+04	1.3965e+04	1.9940e-15	3.0538e-03	9.9695e-01	2.8462e-02	9.7154e-01	3.7364e-11	1.7385e-17	1.6820e-04	3.3564e-01	6.6389e-01	3.0338e-04	2.4245e-03	7.2544e-01	2.7213e-01	1.1755e-36	1.1755e-36	1.1755e-36	8.0721e-26	0.00e+00	0.00e+00	2.8793e+00
2.32433e+16	8.2293e+03	4.018e-16	1.2916e+04	1.3957e+04	2.3956e-15	3.3747e-03	9.9663e-01	3.3579e-02	9.6642e-01	2.8009e-11	2.4875e-17	1.8995e-04	3.6926e-01	6.3029e-01	2.5664e-04	2.8281e-03	7.5940e-01	2.3777e-01	1.1755e-36	1.1755e-36	1.1755e-36	1.1925e-25	0.00e+00	0.00e+00	3.0789e+00
2.39293e+16	8.2715e+03	4.078e-16	1.2916e+04	1.3942e+04	2.8530e-15	3.7410e-03	9.9626e-01	3.9981e-02	9.6002e-01	2.1628e-11	3.4784e-17	2.1506e-04	4.0669e-01	5.9288e-01	2.1366e-04	3.2974e-03	7.9226e-01	2.0444e-01	1.1755e-36	1.1755e-36	1.1755e-36	1.6723e-25	0.00e+00	0.00e+00	3.2762e+00
2.45364e+16	8.3339e+03	4.133e-16	1.2916e+04	1.3932e+04	3.4759e-15	4.1253e-03	9.9587e-01	4.8004e-02	9.5200e-01	1.7331e-11	4.9811e-17	2.4074e-04	4.4534e-01	5.5424e-01	1.7686e-04	3.8021e-03	8.2225e-01	1.7394e-01	1.1755e-36	1.1755e-36	1.1755e-36	2.5176e-25	0.00e+00	0.00e+00	3.4671e+00
2.50822e+16	8.3699e+03	4.189e-16	1.2916e+04	1.3911e+04	4.3238e-15	4.5517e-03	9.9545e-01	5.7988e-02	9.4201e-01	1.4120e-11	7.1395e-17	2.6890e-04	4.8647e-01	5.1311e-01	1.4397e-04	4.3671e-03	8.4984e-01	1.4580e-01	1.1755e-36	1.1755e-36	1.1755e-36	3.8129e-25	0.00e+00	0.00e+00	3.6616e+00
2.55904e+16	8.4100e+03	4.247e-16	1.2916e+04	1.3890e+04	5.3543e-15	5.0269e-03	9.9497e-01	7.1540e-02	9.2846e-01	1.1633e-11	1.0171e-16	2.9913e-04	5.3051e-01	4.6908e-01	1.1459e-04	5.0040e-03	8.7559e-01	1.1941e-01	1.1755e-36	1.1755e-36	1.1755e-36	5.7240e-25	0.00e+00	0.00e+00	3.8635e+00
2.59947e+16	8.4420e+03	4.303e-16	1.2916e+04	1.3869e+04	6.4312e-15	5.4783e-03	9.9452e-01	8.7537e-02	9.1246e-01	9.9154e-12	1.3716e-16	3.2703e-04	5.7090e-01	4.2868e-01	9.2322e-05	5.6143e-03	8.9633e-01	9.8051e-02	1.1755e-36	1.1755e-36	1.1755e-36	8.0524e-25	0.00e+00	0.00e+00	4.0047e+00
2.62588e+16	8.4736e+03	4.337e-16	1.2916e+04	1.3850e+04	7.2324e-15	5.8096e-03	9.9419e-01	1.0210e-01	8.9790e-01	8.9185e-12	1.6764e-16	3.4678e-04	6.0006e-01	3.9951e-01	7.8293e-05	6.0669e-03	9.0986e-01	8.4072e-02	1.1755e-36	1.1755e-36	1.1755e-36	1.0096e-24	0.00e+00	0.00e+00	4.1052e+00
2.64604e+16	8.4884e+03	4.359e-16	1.2916e+04	1.3826e+04	8.0378e-15	6.0934e-03	9.9391e-01	1.1573e-01	8.8427e-01	8.1178e-12	1.9767e-16	3.6313e-04	6.2356e-01	3.7601e-01	6.7883e-05	6.4535e-03	9.1988e-01	7.3666e-02	1.1755e-36	1.1755e-36	1.1755e-36	1.2211e-24	0.00e+00	0.00e+00	4.2002e+00
2.66803e+16	8.5015e+03	4.388e-16	1.2916e+04	1.3807e+04	9.0304e-15	6.4381e-03	9.9356e-01	1.3544e-01	8.6456e-01	7.3055e-12	2.3714e-16	3.8197e-04	6.5058e-01	3.4899e-01	5.6889e-05	6.9212e-03	9.3047e-01	6.2606e-02	1.1755e-36	1.1755e-36	1.1755e-36	1.4988e-24	0.00e+00	0.00e+00	4.3307e+00
2.69140e+16	8.5270e+03	4.416e-16	1.2916e+04	1.3778e+04	1.0212e-14	6.8331e-03	9.9317e-01	1.6322e-01	8.3678e-01	6.4234e-12	2.8898e-16	4.0259e-04	6.8027e-01	3.1928e-01	4.6261e-05	7.4596e-03	9.4138e-01	5.1157e-02	1.1755e-36	1.1755e-36	1.1755e-36	1.8774e-24	0.00e+00	0.00e+00	4.4527e+00
2.71035e+16	8.5404e+03	4.438e-16	1.2916e+04	1.3741e+04	1.1391e-14	7.1893e-03	9.9281e-01	1.9422e-01	8.0578e-01	5.7025e-12	3.4167e-16	4.2002e-04	7.0554e-01	2.9400e-01	3.8158e-05	7.9448e-03	9.5003e-01	4.2030e-02	1.1755e-36	1.1755e-36	1.1755e-36	2.2697e-24	0.00e+00	0.00e+00	4.5466e+00
2.72468e+16	8.5496e+03	4.451e-16	1.2916e+04	1.3703e+04	1.2411e-14	7.4800e-03	9.9252e-01	2.2477e-01	7.7523e-01	5.1410e-12	3.8898e-16	4.3327e-04	7.2498e-01	2.7455e-01	3.2399e-05	8.3404e-03	9.5630e-01	3.5363e-02	1.1755e-36	1.1755e-36	1.1755e-36	2.6259e-24	0.00e+00	0.00e+00	4.6237e+00
2.73703e+16	8.5591e+03	4.457e-16	1.2916e+04	1.3662e+04	1.3377e-14	7.7460e-03	9.9225e-01	2.5754e-01	7.4246e-01	4.6362e-12	4.3584e-16	4.4448e-04	7.4164e-01	2.5789e-01	2.7747e-05	8.7014e-03	9.6141e-01	2.9888e-02	1.1755e-36	1.1755e-36	1.1755e-36	2.9821e-24	0.00e+00	0.00e+00	4.6999e+00
2.75089e+16	8.5676e+03	4.459e-16	1.2916e+04	1.3614e+04	1.4622e-14	8.0711e-03	9.9193e-01	3.0353e-01	6.9647e-01	4.0517e-12	4.9766e-16	4.5694e-04	7.6003e-01	2.3949e-01	2.2869e-05	9.1390e-03	9.6672e-01	2.4142e-02	1.1755e-36	1.1755e-36	1.1755e-36	3.4584e-24	0.00e+00	0.00e+00	4.8030e+00
2.76531e+16	8.5783e+03	4.457e-16	1.2916e+04	1.3551e+04	1.6063e-14	8.4268e-03	9.9157e-01	3.6450e-01	6.3550e-01	3.3699e-12	5.7248e-16	4.6915e-04	7.7820e-01	2.2131e-01	1.8420e-05	9.6154e-03	9.7176e-01	1.8624e-02	1.1755e-36	1.1755e-36	1.1755e-36	4.0432e-24	0.00e+00	0.00e+00	4.8935e+00
2.77681e+16	8.5838e+03	4.446e-16	1.2916e+04	1.3479e+04	1.7331e-14	8.7230e-03	9.9128e-01	4.2641e-01	5.7359e-01	2.8188e-12	6.3982e-16	4.7764e-04	7.9189e-01	2.0762e-01	1.5225e-05	1.0010e-02	9.7539e-01	1.4598e-02	1.1755e-36	1.1755e-36	1.1755e-36	4.5573e-24	0.00e+00	0.00e+00	4.9635e+00
2.78607e+16	8.5842e+03	4.430e-16	1.2916e+04	1.3407e+04	1.8480e-14	8.9734e-03	9.9103e-01	4.8514e-01	5.1486e-01	2.3734e-12	7.0045e-16	4.8360e-04	8.0207e-01	1.9744e-01	1.2886e-05	1.0342e-02	9.7795e-01	1.1713e-02	1.1755e-36	1.1755e-36	1.1755e-36	5.0140e-24	0.00e+00	0.00e+00	5.0270e+00
2.79606e+16	8.5849e+03	4.407e-16	1.2916e+04	1.3329e+04	1.9872e-14	9.2652e-03	9.9073e-01	5.5601e-01	4.4399e-01	1.9091e-12	7.7555e-16	4.8948e-04	8.1204e-01	1.8746e-01	1.0589e-05	1.0723e-02	9.8024e-01	9.0325e-03	1.1755e-36	1.1755e-36	1.1755e-36	5.5892e-24	0.00e+00	0.00e+00	5.1123e+00
2.80904e+16	8.5814e+03	4.375e-16	1.2916e+04	1.3230e+04	2.1976e-14	9.6774e-03	9.9032e-01	6.5446e-01	3.4554e-01	1.3499e-12	8.8829e-16	4.9616e-04	8.2312e-01	1.7638e-01	8.0568e-06	1.1252e-02	9.8251e-01	6.2380e-03	1.1755e-36	1.1755e-36	1.1755e-36	6.4756e-24	0.00e+00	0.00e+00	5.2281e+00
2.82259e+16	8.5785e+03	4.339e-16	1.2916e+04	1.3116e+04	2.4359e-14	1.0126e-02	9.8987e-01	7.5699e-01	2.4301e-01	8.5116e-13	1.0167e-15	5.0108e-04	8.3223e-01	1.6727e-01	5.9632e-06	1.1823e-02	9.8413e-01	4.0465e-03	1.1755e-36	1.1755e-36	1.1755e-36	7.5013e-24	0.00e+00	0.00e+00	5.3308e+00
2.83476e+16	8.5739e+03	4.307e-16	1.2916e+04	1.3008e+04	2.6762e-14	1.0559e-02	9.8944e-01	8.3585e-01	1.6415e-01	5.2486e-13	1.1411e-15	5.0410e-04	8.3852e-01	1.6097e-01	4.4562e-06	1.2366e-02	9.8496e-01	2.6715e-03	1.1755e-36	1.1755e-36	1.1755e-36	8.5434e-24	0.00e+00	0.00e+00	5.4333e+00
2.84844e+16	8.5719e+03	4.288e-16	1.2916e+04	1.2917e+04	2.9813e-14	1.1105e-02	9.8890e-01	9.0011e-01	9.9894e-02	2.9057e-13	1.2957e-15	5.0754e-04	8.4421e-01	1.5527e-01	3.1414e-06	1.3043e-02	9.8530e-01	1.6617e-03	1.1755e-36	1.1755e-36	1.1755e-36	9.9664e-24	0.00e+00	0.00e+00	5.5734e+00
2.86624e+16	8.5740e+03	4.292e-16	1.2916e+04	1.2843e+04	3.4321e-14	1.1912e-02	9.8809e-01	9.4979e-01	5.0211e-02	1.3011e-13	1.5200e-15	5.1252e-04	8.5031e-01	1.4918e-01	1.9601e-06	1.4037e-02	9.8507e-01	8.9357e-04	1.1755e-36	1.1755e-36	1.1755e-36	1.2259e-23	0.00e+00	0.00e+00	5.7688e+00
2.88937e+16	8.5835e+03	4.330e-16	1.2916e+04	1.2787e+04	4.1219e-14	1.3144e-02	9.8686e-01	9.7938e-01	2.0617e-02	4.6756e-14	1.8608e-15	5.1961e-04	8.5731e-01	1.4217e-01	1.0409e-06	1.5546e-02	9.8405e-01	4.0127e-04	1.1755e-36	1.1755e-36	1.1755e-36	1.6119e-23	0.00e+00	0.00e+00	6.0491e+00
2.91944e+16	8.5953e+03	4.412e-16	1.2916e+04	1.2744e+04	5.3039e-14	1.5137e-02	9.8486e-01	9.9288e-01	7.1231e-03	1.3839e-14	2.4406e-15	5.2973e-04	8.6622e-01	1.3325e-01	4.4764e-07	1.7984e-02	9.8187e-01	1.4522e-04	1.1755e-36	1.1755e-36	1.1755e-36	2.3429e-23	0.00e+00	0.00e+00	6.4687e+00
2.95248e+16	8.6132e+03	4.526e-16	1.2916e+04	1.2703e+04	7.2860e-14	1.8045e-02	9.8196e-01	9.9745e-01	2.5515e-03	4.2763e-15	3.4230e-15	5.4120e-04	8.7635e-01	1.2311e-01	1.7462e-07	2.1540e-02	9.7841e-01	4.8241e-05	1.1755e-36	1.1755e-36	1.1755e-36	3.7776e-23	0.00e+00	0.00e+00	6.9409e+00
2.98138e+16	8.6216e+03	4.644e-16	1.2916e+04	1.2665e+04	1.0349e-13	2.1608e-02	9.7839e-01	9.9879e-01	1.2122e-03	1.8132e-15	4.9374e-15	5.5183e-04	8.8617e-01	1.1327e-01	1.1755e-36	2.5898e-02	9.7408e-01	1.8894e-05	1.1755e-36	1.1755e-36	1.1755e-36	6.4318e-23	0.00e+00	0.00e+00	7.3938e+00
3.00554e+16	8.6210e+03	4.744e-16	1.2916e+04	1.2608e+04	1.4794e-13	2.5711e-02	9.7429e-01	9.9928e-01	7.1670e-04	9.7988e-16	7.1212e-15	5.6065e-04	8.9524e-01	1.0420e-01	1.1755e-36	3.0917e-02	9.6907e-01	8.7296e-06	1.1755e-36	1.1755e-36	1.1755e-36	1.1036e-22	0.00e+00	0.00e+00	7.8682e+00
3.02579e+16	8.6073e+03	4.839e-16	1.2916e+04	1.2559e+04	2.1170e-13	3.0420e-02	9.6958e-01	9.9952e-01	4.8090e-04	6.1084e-16	1.0218e-14	5.6844e-04	9.0363e-01	9.5806e-02	1.1755e-36	3.6675e-02	9.6332e-01	4.5778e-06	1.1755e-36	1.1755e-36	1.1755e-36	1.8870e-22	0.00e+00	0.00e+00	8.3116e+00
3.04205e+16	8.5955e+03	4.905e-16	1.2916e+04	1.2485e+04	2.9441e-13	3.5413e-02	9.6459e-01	9.9965e-01	3.4993e-04	4.2040e-16	1.4210e-14	5.7373e-04	9.1081e-01	8.8615e-02	1.1755e-36	4.2777e-02	9.5722e-01	2.7062e-06	1.1755e-36	1.1755e-36	1.1755e-36	3.0890e-22	0.00e+00	0.00e+00	8.7343e+00
3.05605e+16	8.5736e+03	4.962e-16	1.2916e+04	1.2411e+04	4.0831e-13	4.1061e-02	9.5894e-01	9.9973e-01	2.6681e-04	3.0537e-16	1.9611e-14	5.7825e-04	9.1756e-01	8.1861e-02	1.1755e-36	4.9668e-02	9.5033e-01	1.6955e-06	1.1755e-36	1.1755e-36	1.1755e-36	5.0011e-22	0.00e+00	0.00e+00	9.1823e+00
3.06903e+16	8.5452e+03	5.009e-16	1.2916e+04	1.2325e+04	5.7568e-13	4.7892e-02	9.5211e-01	9.9979e-01	2.0558e-04	2.2512e-16	2.7415e-14	5.8203e-04	9.2426e-01	7.5158e-02	1.1755e-36	5.7988e-02	9.4201e-01	1.0827e-06	1.1755e-36	1.1755e-36	1.1755e-36	8.2585e-22	0.00e+00	0.00e+00	9.6737e+00
3.08100e+16	8.5111e+03	5.042e-16	1.2916e+04	1.2221e+04	8.2442e-13	5.6190e-02	9.4381e-01	9.9984e-01	1.5955e-04	1.6807e-16	3.8774e-14	5.8469e-04	9.3084e-01	6.8577e-02	1.1755e-36	6.8066e-02	9.3193e-01	7.0472e-07	1.1755e-36	1.1755e-36	1.1755e-36	1.3883e-21	0.00e+00	0.00e+00	1.0193e+01
3.09158e+16	8.4727e+03	5.055e-16	1.2916e+04	1.2099e+04	1.1830e-12	6.5920e-02	9.3408e-01	9.9987e-01	1.2574e-04	1.2828e-16	5.4748e-14	5.8594e-04	9.3704e-01	6.2379e-02	1.1755e-36	7.9843e-02	9.2016e-01	4.7318e-07	1.1755e-36	1.1755e-36	1.1755e-36	2.3284e-21	0.00e+00	0.00e+00	1.0721e+01
3.10074e+16	8.4274e+03	5.059e-16	1.2916e+04	1.1982e+04	1.6957e-12	7.7195e-02	9.2280e-01	9.9990e-01	1.0085e-04	1.0006e-16	7.7015e-14	5.8685e-04	9.4285e-01	5.6564e-02	1.1755e-36	9.3429e-02	9.0657e-01	3.2782e-07	1.1755e-36	1.1755e-36	1.1755e-36	3.8863e-21	0.00e+00	0.00e+00	1.1257e+01
3.10872e+16	8.3859e+03	5.017e-16	1.2916e+04	1.1799e+04	2.3887e-12	8.9697e-02	9.1030e-01	9.9992e-01	8.2476e-05	8.0422e-17	1.0597e-13	5.8372e-04	9.4797e-01	5.1444e-02	1.1755e-36	1.0842e-01	8.9158e-01	2.3390e-07	1.1755e-36	1.1755e-36	1.1755e-36	6.2673e-21	0.00e+00	0.00e+00	1.1803e+01
3.11591e+16	8.3367e+03	4.960e-16	1.2916e+04	1.1610e+04	3.3921e-12	1.0438e-01	8.9562e-01	9.9993e-01	6.8007e-05	6.5351e-17	1.4645e-13	5.8003e-04	9.5288e-01	4.6537e-02	1.1755e-36	1.2593e-01	8.7407e-01	1.6869e-07	1.1755e-36	1.1755e-36	1.1755e-36	1.0186e-20	0.00e+00	0.00e+00	1.2391e+01
3.12253e+16	8.2791e+03	4.873e-16	1.2916e+04	1.1389e+04	4.8801e-12	1.2191e-01	8.7809e-01	9.9994e-01	5.6182e-05	5.3443e-17	2.0375e-13	5.7450e-04	9.5760e-01	4.1824e-02	1.1755e-36	1.4667e-01	8.5333e-01	1.2211e-07	1.1755e-36	1.1755e-36	1.1755e-36	1.6727e-20	0.00e+00	0.00e+00	1.3020e+01
3.12852e+16	8.2174e+03	4.752e-16	1.2916e+04	1.1128e+04	7.0454e-12	1.4238e-01	8.5762e-01	9.9995e-01	4.6789e-05	4.4322e-17	2.8299e-13	5.6656e-04	9.6201e-01	3.7424e-02	1.1755e-36	1.7068e-01	8.2932e-01	8.9099e-08	1.1755e-36	1.1755e-36	1.1755e-36	2.7415e-20	0.00e+00	0.00e+00	1.3677e+01
3.13388e+16	8.1494e+03	4.595e-16	1.2916e+04	1.0829e+04	1.0166e-11	1.6581e-01	8.3419e-01	9.9996e-01	3.9437e-05	3.7421e-17	3.9036e-13	5.5627e-04	9.6606e-01	3.3384e-02	1.1755e-36	1.9790e-01	8.0210e-01	6.5675e-08	1.1755e-36	1.1755e-36	1.1755e-36	4.4493e-20	0.00e+00	0.00e+00	1.4360e+01
3.13870e+16	8.0763e+03	4.388e-16	1.2916e+04	1.0450e+04	1.4579e-11	1.9201e-01	8.0799e-01	9.9997e-01	3.3723e-05	3.2373e-17	5.2945e-13	5.4141e-04	9.6968e-01	2.9774e-02	1.1755e-36	2.2799e-01	7.7201e-01	4.8889e-08	1.1755e-36	1.1755e-36	1.1755e-36	7.0289e-20	0.00e+00	0.00e+00	1.5081e+01
3.14319e+16	7.9901e+03	4.151e-16	1.2916e+04	1.0049e+04	2.1257e-11	2.2292e-01	7.7708e-01	9.9997e-01	2.8914e-05	2.8180e-17	7.2431e-13	5.2538e-04	9.7318e-01	2.6298e-02	1.1755e-36	2.6303e-01	7.3697e-01	3.6199e-08	1.1755e-36	1.1755e-36	1.1755e-36	1.1278e-19	0.00e+00	0.00e+00	1.5875e+01
3.14741e+16	7.8857e+03	3.868e-16	1.2916e+04	9.5813e+03	3.1520e-11	2.5909e-01	7.4091e-01	9.9998e-01	2.4939e-05	2.4872e-17	9.9198e-13	5.0556e-04	9.7648e-01	2.3018e-02	1.1755e-36	3.0340e-01	6.9660e-01	2.6633e-08	1.1755e-36	1.1755e-36	1.1755e-36	1.8125e-19	0.00e+00	0.00e+00	1.6736e+01
3.15112e+16	7.7711e+03	3.563e-16	1.2916e+04	9.0814e+03	4.6127e-11	2.9776e-01	7.0224e-01	9.9998e-01	2.1777e-05	2.2389e-17	1.3261e-12	4.8351e-04	9.7935e-01	2.0170e-02	1.1755e-36	3.4584e-01	6.5416e-01	1.9929e-08	1.1755e-36	1.1755e-36	1.1755e-36	2.8090e-19	0.00e+00	0.00e+00	1.7547e+01
3.15400e+16	7.6625e+03	3.287e-16	1.2916e+04	8.6249e+03	6.3636e-11	3.3308e-01	6.6692e-01	9.9998e-01	1.9633e-05	2.0842e-17	1.6744e-12	4.6279e-04	9.8154e-01	1.7993e-02	1.1755e-36	3.8395e-01	6.1605e-01	1.5670e-08	1.1755e-36	1.1755e-36	1.1755e-36	3.9929e-19	0.00e+00	0.00e+00	1.8207e+01
3.15613e+16	7.5682e+03	3.060e-16	1.2916e+04	8.2461e+03	8.2009e-11	3.6238e-01	6.3762e-01	9.9998e-01	1.8340e-05	2.0046e-17	1.9943e-12	4.4527e-04	9.8314e-01	1.6414e-02	1.1755e-36	4.1511e-01	5.8489e-01	1.2990e-08	1.1755e-36	1.1755e-36	1.1755e-36	5.1959e-19	0.00e+00	0.00e+00	1.8749e+01
3.15785e+16	7.4810e+03	2.864e-16	1.2916e+04	7.9141e+03	1.0179e-10	3.8813e-01	6.1187e-01	9.9998e-01	1.7449e-05	1.9599e-17	2.2987e-12	4.2970e-04	9.8441e-01	1.5163e-02	1.1755e-36	4.4216e-01	5.5784e-01	1.1084e-08	1.1755e-36	1.1755e-36	1.1755e-36	6.4326e-19	0.00e+00	0.00e+00	1.9254e+01
3.15941e+16	7.3915e+03	2.677e-16	1.2916e+04	7.5896e+03	1.2512e-10	4.1323e-01	5.8677e-01	9.9998e-01	1.6660e-05	1.9250e-17	2.6152e-12	4.1430e-04	9.8554e-01	1.4047e-02	1.1755e-36	4.6822e-01	5.3178e-01	9.5390e-09	1.1755e-36	1.1755e-36	1.1755e-36	7.8035e-19	0.00e+00	0.00e+00	1.9768e+01
3.16089e+16	7.2981e+03	2.494e-16	1.2916e+04	7.2659e+03	1.5326e-10	4.3825e-01	5.6175e-01	9.9998e-01	1.5915e-05	1.8949e-17	2.9499e-12	3.9879e-04	9.8658e-01	1.3021e-02	1.1755e-36	4.9393e-01	5.0607e-01	8.2450e-09	1.1755e-36	1.1755e-36	1.1755e-36	9.3402e-19	0.00e+00	0.00e+00	2.0277e+01
3.16224e+16	7.2041e+03	2.322e-16	1.2916e+04	6.9552e+03	1.8590e-10	4.6227e-01	5.3773e-01	9.9998e-01	1.5289e-05	1.8766e-17	3.2882e-12	3.8376e-04	9.8751e-01	1.2107e-02	1.1755e-36	5.1833e-01	4.8167e-01	7.1898e-09	1.1755e-36	1.1755e-36	1.1755e-36	1.0975e-18	0.00e+00	0.00e+00	2.0759e+01
3.16345e+16	7.1121e+03	2.166e-16	1.2916e+04	6.6657e+03	2.2251e-10	4.8465e-01	5.1535e-01	9.9999e-01	1.4792e-05	1.8706e-17	3.6179e-12	3.6963e-04	9.8832e-01	1.1310e-02	1.1755e-36	5.4083e-01	4.5917e-01	6.3399e-09	1.1755e-36	1.1755e-36	1.1755e-36	1.2638e-18	0.00e+00	0.00e+00	2.1212e+01
3.16455e+16	7.0216e+03	2.023e-16	1.2916e+04	6.3943e+03	2.6358e-10	5.0563e-01	4.9437e-01	9.9999e-01	1.4387e-05	1.8736e-17	3.9388e-12	3.5629e-04	9.8904e-01	1.0604e-02	1.1755e-36	5.6174e-01	4.3826e-01	5.6403e-09	1.1755e-36	1.1755e-36	1.1755e-36	1.4318e-18	0.00e+00	0.00e+00	2.1647e+01
3.16558e+16	6.9309e+03	1.890e-16	1.2916e+04	6.1349e+03	3.1035e-10	5.2568e-01	4.7432e-01	9.9999e-01	1.4037e-05	1.8824e-17	4.2552e-12	3.4345e-04	9.8969e-01	9.9636e-03	1.1755e-36	5.8153e-01	4.1847e-01	5.0468e-09	1.1755e-36	1.1755e-36	1.1755e-36	1.6024e-18	0.00e+00	0.00e+00	2.2073e+01
3.16654e+16	6.8394e+03	1.765e-16	1.2916e+04	5.8853e+03	3.6399e-10	5.4498e-01	4.5502e-01	9.9999e-01	1.3725e-05	1.8957e-17	4.5678e-12	3.3102e-04	9.9029e-01	9.3760e-03	1.1755e-36	6.0042e-01	3.9958e-01	4.5356e-09	1.1755e-36	1.1755e-36	1.1755e-36	1.7753e-18	0.00e+00	0.00e+00	2.2491e+01
3.16733e+16	6.7612e+03	1.669e-16	1.2916e+04	5.6881e+03	4.1476e-10	5.6037e-01	4.3963e-01	9.9999e-01	1.3399e-05	1.8957e-17	4.8236e-12	3.2118e-04	9.9075e-01	8.9245e-03	1.1755e-36	6.1537e-01	3.8463e-01	4.1683e-09	1.1755e-36	1.1755e-36	1.1755e-36	1.9195e-18	0.00e+00	0.00e+00	2.2779e+01
3.16790e+16	6.7101e+03	1.597e-16	1.2916e+04	5.5383e+03	4.5442e-10	5.7169e-01	4.2831e-01	9.9999e-01	1.3321e-05	1.9225e-17	5.0105e-12	3.1355e-04	9.9108e-01	8.6021e-03	1.1755e-36	6.2629e-01	3.7371e-01	3.9114e-09	1.1755e-36	1.1755e-36	1.1755e-36	2.0268e-18	0.00e+00	0.00e+00	2.3023e+01
3.16845e+16	6.6387e+03	1.528e-16	1.2916e+04	5.3924e+03	5.0681e-10	5.8359e-01	4.1641e-01	9.9999e-01	1.3217e-05	1.9417e-17	5.2185e-12	3.0629e-04	9.9142e-01	8.2734e-03	1.1755e-36	6.3773e-01	3.6227e-01	3.6651e-09	1.1755e-36	1.1755e-36	1.1755e-36	2.1469e-18	0.00e+00	0.00e+00	2.3298e+01
3.16905e+16	6.5709e+03	1.455e-16	1.2916e+04	5.2329e+03	5.6522e-10	5.9596e-01	4.0404e-01	9.9999e-01	1.3046e-05	1.9578e-17	5.4308e-12	2.9822e-04	9.9176e-01	7.9396e-03	1.1755e-36	6.4956e-01	3.5044e-01	3.4198e-09	1.1755e-36	1.1755e-36	1.1755e-36	2.2706e-18	0.00e+00	0.00e+00	2.3594e+01
3.16966e+16	6.4988e+03	1.380e-16	1.2916e+04	5.0678e+03	6.3343e-10	6.0856e-01	3.9144e-01	9.9999e-01	1.2889e-05	1.9788e-17	5.6460e-12	2.8983e-04	9.9210e-01	7.6088e-03	1.1755e-36	6.6154e-01	3.3846e-01	3.1857e-09	1.1755e-36	1.1755e-36	1.1755e-36	2.3959e-18	0.00e+00	0.00e+00	2.3897e+01
3.17026e+16	6.4267e+03	1.309e-16	1.2916e+04	4.9048e+03	7.0953e-10	6.2094e-01	3.7906e-01	9.9999e-01	1.2751e-05	2.0040e-17	5.8574e-12	2.8148e-04	9.9243e-01	7.2914e-03	1.1755e-36	6.7324e-01	3.2676e-01	2.9693e-09	1.1755e-36	1.1755e-36	1.1755e-36	2.5193e-18	0.00e+00	0.00e+00	2.4199e+01
3.17085e+16	6.3522e+03	1.240e-16	1.2916e+04	4.7471e+03	7.9626e-10	6.3318e-01	3.6682e-01	9.9999e-01	1.2624e-05	2.0305e-17	6.0712e-12	2.7339e-04	9.9274e-01	6.9850e-03	1.1755e-36	6.8476e-01	3.1524e-01	2.7687e-09	1.1755e-36	1.1755e-36	1.1755e-36	2.6457e-18	0.00e+00	0.00e+00	2.4501e+01
3.17143e+16	6.2801e+03	1.174e-16	1.2916e+04	4.5919e+03	8.9095e-10	6.4503e-01	3.5497e-01	9.9999e-01	1.2511e-05	2.0609e-17	6.2754e-12	2.6537e-04	9.9304e-01	6.6950e-03	1.1755e-36	6.9583e-01	3.0417e-01	2.5847e-09	1.1755e-36	1.1755e-36	1.1755e-36	2.7663e-18	0.00e+00	0.00e+00	2.4802e+01
3.17200e+16	6.2024e+03	1.111e-16	1.2916e+04	4.4388e+03	1.0023e-09	6.5684e-01	3.4316e-01	9.9999e-01	1.2407e-05	2.0931e-17	6.4812e-12	2.5746e-04	9.9333e-01	6.4127e-03	1.1755e-36	7.0683e-01	2.9317e-01	2.4127e-09	1.1755e-36	1.1755e-36	1.1755e-36	2.8880e-18	0.00e+00	0.00e+00	2.5109e+01
3.17257e+16	6.1220e+03	1.050e-16	1.2916e+04	4.2878e+03	1.1307e-09	6.6851e-01	3.3149e-01	9.9999e-01	1.2304e-05	2.1266e-17	6.6849e-12	2.4963e-04	9.9361e-01	6.1400e-03	1.1755e-36	7.1764e-01	2.8236e-01	2.2523e-09	1.1755e-36	1.1755e-36	1.1755e-36	3.0085e-18	0.00e+00	0.00e+00	2.5417e+01
3.17313e+16	6.0404e+03	9.917e-17	1.2916e+04	4.1401e+03	1.2772e-09	6.7992e-01	3.2008e-01	9.9999e-01	1.2210e-05	2.1626e-17	6.8842e-12	2.4195e-04	9.9388e-01	5.8789e-03	1.1755e-36	7.2815e-01	2.7185e-01	2.1040e-09	1.1755e-36	1.1755e-36	1.1755e-36	3.1264e-18	0.00e+00	0.00e+00	2.5725e+01
3.17368e+16	5.9574e+03	9.360e-17	1.2916e+04	3.9956e+03	1.4447e-09	6.9108e-01	3.0892e-01	9.9999e-01	1.2125e-05	2.2013e-17	7.0789e-12	2.3441e-04	9.9414e-01	5.6289e-03	1.1755e-36	7.3838e-01	2.6162e-01	1.9665e-09	1.1755e-36	1.1755e-36	1.1755e-36	3.2421e-18	0.00e+00	0.00e+00	2.6034e+01
3.17423e+16	5.8727e+03	8.827e-17	1.2916e+04	3.8540e+03	1.6376e-09	7.0202e-01	2.9798e-01	9.9999e-01	1.2046e-05	2.2422e-17	7.2700e-12	2.2699e-04	9.9438e-01	5.3888e-03	1.1755e-36	7.4837e-01	2.5163e-01	1.8387e-09	1.1755e-36	1.1755e-36	1.1755e-36	3.3562e-18	0.00e+00	0.00e+00	2.6345e+01
3.17477e+16	5.7860e+03	8.318e-17	1.2916e+04	3.7150e+03	1.8613e-09	7.1275e-01	2.8725e-01	9.9999e-01	1.1971e-05	2.2854e-17	7.4582e-12	2.1968e-04	9.9462e-01	5.1578e-03	1.1755e-36	7.5812e-01	2.4188e-01	1.7195e-09	1.1755e-36	1.1755e-36	1.1755e-36	3.4697e-18	0.00e+00	0.00e+00	2.6658e+01
3.17531e+16	5.6933e+03	7.834e-17	1.2916e+04	3.5807e+03	2.1313e-09	7.2346e-01	2.7654e-01	9.9999e-01	1.1891e-05	2.3264e-17	7.6561e-12	2.1266e-04	9.9485e-01	4.9325e-03	1.1755e-36	7.6780e-01	2.3220e-01	1.6074e-09	1.1755e-36	1.1755e-36	1.1755e-36	3.5943e-18	0.00e+00	0.00e+00	2.6973e+01
3.17583e+16	5.6074e+03	7.375e-17	1.2916e+04	3.4478e+03	2.4212e-09	7.3341e-01	2.6659e-01	9.9999e-01	1.1834e-05	2.3769e-17	7.8267e-12	2.0559e-04	9.9507e-01	4.7258e-03	1.1755e-36	7.7676e-01	2.2324e-01	1.5065e-09	1.1755e-36	1.1755e-36	1.1755e-36	3.6992e-18	0.00e+00	0.00e+00	2.7282e+01
3.17636e+16	5.5114e+03	6.937e-17	1.2916e+04	3.3204e+03	2.7868e-09	7.4364e-01	2.5636e-01	9.9999e-01	1.1769e-05	2.4229e-17	8.0252e-12	1.9890e-04	9.9528e-01	4.5191e-03	1.1755e-36	7.8593e-01	2.1407e-01	1.4092e-09	1.1755e-36	1.1755e-36	1.1755e-36	3.8334e-18	0.00e+00	0.00e+00	2.7602e+01
3.17687e+16	5.4174e+03	6.521e-17	1.2916e+04	3.1945e+03	3.2011e-09	7.5338e-01	2.4662e-01	9.9999e-01	1.1702e-05	2.4718e-17	8.2112e-12	1.9222e-04	9.9548e-01	4.3249e-03	1.1755e-36	7.9462e-01	2.0538e-01	1.3201e-09	1.1755e-36	1.1755e-36	1.1755e-36	3.9624e-18	0.00e+00	0.00e+00	2.7916e+01
3.17738e+16	5.3224e+03	6.130e-17	1.2916e+04	3.0730e+03	3.6830e-09	7.6280e-01	2.3720e-01	9.9999e-01	1.1653e-05	2.5254e-17	8.4005e-12	1.8576e-04	9.9567e-01	4.1406e-03	1.1755e-36	8.0300e-01	1.9700e-01	1.2376e-09	1.1755e-36	1.1755e-36	1.1755e-36	4.1025e-18	0.00e+00	0.00e+00	2.8231e+01
3.17789e+16	5.2252e+03	5.757e-17	1.2916e+04	2.9541e+03	4.2520e-09	7.7203e-01	2.2797e-01	9.9999e-01	1.1604e-05	2.5806e-17	8.5983e-12	1.7943e-04	9.9586e-01	3.9635e-03	1.1755e-36	8.1116e-01	1.8884e-01	1.1602e-09	1.1755e-36	1.1755e-36	1.1755e-36	4.2600e-18	0.00e+00	0.00e+00	2.8549e+01
3.17839e+16	5.1257e+03	5.403e-17	1.2916e+04	2.8378e+03	4.9245e-09	7.8103e-01	2.1897e-01	9.9999e-01	1.1556e-05	2.6376e-17	8.8079e-12	1.7323e-04	9.9603e-01	3.7938e-03	1.1755e-36	8.1911e-01	1.8089e-01	1.0878e-09	1.1755e-36	1.1755e-36	1.1755e-36	4.4408e-18	0.00e+00	0.00e+00	2.8869e+01
3.17889e+16	5.0224e+03	5.071e-17	1.2916e+04	2.7247e+03	5.7293e-09	7.8971e-01	2.1029e-01	9.9999e-01	1.1511e-05	2.6961e-17	9.0325e-12	1.6722e-04	9.9620e-01	3.6335e-03	1.1755e-36	8.2675e-01	1.7325e-01	1.0210e-09	1.1755e-36	1.1755e-36	1.1755e-36	4.6519e-18	0.00e+00	0.00e+00	2.9184e+01
3.17937e+16	4.9208e+03	4.765e-17	1.2916e+04	2.6181e+03	6.6327e-09	7.9797e-01	2.0203e-01	9.9999e-01	1.1469e-05	2.7545e-17	9.2506e-12	1.6154e-04	9.9637e-01	3.4712e-03	1.1755e-36	8.3399e-01	1.6601e-01	9.5981e-10	1.1755e-36	1.1755e-36	1.1755e-36	4.8547e-18	0.00e+00	0.00e+00	2.9492e+01
3.17984e+16	4.8187e+03	4.480e-17	1.2916e+04	2.5160e+03	7.6685e-09	8.0587e-01	1.9413e-01	9.9999e-01	1.1435e-05	2.8150e-17	9.4656e-12	1.5611e-04	9.9653e-01	3.3147e-03	1.1755e-36	8.4088e-01	1.5912e-01	9.0358e-10	1.1755e-36	1.1755e-36	1.1755e-36	5.0643e-18	0.00e+00	0.00e+00	2.9796e+01
3.18030e+16	4.7202e+03	4.212e-17	1.2916e+04	2.4164e+03	8.8052e-09	8.1331e-01	1.8669e-01	9.9999e-01	1.1415e-05	2.8823e-17	9.6650e-12	1.5078e-04	9.9668e-01	3.1681e-03	1.1755e-36	8.4736e-01	1.5264e-01	8.5195e-10	1.1755e-36	1.1755e-36	1.1755e-36	5.2716e-18	0.00e+00	0.00e+00	3.0100e+01
3.18075e+16	4.6169e+03	3.964e-17	1.2916e+04	2.3224e+03	1.0140e-08	8.2060e-01	1.7940e-01	9.9999e-01	1.1377e-05	2.9422e-17	9.8826e-12	1.4580e-04	9.9683e-01	3.0264e-03	1.1755e-36	8.5369e-01	1.4631e-01	8.0356e-10	1.1755e-36	1.1755e-36	1.1755e-36	5.5162e-18	0.00e+00	0.00e+00	3.0397e+01
3.18114e+16	4.5242e+03	3.767e-17	1.2916e+04	2.2467e+03	1.1470e-08	8.2678e-01	1.7322e-01	9.9999e-01	1.1297e-05	2.9767e-17	1.0088e-11	1.4186e-04	9.9695e-01	2.9073e-03	1.1755e-36	8.5905e-01	1.4095e-01	7.6426e-10	1.1755e-36	1.1755e-36	1.1755e-36	5.7625e-18	0.00e+00	0.00e+00	3.0624e+01
3.18145e+16	4.4543e+03	3.609e-17	1.2916e+04	2.1845e+03	1.2548e-08	8.3153e-01	1.6847e-01	9.9999e-01	1.1302e-05	3.0290e-17	1.0227e-11	1.3855e-04	9.9704e-01	2.8165e-03	1.1755e-36	8.6312e-01	1.3688e-01	7.3442e-10	1.1755e-36	1.1755e-36	1.1755e-36	5.9365e-18	0.00e+00	0.00e+00	3.0821e+01
3.18177e+16	4.3766e+03	3.451e-17	1.2916e+04	2.1208e+03	1.3812e-08	8.3648e-01	1.6352e-01	9.9999e-01	1.1307e-05	3.0826e-17	1.0380e-11	1.3521e-04	9.9714e-01	2.7228e-03	1.1755e-36	8.6740e-01	1.3260e-01	7.0389e-10	1.1755e-36	1.1755e-36	1.1755e-36	6.1357e-18	0.00e+00	0.00e+00	3.1052e+01
3.18212e+16	4.2897e+03	3.281e-17	1.2916e+04	2.0490e+03	1.5281e-08	8.4177e-01	1.5823e-01	9.9999e-01	1.1284e-05	3.1391e-17	1.0525e-11	1.3142e-04	9.9725e-01	2.6231e-03	1.1755e-36	8.7194e-01	1.2806e-01	6.7204e-10	1.1755e-36	1.1755e-36	1.1755e-36	6.3316e-18	0.00e+00	0.00e+00	3.1306e+01
3.18250e+16	4.1940e+03	3.109e-17	1.2916e+04	1.9764e+03	1.6952e-08	8.4740e-01	1.5260e-01	9.9999e-01	1.1238e-05	3.1905e-17	1.0680e-11	1.2764e-04	9.9735e-01	2.5181e-03	1.1755e-36	8.7679e-01	1.2321e-01	6.3908e-10	1.1755e-36	1.1755e-36	1.1755e-36	6.5451e-18	0.00e+00	0.00e+00	3.1571e+01
3.18289e+16	4.0947e+03	2.941e-17	1.2916e+04	1.9034e+03	1.8685e-08	8.5305e-01	1.4695e-01	9.9999e-01	1.1186e-05	3.2424e-17	1.0811e-11	1.2387e-04	9.9746e-01	2.4139e-03	1.1755e-36	8.8162e-01	1.1838e-01	6.0695e-10	1.1755e-36	1.1755e-36	1.1755e-36	6.7257e-18	0.00e+00	0.00e+00	3.1843e+01
3.18329e+16	3.9901e+03	2.775e-17	1.2916e+04	1.8296e+03	2.0437e-08	8.5875e-01	1.4125e-01	9.9999e-01	1.1117e-05	3.2922e-17	1.0907e-11	1.2009e-04	9.9757e-01	2.3097e-03	1.1755e-36	8.8649e-01	1.1351e-01	5.7534e-10	1.1755e-36	1.1755e-36	1.1755e-36	6.8523e-18	0.00e+00	0.00e+00	3.2128e+01
###########################
4.27633e+11	8.1958e+03	4.680e-16	1.2916e+04	1.4025e+04	3.5994e-16	1.1061e-03	9.9889e-01	5.9456e-03	9.8865e-01	5.4057e-03	4.2091e-19	3.2725e-05	1.0027e-01	8.9729e-01	2.3994e-03	2.8202e-04	2.8721e-01	7.1099e-01	1.5205e-03	1.1755e-36	1.1755e-36	2.8353e-27	0.00e+00	0.00e+00	7.7137e-05
2.56580e+12	8.1950e+03	4.679e-16	1.2916e+04	1.4024e+04	3.5743e-16	1.1059e-03	9.9889e-01	5.9455e-03	9.8865e-01	5.4022e-03	4.1737e-19	3.2806e-05	1.0027e-01	8.9729e-01	2.4025e-03	2.8187e-04	2.8711e-01	7.1110e-01	1.5152e-03	1.1755e-36	1.1755e-36	2.7891e-27	0.00e+00	0.00e+00	3.8563e-04
1.11185e+13	8.1932e+03	4.677e-16	1.2916e+04	1.4024e+04	3.4549e-16	1.1053e-03	9.9889e-01	5.9459e-03	9.8868e-01	5.3700e-03	4.0254e-19	3.2763e-05	1.0025e-01	8.9732e-01	2.3972e-03	2.8171e-04	2.8708e-01	7.1115e-01	1.4936e-03	1.1755e-36	1.1755e-36	2.5948e-27	0.00e+00	0.00e+00	1.6190e-03
4.53291e+13	8.1875e+03	4.669e-16	1.2916e+04	1.4024e+04	3.4207e-16	1.1045e-03	9.9890e-01	5.9523e-03	9.8885e-01	5.1958e-03	3.9813e-19	3.2744e-05	1.0032e-01	8.9727e-01	2.3785e-03	2.8182e-04	2.8726e-01	7.1104e-01	1.4096e-03	1.1755e-36	1.1755e-36	2.5339e-27	0.00e+00	0.00e+00	6.5490e-03
1.08277e+14	8.1718e+03	4.640e-16	1.2916e+04	1.4024e+04	3.4004e-16	1.0974e-03	9.9890e-01	5.9443e-03	9.8895e-01	5.1064e-03	3.9205e-19	3.2540e-05	1.0023e-01	8.9737e-01	2.3643e-03	2.8009e-04	2.8709e-01	7.1133e-01	1.2985e-03	1.1755e-36	1.1755e-36	2.4786e-27	0.00e+00	0.00e+00	1.2916e-02
1.90109e+14	8.1506e+03	4.610e-16	1.2916e+04	1.4024e+04	3.3694e-16	1.0909e-03	9.9891e-01	5.9428e-03	9.8923e-01	4.8306e-03	3.8429e-19	3.2391e-05	1.0022e-01	8.9741e-01	2.3345e-03	2.7884e-04	2.8718e-01	7.1138e-01	1.1624e-03	1.1755e-36	1.1755e-36	2.3933e-27	0.00e+00	0.00e+00	2.1145e-02
2.96490e+14	8.1333e+03	4.573e-16	1.2916e+04	1.4023e+04	3.3200e-16	1.0838e-03	9.9892e-01	5.9423e-03	9.8968e-01	4.3806e-03	3.7559e-19	3.2266e-05	1.0023e-01	8.9745e-01	2.2917e-03	2.7775e-04	2.8748e-01	7.1124e-01	1.0029e-03	1.1755e-36	1.1755e-36	2.2970e-27	0.00e+00	0.00e+00	3.1773e-02
4.34786e+14	8.1082e+03	4.532e-16	1.2916e+04	1.4023e+04	3.2942e-16	1.0770e-03	9.9892e-01	5.9489e-03	9.9029e-01	3.7585e-03	3.6905e-19	3.2186e-05	1.0033e-01	8.9741e-01	2.2326e-03	2.7730e-04	2.8826e-01	7.1064e-01	8.2381e-04	1.1755e-36	1.1755e-36	2.2194e-27	0.00e+00	0.00e+00	4.5502e-02
6.14571e+14	8.0817e+03	4.484e-16	1.2916e+04	1.4022e+04	3.2687e-16	1.0699e-03	9.9893e-01	5.9604e-03	9.9104e-01	3.0025e-03	3.6327e-19	3.2137e-05	1.0050e-01	8.9730e-01	2.1609e-03	2.7747e-04	2.8957e-01	7.0952e-01	6.3485e-04	1.1755e-36	1.1755e-36	2.1459e-27	0.00e+00	0.00e+00	6.3233e-02
8.48291e+14	8.0487e+03	4.430e-16	1.2916e+04	1.4021e+04	3.2559e-16	1.0632e-03	9.9894e-01	5.9810e-03	9.9183e-01	2.1867e-03	3.5911e-19	3.2147e-05	1.0082e-01	8.9707e-01	2.0792e-03	2.7866e-04	2.9164e-01	7.0763e-01	4.5032e-04	1.1755e-36	1.1755e-36	2.0799e-27	0.00e+00	0.00e+00	8.6139e-02
1.15213e+15	8.0139e+03	4.366e-16	1.2916e+04	1.4020e+04	3.2412e-16	1.0570e-03	9.9894e-01	6.0110e-03	9.9257e-01	1.4175e-03	3.5592e-19	3.2228e-05	1.0132e-01	8.9665e-01	1.9944e-03	2.8099e-04	2.9454e-01	7.0489e-01	2.8741e-04	1.1755e-36	1.1755e-36	2.0137e-27	0.00e+00	0.00e+00	1.1574e-01
1.54711e+15	7.9725e+03	4.296e-16	1.2916e+04	1.4020e+04	3.2420e-16	1.0522e-03	9.9895e-01	6.0570e-03	9.9315e-01	7.9508e-04	3.5518e-19	3.2426e-05	1.0209e-01	8.9597e-01	1.9102e-03	2.8495e-04	2.9845e-01	7.0110e-01	1.6060e-04	1.1755e-36	1.1755e-36	1.9571e-27	0.00e+00	0.00e+00	1.5405e-01
2.06060e+15	7.9285e+03	4.218e-16	1.2916e+04	1.4019e+04	3.2478e-16	1.0494e-03	9.9895e-01	6.1241e-03	9.9350e-01	3.7414e-04	3.5672e-19	3.2782e-05	1.0322e-01	8.9492e-01	1.8290e-03	2.9094e-04	3.0350e-01	6.9613e-01	7.6200e-05	1.1755e-36	1.1755e-36	1.9043e-27	0.00e+00	0.00e+00	2.0372e-01
2.72812e+15	7.8803e+03	4.134e-16	1.2916e+04	1.4018e+04	3.2734e-16	1.0506e-03	9.9895e-01	6.2245e-03	9.9363e-01	1.4269e-04	3.6269e-19	3.3384e-05	1.0488e-01	8.9334e-01	1.7467e-03	2.9994e-04	3.1004e-01	6.8963e-01	2.9718e-05	1.1755e-36	1.1755e-36	1.8668e-27	0.00e+00	0.00e+00	2.6837e-01
3.59591e+15	7.8311e+03	4.044e-16	1.2916e+04	1.4018e+04	3.3291e-16	1.0579e-03	9.9894e-01	6.3750e-03	9.9358e-01	4.2615e-05	3.7637e-19	3.4359e-05	1.0732e-01	8.9099e-01	1.6570e-03	3.1347e-04	3.1868e-01	6.8099e-01	9.2964e-06	1.1755e-36	1.1755e-36	1.8611e-27	0.00e+00	0.00e+00	3.5299e-01
4.72403e+15	7.7830e+03	3.952e-16	1.2916e+04	1.4018e+04	3.4303e-16	1.0752e-03	9.9892e-01	6.6048e-03	9.9339e-01	9.7129e-06	4.0268e-19	3.5915e-05	1.1094e-01	8.8747e-01	1.5517e-03	3.3422e-04	3.3043e-01	6.6924e-01	2.3790e-06	1.1755e-36	1.1755e-36	1.9040e-27	0.00e+00	0.00e+00	4.6481e-01
6.19059e+15	7.7431e+03	3.861e-16	1.2916e+04	1.4017e+04	3.6082e-16	1.1086e-03	9.9889e-01	6.9613e-03	9.9304e-01	1.6959e-06	4.5288e-19	3.8399e-05	1.1639e-01	8.8214e-01	1.4245e-03	3.6674e-04	3.4679e-01	6.5284e-01	6.0336e-07	1.1755e-36	1.1755e-36	2.0449e-27	0.00e+00	0.00e+00	6.1468e-01
8.09712e+15	7.7084e+03	3.782e-16	1.2916e+04	1.4015e+04	3.9523e-16	1.1705e-03	9.9883e-01	7.5401e-03	9.9246e-01	2.3836e-07	5.5279e-19	4.2550e-05	1.2501e-01	8.7368e-01	1.2679e-03	4.2069e-04	3.7058e-01	6.2899e-01	2.3959e-07	1.1755e-36	1.1755e-36	2.3822e-27	0.00e+00	0.00e+00	8.2039e-01
1.05756e+16	7.7011e+03	3.719e-16	1.2916e+04	1.4012e+04	4.6027e-16	1.2814e-03	9.9872e-01	8.5214e-03	9.9148e-01	2.8968e-08	7.7145e-19	4.9667e-05	1.3901e-01	8.5986e-01	1.0788e-03	5.1498e-04	4.0611e-01	5.9337e-01	1.5465e-07	1.1755e-36	1.1755e-36	3.2135e-27	0.00e+00	0.00e+00	1.1131e+00
1.30886e+16	7.7180e+03	3.681e-16	1.2916e+04	1.4008e+04	5.5331e-16	1.4233e-03	9.9858e-01	9.8076e-03	9.9019e-01	4.5155e-09	1.1361e-18	5.8849e-05	1.5646e-01	8.4258e-01	9.0732e-04	6.4196e-04	4.4709e-01	5.5227e-01	1.1755e-36	1.1755e-36	1.1755e-36	4.7019e-27	0.00e+00	0.00e+00	1.3713e+00
1.48984e+16	7.7592e+03	3.685e-16	1.2916e+04	1.4005e+04	6.3802e-16	1.5647e-03	9.9844e-01	1.1106e-02	9.8889e-01	1.4563e-09	1.5736e-18	6.7928e-05	1.7302e-01	8.2612e-01	7.9064e-04	7.7215e-04	4.8263e-01	5.1659e-01	1.1755e-36	1.1755e-36	1.1755e-36	6.4515e-27	0.00e+00	0.00e+00	1.5494e+00
1.61542e+16	7.8042e+03	3.703e-16	1.2916e+04	1.4001e+04	7.2324e-16	1.6937e-03	9.9831e-01	1.2312e-02	9.8769e-01	7.1774e-10	2.0857e-18	7.6300e-05	1.8768e-01	8.1154e-01	7.0916e-04	8.9491e-04	5.1173e-01	4.8737e-01	1.1755e-36	1.1755e-36	1.1755e-36	8.5924e-27	0.00e+00	0.00e+00	1.7035e+00
1.74377e+16	7.8557e+03	3.731e-16	1.2916e+04	1.3997e+04	8.5150e-16	1.8602e-03	9.9814e-01	1.3921e-02	9.8608e-01	3.5792e-10	2.9530e-18	8.7211e-05	2.0626e-01	7.9303e-01	6.2301e-04	1.0597e-03	5.4582e-01	4.5312e-01	1.1755e-36	1.1755e-36	1.1755e-36	1.2381e-26	0.00e+00	0.00e+00	1.9236e+00
1.88224e+16	7.9240e+03	3.773e-16	1.2916e+04	1.3991e+04	1.0258e-15	2.0776e-03	9.9792e-01	1.6152e-02	9.8385e-01	1.8033e-10	4.4043e-18	1.0164e-04	2.3029e-01	7.6908e-01	5.3526e-04	1.2869e-03	5.8653e-01	4.1218e-01	1.1755e-36	1.1755e-36	1.1755e-36	1.8849e-26	0.00e+00	0.00e+00	2.1470e+00
1.99894e+16	7.9862e+03	3.824e-16	1.2916e+04	1.3985e+04	1.2336e-15	2.3112e-03	9.9769e-01	1.8721e-02	9.8128e-01	1.0595e-10	6.4547e-18	1.1729e-04	2.5577e-01	7.4365e-01	4.6181e-04	1.5429e-03	6.2564e-01	3.7282e-01	1.1755e-36	1.1755e-36	1.1755e-36	2.8246e-26	0.00e+00	0.00e+00	2.3383e+00
2.09101e+16	8.0565e+03	3.868e-16	1.2916e+04	1.3980e+04	1.4193e-15	2.5361e-03	9.9746e-01	2.1439e-02	9.7856e-01	7.1432e-11	8.8855e-18	1.3266e-04	2.8032e-01	7.1914e-01	4.0420e-04	1.8011e-03	6.5973e-01	3.3847e-01	1.1755e-36	1.1755e-36	1.1755e-36	3.9138e-26	0.00e+00	0.00e+00	2.5092e+00
2.17149e+16	8.1102e+03	3.913e-16	1.2916e+04	1.3972e+04	1.6523e-15	2.7756e-03	9.9722e-01	2.4527e-02	9.7547e-01	5.1086e-11	1.2174e-17	1.4907e-04	3.0612e-01	6.9338e-01	3.5283e-04	2.0849e-03	6.9209e-01	3.0582e-01	1.1755e-36	1.1755e-36	1.1755e-36	5.4279e-26	0.00e+00	0.00e+00	2.6865e+00
2.24937e+16	8.1654e+03	3.963e-16	1.2916e+04	1.3965e+04	1.9880e-15	3.0538e-03	9.9695e-01	2.8463e-02	9.7154e-01	3.7364e-11	1.7331e-17	1.6821e-04	3.3564e-01	6.6389e-01	3.0338e-04	2.4245e-03	7.2544e-01	2.7213e-01	1.1755e-36	1.1755e-36	1.1755e-36	8.0205e-26	0.00e+00	0.00e+00	2.8793e+00
2.32433e+16	8.2293e+03	4.018e-16	1.2916e+04	1.3957e+04	2.3891e-15	3.3746e-03	9.9663e-01	3.3579e-02	9.6642e-01	2.8009e-11	2.4803e-17	1.8995e-04	3.6927e-01	6.3029e-01	2.5664e-04	2.8280e-03	7.5940e-01	2.3777e-01	1.1755e-36	1.1755e-36	1.1755e-36	1.1855e-25	0.00e+00	0.00e+00	3.0788e+00
2.39293e+16	8.2716e+03	4.078e-16	1.2916e+04	1.3942e+04	2.8427e-15	3.7410e-03	9.9626e-01	3.9981e-02	9.6002e-01	2.1628e-11	3.4652e-17	2.1507e-04	4.0669e-01	5.9288e-01	2.1366e-04	3.2974e-03	7.9226e-01	2.0444e-01	1.1755e-36	1.1755e-36	1.1755e-36	1.6594e-25	0.00e+00	0.00e+00	3.2762e+00
2.45364e+16	8.3340e+03	4.133e-16	1.2916e+04	1.3932e+04	3.4652e-15	4.1253e-03	9.9587e-01	4.8005e-02	9.5200e-01	1.7331e-11	4.9649e-17	2.4075e-04	4.4535e-01	5.5424e-01	1.7686e-04	3.8021e-03	8.2226e-01	1.7394e-01	1.1755e-36	1.1755e-36	1.1755e-36	2.5010e-25	0.00e+00	0.00e+00	3.4671e+00
2.50822e+16	8.3699e+03	4.189e-16	1.2916e+04	1.3911e+04	4.3028e-15	4.5516e-03	9.9545e-01	5.7990e-02	9.4201e-01	1.4120e-11	7.1034e-17	2.6890e-04	4.8648e-01	5.1311e-01	1.4397e-04	4.3671e-03	8.4984e-01	1.4580e-01	1.1755e-36	1.1755e-36	1.1755e-36	3.7738e-25	0.00e+00	0.00e+00	3.6616e+00
2.55904e+16	8.4101e+03	4.247e-16	1.2916e+04	1.3890e+04	5.3290e-15	5.0268e-03	9.9497e-01	7.1541e-02	9.2846e-01	1.1633e-11	1.0121e-16	2.9914e-04	5.3051e-01	4.6907e-01	1.1459e-04	5.0039e-03	8.7559e-01	1.1941e-01	1.1755e-36	1.1755e-36	1.1755e-36	5.6668e-25	0.00e+00	0.00e+00	3.8635e+00
2.59947e+16	8.4419e+03	4.303e-16	1.2916e+04	1.3869e+04	6.4027e-15	5.4783e-03	9.9452e-01	8.7540e-02	9.1246e-01	9.9152e-12	1.3652e-16	3.2705e-04	5.7091e-01	4.2867e-01	9.2320e-05	5.6142e-03	8.9634e-01	9.8049e-02	1.1755e-36	1.1755e-36	1.1755e-36	7.9755e-25	0.00e+00	0.00e+00	4.0047e+00
2.62588e+16	8.4681e+03	4.337e-16	1.2916e+04	1.3847e+04	7.2485e-15	5.8132e-03	9.9419e-01	1.0197e-01	8.9803e-01	8.9005e-12	1.6750e-16	3.4709e-04	6.0013e-01	3.9945e-01	7.8245e-05	6.0708e-03	9.0985e-01	8.4076e-02	1.1755e-36	1.1755e-36	1.1755e-36	1.0065e-24	0.00e+00	0.00e+00	4.1052e+00
2.64612e+16	8.4903e+03	4.360e-16	1.2916e+04	1.3827e+04	7.9930e-15	6.0949e-03	9.9391e-01	1.1601e-01	8.8399e-01	8.1362e-12	1.9683e-16	3.6337e-04	6.2376e-01	3.7581e-01	6.7823e-05	6.4556e-03	9.1994e-01	7.3606e-02	1.1755e-36	1.1755e-36	1.1755e-36	1.2093e-24	0.00e+00	0.00e+00	4.2011e+00
2.66831e+16	8.5054e+03	4.385e-16	1.2916e+04	1.3803e+04	8.9998e-15	6.4408e-03	9.9356e-01	1.3565e-01	8.6435e-01	7.2936e-12	2.3684e-16	3.8233e-04	6.5091e-01	3.4865e-01	5.6775e-05	6.9256e-03	9.3060e-01	6.2475e-02	1.1755e-36	1.1755e-36	1.1755e-36	1.4927e-24	0.00e+00	0.00e+00	4.3329e+00
2.69196e+16	8.5220e+03	4.415e-16	1.2916e+04	1.3769e+04	1.0254e-14	6.8450e-03	9.9316e-01	1.6370e-01	8.3630e-01	6.3826e-12	2.8964e-16	4.0319e-04	6.8093e-01	3.1863e-01	4.6019e-05	7.4752e-03	9.4160e-01	5.0925e-02	1.1755e-36	1.1755e-36	1.1755e-36	1.8772e-24	0.00e+00	0.00e+00	4.4569e+00
2.71113e+16	8.5433e+03	4.437e-16	1.2916e+04	1.3738e+04	1.1373e-14	7.2021e-03	9.9280e-01	1.9535e-01	8.0465e-01	5.6657e-12	3.4208e-16	4.2055e-04	7.0641e-01	2.9313e-01	3.7882e-05	7.9624e-03	9.5033e-01	4.1708e-02	1.1755e-36	1.1755e-36	1.1755e-36	2.2638e-24	0.00e+00	0.00e+00	4.5516e+00
2.72544e+16	8.5510e+03	4.451e-16	1.2916e+04	1.3700e+04	1.2408e-14	7.4948e-03	9.9251e-01	2.2631e-01	7.7369e-01	5.1078e-12	3.8975e-16	4.3387e-04	7.2588e-01	2.7365e-01	3.2138e-05	8.3604e-03	9.5659e-01	3.5052e-02	1.1755e-36	1.1755e-36	1.1755e-36	2.6218e-24	0.00e+00	0.00e+00	4.6280e+00
2.73761e+16	8.5596e+03	4.457e-16	1.2916e+04	1.3660e+04	1.3368e-14	7.7585e-03	9.9224e-01	2.5901e-01	7.4099e-01	4.6114e-12	4.3619e-16	4.4497e-04	7.4233e-01	2.5720e-01	2.7563e-05	8.7181e-03	9.6162e-01	2.9664e-02	1.1755e-36	1.1755e-36	1.1755e-36	2.9737e-24	0.00e+00	0.00e+00	4.7029e+00
2.75122e+16	8.5672e+03	4.460e-16	1.2916e+04	1.3613e+04	1.4604e-14	8.0792e-03	9.9192e-01	3.0452e-01	6.9548e-01	4.0371e-12	4.9725e-16	4.5722e-04	7.6039e-01	2.3913e-01	2.2779e-05	9.1495e-03	9.6682e-01	2.4030e-02	1.1755e-36	1.1755e-36	1.1755e-36	3.4436e-24	0.00e+00	0.00e+00	4.8042e+00
2.76548e+16	8.5791e+03	4.456e-16	1.2916e+04	1.3550e+04	1.6023e-14	8.4303e-03	9.9157e-01	3.6499e-01	6.3501e-01	3.3641e-12	5.7133e-16	4.6925e-04	7.7834e-01	2.2118e-01	1.8388e-05	9.6200e-03	9.7180e-01	1.8583e-02	1.1755e-36	1.1755e-36	1.1755e-36	4.0228e-24	0.00e+00	0.00e+00	4.8945e+00
2.77700e+16	8.5831e+03	4.446e-16	1.2916e+04	1.3478e+04	1.7319e-14	8.7287e-03	9.9127e-01	4.2715e-01	5.7285e-01	2.8115e-12	6.3939e-16	4.7780e-04	7.9206e-01	2.0745e-01	1.5187e-05	1.0018e-02	9.7543e-01	1.4557e-02	1.1755e-36	1.1755e-36	1.1755e-36	4.5439e-24	0.00e+00	0.00e+00	4.9651e+00
2.78633e+16	8.5850e+03	4.429e-16	1.2916e+04	1.3406e+04	1.8474e-14	8.9804e-03	9.9102e-01	4.8642e-01	5.1358e-01	2.3631e-12	7.0085e-16	4.8376e-04	8.0228e-01	1.9722e-01	1.2837e-05	1.0351e-02	9.7799e-01	1.1656e-02	1.1755e-36	1.1755e-36	1.1755e-36	5.0098e-24	0.00e+00	0.00e+00	5.0291e+00
2.79638e+16	8.5845e+03	4.407e-16	1.2916e+04	1.3327e+04	1.9910e-14	9.2754e-03	9.9072e-01	5.5792e-01	4.4208e-01	1.8963e-12	7.7746e-16	4.8969e-04	8.1230e-01	1.8720e-01	1.0531e-05	1.0736e-02	9.8030e-01	8.9687e-03	1.1755e-36	1.1755e-36	1.1755e-36	5.6008e-24	0.00e+00	0.00e+00	5.1151e+00
2.80944e+16	8.5825e+03	4.374e-16	1.2916e+04	1.3228e+04	2.2027e-14	9.6895e-03	9.9031e-01	6.5704e-01	3.4296e-01	1.3357e-12	8.9162e-16	4.9633e-04	8.2338e-01	1.7612e-01	7.9968e-06	1.1268e-02	9.8256e-01	6.1742e-03	1.1755e-36	1.1755e-36	1.1755e-36	6.5034e-24	0.00e+00	0.00e+00	5.2317e+00
2.82306e+16	8.5782e+03	4.338e-16	1.2916e+04	1.3113e+04	2.4479e-14	1.0143e-02	9.8986e-01	7.5984e-01	2.4016e-01	8.3786e-13	1.0226e-15	5.0126e-04	8.3248e-01	1.6701e-01	5.9058e-06	1.1843e-02	9.8416e-01	3.9929e-03	1.1755e-36	1.1755e-36	1.1755e-36	7.5590e-24	0.00e+00	0.00e+00	5.3349e+00
2.83527e+16	8.5748e+03	4.306e-16	1.2916e+04	1.3005e+04	2.6888e-14	1.0577e-02	9.8942e-01	8.3836e-01	1.6164e-01	5.1469e-13	1.1479e-15	5.0423e-04	8.3874e-01	1.6076e-01	4.4067e-06	1.2388e-02	9.8498e-01	2.6303e-03	1.1755e-36	1.1755e-36	1.1755e-36	8.6156e-24	0.00e+00	0.00e+00	5.4380e+00
2.84902e+16	8.5715e+03	4.288e-16	1.2916e+04	1.2914e+04	3.0007e-14	1.1129e-02	9.8887e-01	9.0202e-01	9.7981e-02	2.8369e-13	1.3048e-15	5.0772e-04	8.4442e-01	1.5507e-01	3.0996e-06	1.3073e-02	9.8529e-01	1.6322e-03	1.1755e-36	1.1755e-36	1.1755e-36	1.0070e-23	0.00e+00	0.00e+00	5.5790e+00
2.86689e+16	8.5790e+03	4.289e-16	1.2916e+04	1.2835e+04	3.4428e-14	1.1933e-02	9.8807e-01	9.5089e-01	4.9107e-02	1.2625e-13	1.5283e-15	5.1240e-04	8.5041e-01	1.4907e-01	1.9318e-06	1.4063e-02	9.8506e-01	8.7537e-04	1.1755e-36	1.1755e-36	1.1755e-36	1.2365e-23	0.00e+00	0.00e+00	5.7756e+00
2.89012e+16	8.5820e+03	4.332e-16	1.2916e+04	1.2784e+04	4.1584e-14	1.3186e-02	9.8681e-01	9.7991e-01	2.0091e-02	4.5272e-14	1.8765e-15	5.1981e-04	8.5751e-01	1.4196e-01	1.0212e-06	1.5598e-02	9.8401e-01	3.9194e-04	1.1755e-36	1.1755e-36	1.1755e-36	1.6327e-23	0.00e+00	0.00e+00	6.0580e+00
2.92032e+16	8.5958e+03	4.414e-16	1.2916e+04	1.2743e+04	5.3566e-14	1.5201e-02	9.8480e-01	9.9307e-01	6.9327e-03	1.3398e-14	2.4665e-15	5.3003e-04	8.6647e-01	1.3300e-01	4.3734e-07	1.8062e-02	9.8180e-01	1.4130e-04	1.1755e-36	1.1755e-36	1.1755e-36	2.3815e-23	0.00e+00	0.00e+00	6.4813e+00
2.95338e+16	8.6179e+03	4.529e-16	1.2916e+04	1.2706e+04	7.3607e-14	1.8132e-02	9.8187e-01	9.9751e-01	2.4915e-03	4.1606e-15	3.4684e-15	5.4146e-04	8.7663e-01	1.2283e-01	1.7041e-07	2.1646e-02	9.7831e-01	4.6918e-05	1.1755e-36	1.1755e-36	1.1755e-36	3.8593e-23	0.00e+00	0.00e+00	6.9542e+00
2.98218e+16	8.6197e+03	4.649e-16	1.2916e+04	1.2666e+04	1.0496e-13	2.1726e-02	9.7827e-01	9.9881e-01	1.1913e-03	1.7759e-15	5.0066e-15	5.5227e-04	8.8648e-01	1.1297e-01	1.1755e-36	2.6042e-02	9.7394e-01	1.8452e-05	1.1755e-36	1.1755e-36	1.1755e-36	6.5726e-23	0.00e+00	0.00e+00	7.4078e+00
3.00624e+16	8.6209e+03	4.747e-16	1.2916e+04	1.2607e+04	1.4991e-13	2.5845e-02	9.7415e-01	9.9929e-01	7.0720e-04	9.6431e-16	7.2190e-15	5.6096e-04	8.9551e-01	1.0393e-01	1.1755e-36	3.1082e-02	9.6891e-01	8.5538e-06	1.1755e-36	1.1755e-36	1.1755e-36	1.1277e-22	0.00e+00	0.00e+00	7.8825e+00
3.02641e+16	8.6204e+03	4.828e-16	1.2916e+04	1.2536e+04	2.1226e-13	3.0493e-02	9.6951e-01	9.9953e-01	4.7242e-04	6.0014e-16	1.0290e-14	5.6753e-04	9.0366e-01	9.5777e-02	1.1755e-36	3.6766e-02	9.6323e-01	4.5002e-06	1.1755e-36	1.1755e-36	1.1755e-36	1.9110e-22	0.00e+00	0.00e+00	8.3255e+00
3.04275e+16	8.6078e+03	4.897e-16	1.2916e+04	1.2471e+04	2.9605e-13	3.5553e-02	9.6445e-01	9.9965e-01	3.4510e-04	4.1425e-16	1.4360e-14	5.7311e-04	9.1095e-01	8.8477e-02	1.1755e-36	4.2948e-02	9.5705e-01	2.6503e-06	1.1755e-36	1.1755e-36	1.1755e-36	3.1443e-22	0.00e+00	0.00e+00	8.7565e+00
3.05689e+16	8.5728e+03	4.960e-16	1.2916e+04	1.2396e+04	4.1584e-13	4.1353e-02	9.5865e-01	9.9974e-01	2.6216e-04	2.9939e-16	1.9953e-14	5.7797e-04	9.1785e-01	8.1569e-02	1.1755e-36	5.0025e-02	9.4997e-01	1.6529e-06	1.1755e-36	1.1755e-36	1.1755e-36	5.1373e-22	0.00e+00	0.00e+00	9.2095e+00
3.06979e+16	8.5439e+03	5.010e-16	1.2916e+04	1.2319e+04	5.8711e-13	4.8264e-02	9.5174e-01	9.9980e-01	2.0244e-04	2.2116e-16	2.7946e-14	5.8215e-04	9.2458e-01	7.4836e-02	1.1755e-36	5.8440e-02	9.4156e-01	1.0581e-06	1.1755e-36	1.1755e-36	1.1755e-36	8.5105e-22	0.00e+00	0.00e+00	9.6957e+00
3.08151e+16	8.5061e+03	5.052e-16	1.2916e+04	1.2237e+04	8.4110e-13	5.6610e-02	9.4339e-01	9.9984e-01	1.5781e-04	1.6565e-16	3.9548e-14	5.8575e-04	9.3118e-01	6.8236e-02	1.1755e-36	6.8574e-02	9.3143e-01	6.9319e-07	1.1755e-36	1.1755e-36	1.1755e-36	1.4323e-21	0.00e+00	0.00e+00	1.0208e+01
3.09186e+16	8.4708e+03	5.067e-16	1.2916e+04	1.2124e+04	1.1997e-12	6.6276e-02	9.3372e-01	9.9988e-01	1.2487e-04	1.2698e-16	5.5631e-14	5.8731e-04	9.3729e-01	6.2123e-02	1.1755e-36	8.0270e-02	9.1973e-01	4.6871e-07	1.1755e-36	1.1755e-36	1.1755e-36	2.3902e-21	0.00e+00	0.00e+00	1.0727e+01
3.10090e+16	8.4253e+03	5.046e-16	1.2916e+04	1.1946e+04	1.6994e-12	7.7122e-02	9.2288e-01	9.9990e-01	1.0084e-04	1.0029e-16	7.6852e-14	5.8529e-04	9.4276e-01	5.6654e-02	1.1755e-36	9.3345e-02	9.0665e-01	3.2748e-07	1.1755e-36	1.1755e-36	1.1755e-36	3.8733e-21	0.00e+00	0.00e+00	1.1259e+01
3.10899e+16	8.3836e+03	5.026e-16	1.2916e+04	1.1818e+04	2.4230e-12	9.0159e-02	9.0984e-01	9.9992e-01	8.1944e-05	7.9662e-17	1.0763e-13	5.8495e-04	9.4819e-01	5.1229e-02	1.1755e-36	1.0897e-01	8.9103e-01	2.3139e-07	1.1755e-36	1.1755e-36	1.1755e-36	6.4299e-21	0.00e+00	0.00e+00	1.1828e+01
3.11630e+16	8.3357e+03	4.957e-16	1.2916e+04	1.1604e+04	3.4496e-12	1.0509e-01	8.9491e-01	9.9993e-01	6.7284e-05	6.4588e-17	1.4889e-13	5.8000e-04	9.5310e-01	4.6321e-02	1.1755e-36	1.2676e-01	8.7324e-01	1.6621e-07	1.1755e-36	1.1755e-36	1.1755e-36	1.0455e-20	0.00e+00	0.00e+00	1.2417e+01
3.12285e+16	8.2771e+03	4.869e-16	1.2916e+04	1.1379e+04	4.9517e-12	1.2260e-01	8.7740e-01	9.9994e-01	5.5767e-05	5.3025e-17	2.0648e-13	5.7426e-04	9.5777e-01	4.1660e-02	1.1755e-36	1.4748e-01	8.5252e-01	1.2067e-07	1.1755e-36	1.1755e-36	1.1755e-36	1.7077e-20	0.00e+00	0.00e+00	1.3039e+01
3.12876e+16	8.2157e+03	4.748e-16	1.2916e+04	1.1121e+04	7.1238e-12	1.4298e-01	8.5702e-01	9.9995e-01	4.6561e-05	4.4091e-17	2.8585e-13	5.6638e-04	9.6213e-01	3.7308e-02	1.1755e-36	1.7138e-01	8.2862e-01	8.8316e-08	1.1755e-36	1.1755e-36	1.1755e-36	2.7849e-20	0.00e+00	0.00e+00	1.3693e+01
3.13409e+16	8.1477e+03	4.590e-16	1.2916e+04	1.0820e+04	1.0268e-11	1.6645e-01	8.3355e-01	9.9996e-01	3.9280e-05	3.7268e-17	3.9380e-13	5.5598e-04	9.6616e-01	3.3285e-02	1.1755e-36	1.9863e-01	8.0137e-01	6.5139e-08	1.1755e-36	1.1755e-36	1.1755e-36	4.5102e-20	0.00e+00	0.00e+00	1.4379e+01
3.13893e+16	8.0738e+03	4.382e-16	1.2916e+04	1.0439e+04	1.4752e-11	1.9287e-01	8.0713e-01	9.9997e-01	3.3560e-05	3.2218e-17	5.3476e-13	5.4102e-04	9.6979e-01	2.9665e-02	1.1755e-36	2.2897e-01	7.7103e-01	4.8425e-08	1.1755e-36	1.1755e-36	1.1755e-36	7.1377e-20	0.00e+00	0.00e+00	1.5106e+01
3.14342e+16	7.9869e+03	4.142e-16	1.2916e+04	1.0034e+04	2.1538e-11	2.2403e-01	7.7597e-01	9.9997e-01	2.8759e-05	2.8037e-17	7.3220e-13	5.2482e-04	9.7329e-01	2.6186e-02	1.1755e-36	2.6427e-01	7.3573e-01	3.5818e-08	1.1755e-36	1.1755e-36	1.1755e-36	1.1466e-19	0.00e+00	0.00e+00	1.5903e+01
3.14763e+16	7.8820e+03	3.858e-16	1.2916e+04	9.5650e+03	3.1940e-11	2.6034e-01	7.3966e-01	9.9998e-01	2.4816e-05	2.4764e-17	1.0024e-12	5.0490e-04	9.7658e-01	2.2915e-02	1.1755e-36	3.0479e-01	6.9521e-01	2.6355e-08	1.1755e-36	1.1755e-36	1.1755e-36	1.8416e-19	0.00e+00	0.00e+00	1.6764e+01
3.15131e+16	7.7676e+03	3.554e-16	1.2916e+04	9.0659e+03	4.6660e-11	2.9896e-01	7.0104e-01	9.9998e-01	2.1688e-05	2.2314e-17	1.3376e-12	4.8285e-04	9.7943e-01	2.0090e-02	1.1755e-36	3.4714e-01	6.5286e-01	1.9750e-08	1.1755e-36	1.1755e-36	1.1755e-36	2.8462e-19	0.00e+00	0.00e+00	1.7570e+01
3.15417e+16	7.6595e+03	3.279e-16	1.2916e+04	8.6122e+03	6.4197e-11	3.3405e-01	6.6595e-01	9.9998e-01	1.9582e-05	2.0800e-17	1.6849e-12	4.6225e-04	9.8160e-01	1.7937e-02	1.1755e-36	3.8499e-01	6.1501e-01	1.5562e-08	1.1755e-36	1.1755e-36	1.1755e-36	4.0312e-19	0.00e+00	0.00e+00	1.8224e+01
3.15628e+16	7.5656e+03	3.054e-16	1.2916e+04	8.2357e+03	8.2586e-11	3.6319e-01	6.3681e-01	9.9998e-01	1.8307e-05	2.0020e-17	2.0039e-12	4.4482e-04	9.8318e-01	1.6373e-02	1.1755e-36	4.1596e-01	5.8404e-01	1.2917e-08	1.1755e-36	1.1755e-36	1.1755e-36	5.2339e-19	0.00e+00	0.00e+00	1.8764e+01
3.15799e+16	7.4784e+03	2.859e-16	1.2916e+04	7.9041e+03	1.0246e-10	3.8890e-01	6.1110e-01	9.9998e-01	1.7420e-05	1.9578e-17	2.3084e-12	4.2926e-04	9.8444e-01	1.5126e-02	1.1755e-36	4.4297e-01	5.5703e-01	1.1026e-08	1.1755e-36	1.1755e-36	1.1755e-36	6.4740e-19	0.00e+00	0.00e+00	1.9270e+01
3.15955e+16	7.3887e+03	2.671e-16	1.2916e+04	7.5795e+03	1.2594e-10	4.1401e-01	5.8599e-01	9.9998e-01	1.6632e-05	1.9230e-17	2.6257e-12	4.1385e-04	9.8557e-01	1.4013e-02	1.1755e-36	4.6903e-01	5.3097e-01	9.4901e-09	1.1755e-36	1.1755e-36	1.1755e-36	7.8508e-19	0.00e+00	0.00e+00	1.9784e+01
3.16102e+16	7.2952e+03	2.488e-16	1.2916e+04	7.2560e+03	1.5422e-10	4.3902e-01	5.6098e-01	9.9998e-01	1.5891e-05	1.8932e-17	2.9608e-12	3.9834e-04	9.8661e-01	1.2990e-02	1.1755e-36	4.9472e-01	5.0528e-01	8.2044e-09	1.1755e-36	1.1755e-36	1.1755e-36	9.3919e-19	0.00e+00	0.00e+00	2.0293e+01
3.16236e+16	7.2012e+03	2.317e-16	1.2916e+04	6.9460e+03	1.8698e-10	4.6298e-01	5.3702e-01	9.9998e-01	1.5269e-05	1.8753e-17	3.2989e-12	3.8334e-04	9.8754e-01	1.2080e-02	1.1755e-36	5.1905e-01	4.8095e-01	7.1571e-09	1.1755e-36	1.1755e-36	1.1755e-36	1.1028e-18	0.00e+00	0.00e+00	2.0774e+01
3.16357e+16	7.1093e+03	2.161e-16	1.2916e+04	6.6571e+03	2.2371e-10	4.8531e-01	5.1469e-01	9.9999e-01	1.4775e-05	1.8696e-17	3.6282e-12	3.6924e-04	9.8834e-01	1.1286e-02	1.1755e-36	5.4150e-01	4.5850e-01	6.3131e-09	1.1755e-36	1.1755e-36	1.1755e-36	1.2692e-18	0.00e+00	0.00e+00	2.1226e+01
3.16467e+16	7.0188e+03	2.019e-16	1.2916e+04	6.3861e+03	2.6494e-10	5.0626e-01	4.9374e-01	9.9999e-01	1.4373e-05	1.8729e-17	3.9489e-12	3.5592e-04	9.8906e-01	1.0583e-02	1.1755e-36	5.6237e-01	4.3763e-01	5.6176e-09	1.1755e-36	1.1755e-36	1.1755e-36	1.4372e-18	0.00e+00	0.00e+00	2.1661e+01
3.16569e+16	6.9281e+03	1.886e-16	1.2916e+04	6.1270e+03	3.1191e-10	5.2629e-01	4.7371e-01	9.9999e-01	1.4024e-05	1.8818e-17	4.2652e-12	3.4309e-04	9.8971e-01	9.9443e-03	1.1755e-36	5.8213e-01	4.1787e-01	5.0272e-09	1.1755e-36	1.1755e-36	1.1755e-36	1.6079e-18	0.00e+00	0.00e+00	2.2087e+01
3.16666e+16	6.8366e+03	1.761e-16	1.2916e+04	5.8777e+03	3.6577e-10	5.4557e-01	4.5443e-01	9.9999e-01	1.3712e-05	1.8952e-17	4.5776e-12	3.3067e-04	9.9031e-01	9.3582e-03	1.1755e-36	6.0099e-01	3.9901e-01	4.5187e-09	1.1755e-36	1.1755e-36	1.1755e-36	1.7808e-18	0.00e+00	0.00e+00	2.2504e+01
3.16744e+16	6.7584e+03	1.666e-16	1.2916e+04	5.6807e+03	4.1678e-10	5.6095e-01	4.3905e-01	9.9999e-01	1.3388e-05	1.8954e-17	4.8333e-12	3.2083e-04	9.9077e-01	8.9077e-03	1.1755e-36	6.1593e-01	3.8407e-01	4.1530e-09	1.1755e-36	1.1755e-36	1.1755e-36	1.9251e-18	0.00e+00	0.00e+00	2.2792e+01
3.16802e+16	6.7065e+03	1.594e-16	1.2916e+04	5.5309e+03	4.5689e-10	5.7228e-01	4.2772e-01	9.9999e-01	1.3310e-05	1.9220e-17	5.0207e-12	3.1321e-04	9.9110e-01	8.5855e-03	1.1755e-36	6.2686e-01	3.7314e-01	3.8970e-09	1.1755e-36	1.1755e-36	1.1755e-36	2.0326e-18	0.00e+00	0.00e+00	2.3036e+01
3.16857e+16	6.6359e+03	1.525e-16	1.2916e+04	5.3850e+03	5.0920e-10	5.8414e-01	4.1586e-01	9.9999e-01	1.3207e-05	1.9415e-17	5.2278e-12	3.0594e-04	9.9144e-01	8.2581e-03	1.1755e-36	6.3826e-01	3.6174e-01	3.6520e-09	1.1755e-36	1.1755e-36	1.1755e-36	2.1523e-18	0.00e+00	0.00e+00	2.3311e+01
3.16916e+16	6.5680e+03	1.451e-16	1.2916e+04	5.2257e+03	5.6799e-10	5.9653e-01	4.0347e-01	9.9999e-01	1.3036e-05	1.9577e-17	5.4407e-12	2.9788e-04	9.9178e-01	7.9244e-03	1.1755e-36	6.5010e-01	3.4990e-01	3.4073e-09	1.1755e-36	1.1755e-36	1.1755e-36	2.2765e-18	0.00e+00	0.00e+00	2.3608e+01
3.16977e+16	6.4946e+03	1.377e-16	1.2916e+04	5.0605e+03	6.3727e-10	6.0916e-01	3.9084e-01	9.9999e-01	1.2878e-05	1.9784e-17	5.6568e-12	2.8949e-04	9.9212e-01	7.5933e-03	1.1755e-36	6.6210e-01	3.3790e-01	3.1739e-09	1.1755e-36	1.1755e-36	1.1755e-36	2.4022e-18	0.00e+00	0.00e+00	2.3911e+01
3.17037e+16	6.4195e+03	1.306e-16	1.2916e+04	4.9021e+03	7.1627e-10	6.2179e-01	3.7821e-01	9.9999e-01	1.2724e-05	1.9986e-17	5.8812e-12	2.8141e-04	9.9245e-01	7.2695e-03	1.1755e-36	6.7405e-01	3.2595e-01	2.9555e-09	1.1755e-36	1.1755e-36	1.1755e-36	2.5359e-18	0.00e+00	0.00e+00	2.4212e+01
3.17096e+16	6.3477e+03	1.239e-16	1.2916e+04	4.7458e+03	8.0116e-10	6.3376e-01	3.6624e-01	9.9999e-01	1.2601e-05	2.0255e-17	6.0883e-12	2.7338e-04	9.9276e-01	6.9704e-03	1.1755e-36	6.8530e-01	3.1470e-01	2.7595e-09	1.1755e-36	1.1755e-36	1.1755e-36	2.6581e-18	0.00e+00	0.00e+00	2.4507e+01
3.17153e+16	6.2747e+03	1.173e-16	1.2916e+04	4.5894e+03	8.9640e-10	6.4539e-01	3.5461e-01	9.9999e-01	1.2507e-05	2.0594e-17	6.2844e-12	2.6530e-04	9.9305e-01	6.6866e-03	1.1755e-36	6.9617e-01	3.0383e-01	2.5794e-09	1.1755e-36	1.1755e-36	1.1755e-36	2.7719e-18	0.00e+00	0.00e+00	2.4808e+01
3.17210e+16	6.2037e+03	1.109e-16	1.2916e+04	4.4348e+03	1.0022e-09	6.5707e-01	3.4293e-01	9.9999e-01	1.2407e-05	2.0947e-17	6.4838e-12	2.5724e-04	9.9334e-01	6.4068e-03	1.1755e-36	7.0703e-01	2.9297e-01	2.4073e-09	1.1755e-36	1.1755e-36	1.1755e-36	2.8897e-18	0.00e+00	0.00e+00	2.5119e+01
3.17268e+16	6.1190e+03	1.047e-16	1.2916e+04	4.2804e+03	1.1364e-09	6.6905e-01	3.3095e-01	9.9999e-01	1.2299e-05	2.1279e-17	6.6938e-12	2.4926e-04	9.9362e-01	6.1274e-03	1.1755e-36	7.1813e-01	2.8187e-01	2.2438e-09	1.1755e-36	1.1755e-36	1.1755e-36	3.0136e-18	0.00e+00	0.00e+00	2.5435e+01
3.17325e+16	6.0354e+03	9.883e-17	1.2916e+04	4.1314e+03	1.2865e-09	6.8059e-01	3.1941e-01	9.9999e-01	1.2195e-05	2.1626e-17	6.8958e-12	2.4151e-04	9.9389e-01	5.8636e-03	1.1755e-36	7.2877e-01	2.7123e-01	2.0945e-09	1.1755e-36	1.1755e-36	1.1755e-36	3.1333e-18	0.00e+00	0.00e+00	2.5743e+01
3.17380e+16	5.9529e+03	9.332e-17	1.2916e+04	3.9882e+03	1.4543e-09	6.9166e-01	3.0834e-01	9.9999e-01	1.2114e-05	2.2014e-17	7.0892e-12	2.3404e-04	9.9415e-01	5.6159e-03	1.1755e-36	7.3891e-01	2.6109e-01	1.9587e-09	1.1755e-36	1.1755e-36	1.1755e-36	3.2482e-18	0.00e+00	0.00e+00	2.6049e+01
3.17434e+16	5.8688e+03	8.805e-17	1.2916e+04	3.8478e+03	1.6470e-09	7.0250e-01	2.9750e-01	9.9999e-01	1.2040e-05	2.2428e-17	7.2786e-12	2.2669e-04	9.9440e-01	5.3781e-03	1.1755e-36	7.4880e-01	2.5120e-01	1.8323e-09	1.1755e-36	1.1755e-36	1.1755e-36	3.3614e-18	0.00e+00	0.00e+00	2.6358e+01
3.17488e+16	5.7822e+03	8.296e-17	1.2916e+04	3.7091e+03	1.8718e-09	7.1321e-01	2.8679e-01	9.9999e-01	1.1966e-05	2.2862e-17	7.4663e-12	2.1939e-04	9.9463e-01	5.1479e-03	1.1755e-36	7.5853e-01	2.4147e-01	1.7137e-09	1.1755e-36	1.1755e-36	1.1755e-36	3.4747e-18	0.00e+00	0.00e+00	2.6672e+01
3.17542e+16	5.6892e+03	7.812e-17	1.2916e+04	3.5745e+03	2.1444e-09	7.2394e-01	2.7606e-01	9.9999e-01	1.1883e-05	2.3270e-17	7.6647e-12	2.1235e-04	9.9487e-01	4.9224e-03	1.1755e-36	7.6824e-01	2.3176e-01	1.6017e-09	1.1755e-36	1.1755e-36	1.1755e-36	3.5997e-18	0.00e+00	0.00e+00	2.6988e+01
3.17594e+16	5.5993e+03	7.355e-17	1.2916e+04	3.4433e+03	2.4480e-09	7.3410e-01	2.6590e-01	9.9999e-01	1.1814e-05	2.3728e-17	7.8481e-12	2.0542e-04	9.9508e-01	4.7123e-03	1.1755e-36	7.7738e-01	2.2262e-01	1.4999e-09	1.1755e-36	1.1755e-36	1.1755e-36	3.7161e-18	0.00e+00	0.00e+00	2.7297e+01
3.17646e+16	5.5080e+03	6.923e-17	1.2916e+04	3.3159e+03	2.8005e-09	7.4398e-01	2.5602e-01	9.9999e-01	1.1759e-05	2.4222e-17	8.0313e-12	1.9867e-04	9.9529e-01	4.5120e-03	1.1755e-36	7.8623e-01	2.1377e-01	1.4054e-09	1.1755e-36	1.1755e-36	1.1755e-36	3.8374e-18	0.00e+00	0.00e+00	2.7611e+01
3.17698e+16	5.4142e+03	6.508e-17	1.2916e+04	3.1904e+03	3.2164e-09	7.5371e-01	2.4629e-01	9.9999e-01	1.1701e-05	2.4731e-17	8.2178e-12	1.9202e-04	9.9549e-01	4.3184e-03	1.1755e-36	7.9491e-01	2.0509e-01	1.3165e-09	1.1755e-36	1.1755e-36	1.1755e-36	3.9672e-18	0.00e+00	0.00e+00	2.7928e+01
3.17749e+16	5.3181e+03	6.113e-17	1.2916e+04	3.0676e+03	3.7069e-09	7.6323e-01	2.3677e-01	9.9999e-01	1.1645e-05	2.5259e-17	8.4093e-12	1.8549e-04	9.9568e-01	4.1324e-03	1.1755e-36	8.0337e-01	1.9663e-01	1.2333e-09	1.1755e-36	1.1755e-36	1.1755e-36	4.1093e-18	0.00e+00	0.00e+00	2.8247e+01
3.17800e+16	5.2202e+03	5.739e-17	1.2916e+04	2.9482e+03	4.2832e-09	7.7248e-01	2.2752e-01	9.9999e-01	1.1594e-05	2.5809e-17	8.6085e-12	1.7913e-04	9.9587e-01	3.9548e-03	1.1755e-36	8.1157e-01	1.8843e-01	1.1559e-09	1.1755e-36	1.1755e-36	1.1755e-36	4.2685e-18	0.00e+00	0.00e+00	2.8565e+01
3.17850e+16	5.1208e+03	5.386e-17	1.2916e+04	2.8324e+03	4.9599e-09	7.8146e-01	2.1854e-01	9.9999e-01	1.1547e-05	2.6380e-17	8.8183e-12	1.7296e-04	9.9604e-01	3.7858e-03	1.1755e-36	8.1948e-01	1.8052e-01	1.0839e-09	1.1755e-36	1.1755e-36	1.1755e-36	4.4502e-18	0.00e+00	0.00e+00	2.8884e+01
3.17900e+16	5.0177e+03	5.056e-17	1.2916e+04	2.7197e+03	5.7685e-09	7.9010e-01	2.0990e-01	9.9999e-01	1.1503e-05	2.6965e-17	9.0431e-12	1.6697e-04	9.9621e-01	3.6263e-03	1.1755e-36	8.2709e-01	1.7291e-01	1.0176e-09	1.1755e-36	1.1755e-36	1.1755e-36	4.6623e-18	0.00e+00	0.00e+00	2.9199e+01
3.17948e+16	4.9161e+03	4.751e-17	1.2916e+04	2.6133e+03	6.6776e-09	7.9834e-01	2.0166e-01	9.9999e-01	1.1460e-05	2.7547e-17	9.2604e-12	1.6130e-04	9.9637e-01	3.4638e-03	1.1755e-36	8.3431e-01	1.6569e-01	9.5670e-10	1.1755e-36	1.1755e-36	1.1755e-36	4.8639e-18	0.00e+00	0.00e+00	2.9506e+01
3.17995e+16	4.8139e+03	4.467e-17	1.2916e+04	2.5113e+03	7.7209e-09	8.0623e-01	1.9377e-01	9.9999e-01	1.1426e-05	2.8149e-17	9.4756e-12	1.5588e-04	9.9654e-01	3.3075e-03	1.1755e-36	8.4120e-01	1.5880e-01	9.0065e-10	1.1755e-36	1.1755e-36	1.1755e-36	5.0745e-18	0.00e+00	0.00e+00	2.9811e+01
3.18041e+16	4.7153e+03	4.200e-17	1.2916e+04	2.4119e+03	8.8648e-09	8.1366e-01	1.8634e-01	9.9999e-01	1.1404e-05	2.8819e-17	9.6751e-12	1.5055e-04	9.9669e-01	3.1612e-03	1.1755e-36	8.4766e-01	1.5234e-01	8.4921e-10	1.1755e-36	1.1755e-36	1.1755e-36	5.2827e-18	0.00e+00	0.00e+00	3.0114e+01
3.18086e+16	4.6120e+03	3.953e-17	1.2916e+04	2.3181e+03	1.0207e-08	8.2094e-01	1.7906e-01	9.9999e-01	1.1365e-05	2.9413e-17	9.8927e-12	1.4559e-04	9.9683e-01	3.0198e-03	1.1755e-36	8.5397e-01	1.4603e-01	8.0101e-10	1.1755e-36	1.1755e-36	1.1755e-36	5.5280e-18	0.00e+00	0.00e+00	3.0410e+01
3.18125e+16	4.5192e+03	3.756e-17	1.2916e+04	2.2426e+03	1.1544e-08	8.2711e-01	1.7289e-01	9.9999e-01	1.1283e-05	2.9753e-17	1.0098e-11	1.4165e-04	9.9696e-01	2.9010e-03	1.1755e-36	8.5933e-01	1.4067e-01	7.6185e-10	1.1755e-36	1.1755e-36	1.1755e-36	5.7751e-18	0.00e+00	0.00e+00	3.0638e+01
3.18156e+16	4.4492e+03	3.599e-17	1.2916e+04	2.1803e+03	1.2628e-08	8.3185e-01	1.6815e-01	9.9999e-01	1.1285e-05	3.0270e-17	1.0237e-11	1.3834e-04	9.9705e-01	2.8103e-03	1.1755e-36	8.6340e-01	1.3660e-01	7.3208e-10	1.1755e-36	1.1755e-36	1.1755e-36	5.9494e-18	0.00e+00	0.00e+00	3.0835e+01
3.18187e+16	4.3713e+03	3.441e-17	1.2916e+04	2.1167e+03	1.3899e-08	8.3680e-01	1.6320e-01	9.9999e-01	1.1288e-05	3.0799e-17	1.0390e-11	1.3500e-04	9.9715e-01	2.7167e-03	1.1755e-36	8.6768e-01	1.3232e-01	7.0160e-10	1.1755e-36	1.1755e-36	1.1755e-36	6.1489e-18	0.00e+00	0.00e+00	3.1066e+01
3.18223e+16	4.2841e+03	3.271e-17	1.2916e+04	2.0448e+03	1.5376e-08	8.4210e-01	1.5790e-01	9.9999e-01	1.1260e-05	3.1353e-17	1.0535e-11	1.3121e-04	9.9725e-01	2.6169e-03	1.1755e-36	8.7223e-01	1.2777e-01	6.6979e-10	1.1755e-36	1.1755e-36	1.1755e-36	6.3446e-18	0.00e+00	0.00e+00	3.1321e+01
3.18261e+16	4.1881e+03	3.099e-17	1.2916e+04	1.9720e+03	1.7055e-08	8.4774e-01	1.5226e-01	9.9999e-01	1.1207e-05	3.1845e-17	1.0689e-11	1.2743e-04	9.9736e-01	2.5118e-03	1.1755e-36	8.7707e-01	1.2293e-01	6.3685e-10	1.1755e-36	1.1755e-36	1.1755e-36	6.5570e-18	0.00e+00	0.00e+00	3.1588e+01
3.18300e+16	4.0882e+03	2.931e-17	1.2916e+04	1.8988e+03	1.8796e-08	8.5340e-01	1.4660e-01	9.9999e-01	1.1139e-05	3.2320e-17	1.0818e-11	1.2365e-04	9.9747e-01	2.4074e-03	1.1755e-36	8.8192e-01	1.1808e-01	6.0469e-10	1.1755e-36	1.1755e-36	1.1755e-36	6.7361e-18	0.00e+00	0.00e+00	3.1861e+01
3.18340e+16	3.9833e+03	2.765e-17	1.2916e+04	1.8250e+03	2.0549e-08	8.5910e-01	1.4089e-01	9.9999e-01	1.1025e-05	3.2684e-17	1.0913e-11	1.1987e-04	9.9758e-01	2.3033e-03	1.1755e-36	8.8679e-01	1.1321e-01	5.7314e-10	1.1755e-36	1.1755e-36	1.1755e-36	6.8598e-18	0.00e+00	0.00e+00	3.2146e+01
