#depth	Te	Htot	hden	eden	2H_2/H	HI	HII	HeI	HeII	HeIII	CO/C	C1	C2	C3	C4	O1	O2	O3	O4	O5	O6	H2O/O	AV(point)	AV(extend)	Tau912
8.99842e+12	7.3807e+03	1.071e-18	5.9948e+02	6.4680e+02	3.3848e-14	5.4777e-03	9.9452e-01	2.9317e-02	9.6961e-01	1.0719e-03	5.2252e-16	5.8453e-04	3.5808e-01	6.4110e-01	2.4020e-04	4.7669e-03	7.6483e-01	2.3034e-01	5.4550e-05	1.1755e-36	1.1755e-36	3.2673e-24	0.00e+00	0.00e+00	3.7316e-04
5.39905e+13	7.3775e+03	1.071e-18	5.9948e+02	6.4670e+02	3.3886e-14	5.4750e-03	9.9453e-01	2.9320e-02	9.6961e-01	1.0709e-03	5.2187e-16	5.8351e-04	3.5811e-01	6.4107e-01	2.4072e-04	4.7643e-03	7.6478e-01	2.3040e-01	5.4383e-05	1.1755e-36	1.1755e-36	3.2601e-24	0.00e+00	0.00e+00	1.8650e-03
2.33959e+14	7.3697e+03	1.069e-18	5.9948e+02	6.4667e+02	3.4031e-14	5.4729e-03	9.9453e-01	2.9356e-02	9.6958e-01	1.0633e-03	5.2202e-16	5.8262e-04	3.5842e-01	6.4076e-01	2.4003e-04	4.7651e-03	7.6504e-01	2.3014e-01	5.3545e-05	1.1755e-36	1.1755e-36	3.2547e-24	0.00e+00	0.00e+00	7.8303e-03
9.53832e+14	7.3551e+03	1.062e-18	5.9948e+02	6.4665e+02	3.4380e-14	5.4752e-03	9.9452e-01	2.9512e-02	9.6946e-01	1.0260e-03	5.2498e-16	5.8342e-04	3.5974e-01	6.3944e-01	2.3695e-04	4.7791e-03	7.6632e-01	2.2885e-01	5.0230e-05	1.1755e-36	1.1755e-36	3.2565e-24	0.00e+00	0.00e+00	3.1701e-02
2.27840e+15	7.2899e+03	1.040e-18	5.9948e+02	6.4668e+02	3.4811e-14	5.3974e-03	9.9460e-01	2.9578e-02	9.6942e-01	9.9859e-04	5.1035e-16	5.7823e-04	3.6060e-01	6.3859e-01	2.3418e-04	4.7221e-03	7.6697e-01	2.2826e-01	4.6388e-05	1.1755e-36	1.1755e-36	3.0910e-24	0.00e+00	0.00e+00	6.2293e-02
4.00034e+15	7.2252e+03	1.020e-18	5.9948e+02	6.4670e+02	3.5545e-14	5.3436e-03	9.9466e-01	2.9759e-02	9.6931e-01	9.3607e-04	5.0201e-16	5.7725e-04	3.6236e-01	6.3684e-01	2.2899e-04	4.6934e-03	7.6862e-01	2.2665e-01	4.1358e-05	1.1755e-36	1.1755e-36	2.9724e-24	0.00e+00	0.00e+00	1.0167e-01
6.23885e+15	7.1573e+03	9.988e-19	5.9948e+02	6.4670e+02	3.6675e-14	5.3107e-03	9.9469e-01	3.0078e-02	9.6908e-01	8.4064e-04	4.9944e-16	5.7972e-04	3.6520e-01	6.3400e-01	2.2135e-04	4.6919e-03	7.7140e-01	2.2387e-01	3.5276e-05	1.1755e-36	1.1755e-36	2.8916e-24	0.00e+00	0.00e+00	1.5254e-01
9.14893e+15	7.0832e+03	9.774e-19	5.9948e+02	6.4669e+02	3.8399e-14	5.3054e-03	9.9469e-01	3.0596e-02	9.6869e-01	7.1441e-04	5.0418e-16	5.8610e-04	3.6953e-01	6.2967e-01	2.1098e-04	4.7262e-03	7.7567e-01	2.1958e-01	2.8387e-05	1.1755e-36	1.1755e-36	2.8527e-24	0.00e+00	0.00e+00	2.1860e-01
1.29320e+16	7.0086e+03	9.555e-19	5.9948e+02	6.4664e+02	4.0812e-14	5.3363e-03	9.9466e-01	3.1380e-02	9.6805e-01	5.6557e-04	5.1943e-16	5.9838e-04	3.7587e-01	6.2334e-01	1.9793e-04	4.8079e-03	7.8185e-01	2.1333e-01	2.1167e-05	1.1755e-36	1.1755e-36	2.8765e-24	0.00e+00	0.00e+00	3.0498e-01
1.78500e+16	6.9316e+03	9.341e-19	5.9948e+02	6.4654e+02	4.4396e-14	5.4252e-03	9.9457e-01	3.2582e-02	9.6701e-01	4.0863e-04	5.5129e-16	6.1926e-04	3.8518e-01	6.1402e-01	1.8213e-04	4.9632e-03	7.9057e-01	2.0445e-01	1.4270e-05	1.1755e-36	1.1755e-36	2.9929e-24	0.00e+00	0.00e+00	4.1916e-01
2.42435e+16	6.8584e+03	9.141e-19	5.9948e+02	6.4637e+02	4.9751e-14	5.6037e-03	9.9440e-01	3.4440e-02	9.6530e-01	2.6321e-04	6.1154e-16	6.5329e-04	3.9885e-01	6.0033e-01	1.6373e-04	5.2310e-03	8.0262e-01	1.9214e-01	8.4263e-06	1.1755e-36	1.1755e-36	3.2716e-24	0.00e+00	0.00e+00	5.7246e-01
3.25549e+16	6.7948e+03	8.973e-19	5.9948e+02	6.4607e+02	5.8147e-14	5.9315e-03	9.9407e-01	3.7402e-02	9.6245e-01	1.4705e-04	7.2472e-16	7.0876e-04	4.1923e-01	5.7992e-01	1.4259e-04	5.6844e-03	8.1892e-01	1.7539e-01	4.1793e-06	1.1755e-36	1.1755e-36	3.8552e-24	0.00e+00	0.00e+00	7.8342e-01
4.33598e+16	6.7345e+03	8.875e-19	5.9948e+02	6.4526e+02	7.3561e-14	6.5346e-03	9.9347e-01	4.2397e-02	9.5753e-01	6.8873e-05	9.5609e-16	8.0156e-04	4.5060e-01	5.4848e-01	1.1786e-04	6.4813e-03	8.4114e-01	1.5238e-01	1.6360e-06	1.1755e-36	1.1755e-36	5.1462e-24	0.00e+00	0.00e+00	1.0856e+00
5.40900e+16	6.7148e+03	8.831e-19	5.9948e+02	6.4447e+02	9.1939e-14	7.2761e-03	9.9272e-01	4.8637e-02	9.5133e-01	3.2210e-05	1.2805e-15	9.0984e-04	4.8511e-01	5.1388e-01	9.6733e-05	7.4497e-03	8.6218e-01	1.3037e-01	6.3623e-07	1.1755e-36	1.1755e-36	7.0660e-24	0.00e+00	0.00e+00	1.3402e+00
6.21099e+16	6.7237e+03	8.895e-19	5.9948e+02	6.4370e+02	1.1197e-13	8.0696e-03	9.9193e-01	5.5199e-02	9.4478e-01	1.8576e-05	1.6882e-15	1.0166e-03	5.1666e-01	4.8224e-01	8.1171e-05	8.4649e-03	8.7864e-01	1.1289e-01	3.0558e-07	1.1755e-36	1.1755e-36	9.6717e-24	0.00e+00	0.00e+00	1.5477e+00
6.83970e+16	6.7431e+03	8.994e-19	5.9948e+02	6.4290e+02	1.3401e-13	8.8915e-03	9.9111e-01	6.2031e-02	9.3796e-01	1.2167e-05	2.1856e-15	1.1198e-03	5.4556e-01	4.5325e-01	6.9001e-05	9.5095e-03	8.9186e-01	9.8634e-02	1.6711e-07	1.1755e-36	1.1755e-36	1.3065e-23	0.00e+00	0.00e+00	1.7423e+00
7.40593e+16	6.7671e+03	9.114e-19	5.9948e+02	6.4189e+02	1.6090e-13	9.8198e-03	9.9018e-01	6.9889e-02	9.3010e-01	8.3327e-06	2.8423e-15	1.2293e-03	5.7481e-01	4.2390e-01	5.8245e-05	1.0687e-02	9.0367e-01	8.5640e-02	1.1755e-36	1.1755e-36	1.1755e-36	1.7822e-23	0.00e+00	0.00e+00	1.9484e+00
7.95155e+16	6.7952e+03	9.258e-19	5.9948e+02	6.4075e+02	1.9588e-13	1.0931e-02	9.8907e-01	7.9596e-02	9.2040e-01	5.8071e-06	3.7646e-15	1.3508e-03	6.0603e-01	3.9257e-01	4.8236e-05	1.2096e-02	9.1469e-01	7.3210e-02	1.1755e-36	1.1755e-36	1.1755e-36	2.4943e-23	0.00e+00	0.00e+00	2.1705e+00
8.46978e+16	6.8291e+03	9.424e-19	5.9948e+02	6.3947e+02	2.4107e-13	1.2251e-02	9.8775e-01	9.1564e-02	9.0843e-01	4.1354e-06	5.0623e-15	1.4835e-03	6.3869e-01	3.5979e-01	3.9173e-05	1.3765e-02	9.2461e-01	6.1621e-02	1.1755e-36	1.1755e-36	1.1755e-36	3.5716e-23	0.00e+00	0.00e+00	2.4022e+00
8.94759e+16	6.8656e+03	9.606e-19	5.9948e+02	6.3817e+02	2.9928e-13	1.3783e-02	9.8622e-01	1.0611e-01	8.9389e-01	3.0288e-06	6.8727e-15	1.6208e-03	6.7171e-01	3.2664e-01	3.1276e-05	1.5701e-02	9.3308e-01	5.1217e-02	1.1755e-36	1.1755e-36	1.1755e-36	5.2022e-23	0.00e+00	0.00e+00	2.6402e+00
9.38733e+16	6.8847e+03	9.797e-19	5.9948e+02	6.3562e+02	3.7825e-13	1.5571e-02	9.8443e-01	1.2354e-01	8.7646e-01	2.2525e-06	9.3414e-15	1.7634e-03	7.0465e-01	2.9356e-01	2.4500e-05	1.7956e-02	9.4001e-01	4.2034e-02	1.1755e-36	1.1755e-36	1.1755e-36	7.5621e-23	0.00e+00	0.00e+00	2.8898e+00
9.80195e+16	6.9239e+03	9.991e-19	5.9948e+02	6.3357e+02	4.7807e-13	1.7686e-02	9.8231e-01	1.4563e-01	8.5436e-01	1.7086e-06	1.2909e-14	1.9119e-03	7.3778e-01	2.6029e-01	1.8706e-05	2.0620e-02	9.4555e-01	3.3825e-02	1.1755e-36	1.1755e-36	1.1755e-36	1.1306e-22	0.00e+00	0.00e+00	3.1614e+00
1.01935e+17	6.9578e+03	1.020e-18	5.9948e+02	6.3129e+02	6.1862e-13	2.0245e-02	9.7975e-01	1.7395e-01	8.2605e-01	1.3073e-06	1.8220e-14	2.0632e-03	7.7096e-01	2.2697e-01	1.3822e-05	2.3835e-02	9.4957e-01	2.6596e-02	1.1755e-36	1.1755e-36	1.1755e-36	1.7424e-22	0.00e+00	0.00e+00	3.4506e+00
1.05453e+17	6.9733e+03	1.040e-18	5.9948e+02	6.2702e+02	8.0829e-13	2.3196e-02	9.7680e-01	2.0796e-01	7.9204e-01	1.0082e-06	2.5492e-14	2.2071e-03	8.0187e-01	1.9592e-01	1.0026e-05	2.7531e-02	9.5180e-01	2.0667e-02	1.1755e-36	1.1755e-36	1.1755e-36	2.6366e-22	0.00e+00	0.00e+00	3.7371e+00
1.08488e+17	7.0025e+03	1.058e-18	5.9948e+02	6.2401e+02	1.0408e-12	2.6453e-02	9.7355e-01	2.4783e-01	7.5217e-01	7.9882e-07	3.5527e-14	2.3402e-03	8.2927e-01	1.6839e-01	7.2253e-06	3.1598e-02	9.5240e-01	1.5997e-02	1.1755e-36	1.1755e-36	1.1755e-36	3.9960e-22	0.00e+00	0.00e+00	4.0183e+00
1.11117e+17	7.0214e+03	1.074e-18	5.9948e+02	6.1996e+02	1.3343e-12	2.9989e-02	9.7001e-01	2.9289e-01	7.0711e-01	6.4038e-07	4.8775e-14	2.4540e-03	8.5294e-01	1.4460e-01	5.1998e-06	3.6004e-02	9.5161e-01	1.2382e-02	1.1755e-36	1.1755e-36	1.1755e-36	5.9218e-22	0.00e+00	0.00e+00	4.2963e+00
1.13455e+17	7.0354e+03	1.086e-18	5.9948e+02	6.1522e+02	1.7071e-12	3.3890e-02	9.6611e-01	3.4381e-01	6.5619e-01	5.1447e-07	6.6574e-14	2.5525e-03	8.7355e-01	1.2390e-01	3.7195e-06	4.0848e-02	9.4961e-01	9.5390e-03	1.1755e-36	1.1755e-36	1.1755e-36	8.6862e-22	0.00e+00	0.00e+00	4.5821e+00
1.15604e+17	7.0462e+03	1.095e-18	5.9948e+02	6.0993e+02	2.1945e-12	3.8324e-02	9.6168e-01	4.0170e-01	5.9830e-01	4.0996e-07	9.1322e-14	2.6389e-03	8.9171e-01	1.0565e-01	2.6235e-06	4.6338e-02	9.4640e-01	7.2614e-03	1.1755e-36	1.1755e-36	1.1755e-36	1.2779e-21	0.00e+00	0.00e+00	4.8824e+00
1.17598e+17	7.0553e+03	1.102e-18	5.9948e+02	6.0382e+02	2.8366e-12	4.3404e-02	9.5660e-01	4.6609e-01	5.3391e-01	3.2248e-07	1.2613e-13	2.7118e-03	9.0752e-01	8.9762e-02	1.8246e-06	5.2608e-02	9.4194e-01	5.4531e-03	1.1755e-36	1.1755e-36	1.1755e-36	1.8893e-21	0.00e+00	0.00e+00	5.1974e+00
1.19446e+17	7.0599e+03	1.106e-18	5.9948e+02	5.9702e+02	3.6963e-12	4.9252e-02	9.5075e-01	5.3492e-01	4.6508e-01	2.4956e-07	1.7549e-13	2.7710e-03	9.2101e-01	7.6219e-02	1.2549e-06	5.9798e-02	9.3616e-01	4.0446e-03	1.1755e-36	1.1755e-36	1.1755e-36	2.8108e-21	0.00e+00	0.00e+00	5.5291e+00
1.21174e+17	7.0624e+03	1.104e-18	5.9948e+02	5.8810e+02	4.8316e-12	5.5919e-02	9.4408e-01	6.0485e-01	3.9515e-01	1.8923e-07	2.4399e-13	2.8092e-03	9.3221e-01	6.4976e-02	8.5860e-07	6.7969e-02	9.2906e-01	2.9676e-03	1.1755e-36	1.1755e-36	1.1755e-36	4.1633e-21	0.00e+00	0.00e+00	5.8839e+00
1.22834e+17	7.0573e+03	1.104e-18	5.9948e+02	5.8088e+02	6.5103e-12	6.4198e-02	9.3580e-01	6.7554e-01	3.2446e-01	1.3974e-07	3.5023e-13	2.8495e-03	9.4197e-01	5.5177e-02	5.7272e-07	7.8066e-02	9.1981e-01	2.1262e-03	1.1755e-36	1.1755e-36	1.1755e-36	6.4674e-21	0.00e+00	0.00e+00	6.2837e+00
1.24442e+17	7.0549e+03	1.096e-18	5.9948e+02	5.7039e+02	8.8518e-12	7.4106e-02	9.2589e-01	7.4131e-01	2.5869e-01	1.0058e-07	5.0403e-13	2.8642e-03	9.5000e-01	4.7134e-02	3.7848e-07	9.0096e-02	9.0841e-01	1.4951e-03	1.1755e-36	1.1755e-36	1.1755e-36	1.0109e-20	0.00e+00	0.00e+00	6.7239e+00
1.25997e+17	7.0457e+03	1.087e-18	5.9948e+02	5.5992e+02	1.2426e-11	8.6596e-02	9.1340e-01	7.9979e-01	2.0021e-01	7.0726e-08	7.4279e-13	2.8724e-03	9.5681e-01	4.0313e-02	2.4521e-07	1.0517e-01	8.9380e-01	1.0272e-03	1.1755e-36	1.1755e-36	1.1755e-36	1.6538e-20	0.00e+00	0.00e+00	7.2293e+00
1.27513e+17	7.0293e+03	1.073e-18	5.9948e+02	5.4808e+02	1.8088e-11	1.0263e-01	8.9737e-01	8.4874e-01	1.5126e-01	4.8905e-08	1.1197e-12	2.8674e-03	9.6262e-01	3.4517e-02	1.5567e-07	1.2439e-01	8.7492e-01	6.8809e-04	1.1755e-36	1.1755e-36	1.1755e-36	2.8381e-20	0.00e+00	0.00e+00	7.8080e+00
1.28955e+17	7.0104e+03	1.049e-18	5.9948e+02	5.3314e+02	2.6993e-11	1.2278e-01	8.7722e-01	8.8662e-01	1.1338e-01	3.3940e-08	1.7027e-12	2.8380e-03	9.6746e-01	2.9702e-02	1.1755e-36	1.4833e-01	8.5122e-01	4.5404e-04	1.1755e-36	1.1755e-36	1.1755e-36	5.0249e-20	0.00e+00	0.00e+00	8.4565e+00
1.30297e+17	6.9782e+03	1.015e-18	5.9948e+02	5.1575e+02	4.1527e-11	1.4802e-01	8.5198e-01	9.1469e-01	8.5314e-02	2.3939e-08	2.6123e-12	2.7890e-03	9.7159e-01	2.5616e-02	1.1755e-36	1.7800e-01	8.2170e-01	2.9710e-04	1.1755e-36	1.1755e-36	1.1755e-36	9.1796e-20	0.00e+00	0.00e+00	9.1784e+00
1.31520e+17	6.9282e+03	9.706e-19	5.9948e+02	4.9592e+02	6.5678e-11	1.7926e-01	8.2074e-01	9.3466e-01	6.5335e-02	1.7455e-08	4.0279e-12	2.7202e-03	9.7518e-01	2.2100e-02	1.1755e-36	2.1423e-01	7.8557e-01	1.9399e-04	1.1755e-36	1.1755e-36	1.1755e-36	1.7175e-19	0.00e+00	0.00e+00	9.9642e+00
1.32606e+17	6.8575e+03	9.141e-19	5.9948e+02	4.7304e+02	1.0561e-10	2.1644e-01	7.8356e-01	9.4856e-01	5.1445e-02	1.3295e-08	6.1598e-12	2.6280e-03	9.7827e-01	1.9106e-02	1.1755e-36	2.5667e-01	7.4320e-01	1.2780e-04	1.1755e-36	1.1755e-36	1.1755e-36	3.2163e-19	0.00e+00	0.00e+00	1.0794e+01
1.33531e+17	6.7657e+03	8.481e-19	5.9948e+02	4.4758e+02	1.6924e-10	2.5786e-01	7.4214e-01	9.5789e-01	4.2108e-02	1.0706e-08	9.1544e-12	2.5152e-03	9.8085e-01	1.6639e-02	1.1755e-36	3.0309e-01	6.9682e-01	8.6458e-05	1.1755e-36	1.1755e-36	1.1755e-36	5.8259e-19	0.00e+00	0.00e+00	1.1611e+01
1.34244e+17	6.6651e+03	7.836e-19	5.9948e+02	4.2324e+02	2.5771e-10	2.9821e-01	7.0179e-01	9.6372e-01	3.6276e-02	9.2037e-09	1.2771e-11	2.4009e-03	9.8281e-01	1.4785e-02	1.1755e-36	3.4747e-01	6.5247e-01	6.2265e-05	1.1755e-36	1.1755e-36	1.1755e-36	9.6597e-19	0.00e+00	0.00e+00	1.2276e+01
1.34743e+17	6.5729e+03	7.302e-19	5.9948e+02	4.0303e+02	3.5788e-10	3.3135e-01	6.6865e-01	9.6717e-01	3.2826e-02	8.3752e-09	1.6304e-11	2.3027e-03	9.8418e-01	1.3518e-02	1.1755e-36	3.8331e-01	6.1664e-01	4.8737e-05	1.1755e-36	1.1755e-36	1.1755e-36	1.4036e-18	0.00e+00	0.00e+00	1.2790e+01
1.35111e+17	6.4900e+03	6.871e-19	5.9948e+02	3.8672e+02	4.6500e-10	3.5843e-01	6.4157e-01	9.6947e-01	3.0531e-02	7.8446e-09	1.9618e-11	2.2220e-03	9.8519e-01	1.2592e-02	1.1755e-36	4.1220e-01	5.8776e-01	4.0328e-05	1.1755e-36	1.1755e-36	1.1755e-36	1.8656e-18	0.00e+00	0.00e+00	1.3233e+01
1.35430e+17	6.4061e+03	6.472e-19	5.9948e+02	3.7150e+02	5.9196e-10	3.8360e-01	6.1640e-01	9.7134e-01	2.8660e-02	7.4250e-09	2.3068e-11	2.1457e-03	9.8606e-01	1.1798e-02	1.1755e-36	4.3873e-01	5.6123e-01	3.4020e-05	1.1755e-36	1.1755e-36	1.1755e-36	2.3953e-18	0.00e+00	0.00e+00	1.3683e+01
1.35736e+17	6.3135e+03	6.069e-19	5.9948e+02	3.5588e+02	7.5965e-10	4.0948e-01	5.9052e-01	9.7301e-01	2.6995e-02	7.0679e-09	2.7069e-11	2.0666e-03	9.8689e-01	1.1048e-02	1.1755e-36	4.6570e-01	5.3427e-01	2.8735e-05	1.1755e-36	1.1755e-36	1.1755e-36	3.0713e-18	0.00e+00	0.00e+00	1.4152e+01
1.36025e+17	6.2142e+03	5.672e-19	5.9948e+02	3.4021e+02	9.7809e-10	4.3544e-01	5.6456e-01	9.7442e-01	2.5585e-02	6.7868e-09	3.1587e-11	1.9862e-03	9.8765e-01	1.0360e-02	1.1755e-36	4.9246e-01	5.0752e-01	2.4394e-05	1.1755e-36	1.1755e-36	1.1755e-36	3.9116e-18	0.00e+00	0.00e+00	1.4606e+01
1.36283e+17	6.1145e+03	5.308e-19	5.9948e+02	3.2550e+02	1.2433e-09	4.5981e-01	5.4019e-01	9.7556e-01	2.4443e-02	6.5770e-09	3.6282e-11	1.9102e-03	9.8833e-01	9.7612e-03	1.1755e-36	5.1728e-01	4.8270e-01	2.1003e-05	1.1755e-36	1.1755e-36	1.1755e-36	4.8648e-18	0.00e+00	0.00e+00	1.5023e+01
1.36508e+17	6.0170e+03	4.983e-19	5.9948e+02	3.1209e+02	1.5549e-09	4.8206e-01	5.1794e-01	9.7649e-01	2.3514e-02	6.4184e-09	4.0994e-11	1.8404e-03	9.8891e-01	9.2460e-03	1.1755e-36	5.3971e-01	4.6027e-01	1.8363e-05	1.1755e-36	1.1755e-36	1.1755e-36	5.9012e-18	0.00e+00	0.00e+00	1.5410e+01
1.36713e+17	5.9196e+03	4.684e-19	5.9948e+02	2.9953e+02	1.9280e-09	5.0289e-01	4.9711e-01	9.7728e-01	2.2719e-02	6.2922e-09	4.5815e-11	1.7747e-03	9.8944e-01	8.7859e-03	1.1755e-36	5.6053e-01	4.3946e-01	1.6213e-05	1.1755e-36	1.1755e-36	1.1755e-36	7.0428e-18	0.00e+00	0.00e+00	1.5785e+01
1.36906e+17	5.8194e+03	4.402e-19	5.9948e+02	2.8739e+02	2.3889e-09	5.2303e-01	4.7697e-01	9.7798e-01	2.2016e-02	6.1900e-09	5.0888e-11	1.7109e-03	9.8993e-01	8.3608e-03	1.1755e-36	5.8046e-01	4.1953e-01	1.4387e-05	1.1755e-36	1.1755e-36	1.1755e-36	8.3335e-18	0.00e+00	0.00e+00	1.6158e+01
1.37089e+17	5.7164e+03	4.135e-19	5.9948e+02	2.7560e+02	2.9632e-09	5.4257e-01	4.5743e-01	9.7861e-01	2.1390e-02	6.1091e-09	5.6246e-11	1.6486e-03	9.9039e-01	7.9659e-03	1.1755e-36	5.9963e-01	4.0035e-01	1.2821e-05	1.1755e-36	1.1755e-36	1.1755e-36	9.7990e-18	0.00e+00	0.00e+00	1.6524e+01
1.37237e+17	5.6289e+03	3.924e-19	5.9948e+02	2.6607e+02	3.5505e-09	5.5847e-01	4.4153e-01	9.7905e-01	2.0953e-02	6.0677e-09	6.0968e-11	1.5981e-03	9.9074e-01	7.6652e-03	1.1755e-36	6.1512e-01	3.8487e-01	1.1690e-05	1.1755e-36	1.1755e-36	1.1755e-36	1.1184e-17	0.00e+00	0.00e+00	1.6773e+01
1.37343e+17	5.5613e+03	3.773e-19	5.9948e+02	2.5909e+02	4.0724e-09	5.7006e-01	4.2994e-01	9.7936e-01	2.0637e-02	6.0384e-09	6.4638e-11	1.5610e-03	9.9099e-01	7.4478e-03	1.1755e-36	6.2635e-01	3.7364e-01	1.0924e-05	1.1755e-36	1.1755e-36	1.1755e-36	1.2321e-17	0.00e+00	0.00e+00	1.6978e+01
1.37442e+17	5.4947e+03	3.631e-19	5.9948e+02	2.5252e+02	4.6573e-09	5.8106e-01	4.1894e-01	9.7968e-01	2.0324e-02	6.0041e-09	6.8337e-11	1.5262e-03	9.9123e-01	7.2405e-03	1.1755e-36	6.3694e-01	3.6305e-01	1.0237e-05	1.1755e-36	1.1755e-36	1.1755e-36	1.3525e-17	0.00e+00	0.00e+00	1.7204e+01
1.37552e+17	5.4174e+03	3.474e-19	5.9948e+02	2.4511e+02	5.4364e-09	5.9329e-01	4.0671e-01	9.8001e-01	1.9991e-02	5.9733e-09	7.2685e-11	1.4866e-03	9.9150e-01	7.0147e-03	1.1755e-36	6.4867e-01	3.5132e-01	9.5198e-06	1.1755e-36	1.1755e-36	1.1755e-36	1.5018e-17	0.00e+00	0.00e+00	1.7466e+01
1.37670e+17	5.3285e+03	3.310e-19	5.9948e+02	2.3726e+02	6.4837e-09	6.0661e-01	3.9339e-01	9.8036e-01	1.9644e-02	5.9402e-09	7.7841e-11	1.4451e-03	9.9178e-01	6.7757e-03	1.1755e-36	6.6137e-01	3.3862e-01	8.8007e-06	1.1755e-36	1.1755e-36	1.1755e-36	1.6911e-17	0.00e+00	0.00e+00	1.7739e+01
1.37784e+17	5.2408e+03	3.154e-19	5.9948e+02	2.2958e+02	7.7242e-09	6.1941e-01	3.8059e-01	9.8066e-01	1.9339e-02	5.9225e-09	8.3171e-11	1.4041e-03	9.9204e-01	6.5537e-03	1.1755e-36	6.7351e-01	3.2648e-01	8.1570e-06	1.1755e-36	1.1755e-36	1.1755e-36	1.9015e-17	0.00e+00	0.00e+00	1.7997e+01
1.37891e+17	5.1544e+03	3.010e-19	5.9948e+02	2.2235e+02	9.1791e-09	6.3146e-01	3.6854e-01	9.8094e-01	1.9060e-02	5.9091e-09	8.8652e-11	1.3654e-03	9.9229e-01	6.3484e-03	1.1755e-36	6.8488e-01	3.1511e-01	7.5901e-06	1.1755e-36	1.1755e-36	1.1755e-36	2.1353e-17	0.00e+00	0.00e+00	1.8247e+01
1.37996e+17	5.0663e+03	2.871e-19	5.9948e+02	2.1528e+02	1.0951e-08	6.4324e-01	3.5676e-01	9.8121e-01	1.8794e-02	5.8985e-09	9.4539e-11	1.3277e-03	9.9252e-01	6.1513e-03	1.1755e-36	6.9594e-01	3.0406e-01	7.0706e-06	1.1755e-36	1.1755e-36	1.1755e-36	2.4078e-17	0.00e+00	0.00e+00	1.8501e+01
1.38080e+17	4.9993e+03	2.765e-19	5.9948e+02	2.0964e+02	1.2558e-08	6.5224e-01	3.4776e-01	9.8137e-01	1.8633e-02	5.9142e-09	9.9339e-11	1.2972e-03	9.9269e-01	6.0093e-03	1.1755e-36	7.0434e-01	2.9565e-01	6.6956e-06	1.1755e-36	1.1755e-36	1.1755e-36	2.6475e-17	0.00e+00	0.00e+00	1.8660e+01
1.38138e+17	4.9451e+03	2.693e-19	5.9948e+02	2.0581e+02	1.3976e-08	6.5871e-01	3.4128e-01	9.8150e-01	1.8496e-02	5.9094e-09	1.0314e-10	1.2770e-03	9.9283e-01	5.8975e-03	1.1755e-36	7.1038e-01	2.8961e-01	6.4414e-06	1.1755e-36	1.1755e-36	1.1755e-36	2.8403e-17	0.00e+00	0.00e+00	1.8786e+01
1.38188e+17	4.8892e+03	2.632e-19	5.9948e+02	2.0256e+02	1.5576e-08	6.6480e-01	3.3520e-01	9.8166e-01	1.8345e-02	5.8863e-09	1.0711e-10	1.2604e-03	9.9295e-01	5.7898e-03	1.1755e-36	7.1605e-01	2.8395e-01	6.2155e-06	1.1755e-36	1.1755e-36	1.1755e-36	3.0524e-17	0.00e+00	0.00e+00	1.8911e+01
1.38237e+17	4.8502e+03	2.570e-19	5.9948e+02	1.9921e+02	1.6906e-08	6.6999e-01	3.3001e-01	9.8175e-01	1.8247e-02	5.8976e-09	1.1029e-10	1.2421e-03	9.9306e-01	5.7020e-03	1.1755e-36	7.2084e-01	2.7915e-01	6.0144e-06	1.1755e-36	1.1755e-36	1.1755e-36	3.2298e-17	0.00e+00	0.00e+00	1.9033e+01
1.38292e+17	4.7962e+03	2.500e-19	5.9948e+02	1.9536e+02	1.8851e-08	6.7611e-01	3.2389e-01	9.8188e-01	1.8118e-02	5.8993e-09	1.1440e-10	1.2215e-03	9.9318e-01	5.5960e-03	1.1755e-36	7.2651e-01	2.7348e-01	5.7886e-06	1.1755e-36	1.1755e-36	1.1755e-36	3.4708e-17	0.00e+00	0.00e+00	1.9191e+01
1.38352e+17	4.7351e+03	2.427e-19	5.9948e+02	1.9138e+02	2.1351e-08	6.8300e-01	3.1700e-01	9.8203e-01	1.7969e-02	5.8918e-09	1.1949e-10	1.2007e-03	9.9332e-01	5.4783e-03	1.1755e-36	7.3287e-01	2.6713e-01	5.5484e-06	1.1755e-36	1.1755e-36	1.1755e-36	3.7870e-17	0.00e+00	0.00e+00	1.9345e+01
1.38407e+17	4.6820e+03	2.361e-19	5.9948e+02	1.8764e+02	2.3820e-08	6.8892e-01	3.1108e-01	9.8214e-01	1.7863e-02	5.9029e-09	1.2398e-10	1.1806e-03	9.9344e-01	5.3798e-03	1.1755e-36	7.3831e-01	2.6168e-01	5.3454e-06	1.1755e-36	1.1755e-36	1.1755e-36	4.0846e-17	0.00e+00	0.00e+00	1.9477e+01
1.38457e+17	4.6307e+03	2.303e-19	5.9948e+02	1.8431e+02	2.6486e-08	6.9446e-01	3.0554e-01	9.8225e-01	1.7753e-02	5.9044e-09	1.2857e-10	1.1631e-03	9.9355e-01	5.2866e-03	1.1755e-36	7.4340e-01	2.5660e-01	5.1626e-06	1.1755e-36	1.1755e-36	1.1755e-36	4.4064e-17	0.00e+00	0.00e+00	1.9606e+01
1.38506e+17	4.5792e+03	2.246e-19	5.9948e+02	1.8104e+02	2.9481e-08	6.9987e-01	3.0013e-01	9.8235e-01	1.7646e-02	5.9060e-09	1.3337e-10	1.1459e-03	9.9366e-01	5.1958e-03	1.1755e-36	7.4836e-01	2.5164e-01	4.9889e-06	1.1755e-36	1.1755e-36	1.1755e-36	4.7626e-17	0.00e+00	0.00e+00	1.9736e+01
1.38555e+17	4.5278e+03	2.190e-19	5.9948e+02	1.7783e+02	3.2835e-08	7.0519e-01	2.9481e-01	9.8246e-01	1.7542e-02	5.9086e-09	1.3840e-10	1.1290e-03	9.9376e-01	5.1072e-03	1.1755e-36	7.5322e-01	2.4677e-01	4.8226e-06	1.1755e-36	1.1755e-36	1.1755e-36	5.1592e-17	0.00e+00	0.00e+00	1.9864e+01
1.38602e+17	4.4726e+03	2.137e-19	5.9948e+02	1.7478e+02	3.6854e-08	7.1064e-01	2.8936e-01	9.8258e-01	1.7421e-02	5.8988e-09	1.4411e-10	1.1133e-03	9.9387e-01	5.0160e-03	1.1755e-36	7.5819e-01	2.4181e-01	4.6604e-06	1.1755e-36	1.1755e-36	1.1755e-36	5.6378e-17	0.00e+00	0.00e+00	1.9990e+01
1.38647e+17	4.4250e+03	2.087e-19	5.9948e+02	1.7175e+02	4.0780e-08	7.1538e-01	2.8462e-01	9.8266e-01	1.7340e-02	5.9103e-09	1.4919e-10	1.0973e-03	9.9396e-01	4.9384e-03	1.1755e-36	7.6251e-01	2.3748e-01	4.5183e-06	1.1755e-36	1.1755e-36	1.1755e-36	6.0930e-17	0.00e+00	0.00e+00	2.0107e+01
1.38691e+17	4.3735e+03	2.039e-19	5.9948e+02	1.6894e+02	4.5506e-08	7.2036e-01	2.7964e-01	9.8277e-01	1.7232e-02	5.9031e-09	1.5516e-10	1.0829e-03	9.9406e-01	4.8556e-03	1.1755e-36	7.6703e-01	2.3296e-01	4.3764e-06	1.1755e-36	1.1755e-36	1.1755e-36	6.6579e-17	0.00e+00	0.00e+00	2.0229e+01
1.38735e+17	4.3266e+03	1.991e-19	5.9948e+02	1.6599e+02	5.0346e-08	7.2491e-01	2.7509e-01	9.8284e-01	1.7157e-02	5.9173e-09	1.6074e-10	1.0673e-03	9.9415e-01	4.7817e-03	1.1755e-36	7.7116e-01	2.2883e-01	4.2456e-06	1.1755e-36	1.1755e-36	1.1755e-36	7.2234e-17	0.00e+00	0.00e+00	2.0347e+01
1.38779e+17	4.2732e+03	1.944e-19	5.9948e+02	1.6324e+02	5.6477e-08	7.2992e-01	2.7008e-01	9.8295e-01	1.7045e-02	5.9066e-09	1.6774e-10	1.0534e-03	9.9425e-01	4.6989e-03	1.1755e-36	7.7569e-01	2.2430e-01	4.1100e-06	1.1755e-36	1.1755e-36	1.1755e-36	7.9708e-17	0.00e+00	0.00e+00	2.0471e+01
1.38822e+17	4.2225e+03	1.899e-19	5.9948e+02	1.6043e+02	6.3002e-08	7.3451e-01	2.6549e-01	9.8304e-01	1.6960e-02	5.9116e-09	1.7450e-10	1.0389e-03	9.9434e-01	4.6247e-03	1.1755e-36	7.7984e-01	2.2016e-01	3.9871e-06	1.1755e-36	1.1755e-36	1.1755e-36	8.7502e-17	0.00e+00	0.00e+00	2.0586e+01
1.38863e+17	4.1745e+03	1.857e-19	5.9948e+02	1.5782e+02	6.9917e-08	7.3886e-01	2.6114e-01	9.8312e-01	1.6877e-02	5.9145e-09	1.8142e-10	1.0256e-03	9.9442e-01	4.5543e-03	1.1755e-36	7.8376e-01	2.1624e-01	3.8729e-06	1.1755e-36	1.1755e-36	1.1755e-36	9.5958e-17	0.00e+00	0.00e+00	2.0697e+01
1.38903e+17	4.1264e+03	1.816e-19	5.9948e+02	1.5525e+02	7.7623e-08	7.4314e-01	2.5686e-01	9.8321e-01	1.6795e-02	5.9169e-09	1.8876e-10	1.0125e-03	9.9450e-01	4.4849e-03	1.1755e-36	7.8762e-01	2.1238e-01	3.7625e-06	1.1755e-36	1.1755e-36	1.1755e-36	1.0552e-16	0.00e+00	0.00e+00	2.0811e+01
1.38943e+17	4.0778e+03	1.776e-19	5.9948e+02	1.5269e+02	8.6285e-08	7.4745e-01	2.5255e-01	9.8329e-01	1.6711e-02	5.9191e-09	1.9670e-10	9.9946e-04	9.9459e-01	4.4155e-03	1.1755e-36	7.9149e-01	2.0851e-01	3.6538e-06	1.1755e-36	1.1755e-36	1.1755e-36	1.1650e-16	0.00e+00	0.00e+00	2.0925e+01
1.38984e+17	4.0235e+03	1.736e-19	5.9948e+02	1.5008e+02	9.6921e-08	7.5184e-01	2.4816e-01	9.8338e-01	1.6621e-02	5.9164e-09	2.0572e-10	9.8660e-04	9.9467e-01	4.3448e-03	1.1755e-36	7.9543e-01	2.0456e-01	3.5475e-06	1.1755e-36	1.1755e-36	1.1755e-36	1.2994e-16	0.00e+00	0.00e+00	2.1041e+01
1.39023e+17	3.9795e+03	1.698e-19	5.9948e+02	1.4766e+02	1.0668e-07	7.5575e-01	2.4425e-01	9.8344e-01	1.6555e-02	5.9268e-09	2.1389e-10	9.7413e-04	9.9474e-01	4.2830e-03	1.1755e-36	7.9893e-01	2.0107e-01	3.4515e-06	1.1755e-36	1.1755e-36	1.1755e-36	1.4282e-16	0.00e+00	0.00e+00	2.1146e+01
###########################
8.99842e+12	7.3817e+03	1.071e-18	5.9948e+02	6.4681e+02	3.3602e-14	5.4752e-03	9.9452e-01	2.9309e-02	9.6962e-01	1.0720e-03	5.1876e-16	5.7387e-04	3.5799e-01	6.4119e-01	2.4082e-04	4.7640e-03	7.6477e-01	2.3041e-01	5.4581e-05	1.1755e-36	1.1755e-36	3.2245e-24	0.00e+00	0.00e+00	3.7299e-04
5.39905e+13	7.3787e+03	1.071e-18	5.9948e+02	6.4670e+02	3.3600e-14	5.4723e-03	9.9453e-01	2.9311e-02	9.6962e-01	1.0710e-03	5.1751e-16	5.7297e-04	3.5802e-01	6.4116e-01	2.4109e-04	4.7612e-03	7.6471e-01	2.3048e-01	5.4417e-05	1.1755e-36	1.1755e-36	3.2102e-24	0.00e+00	0.00e+00	1.8641e-03
2.33959e+14	7.3711e+03	1.069e-18	5.9948e+02	6.4667e+02	3.3749e-14	5.4700e-03	9.9453e-01	2.9347e-02	9.6959e-01	1.0634e-03	5.1778e-16	5.7261e-04	3.5833e-01	6.4085e-01	2.4017e-04	4.7615e-03	7.6493e-01	2.3026e-01	5.3589e-05	1.1755e-36	1.1755e-36	3.2066e-24	0.00e+00	0.00e+00	7.8262e-03
9.53832e+14	7.3570e+03	1.062e-18	5.9948e+02	6.4665e+02	3.4078e-14	5.4714e-03	9.9453e-01	2.9502e-02	9.6947e-01	1.0262e-03	5.2061e-16	5.7457e-04	3.5966e-01	6.3953e-01	2.3699e-04	4.7738e-03	7.6611e-01	2.2906e-01	5.0298e-05	1.1755e-36	1.1755e-36	3.2081e-24	0.00e+00	0.00e+00	3.1681e-02
2.27840e+15	7.2930e+03	1.041e-18	5.9948e+02	6.4668e+02	3.4445e-14	5.3914e-03	9.9461e-01	2.9563e-02	9.6944e-01	9.9889e-04	5.0550e-16	5.7046e-04	3.6052e-01	6.3868e-01	2.3418e-04	4.7134e-03	7.6658e-01	2.2866e-01	4.6498e-05	1.1755e-36	1.1755e-36	3.0399e-24	0.00e+00	0.00e+00	6.2238e-02
4.00034e+15	7.2279e+03	1.020e-18	5.9948e+02	6.4671e+02	3.5177e-14	5.3379e-03	9.9466e-01	2.9744e-02	9.6932e-01	9.3633e-04	4.9729e-16	5.7042e-04	3.6232e-01	6.3688e-01	2.2894e-04	4.6846e-03	7.6815e-01	2.2712e-01	4.1469e-05	1.1755e-36	1.1755e-36	2.9231e-24	0.00e+00	0.00e+00	1.0157e-01
6.23885e+15	7.1594e+03	9.991e-19	5.9948e+02	6.4671e+02	3.6319e-14	5.3058e-03	9.9469e-01	3.0065e-02	9.6909e-01	8.4083e-04	4.9495e-16	5.7381e-04	3.6522e-01	6.3399e-01	2.2123e-04	4.6839e-03	7.7093e-01	2.2435e-01	3.5371e-05	1.1755e-36	1.1755e-36	2.8444e-24	0.00e+00	0.00e+00	1.5239e-01
9.14893e+15	7.0843e+03	9.777e-19	5.9948e+02	6.4669e+02	3.8072e-14	5.3013e-03	9.9470e-01	3.0585e-02	9.6870e-01	7.1451e-04	5.0007e-16	5.8080e-04	3.6962e-01	6.2959e-01	2.1080e-04	4.7194e-03	7.7524e-01	2.2001e-01	2.8455e-05	1.1755e-36	1.1755e-36	2.8088e-24	0.00e+00	0.00e+00	2.1840e-01
1.29320e+16	7.0096e+03	9.556e-19	5.9948e+02	6.4664e+02	4.0464e-14	5.3326e-03	9.9467e-01	3.1369e-02	9.6807e-01	5.6564e-04	5.1529e-16	5.9385e-04	3.7600e-01	6.2321e-01	1.9772e-04	4.8021e-03	7.8151e-01	2.1367e-01	2.1210e-05	1.1755e-36	1.1755e-36	2.8317e-24	0.00e+00	0.00e+00	3.0473e-01
1.78500e+16	6.9318e+03	9.341e-19	5.9948e+02	6.4654e+02	4.4054e-14	5.4219e-03	9.9458e-01	3.2575e-02	9.6702e-01	4.0865e-04	5.4723e-16	6.1549e-04	3.8539e-01	6.1381e-01	1.8189e-04	4.9586e-03	7.9036e-01	2.0467e-01	1.4290e-05	1.1755e-36	1.1755e-36	2.9475e-24	0.00e+00	0.00e+00	4.1883e-01
2.42435e+16	6.8584e+03	9.140e-19	5.9948e+02	6.4637e+02	4.9384e-14	5.6004e-03	9.9440e-01	3.4434e-02	9.6530e-01	2.6321e-04	6.0734e-16	6.5024e-04	3.9914e-01	6.0005e-01	1.6348e-04	5.2272e-03	8.0252e-01	1.9225e-01	8.4341e-06	1.1755e-36	1.1755e-36	3.2233e-24	0.00e+00	0.00e+00	5.7205e-01
3.25549e+16	6.7939e+03	8.971e-19	5.9948e+02	6.4607e+02	5.7802e-14	5.9285e-03	9.9407e-01	3.7399e-02	9.6245e-01	1.4704e-04	7.2062e-16	7.0648e-04	4.1962e-01	5.7953e-01	1.4232e-04	5.6816e-03	8.1892e-01	1.7539e-01	4.1807e-06	1.1755e-36	1.1755e-36	3.8048e-24	0.00e+00	0.00e+00	7.8290e-01
4.33598e+16	6.7336e+03	8.872e-19	5.9948e+02	6.4526e+02	7.3209e-14	6.5314e-03	9.9347e-01	4.2394e-02	9.5754e-01	6.8868e-05	9.5196e-16	8.0057e-04	4.5111e-01	5.4797e-01	1.1760e-04	6.4787e-03	8.4118e-01	1.5234e-01	1.6361e-06	1.1755e-36	1.1755e-36	5.0897e-24	0.00e+00	0.00e+00	1.0849e+00
5.40517e+16	6.7130e+03	8.827e-19	5.9948e+02	6.4451e+02	9.1646e-14	7.2692e-03	9.9273e-01	4.8622e-02	9.5135e-01	3.2302e-05	1.2761e-15	9.0972e-04	4.8561e-01	5.1339e-01	9.6561e-05	7.4425e-03	8.6215e-01	1.3041e-01	6.3851e-07	1.1755e-36	1.1755e-36	7.0058e-24	0.00e+00	0.00e+00	1.3372e+00
6.19969e+16	6.7214e+03	8.889e-19	5.9948e+02	6.4372e+02	1.1167e-13	8.0531e-03	9.9195e-01	5.5096e-02	9.4489e-01	1.8720e-05	1.6816e-15	1.0164e-03	5.1691e-01	4.8200e-01	8.1160e-05	8.4455e-03	8.7845e-01	1.1311e-01	3.0892e-07	1.1755e-36	1.1755e-36	9.6023e-24	0.00e+00	0.00e+00	1.5421e+00
6.82414e+16	6.7403e+03	8.986e-19	5.9948e+02	6.4293e+02	1.3385e-13	8.8662e-03	9.9113e-01	6.1850e-02	9.3814e-01	1.2293e-05	2.1787e-15	1.1199e-03	5.4563e-01	4.5318e-01	6.9072e-05	9.4790e-03	8.9158e-01	9.8940e-02	1.6966e-07	1.1755e-36	1.1755e-36	1.3013e-23	0.00e+00	0.00e+00	1.7357e+00
7.39088e+16	6.7637e+03	9.105e-19	5.9948e+02	6.4192e+02	1.6104e-13	9.7907e-03	9.9021e-01	6.9670e-02	9.3032e-01	8.4137e-06	2.8386e-15	1.2304e-03	5.7491e-01	4.2380e-01	5.8308e-05	1.0652e-02	9.0342e-01	8.5933e-02	1.1755e-36	1.1755e-36	1.1755e-36	1.7816e-23	0.00e+00	0.00e+00	1.9420e+00
7.93909e+16	6.7916e+03	9.249e-19	5.9948e+02	6.4078e+02	1.9671e-13	1.0902e-02	9.8910e-01	7.9366e-02	9.2063e-01	5.8528e-06	3.7730e-15	1.3537e-03	6.0628e-01	3.9232e-01	4.8259e-05	1.2060e-02	9.1450e-01	7.3444e-02	1.1755e-36	1.1755e-36	1.1755e-36	2.5092e-23	0.00e+00	0.00e+00	2.1647e+00
8.45936e+16	6.8253e+03	9.414e-19	5.9948e+02	6.3951e+02	2.4277e-13	1.2221e-02	9.8778e-01	9.1317e-02	9.0868e-01	4.1622e-06	5.0896e-15	1.4883e-03	6.3908e-01	3.5940e-01	3.9167e-05	1.3729e-02	9.2448e-01	6.1794e-02	1.1755e-36	1.1755e-36	1.1755e-36	3.6134e-23	0.00e+00	0.00e+00	2.3964e+00
8.93794e+16	6.8617e+03	9.596e-19	5.9948e+02	6.3820e+02	3.0162e-13	1.3749e-02	9.8625e-01	1.0581e-01	8.9419e-01	3.0470e-06	6.9149e-15	1.6267e-03	6.7217e-01	3.2617e-01	3.1265e-05	1.5660e-02	9.3296e-01	5.1382e-02	1.1755e-36	1.1755e-36	1.1755e-36	5.2706e-23	0.00e+00	0.00e+00	2.6339e+00
9.37825e+16	6.8844e+03	9.783e-19	5.9948e+02	6.3568e+02	3.8133e-13	1.5527e-02	9.8447e-01	1.2316e-01	8.7684e-01	2.2677e-06	9.4290e-15	1.7722e-03	7.0512e-01	2.9308e-01	2.4499e-05	1.7903e-02	9.3991e-01	4.2186e-02	1.1755e-36	1.1755e-36	1.1755e-36	7.7183e-23	0.00e+00	0.00e+00	2.8833e+00
9.79401e+16	6.9202e+03	9.980e-19	5.9948e+02	6.3362e+02	4.8450e-13	1.7644e-02	9.8236e-01	1.4522e-01	8.5478e-01	1.7176e-06	1.3070e-14	1.9238e-03	7.3842e-01	2.5964e-01	1.8682e-05	2.0569e-02	9.4549e-01	3.3943e-02	1.1755e-36	1.1755e-36	1.1755e-36	1.1596e-22	0.00e+00	0.00e+00	3.1553e+00
1.01865e+17	6.9532e+03	1.019e-18	5.9948e+02	6.3134e+02	6.2718e-13	2.0203e-02	9.7980e-01	1.7348e-01	8.2652e-01	1.3133e-06	1.8443e-14	2.0769e-03	7.7171e-01	2.2620e-01	1.3791e-05	2.3783e-02	9.4953e-01	2.6688e-02	1.1755e-36	1.1755e-36	1.1755e-36	1.7853e-22	0.00e+00	0.00e+00	3.4442e+00
1.05384e+17	6.9678e+03	1.039e-18	5.9948e+02	6.2692e+02	8.2324e-13	2.3143e-02	9.7686e-01	2.0722e-01	7.9278e-01	1.0115e-06	2.5900e-14	2.2246e-03	8.0261e-01	1.9515e-01	1.0003e-05	2.7466e-02	9.5178e-01	2.0753e-02	1.1755e-36	1.1755e-36	1.1755e-36	2.7234e-22	0.00e+00	0.00e+00	3.7299e+00
1.08423e+17	6.9990e+03	1.057e-18	5.9948e+02	6.2403e+02	1.0594e-12	2.6391e-02	9.7361e-01	2.4695e-01	7.5305e-01	8.0221e-07	3.6130e-14	2.3598e-03	8.3007e-01	1.6757e-01	7.2034e-06	3.1523e-02	9.5241e-01	1.6068e-02	1.1755e-36	1.1755e-36	1.1755e-36	4.1371e-22	0.00e+00	0.00e+00	4.0112e+00
1.11059e+17	7.0138e+03	1.073e-18	5.9948e+02	6.2003e+02	1.3657e-12	2.9944e-02	9.7006e-01	2.9205e-01	7.0795e-01	6.4277e-07	4.9756e-14	2.4774e-03	8.5388e-01	1.4364e-01	5.1716e-06	3.5948e-02	9.5162e-01	1.2432e-02	1.1755e-36	1.1755e-36	1.1755e-36	6.1596e-22	0.00e+00	0.00e+00	4.2897e+00
1.13399e+17	7.0323e+03	1.085e-18	5.9948e+02	6.1529e+02	1.7422e-12	3.3826e-02	9.6617e-01	3.4271e-01	6.5728e-01	5.1693e-07	6.7918e-14	2.5782e-03	8.7448e-01	1.2294e-01	3.6974e-06	4.0771e-02	9.4965e-01	9.5814e-03	1.1755e-36	1.1755e-36	1.1755e-36	9.0476e-22	0.00e+00	0.00e+00	4.5744e+00
1.15546e+17	7.0432e+03	1.094e-18	5.9948e+02	6.1005e+02	2.2407e-12	3.8247e-02	9.6175e-01	4.0034e-01	5.9965e-01	4.1223e-07	9.3201e-14	2.6670e-03	8.9264e-01	1.0469e-01	2.6056e-06	4.6244e-02	9.4646e-01	7.2990e-03	1.1755e-36	1.1755e-36	1.1755e-36	1.3330e-21	0.00e+00	0.00e+00	4.8742e+00
1.17542e+17	7.0502e+03	1.101e-18	5.9948e+02	6.0395e+02	2.9047e-12	4.3331e-02	9.5667e-01	4.6464e-01	5.3536e-01	3.2431e-07	1.2891e-13	2.7426e-03	9.0850e-01	8.8759e-02	1.8083e-06	5.2519e-02	9.4200e-01	5.4823e-03	1.1755e-36	1.1755e-36	1.1755e-36	1.9756e-21	0.00e+00	0.00e+00	5.1893e+00
1.19393e+17	7.0551e+03	1.105e-18	5.9948e+02	5.9715e+02	3.7876e-12	4.9174e-02	9.5083e-01	5.3338e-01	4.6662e-01	2.5111e-07	1.7950e-13	2.8041e-03	9.2199e-01	7.5200e-02	1.2411e-06	5.9705e-02	9.3623e-01	4.0670e-03	1.1755e-36	1.1755e-36	1.1755e-36	2.9444e-21	0.00e+00	0.00e+00	5.5205e+00
1.21119e+17	7.0582e+03	1.103e-18	5.9948e+02	5.8823e+02	4.9550e-12	5.5826e-02	9.4417e-01	6.0319e-01	3.9681e-01	1.9061e-07	2.4985e-13	2.8443e-03	9.3319e-01	6.3966e-02	8.4764e-07	6.7856e-02	9.2916e-01	2.9858e-03	1.1755e-36	1.1755e-36	1.1755e-36	4.3735e-21	0.00e+00	0.00e+00	5.8744e+00
1.22779e+17	7.0533e+03	1.103e-18	5.9948e+02	5.8103e+02	6.6711e-12	6.4081e-02	9.3592e-01	6.7382e-01	3.2618e-01	1.4091e-07	3.5836e-13	2.8862e-03	9.4292e-01	5.4190e-02	5.6436e-07	7.7927e-02	9.1993e-01	2.1407e-03	1.1755e-36	1.1755e-36	1.1755e-36	6.7863e-21	0.00e+00	0.00e+00	6.2732e+00
1.24385e+17	7.0506e+03	1.096e-18	5.9948e+02	5.7056e+02	9.0852e-12	7.3967e-02	9.2603e-01	7.3969e-01	2.6031e-01	1.0153e-07	5.1649e-13	2.9027e-03	9.5093e-01	4.6171e-02	3.7216e-07	8.9930e-02	9.0856e-01	1.5063e-03	1.1755e-36	1.1755e-36	1.1755e-36	1.0640e-20	0.00e+00	0.00e+00	6.7123e+00
1.25939e+17	7.0412e+03	1.086e-18	5.9948e+02	5.6010e+02	1.2759e-11	8.6423e-02	9.1358e-01	7.9833e-01	2.0167e-01	7.1464e-08	7.6147e-13	2.9124e-03	9.5770e-01	3.9390e-02	2.4064e-07	1.0497e-01	8.9400e-01	1.0356e-03	1.1755e-36	1.1755e-36	1.1755e-36	1.7421e-20	0.00e+00	0.00e+00	7.2161e+00
1.27453e+17	7.0253e+03	1.072e-18	5.9948e+02	5.4828e+02	1.8565e-11	1.0239e-01	8.9761e-01	8.4747e-01	1.5253e-01	4.9473e-08	1.1479e-12	2.9086e-03	9.6344e-01	3.3651e-02	1.5254e-07	1.2411e-01	8.7519e-01	6.9436e-04	1.1755e-36	1.1755e-36	1.1755e-36	2.9906e-20	0.00e+00	0.00e+00	7.7925e+00
1.28893e+17	7.0065e+03	1.048e-18	5.9948e+02	5.3338e+02	2.7693e-11	1.2246e-01	8.7754e-01	8.8558e-01	1.1442e-01	3.4360e-08	1.7452e-12	2.8808e-03	9.6822e-01	2.8902e-02	1.1755e-36	1.4795e-01	8.5159e-01	4.5858e-04	1.1755e-36	1.1755e-36	1.1755e-36	5.2921e-20	0.00e+00	0.00e+00	8.4387e+00
1.30235e+17	6.9745e+03	1.015e-18	5.9948e+02	5.1604e+02	4.2571e-11	1.4761e-01	8.5239e-01	9.1387e-01	8.6134e-02	2.4242e-08	2.6764e-12	2.8325e-03	9.7228e-01	2.4886e-02	1.1755e-36	1.7753e-01	8.2217e-01	3.0024e-04	1.1755e-36	1.1755e-36	1.1755e-36	9.6584e-20	0.00e+00	0.00e+00	9.1584e+00
1.31458e+17	6.9248e+03	9.707e-19	5.9948e+02	4.9626e+02	6.7314e-11	1.7875e-01	8.2125e-01	9.3405e-01	6.5950e-02	1.7668e-08	4.1274e-12	2.7642e-03	9.7579e-01	2.1444e-02	1.1755e-36	2.1365e-01	7.8615e-01	1.9610e-04	1.1755e-36	1.1755e-36	1.1755e-36	1.8073e-19	0.00e+00	0.00e+00	9.9422e+00
1.32544e+17	6.8546e+03	9.143e-19	5.9948e+02	4.7331e+02	1.0821e-10	2.1580e-01	7.8420e-01	9.4805e-01	5.1950e-02	1.3466e-08	6.3104e-12	2.6715e-03	9.7880e-01	1.8528e-02	1.1755e-36	2.5595e-01	7.4392e-01	1.2924e-04	1.1755e-36	1.1755e-36	1.1755e-36	3.3827e-19	0.00e+00	0.00e+00	1.0770e+01
1.33468e+17	6.7634e+03	8.487e-19	5.9948e+02	4.4804e+02	1.7336e-10	2.5713e-01	7.4287e-01	9.5749e-01	4.2508e-02	1.0836e-08	9.3839e-12	2.5590e-03	9.8131e-01	1.6128e-02	1.1755e-36	3.0229e-01	6.9763e-01	8.7455e-05	1.1755e-36	1.1755e-36	1.1755e-36	6.1338e-19	0.00e+00	0.00e+00	1.1584e+01
1.34183e+17	6.6632e+03	7.843e-19	5.9948e+02	4.2371e+02	2.6410e-10	2.9745e-01	7.0255e-01	9.6340e-01	3.6598e-02	9.3077e-09	1.3101e-11	2.4441e-03	9.8322e-01	1.4333e-02	1.1755e-36	3.4664e-01	6.5329e-01	6.2955e-05	1.1755e-36	1.1755e-36	1.1755e-36	1.0182e-18	0.00e+00	0.00e+00	1.2251e+01
1.34686e+17	6.5707e+03	7.307e-19	5.9948e+02	4.0339e+02	3.6756e-10	3.3078e-01	6.6922e-01	9.6691e-01	3.3088e-02	8.4615e-09	1.6758e-11	2.3445e-03	9.8455e-01	1.3101e-02	1.1755e-36	3.8270e-01	6.1725e-01	4.9192e-05	1.1755e-36	1.1755e-36	1.1755e-36	1.4840e-18	0.00e+00	0.00e+00	1.2769e+01
1.35056e+17	6.4875e+03	6.873e-19	5.9948e+02	3.8698e+02	4.7843e-10	3.5802e-01	6.4198e-01	9.6924e-01	3.0759e-02	7.9216e-09	2.0193e-11	2.2624e-03	9.8554e-01	1.2201e-02	1.1755e-36	4.1177e-01	5.8819e-01	4.0654e-05	1.1755e-36	1.1755e-36	1.1755e-36	1.9770e-18	0.00e+00	0.00e+00	1.3213e+01
1.35375e+17	6.4037e+03	6.475e-19	5.9948e+02	3.7174e+02	6.0933e-10	3.8323e-01	6.1677e-01	9.7113e-01	2.8871e-02	7.4973e-09	2.3755e-11	2.1852e-03	9.8638e-01	1.1431e-02	1.1755e-36	4.3835e-01	5.6162e-01	3.4288e-05	1.1755e-36	1.1755e-36	1.1755e-36	2.5402e-18	0.00e+00	0.00e+00	1.3662e+01
1.35680e+17	6.3114e+03	6.072e-19	5.9948e+02	3.5614e+02	7.8037e-10	4.0906e-01	5.9094e-01	9.7281e-01	2.7195e-02	7.1370e-09	2.7822e-11	2.1052e-03	9.8719e-01	1.0706e-02	1.1755e-36	4.6527e-01	5.3470e-01	2.8969e-05	1.1755e-36	1.1755e-36	1.1755e-36	3.2450e-18	0.00e+00	0.00e+00	1.4129e+01
1.35969e+17	6.2124e+03	5.676e-19	5.9948e+02	3.4048e+02	1.0016e-09	4.3500e-01	5.6500e-01	9.7423e-01	2.5774e-02	6.8527e-09	3.2365e-11	2.0239e-03	9.8794e-01	1.0041e-02	1.1755e-36	4.9200e-01	5.0797e-01	2.4596e-05	1.1755e-36	1.1755e-36	1.1755e-36	4.1072e-18	0.00e+00	0.00e+00	1.4583e+01
1.36227e+17	6.1127e+03	5.311e-19	5.9948e+02	3.2577e+02	1.2707e-09	4.5939e-01	5.4061e-01	9.7538e-01	2.4621e-02	6.6401e-09	3.7097e-11	1.9468e-03	9.8859e-01	9.4621e-03	1.1755e-36	5.1686e-01	4.8312e-01	2.1174e-05	1.1755e-36	1.1755e-36	1.1755e-36	5.0858e-18	0.00e+00	0.00e+00	1.5000e+01
1.36453e+17	6.0152e+03	4.986e-19	5.9948e+02	3.1233e+02	1.5871e-09	4.8168e-01	5.1832e-01	9.7632e-01	2.3682e-02	6.4792e-09	4.1852e-11	1.8759e-03	9.8916e-01	8.9637e-03	1.1755e-36	5.3934e-01	4.6064e-01	1.8507e-05	1.1755e-36	1.1755e-36	1.1755e-36	6.1498e-18	0.00e+00	0.00e+00	1.5387e+01
1.36658e+17	5.9177e+03	4.687e-19	5.9948e+02	2.9975e+02	1.9657e-09	5.0255e-01	4.9745e-01	9.7712e-01	2.2880e-02	6.3516e-09	4.6715e-11	1.8092e-03	9.8967e-01	8.5185e-03	1.1755e-36	5.6019e-01	4.3979e-01	1.6337e-05	1.1755e-36	1.1755e-36	1.1755e-36	7.3202e-18	0.00e+00	0.00e+00	1.5762e+01
1.36851e+17	5.8177e+03	4.405e-19	5.9948e+02	2.8759e+02	2.4330e-09	5.2270e-01	4.7730e-01	9.7783e-01	2.2171e-02	6.2482e-09	5.1827e-11	1.7443e-03	9.9015e-01	8.1073e-03	1.1755e-36	5.8014e-01	4.1985e-01	1.4497e-05	1.1755e-36	1.1755e-36	1.1755e-36	8.6413e-18	0.00e+00	0.00e+00	1.6134e+01
1.37034e+17	5.7148e+03	4.137e-19	5.9948e+02	2.7581e+02	3.0149e-09	5.4224e-01	4.5776e-01	9.7846e-01	2.1541e-02	6.1663e-09	5.7225e-11	1.6811e-03	9.9059e-01	7.7257e-03	1.1755e-36	5.9932e-01	4.0067e-01	1.2919e-05	1.1755e-36	1.1755e-36	1.1755e-36	1.0140e-17	0.00e+00	0.00e+00	1.6500e+01
1.37182e+17	5.6275e+03	3.927e-19	5.9948e+02	2.6628e+02	3.6091e-09	5.5814e-01	4.4186e-01	9.7890e-01	2.1099e-02	6.1244e-09	6.1983e-11	1.6298e-03	9.9093e-01	7.4385e-03	1.1755e-36	6.1480e-01	3.8519e-01	1.1780e-05	1.1755e-36	1.1755e-36	1.1755e-36	1.1556e-17	0.00e+00	0.00e+00	1.6749e+01
1.37288e+17	5.5600e+03	3.775e-19	5.9948e+02	2.5930e+02	4.1375e-09	5.6973e-01	4.3027e-01	9.7922e-01	2.0781e-02	6.0946e-09	6.5684e-11	1.5922e-03	9.9118e-01	7.2294e-03	1.1755e-36	6.2603e-01	3.7396e-01	1.1008e-05	1.1755e-36	1.1755e-36	1.1755e-36	1.2719e-17	0.00e+00	0.00e+00	1.6953e+01
1.37387e+17	5.4934e+03	3.633e-19	5.9948e+02	2.5272e+02	4.7301e-09	5.8074e-01	4.1926e-01	9.7953e-01	2.0465e-02	6.0600e-09	6.9416e-11	1.5567e-03	9.9142e-01	7.0282e-03	1.1755e-36	6.3664e-01	3.6335e-01	1.0315e-05	1.1755e-36	1.1755e-36	1.1755e-36	1.3951e-17	0.00e+00	0.00e+00	1.7179e+01
1.37497e+17	5.4161e+03	3.476e-19	5.9948e+02	2.4530e+02	5.5194e-09	5.9298e-01	4.0702e-01	9.7987e-01	2.0130e-02	6.0289e-09	7.3804e-11	1.5165e-03	9.9167e-01	6.8088e-03	1.1755e-36	6.4838e-01	3.5161e-01	9.5922e-06	1.1755e-36	1.1755e-36	1.1755e-36	1.5478e-17	0.00e+00	0.00e+00	1.7441e+01
1.37614e+17	5.3274e+03	3.313e-19	5.9948e+02	2.3746e+02	6.5793e-09	6.0630e-01	3.9370e-01	9.8022e-01	1.9780e-02	5.9954e-09	7.9006e-11	1.4742e-03	9.9195e-01	6.5775e-03	1.1755e-36	6.6108e-01	3.3891e-01	8.8680e-06	1.1755e-36	1.1755e-36	1.1755e-36	1.7414e-17	0.00e+00	0.00e+00	1.7713e+01
1.37728e+17	5.2399e+03	3.157e-19	5.9948e+02	2.2978e+02	7.8341e-09	6.1909e-01	3.8091e-01	9.8053e-01	1.9473e-02	5.9775e-09	8.4382e-11	1.4326e-03	9.9220e-01	6.3633e-03	1.1755e-36	6.7321e-01	3.2678e-01	8.2197e-06	1.1755e-36	1.1755e-36	1.1755e-36	1.9566e-17	0.00e+00	0.00e+00	1.7971e+01
1.37836e+17	5.1536e+03	3.012e-19	5.9948e+02	2.2254e+02	9.3061e-09	6.3115e-01	3.6885e-01	9.8081e-01	1.9192e-02	5.9639e-09	8.9916e-11	1.3933e-03	9.9244e-01	6.1650e-03	1.1755e-36	6.8459e-01	3.1540e-01	7.6486e-06	1.1755e-36	1.1755e-36	1.1755e-36	2.1958e-17	0.00e+00	0.00e+00	1.8221e+01
1.37940e+17	5.0656e+03	2.874e-19	5.9948e+02	2.1547e+02	1.1099e-08	6.4294e-01	3.5706e-01	9.8108e-01	1.8924e-02	5.9531e-09	9.5864e-11	1.3549e-03	9.9267e-01	5.9743e-03	1.1755e-36	6.9566e-01	3.0434e-01	7.1250e-06	1.1755e-36	1.1755e-36	1.1755e-36	2.4747e-17	0.00e+00	0.00e+00	1.8475e+01
1.38025e+17	4.9986e+03	2.767e-19	5.9948e+02	2.0982e+02	1.2725e-08	6.5194e-01	3.4806e-01	9.8124e-01	1.8761e-02	5.9687e-09	1.0071e-10	1.3239e-03	9.9284e-01	5.8390e-03	1.1755e-36	7.0407e-01	2.9593e-01	6.7470e-06	1.1755e-36	1.1755e-36	1.1755e-36	2.7199e-17	0.00e+00	0.00e+00	1.8634e+01
1.38082e+17	4.9444e+03	2.695e-19	5.9948e+02	2.0599e+02	1.4162e-08	6.5843e-01	3.4157e-01	9.8138e-01	1.8623e-02	5.9639e-09	1.0456e-10	1.3033e-03	9.9297e-01	5.7314e-03	1.1755e-36	7.1012e-01	2.8987e-01	6.4902e-06	1.1755e-36	1.1755e-36	1.1755e-36	2.9176e-17	0.00e+00	0.00e+00	1.8760e+01
1.38132e+17	4.8884e+03	2.634e-19	5.9948e+02	2.0273e+02	1.5789e-08	6.6455e-01	3.3545e-01	9.8153e-01	1.8470e-02	5.9402e-09	1.0859e-10	1.2863e-03	9.9309e-01	5.6266e-03	1.1755e-36	7.1581e-01	2.8418e-01	6.2618e-06	1.1755e-36	1.1755e-36	1.1755e-36	3.1357e-17	0.00e+00	0.00e+00	1.8885e+01
1.38181e+17	4.8494e+03	2.571e-19	5.9948e+02	1.9937e+02	1.7136e-08	6.6974e-01	3.3026e-01	9.8163e-01	1.8371e-02	5.9519e-09	1.1181e-10	1.2677e-03	9.9319e-01	5.5418e-03	1.1755e-36	7.2062e-01	2.7938e-01	6.0589e-06	1.1755e-36	1.1755e-36	1.1755e-36	3.3179e-17	0.00e+00	0.00e+00	1.9008e+01
1.38236e+17	4.7953e+03	2.502e-19	5.9948e+02	1.9550e+02	1.9109e-08	6.7587e-01	3.2413e-01	9.8176e-01	1.8242e-02	5.9537e-09	1.1597e-10	1.2467e-03	9.9331e-01	5.4384e-03	1.1755e-36	7.2630e-01	2.7370e-01	5.8313e-06	1.1755e-36	1.1755e-36	1.1755e-36	3.5650e-17	0.00e+00	0.00e+00	1.9165e+01
1.38297e+17	4.7342e+03	2.429e-19	5.9948e+02	1.9153e+02	2.1642e-08	6.8277e-01	3.1723e-01	9.8191e-01	1.8091e-02	5.9462e-09	1.2112e-10	1.2254e-03	9.9345e-01	5.3245e-03	1.1755e-36	7.3266e-01	2.6733e-01	5.5890e-06	1.1755e-36	1.1755e-36	1.1755e-36	3.8893e-17	0.00e+00	0.00e+00	1.9319e+01
1.38352e+17	4.6812e+03	2.363e-19	5.9948e+02	1.8778e+02	2.4144e-08	6.8869e-01	3.1131e-01	9.8202e-01	1.7984e-02	5.9573e-09	1.2568e-10	1.2050e-03	9.9357e-01	5.2296e-03	1.1755e-36	7.3811e-01	2.6188e-01	5.3845e-06	1.1755e-36	1.1755e-36	1.1755e-36	4.1946e-17	0.00e+00	0.00e+00	1.9451e+01
1.38402e+17	4.6300e+03	2.304e-19	5.9948e+02	1.8444e+02	2.6846e-08	6.9424e-01	3.0576e-01	9.8213e-01	1.7874e-02	5.9589e-09	1.3033e-10	1.1871e-03	9.9367e-01	5.1395e-03	1.1755e-36	7.4320e-01	2.5679e-01	5.2002e-06	1.1755e-36	1.1755e-36	1.1755e-36	4.5247e-17	0.00e+00	0.00e+00	1.9580e+01
1.38451e+17	4.5784e+03	2.247e-19	5.9948e+02	1.8118e+02	2.9882e-08	6.9966e-01	3.0034e-01	9.8223e-01	1.7765e-02	5.9604e-09	1.3518e-10	1.1696e-03	9.9378e-01	5.0516e-03	1.1755e-36	7.4817e-01	2.5182e-01	5.0250e-06	1.1755e-36	1.1755e-36	1.1755e-36	4.8904e-17	0.00e+00	0.00e+00	1.9710e+01
1.38499e+17	4.5270e+03	2.192e-19	5.9948e+02	1.7796e+02	3.3284e-08	7.0499e-01	2.9501e-01	9.8234e-01	1.7660e-02	5.9631e-09	1.4028e-10	1.1523e-03	9.9388e-01	4.9658e-03	1.1755e-36	7.5304e-01	2.4695e-01	4.8574e-06	1.1755e-36	1.1755e-36	1.1755e-36	5.2977e-17	0.00e+00	0.00e+00	1.9838e+01
1.38547e+17	4.4719e+03	2.139e-19	5.9948e+02	1.7490e+02	3.7360e-08	7.1044e-01	2.8956e-01	9.8246e-01	1.7539e-02	5.9532e-09	1.4607e-10	1.1364e-03	9.9399e-01	4.8775e-03	1.1755e-36	7.5802e-01	2.4198e-01	4.6939e-06	1.1755e-36	1.1755e-36	1.1755e-36	5.7892e-17	0.00e+00	0.00e+00	1.9964e+01
1.38592e+17	4.4243e+03	2.088e-19	5.9948e+02	1.7187e+02	4.1339e-08	7.1519e-01	2.8481e-01	9.8254e-01	1.7457e-02	5.9647e-09	1.5122e-10	1.1200e-03	9.9408e-01	4.8026e-03	1.1755e-36	7.6234e-01	2.3765e-01	4.5508e-06	1.1755e-36	1.1755e-36	1.1755e-36	6.2564e-17	0.00e+00	0.00e+00	2.0080e+01
1.38636e+17	4.3728e+03	2.040e-19	5.9948e+02	1.6906e+02	4.6130e-08	7.2017e-01	2.7983e-01	9.8265e-01	1.7348e-02	5.9575e-09	1.5727e-10	1.1053e-03	9.9417e-01	4.7224e-03	1.1755e-36	7.6687e-01	2.3313e-01	4.4078e-06	1.1755e-36	1.1755e-36	1.1755e-36	6.8364e-17	0.00e+00	0.00e+00	2.0202e+01
1.38679e+17	4.3259e+03	1.992e-19	5.9948e+02	1.6611e+02	5.1036e-08	7.2473e-01	2.7527e-01	9.8273e-01	1.7273e-02	5.9719e-09	1.6293e-10	1.0894e-03	9.9426e-01	4.6510e-03	1.1755e-36	7.7100e-01	2.2900e-01	4.2760e-06	1.1755e-36	1.1755e-36	1.1755e-36	7.4171e-17	0.00e+00	0.00e+00	2.0321e+01
1.38723e+17	4.2726e+03	1.946e-19	5.9948e+02	1.6335e+02	5.7254e-08	7.2974e-01	2.7026e-01	9.8284e-01	1.7160e-02	5.9611e-09	1.7003e-10	1.0753e-03	9.9435e-01	4.5708e-03	1.1755e-36	7.7553e-01	2.2446e-01	4.1394e-06	1.1755e-36	1.1755e-36	1.1755e-36	8.1849e-17	0.00e+00	0.00e+00	2.0444e+01
1.38766e+17	4.2219e+03	1.901e-19	5.9948e+02	1.6054e+02	6.3865e-08	7.3433e-01	2.6567e-01	9.8293e-01	1.7074e-02	5.9662e-09	1.7688e-10	1.0605e-03	9.9444e-01	4.4991e-03	1.1755e-36	7.7968e-01	2.2031e-01	4.0156e-06	1.1755e-36	1.1755e-36	1.1755e-36	8.9852e-17	0.00e+00	0.00e+00	2.0559e+01
1.38807e+17	4.1739e+03	1.859e-19	5.9948e+02	1.5793e+02	7.0874e-08	7.3868e-01	2.6132e-01	9.8301e-01	1.6991e-02	5.9691e-09	1.8389e-10	1.0469e-03	9.9452e-01	4.4311e-03	1.1755e-36	7.8360e-01	2.1639e-01	3.9006e-06	1.1755e-36	1.1755e-36	1.1755e-36	9.8536e-17	0.00e+00	0.00e+00	2.0670e+01
1.38847e+17	4.1258e+03	1.818e-19	5.9948e+02	1.5536e+02	7.8690e-08	7.4297e-01	2.5703e-01	9.8309e-01	1.6908e-02	5.9716e-09	1.9135e-10	1.0335e-03	9.9460e-01	4.3640e-03	1.1755e-36	7.8747e-01	2.1253e-01	3.7893e-06	1.1755e-36	1.1755e-36	1.1755e-36	1.0836e-16	0.00e+00	0.00e+00	2.0784e+01
1.38887e+17	4.0772e+03	1.777e-19	5.9948e+02	1.5280e+02	8.7476e-08	7.4729e-01	2.5271e-01	9.8318e-01	1.6824e-02	5.9740e-09	1.9940e-10	1.0202e-03	9.9468e-01	4.2968e-03	1.1755e-36	7.9134e-01	2.0865e-01	3.6798e-06	1.1755e-36	1.1755e-36	1.1755e-36	1.1965e-16	0.00e+00	0.00e+00	2.0898e+01
1.38928e+17	4.0229e+03	1.737e-19	5.9948e+02	1.5019e+02	9.8292e-08	7.5169e-01	2.4831e-01	9.8327e-01	1.6732e-02	5.9707e-09	2.0859e-10	1.0071e-03	9.9476e-01	4.2283e-03	1.1755e-36	7.9530e-01	2.0469e-01	3.5725e-06	1.1755e-36	1.1755e-36	1.1755e-36	1.3351e-16	0.00e+00	0.00e+00	2.1013e+01
1.38967e+17	3.9818e+03	1.699e-19	5.9948e+02	1.4768e+02	1.0751e-07	7.5539e-01	2.4461e-01	9.8332e-01	1.6683e-02	5.9937e-09	2.1620e-10	9.9364e-04	9.9483e-01	4.1726e-03	1.1755e-36	7.9862e-01	2.0138e-01	3.4788e-06	1.1755e-36	1.1755e-36	1.1755e-36	1.4570e-16	0.00e+00	0.00e+00	2.1118e+01
###########################
8.99842e+12	7.3817e+03	1.071e-18	5.9948e+02	6.4681e+02	3.3602e-14	5.4752e-03	9.9452e-01	2.9309e-02	9.6962e-01	1.0720e-03	5.1875e-16	5.7387e-04	3.5799e-01	6.4119e-01	2.4082e-04	4.7640e-03	7.6477e-01	2.3041e-01	5.4581e-05	1.1755e-36	1.1755e-36	3.2244e-24	0.00e+00	0.00e+00	3.7299e-04
5.39905e+13	7.3787e+03	1.071e-18	5.9948e+02	6.4670e+02	3.3599e-14	5.4723e-03	9.9453e-01	2.9311e-02	9.6962e-01	1.0710e-03	5.1750e-16	5.7297e-04	3.5802e-01	6.4116e-01	2.4109e-04	4.7612e-03	7.6471e-01	2.3048e-01	5.4417e-05	1.1755e-36	1.1755e-36	3.2101e-24	0.00e+00	0.00e+00	1.8641e-03
2.33959e+14	7.3711e+03	1.069e-18	5.9948e+02	6.4667e+02	3.3748e-14	5.4700e-03	9.9453e-01	2.9347e-02	9.6959e-01	1.0634e-03	5.1777e-16	5.7261e-04	3.5833e-01	6.4085e-01	2.4017e-04	4.7615e-03	7.6493e-01	2.3026e-01	5.3589e-05	1.1755e-36	1.1755e-36	3.2065e-24	0.00e+00	0.00e+00	7.8262e-03
9.53832e+14	7.3570e+03	1.062e-18	5.9948e+02	6.4665e+02	3.4078e-14	5.4714e-03	9.9453e-01	2.9502e-02	9.6947e-01	1.0262e-03	5.2060e-16	5.7457e-04	3.5966e-01	6.3953e-01	2.3699e-04	4.7738e-03	7.6611e-01	2.2906e-01	5.0298e-05	1.1755e-36	1.1755e-36	3.2080e-24	0.00e+00	0.00e+00	3.1681e-02
2.27840e+15	7.2930e+03	1.041e-18	5.9948e+02	6.4668e+02	3.4445e-14	5.3914e-03	9.9461e-01	2.9563e-02	9.6944e-01	9.9889e-04	5.0549e-16	5.7047e-04	3.6052e-01	6.3868e-01	2.3418e-04	4.7134e-03	7.6658e-01	2.2866e-01	4.6498e-05	1.1755e-36	1.1755e-36	3.0398e-24	0.00e+00	0.00e+00	6.2238e-02
4.00034e+15	7.2279e+03	1.020e-18	5.9948e+02	6.4671e+02	3.5177e-14	5.3379e-03	9.9466e-01	2.9744e-02	9.6932e-01	9.3633e-04	4.9728e-16	5.7042e-04	3.6232e-01	6.3688e-01	2.2894e-04	4.6846e-03	7.6815e-01	2.2712e-01	4.1469e-05	1.1755e-36	1.1755e-36	2.9230e-24	0.00e+00	0.00e+00	1.0157e-01
6.23885e+15	7.1594e+03	9.991e-19	5.9948e+02	6.4671e+02	3.6318e-14	5.3058e-03	9.9469e-01	3.0065e-02	9.6909e-01	8.4083e-04	4.9494e-16	5.7381e-04	3.6522e-01	6.3399e-01	2.2123e-04	4.6839e-03	7.7093e-01	2.2435e-01	3.5371e-05	1.1755e-36	1.1755e-36	2.8443e-24	0.00e+00	0.00e+00	1.5239e-01
9.14893e+15	7.0843e+03	9.777e-19	5.9948e+02	6.4669e+02	3.8071e-14	5.3013e-03	9.9470e-01	3.0585e-02	9.6870e-01	7.1451e-04	5.0006e-16	5.8080e-04	3.6962e-01	6.2959e-01	2.1080e-04	4.7194e-03	7.7524e-01	2.2001e-01	2.8455e-05	1.1755e-36	1.1755e-36	2.8087e-24	0.00e+00	0.00e+00	2.1840e-01
1.29320e+16	7.0096e+03	9.556e-19	5.9948e+02	6.4664e+02	4.0463e-14	5.3326e-03	9.9467e-01	3.1369e-02	9.6807e-01	5.6564e-04	5.1528e-16	5.9385e-04	3.7600e-01	6.2321e-01	1.9772e-04	4.8021e-03	7.8151e-01	2.1367e-01	2.1210e-05	1.1755e-36	1.1755e-36	2.8316e-24	0.00e+00	0.00e+00	3.0473e-01
1.78500e+16	6.9318e+03	9.341e-19	5.9948e+02	6.4654e+02	4.4053e-14	5.4219e-03	9.9458e-01	3.2575e-02	9.6702e-01	4.0865e-04	5.4722e-16	6.1549e-04	3.8539e-01	6.1381e-01	1.8189e-04	4.9586e-03	7.9036e-01	2.0467e-01	1.4290e-05	1.1755e-36	1.1755e-36	2.9474e-24	0.00e+00	0.00e+00	4.1883e-01
2.42435e+16	6.8584e+03	9.140e-19	5.9948e+02	6.4637e+02	4.9383e-14	5.6004e-03	9.9440e-01	3.4434e-02	9.6530e-01	2.6321e-04	6.0733e-16	6.5024e-04	3.9914e-01	6.0005e-01	1.6348e-04	5.2272e-03	8.0252e-01	1.9225e-01	8.4341e-06	1.1755e-36	1.1755e-36	3.2232e-24	0.00e+00	0.00e+00	5.7205e-01
3.25549e+16	6.7939e+03	8.971e-19	5.9948e+02	6.4607e+02	5.7801e-14	5.9285e-03	9.9407e-01	3.7399e-02	9.6245e-01	1.4704e-04	7.2061e-16	7.0648e-04	4.1962e-01	5.7953e-01	1.4232e-04	5.6816e-03	8.1892e-01	1.7539e-01	4.1807e-06	1.1755e-36	1.1755e-36	3.8046e-24	0.00e+00	0.00e+00	7.8290e-01
4.33598e+16	6.7336e+03	8.872e-19	5.9948e+02	6.4526e+02	7.3207e-14	6.5314e-03	9.9347e-01	4.2394e-02	9.5754e-01	6.8868e-05	9.5193e-16	8.0057e-04	4.5111e-01	5.4797e-01	1.1760e-04	6.4787e-03	8.4118e-01	1.5234e-01	1.6361e-06	1.1755e-36	1.1755e-36	5.0894e-24	0.00e+00	0.00e+00	1.0849e+00
5.40517e+16	6.7130e+03	8.827e-19	5.9948e+02	6.4451e+02	9.1642e-14	7.2692e-03	9.9273e-01	4.8622e-02	9.5135e-01	3.2302e-05	1.2760e-15	9.0972e-04	4.8561e-01	5.1339e-01	9.6561e-05	7.4425e-03	8.6215e-01	1.3041e-01	6.3851e-07	1.1755e-36	1.1755e-36	7.0051e-24	0.00e+00	0.00e+00	1.3372e+00
6.19969e+16	6.7214e+03	8.889e-19	5.9948e+02	6.4372e+02	1.1166e-13	8.0531e-03	9.9195e-01	5.5096e-02	9.4489e-01	1.8720e-05	1.6815e-15	1.0164e-03	5.1691e-01	4.8200e-01	8.1160e-05	8.4455e-03	8.7845e-01	1.1311e-01	3.0892e-07	1.1755e-36	1.1755e-36	9.6011e-24	0.00e+00	0.00e+00	1.5421e+00
6.82414e+16	6.7403e+03	8.986e-19	5.9948e+02	6.4293e+02	1.3384e-13	8.8662e-03	9.9113e-01	6.1850e-02	9.3814e-01	1.2293e-05	2.1785e-15	1.1199e-03	5.4563e-01	4.5318e-01	6.9072e-05	9.4790e-03	8.9158e-01	9.8940e-02	1.6966e-07	1.1755e-36	1.1755e-36	1.3010e-23	0.00e+00	0.00e+00	1.7357e+00
7.39088e+16	6.7637e+03	9.105e-19	5.9948e+02	6.4192e+02	1.6102e-13	9.7907e-03	9.9021e-01	6.9670e-02	9.3032e-01	8.4137e-06	2.8384e-15	1.2304e-03	5.7491e-01	4.2380e-01	5.8308e-05	1.0652e-02	9.0342e-01	8.5933e-02	1.1755e-36	1.1755e-36	1.1755e-36	1.7813e-23	0.00e+00	0.00e+00	1.9420e+00
7.93909e+16	6.7916e+03	9.249e-19	5.9948e+02	6.4078e+02	1.9669e-13	1.0902e-02	9.8910e-01	7.9366e-02	9.2063e-01	5.8528e-06	3.7726e-15	1.3537e-03	6.0628e-01	3.9232e-01	4.8259e-05	1.2060e-02	9.1450e-01	7.3444e-02	1.1755e-36	1.1755e-36	1.1755e-36	2.5087e-23	0.00e+00	0.00e+00	2.1647e+00
8.45936e+16	6.8253e+03	9.414e-19	5.9948e+02	6.3951e+02	2.4275e-13	1.2221e-02	9.8778e-01	9.1317e-02	9.0868e-01	4.1622e-06	5.0890e-15	1.4883e-03	6.3908e-01	3.5940e-01	3.9167e-05	1.3729e-02	9.2448e-01	6.1794e-02	1.1755e-36	1.1755e-36	1.1755e-36	3.6126e-23	0.00e+00	0.00e+00	2.3964e+00
8.93794e+16	6.8617e+03	9.596e-19	5.9948e+02	6.3820e+02	3.0159e-13	1.3749e-02	9.8625e-01	1.0581e-01	8.9419e-01	3.0470e-06	6.9142e-15	1.6267e-03	6.7217e-01	3.2617e-01	3.1265e-05	1.5660e-02	9.3296e-01	5.1382e-02	1.1755e-36	1.1755e-36	1.1755e-36	5.2695e-23	0.00e+00	0.00e+00	2.6339e+00
9.37825e+16	6.8844e+03	9.783e-19	5.9948e+02	6.3568e+02	3.8129e-13	1.5527e-02	9.8447e-01	1.2316e-01	8.7684e-01	2.2677e-06	9.4280e-15	1.7723e-03	7.0512e-01	2.9308e-01	2.4499e-05	1.7903e-02	9.3991e-01	4.2185e-02	1.1755e-36	1.1755e-36	1.1755e-36	7.7165e-23	0.00e+00	0.00e+00	2.8833e+00
9.79402e+16	6.9202e+03	9.980e-19	5.9948e+02	6.3362e+02	4.8445e-13	1.7644e-02	9.8236e-01	1.4522e-01	8.5478e-01	1.7176e-06	1.3068e-14	1.9238e-03	7.3842e-01	2.5964e-01	1.8682e-05	2.0569e-02	9.4549e-01	3.3943e-02	1.1755e-36	1.1755e-36	1.1755e-36	1.1593e-22	0.00e+00	0.00e+00	3.1553e+00
1.01865e+17	6.9532e+03	1.019e-18	5.9948e+02	6.3134e+02	6.2712e-13	2.0203e-02	9.7980e-01	1.7348e-01	8.2652e-01	1.3133e-06	1.8441e-14	2.0769e-03	7.7171e-01	2.2620e-01	1.3791e-05	2.3783e-02	9.4953e-01	2.6688e-02	1.1755e-36	1.1755e-36	1.1755e-36	1.7850e-22	0.00e+00	0.00e+00	3.4442e+00
1.05384e+17	6.9678e+03	1.039e-18	5.9948e+02	6.2692e+02	8.2317e-13	2.3143e-02	9.7686e-01	2.0722e-01	7.9277e-01	1.0115e-06	2.5897e-14	2.2246e-03	8.0261e-01	1.9515e-01	1.0003e-05	2.7466e-02	9.5178e-01	2.0753e-02	1.1755e-36	1.1755e-36	1.1755e-36	2.7229e-22	0.00e+00	0.00e+00	3.7299e+00
1.08423e+17	6.9990e+03	1.057e-18	5.9948e+02	6.2403e+02	1.0593e-12	2.6391e-02	9.7361e-01	2.4695e-01	7.5305e-01	8.0221e-07	3.6127e-14	2.3598e-03	8.3007e-01	1.6757e-01	7.2034e-06	3.1523e-02	9.5241e-01	1.6068e-02	1.1755e-36	1.1755e-36	1.1755e-36	4.1364e-22	0.00e+00	0.00e+00	4.0112e+00
1.11059e+17	7.0138e+03	1.073e-18	5.9948e+02	6.2003e+02	1.3656e-12	2.9944e-02	9.7006e-01	2.9205e-01	7.0795e-01	6.4276e-07	4.9752e-14	2.4774e-03	8.5388e-01	1.4364e-01	5.1716e-06	3.5948e-02	9.5162e-01	1.2432e-02	1.1755e-36	1.1755e-36	1.1755e-36	6.1585e-22	0.00e+00	0.00e+00	4.2897e+00
1.13399e+17	7.0323e+03	1.085e-18	5.9948e+02	6.1529e+02	1.7421e-12	3.3826e-02	9.6617e-01	3.4272e-01	6.5728e-01	5.1693e-07	6.7912e-14	2.5782e-03	8.7448e-01	1.2294e-01	3.6974e-06	4.0771e-02	9.4965e-01	9.5814e-03	1.1755e-36	1.1755e-36	1.1755e-36	9.0461e-22	0.00e+00	0.00e+00	4.5744e+00
1.15546e+17	7.0432e+03	1.094e-18	5.9948e+02	6.1005e+02	2.2405e-12	3.8247e-02	9.6175e-01	4.0035e-01	5.9965e-01	4.1223e-07	9.3194e-14	2.6671e-03	8.9264e-01	1.0469e-01	2.6056e-06	4.6244e-02	9.4646e-01	7.2990e-03	1.1755e-36	1.1755e-36	1.1755e-36	1.3328e-21	0.00e+00	0.00e+00	4.8742e+00
1.17542e+17	7.0502e+03	1.101e-18	5.9948e+02	6.0395e+02	2.9045e-12	4.3331e-02	9.5667e-01	4.6464e-01	5.3536e-01	3.2430e-07	1.2890e-13	2.7427e-03	9.0850e-01	8.8759e-02	1.8083e-06	5.2519e-02	9.4200e-01	5.4823e-03	1.1755e-36	1.1755e-36	1.1755e-36	1.9753e-21	0.00e+00	0.00e+00	5.1893e+00
1.19393e+17	7.0551e+03	1.105e-18	5.9948e+02	5.9715e+02	3.7873e-12	4.9174e-02	9.5083e-01	5.3338e-01	4.6662e-01	2.5111e-07	1.7949e-13	2.8041e-03	9.2199e-01	7.5200e-02	1.2411e-06	5.9705e-02	9.3623e-01	4.0670e-03	1.1755e-36	1.1755e-36	1.1755e-36	2.9439e-21	0.00e+00	0.00e+00	5.5205e+00
1.21120e+17	7.0582e+03	1.103e-18	5.9948e+02	5.8823e+02	4.9546e-12	5.5826e-02	9.4417e-01	6.0319e-01	3.9681e-01	1.9061e-07	2.4983e-13	2.8444e-03	9.3319e-01	6.3966e-02	8.4764e-07	6.7856e-02	9.2916e-01	2.9858e-03	1.1755e-36	1.1755e-36	1.1755e-36	4.3728e-21	0.00e+00	0.00e+00	5.8744e+00
1.22779e+17	7.0533e+03	1.103e-18	5.9948e+02	5.8103e+02	6.6706e-12	6.4081e-02	9.3592e-01	6.7383e-01	3.2617e-01	1.4091e-07	3.5833e-13	2.8862e-03	9.4292e-01	5.4190e-02	5.6436e-07	7.7927e-02	9.1993e-01	2.1407e-03	1.1755e-36	1.1755e-36	1.1755e-36	6.7852e-21	0.00e+00	0.00e+00	6.2732e+00
1.24385e+17	7.0506e+03	1.096e-18	5.9948e+02	5.7056e+02	9.0844e-12	7.3967e-02	9.2603e-01	7.3969e-01	2.6031e-01	1.0153e-07	5.1644e-13	2.9027e-03	9.5093e-01	4.6171e-02	3.7216e-07	8.9930e-02	9.0856e-01	1.5063e-03	1.1755e-36	1.1755e-36	1.1755e-36	1.0638e-20	0.00e+00	0.00e+00	6.7123e+00
1.25939e+17	7.0412e+03	1.086e-18	5.9948e+02	5.6010e+02	1.2758e-11	8.6423e-02	9.1358e-01	7.9833e-01	2.0167e-01	7.1464e-08	7.6140e-13	2.9125e-03	9.5770e-01	3.9390e-02	2.4064e-07	1.0497e-01	8.9400e-01	1.0356e-03	1.1755e-36	1.1755e-36	1.1755e-36	1.7418e-20	0.00e+00	0.00e+00	7.2161e+00
1.27453e+17	7.0253e+03	1.072e-18	5.9948e+02	5.4828e+02	1.8563e-11	1.0239e-01	8.9761e-01	8.4747e-01	1.5253e-01	4.9473e-08	1.1478e-12	2.9086e-03	9.6344e-01	3.3651e-02	1.5254e-07	1.2411e-01	8.7519e-01	6.9435e-04	1.1755e-36	1.1755e-36	1.1755e-36	2.9900e-20	0.00e+00	0.00e+00	7.7925e+00
1.28894e+17	7.0065e+03	1.048e-18	5.9948e+02	5.3338e+02	2.7690e-11	1.2246e-01	8.7754e-01	8.8558e-01	1.1442e-01	3.4359e-08	1.7450e-12	2.8809e-03	9.6822e-01	2.8902e-02	1.1755e-36	1.4795e-01	8.5159e-01	4.5857e-04	1.1755e-36	1.1755e-36	1.1755e-36	5.2910e-20	0.00e+00	0.00e+00	8.4388e+00
1.30235e+17	6.9745e+03	1.015e-18	5.9948e+02	5.1604e+02	4.2569e-11	1.4761e-01	8.5239e-01	9.1387e-01	8.6133e-02	2.4242e-08	2.6763e-12	2.8326e-03	9.7228e-01	2.4886e-02	1.1755e-36	1.7753e-01	8.2217e-01	3.0024e-04	1.1755e-36	1.1755e-36	1.1755e-36	9.6575e-20	0.00e+00	0.00e+00	9.1584e+00
1.31458e+17	6.9249e+03	9.707e-19	5.9948e+02	4.9625e+02	6.7313e-11	1.7875e-01	8.2125e-01	9.3405e-01	6.5950e-02	1.7668e-08	4.1274e-12	2.7642e-03	9.7579e-01	2.1444e-02	1.1755e-36	2.1366e-01	7.8615e-01	1.9610e-04	1.1755e-36	1.1755e-36	1.1755e-36	1.8073e-19	0.00e+00	0.00e+00	9.9422e+00
1.32544e+17	6.8549e+03	9.142e-19	5.9948e+02	4.7331e+02	1.0818e-10	2.1579e-01	7.8421e-01	9.4806e-01	5.1944e-02	1.3464e-08	6.3101e-12	2.6715e-03	9.7880e-01	1.8528e-02	1.1755e-36	2.5594e-01	7.4393e-01	1.2924e-04	1.1755e-36	1.1755e-36	1.1755e-36	3.3826e-19	0.00e+00	0.00e+00	1.0770e+01
1.33468e+17	6.7634e+03	8.487e-19	5.9948e+02	4.4804e+02	1.7336e-10	2.5713e-01	7.4287e-01	9.5749e-01	4.2507e-02	1.0836e-08	9.3842e-12	2.5590e-03	9.8131e-01	1.6129e-02	1.1755e-36	3.0228e-01	6.9763e-01	8.7456e-05	1.1755e-36	1.1755e-36	1.1755e-36	6.1342e-19	0.00e+00	0.00e+00	1.1584e+01
1.34183e+17	6.6632e+03	7.843e-19	5.9948e+02	4.2371e+02	2.6410e-10	2.9744e-01	7.0256e-01	9.6340e-01	3.6598e-02	9.3077e-09	1.3102e-11	2.4441e-03	9.8322e-01	1.4333e-02	1.1755e-36	3.4664e-01	6.5330e-01	6.2956e-05	1.1755e-36	1.1755e-36	1.1755e-36	1.0183e-18	0.00e+00	0.00e+00	1.2251e+01
1.34686e+17	6.5707e+03	7.307e-19	5.9948e+02	4.0339e+02	3.6758e-10	3.3078e-01	6.6922e-01	9.6691e-01	3.3087e-02	8.4614e-09	1.6759e-11	2.3445e-03	9.8455e-01	1.3101e-02	1.1755e-36	3.8270e-01	6.1725e-01	4.9192e-05	1.1755e-36	1.1755e-36	1.1755e-36	1.4842e-18	0.00e+00	0.00e+00	1.2769e+01
1.35056e+17	6.4875e+03	6.873e-19	5.9948e+02	3.8698e+02	4.7847e-10	3.5802e-01	6.4198e-01	9.6924e-01	3.0759e-02	7.9215e-09	2.0195e-11	2.2625e-03	9.8554e-01	1.2201e-02	1.1755e-36	4.1177e-01	5.8819e-01	4.0654e-05	1.1755e-36	1.1755e-36	1.1755e-36	1.9773e-18	0.00e+00	0.00e+00	1.3213e+01
1.35375e+17	6.4037e+03	6.475e-19	5.9948e+02	3.7174e+02	6.0938e-10	3.8323e-01	6.1677e-01	9.7113e-01	2.8870e-02	7.4972e-09	2.3757e-11	2.1852e-03	9.8638e-01	1.1431e-02	1.1755e-36	4.3835e-01	5.6162e-01	3.4288e-05	1.1755e-36	1.1755e-36	1.1755e-36	2.5407e-18	0.00e+00	0.00e+00	1.3662e+01
1.35681e+17	6.3115e+03	6.072e-19	5.9948e+02	3.5614e+02	7.8043e-10	4.0906e-01	5.9094e-01	9.7281e-01	2.7194e-02	7.1369e-09	2.7825e-11	2.1052e-03	9.8719e-01	1.0706e-02	1.1755e-36	4.6527e-01	5.3470e-01	2.8969e-05	1.1755e-36	1.1755e-36	1.1755e-36	3.2456e-18	0.00e+00	0.00e+00	1.4129e+01
1.35969e+17	6.2124e+03	5.676e-19	5.9948e+02	3.4048e+02	1.0017e-09	4.3500e-01	5.6500e-01	9.7423e-01	2.5774e-02	6.8527e-09	3.2368e-11	2.0240e-03	9.8794e-01	1.0041e-02	1.1755e-36	4.9200e-01	5.0797e-01	2.4596e-05	1.1755e-36	1.1755e-36	1.1755e-36	4.1078e-18	0.00e+00	0.00e+00	1.4583e+01
1.36227e+17	6.1128e+03	5.311e-19	5.9948e+02	3.2577e+02	1.2708e-09	4.5939e-01	5.4061e-01	9.7538e-01	2.4621e-02	6.6400e-09	3.7099e-11	1.9469e-03	9.8859e-01	9.4622e-03	1.1755e-36	5.1686e-01	4.8312e-01	2.1173e-05	1.1755e-36	1.1755e-36	1.1755e-36	5.0866e-18	0.00e+00	0.00e+00	1.5000e+01
1.36453e+17	6.0152e+03	4.986e-19	5.9948e+02	3.1233e+02	1.5872e-09	4.8168e-01	5.1832e-01	9.7632e-01	2.3682e-02	6.4792e-09	4.1855e-11	1.8760e-03	9.8916e-01	8.9637e-03	1.1755e-36	5.3934e-01	4.6064e-01	1.8507e-05	1.1755e-36	1.1755e-36	1.1755e-36	6.1507e-18	0.00e+00	0.00e+00	1.5387e+01
1.36658e+17	5.9178e+03	4.687e-19	5.9948e+02	2.9975e+02	1.9658e-09	5.0255e-01	4.9745e-01	9.7712e-01	2.2880e-02	6.3515e-09	4.6718e-11	1.8092e-03	9.8967e-01	8.5185e-03	1.1755e-36	5.6019e-01	4.3979e-01	1.6337e-05	1.1755e-36	1.1755e-36	1.1755e-36	7.3212e-18	0.00e+00	0.00e+00	1.5762e+01
1.36851e+17	5.8177e+03	4.405e-19	5.9948e+02	2.8759e+02	2.4331e-09	5.2270e-01	4.7730e-01	9.7783e-01	2.2171e-02	6.2481e-09	5.1830e-11	1.7444e-03	9.9015e-01	8.1074e-03	1.1755e-36	5.8014e-01	4.1985e-01	1.4497e-05	1.1755e-36	1.1755e-36	1.1755e-36	8.6424e-18	0.00e+00	0.00e+00	1.6134e+01
1.37034e+17	5.7148e+03	4.137e-19	5.9948e+02	2.7581e+02	3.0150e-09	5.4224e-01	4.5776e-01	9.7846e-01	2.1540e-02	6.1662e-09	5.7229e-11	1.6812e-03	9.9059e-01	7.7257e-03	1.1755e-36	5.9932e-01	4.0067e-01	1.2919e-05	1.1755e-36	1.1755e-36	1.1755e-36	1.0141e-17	0.00e+00	0.00e+00	1.6500e+01
1.37182e+17	5.6275e+03	3.927e-19	5.9948e+02	2.6628e+02	3.6093e-09	5.5814e-01	4.4186e-01	9.7890e-01	2.1099e-02	6.1243e-09	6.1987e-11	1.6299e-03	9.9093e-01	7.4385e-03	1.1755e-36	6.1480e-01	3.8519e-01	1.1780e-05	1.1755e-36	1.1755e-36	1.1755e-36	1.1558e-17	0.00e+00	0.00e+00	1.6749e+01
1.37288e+17	5.5601e+03	3.775e-19	5.9948e+02	2.5930e+02	4.1377e-09	5.6973e-01	4.3027e-01	9.7922e-01	2.0781e-02	6.0946e-09	6.5688e-11	1.5922e-03	9.9118e-01	7.2294e-03	1.1755e-36	6.2603e-01	3.7396e-01	1.1008e-05	1.1755e-36	1.1755e-36	1.1755e-36	1.2721e-17	0.00e+00	0.00e+00	1.6953e+01
1.37387e+17	5.4934e+03	3.633e-19	5.9948e+02	2.5272e+02	4.7303e-09	5.8074e-01	4.1926e-01	9.7954e-01	2.0465e-02	6.0600e-09	6.9420e-11	1.5567e-03	9.9142e-01	7.0282e-03	1.1755e-36	6.3664e-01	3.6335e-01	1.0315e-05	1.1755e-36	1.1755e-36	1.1755e-36	1.3953e-17	0.00e+00	0.00e+00	1.7179e+01
1.37497e+17	5.4162e+03	3.476e-19	5.9948e+02	2.4530e+02	5.5196e-09	5.9298e-01	4.0702e-01	9.7987e-01	2.0130e-02	6.0288e-09	7.3808e-11	1.5165e-03	9.9167e-01	6.8088e-03	1.1755e-36	6.4838e-01	3.5161e-01	9.5921e-06	1.1755e-36	1.1755e-36	1.1755e-36	1.5480e-17	0.00e+00	0.00e+00	1.7441e+01
1.37614e+17	5.3274e+03	3.313e-19	5.9948e+02	2.3746e+02	6.5796e-09	6.0630e-01	3.9370e-01	9.8022e-01	1.9780e-02	5.9954e-09	7.9010e-11	1.4743e-03	9.9195e-01	6.5776e-03	1.1755e-36	6.6108e-01	3.3891e-01	8.8679e-06	1.1755e-36	1.1755e-36	1.1755e-36	1.7416e-17	0.00e+00	0.00e+00	1.7713e+01
1.37728e+17	5.2399e+03	3.157e-19	5.9948e+02	2.2978e+02	7.8344e-09	6.1909e-01	3.8091e-01	9.8053e-01	1.9473e-02	5.9774e-09	8.4387e-11	1.4326e-03	9.9220e-01	6.3634e-03	1.1755e-36	6.7321e-01	3.2678e-01	8.2197e-06	1.1755e-36	1.1755e-36	1.1755e-36	1.9568e-17	0.00e+00	0.00e+00	1.7971e+01
1.37836e+17	5.1536e+03	3.012e-19	5.9948e+02	2.2254e+02	9.3065e-09	6.3115e-01	3.6885e-01	9.8081e-01	1.9192e-02	5.9639e-09	8.9921e-11	1.3933e-03	9.9244e-01	6.1651e-03	1.1755e-36	6.8459e-01	3.1540e-01	7.6485e-06	1.1755e-36	1.1755e-36	1.1755e-36	2.1960e-17	0.00e+00	0.00e+00	1.8221e+01
1.37940e+17	5.0656e+03	2.874e-19	5.9948e+02	2.1547e+02	1.1100e-08	6.4294e-01	3.5706e-01	9.8108e-01	1.8924e-02	5.9531e-09	9.5869e-11	1.3549e-03	9.9267e-01	5.9743e-03	1.1755e-36	6.9566e-01	3.0434e-01	7.1249e-06	1.1755e-36	1.1755e-36	1.1755e-36	2.4750e-17	0.00e+00	0.00e+00	1.8475e+01
1.38025e+17	4.9987e+03	2.767e-19	5.9948e+02	2.0982e+02	1.2726e-08	6.5194e-01	3.4806e-01	9.8124e-01	1.8761e-02	5.9687e-09	1.0072e-10	1.3239e-03	9.9284e-01	5.8390e-03	1.1755e-36	7.0407e-01	2.9593e-01	6.7469e-06	1.1755e-36	1.1755e-36	1.1755e-36	2.7202e-17	0.00e+00	0.00e+00	1.8634e+01
1.38082e+17	4.9444e+03	2.695e-19	5.9948e+02	2.0599e+02	1.4163e-08	6.5843e-01	3.4157e-01	9.8138e-01	1.8622e-02	5.9638e-09	1.0457e-10	1.3033e-03	9.9297e-01	5.7314e-03	1.1755e-36	7.1012e-01	2.8987e-01	6.4902e-06	1.1755e-36	1.1755e-36	1.1755e-36	2.9179e-17	0.00e+00	0.00e+00	1.8760e+01
1.38132e+17	4.8884e+03	2.634e-19	5.9948e+02	2.0273e+02	1.5790e-08	6.6454e-01	3.3546e-01	9.8153e-01	1.8470e-02	5.9401e-09	1.0860e-10	1.2863e-03	9.9309e-01	5.6266e-03	1.1755e-36	7.1581e-01	2.8418e-01	6.2618e-06	1.1755e-36	1.1755e-36	1.1755e-36	3.1360e-17	0.00e+00	0.00e+00	1.8885e+01
1.38181e+17	4.8494e+03	2.571e-19	5.9948e+02	1.9937e+02	1.7137e-08	6.6974e-01	3.3026e-01	9.8163e-01	1.8371e-02	5.9518e-09	1.1182e-10	1.2677e-03	9.9319e-01	5.5418e-03	1.1755e-36	7.2062e-01	2.7938e-01	6.0589e-06	1.1755e-36	1.1755e-36	1.1755e-36	3.3182e-17	0.00e+00	0.00e+00	1.9008e+01
1.38236e+17	4.7953e+03	2.502e-19	5.9948e+02	1.9550e+02	1.9110e-08	6.7587e-01	3.2413e-01	9.8176e-01	1.8242e-02	5.9536e-09	1.1598e-10	1.2467e-03	9.9331e-01	5.4385e-03	1.1755e-36	7.2630e-01	2.7370e-01	5.8312e-06	1.1755e-36	1.1755e-36	1.1755e-36	3.5653e-17	0.00e+00	0.00e+00	1.9165e+01
1.38297e+17	4.7343e+03	2.429e-19	5.9948e+02	1.9153e+02	2.1643e-08	6.8277e-01	3.1723e-01	9.8191e-01	1.8091e-02	5.9461e-09	1.2113e-10	1.2254e-03	9.9345e-01	5.3245e-03	1.1755e-36	7.3266e-01	2.6733e-01	5.5890e-06	1.1755e-36	1.1755e-36	1.1755e-36	3.8897e-17	0.00e+00	0.00e+00	1.9319e+01
1.38352e+17	4.6812e+03	2.363e-19	5.9948e+02	1.8778e+02	2.4145e-08	6.8869e-01	3.1131e-01	9.8202e-01	1.7984e-02	5.9572e-09	1.2568e-10	1.2050e-03	9.9357e-01	5.2296e-03	1.1755e-36	7.3811e-01	2.6188e-01	5.3845e-06	1.1755e-36	1.1755e-36	1.1755e-36	4.1950e-17	0.00e+00	0.00e+00	1.9451e+01
1.38402e+17	4.6300e+03	2.304e-19	5.9948e+02	1.8444e+02	2.6847e-08	6.9424e-01	3.0576e-01	9.8213e-01	1.7873e-02	5.9588e-09	1.3033e-10	1.1871e-03	9.9367e-01	5.1395e-03	1.1755e-36	7.4320e-01	2.5679e-01	5.2002e-06	1.1755e-36	1.1755e-36	1.1755e-36	4.5252e-17	0.00e+00	0.00e+00	1.9580e+01
1.38451e+17	4.5784e+03	2.247e-19	5.9948e+02	1.8118e+02	2.9884e-08	6.9966e-01	3.0034e-01	9.8223e-01	1.7765e-02	5.9604e-09	1.3519e-10	1.1696e-03	9.9378e-01	5.0516e-03	1.1755e-36	7.4817e-01	2.5182e-01	5.0250e-06	1.1755e-36	1.1755e-36	1.1755e-36	4.8909e-17	0.00e+00	0.00e+00	1.9709e+01
1.38499e+17	4.5270e+03	2.192e-19	5.9948e+02	1.7796e+02	3.3285e-08	7.0499e-01	2.9501e-01	9.8234e-01	1.7660e-02	5.9630e-09	1.4029e-10	1.1523e-03	9.9388e-01	4.9658e-03	1.1755e-36	7.5304e-01	2.4695e-01	4.8574e-06	1.1755e-36	1.1755e-36	1.1755e-36	5.2982e-17	0.00e+00	0.00e+00	1.9838e+01
1.38547e+17	4.4719e+03	2.139e-19	5.9948e+02	1.7490e+02	3.7362e-08	7.1044e-01	2.8956e-01	9.8246e-01	1.7539e-02	5.9531e-09	1.4608e-10	1.1364e-03	9.9399e-01	4.8775e-03	1.1755e-36	7.5802e-01	2.4198e-01	4.6939e-06	1.1755e-36	1.1755e-36	1.1755e-36	5.7898e-17	0.00e+00	0.00e+00	1.9964e+01
1.38592e+17	4.4243e+03	2.088e-19	5.9948e+02	1.7187e+02	4.1341e-08	7.1519e-01	2.8481e-01	9.8254e-01	1.7457e-02	5.9647e-09	1.5123e-10	1.1200e-03	9.9408e-01	4.8026e-03	1.1755e-36	7.6234e-01	2.3765e-01	4.5508e-06	1.1755e-36	1.1755e-36	1.1755e-36	6.2571e-17	0.00e+00	0.00e+00	2.0080e+01
1.38636e+17	4.3728e+03	2.040e-19	5.9948e+02	1.6906e+02	4.6131e-08	7.2017e-01	2.7983e-01	9.8265e-01	1.7348e-02	5.9575e-09	1.5728e-10	1.1054e-03	9.9417e-01	4.7225e-03	1.1755e-36	7.6687e-01	2.3313e-01	4.4077e-06	1.1755e-36	1.1755e-36	1.1755e-36	6.8370e-17	0.00e+00	0.00e+00	2.0202e+01
1.38680e+17	4.3259e+03	1.992e-19	5.9948e+02	1.6611e+02	5.1038e-08	7.2473e-01	2.7527e-01	9.8273e-01	1.7273e-02	5.9718e-09	1.6294e-10	1.0894e-03	9.9426e-01	4.6510e-03	1.1755e-36	7.7100e-01	2.2900e-01	4.2760e-06	1.1755e-36	1.1755e-36	1.1755e-36	7.4178e-17	0.00e+00	0.00e+00	2.0321e+01
1.38723e+17	4.2726e+03	1.946e-19	5.9948e+02	1.6335e+02	5.7256e-08	7.2974e-01	2.7026e-01	9.8284e-01	1.7160e-02	5.9610e-09	1.7004e-10	1.0753e-03	9.9435e-01	4.5709e-03	1.1755e-36	7.7553e-01	2.2446e-01	4.1394e-06	1.1755e-36	1.1755e-36	1.1755e-36	8.1857e-17	0.00e+00	0.00e+00	2.0444e+01
1.38766e+17	4.2219e+03	1.901e-19	5.9948e+02	1.6054e+02	6.3868e-08	7.3433e-01	2.6567e-01	9.8293e-01	1.7074e-02	5.9662e-09	1.7689e-10	1.0605e-03	9.9444e-01	4.4992e-03	1.1755e-36	7.7968e-01	2.2031e-01	4.0155e-06	1.1755e-36	1.1755e-36	1.1755e-36	8.9861e-17	0.00e+00	0.00e+00	2.0559e+01
1.38807e+17	4.1739e+03	1.859e-19	5.9948e+02	1.5793e+02	7.0877e-08	7.3868e-01	2.6132e-01	9.8301e-01	1.6991e-02	5.9691e-09	1.8390e-10	1.0469e-03	9.9452e-01	4.4311e-03	1.1755e-36	7.8360e-01	2.1639e-01	3.9005e-06	1.1755e-36	1.1755e-36	1.1755e-36	9.8546e-17	0.00e+00	0.00e+00	2.0670e+01
1.38847e+17	4.1258e+03	1.818e-19	5.9948e+02	1.5536e+02	7.8694e-08	7.4297e-01	2.5703e-01	9.8309e-01	1.6908e-02	5.9716e-09	1.9136e-10	1.0335e-03	9.9460e-01	4.3640e-03	1.1755e-36	7.8747e-01	2.1253e-01	3.7893e-06	1.1755e-36	1.1755e-36	1.1755e-36	1.0838e-16	0.00e+00	0.00e+00	2.0784e+01
1.38888e+17	4.0772e+03	1.777e-19	5.9948e+02	1.5279e+02	8.7481e-08	7.4729e-01	2.5271e-01	9.8318e-01	1.6824e-02	5.9740e-09	1.9942e-10	1.0202e-03	9.9468e-01	4.2969e-03	1.1755e-36	7.9134e-01	2.0865e-01	3.6797e-06	1.1755e-36	1.1755e-36	1.1755e-36	1.1967e-16	0.00e+00	0.00e+00	2.0898e+01
1.38928e+17	4.0229e+03	1.737e-19	5.9948e+02	1.5018e+02	9.8299e-08	7.5169e-01	2.4831e-01	9.8327e-01	1.6732e-02	5.9708e-09	2.0861e-10	1.0071e-03	9.9476e-01	4.2285e-03	1.1755e-36	7.9531e-01	2.0469e-01	3.5724e-06	1.1755e-36	1.1755e-36	1.1755e-36	1.3353e-16	0.00e+00	0.00e+00	2.1013e+01
1.38967e+17	3.9818e+03	1.698e-19	5.9948e+02	1.4768e+02	1.0752e-07	7.5540e-01	2.4460e-01	9.8332e-01	1.6684e-02	5.9942e-09	2.1623e-10	9.9363e-04	9.9483e-01	4.1729e-03	1.1755e-36	7.9863e-01	2.0137e-01	3.4786e-06	1.1755e-36	1.1755e-36	1.1755e-36	1.4573e-16	0.00e+00	0.00e+00	2.1118e+01
