#depth	Te	Htot	hden	eden	2H_2/H	HI	HII	HeI	HeII	HeIII	CO/C	C1	C2	C3	C4	O1	O2	O3	O4	O5	O6	H2O/O	AV(point)	AV(extend)	Tau912
4.23043e+11	8.2938e+03	4.620e-16	1.2916e+04	1.3996e+04	2.2258e-15	2.3565e-03	9.9764e-01	1.2726e-02	9.8475e-01	2.5243e-03	2.0127e-17	1.3770e-04	1.9264e-01	8.0633e-01	8.9963e-04	1.2542e-03	5.1356e-01	4.8481e-01	3.7895e-04	1.1755e-36	1.1755e-36	1.4445e-25	0.00e+00	0.00e+00	1.6258e-04
2.53826e+12	8.2920e+03	4.619e-16	1.2916e+04	1.3995e+04	2.2270e-15	2.3557e-03	9.9764e-01	1.2726e-02	9.8475e-01	2.5225e-03	2.0107e-17	1.3754e-04	1.9263e-01	8.0633e-01	9.0192e-04	1.2536e-03	5.1346e-01	4.8490e-01	3.7770e-04	1.1755e-36	1.1755e-36	1.4424e-25	0.00e+00	0.00e+00	8.1271e-04
1.09991e+13	8.2884e+03	4.614e-16	1.2916e+04	1.3995e+04	2.2289e-15	2.3545e-03	9.9765e-01	1.2731e-02	9.8476e-01	2.5067e-03	2.0092e-17	1.3732e-04	1.9269e-01	8.0627e-01	9.0055e-04	1.2534e-03	5.1359e-01	4.8479e-01	3.7223e-04	1.1755e-36	1.1755e-36	1.4399e-25	0.00e+00	0.00e+00	3.4118e-03
4.48425e+13	8.2777e+03	4.600e-16	1.2916e+04	1.3995e+04	2.2382e-15	2.3531e-03	9.9765e-01	1.2758e-02	9.8482e-01	2.4235e-03	2.0132e-17	1.3720e-04	1.9303e-01	8.0594e-01	8.9268e-04	1.2553e-03	5.1438e-01	4.8402e-01	3.5087e-04	1.1755e-36	1.1755e-36	1.4385e-25	0.00e+00	0.00e+00	1.3802e-02
1.07114e+14	8.2497e+03	4.545e-16	1.2916e+04	1.3995e+04	2.2158e-15	2.3287e-03	9.9767e-01	1.2740e-02	9.8488e-01	2.3769e-03	1.9637e-17	1.3589e-04	1.9295e-01	8.0603e-01	8.8656e-04	1.2444e-03	5.1461e-01	4.8382e-01	3.2380e-04	1.1755e-36	1.1755e-36	1.3824e-25	0.00e+00	0.00e+00	2.7169e-02
1.88068e+14	8.2170e+03	4.490e-16	1.2916e+04	1.3995e+04	2.2048e-15	2.3076e-03	9.9769e-01	1.2744e-02	9.8501e-01	2.2441e-03	1.9257e-17	1.3516e-04	1.9313e-01	8.0586e-01	8.7360e-04	1.2369e-03	5.1543e-01	4.8304e-01	2.9004e-04	1.1755e-36	1.1755e-36	1.3354e-25	0.00e+00	0.00e+00	4.4389e-02
2.93307e+14	8.1814e+03	4.430e-16	1.2916e+04	1.3995e+04	2.1958e-15	2.2878e-03	9.9771e-01	1.2767e-02	9.8520e-01	2.0301e-03	1.8910e-17	1.3474e-04	1.9355e-01	8.0546e-01	8.5428e-04	1.2320e-03	5.1686e-01	4.8166e-01	2.5007e-04	1.1755e-36	1.1755e-36	1.2885e-25	0.00e+00	0.00e+00	6.6584e-02
4.30119e+14	8.1387e+03	4.365e-16	1.2916e+04	1.3995e+04	2.1949e-15	2.2704e-03	9.9773e-01	1.2819e-02	9.8544e-01	1.7380e-03	1.8628e-17	1.3467e-04	1.9431e-01	8.0473e-01	8.2801e-04	1.2310e-03	5.1918e-01	4.7939e-01	2.0500e-04	1.1755e-36	1.1755e-36	1.2431e-25	0.00e+00	0.00e+00	9.5217e-02
6.07973e+14	8.0960e+03	4.291e-16	1.2916e+04	1.3995e+04	2.1936e-15	2.2550e-03	9.9774e-01	1.2899e-02	9.8571e-01	1.3859e-03	1.8409e-17	1.3498e-04	1.9545e-01	8.0362e-01	7.9582e-04	1.2343e-03	5.2255e-01	4.7606e-01	1.5742e-04	1.1755e-36	1.1755e-36	1.1998e-25	0.00e+00	0.00e+00	1.3219e-01
8.39184e+14	8.0462e+03	4.211e-16	1.2916e+04	1.3995e+04	2.2050e-15	2.2449e-03	9.9776e-01	1.3031e-02	9.8596e-01	1.0081e-03	1.8328e-17	1.3592e-04	1.9722e-01	8.0189e-01	7.5816e-04	1.2449e-03	5.2746e-01	4.7119e-01	1.1098e-04	1.1755e-36	1.1755e-36	1.1623e-25	0.00e+00	0.00e+00	1.8003e-01
1.13976e+15	7.9947e+03	4.123e-16	1.2916e+04	1.3994e+04	2.2246e-15	2.2422e-03	9.9776e-01	1.3231e-02	9.8612e-01	6.5317e-04	1.8422e-17	1.3773e-04	1.9984e-01	7.9931e-01	7.1712e-04	1.2653e-03	5.3429e-01	4.6438e-01	7.0148e-05	1.1755e-36	1.1755e-36	1.1314e-25	0.00e+00	0.00e+00	2.4216e-01
1.53051e+15	7.9392e+03	4.031e-16	1.2916e+04	1.3993e+04	2.2663e-15	2.2523e-03	9.9775e-01	1.3538e-02	9.8610e-01	3.6666e-04	1.8835e-17	1.4091e-04	2.0374e-01	7.9544e-01	6.7361e-04	1.3008e-03	5.4371e-01	4.5495e-01	3.8608e-05	1.1755e-36	1.1755e-36	1.1156e-25	0.00e+00	0.00e+00	3.2329e-01
2.03848e+15	7.8850e+03	3.936e-16	1.2916e+04	1.3992e+04	2.3341e-15	2.2822e-03	9.9772e-01	1.4002e-02	9.8582e-01	1.7294e-04	1.9737e-17	1.4613e-04	2.0951e-01	7.8971e-01	6.2771e-04	1.3586e-03	5.5655e-01	4.4208e-01	1.7889e-05	1.1755e-36	1.1755e-36	1.1219e-25	0.00e+00	0.00e+00	4.3016e-01
2.69884e+15	7.8338e+03	3.843e-16	1.2916e+04	1.3990e+04	2.4512e-15	2.3446e-03	9.9766e-01	1.4724e-02	9.8521e-01	6.6220e-05	2.1518e-17	1.5463e-04	2.1818e-01	7.8109e-01	5.7705e-04	1.4520e-03	5.7417e-01	4.2438e-01	6.7185e-06	1.1755e-36	1.1755e-36	1.1692e-25	0.00e+00	0.00e+00	5.7288e-01
3.55731e+15	7.7922e+03	3.758e-16	1.2916e+04	1.3988e+04	2.6551e-15	2.4609e-03	9.9754e-01	1.5879e-02	9.8410e-01	1.9890e-05	2.4988e-17	1.6859e-04	2.3148e-01	7.6783e-01	5.1793e-04	1.6051e-03	5.9868e-01	3.9972e-01	1.9743e-06	1.1755e-36	1.1755e-36	1.2961e-25	0.00e+00	0.00e+00	7.6763e-01
4.67332e+15	7.7527e+03	3.696e-16	1.2916e+04	1.3981e+04	3.0650e-15	2.6767e-03	9.9732e-01	1.7829e-02	9.8217e-01	4.5573e-06	3.2254e-17	1.9249e-04	2.5281e-01	7.4655e-01	4.4511e-04	1.8705e-03	6.3367e-01	3.6446e-01	4.5073e-07	1.1755e-36	1.1755e-36	1.6008e-25	0.00e+00	0.00e+00	1.0430e+00
5.78499e+15	7.7514e+03	3.648e-16	1.2916e+04	1.3975e+04	3.4779e-15	2.9336e-03	9.9707e-01	2.0236e-02	9.7976e-01	1.1071e-06	4.1628e-17	2.2077e-04	2.7722e-01	7.2218e-01	3.8061e-04	2.1902e-03	6.6939e-01	3.2842e-01	1.1755e-36	1.1755e-36	1.1755e-36	1.9767e-25	0.00e+00	0.00e+00	1.2731e+00
6.62236e+15	7.7693e+03	3.648e-16	1.2916e+04	1.3968e+04	3.9771e-15	3.2100e-03	9.9679e-01	2.2767e-02	9.7723e-01	4.3135e-07	5.3872e-17	2.4978e-04	3.0091e-01	6.9851e-01	3.3188e-04	2.5262e-03	6.9979e-01	2.9768e-01	1.1755e-36	1.1755e-36	1.1755e-36	2.5185e-25	0.00e+00	0.00e+00	1.4597e+00
7.30021e+15	7.7967e+03	3.668e-16	1.2916e+04	1.3962e+04	4.5894e-15	3.5072e-03	9.9649e-01	2.5523e-02	9.7448e-01	2.1363e-07	7.0214e-17	2.8021e-04	3.2465e-01	6.7478e-01	2.9155e-04	2.8875e-03	7.2708e-01	2.7003e-01	1.1755e-36	1.1755e-36	1.1755e-36	3.2970e-25	0.00e+00	0.00e+00	1.6436e+00
8.03935e+15	7.8344e+03	3.704e-16	1.2916e+04	1.3951e+04	5.5854e-15	3.9269e-03	9.9607e-01	2.9530e-02	9.7047e-01	1.0287e-07	9.9569e-17	3.2253e-04	3.5621e-01	6.4322e-01	2.4654e-04	3.4035e-03	7.5941e-01	2.3719e-01	1.1755e-36	1.1755e-36	1.1755e-36	4.7778e-25	0.00e+00	0.00e+00	1.9111e+00
8.79939e+15	7.8737e+03	3.765e-16	1.2916e+04	1.3937e+04	7.0241e-15	4.4791e-03	9.9552e-01	3.5068e-02	9.6493e-01	5.1569e-08	1.4712e-16	3.7594e-04	3.9486e-01	6.0456e-01	2.0232e-04	4.0909e-03	7.9373e-01	2.0218e-01	1.1755e-36	1.1755e-36	1.1755e-36	7.2593e-25	0.00e+00	0.00e+00	2.1612e+00
9.38872e+15	7.9215e+03	3.827e-16	1.2916e+04	1.3923e+04	8.6162e-15	5.0433e-03	9.9496e-01	4.1148e-02	9.5885e-01	3.1349e-08	2.0858e-16	4.2842e-04	4.3166e-01	5.6774e-01	1.6827e-04	4.8017e-03	8.2186e-01	1.7333e-01	1.1755e-36	1.1755e-36	1.1755e-36	1.0638e-24	0.00e+00	0.00e+00	2.3644e+00
9.84326e+15	7.9754e+03	3.880e-16	1.2916e+04	1.3909e+04	1.0251e-14	5.5875e-03	9.9441e-01	4.7501e-02	9.5250e-01	2.1609e-08	2.8215e-16	4.7728e-04	4.6505e-01	5.3433e-01	1.4222e-04	5.4953e-03	8.4421e-01	1.5029e-01	1.1755e-36	1.1755e-36	1.1755e-36	1.4893e-24	0.00e+00	0.00e+00	2.5535e+00
1.02523e+16	8.0105e+03	3.939e-16	1.2916e+04	1.3894e+04	1.2442e-14	6.1968e-03	9.9380e-01	5.5108e-02	9.4489e-01	1.5484e-08	3.8396e-16	5.2955e-04	4.9972e-01	4.9963e-01	1.1883e-04	6.2747e-03	8.6454e-01	1.2919e-01	1.1755e-36	1.1755e-36	1.1755e-36	2.1146e-24	0.00e+00	0.00e+00	2.7573e+00
1.06427e+16	8.0477e+03	4.002e-16	1.2916e+04	1.3872e+04	1.5153e-14	6.9081e-03	9.9309e-01	6.4621e-02	9.3538e-01	1.1323e-08	5.2403e-16	5.8643e-04	5.3703e-01	4.6229e-01	9.7361e-05	7.1886e-03	8.8370e-01	1.0911e-01	1.1755e-36	1.1755e-36	1.1755e-36	3.0034e-24	0.00e+00	0.00e+00	2.9700e+00
1.09955e+16	8.0924e+03	4.069e-16	1.2916e+04	1.3856e+04	1.8670e-14	7.6982e-03	9.9230e-01	7.6524e-02	9.2348e-01	8.6125e-09	7.2388e-16	6.4567e-04	5.7514e-01	4.2413e-01	7.8790e-05	8.2068e-03	9.0069e-01	9.1105e-02	1.1755e-36	1.1755e-36	1.1755e-36	4.4074e-24	0.00e+00	0.00e+00	3.1760e+00
1.12932e+16	8.1139e+03	4.135e-16	1.2916e+04	1.3825e+04	2.2452e-14	8.5290e-03	9.9147e-01	9.0014e-02	9.0999e-01	6.8201e-09	9.5161e-16	7.0320e-04	6.1138e-01	3.8785e-01	6.3710e-05	9.2764e-03	9.1460e-01	7.6123e-02	1.1755e-36	1.1755e-36	1.1755e-36	5.9713e-24	0.00e+00	0.00e+00	3.3618e+00
1.15524e+16	8.1502e+03	4.192e-16	1.2916e+04	1.3803e+04	2.7178e-14	9.3885e-03	9.9061e-01	1.0595e-01	8.9405e-01	5.5549e-09	1.2629e-15	7.5810e-04	6.4569e-01	3.5350e-01	5.1376e-05	1.0385e-02	9.2618e-01	6.3436e-02	1.1755e-36	1.1755e-36	1.1755e-36	8.4159e-24	0.00e+00	0.00e+00	3.5542e+00
1.17845e+16	8.1645e+03	4.251e-16	1.2916e+04	1.3764e+04	3.2330e-14	1.0321e-02	9.8968e-01	1.2471e-01	8.7529e-01	4.5896e-09	1.6145e-15	8.1203e-04	6.7886e-01	3.2028e-01	4.1066e-05	1.1585e-02	9.3589e-01	5.2522e-02	1.1755e-36	1.1755e-36	1.1755e-36	1.1086e-23	0.00e+00	0.00e+00	3.7334e+00
1.19811e+16	8.1985e+03	4.300e-16	1.2916e+04	1.3736e+04	3.8370e-14	1.1237e-02	9.8876e-01	1.4608e-01	8.5392e-01	3.9035e-09	2.0693e-15	8.6041e-04	7.0859e-01	2.9052e-01	3.3054e-05	1.2763e-02	9.4358e-01	4.3654e-02	1.1755e-36	1.1755e-36	1.1755e-36	1.5061e-23	0.00e+00	0.00e+00	3.8986e+00
1.21501e+16	8.1996e+03	4.347e-16	1.2916e+04	1.3688e+04	4.4701e-14	1.2178e-02	9.8782e-01	1.6966e-01	8.3034e-01	3.3394e-09	2.5356e-15	9.0468e-04	7.3544e-01	2.6363e-01	2.6651e-05	1.3968e-02	9.4963e-01	3.6397e-02	1.1755e-36	1.1755e-36	1.1755e-36	1.8918e-23	0.00e+00	0.00e+00	4.0554e+00
1.23024e+16	8.2259e+03	4.384e-16	1.2916e+04	1.3650e+04	5.1776e-14	1.3130e-02	9.8687e-01	1.9723e-01	8.0277e-01	2.8950e-09	3.1247e-15	9.4559e-04	7.6015e-01	2.3889e-01	2.1457e-05	1.5189e-02	9.5460e-01	3.0214e-02	1.1755e-36	1.1755e-36	1.1755e-36	2.4354e-23	0.00e+00	0.00e+00	4.2125e+00
1.24435e+16	8.2380e+03	4.424e-16	1.2916e+04	1.3611e+04	6.0713e-14	1.4157e-02	9.8584e-01	2.3036e-01	7.6964e-01	2.5092e-09	3.8683e-15	9.8462e-04	7.8361e-01	2.1539e-01	1.7083e-05	1.6498e-02	9.5868e-01	2.4824e-02	1.1755e-36	1.1755e-36	1.1755e-36	3.1641e-23	0.00e+00	0.00e+00	4.3688e+00
1.25716e+16	8.2490e+03	4.450e-16	1.2916e+04	1.3544e+04	6.9063e-14	1.5203e-02	9.8480e-01	2.6783e-01	7.3217e-01	2.1599e-09	4.6131e-15	1.0189e-03	8.0470e-01	1.9426e-01	1.3585e-05	1.7831e-02	9.6188e-01	2.0292e-02	1.1755e-36	1.1755e-36	1.1755e-36	3.8434e-23	0.00e+00	0.00e+00	4.5187e+00
1.26878e+16	8.2554e+03	4.481e-16	1.2916e+04	1.3497e+04	8.1102e-14	1.6304e-02	9.8370e-01	3.1156e-01	6.8844e-01	1.8661e-09	5.6846e-15	1.0511e-03	8.2389e-01	1.7505e-01	1.0747e-05	1.9227e-02	9.6430e-01	1.6472e-02	1.1755e-36	1.1755e-36	1.1755e-36	4.9971e-23	0.00e+00	0.00e+00	4.6670e+00
1.27948e+16	8.2662e+03	4.499e-16	1.2916e+04	1.3434e+04	9.1800e-14	1.7434e-02	9.8257e-01	3.6060e-01	6.3940e-01	1.5906e-09	6.7380e-15	1.0795e-03	8.4091e-01	1.5800e-01	8.4867e-06	2.0655e-02	9.6607e-01	1.3271e-02	1.1755e-36	1.1755e-36	1.1755e-36	6.0356e-23	0.00e+00	0.00e+00	4.8126e+00
1.28948e+16	8.2693e+03	4.513e-16	1.2916e+04	1.3361e+04	1.0553e-13	1.8622e-02	9.8138e-01	4.1608e-01	5.8392e-01	1.3386e-09	8.0846e-15	1.1041e-03	8.5609e-01	1.4280e-01	6.6651e-06	2.2153e-02	9.6726e-01	1.0583e-02	1.1755e-36	1.1755e-36	1.1755e-36	7.4662e-23	0.00e+00	0.00e+00	4.9609e+00
1.29913e+16	8.2716e+03	4.521e-16	1.2916e+04	1.3280e+04	1.2160e-13	1.9907e-02	9.8009e-01	4.7899e-01	5.2101e-01	1.1023e-09	9.7304e-15	1.1261e-03	8.6977e-01	1.2910e-01	5.1778e-06	2.3766e-02	9.6794e-01	8.2965e-03	1.1755e-36	1.1755e-36	1.1755e-36	9.2516e-23	0.00e+00	0.00e+00	5.1154e+00
1.30861e+16	8.2717e+03	4.524e-16	1.2916e+04	1.3187e+04	1.4103e-13	2.1327e-02	9.7867e-01	5.4934e-01	4.5066e-01	8.8010e-10	1.1791e-14	1.1453e-03	8.8202e-01	1.1683e-01	3.9648e-06	2.5543e-02	9.6809e-01	6.3622e-03	1.1755e-36	1.1755e-36	1.1755e-36	1.1540e-22	0.00e+00	0.00e+00	5.2797e+00
1.31946e+16	8.2656e+03	4.523e-16	1.2916e+04	1.3078e+04	1.7003e-13	2.3212e-02	9.7679e-01	6.3667e-01	3.6333e-01	6.4525e-10	1.4937e-14	1.1652e-03	8.9444e-01	1.0439e-01	2.8451e-06	2.7890e-02	9.6757e-01	4.5449e-03	1.1755e-36	1.1755e-36	1.1755e-36	1.5191e-22	0.00e+00	0.00e+00	5.5120e+00
1.33139e+16	8.2609e+03	4.523e-16	1.2916e+04	1.2948e+04	2.1078e-13	2.5610e-02	9.7439e-01	7.3277e-01	2.6723e-01	4.2959e-10	1.9528e-14	1.1829e-03	9.0572e-01	9.3094e-02	1.9429e-06	3.0862e-02	9.6611e-01	3.0279e-03	1.1755e-36	1.1755e-36	1.1755e-36	2.0840e-22	0.00e+00	0.00e+00	5.7540e+00
1.34294e+16	8.2535e+03	4.525e-16	1.2916e+04	1.2814e+04	2.6367e-13	2.8388e-02	9.7161e-01	8.1572e-01	1.8428e-01	2.6898e-10	2.5504e-14	1.1962e-03	9.1458e-01	8.4222e-02	1.3115e-06	3.4290e-02	9.6374e-01	1.9714e-03	1.1755e-36	1.1755e-36	1.1755e-36	2.8840e-22	0.00e+00	0.00e+00	6.0204e+00
1.35618e+16	8.2416e+03	4.542e-16	1.2916e+04	1.2681e+04	3.4951e-13	3.2325e-02	9.6768e-01	8.8747e-01	1.1253e-01	1.4717e-10	3.5050e-14	1.2103e-03	9.2282e-01	7.5968e-02	8.1202e-07	3.9130e-02	9.5970e-01	1.1707e-03	1.1755e-36	1.1755e-36	1.1755e-36	4.3476e-22	0.00e+00	0.00e+00	6.4149e+00
1.37338e+16	8.2265e+03	4.593e-16	1.2916e+04	1.2538e+04	5.2309e-13	3.9042e-02	9.6096e-01	9.4409e-01	5.5911e-02	6.3922e-11	5.3952e-14	1.2275e-03	9.3162e-01	6.7154e-02	4.2066e-07	4.7356e-02	9.5207e-01	5.7596e-04	1.1755e-36	1.1755e-36	1.1755e-36	7.8696e-22	0.00e+00	0.00e+00	7.0342e+00
1.39201e+16	8.2187e+03	4.657e-16	1.2916e+04	1.2333e+04	8.3562e-13	4.9430e-02	9.5057e-01	9.7446e-01	2.5536e-02	2.5597e-11	8.7072e-14	1.2374e-03	9.3995e-01	5.8816e-02	1.9839e-07	6.0021e-02	9.3972e-01	2.5625e-04	1.1755e-36	1.1755e-36	1.1755e-36	1.5440e-21	0.00e+00	0.00e+00	7.7518e+00
1.40757e+16	8.1985e+03	4.724e-16	1.2916e+04	1.2156e+04	1.3950e-12	6.3046e-02	9.3695e-01	9.8651e-01	1.3491e-02	1.2263e-11	1.4501e-13	1.2457e-03	9.4729e-01	5.1460e-02	1.1755e-36	7.6536e-02	9.2334e-01	1.2518e-04	1.1755e-36	1.1755e-36	1.1755e-36	3.2789e-21	0.00e+00	0.00e+00	8.4362e+00
1.41785e+16	8.1779e+03	4.755e-16	1.2916e+04	1.2001e+04	2.1644e-12	7.6503e-02	9.2350e-01	9.9094e-01	9.0592e-03	7.7802e-12	2.2362e-13	1.2482e-03	9.5257e-01	4.6179e-02	1.1755e-36	9.2763e-02	9.0716e-01	7.6197e-05	1.1755e-36	1.1755e-36	1.1755e-36	6.3580e-21	0.00e+00	0.00e+00	8.8884e+00
1.42402e+16	8.1612e+03	4.743e-16	1.2916e+04	1.1848e+04	2.8616e-12	8.6970e-02	9.1303e-01	9.9283e-01	7.1687e-03	5.9687e-12	2.9245e-13	1.2431e-03	9.5585e-01	4.2905e-02	1.1755e-36	1.0532e-01	8.9462e-01	5.5653e-05	1.1755e-36	1.1755e-36	1.1755e-36	9.5077e-21	0.00e+00	0.00e+00	9.2497e+00
1.42988e+16	8.1313e+03	4.711e-16	1.2916e+04	1.1675e+04	3.8275e-12	9.9247e-02	9.0075e-01	9.9432e-01	5.6781e-03	4.5791e-12	3.8394e-13	1.2358e-03	9.5913e-01	3.9630e-02	1.1755e-36	1.1998e-01	8.7998e-01	4.0310e-05	1.1755e-36	1.1755e-36	1.1755e-36	1.4259e-20	0.00e+00	0.00e+00	9.7857e+00
1.43749e+16	8.1001e+03	4.623e-16	1.2916e+04	1.1392e+04	5.8360e-12	1.1922e-01	8.8078e-01	9.9579e-01	4.2131e-03	3.2799e-12	5.7264e-13	1.2197e-03	9.6343e-01	3.5348e-02	1.1755e-36	1.4366e-01	8.5631e-01	2.5983e-05	1.1755e-36	1.1755e-36	1.1755e-36	2.6237e-20	0.00e+00	0.00e+00	1.0623e+01
1.44500e+16	8.0347e+03	4.493e-16	1.2916e+04	1.1038e+04	9.5631e-12	1.4663e-01	8.5337e-01	9.9680e-01	3.1994e-03	2.4278e-12	8.9923e-13	1.1965e-03	9.6794e-01	3.0865e-02	1.1755e-36	1.7581e-01	8.2418e-01	1.6425e-05	1.1755e-36	1.1755e-36	1.1755e-36	5.2268e-20	0.00e+00	0.00e+00	1.1390e+01
1.45030e+16	7.9772e+03	4.337e-16	1.2916e+04	1.0695e+04	1.4334e-11	1.7317e-01	8.2683e-01	9.9735e-01	2.6511e-03	1.9926e-12	1.2946e-12	1.1702e-03	9.7133e-01	2.7499e-02	1.1755e-36	2.0654e-01	7.9344e-01	1.1521e-05	1.1755e-36	1.1755e-36	1.1755e-36	9.1409e-20	0.00e+00	0.00e+00	1.1981e+01
1.45413e+16	7.9179e+03	4.188e-16	1.2916e+04	1.0407e+04	1.9960e-11	1.9768e-01	8.0232e-01	9.9768e-01	2.3161e-03	1.7318e-12	1.7337e-12	1.1470e-03	9.7392e-01	2.4929e-02	1.1755e-36	2.3460e-01	7.6539e-01	8.6992e-06	1.1755e-36	1.1755e-36	1.1755e-36	1.4320e-19	0.00e+00	0.00e+00	1.2540e+01
1.45812e+16	7.8457e+03	3.962e-16	1.2916e+04	9.9864e+03	2.8965e-11	2.2793e-01	7.7207e-01	9.9800e-01	2.0036e-03	1.5039e-12	2.3794e-12	1.1099e-03	9.7656e-01	2.2329e-02	1.1755e-36	2.6881e-01	7.3119e-01	6.3493e-06	1.1755e-36	1.1755e-36	1.1755e-36	2.3327e-19	0.00e+00	0.00e+00	1.3379e+01
1.46252e+16	7.7410e+03	3.663e-16	1.2916e+04	9.4543e+03	4.5682e-11	2.6906e-01	7.3094e-01	9.9827e-01	1.7257e-03	1.3115e-12	3.4702e-12	1.0613e-03	9.7949e-01	1.9448e-02	1.1755e-36	3.1456e-01	6.8544e-01	4.3982e-06	1.1755e-36	1.1755e-36	1.1755e-36	4.1925e-19	0.00e+00	0.00e+00	1.4319e+01
1.46618e+16	7.6267e+03	3.349e-16	1.2916e+04	8.9039e+03	6.9945e-11	3.1162e-01	6.8838e-01	9.9846e-01	1.5413e-03	1.1984e-12	4.8645e-12	1.0088e-03	9.8196e-01	1.7033e-02	1.1755e-36	3.6100e-01	6.3900e-01	3.1643e-06	1.1755e-36	1.1755e-36	1.1755e-36	7.0999e-19	0.00e+00	0.00e+00	1.5093e+01
1.46869e+16	7.5292e+03	3.098e-16	1.2916e+04	8.4634e+03	9.5885e-11	3.4568e-01	6.5432e-01	9.9856e-01	1.4355e-03	1.1425e-12	6.1725e-12	9.6572e-04	9.8365e-01	1.5389e-02	1.1755e-36	3.9752e-01	6.0247e-01	2.4899e-06	1.1755e-36	1.1755e-36	1.1755e-36	1.0290e-18	0.00e+00	0.00e+00	1.5648e+01
1.47044e+16	7.4430e+03	2.912e-16	1.2916e+04	8.1389e+03	1.2168e-10	3.7231e-01	6.2769e-01	9.9863e-01	1.3689e-03	1.1091e-12	7.3337e-12	9.3371e-04	9.8483e-01	1.4234e-02	1.1755e-36	4.2570e-01	5.7429e-01	2.0863e-06	1.1755e-36	1.1755e-36	1.1755e-36	1.3463e-18	0.00e+00	0.00e+00	1.6108e+01
1.47195e+16	7.3649e+03	2.732e-16	1.2916e+04	7.8176e+03	1.5040e-10	3.9686e-01	6.0314e-01	9.9868e-01	1.3155e-03	1.0881e-12	8.4975e-12	9.0138e-04	9.8583e-01	1.3268e-02	1.1755e-36	4.5137e-01	5.4862e-01	1.7779e-06	1.1755e-36	1.1755e-36	1.1755e-36	1.6932e-18	0.00e+00	0.00e+00	1.6600e+01
1.47345e+16	7.2794e+03	2.547e-16	1.2916e+04	7.4729e+03	1.8663e-10	4.2213e-01	5.7787e-01	9.9873e-01	1.2667e-03	1.0741e-12	9.7944e-12	8.6639e-04	9.8678e-01	1.2353e-02	1.1755e-36	4.7751e-01	5.2248e-01	1.5143e-06	1.1755e-36	1.1755e-36	1.1755e-36	2.1108e-18	0.00e+00	0.00e+00	1.7109e+01
1.47483e+16	7.1924e+03	2.374e-16	1.2916e+04	7.1550e+03	2.2957e-10	4.4690e-01	5.5310e-01	9.9877e-01	1.2269e-03	1.0657e-12	1.1191e-11	8.3373e-04	9.8765e-01	1.1512e-02	1.1755e-36	5.0284e-01	4.9715e-01	1.3006e-06	1.1755e-36	1.1755e-36	1.1755e-36	2.5984e-18	0.00e+00	0.00e+00	1.7577e+01
1.47605e+16	7.1062e+03	2.218e-16	1.2916e+04	6.8592e+03	2.7802e-10	4.6978e-01	5.3022e-01	9.9880e-01	1.1955e-03	1.0636e-12	1.2581e-11	8.0317e-04	9.8841e-01	1.0785e-02	1.1755e-36	5.2600e-01	4.7400e-01	1.1330e-06	1.1755e-36	1.1755e-36	1.1755e-36	3.1175e-18	0.00e+00	0.00e+00	1.8019e+01
1.47716e+16	7.0202e+03	2.074e-16	1.2916e+04	6.5792e+03	3.3340e-10	4.9142e-01	5.0858e-01	9.9883e-01	1.1696e-03	1.0658e-12	1.3989e-11	7.7403e-04	9.8909e-01	1.0135e-02	1.1755e-36	5.4769e-01	4.5231e-01	9.9593e-07	1.1755e-36	1.1755e-36	1.1755e-36	3.6765e-18	0.00e+00	0.00e+00	1.8448e+01
1.47820e+16	6.9335e+03	1.938e-16	1.2916e+04	6.3105e+03	3.9742e-10	5.1219e-01	4.8781e-01	9.9885e-01	1.1477e-03	1.0717e-12	1.5429e-11	7.4587e-04	9.8971e-01	9.5423e-03	1.1755e-36	5.6832e-01	4.3168e-01	8.8086e-07	1.1755e-36	1.1755e-36	1.1755e-36	4.2806e-18	0.00e+00	0.00e+00	1.8868e+01
1.47918e+16	6.8459e+03	1.811e-16	1.2916e+04	6.0526e+03	4.7136e-10	5.3213e-01	4.6787e-01	9.9887e-01	1.1292e-03	1.0808e-12	1.6894e-11	7.1866e-04	9.9028e-01	8.9989e-03	1.1755e-36	5.8794e-01	4.1206e-01	7.8337e-07	1.1755e-36	1.1755e-36	1.1755e-36	4.9275e-18	0.00e+00	0.00e+00	1.9279e+01
1.47996e+16	6.7687e+03	1.715e-16	1.2916e+04	5.8554e+03	5.4273e-10	5.4811e-01	4.5189e-01	9.9888e-01	1.1160e-03	1.0887e-12	1.8149e-11	6.9787e-04	9.9073e-01	8.5748e-03	1.1755e-36	6.0354e-01	3.9645e-01	7.1425e-07	1.1755e-36	1.1755e-36	1.1755e-36	5.5080e-18	0.00e+00	0.00e+00	1.9554e+01
1.48051e+16	6.7191e+03	1.645e-16	1.2916e+04	5.7054e+03	5.9759e-10	5.5932e-01	4.4068e-01	9.9889e-01	1.1082e-03	1.0988e-12	1.9039e-11	6.8183e-04	9.9103e-01	8.2883e-03	1.1755e-36	6.1442e-01	3.8558e-01	6.6833e-07	1.1755e-36	1.1755e-36	1.1755e-36	5.9322e-18	0.00e+00	0.00e+00	1.9779e+01
1.48104e+16	6.6631e+03	1.576e-16	1.2916e+04	5.5576e+03	6.6091e-10	5.7050e-01	4.2950e-01	9.9890e-01	1.1002e-03	1.1083e-12	1.9955e-11	6.6606e-04	9.9132e-01	8.0110e-03	1.1755e-36	6.2522e-01	3.7478e-01	6.2555e-07	1.1755e-36	1.1755e-36	1.1755e-36	6.3771e-18	0.00e+00	0.00e+00	2.0038e+01
1.48163e+16	6.5955e+03	1.501e-16	1.2916e+04	5.3919e+03	7.4373e-10	5.8326e-01	4.1674e-01	9.9891e-01	1.0917e-03	1.1196e-12	2.1043e-11	6.4828e-04	9.9165e-01	7.7016e-03	1.1755e-36	6.3749e-01	3.6251e-01	5.8016e-07	1.1755e-36	1.1755e-36	1.1755e-36	6.9199e-18	0.00e+00	0.00e+00	2.0336e+01
1.48225e+16	6.5299e+03	1.424e-16	1.2916e+04	5.2218e+03	8.3744e-10	5.9639e-01	4.0361e-01	9.9892e-01	1.0841e-03	1.1340e-12	2.2200e-11	6.2995e-04	9.9198e-01	7.3897e-03	1.1755e-36	6.5002e-01	3.4998e-01	5.3642e-07	1.1755e-36	1.1755e-36	1.1755e-36	7.5181e-18	0.00e+00	0.00e+00	2.0635e+01
1.48285e+16	6.4566e+03	1.352e-16	1.2916e+04	5.0576e+03	9.4788e-10	6.0923e-01	3.9077e-01	9.9892e-01	1.0770e-03	1.1482e-12	2.3379e-11	6.1223e-04	9.9230e-01	7.0914e-03	1.1755e-36	6.6223e-01	3.3777e-01	4.9703e-07	1.1755e-36	1.1755e-36	1.1755e-36	8.1421e-18	0.00e+00	0.00e+00	2.0924e+01
1.48342e+16	6.3850e+03	1.285e-16	1.2916e+04	4.9039e+03	1.0693e-09	6.2160e-01	3.7840e-01	9.9893e-01	1.0704e-03	1.1622e-12	2.4567e-11	5.9574e-04	9.9259e-01	6.8103e-03	1.1755e-36	6.7392e-01	3.2608e-01	4.6166e-07	1.1755e-36	1.1755e-36	1.1755e-36	8.7927e-18	0.00e+00	0.00e+00	2.1206e+01
1.48397e+16	6.3161e+03	1.220e-16	1.2916e+04	4.7509e+03	1.2015e-09	6.3335e-01	3.6665e-01	9.9893e-01	1.0656e-03	1.1795e-12	2.5706e-11	5.7908e-04	9.9287e-01	6.5494e-03	1.1755e-36	6.8497e-01	3.1503e-01	4.2985e-07	1.1755e-36	1.1755e-36	1.1755e-36	9.4283e-18	0.00e+00	0.00e+00	2.1488e+01
1.48452e+16	6.2448e+03	1.157e-16	1.2916e+04	4.5991e+03	1.3544e-09	6.4518e-01	3.5482e-01	9.9894e-01	1.0610e-03	1.1978e-12	2.6896e-11	5.6249e-04	9.9315e-01	6.2921e-03	1.1755e-36	6.9603e-01	3.0397e-01	3.9979e-07	1.1755e-36	1.1755e-36	1.1755e-36	1.0112e-17	0.00e+00	0.00e+00	2.1781e+01
1.48508e+16	6.1759e+03	1.094e-16	1.2916e+04	4.4419e+03	1.5232e-09	6.5665e-01	3.4335e-01	9.9894e-01	1.0585e-03	1.2216e-12	2.8033e-11	5.4508e-04	9.9341e-01	6.0473e-03	1.1755e-36	7.0669e-01	2.9331e-01	3.7199e-07	1.1755e-36	1.1755e-36	1.1755e-36	1.0774e-17	0.00e+00	0.00e+00	2.2080e+01
1.48564e+16	6.0928e+03	1.034e-16	1.2916e+04	4.2898e+03	1.7413e-09	6.6875e-01	3.3125e-01	9.9895e-01	1.0541e-03	1.2418e-12	2.9339e-11	5.2849e-04	9.9368e-01	5.7946e-03	1.1755e-36	7.1789e-01	2.8211e-01	3.4509e-07	1.1755e-36	1.1755e-36	1.1755e-36	1.1563e-17	0.00e+00	0.00e+00	2.2389e+01
1.48619e+16	6.0157e+03	9.761e-17	1.2916e+04	4.1389e+03	1.9764e-09	6.8008e-01	3.1992e-01	9.9895e-01	1.0522e-03	1.2672e-12	3.0551e-11	5.1174e-04	9.9393e-01	5.5613e-03	1.1755e-36	7.2833e-01	2.7167e-01	3.2102e-07	1.1755e-36	1.1755e-36	1.1755e-36	1.2307e-17	0.00e+00	0.00e+00	2.2686e+01
1.48673e+16	5.9360e+03	9.218e-17	1.2916e+04	3.9948e+03	2.2495e-09	6.9119e-01	3.0881e-01	9.9895e-01	1.0500e-03	1.2920e-12	3.1799e-11	4.9578e-04	9.9417e-01	5.3371e-03	1.1755e-36	7.3852e-01	2.6148e-01	2.9885e-07	1.1755e-36	1.1755e-36	1.1755e-36	1.3099e-17	0.00e+00	0.00e+00	2.2988e+01
1.48726e+16	5.8538e+03	8.695e-17	1.2916e+04	3.8528e+03	2.5692e-09	7.0214e-01	2.9786e-01	9.9895e-01	1.0483e-03	1.3182e-12	3.3069e-11	4.8001e-04	9.9440e-01	5.1199e-03	1.1755e-36	7.4851e-01	2.5149e-01	2.7822e-07	1.1755e-36	1.1755e-36	1.1755e-36	1.3930e-17	0.00e+00	0.00e+00	2.3292e+01
1.48779e+16	5.7647e+03	8.197e-17	1.2916e+04	3.7155e+03	2.9609e-09	7.1313e-01	2.8687e-01	9.9895e-01	1.0458e-03	1.3430e-12	3.4429e-11	4.6488e-04	9.9463e-01	4.9064e-03	1.1755e-36	7.5849e-01	2.4151e-01	2.5888e-07	1.1755e-36	1.1755e-36	1.1755e-36	1.4858e-17	0.00e+00	0.00e+00	2.3598e+01
1.48831e+16	5.6793e+03	7.727e-17	1.2916e+04	3.5814e+03	3.3980e-09	7.2351e-01	2.7649e-01	9.9896e-01	1.0448e-03	1.3714e-12	3.5731e-11	4.4992e-04	9.9484e-01	4.7075e-03	1.1755e-36	7.6787e-01	2.3213e-01	2.4139e-07	1.1755e-36	1.1755e-36	1.1755e-36	1.5776e-17	0.00e+00	0.00e+00	2.3898e+01
1.48882e+16	5.5923e+03	7.281e-17	1.2916e+04	3.4509e+03	3.9101e-09	7.3363e-01	2.6637e-01	9.9896e-01	1.0442e-03	1.4008e-12	3.7057e-11	4.3533e-04	9.9505e-01	4.5172e-03	1.1755e-36	7.7697e-01	2.2303e-01	2.2523e-07	1.1755e-36	1.1755e-36	1.1755e-36	1.6750e-17	0.00e+00	0.00e+00	2.4202e+01
1.48932e+16	5.5026e+03	6.852e-17	1.2916e+04	3.3221e+03	4.5212e-09	7.4361e-01	2.5639e-01	9.9896e-01	1.0439e-03	1.4319e-12	3.8430e-11	4.2090e-04	9.9525e-01	4.3324e-03	1.1755e-36	7.8591e-01	2.1409e-01	2.1006e-07	1.1755e-36	1.1755e-36	1.1755e-36	1.7809e-17	0.00e+00	0.00e+00	2.4511e+01
1.48983e+16	5.4105e+03	6.441e-17	1.2916e+04	3.1959e+03	5.2512e-09	7.5340e-01	2.4660e-01	9.9896e-01	1.0439e-03	1.4646e-12	3.9859e-11	4.0673e-04	9.9544e-01	4.1540e-03	1.1755e-36	7.9464e-01	2.0536e-01	1.9591e-07	1.1755e-36	1.1755e-36	1.1755e-36	1.8973e-17	0.00e+00	0.00e+00	2.4821e+01
1.49033e+16	5.3166e+03	6.053e-17	1.2916e+04	3.0731e+03	6.1215e-09	7.6291e-01	2.3709e-01	9.9896e-01	1.0442e-03	1.4984e-12	4.1349e-11	3.9291e-04	9.9562e-01	3.9833e-03	1.1755e-36	8.0310e-01	1.9690e-01	1.8282e-07	1.1755e-36	1.1755e-36	1.1755e-36	2.0265e-17	0.00e+00	0.00e+00	2.5132e+01
1.49083e+16	5.2211e+03	5.686e-17	1.2916e+04	2.9540e+03	7.1622e-09	7.7215e-01	2.2785e-01	9.9896e-01	1.0448e-03	1.5334e-12	4.2920e-11	3.7949e-04	9.9580e-01	3.8203e-03	1.1755e-36	8.1128e-01	1.8872e-01	1.7070e-07	1.1755e-36	1.1755e-36	1.1755e-36	2.1725e-17	0.00e+00	0.00e+00	2.5442e+01
1.49132e+16	5.1205e+03	5.340e-17	1.2916e+04	2.8369e+03	8.4494e-09	7.8112e-01	2.1888e-01	9.9895e-01	1.0457e-03	1.5698e-12	4.4607e-11	3.6634e-04	9.9597e-01	3.6649e-03	1.1755e-36	8.1920e-01	1.8080e-01	1.5949e-07	1.1755e-36	1.1755e-36	1.1755e-36	2.3417e-17	0.00e+00	0.00e+00	2.5753e+01
1.49180e+16	5.0226e+03	5.016e-17	1.2916e+04	2.7258e+03	9.9492e-09	7.8972e-01	2.1028e-01	9.9895e-01	1.0468e-03	1.6069e-12	4.6424e-11	3.5381e-04	9.9613e-01	3.5180e-03	1.1755e-36	8.2675e-01	1.7325e-01	1.4919e-07	1.1755e-36	1.1755e-36	1.1755e-36	2.5389e-17	0.00e+00	0.00e+00	2.6058e+01
1.49227e+16	4.9222e+03	4.716e-17	1.2916e+04	2.6192e+03	1.1750e-08	7.9798e-01	2.0202e-01	9.9895e-01	1.0478e-03	1.6438e-12	4.8372e-11	3.4183e-04	9.9629e-01	3.3676e-03	1.1755e-36	8.3400e-01	1.6600e-01	1.3973e-07	1.1755e-36	1.1755e-36	1.1755e-36	2.7550e-17	0.00e+00	0.00e+00	2.6361e+01
1.49266e+16	4.8456e+03	4.491e-17	1.2916e+04	2.5386e+03	1.3358e-08	8.0424e-01	1.9576e-01	9.9895e-01	1.0491e-03	1.6745e-12	4.9952e-11	3.3268e-04	9.9642e-01	3.2501e-03	1.1755e-36	8.3945e-01	1.6055e-01	1.3284e-07	1.1755e-36	1.1755e-36	1.1755e-36	2.9400e-17	0.00e+00	0.00e+00	2.6560e+01
1.49293e+16	4.7849e+03	4.330e-17	1.2916e+04	2.4782e+03	1.4777e-08	8.0883e-01	1.9117e-01	9.9895e-01	1.0502e-03	1.6982e-12	5.1196e-11	3.2589e-04	9.9651e-01	3.1653e-03	1.1755e-36	8.4345e-01	1.5655e-01	1.2792e-07	1.1755e-36	1.1755e-36	1.1755e-36	3.0945e-17	0.00e+00	0.00e+00	2.6726e+01
1.49319e+16	4.7264e+03	4.180e-17	1.2916e+04	2.4220e+03	1.6294e-08	8.1319e-01	1.8681e-01	9.9895e-01	1.0510e-03	1.7203e-12	5.2460e-11	3.1957e-04	9.9659e-01	3.0859e-03	1.1755e-36	8.4724e-01	1.5276e-01	1.2336e-07	1.1755e-36	1.1755e-36	1.1755e-36	3.2595e-17	0.00e+00	0.00e+00	2.6900e+01
1.49346e+16	4.6623e+03	4.026e-17	1.2916e+04	2.3634e+03	1.8139e-08	8.1781e-01	1.8219e-01	9.9895e-01	1.0514e-03	1.7428e-12	5.3912e-11	3.1303e-04	9.9668e-01	3.0024e-03	1.1755e-36	8.5125e-01	1.4875e-01	1.1864e-07	1.1755e-36	1.1755e-36	1.1755e-36	3.4591e-17	0.00e+00	0.00e+00	2.7088e+01
1.49374e+16	4.5971e+03	3.873e-17	1.2916e+04	2.3040e+03	2.0225e-08	8.2237e-01	1.7763e-01	9.9895e-01	1.0524e-03	1.7678e-12	5.5421e-11	3.0638e-04	9.9677e-01	2.9199e-03	1.1755e-36	8.5520e-01	1.4480e-01	1.1408e-07	1.1755e-36	1.1755e-36	1.1755e-36	3.6789e-17	0.00e+00	0.00e+00	2.7273e+01
1.49401e+16	4.5324e+03	3.730e-17	1.2916e+04	2.2470e+03	2.2529e-08	8.2677e-01	1.7323e-01	9.9895e-01	1.0532e-03	1.7921e-12	5.6989e-11	3.0002e-04	9.9686e-01	2.8406e-03	1.1755e-36	8.5901e-01	1.4099e-01	1.0979e-07	1.1755e-36	1.1755e-36	1.1755e-36	3.9201e-17	0.00e+00	0.00e+00	2.7454e+01
1.49428e+16	4.4683e+03	3.594e-17	1.2916e+04	2.1923e+03	2.5053e-08	8.3100e-01	1.6900e-01	9.9895e-01	1.0541e-03	1.8162e-12	5.8601e-11	2.9393e-04	9.9694e-01	2.7647e-03	1.1755e-36	8.6267e-01	1.3733e-01	1.0575e-07	1.1755e-36	1.1755e-36	1.1755e-36	4.1823e-17	0.00e+00	0.00e+00	2.7632e+01
1.49454e+16	4.4042e+03	3.464e-17	1.2916e+04	2.1391e+03	2.7840e-08	8.3513e-01	1.6487e-01	9.9895e-01	1.0549e-03	1.8402e-12	6.0281e-11	2.8802e-04	9.9702e-01	2.6912e-03	1.1755e-36	8.6622e-01	1.3378e-01	1.0189e-07	1.1755e-36	1.1755e-36	1.1755e-36	4.4706e-17	0.00e+00	0.00e+00	2.7810e+01
1.49480e+16	4.3393e+03	3.339e-17	1.2916e+04	2.0867e+03	3.0934e-08	8.3918e-01	1.6082e-01	9.9894e-01	1.0558e-03	1.8644e-12	6.2038e-11	2.8223e-04	9.9710e-01	2.6193e-03	1.1755e-36	8.6972e-01	1.3028e-01	9.8183e-08	1.1755e-36	1.1755e-36	1.1755e-36	4.7888e-17	0.00e+00	0.00e+00	2.7988e+01
1.49506e+16	4.2735e+03	3.217e-17	1.2916e+04	2.0352e+03	3.4364e-08	8.4318e-01	1.5682e-01	9.9894e-01	1.0566e-03	1.8889e-12	6.3877e-11	2.7654e-04	9.9717e-01	2.5488e-03	1.1755e-36	8.7315e-01	1.2685e-01	9.4603e-08	1.1755e-36	1.1755e-36	1.1755e-36	5.1401e-17	0.00e+00	0.00e+00	2.8167e+01
1.49532e+16	4.2067e+03	3.099e-17	1.2916e+04	1.9842e+03	3.8147e-08	8.4712e-01	1.5288e-01	9.9894e-01	1.0574e-03	1.9137e-12	6.5787e-11	2.7095e-04	9.9725e-01	2.4796e-03	1.1755e-36	8.7654e-01	1.2346e-01	9.1145e-08	1.1755e-36	1.1755e-36	1.1755e-36	5.5247e-17	0.00e+00	0.00e+00	2.8347e+01
1.49558e+16	4.1387e+03	2.984e-17	1.2916e+04	1.9338e+03	4.2305e-08	8.5104e-01	1.4896e-01	9.9894e-01	1.0582e-03	1.9386e-12	6.7770e-11	2.6545e-04	9.9732e-01	2.4113e-03	1.1755e-36	8.7989e-01	1.2011e-01	8.7780e-08	1.1755e-36	1.1755e-36	1.1755e-36	5.9449e-17	0.00e+00	0.00e+00	2.8530e+01
1.49585e+16	4.0655e+03	2.871e-17	1.2916e+04	1.8823e+03	4.7052e-08	8.5495e-01	1.4505e-01	9.9894e-01	1.0590e-03	1.9645e-12	6.9839e-11	2.5990e-04	9.9740e-01	2.3434e-03	1.1755e-36	8.8325e-01	1.1675e-01	8.4509e-08	1.1755e-36	1.1755e-36	1.1755e-36	6.4091e-17	0.00e+00	0.00e+00	2.8716e+01
1.49612e+16	3.9943e+03	2.761e-17	1.2916e+04	1.8325e+03	5.1957e-08	8.5881e-01	1.4119e-01	9.9894e-01	1.0598e-03	1.9904e-12	7.1877e-11	2.5454e-04	9.9747e-01	2.2768e-03	1.1755e-36	8.8654e-01	1.1346e-01	8.1330e-08	1.1755e-36	1.1755e-36	1.1755e-36	6.8867e-17	0.00e+00	0.00e+00	2.8902e+01
###########################
4.23043e+11	8.2926e+03	4.621e-16	1.2916e+04	1.3996e+04	1.9617e-15	2.3550e-03	9.9764e-01	1.2717e-02	9.8476e-01	2.5241e-03	1.7616e-17	1.3509e-04	1.9255e-01	8.0642e-01	9.0236e-04	1.2529e-03	5.1344e-01	4.8493e-01	3.7914e-04	1.1755e-36	1.1755e-36	1.1059e-25	0.00e+00	0.00e+00	1.6248e-04
2.53826e+12	8.2895e+03	4.620e-16	1.2916e+04	1.3995e+04	1.9625e-15	2.3545e-03	9.9765e-01	1.2719e-02	9.8476e-01	2.5220e-03	1.7585e-17	1.3498e-04	1.9256e-01	8.0640e-01	9.0347e-04	1.2524e-03	5.1335e-01	4.8502e-01	3.7787e-04	1.1755e-36	1.1755e-36	1.1023e-25	0.00e+00	0.00e+00	8.1227e-04
1.09991e+13	8.2863e+03	4.615e-16	1.2916e+04	1.3995e+04	1.9263e-15	2.3532e-03	9.9765e-01	1.2723e-02	9.8477e-01	2.5063e-03	1.7231e-17	1.3482e-04	1.9261e-01	8.0636e-01	9.0104e-04	1.2520e-03	5.1342e-01	4.8496e-01	3.7244e-04	1.1755e-36	1.1755e-36	1.0579e-25	0.00e+00	0.00e+00	3.4099e-03
4.48425e+13	8.2765e+03	4.601e-16	1.2916e+04	1.3995e+04	1.9226e-15	2.3514e-03	9.9765e-01	1.2750e-02	9.8483e-01	2.4233e-03	1.7177e-17	1.3487e-04	1.9294e-01	8.0603e-01	8.9264e-04	1.2533e-03	5.1404e-01	4.8435e-01	3.5121e-04	1.1755e-36	1.1755e-36	1.0467e-25	0.00e+00	0.00e+00	1.3793e-02
1.07114e+14	8.2500e+03	4.548e-16	1.2916e+04	1.3995e+04	1.8888e-15	2.3258e-03	9.9767e-01	1.2731e-02	9.8489e-01	2.3769e-03	1.6630e-17	1.3372e-04	1.9284e-01	8.0614e-01	8.8640e-04	1.2407e-03	5.1396e-01	4.8447e-01	3.2438e-04	1.1755e-36	1.1755e-36	9.9231e-26	0.00e+00	0.00e+00	2.7144e-02
1.88068e+14	8.2183e+03	4.494e-16	1.2916e+04	1.3995e+04	1.8725e-15	2.3041e-03	9.9770e-01	1.2734e-02	9.8502e-01	2.2444e-03	1.6248e-17	1.3313e-04	1.9302e-01	8.0597e-01	8.7343e-04	1.2322e-03	5.1456e-01	4.8392e-01	2.9074e-04	1.1755e-36	1.1755e-36	9.5235e-26	0.00e+00	0.00e+00	4.4338e-02
2.93307e+14	8.1829e+03	4.434e-16	1.2916e+04	1.3995e+04	1.8658e-15	2.2842e-03	9.9772e-01	1.2757e-02	9.8521e-01	2.0305e-03	1.5965e-17	1.3284e-04	1.9345e-01	8.0557e-01	8.5403e-04	1.2269e-03	5.1585e-01	4.8267e-01	2.5075e-04	1.1755e-36	1.1755e-36	9.2018e-26	0.00e+00	0.00e+00	6.6497e-02
4.30119e+14	8.1397e+03	4.369e-16	1.2916e+04	1.3995e+04	1.8663e-15	2.2670e-03	9.9773e-01	1.2809e-02	9.8545e-01	1.7382e-03	1.5735e-17	1.3291e-04	1.9423e-01	8.0481e-01	8.2762e-04	1.2260e-03	5.1813e-01	4.8043e-01	2.0556e-04	1.1755e-36	1.1755e-36	8.8832e-26	0.00e+00	0.00e+00	9.5087e-02
6.07973e+14	8.0970e+03	4.294e-16	1.2916e+04	1.3995e+04	1.8714e-15	2.2518e-03	9.9775e-01	1.2891e-02	9.8572e-01	1.3861e-03	1.5608e-17	1.3336e-04	1.9539e-01	8.0368e-01	7.9535e-04	1.2297e-03	5.2158e-01	4.7703e-01	1.5782e-04	1.1755e-36	1.1755e-36	8.6336e-26	0.00e+00	0.00e+00	1.3201e-01
8.39184e+14	8.0468e+03	4.213e-16	1.2916e+04	1.3995e+04	1.8875e-15	2.2421e-03	9.9776e-01	1.3024e-02	9.8597e-01	1.0081e-03	1.5598e-17	1.3445e-04	1.9720e-01	8.0191e-01	7.5756e-04	1.2410e-03	5.2666e-01	4.7198e-01	1.1122e-04	1.1755e-36	1.1755e-36	8.4176e-26	0.00e+00	0.00e+00	1.7979e-01
1.13976e+15	7.9950e+03	4.124e-16	1.2916e+04	1.3994e+04	1.9153e-15	2.2397e-03	9.9776e-01	1.3226e-02	9.8612e-01	6.5321e-04	1.5779e-17	1.3640e-04	1.9985e-01	7.9930e-01	7.1645e-04	1.2622e-03	5.3372e-01	4.6494e-01	7.0263e-05	1.1755e-36	1.1755e-36	8.2925e-26	0.00e+00	0.00e+00	2.4185e-01
1.53051e+15	7.9391e+03	4.031e-16	1.2916e+04	1.3993e+04	1.9671e-15	2.2501e-03	9.9775e-01	1.3533e-02	9.8610e-01	3.6668e-04	1.6275e-17	1.3972e-04	2.0380e-01	7.9539e-01	6.7288e-04	1.2985e-03	5.4337e-01	4.5529e-01	3.8651e-05	1.1755e-36	1.1755e-36	8.3125e-26	0.00e+00	0.00e+00	3.2290e-01
2.03848e+15	7.8847e+03	3.936e-16	1.2916e+04	1.3992e+04	2.0454e-15	2.2801e-03	9.9772e-01	1.4000e-02	9.8583e-01	1.7294e-04	1.7229e-17	1.4509e-04	2.0962e-01	7.8961e-01	6.2693e-04	1.3568e-03	5.5638e-01	4.4224e-01	1.7901e-05	1.1755e-36	1.1755e-36	8.5240e-26	0.00e+00	0.00e+00	4.2967e-01
2.69884e+15	7.8331e+03	3.842e-16	1.2916e+04	1.3990e+04	2.1781e-15	2.3425e-03	9.9766e-01	1.4724e-02	9.8521e-01	6.6219e-05	1.9056e-17	1.5373e-04	2.1835e-01	7.8092e-01	5.7623e-04	1.4505e-03	5.7412e-01	4.2442e-01	6.7210e-06	1.1755e-36	1.1755e-36	9.1365e-26	0.00e+00	0.00e+00	5.7227e-01
3.55731e+15	7.7911e+03	3.757e-16	1.2916e+04	1.3988e+04	2.4045e-15	2.4589e-03	9.9754e-01	1.5881e-02	9.8410e-01	1.9889e-05	2.2568e-17	1.6785e-04	2.3173e-01	7.6759e-01	5.1709e-04	1.6039e-03	5.9871e-01	3.9969e-01	1.9743e-06	1.1755e-36	1.1755e-36	1.0529e-25	0.00e+00	0.00e+00	7.6686e-01
4.67332e+15	7.7604e+03	3.691e-16	1.2916e+04	1.3981e+04	2.8214e-15	2.6723e-03	9.9733e-01	1.7823e-02	9.8217e-01	4.5613e-06	2.9775e-17	1.9191e-04	2.5304e-01	7.4632e-01	4.4480e-04	1.8674e-03	6.3362e-01	3.6451e-01	4.5077e-07	1.1755e-36	1.1755e-36	1.3619e-25	0.00e+00	0.00e+00	1.0418e+00
5.78763e+15	7.7491e+03	3.645e-16	1.2916e+04	1.3975e+04	3.3304e-15	2.9323e-03	9.9707e-01	2.0249e-02	9.7975e-01	1.1036e-06	3.9844e-17	2.2073e-04	2.7778e-01	7.2162e-01	3.7961e-04	2.1901e-03	6.6959e-01	3.2822e-01	1.1755e-36	1.1755e-36	1.1755e-36	1.8007e-25	0.00e+00	0.00e+00	1.2730e+00
6.62599e+15	7.7552e+03	3.649e-16	1.2916e+04	1.3968e+04	3.9708e-15	3.2126e-03	9.9679e-01	2.2804e-02	9.7720e-01	4.2903e-07	5.3518e-17	2.5031e-04	3.0179e-01	6.9763e-01	3.3039e-04	2.5299e-03	7.0017e-01	2.9730e-01	1.1755e-36	1.1755e-36	1.1755e-36	2.4633e-25	0.00e+00	0.00e+00	1.4590e+00
7.29696e+15	7.7929e+03	3.665e-16	1.2916e+04	1.3962e+04	4.6479e-15	3.5036e-03	9.9650e-01	2.5519e-02	9.7448e-01	2.1437e-07	7.1124e-17	2.8052e-04	3.2523e-01	6.7420e-01	2.9098e-04	2.8847e-03	7.2707e-01	2.7005e-01	1.1755e-36	1.1755e-36	1.1755e-36	3.3737e-25	0.00e+00	0.00e+00	1.6396e+00
8.02402e+15	7.8300e+03	3.700e-16	1.2916e+04	1.3952e+04	5.7508e-15	3.9151e-03	9.9608e-01	2.9453e-02	9.7055e-01	1.0439e-07	1.0239e-16	3.2252e-04	3.5637e-01	6.4306e-01	2.4672e-04	3.3909e-03	7.5886e-01	2.3775e-01	1.1755e-36	1.1755e-36	1.1755e-36	5.0670e-25	0.00e+00	0.00e+00	1.9020e+00
8.77782e+15	7.8795e+03	3.755e-16	1.2916e+04	1.3938e+04	7.3407e-15	4.4545e-03	9.9555e-01	3.4883e-02	9.6512e-01	5.2612e-08	1.5439e-16	3.7560e-04	3.9451e-01	6.0491e-01	2.0315e-04	4.0633e-03	7.9279e-01	2.0315e-01	1.1755e-36	1.1755e-36	1.1755e-36	8.0724e-25	0.00e+00	0.00e+00	2.1511e+00
9.37248e+15	7.9322e+03	3.816e-16	1.2916e+04	1.3925e+04	9.1868e-15	5.0159e-03	9.9498e-01	4.0987e-02	9.5901e-01	3.1835e-08	2.2440e-16	4.2902e-04	4.3153e-01	5.6787e-01	1.6887e-04	4.7711e-03	8.2110e-01	1.7413e-01	1.1755e-36	1.1755e-36	1.1755e-36	1.2425e-24	0.00e+00	0.00e+00	2.3571e+00
9.83496e+15	7.9647e+03	3.876e-16	1.2916e+04	1.3910e+04	1.1285e-14	5.5759e-03	9.9442e-01	4.7442e-02	9.5256e-01	2.1733e-08	3.1073e-16	4.7979e-04	4.6587e-01	5.3351e-01	1.4196e-04	5.4824e-03	8.4394e-01	1.5058e-01	1.1755e-36	1.1755e-36	1.1755e-36	1.8055e-24	0.00e+00	0.00e+00	2.5487e+00
1.02520e+16	8.0139e+03	3.932e-16	1.2916e+04	1.3897e+04	1.3746e-14	6.1874e-03	9.9381e-01	5.5176e-02	9.4482e-01	1.5492e-08	4.2853e-16	5.3253e-04	5.0104e-01	4.9831e-01	1.1838e-04	6.2665e-03	8.6460e-01	1.2913e-01	1.1755e-36	1.1755e-36	1.1755e-36	2.6298e-24	0.00e+00	0.00e+00	2.7570e+00
1.06483e+16	8.0359e+03	4.001e-16	1.2916e+04	1.3873e+04	1.7204e-14	6.9214e-03	9.9308e-01	6.4969e-02	9.3503e-01	1.1271e-08	5.9798e-16	5.9308e-04	5.3956e-01	4.5975e-01	9.6380e-05	7.2077e-03	8.8411e-01	1.0868e-01	1.1755e-36	1.1755e-36	1.1755e-36	3.8692e-24	0.00e+00	0.00e+00	2.9714e+00
1.10248e+16	8.0836e+03	4.067e-16	1.2916e+04	1.3850e+04	2.1496e-14	7.7740e-03	9.9223e-01	7.7747e-02	9.2225e-01	8.3666e-09	8.4419e-16	6.5829e-04	5.8060e-01	4.1867e-01	7.6620e-05	8.3073e-03	9.0219e-01	8.9505e-02	1.1755e-36	1.1755e-36	1.1755e-36	5.8161e-24	0.00e+00	0.00e+00	3.2080e+00
1.13590e+16	8.1149e+03	4.140e-16	1.2916e+04	1.3816e+04	2.6989e-14	8.7265e-03	9.9127e-01	9.3389e-02	9.0661e-01	6.4324e-09	1.1770e-15	7.2407e-04	6.2151e-01	3.7770e-01	6.0108e-05	9.5340e-03	9.1758e-01	7.2883e-02	1.1755e-36	1.1755e-36	1.1755e-36	8.6166e-24	0.00e+00	0.00e+00	3.4181e+00
1.16310e+16	8.1524e+03	4.205e-16	1.2916e+04	1.3793e+04	3.3011e-14	9.6801e-03	9.9032e-01	1.1164e-01	8.8836e-01	5.2022e-09	1.5858e-15	7.8416e-04	6.5858e-01	3.4059e-01	4.7458e-05	1.0763e-02	9.2955e-01	5.9687e-02	1.1755e-36	1.1755e-36	1.1755e-36	1.2318e-23	0.00e+00	0.00e+00	3.6145e+00
1.18776e+16	8.1715e+03	4.263e-16	1.2916e+04	1.3748e+04	4.0644e-14	1.0736e-02	9.8926e-01	1.3390e-01	8.6610e-01	4.2263e-09	2.1176e-15	8.4506e-04	6.9483e-01	3.0429e-01	3.6823e-05	1.2122e-02	9.3961e-01	4.8273e-02	1.1755e-36	1.1755e-36	1.1755e-36	1.7375e-23	0.00e+00	0.00e+00	3.8284e+00
1.21128e+16	8.1932e+03	4.326e-16	1.2916e+04	1.3704e+04	5.0495e-14	1.1957e-02	9.8804e-01	1.6361e-01	8.3639e-01	3.4448e-09	2.8569e-15	9.0684e-04	7.3140e-01	2.6767e-01	2.7728e-05	1.3688e-02	9.4828e-01	3.8027e-02	1.1755e-36	1.1755e-36	1.1755e-36	2.4912e-23	0.00e+00	0.00e+00	4.0490e+00
1.23235e+16	8.2197e+03	4.385e-16	1.2916e+04	1.3659e+04	6.2241e-14	1.3281e-02	9.8672e-01	2.0147e-01	7.9853e-01	2.8368e-09	3.8199e-15	9.6433e-04	7.6574e-01	2.3327e-01	2.0532e-05	1.5382e-02	9.5517e-01	2.9452e-02	1.1755e-36	1.1755e-36	1.1755e-36	3.5380e-23	0.00e+00	0.00e+00	4.2604e+00
1.25041e+16	8.2320e+03	4.426e-16	1.2916e+04	1.3574e+04	7.5956e-14	1.4637e-02	9.8536e-01	2.4571e-01	7.5429e-01	2.3293e-09	4.9708e-15	1.0146e-03	7.9556e-01	2.0341e-01	1.5207e-05	1.7112e-02	9.6016e-01	2.2727e-02	1.1755e-36	1.1755e-36	1.1755e-36	4.8428e-23	0.00e+00	0.00e+00	4.4585e+00
1.26618e+16	8.2447e+03	4.468e-16	1.2916e+04	1.3518e+04	9.2027e-14	1.6070e-02	9.8393e-01	2.9951e-01	7.0049e-01	1.9239e-09	6.4247e-15	1.0602e-03	8.2183e-01	1.7710e-01	1.1185e-05	1.8930e-02	9.6371e-01	1.7365e-02	1.1755e-36	1.1755e-36	1.1755e-36	6.5873e-23	0.00e+00	0.00e+00	4.6545e+00
1.28045e+16	8.2540e+03	4.497e-16	1.2916e+04	1.3438e+04	1.1089e-13	1.7580e-02	9.8242e-01	3.6378e-01	6.3622e-01	1.5656e-09	8.2217e-15	1.0991e-03	8.4469e-01	1.5420e-01	8.1590e-06	2.0840e-02	9.6610e-01	1.3064e-02	1.1755e-36	1.1755e-36	1.1755e-36	8.8193e-23	0.00e+00	0.00e+00	4.8491e+00
1.29350e+16	8.2610e+03	4.513e-16	1.2916e+04	1.3340e+04	1.3316e-13	1.9186e-02	9.8081e-01	4.3894e-01	5.6106e-01	1.2439e-09	1.0465e-14	1.1317e-03	8.6427e-01	1.3459e-01	5.9004e-06	2.2861e-02	9.6749e-01	9.6507e-03	1.1755e-36	1.1755e-36	1.1755e-36	1.1688e-22	0.00e+00	0.00e+00	5.0454e+00
1.30571e+16	8.2617e+03	4.522e-16	1.2916e+04	1.3230e+04	1.6054e-13	2.0939e-02	9.7906e-01	5.2452e-01	4.7548e-01	9.5258e-10	1.3339e-14	1.1590e-03	8.8087e-01	1.1797e-01	4.2158e-06	2.5058e-02	9.6798e-01	6.9666e-03	1.1755e-36	1.1755e-36	1.1755e-36	1.5468e-22	0.00e+00	0.00e+00	5.2481e+00
1.31742e+16	8.2604e+03	4.521e-16	1.2916e+04	1.3105e+04	1.9448e-13	2.2892e-02	9.7711e-01	6.1741e-01	3.8259e-01	6.9405e-10	1.7066e-14	1.1809e-03	8.9470e-01	1.0411e-01	2.9693e-06	2.7492e-02	9.6762e-01	4.8901e-03	1.1755e-36	1.1755e-36	1.1755e-36	2.0534e-22	0.00e+00	0.00e+00	5.4635e+00
1.32807e+16	8.2586e+03	4.517e-16	1.2916e+04	1.2977e+04	2.3394e-13	2.4947e-02	9.7505e-01	7.0486e-01	2.9514e-01	4.8937e-10	2.1548e-14	1.1967e-03	9.0526e-01	9.3539e-02	2.1174e-06	3.0043e-02	9.6654e-01	3.4211e-03	1.1755e-36	1.1755e-36	1.1755e-36	2.6903e-22	0.00e+00	0.00e+00	5.6622e+00
1.33930e+16	8.2492e+03	4.515e-16	1.2916e+04	1.2849e+04	2.9011e-13	2.7545e-02	9.7246e-01	7.8979e-01	2.1021e-01	3.1586e-10	2.7920e-14	1.2116e-03	9.1455e-01	8.4238e-02	1.4401e-06	3.3253e-02	9.6447e-01	2.2729e-03	1.1755e-36	1.1755e-36	1.1755e-36	3.6685e-22	0.00e+00	0.00e+00	5.9475e+00
1.35391e+16	8.2327e+03	4.534e-16	1.2916e+04	1.2709e+04	3.9297e-13	3.1713e-02	9.6829e-01	8.7539e-01	1.2461e-01	1.6577e-10	3.9458e-14	1.2294e-03	9.2409e-01	7.4676e-02	8.5196e-07	3.8382e-02	9.6032e-01	1.2932e-03	1.1755e-36	1.1755e-36	1.1755e-36	5.6828e-22	0.00e+00	0.00e+00	6.3745e+00
1.37033e+16	8.2312e+03	4.570e-16	1.2916e+04	1.2537e+04	5.6446e-13	3.7774e-02	9.6223e-01	9.3597e-01	6.4026e-02	7.5011e-11	5.8567e-14	1.2428e-03	9.3240e-01	6.6360e-02	4.6161e-07	4.5808e-02	9.5353e-01	6.5846e-04	1.1755e-36	1.1755e-36	1.1755e-36	9.6827e-22	0.00e+00	0.00e+00	6.8776e+00
1.38641e+16	8.2112e+03	4.644e-16	1.2916e+04	1.2408e+04	8.6435e-13	4.6298e-02	9.5370e-01	9.6758e-01	3.2421e-02	3.3836e-11	9.0660e-14	1.2587e-03	9.3987e-01	5.8872e-02	2.4025e-07	5.6210e-02	9.4346e-01	3.2792e-04	1.1755e-36	1.1755e-36	1.1755e-36	1.8030e-21	0.00e+00	0.00e+00	7.4757e+00
1.40131e+16	8.2032e+03	4.698e-16	1.2916e+04	1.2230e+04	1.3558e-12	5.7545e-02	9.4245e-01	9.8250e-01	1.7497e-02	1.6555e-11	1.4266e-13	1.2662e-03	9.4651e-01	5.2222e-02	1.1755e-36	6.9878e-02	9.2995e-01	1.6731e-04	1.1755e-36	1.1755e-36	1.1755e-36	3.5002e-21	0.00e+00	0.00e+00	8.1305e+00
1.41403e+16	8.1797e+03	4.726e-16	1.2916e+04	1.2021e+04	2.1581e-12	7.1612e-02	9.2839e-01	9.8951e-01	1.0495e-02	9.1974e-12	2.2456e-13	1.2670e-03	9.5248e-01	4.6253e-02	1.1755e-36	8.6883e-02	9.1303e-01	9.1372e-05	1.1755e-36	1.1755e-36	1.1755e-36	6.8580e-21	0.00e+00	0.00e+00	8.8007e+00
1.42329e+16	8.1508e+03	4.745e-16	1.2916e+04	1.1873e+04	3.2583e-12	8.6642e-02	9.1336e-01	9.9264e-01	7.3576e-03	6.1255e-12	3.3514e-13	1.2684e-03	9.5730e-01	4.1432e-02	1.1755e-36	1.0493e-01	8.9501e-01	5.7271e-05	1.1755e-36	1.1755e-36	1.1755e-36	1.2508e-20	0.00e+00	0.00e+00	9.2983e+00
1.42932e+16	8.1307e+03	4.716e-16	1.2916e+04	1.1701e+04	4.3974e-12	9.9361e-02	9.0064e-01	9.9414e-01	5.8636e-03	4.7456e-12	4.4633e-13	1.2614e-03	9.6053e-01	3.8206e-02	1.1755e-36	1.2012e-01	8.7984e-01	4.1465e-05	1.1755e-36	1.1755e-36	1.1755e-36	1.9244e-20	0.00e+00	0.00e+00	9.7061e+00
1.43511e+16	8.0989e+03	4.645e-16	1.2916e+04	1.1458e+04	6.0321e-12	1.1431e-01	8.8569e-01	9.9534e-01	4.6563e-03	3.6739e-12	5.9741e-13	1.2467e-03	9.6372e-01	3.5033e-02	1.1755e-36	1.3786e-01	8.6211e-01	2.9687e-05	1.1755e-36	1.1755e-36	1.1755e-36	2.9793e-20	0.00e+00	0.00e+00	1.0316e+01
1.44164e+16	8.0624e+03	4.541e-16	1.2916e+04	1.1175e+04	8.9182e-12	1.3592e-01	8.6408e-01	9.9636e-01	3.6390e-03	2.8000e-12	8.6066e-13	1.2285e-03	9.6746e-01	3.1312e-02	1.1755e-36	1.6329e-01	8.3669e-01	1.9993e-05	1.1755e-36	1.1755e-36	1.1755e-36	5.1756e-20	0.00e+00	0.00e+00	1.1039e+01
1.44749e+16	7.9975e+03	4.401e-16	1.2916e+04	1.0842e+04	1.3496e-11	1.6188e-01	8.3812e-01	9.9706e-01	2.9398e-03	2.2258e-12	1.2465e-12	1.2043e-03	9.7099e-01	2.7805e-02	1.1755e-36	1.9352e-01	8.0647e-01	1.3674e-05	1.1755e-36	1.1755e-36	1.1755e-36	9.0693e-20	0.00e+00	0.00e+00	1.1722e+01
1.45211e+16	7.9380e+03	4.234e-16	1.2916e+04	1.0498e+04	1.9463e-11	1.8841e-01	8.1159e-01	9.9751e-01	2.4929e-03	1.8769e-12	1.7219e-12	1.1763e-03	9.7389e-01	2.4939e-02	1.1755e-36	2.2403e-01	7.7596e-01	9.8761e-06	1.1755e-36	1.1755e-36	1.1755e-36	1.4823e-19	0.00e+00	0.00e+00	1.2347e+01
1.45601e+16	7.8719e+03	4.045e-16	1.2916e+04	1.0142e+04	2.7449e-11	2.1624e-01	7.8376e-01	9.9783e-01	2.1736e-03	1.6368e-12	2.3143e-12	1.1455e-03	9.7640e-01	2.2452e-02	1.1755e-36	2.5565e-01	7.4434e-01	7.3379e-06	1.1755e-36	1.1755e-36	1.1755e-36	2.3271e-19	0.00e+00	0.00e+00	1.3003e+01
1.45999e+16	7.7846e+03	3.793e-16	1.2916e+04	9.6880e+03	4.0422e-11	2.5096e-01	7.4904e-01	9.9811e-01	1.8867e-03	1.4314e-12	3.1908e-12	1.1040e-03	9.7901e-01	1.9889e-02	1.1755e-36	2.9453e-01	7.0546e-01	5.2839e-06	1.1755e-36	1.1755e-36	1.1755e-36	3.8011e-19	0.00e+00	0.00e+00	1.3872e+01
1.46392e+16	7.6751e+03	3.486e-16	1.2916e+04	9.1483e+03	6.1525e-11	2.9272e-01	7.0728e-01	9.9834e-01	1.6620e-03	1.2839e-12	4.4636e-12	1.0525e-03	9.8155e-01	1.7395e-02	1.1755e-36	3.4049e-01	6.5950e-01	3.7476e-06	1.1755e-36	1.1755e-36	1.1755e-36	6.3631e-19	0.00e+00	0.00e+00	1.4736e+01
1.46696e+16	7.5678e+03	3.201e-16	1.2916e+04	8.6481e+03	8.8045e-11	3.3140e-01	6.6860e-01	9.9848e-01	1.5195e-03	1.2025e-12	5.8671e-12	1.0033e-03	9.8351e-01	1.5483e-02	1.1755e-36	3.8228e-01	6.1771e-01	2.8238e-06	1.1755e-36	1.1755e-36	1.1755e-36	9.6943e-19	0.00e+00	0.00e+00	1.5399e+01
1.46903e+16	7.4856e+03	2.981e-16	1.2916e+04	8.2616e+03	1.1403e-10	3.6114e-01	6.3886e-01	9.9856e-01	1.4355e-03	1.1620e-12	7.1013e-12	9.6430e-04	9.8484e-01	1.4198e-02	1.1755e-36	4.1391e-01	5.8608e-01	2.3032e-06	1.1755e-36	1.1755e-36	1.1755e-36	1.3021e-18	0.00e+00	0.00e+00	1.5899e+01
1.47061e+16	7.3991e+03	2.804e-16	1.2916e+04	7.9456e+03	1.4191e-10	3.8609e-01	6.1391e-01	9.9862e-01	1.3762e-03	1.1350e-12	8.2554e-12	9.3247e-04	9.8586e-01	1.3212e-02	1.1755e-36	4.4015e-01	5.5985e-01	1.9570e-06	1.1755e-36	1.1755e-36	1.1755e-36	1.6425e-18	0.00e+00	0.00e+00	1.6356e+01
1.47206e+16	7.3141e+03	2.631e-16	1.2916e+04	7.6379e+03	1.7512e-10	4.1090e-01	5.8910e-01	9.9868e-01	1.3245e-03	1.1141e-12	9.5167e-12	9.0095e-04	9.8679e-01	1.2304e-02	1.1755e-36	4.6594e-01	5.3406e-01	1.6716e-06	1.1755e-36	1.1755e-36	1.1755e-36	2.0473e-18	0.00e+00	0.00e+00	1.6845e+01
1.47352e+16	7.2293e+03	2.447e-16	1.2916e+04	7.2936e+03	2.1580e-10	4.3621e-01	5.6379e-01	9.9872e-01	1.2790e-03	1.1042e-12	1.0883e-11	8.6504e-04	9.8768e-01	1.1456e-02	1.1755e-36	4.9195e-01	5.0805e-01	1.4262e-06	1.1755e-36	1.1755e-36	1.1755e-36	2.5179e-18	0.00e+00	0.00e+00	1.7360e+01
1.47486e+16	7.1389e+03	2.278e-16	1.2916e+04	6.9756e+03	2.6445e-10	4.6078e-01	5.3922e-01	9.9876e-01	1.2419e-03	1.0994e-12	1.2340e-11	8.3170e-04	9.8848e-01	1.0684e-02	1.1755e-36	5.1693e-01	4.8307e-01	1.2285e-06	1.1755e-36	1.1755e-36	1.1755e-36	3.0579e-18	0.00e+00	0.00e+00	1.7822e+01
1.47601e+16	7.0526e+03	2.129e-16	1.2916e+04	6.6898e+03	3.1770e-10	4.8287e-01	5.1713e-01	9.9879e-01	1.2132e-03	1.1001e-12	1.3747e-11	8.0151e-04	9.8917e-01	1.0031e-02	1.1755e-36	5.3916e-01	4.6084e-01	1.0766e-06	1.1755e-36	1.1755e-36	1.1755e-36	3.6138e-18	0.00e+00	0.00e+00	1.8246e+01
1.47705e+16	6.9680e+03	1.993e-16	1.2916e+04	6.4224e+03	3.7755e-10	5.0354e-01	4.9646e-01	9.9881e-01	1.1895e-03	1.1045e-12	1.5151e-11	7.7306e-04	9.8978e-01	9.4504e-03	1.1755e-36	5.5976e-01	4.4024e-01	9.5243e-07	1.1755e-36	1.1755e-36	1.1755e-36	4.2001e-18	0.00e+00	0.00e+00	1.8660e+01
1.47804e+16	6.8818e+03	1.864e-16	1.2916e+04	6.1626e+03	4.4727e-10	5.2363e-01	4.7637e-01	9.9883e-01	1.1692e-03	1.1124e-12	1.6599e-11	7.4522e-04	9.9034e-01	8.9122e-03	1.1755e-36	5.7960e-01	4.2040e-01	8.4604e-07	1.1755e-36	1.1755e-36	1.1755e-36	4.8359e-18	0.00e+00	0.00e+00	1.9074e+01
1.47899e+16	6.7938e+03	1.741e-16	1.2916e+04	5.9102e+03	5.2862e-10	5.4314e-01	4.5686e-01	9.9885e-01	1.1518e-03	1.1234e-12	1.8085e-11	7.1801e-04	9.9087e-01	8.4117e-03	1.1755e-36	5.9870e-01	4.0130e-01	7.5434e-07	1.1755e-36	1.1755e-36	1.1755e-36	5.5201e-18	0.00e+00	0.00e+00	1.9481e+01
1.47975e+16	6.7147e+03	1.648e-16	1.2916e+04	5.7159e+03	6.0858e-10	5.5897e-01	4.4103e-01	9.9886e-01	1.1386e-03	1.1321e-12	1.9380e-11	6.9713e-04	9.9128e-01	8.0195e-03	1.1755e-36	6.1409e-01	3.8591e-01	6.8838e-07	1.1755e-36	1.1755e-36	1.1755e-36	6.1445e-18	0.00e+00	0.00e+00	1.9759e+01
1.48030e+16	6.6641e+03	1.579e-16	1.2916e+04	5.5651e+03	6.6991e-10	5.7011e-01	4.2989e-01	9.9887e-01	1.1316e-03	1.1444e-12	2.0286e-11	6.8062e-04	9.9157e-01	7.7518e-03	1.1755e-36	6.2485e-01	3.7515e-01	6.4417e-07	1.1755e-36	1.1755e-36	1.1755e-36	6.5914e-18	0.00e+00	0.00e+00	1.9988e+01
1.48082e+16	6.6070e+03	1.512e-16	1.2916e+04	5.4200e+03	7.4173e-10	5.8145e-01	4.1855e-01	9.9888e-01	1.1235e-03	1.1543e-12	2.1260e-11	6.6479e-04	9.9185e-01	7.4845e-03	1.1755e-36	6.3575e-01	3.6425e-01	6.0239e-07	1.1755e-36	1.1755e-36	1.1755e-36	7.0863e-18	0.00e+00	0.00e+00	2.0251e+01
1.48141e+16	6.5378e+03	1.438e-16	1.2916e+04	5.2540e+03	8.3454e-10	5.9398e-01	4.0602e-01	9.9888e-01	1.1159e-03	1.1680e-12	2.2351e-11	6.4661e-04	9.9216e-01	7.1965e-03	1.1755e-36	6.4774e-01	3.5226e-01	5.5920e-07	1.1755e-36	1.1755e-36	1.1755e-36	7.6476e-18	0.00e+00	0.00e+00	2.0547e+01
1.48202e+16	6.4713e+03	1.363e-16	1.2916e+04	5.0858e+03	9.3923e-10	6.0690e-01	3.9310e-01	9.9889e-01	1.1089e-03	1.1843e-12	2.3521e-11	6.2803e-04	9.9247e-01	6.9057e-03	1.1755e-36	6.6002e-01	3.3998e-01	5.1743e-07	1.1755e-36	1.1755e-36	1.1755e-36	8.2739e-18	0.00e+00	0.00e+00	2.0847e+01
1.48261e+16	6.3997e+03	1.293e-16	1.2916e+04	4.9224e+03	1.0606e-09	6.1954e-01	3.8046e-01	9.9890e-01	1.1025e-03	1.2011e-12	2.4709e-11	6.0999e-04	9.9276e-01	6.6277e-03	1.1755e-36	6.7197e-01	3.2803e-01	4.7960e-07	1.1755e-36	1.1755e-36	1.1755e-36	8.9240e-18	0.00e+00	0.00e+00	2.1140e+01
1.48318e+16	6.3286e+03	1.227e-16	1.2916e+04	4.7658e+03	1.1952e-09	6.3166e-01	3.6834e-01	9.9890e-01	1.0971e-03	1.2188e-12	2.5883e-11	5.9263e-04	9.9304e-01	6.3669e-03	1.1755e-36	6.8337e-01	3.1662e-01	4.4565e-07	1.1755e-36	1.1755e-36	1.1755e-36	9.5835e-18	0.00e+00	0.00e+00	2.1427e+01
1.48373e+16	6.2565e+03	1.163e-16	1.2916e+04	4.6126e+03	1.3474e-09	6.4350e-01	3.5650e-01	9.9891e-01	1.0924e-03	1.2380e-12	2.7063e-11	5.7558e-04	9.9331e-01	6.1173e-03	1.1755e-36	6.9446e-01	3.0554e-01	4.1451e-07	1.1755e-36	1.1755e-36	1.1755e-36	1.0263e-17	0.00e+00	0.00e+00	2.1717e+01
1.48428e+16	6.1823e+03	1.101e-16	1.2916e+04	4.4603e+03	1.5230e-09	6.5526e-01	3.4474e-01	9.9891e-01	1.0883e-03	1.2588e-12	2.8269e-11	5.5858e-04	9.9357e-01	5.8743e-03	1.1755e-36	7.0540e-01	2.9460e-01	3.8544e-07	1.1755e-36	1.1755e-36	1.1755e-36	1.0975e-17	0.00e+00	0.00e+00	2.2012e+01
1.48484e+16	6.1057e+03	1.042e-16	1.2916e+04	4.3094e+03	1.7265e-09	6.6690e-01	3.3310e-01	9.9892e-01	1.0848e-03	1.2812e-12	2.9500e-11	5.4167e-04	9.9382e-01	5.6381e-03	1.1755e-36	7.1619e-01	2.8381e-01	3.5836e-07	1.1755e-36	1.1755e-36	1.1755e-36	1.1720e-17	0.00e+00	0.00e+00	2.2311e+01
1.48538e+16	6.0274e+03	9.841e-17	1.2916e+04	4.1611e+03	1.9613e-09	6.7835e-01	3.2165e-01	9.9892e-01	1.0819e-03	1.3052e-12	3.0744e-11	5.2498e-04	9.9406e-01	5.4104e-03	1.1755e-36	7.2674e-01	2.7326e-01	3.3330e-07	1.1755e-36	1.1755e-36	1.1755e-36	1.2492e-17	0.00e+00	0.00e+00	2.2611e+01
1.48592e+16	5.9471e+03	9.292e-17	1.2916e+04	4.0159e+03	2.2334e-09	6.8956e-01	3.1044e-01	9.9892e-01	1.0795e-03	1.3305e-12	3.2003e-11	5.0861e-04	9.9430e-01	5.1913e-03	1.1755e-36	7.3702e-01	2.6298e-01	3.1015e-07	1.1755e-36	1.1755e-36	1.1755e-36	1.3296e-17	0.00e+00	0.00e+00	2.2912e+01
1.48645e+16	5.8654e+03	8.767e-17	1.2916e+04	3.8737e+03	2.5480e-09	7.0052e-01	2.9948e-01	9.9892e-01	1.0776e-03	1.3573e-12	3.3272e-11	4.9252e-04	9.9453e-01	4.9807e-03	1.1755e-36	7.4703e-01	2.5297e-01	2.8876e-07	1.1755e-36	1.1755e-36	1.1755e-36	1.4130e-17	0.00e+00	0.00e+00	2.3215e+01
1.48698e+16	5.7769e+03	8.268e-17	1.2916e+04	3.7363e+03	2.9331e-09	7.1152e-01	2.8848e-01	9.9893e-01	1.0750e-03	1.3826e-12	3.4631e-11	4.7705e-04	9.9475e-01	4.7739e-03	1.1755e-36	7.5702e-01	2.4298e-01	2.6871e-07	1.1755e-36	1.1755e-36	1.1755e-36	1.5061e-17	0.00e+00	0.00e+00	2.3519e+01
1.48750e+16	5.6918e+03	7.795e-17	1.2916e+04	3.6018e+03	3.3632e-09	7.2192e-01	2.7808e-01	9.9893e-01	1.0739e-03	1.4116e-12	3.5933e-11	4.6175e-04	9.9496e-01	4.5809e-03	1.1755e-36	7.6644e-01	2.3356e-01	2.5055e-07	1.1755e-36	1.1755e-36	1.1755e-36	1.5981e-17	0.00e+00	0.00e+00	2.3819e+01
1.48801e+16	5.6052e+03	7.345e-17	1.2916e+04	3.4708e+03	3.8673e-09	7.3209e-01	2.6791e-01	9.9893e-01	1.0731e-03	1.4418e-12	3.7262e-11	4.4681e-04	9.9516e-01	4.3957e-03	1.1755e-36	7.7558e-01	2.2442e-01	2.3374e-07	1.1755e-36	1.1755e-36	1.1755e-36	1.6961e-17	0.00e+00	0.00e+00	2.4123e+01
1.48852e+16	5.5158e+03	6.912e-17	1.2916e+04	3.3415e+03	4.4685e-09	7.4211e-01	2.5789e-01	9.9893e-01	1.0727e-03	1.4737e-12	3.8638e-11	4.3203e-04	9.9535e-01	4.2159e-03	1.1755e-36	7.8457e-01	2.1543e-01	2.1797e-07	1.1755e-36	1.1755e-36	1.1755e-36	1.8025e-17	0.00e+00	0.00e+00	2.4432e+01
1.48902e+16	5.4242e+03	6.499e-17	1.2916e+04	3.2148e+03	5.1856e-09	7.5194e-01	2.4806e-01	9.9893e-01	1.0727e-03	1.5071e-12	4.0067e-11	4.1752e-04	9.9554e-01	4.0425e-03	1.1755e-36	7.9334e-01	2.0666e-01	2.0327e-07	1.1755e-36	1.1755e-36	1.1755e-36	1.9190e-17	0.00e+00	0.00e+00	2.4742e+01
1.48953e+16	5.3307e+03	6.108e-17	1.2916e+04	3.0916e+03	6.0397e-09	7.6149e-01	2.3851e-01	9.9893e-01	1.0729e-03	1.5418e-12	4.1555e-11	4.0337e-04	9.9572e-01	3.8766e-03	1.1755e-36	8.0184e-01	1.9816e-01	1.8967e-07	1.1755e-36	1.1755e-36	1.1755e-36	2.0481e-17	0.00e+00	0.00e+00	2.5052e+01
1.49002e+16	5.2356e+03	5.738e-17	1.2916e+04	2.9719e+03	7.0603e-09	7.7076e-01	2.2924e-01	9.9893e-01	1.0734e-03	1.5777e-12	4.3123e-11	3.8962e-04	9.9589e-01	3.7181e-03	1.1755e-36	8.1005e-01	1.8995e-01	1.7708e-07	1.1755e-36	1.1755e-36	1.1755e-36	2.1936e-17	0.00e+00	0.00e+00	2.5362e+01
1.49051e+16	5.1354e+03	5.389e-17	1.2916e+04	2.8543e+03	8.3220e-09	7.7977e-01	2.2022e-01	9.9893e-01	1.0742e-03	1.6150e-12	4.4802e-11	3.7612e-04	9.9606e-01	3.5669e-03	1.1755e-36	8.1801e-01	1.8198e-01	1.6543e-07	1.1755e-36	1.1755e-36	1.1755e-36	2.3616e-17	0.00e+00	0.00e+00	2.5673e+01
1.49100e+16	5.0377e+03	5.062e-17	1.2916e+04	2.7426e+03	9.7926e-09	7.8842e-01	2.1158e-01	9.9892e-01	1.0752e-03	1.6531e-12	4.6608e-11	3.6326e-04	9.9621e-01	3.4239e-03	1.1755e-36	8.2562e-01	1.7438e-01	1.5472e-07	1.1755e-36	1.1755e-36	1.1755e-36	2.5573e-17	0.00e+00	0.00e+00	2.5978e+01
1.49147e+16	4.9378e+03	4.758e-17	1.2916e+04	2.6354e+03	1.1559e-08	7.9673e-01	2.0327e-01	9.9892e-01	1.0762e-03	1.6912e-12	4.8557e-11	3.5094e-04	9.9637e-01	3.2798e-03	1.1755e-36	8.3291e-01	1.6709e-01	1.4488e-07	1.1755e-36	1.1755e-36	1.1755e-36	2.7754e-17	0.00e+00	0.00e+00	2.6281e+01
1.49185e+16	4.8615e+03	4.532e-17	1.2916e+04	2.5542e+03	1.3135e-08	8.0304e-01	1.9696e-01	9.9892e-01	1.0775e-03	1.7227e-12	5.0139e-11	3.4158e-04	9.9649e-01	3.1667e-03	1.1755e-36	8.3840e-01	1.6160e-01	1.3770e-07	1.1755e-36	1.1755e-36	1.1755e-36	2.9601e-17	0.00e+00	0.00e+00	2.6481e+01
1.49213e+16	4.8007e+03	4.368e-17	1.2916e+04	2.4932e+03	1.4532e-08	8.0768e-01	1.9232e-01	9.9892e-01	1.0786e-03	1.7472e-12	5.1387e-11	3.3457e-04	9.9658e-01	3.0840e-03	1.1755e-36	8.4244e-01	1.5756e-01	1.3256e-07	1.1755e-36	1.1755e-36	1.1755e-36	3.1146e-17	0.00e+00	0.00e+00	2.6648e+01
1.49239e+16	4.7419e+03	4.216e-17	1.2916e+04	2.4362e+03	1.6033e-08	8.1209e-01	1.8791e-01	9.9892e-01	1.0794e-03	1.7701e-12	5.2659e-11	3.2803e-04	9.9667e-01	3.0062e-03	1.1755e-36	8.4628e-01	1.5372e-01	1.2779e-07	1.1755e-36	1.1755e-36	1.1755e-36	3.2801e-17	0.00e+00	0.00e+00	2.6823e+01
1.49267e+16	4.6776e+03	4.059e-17	1.2916e+04	2.3770e+03	1.7851e-08	8.1675e-01	1.8325e-01	9.9892e-01	1.0798e-03	1.7934e-12	5.4113e-11	3.2128e-04	9.9675e-01	2.9245e-03	1.1755e-36	8.5033e-01	1.4967e-01	1.2288e-07	1.1755e-36	1.1755e-36	1.1755e-36	3.4795e-17	0.00e+00	0.00e+00	2.7012e+01
1.49295e+16	4.6125e+03	3.906e-17	1.2916e+04	2.3173e+03	1.9903e-08	8.2134e-01	1.7866e-01	9.9892e-01	1.0807e-03	1.8191e-12	5.5623e-11	3.1444e-04	9.9684e-01	2.8442e-03	1.1755e-36	8.5431e-01	1.4569e-01	1.1814e-07	1.1755e-36	1.1755e-36	1.1755e-36	3.6986e-17	0.00e+00	0.00e+00	2.7197e+01
1.49322e+16	4.5479e+03	3.761e-17	1.2916e+04	2.2601e+03	2.2168e-08	8.2577e-01	1.7423e-01	9.9892e-01	1.0816e-03	1.8442e-12	5.7190e-11	3.0791e-04	9.9692e-01	2.7672e-03	1.1755e-36	8.5814e-01	1.4186e-01	1.1368e-07	1.1755e-36	1.1755e-36	1.1755e-36	3.9388e-17	0.00e+00	0.00e+00	2.7379e+01
1.49348e+16	4.4839e+03	3.623e-17	1.2916e+04	2.2050e+03	2.4654e-08	8.3002e-01	1.6998e-01	9.9892e-01	1.0824e-03	1.8689e-12	5.8804e-11	3.0164e-04	9.9701e-01	2.6933e-03	1.1755e-36	8.6182e-01	1.3818e-01	1.0948e-07	1.1755e-36	1.1755e-36	1.1755e-36	4.2004e-17	0.00e+00	0.00e+00	2.7557e+01
1.49375e+16	4.4198e+03	3.492e-17	1.2916e+04	2.1514e+03	2.7402e-08	8.3418e-01	1.6582e-01	9.9892e-01	1.0833e-03	1.8937e-12	6.0486e-11	2.9556e-04	9.9708e-01	2.6218e-03	1.1755e-36	8.6540e-01	1.3460e-01	1.0548e-07	1.1755e-36	1.1755e-36	1.1755e-36	4.4882e-17	0.00e+00	0.00e+00	2.7734e+01
1.49401e+16	4.3550e+03	3.365e-17	1.2916e+04	2.0988e+03	3.0453e-08	8.3825e-01	1.6175e-01	9.9892e-01	1.0841e-03	1.9186e-12	6.2245e-11	2.8961e-04	9.9716e-01	2.5519e-03	1.1755e-36	8.6891e-01	1.3109e-01	1.0164e-07	1.1755e-36	1.1755e-36	1.1755e-36	4.8058e-17	0.00e+00	0.00e+00	2.7912e+01
1.49427e+16	4.2895e+03	3.243e-17	1.2916e+04	2.0471e+03	3.3835e-08	8.4226e-01	1.5774e-01	9.9892e-01	1.0849e-03	1.9437e-12	6.4087e-11	2.8377e-04	9.9723e-01	2.4834e-03	1.1755e-36	8.7236e-01	1.2764e-01	9.7933e-08	1.1755e-36	1.1755e-36	1.1755e-36	5.1564e-17	0.00e+00	0.00e+00	2.8091e+01
1.49453e+16	4.2230e+03	3.124e-17	1.2916e+04	1.9960e+03	3.7567e-08	8.4621e-01	1.5379e-01	9.9891e-01	1.0856e-03	1.9691e-12	6.6001e-11	2.7804e-04	9.9731e-01	2.4163e-03	1.1755e-36	8.7575e-01	1.2425e-01	9.4359e-08	1.1755e-36	1.1755e-36	1.1755e-36	5.5408e-17	0.00e+00	0.00e+00	2.8270e+01
1.49479e+16	4.1553e+03	3.008e-17	1.2916e+04	1.9456e+03	4.1671e-08	8.5013e-01	1.4987e-01	9.9891e-01	1.0864e-03	1.9946e-12	6.7990e-11	2.7240e-04	9.9738e-01	2.3501e-03	1.1755e-36	8.7911e-01	1.2089e-01	9.0886e-08	1.1755e-36	1.1755e-36	1.1755e-36	5.9614e-17	0.00e+00	0.00e+00	2.8452e+01
1.49505e+16	4.0827e+03	2.895e-17	1.2916e+04	1.8942e+03	4.6366e-08	8.5404e-01	1.4596e-01	9.9891e-01	1.0871e-03	2.0209e-12	7.0074e-11	2.6672e-04	9.9745e-01	2.2845e-03	1.1755e-36	8.8247e-01	1.1753e-01	8.7515e-08	1.1755e-36	1.1755e-36	1.1755e-36	6.4276e-17	0.00e+00	0.00e+00	2.8637e+01
1.49532e+16	4.0154e+03	2.786e-17	1.2916e+04	1.8456e+03	5.1019e-08	8.5788e-01	1.4212e-01	9.9891e-01	1.0877e-03	2.0470e-12	7.2102e-11	2.6133e-04	9.9752e-01	2.2204e-03	1.1755e-36	8.8574e-01	1.1426e-01	8.4229e-08	1.1755e-36	1.1755e-36	1.1755e-36	6.8992e-17	0.00e+00	0.00e+00	2.8821e+01
1.49559e+16	3.9361e+03	2.674e-17	1.2916e+04	1.7930e+03	5.6676e-08	8.6189e-01	1.3811e-01	9.9891e-01	1.0883e-03	2.0746e-12	7.4287e-11	2.5560e-04	9.9759e-01	2.1540e-03	1.1755e-36	8.8917e-01	1.1083e-01	8.0913e-08	1.1755e-36	1.1755e-36	1.1755e-36	7.4372e-17	0.00e+00	0.00e+00	2.9023e+01
###########################
4.23043e+11	8.2926e+03	4.621e-16	1.2916e+04	1.3996e+04	1.9616e-15	2.3550e-03	9.9764e-01	1.2717e-02	9.8476e-01	2.5241e-03	1.7615e-17	1.3509e-04	1.9255e-01	8.0642e-01	9.0236e-04	1.2529e-03	5.1344e-01	4.8493e-01	3.7914e-04	1.1755e-36	1.1755e-36	1.1059e-25	0.00e+00	0.00e+00	1.6248e-04
2.53826e+12	8.2895e+03	4.620e-16	1.2916e+04	1.3995e+04	1.9625e-15	2.3545e-03	9.9765e-01	1.2719e-02	9.8476e-01	2.5220e-03	1.7585e-17	1.3498e-04	1.9256e-01	8.0640e-01	9.0348e-04	1.2524e-03	5.1335e-01	4.8502e-01	3.7787e-04	1.1755e-36	1.1755e-36	1.1022e-25	0.00e+00	0.00e+00	8.1227e-04
1.09991e+13	8.2863e+03	4.615e-16	1.2916e+04	1.3995e+04	1.9262e-15	2.3532e-03	9.9765e-01	1.2723e-02	9.8477e-01	2.5063e-03	1.7231e-17	1.3482e-04	1.9261e-01	8.0636e-01	9.0104e-04	1.2520e-03	5.1342e-01	4.8496e-01	3.7244e-04	1.1755e-36	1.1755e-36	1.0578e-25	0.00e+00	0.00e+00	3.4099e-03
4.48425e+13	8.2765e+03	4.601e-16	1.2916e+04	1.3995e+04	1.9226e-15	2.3514e-03	9.9765e-01	1.2750e-02	9.8483e-01	2.4233e-03	1.7177e-17	1.3487e-04	1.9294e-01	8.0603e-01	8.9264e-04	1.2533e-03	5.1404e-01	4.8435e-01	3.5121e-04	1.1755e-36	1.1755e-36	1.0466e-25	0.00e+00	0.00e+00	1.3793e-02
1.07114e+14	8.2500e+03	4.548e-16	1.2916e+04	1.3995e+04	1.8887e-15	2.3258e-03	9.9767e-01	1.2731e-02	9.8489e-01	2.3769e-03	1.6629e-17	1.3372e-04	1.9284e-01	8.0614e-01	8.8640e-04	1.2407e-03	5.1396e-01	4.8447e-01	3.2438e-04	1.1755e-36	1.1755e-36	9.9224e-26	0.00e+00	0.00e+00	2.7144e-02
1.88068e+14	8.2183e+03	4.494e-16	1.2916e+04	1.3995e+04	1.8724e-15	2.3041e-03	9.9770e-01	1.2734e-02	9.8502e-01	2.2444e-03	1.6248e-17	1.3313e-04	1.9302e-01	8.0597e-01	8.7343e-04	1.2322e-03	5.1456e-01	4.8392e-01	2.9074e-04	1.1755e-36	1.1755e-36	9.5228e-26	0.00e+00	0.00e+00	4.4338e-02
2.93307e+14	8.1829e+03	4.434e-16	1.2916e+04	1.3995e+04	1.8658e-15	2.2842e-03	9.9772e-01	1.2757e-02	9.8521e-01	2.0305e-03	1.5964e-17	1.3284e-04	1.9345e-01	8.0557e-01	8.5403e-04	1.2269e-03	5.1585e-01	4.8267e-01	2.5075e-04	1.1755e-36	1.1755e-36	9.2011e-26	0.00e+00	0.00e+00	6.6497e-02
4.30119e+14	8.1397e+03	4.369e-16	1.2916e+04	1.3995e+04	1.8663e-15	2.2670e-03	9.9773e-01	1.2809e-02	9.8545e-01	1.7382e-03	1.5734e-17	1.3291e-04	1.9423e-01	8.0481e-01	8.2762e-04	1.2260e-03	5.1813e-01	4.8043e-01	2.0556e-04	1.1755e-36	1.1755e-36	8.8826e-26	0.00e+00	0.00e+00	9.5087e-02
6.07973e+14	8.0970e+03	4.294e-16	1.2916e+04	1.3995e+04	1.8714e-15	2.2518e-03	9.9775e-01	1.2891e-02	9.8572e-01	1.3861e-03	1.5607e-17	1.3336e-04	1.9539e-01	8.0368e-01	7.9535e-04	1.2297e-03	5.2158e-01	4.7703e-01	1.5782e-04	1.1755e-36	1.1755e-36	8.6329e-26	0.00e+00	0.00e+00	1.3201e-01
8.39184e+14	8.0468e+03	4.213e-16	1.2916e+04	1.3995e+04	1.8874e-15	2.2421e-03	9.9776e-01	1.3024e-02	9.8597e-01	1.0081e-03	1.5597e-17	1.3445e-04	1.9720e-01	8.0191e-01	7.5756e-04	1.2410e-03	5.2666e-01	4.7198e-01	1.1122e-04	1.1755e-36	1.1755e-36	8.4169e-26	0.00e+00	0.00e+00	1.7979e-01
1.13976e+15	7.9950e+03	4.124e-16	1.2916e+04	1.3994e+04	1.9153e-15	2.2397e-03	9.9776e-01	1.3226e-02	9.8612e-01	6.5321e-04	1.5778e-17	1.3640e-04	1.9985e-01	7.9930e-01	7.1645e-04	1.2622e-03	5.3372e-01	4.6494e-01	7.0263e-05	1.1755e-36	1.1755e-36	8.2917e-26	0.00e+00	0.00e+00	2.4185e-01
1.53051e+15	7.9391e+03	4.031e-16	1.2916e+04	1.3993e+04	1.9670e-15	2.2501e-03	9.9775e-01	1.3533e-02	9.8610e-01	3.6668e-04	1.6275e-17	1.3972e-04	2.0380e-01	7.9539e-01	6.7288e-04	1.2985e-03	5.4337e-01	4.5529e-01	3.8651e-05	1.1755e-36	1.1755e-36	8.3117e-26	0.00e+00	0.00e+00	3.2290e-01
2.03848e+15	7.8847e+03	3.936e-16	1.2916e+04	1.3992e+04	2.0453e-15	2.2801e-03	9.9772e-01	1.4000e-02	9.8583e-01	1.7294e-04	1.7228e-17	1.4509e-04	2.0962e-01	7.8961e-01	6.2693e-04	1.3568e-03	5.5638e-01	4.4224e-01	1.7901e-05	1.1755e-36	1.1755e-36	8.5229e-26	0.00e+00	0.00e+00	4.2967e-01
2.69884e+15	7.8331e+03	3.842e-16	1.2916e+04	1.3990e+04	2.1779e-15	2.3425e-03	9.9766e-01	1.4724e-02	9.8521e-01	6.6219e-05	1.9054e-17	1.5373e-04	2.1835e-01	7.8092e-01	5.7623e-04	1.4505e-03	5.7412e-01	4.2442e-01	6.7210e-06	1.1755e-36	1.1755e-36	9.1348e-26	0.00e+00	0.00e+00	5.7227e-01
3.55731e+15	7.7911e+03	3.757e-16	1.2916e+04	1.3988e+04	2.4042e-15	2.4589e-03	9.9754e-01	1.5881e-02	9.8410e-01	1.9889e-05	2.2565e-17	1.6785e-04	2.3173e-01	7.6759e-01	5.1709e-04	1.6039e-03	5.9871e-01	3.9969e-01	1.9743e-06	1.1755e-36	1.1755e-36	1.0527e-25	0.00e+00	0.00e+00	7.6686e-01
4.67332e+15	7.7604e+03	3.691e-16	1.2916e+04	1.3981e+04	2.8209e-15	2.6723e-03	9.9733e-01	1.7823e-02	9.8217e-01	4.5613e-06	2.9769e-17	1.9191e-04	2.5304e-01	7.4632e-01	4.4480e-04	1.8674e-03	6.3362e-01	3.6451e-01	4.5077e-07	1.1755e-36	1.1755e-36	1.3614e-25	0.00e+00	0.00e+00	1.0418e+00
5.78763e+15	7.7491e+03	3.645e-16	1.2916e+04	1.3975e+04	3.3294e-15	2.9323e-03	9.9707e-01	2.0249e-02	9.7975e-01	1.1036e-06	3.9831e-17	2.2073e-04	2.7778e-01	7.2162e-01	3.7961e-04	2.1901e-03	6.6959e-01	3.2822e-01	1.1755e-36	1.1755e-36	1.1755e-36	1.7995e-25	0.00e+00	0.00e+00	1.2730e+00
6.62599e+15	7.7552e+03	3.649e-16	1.2916e+04	1.3968e+04	3.9687e-15	3.2126e-03	9.9679e-01	2.2804e-02	9.7720e-01	4.2903e-07	5.3489e-17	2.5032e-04	3.0179e-01	6.9763e-01	3.3039e-04	2.5299e-03	7.0017e-01	2.9730e-01	1.1755e-36	1.1755e-36	1.1755e-36	2.4606e-25	0.00e+00	0.00e+00	1.4590e+00
7.29696e+15	7.7929e+03	3.665e-16	1.2916e+04	1.3962e+04	4.6449e-15	3.5036e-03	9.9650e-01	2.5519e-02	9.7448e-01	2.1437e-07	7.1077e-17	2.8052e-04	3.2523e-01	6.7420e-01	2.9098e-04	2.8847e-03	7.2707e-01	2.7005e-01	1.1755e-36	1.1755e-36	1.1755e-36	3.3691e-25	0.00e+00	0.00e+00	1.6396e+00
8.02402e+15	7.8300e+03	3.700e-16	1.2916e+04	1.3952e+04	5.7465e-15	3.9151e-03	9.9608e-01	2.9453e-02	9.7055e-01	1.0439e-07	1.0231e-16	3.2252e-04	3.5637e-01	6.4306e-01	2.4672e-04	3.3909e-03	7.5886e-01	2.3775e-01	1.1755e-36	1.1755e-36	1.1755e-36	5.0588e-25	0.00e+00	0.00e+00	1.9020e+00
8.77783e+15	7.8795e+03	3.755e-16	1.2916e+04	1.3938e+04	7.3339e-15	4.4545e-03	9.9555e-01	3.4883e-02	9.6512e-01	5.2612e-08	1.5424e-16	3.7560e-04	3.9451e-01	6.0491e-01	2.0315e-04	4.0633e-03	7.9279e-01	2.0315e-01	1.1755e-36	1.1755e-36	1.1755e-36	8.0566e-25	0.00e+00	0.00e+00	2.1511e+00
9.37248e+15	7.9322e+03	3.816e-16	1.2916e+04	1.3925e+04	9.1773e-15	5.0159e-03	9.9498e-01	4.0987e-02	9.5901e-01	3.1835e-08	2.2415e-16	4.2902e-04	4.3153e-01	5.6787e-01	1.6887e-04	4.7711e-03	8.2110e-01	1.7413e-01	1.1755e-36	1.1755e-36	1.1755e-36	1.2398e-24	0.00e+00	0.00e+00	2.3571e+00
9.83496e+15	7.9647e+03	3.876e-16	1.2916e+04	1.3910e+04	1.1272e-14	5.5759e-03	9.9442e-01	4.7442e-02	9.5256e-01	2.1733e-08	3.1034e-16	4.7979e-04	4.6587e-01	5.3351e-01	1.4196e-04	5.4824e-03	8.4394e-01	1.5058e-01	1.1755e-36	1.1755e-36	1.1755e-36	1.8010e-24	0.00e+00	0.00e+00	2.5487e+00
1.02520e+16	8.0139e+03	3.932e-16	1.2916e+04	1.3897e+04	1.3733e-14	6.1874e-03	9.9381e-01	5.5176e-02	9.4482e-01	1.5492e-08	4.2812e-16	5.3254e-04	5.0104e-01	4.9831e-01	1.1838e-04	6.2665e-03	8.6460e-01	1.2913e-01	1.1755e-36	1.1755e-36	1.1755e-36	2.6247e-24	0.00e+00	0.00e+00	2.7570e+00
1.06483e+16	8.0359e+03	4.001e-16	1.2916e+04	1.3873e+04	1.7180e-14	6.9214e-03	9.9308e-01	6.4969e-02	9.3503e-01	1.1271e-08	5.9712e-16	5.9309e-04	5.3956e-01	4.5975e-01	9.6380e-05	7.2077e-03	8.8411e-01	1.0868e-01	1.1755e-36	1.1755e-36	1.1755e-36	3.8580e-24	0.00e+00	0.00e+00	2.9714e+00
1.10248e+16	8.0836e+03	4.067e-16	1.2916e+04	1.3850e+04	2.1468e-14	7.7739e-03	9.9223e-01	7.7747e-02	9.2225e-01	8.3666e-09	8.4305e-16	6.5829e-04	5.8060e-01	4.1867e-01	7.6620e-05	8.3073e-03	9.0219e-01	8.9505e-02	1.1755e-36	1.1755e-36	1.1755e-36	5.8002e-24	0.00e+00	0.00e+00	3.2080e+00
1.13590e+16	8.1149e+03	4.140e-16	1.2916e+04	1.3816e+04	2.6952e-14	8.7264e-03	9.9127e-01	9.3389e-02	9.0661e-01	6.4324e-09	1.1753e-15	7.2408e-04	6.2151e-01	3.7770e-01	6.0108e-05	9.5340e-03	9.1758e-01	7.2883e-02	1.1755e-36	1.1755e-36	1.1755e-36	8.5914e-24	0.00e+00	0.00e+00	3.4181e+00
1.16310e+16	8.1525e+03	4.205e-16	1.2916e+04	1.3793e+04	3.2970e-14	9.6801e-03	9.9032e-01	1.1164e-01	8.8836e-01	5.2021e-09	1.5837e-15	7.8417e-04	6.5858e-01	3.4059e-01	4.7458e-05	1.0763e-02	9.2955e-01	5.9687e-02	1.1755e-36	1.1755e-36	1.1755e-36	1.2285e-23	0.00e+00	0.00e+00	3.6145e+00
1.18776e+16	8.1715e+03	4.264e-16	1.2916e+04	1.3748e+04	4.0586e-14	1.0736e-02	9.8926e-01	1.3390e-01	8.6610e-01	4.2262e-09	2.1144e-15	8.4507e-04	6.9483e-01	3.0429e-01	3.6823e-05	1.2122e-02	9.3961e-01	4.8273e-02	1.1755e-36	1.1755e-36	1.1755e-36	1.7322e-23	0.00e+00	0.00e+00	3.8284e+00
1.21128e+16	8.1932e+03	4.326e-16	1.2916e+04	1.3704e+04	5.0416e-14	1.1957e-02	9.8804e-01	1.6361e-01	8.3639e-01	3.4448e-09	2.8522e-15	9.0685e-04	7.3140e-01	2.6767e-01	2.7728e-05	1.3688e-02	9.4828e-01	3.8027e-02	1.1755e-36	1.1755e-36	1.1755e-36	2.4829e-23	0.00e+00	0.00e+00	4.0490e+00
1.23235e+16	8.2198e+03	4.385e-16	1.2916e+04	1.3659e+04	6.2151e-14	1.3281e-02	9.8672e-01	2.0148e-01	7.9852e-01	2.8368e-09	3.8141e-15	9.6434e-04	7.6574e-01	2.3327e-01	2.0532e-05	1.5382e-02	9.5517e-01	2.9451e-02	1.1755e-36	1.1755e-36	1.1755e-36	3.5272e-23	0.00e+00	0.00e+00	4.2604e+00
1.25041e+16	8.2322e+03	4.426e-16	1.2916e+04	1.3574e+04	7.5828e-14	1.4637e-02	9.8536e-01	2.4571e-01	7.5429e-01	2.3293e-09	4.9624e-15	1.0146e-03	7.9556e-01	2.0341e-01	1.5207e-05	1.7112e-02	9.6016e-01	2.2727e-02	1.1755e-36	1.1755e-36	1.1755e-36	4.8263e-23	0.00e+00	0.00e+00	4.4585e+00
1.26619e+16	8.2447e+03	4.468e-16	1.2916e+04	1.3518e+04	9.1895e-14	1.6070e-02	9.8393e-01	2.9952e-01	7.0048e-01	1.9239e-09	6.4148e-15	1.0602e-03	8.2183e-01	1.7710e-01	1.1184e-05	1.8930e-02	9.6371e-01	1.7364e-02	1.1755e-36	1.1755e-36	1.1755e-36	6.5667e-23	0.00e+00	0.00e+00	4.6545e+00
1.28045e+16	8.2540e+03	4.497e-16	1.2916e+04	1.3438e+04	1.1074e-13	1.7580e-02	9.8242e-01	3.6378e-01	6.3622e-01	1.5656e-09	8.2101e-15	1.0991e-03	8.4469e-01	1.5420e-01	8.1590e-06	2.0839e-02	9.6610e-01	1.3064e-02	1.1755e-36	1.1755e-36	1.1755e-36	8.7943e-23	0.00e+00	0.00e+00	4.8491e+00
1.29351e+16	8.2610e+03	4.514e-16	1.2916e+04	1.3340e+04	1.3302e-13	1.9186e-02	9.8081e-01	4.3895e-01	5.6105e-01	1.2438e-09	1.0453e-14	1.1317e-03	8.6427e-01	1.3459e-01	5.9003e-06	2.2861e-02	9.6749e-01	9.6506e-03	1.1755e-36	1.1755e-36	1.1755e-36	1.1662e-22	0.00e+00	0.00e+00	5.0454e+00
1.30571e+16	8.2618e+03	4.522e-16	1.2916e+04	1.3230e+04	1.6038e-13	2.0939e-02	9.7906e-01	5.2452e-01	4.7548e-01	9.5257e-10	1.3325e-14	1.1590e-03	8.8087e-01	1.1797e-01	4.2158e-06	2.5057e-02	9.6798e-01	6.9665e-03	1.1755e-36	1.1755e-36	1.1755e-36	1.5437e-22	0.00e+00	0.00e+00	5.2481e+00
1.31742e+16	8.2604e+03	4.521e-16	1.2916e+04	1.3105e+04	1.9434e-13	2.2892e-02	9.7711e-01	6.1742e-01	3.8258e-01	6.9403e-10	1.7053e-14	1.1809e-03	8.9470e-01	1.0411e-01	2.9693e-06	2.7492e-02	9.6762e-01	4.8900e-03	1.1755e-36	1.1755e-36	1.1755e-36	2.0503e-22	0.00e+00	0.00e+00	5.4635e+00
1.32807e+16	8.2586e+03	4.517e-16	1.2916e+04	1.2977e+04	2.3378e-13	2.4947e-02	9.7505e-01	7.0487e-01	2.9513e-01	4.8935e-10	2.1533e-14	1.1967e-03	9.0526e-01	9.3538e-02	2.1173e-06	3.0042e-02	9.6654e-01	3.4210e-03	1.1755e-36	1.1755e-36	1.1755e-36	2.6867e-22	0.00e+00	0.00e+00	5.6622e+00
1.33931e+16	8.2493e+03	4.515e-16	1.2916e+04	1.2849e+04	2.8996e-13	2.7544e-02	9.7246e-01	7.8979e-01	2.1021e-01	3.1585e-10	2.7906e-14	1.2116e-03	9.1455e-01	8.4238e-02	1.4400e-06	3.3253e-02	9.6447e-01	2.2728e-03	1.1755e-36	1.1755e-36	1.1755e-36	3.6648e-22	0.00e+00	0.00e+00	5.9475e+00
1.35391e+16	8.2327e+03	4.534e-16	1.2916e+04	1.2709e+04	3.9294e-13	3.1713e-02	9.6829e-01	8.7540e-01	1.2460e-01	1.6576e-10	3.9455e-14	1.2294e-03	9.2409e-01	7.4675e-02	8.5194e-07	3.8382e-02	9.6033e-01	1.2931e-03	1.1755e-36	1.1755e-36	1.1755e-36	5.6821e-22	0.00e+00	0.00e+00	6.3745e+00
1.37033e+16	8.2313e+03	4.570e-16	1.2916e+04	1.2537e+04	5.6461e-13	3.7774e-02	9.6223e-01	9.3598e-01	6.4022e-02	7.5005e-11	5.8584e-14	1.2428e-03	9.3240e-01	6.6360e-02	4.6159e-07	4.5807e-02	9.5353e-01	6.5843e-04	1.1755e-36	1.1755e-36	1.1755e-36	9.6887e-22	0.00e+00	0.00e+00	6.8776e+00
1.38642e+16	8.2113e+03	4.644e-16	1.2916e+04	1.2408e+04	8.6469e-13	4.6298e-02	9.5370e-01	9.6758e-01	3.2419e-02	3.3834e-11	9.0698e-14	1.2587e-03	9.3987e-01	5.8871e-02	2.4024e-07	5.6210e-02	9.4346e-01	3.2790e-04	1.1755e-36	1.1755e-36	1.1755e-36	1.8046e-21	0.00e+00	0.00e+00	7.4757e+00
1.40132e+16	8.2033e+03	4.698e-16	1.2916e+04	1.2230e+04	1.3565e-12	5.7545e-02	9.4246e-01	9.8250e-01	1.7495e-02	1.6553e-11	1.4274e-13	1.2662e-03	9.4651e-01	5.2222e-02	1.1755e-36	6.9877e-02	9.2996e-01	1.6730e-04	1.1755e-36	1.1755e-36	1.1755e-36	3.5042e-21	0.00e+00	0.00e+00	8.1305e+00
1.41403e+16	8.1799e+03	4.725e-16	1.2916e+04	1.2019e+04	2.1580e-12	7.1594e-02	9.2841e-01	9.8951e-01	1.0488e-02	9.1905e-12	2.2450e-13	1.2667e-03	9.5247e-01	4.6264e-02	1.1755e-36	8.6862e-02	9.1305e-01	9.1385e-05	1.1755e-36	1.1755e-36	1.1755e-36	6.8568e-21	0.00e+00	0.00e+00	8.8006e+00
1.42329e+16	8.1508e+03	4.744e-16	1.2916e+04	1.1872e+04	3.2599e-12	8.6639e-02	9.1336e-01	9.9265e-01	7.3535e-03	6.1214e-12	3.3528e-13	1.2683e-03	9.5730e-01	4.1434e-02	1.1755e-36	1.0493e-01	8.9501e-01	5.7259e-05	1.1755e-36	1.1755e-36	1.1755e-36	1.2519e-20	0.00e+00	0.00e+00	9.2987e+00
1.42934e+16	8.1329e+03	4.699e-16	1.2916e+04	1.1656e+04	4.3672e-12	9.9011e-02	9.0099e-01	9.9416e-01	5.8401e-03	4.7424e-12	4.4176e-13	1.2565e-03	9.6039e-01	3.8350e-02	1.1755e-36	1.1971e-01	8.8025e-01	4.1588e-05	1.1755e-36	1.1755e-36	1.1755e-36	1.8923e-20	0.00e+00	0.00e+00	9.7051e+00
1.43512e+16	8.0980e+03	4.653e-16	1.2916e+04	1.1478e+04	6.0484e-12	1.1442e-01	8.8558e-01	9.9534e-01	4.6604e-03	3.6705e-12	5.9999e-13	1.2489e-03	9.6376e-01	3.4986e-02	1.1755e-36	1.3799e-01	8.6198e-01	2.9650e-05	1.1755e-36	1.1755e-36	1.1755e-36	3.0019e-20	0.00e+00	0.00e+00	1.0316e+01
1.44155e+16	8.0541e+03	4.548e-16	1.2916e+04	1.1182e+04	8.9212e-12	1.3563e-01	8.6437e-01	9.9634e-01	3.6554e-03	2.8118e-12	8.5749e-13	1.2294e-03	9.6742e-01	3.1354e-02	1.1755e-36	1.6296e-01	8.3702e-01	2.0130e-05	1.1755e-36	1.1755e-36	1.1755e-36	5.1450e-20	0.00e+00	0.00e+00	1.1013e+01
1.44725e+16	8.0003e+03	4.409e-16	1.2916e+04	1.0857e+04	1.3262e-11	1.6067e-01	8.3933e-01	9.9703e-01	2.9673e-03	2.2481e-12	1.2274e-12	1.2055e-03	9.7084e-01	2.7953e-02	1.1755e-36	1.9211e-01	8.0787e-01	1.3906e-05	1.1755e-36	1.1755e-36	1.1755e-36	8.8618e-20	0.00e+00	0.00e+00	1.1682e+01
1.45188e+16	7.9415e+03	4.244e-16	1.2916e+04	1.0518e+04	1.9088e-11	1.8688e-01	8.1312e-01	9.9749e-01	2.5137e-03	1.8928e-12	1.6931e-12	1.1780e-03	9.7373e-01	2.5088e-02	1.1755e-36	2.2228e-01	7.7771e-01	1.0049e-05	1.1755e-36	1.1755e-36	1.1755e-36	1.4451e-19	0.00e+00	0.00e+00	1.2314e+01
1.45586e+16	7.8753e+03	4.052e-16	1.2916e+04	1.0155e+04	2.7044e-11	2.1494e-01	7.8506e-01	9.9782e-01	2.1826e-03	1.6437e-12	2.2847e-12	1.1465e-03	9.7629e-01	2.2560e-02	1.1755e-36	2.5418e-01	7.4582e-01	7.4289e-06	1.1755e-36	1.1755e-36	1.1755e-36	2.2819e-19	0.00e+00	0.00e+00	1.2982e+01
1.45967e+16	7.7936e+03	3.817e-16	1.2916e+04	9.7297e+03	3.9060e-11	2.4774e-01	7.5226e-01	9.9809e-01	1.9107e-03	1.4488e-12	3.1039e-12	1.1078e-03	9.7878e-01	2.0115e-02	1.1755e-36	2.9095e-01	7.0905e-01	5.4438e-06	1.1755e-36	1.1755e-36	1.1755e-36	3.6450e-19	0.00e+00	0.00e+00	1.3751e+01
1.46331e+16	7.6943e+03	3.538e-16	1.2916e+04	9.2384e+03	5.7519e-11	2.8575e-01	7.1425e-01	9.9830e-01	1.6956e-03	1.3057e-12	4.2354e-12	1.0612e-03	9.8116e-01	1.7781e-02	1.1755e-36	3.3288e-01	6.6712e-01	3.9614e-06	1.1755e-36	1.1755e-36	1.1755e-36	5.8714e-19	0.00e+00	0.00e+00	1.4564e+01
1.46637e+16	7.5904e+03	3.259e-16	1.2916e+04	8.7503e+03	8.1993e-11	3.2349e-01	6.7651e-01	9.9845e-01	1.5456e-03	1.2168e-12	5.5634e-12	1.0134e-03	9.8314e-01	1.5850e-02	1.1755e-36	3.7380e-01	6.2620e-01	2.9870e-06	1.1755e-36	1.1755e-36	1.1755e-36	8.9331e-19	0.00e+00	0.00e+00	1.5256e+01
1.46862e+16	7.5061e+03	3.025e-16	1.2916e+04	8.3410e+03	1.0797e-10	3.5496e-01	6.4504e-01	9.9855e-01	1.4510e-03	1.1692e-12	6.8343e-12	9.7219e-04	9.8457e-01	1.4454e-02	1.1755e-36	4.0737e-01	5.9262e-01	2.3995e-06	1.1755e-36	1.1755e-36	1.1755e-36	1.2276e-18	0.00e+00	0.00e+00	1.5801e+01
1.47033e+16	7.4155e+03	2.836e-16	1.2916e+04	8.0018e+03	1.3635e-10	3.8147e-01	6.1853e-01	9.9861e-01	1.3859e-03	1.1391e-12	8.0334e-12	9.3810e-04	9.8567e-01	1.3389e-02	1.1755e-36	4.3531e-01	5.6469e-01	2.0153e-06	1.1755e-36	1.1755e-36	1.1755e-36	1.5749e-18	0.00e+00	0.00e+00	1.6278e+01
1.47182e+16	7.3319e+03	2.660e-16	1.2916e+04	7.6845e+03	1.6834e-10	4.0626e-01	5.9374e-01	9.9867e-01	1.3335e-03	1.1189e-12	9.2636e-12	9.0564e-04	9.8662e-01	1.2472e-02	1.1755e-36	4.6114e-01	5.3886e-01	1.7195e-06	1.1755e-36	1.1755e-36	1.1755e-36	1.9628e-18	0.00e+00	0.00e+00	1.6757e+01
1.47325e+16	7.2476e+03	2.483e-16	1.2916e+04	7.3596e+03	2.0688e-10	4.3110e-01	5.6890e-01	9.9871e-01	1.2873e-03	1.1059e-12	1.0597e-11	8.7189e-04	9.8750e-01	1.1623e-02	1.1755e-36	4.8673e-01	5.1327e-01	1.4717e-06	1.1755e-36	1.1755e-36	1.1755e-36	2.4162e-18	0.00e+00	0.00e+00	1.7250e+01
1.47458e+16	7.1585e+03	2.313e-16	1.2916e+04	7.0433e+03	2.5330e-10	4.5555e-01	5.4445e-01	9.9875e-01	1.2491e-03	1.0997e-12	1.2022e-11	8.3879e-04	9.8832e-01	1.0844e-02	1.1755e-36	5.1163e-01	4.8837e-01	1.2678e-06	1.1755e-36	1.1755e-36	1.1755e-36	2.9371e-18	0.00e+00	0.00e+00	1.7722e+01
1.47578e+16	7.0704e+03	2.159e-16	1.2916e+04	6.7476e+03	3.0615e-10	4.7840e-01	5.2160e-01	9.9878e-01	1.2184e-03	1.0993e-12	1.3457e-11	8.0760e-04	9.8903e-01	1.0160e-02	1.1755e-36	5.3468e-01	4.6532e-01	1.1054e-06	1.1755e-36	1.1755e-36	1.1755e-36	3.4965e-18	0.00e+00	0.00e+00	1.8164e+01
1.47686e+16	6.9842e+03	2.018e-16	1.2916e+04	6.4722e+03	3.6557e-10	4.9969e-01	5.0031e-01	9.9881e-01	1.1935e-03	1.1031e-12	1.4885e-11	7.7834e-04	9.8967e-01	9.5564e-03	1.1755e-36	5.5593e-01	4.4407e-01	9.7420e-07	1.1755e-36	1.1755e-36	1.1755e-36	4.0867e-18	0.00e+00	0.00e+00	1.8585e+01
1.47787e+16	6.8980e+03	1.887e-16	1.2916e+04	6.2105e+03	4.3347e-10	5.1993e-01	4.8007e-01	9.9883e-01	1.1725e-03	1.1104e-12	1.6328e-11	7.5034e-04	9.9024e-01	9.0096e-03	1.1755e-36	5.7595e-01	4.2405e-01	8.6457e-07	1.1755e-36	1.1755e-36	1.1755e-36	4.7147e-18	0.00e+00	0.00e+00	1.8996e+01
1.47881e+16	6.8109e+03	1.764e-16	1.2916e+04	5.9583e+03	5.1197e-10	5.3942e-01	4.6058e-01	9.9885e-01	1.1547e-03	1.1209e-12	1.7797e-11	7.2319e-04	9.9077e-01	8.5055e-03	1.1755e-36	5.9507e-01	4.0493e-01	7.7092e-07	1.1755e-36	1.1755e-36	1.1755e-36	5.3856e-18	0.00e+00	0.00e+00	1.9402e+01
1.47958e+16	6.7330e+03	1.671e-16	1.2916e+04	5.7637e+03	5.8887e-10	5.5523e-01	4.4477e-01	9.9886e-01	1.1417e-03	1.1296e-12	1.9077e-11	7.0225e-04	9.9119e-01	8.1106e-03	1.1755e-36	6.1047e-01	3.8953e-01	7.0352e-07	1.1755e-36	1.1755e-36	1.1755e-36	5.9971e-18	0.00e+00	0.00e+00	1.9679e+01
1.48013e+16	6.6824e+03	1.601e-16	1.2916e+04	5.6126e+03	6.4835e-10	5.6644e-01	4.3356e-01	9.9887e-01	1.1342e-03	1.1410e-12	1.9980e-11	6.8577e-04	9.9147e-01	7.8397e-03	1.1755e-36	6.2130e-01	3.7870e-01	6.5820e-07	1.1755e-36	1.1755e-36	1.1755e-36	6.4391e-18	0.00e+00	0.00e+00	1.9907e+01
1.48066e+16	6.6258e+03	1.533e-16	1.2916e+04	5.4645e+03	7.1722e-10	5.7767e-01	4.2233e-01	9.9887e-01	1.1268e-03	1.1521e-12	2.0921e-11	6.6952e-04	9.9176e-01	7.5732e-03	1.1755e-36	6.3213e-01	3.6787e-01	6.1575e-07	1.1755e-36	1.1755e-36	1.1755e-36	6.9101e-18	0.00e+00	0.00e+00	2.0170e+01
1.48125e+16	6.5561e+03	1.458e-16	1.2916e+04	5.2988e+03	8.0797e-10	5.9042e-01	4.0958e-01	9.9888e-01	1.1180e-03	1.1643e-12	2.2031e-11	6.5150e-04	9.9207e-01	7.2779e-03	1.1755e-36	6.4434e-01	3.5566e-01	5.7107e-07	1.1755e-36	1.1755e-36	1.1755e-36	7.4789e-18	0.00e+00	0.00e+00	2.0468e+01
1.48186e+16	6.4898e+03	1.383e-16	1.2916e+04	5.1305e+03	9.0940e-10	6.0343e-01	3.9657e-01	9.9889e-01	1.1105e-03	1.1797e-12	2.3204e-11	6.3294e-04	9.9238e-01	6.9827e-03	1.1755e-36	6.5674e-01	3.4326e-01	5.2817e-07	1.1755e-36	1.1755e-36	1.1755e-36	8.1023e-18	0.00e+00	0.00e+00	2.0767e+01
1.48245e+16	6.4159e+03	1.313e-16	1.2916e+04	4.9679e+03	1.0292e-09	6.1617e-01	3.8383e-01	9.9890e-01	1.1036e-03	1.1951e-12	2.4399e-11	6.1506e-04	9.9268e-01	6.7013e-03	1.1755e-36	6.6880e-01	3.3120e-01	4.8961e-07	1.1755e-36	1.1755e-36	1.1755e-36	8.7520e-18	0.00e+00	0.00e+00	2.1056e+01
1.48302e+16	6.3435e+03	1.247e-16	1.2916e+04	4.8156e+03	1.1615e-09	6.2845e-01	3.7155e-01	9.9890e-01	1.0972e-03	1.2101e-12	2.5609e-11	5.9827e-04	9.9297e-01	6.4351e-03	1.1755e-36	6.8037e-01	3.1963e-01	4.5484e-07	1.1755e-36	1.1755e-36	1.1755e-36	9.4335e-18	0.00e+00	0.00e+00	2.1339e+01
1.48356e+16	6.2734e+03	1.184e-16	1.2916e+04	4.6639e+03	1.3059e-09	6.4012e-01	3.5988e-01	9.9891e-01	1.0925e-03	1.2286e-12	2.6763e-11	5.8141e-04	9.9323e-01	6.1879e-03	1.1755e-36	6.9130e-01	3.0870e-01	4.2357e-07	1.1755e-36	1.1755e-36	1.1755e-36	1.0094e-17	0.00e+00	0.00e+00	2.1623e+01
1.48411e+16	6.2007e+03	1.122e-16	1.2916e+04	4.5134e+03	1.4735e-09	6.5186e-01	3.4814e-01	9.9891e-01	1.0880e-03	1.2482e-12	2.7968e-11	5.6462e-04	9.9349e-01	5.9439e-03	1.1755e-36	7.0225e-01	2.9775e-01	3.9402e-07	1.1755e-36	1.1755e-36	1.1755e-36	1.0804e-17	0.00e+00	0.00e+00	2.1917e+01
1.48466e+16	6.1327e+03	1.060e-16	1.2916e+04	4.3576e+03	1.6546e-09	6.6314e-01	3.3686e-01	9.9891e-01	1.0860e-03	1.2742e-12	2.9097e-11	5.4700e-04	9.9374e-01	5.7136e-03	1.1755e-36	7.1271e-01	2.8729e-01	3.6678e-07	1.1755e-36	1.1755e-36	1.1755e-36	1.1475e-17	0.00e+00	0.00e+00	2.2215e+01
1.48522e+16	6.0475e+03	1.001e-16	1.2916e+04	4.2065e+03	1.8955e-09	6.7518e-01	3.2482e-01	9.9892e-01	1.0817e-03	1.2956e-12	3.0426e-11	5.3017e-04	9.9400e-01	5.4732e-03	1.1755e-36	7.2382e-01	2.7618e-01	3.4024e-07	1.1755e-36	1.1755e-36	1.1755e-36	1.2298e-17	0.00e+00	0.00e+00	2.2527e+01
1.48577e+16	5.9695e+03	9.446e-17	1.2916e+04	4.0569e+03	2.1534e-09	6.8641e-01	3.1359e-01	9.9892e-01	1.0799e-03	1.3228e-12	3.1649e-11	5.1322e-04	9.9423e-01	5.2524e-03	1.1755e-36	7.3414e-01	2.6586e-01	3.1650e-07	1.1755e-36	1.1755e-36	1.1755e-36	1.3068e-17	0.00e+00	0.00e+00	2.2826e+01
1.48631e+16	5.8891e+03	8.916e-17	1.2916e+04	3.9144e+03	2.4526e-09	6.9739e-01	3.0261e-01	9.9892e-01	1.0780e-03	1.3492e-12	3.2908e-11	4.9710e-04	9.9446e-01	5.0404e-03	1.1755e-36	7.4418e-01	2.5582e-01	2.9471e-07	1.1755e-36	1.1755e-36	1.1755e-36	1.3889e-17	0.00e+00	0.00e+00	2.3127e+01
1.48683e+16	5.8012e+03	8.410e-17	1.2916e+04	3.7760e+03	2.8205e-09	7.0845e-01	2.9155e-01	9.9892e-01	1.0752e-03	1.3742e-12	3.4259e-11	4.8153e-04	9.9469e-01	4.8313e-03	1.1755e-36	7.5424e-01	2.4576e-01	2.7422e-07	1.1755e-36	1.1755e-36	1.1755e-36	1.4805e-17	0.00e+00	0.00e+00	2.3432e+01
1.48735e+16	5.7165e+03	7.929e-17	1.2916e+04	3.6402e+03	3.2324e-09	7.1895e-01	2.8105e-01	9.9893e-01	1.0740e-03	1.4029e-12	3.5556e-11	4.6610e-04	9.9490e-01	4.6357e-03	1.1755e-36	7.6375e-01	2.3625e-01	2.5562e-07	1.1755e-36	1.1755e-36	1.1755e-36	1.5712e-17	0.00e+00	0.00e+00	2.3732e+01
1.48787e+16	5.6303e+03	7.472e-17	1.2916e+04	3.5082e+03	3.7142e-09	7.2919e-01	2.7081e-01	9.9893e-01	1.0732e-03	1.4327e-12	3.6879e-11	4.5105e-04	9.9510e-01	4.4482e-03	1.1755e-36	7.7298e-01	2.2702e-01	2.3842e-07	1.1755e-36	1.1755e-36	1.1755e-36	1.6675e-17	0.00e+00	0.00e+00	2.4036e+01
1.48838e+16	5.5414e+03	7.033e-17	1.2916e+04	3.3780e+03	4.2873e-09	7.3928e-01	2.6072e-01	9.9893e-01	1.0727e-03	1.4642e-12	3.8244e-11	4.3618e-04	9.9530e-01	4.2663e-03	1.1755e-36	7.8204e-01	2.1796e-01	2.2231e-07	1.1755e-36	1.1755e-36	1.1755e-36	1.7715e-17	0.00e+00	0.00e+00	2.4344e+01
1.48889e+16	5.4503e+03	6.614e-17	1.2916e+04	3.2505e+03	4.9696e-09	7.4917e-01	2.5083e-01	9.9893e-01	1.0725e-03	1.4972e-12	3.9658e-11	4.2158e-04	9.9549e-01	4.0909e-03	1.1755e-36	7.9088e-01	2.0912e-01	2.0731e-07	1.1755e-36	1.1755e-36	1.1755e-36	1.8850e-17	0.00e+00	0.00e+00	2.4653e+01
1.48939e+16	5.3575e+03	6.217e-17	1.2916e+04	3.1263e+03	5.7816e-09	7.5880e-01	2.4120e-01	9.9893e-01	1.0726e-03	1.5315e-12	4.1127e-11	4.0734e-04	9.9567e-01	3.9230e-03	1.1755e-36	7.9945e-01	2.0055e-01	1.9341e-07	1.1755e-36	1.1755e-36	1.1755e-36	2.0101e-17	0.00e+00	0.00e+00	2.4963e+01
1.48989e+16	5.2629e+03	5.842e-17	1.2916e+04	3.0057e+03	6.7510e-09	7.6814e-01	2.3186e-01	9.9893e-01	1.0731e-03	1.5671e-12	4.2668e-11	3.9348e-04	9.9584e-01	3.7625e-03	1.1755e-36	8.0774e-01	1.9226e-01	1.8055e-07	1.1755e-36	1.1755e-36	1.1755e-36	2.1503e-17	0.00e+00	0.00e+00	2.5273e+01
1.49038e+16	5.1633e+03	5.486e-17	1.2916e+04	2.8871e+03	7.9465e-09	7.7723e-01	2.2277e-01	9.9893e-01	1.0738e-03	1.6040e-12	4.4311e-11	3.7988e-04	9.9601e-01	3.6094e-03	1.1755e-36	8.1577e-01	1.8423e-01	1.6866e-07	1.1755e-36	1.1755e-36	1.1755e-36	2.3112e-17	0.00e+00	0.00e+00	2.5584e+01
1.49086e+16	5.0658e+03	5.154e-17	1.2916e+04	2.7742e+03	9.3441e-09	7.8597e-01	2.1403e-01	9.9893e-01	1.0748e-03	1.6418e-12	4.6076e-11	3.6689e-04	9.9617e-01	3.4642e-03	1.1755e-36	8.2347e-01	1.7653e-01	1.5769e-07	1.1755e-36	1.1755e-36	1.1755e-36	2.4981e-17	0.00e+00	0.00e+00	2.5890e+01
1.49134e+16	4.9666e+03	4.843e-17	1.2916e+04	2.6657e+03	1.1021e-08	7.9438e-01	2.0562e-01	9.9892e-01	1.0758e-03	1.6799e-12	4.7993e-11	3.5441e-04	9.9632e-01	3.3220e-03	1.1755e-36	8.3085e-01	1.6915e-01	1.4760e-07	1.1755e-36	1.1755e-36	1.1755e-36	2.7123e-17	0.00e+00	0.00e+00	2.6195e+01
1.49173e+16	4.8900e+03	4.612e-17	1.2916e+04	2.5833e+03	1.2526e-08	8.0079e-01	1.9921e-01	9.9892e-01	1.0770e-03	1.7114e-12	4.9558e-11	3.4491e-04	9.9645e-01	3.2067e-03	1.1755e-36	8.3644e-01	1.6356e-01	1.4022e-07	1.1755e-36	1.1755e-36	1.1755e-36	2.8909e-17	0.00e+00	0.00e+00	2.6396e+01
1.49201e+16	4.8290e+03	4.444e-17	1.2916e+04	2.5213e+03	1.3861e-08	8.0551e-01	1.9449e-01	9.9892e-01	1.0781e-03	1.7359e-12	5.0791e-11	3.3777e-04	9.9654e-01	3.1225e-03	1.1755e-36	8.4055e-01	1.5945e-01	1.3493e-07	1.1755e-36	1.1755e-36	1.1755e-36	3.0398e-17	0.00e+00	0.00e+00	2.6565e+01
1.49227e+16	4.7701e+03	4.288e-17	1.2916e+04	2.4634e+03	1.5294e-08	8.0998e-01	1.9002e-01	9.9892e-01	1.0788e-03	1.7588e-12	5.2045e-11	3.3113e-04	9.9663e-01	3.0433e-03	1.1755e-36	8.4445e-01	1.5555e-01	1.3003e-07	1.1755e-36	1.1755e-36	1.1755e-36	3.1991e-17	0.00e+00	0.00e+00	2.6741e+01
1.49255e+16	4.7058e+03	4.128e-17	1.2916e+04	2.4034e+03	1.7030e-08	8.1471e-01	1.8529e-01	9.9892e-01	1.0793e-03	1.7822e-12	5.3477e-11	3.2428e-04	9.9672e-01	2.9603e-03	1.1755e-36	8.4856e-01	1.5144e-01	1.2501e-07	1.1755e-36	1.1755e-36	1.1755e-36	3.3909e-17	0.00e+00	0.00e+00	2.6930e+01
1.49283e+16	4.6407e+03	3.971e-17	1.2916e+04	2.3429e+03	1.8987e-08	8.1936e-01	1.8064e-01	9.9892e-01	1.0802e-03	1.8078e-12	5.4960e-11	3.1735e-04	9.9680e-01	2.8788e-03	1.1755e-36	8.5259e-01	1.4741e-01	1.2016e-07	1.1755e-36	1.1755e-36	1.1755e-36	3.6009e-17	0.00e+00	0.00e+00	2.7117e+01
1.49310e+16	4.5761e+03	3.823e-17	1.2916e+04	2.2849e+03	2.1151e-08	8.2384e-01	1.7616e-01	9.9892e-01	1.0810e-03	1.8328e-12	5.6500e-11	3.1073e-04	9.9689e-01	2.8005e-03	1.1755e-36	8.5648e-01	1.4352e-01	1.1559e-07	1.1755e-36	1.1755e-36	1.1755e-36	3.8314e-17	0.00e+00	0.00e+00	2.7299e+01
1.49337e+16	4.5121e+03	3.683e-17	1.2916e+04	2.2291e+03	2.3529e-08	8.2816e-01	1.7184e-01	9.9892e-01	1.0819e-03	1.8576e-12	5.8087e-11	3.0438e-04	9.9697e-01	2.7257e-03	1.1755e-36	8.6021e-01	1.3979e-01	1.1131e-07	1.1755e-36	1.1755e-36	1.1755e-36	4.0824e-17	0.00e+00	0.00e+00	2.7478e+01
1.49364e+16	4.4481e+03	3.549e-17	1.2916e+04	2.1750e+03	2.6155e-08	8.3235e-01	1.6765e-01	9.9892e-01	1.0827e-03	1.8823e-12	5.9736e-11	2.9823e-04	9.9705e-01	2.6532e-03	1.1755e-36	8.6383e-01	1.3617e-01	1.0722e-07	1.1755e-36	1.1755e-36	1.1755e-36	4.3579e-17	0.00e+00	0.00e+00	2.7656e+01
1.49390e+16	4.3836e+03	3.421e-17	1.2916e+04	2.1220e+03	2.9072e-08	8.3645e-01	1.6355e-01	9.9892e-01	1.0835e-03	1.9071e-12	6.1462e-11	2.9221e-04	9.9713e-01	2.5826e-03	1.1755e-36	8.6737e-01	1.3263e-01	1.0331e-07	1.1755e-36	1.1755e-36	1.1755e-36	4.6622e-17	0.00e+00	0.00e+00	2.7834e+01
1.49416e+16	4.3184e+03	3.296e-17	1.2916e+04	2.0698e+03	3.2308e-08	8.4050e-01	1.5950e-01	9.9892e-01	1.0843e-03	1.9321e-12	6.3269e-11	2.8632e-04	9.9720e-01	2.5134e-03	1.1755e-36	8.7085e-01	1.2915e-01	9.9541e-08	1.1755e-36	1.1755e-36	1.1755e-36	4.9984e-17	0.00e+00	0.00e+00	2.8012e+01
1.49442e+16	4.2523e+03	3.176e-17	1.2916e+04	2.0184e+03	3.5883e-08	8.4447e-01	1.5553e-01	9.9891e-01	1.0851e-03	1.9573e-12	6.5150e-11	2.8054e-04	9.9727e-01	2.4458e-03	1.1755e-36	8.7426e-01	1.2574e-01	9.5914e-08	1.1755e-36	1.1755e-36	1.1755e-36	5.3675e-17	0.00e+00	0.00e+00	2.8191e+01
1.49468e+16	4.1853e+03	3.059e-17	1.2916e+04	1.9678e+03	3.9817e-08	8.4840e-01	1.5160e-01	9.9891e-01	1.0858e-03	1.9827e-12	6.7108e-11	2.7488e-04	9.9735e-01	2.3793e-03	1.1755e-36	8.7763e-01	1.2237e-01	9.2400e-08	1.1755e-36	1.1755e-36	1.1755e-36	5.7721e-17	0.00e+00	0.00e+00	2.8371e+01
1.49494e+16	4.1167e+03	2.945e-17	1.2916e+04	1.9175e+03	4.4148e-08	8.5231e-01	1.4769e-01	9.9891e-01	1.0865e-03	2.0084e-12	6.9137e-11	2.6927e-04	9.9742e-01	2.3134e-03	1.1755e-36	8.8098e-01	1.1902e-01	8.8974e-08	1.1755e-36	1.1755e-36	1.1755e-36	6.2134e-17	0.00e+00	0.00e+00	2.8555e+01
1.49521e+16	4.0426e+03	2.833e-17	1.2916e+04	1.8659e+03	4.9096e-08	8.5623e-01	1.4377e-01	9.9891e-01	1.0872e-03	2.0351e-12	7.1249e-11	2.6359e-04	9.9749e-01	2.2479e-03	1.1755e-36	8.8434e-01	1.1566e-01	8.5637e-08	1.1755e-36	1.1755e-36	1.1755e-36	6.6996e-17	0.00e+00	0.00e+00	2.8742e+01
1.49547e+16	3.9705e+03	2.724e-17	1.2916e+04	1.8160e+03	5.4180e-08	8.6009e-01	1.3991e-01	9.9891e-01	1.0877e-03	2.0616e-12	7.3316e-11	2.5810e-04	9.9756e-01	2.1836e-03	1.1755e-36	8.8764e-01	1.1236e-01	8.2391e-08	1.1755e-36	1.1755e-36	1.1755e-36	7.1966e-17	0.00e+00	0.00e+00	2.8930e+01
