#depth	Te	Htot	hden	eden	2H_2/H	HI	HII	HeI	HeII	HeIII	CO/C	C1	C2	C3	C4	O1	O2	O3	O4	O5	O6	H2O/O	AV(point)	AV(extend)	Tau912
1.53721e+11	8.4124e+03	3.550e-15	3.5938e+04	3.9028e+04	4.0892e-16	1.0850e-03	9.9892e-01	5.8254e-03	9.8867e-01	5.5011e-03	5.2670e-19	3.2100e-05	9.8534e-02	8.9895e-01	2.4852e-03	2.7458e-04	2.8400e-01	7.1418e-01	1.5469e-03	1.1755e-36	1.1755e-36	4.8434e-27	0.00e+00	0.00e+00	7.5689e-05
9.22326e+11	8.4116e+03	3.549e-15	3.5938e+04	3.9025e+04	4.0898e-16	1.0848e-03	9.9892e-01	5.8250e-03	9.8868e-01	5.4977e-03	5.2608e-19	3.2072e-05	9.8518e-02	8.9896e-01	2.4922e-03	2.7441e-04	2.8390e-01	7.1429e-01	1.5414e-03	1.1755e-36	1.1755e-36	4.8369e-27	0.00e+00	0.00e+00	3.7837e-04
3.99674e+12	8.4098e+03	3.548e-15	3.5938e+04	3.9024e+04	4.0902e-16	1.0842e-03	9.9892e-01	5.8253e-03	9.8871e-01	5.4651e-03	5.2534e-19	3.2022e-05	9.8501e-02	8.9898e-01	2.4900e-03	2.7430e-04	2.8391e-01	7.1430e-01	1.5193e-03	1.1755e-36	1.1755e-36	4.8282e-27	0.00e+00	0.00e+00	1.5885e-03
1.62944e+13	8.4039e+03	3.541e-15	3.5938e+04	3.9024e+04	4.0955e-16	1.0834e-03	9.9892e-01	5.8305e-03	9.8888e-01	5.2885e-03	5.2511e-19	3.1965e-05	9.8549e-02	8.9895e-01	2.4730e-03	2.7446e-04	2.8417e-01	7.1412e-01	1.4339e-03	1.1755e-36	1.1755e-36	4.8183e-27	0.00e+00	0.00e+00	6.4253e-03
3.89221e+13	8.3873e+03	3.518e-15	3.5938e+04	3.9023e+04	4.0653e-16	1.0767e-03	9.9892e-01	5.8227e-03	9.8898e-01	5.1994e-03	5.1636e-19	3.1736e-05	9.8477e-02	8.9903e-01	2.4592e-03	2.7316e-04	2.8425e-01	7.1416e-01	1.3207e-03	1.1755e-36	1.1755e-36	4.6914e-27	0.00e+00	0.00e+00	1.2674e-02
6.83382e+13	8.3653e+03	3.495e-15	3.5938e+04	3.9023e+04	4.0480e-16	1.0706e-03	9.9893e-01	5.8208e-03	9.8926e-01	4.9203e-03	5.0914e-19	3.1581e-05	9.8476e-02	8.9906e-01	2.4286e-03	2.7227e-04	2.8456e-01	7.1398e-01	1.1823e-03	1.1755e-36	1.1755e-36	4.5782e-27	0.00e+00	0.00e+00	2.0752e-02
1.06579e+14	8.3477e+03	3.466e-15	3.5938e+04	3.9022e+04	4.0090e-16	1.0638e-03	9.9894e-01	5.8194e-03	9.8972e-01	4.4636e-03	5.0061e-19	3.1440e-05	9.8481e-02	8.9910e-01	2.3845e-03	2.7142e-04	2.8501e-01	7.1369e-01	1.0202e-03	1.1755e-36	1.1755e-36	4.4453e-27	0.00e+00	0.00e+00	3.1186e-02
1.56292e+14	8.3228e+03	3.435e-15	3.5938e+04	3.9021e+04	3.9744e-16	1.0570e-03	9.9894e-01	5.8245e-03	9.9034e-01	3.8314e-03	4.9191e-19	3.1338e-05	9.8570e-02	8.9907e-01	2.3238e-03	2.7104e-04	2.8586e-01	7.1303e-01	8.3831e-04	1.1755e-36	1.1755e-36	4.2964e-27	0.00e+00	0.00e+00	4.4664e-02
2.20919e+14	8.2963e+03	3.399e-15	3.5938e+04	3.9019e+04	3.9342e-16	1.0499e-03	9.9895e-01	5.8340e-03	9.9110e-01	3.0620e-03	4.8320e-19	3.1261e-05	9.8726e-02	8.9899e-01	2.2497e-03	2.7112e-04	2.8712e-01	7.1196e-01	6.4643e-04	1.1755e-36	1.1755e-36	4.1400e-27	0.00e+00	0.00e+00	6.2067e-02
3.04934e+14	8.2642e+03	3.357e-15	3.5938e+04	3.9017e+04	3.8946e-16	1.0430e-03	9.9896e-01	5.8515e-03	9.9192e-01	2.2309e-03	4.7479e-19	3.1235e-05	9.9010e-02	8.9879e-01	2.1655e-03	2.7199e-04	2.8901e-01	7.1026e-01	4.5899e-04	1.1755e-36	1.1755e-36	3.9724e-27	0.00e+00	0.00e+00	8.4543e-02
4.14154e+14	8.2300e+03	3.310e-15	3.5938e+04	3.9014e+04	3.8474e-16	1.0363e-03	9.9896e-01	5.8774e-03	9.9268e-01	1.4467e-03	4.6681e-19	3.1269e-05	9.9448e-02	8.9844e-01	2.0781e-03	2.7382e-04	2.9162e-01	7.0782e-01	2.9338e-04	1.1755e-36	1.1755e-36	3.7954e-27	0.00e+00	0.00e+00	1.1357e-01
5.56140e+14	8.1898e+03	3.256e-15	3.5938e+04	3.9012e+04	3.8034e-16	1.0309e-03	9.9897e-01	5.9177e-03	9.9327e-01	8.1176e-04	4.6024e-19	3.1409e-05	1.0014e-01	8.9784e-01	1.9915e-03	2.7712e-04	2.9516e-01	7.0440e-01	1.6433e-04	1.1755e-36	1.1755e-36	3.6134e-27	0.00e+00	0.00e+00	1.5112e-01
7.40721e+14	8.1469e+03	3.197e-15	3.5938e+04	3.9010e+04	3.7592e-16	1.0273e-03	9.9897e-01	5.9772e-03	9.9364e-01	3.8210e-04	4.5581e-19	3.1690e-05	1.0116e-01	8.9690e-01	1.9082e-03	2.8231e-04	2.9981e-01	6.9983e-01	7.8325e-05	1.1755e-36	1.1755e-36	3.4330e-27	0.00e+00	0.00e+00	1.9976e-01
9.80677e+14	8.1000e+03	3.133e-15	3.5938e+04	3.9009e+04	3.7140e-16	1.0273e-03	9.9897e-01	6.0672e-03	9.9379e-01	1.4577e-04	4.5407e-19	3.2194e-05	1.0268e-01	8.9547e-01	1.8241e-03	2.9035e-04	3.0595e-01	6.9373e-01	3.0899e-05	1.1755e-36	1.1755e-36	3.2459e-27	0.00e+00	0.00e+00	2.6299e-01
1.29262e+15	8.0520e+03	3.064e-15	3.5938e+04	3.9008e+04	3.6865e-16	1.0330e-03	9.9897e-01	6.2033e-03	9.9375e-01	4.3539e-05	4.5949e-19	3.3036e-05	1.0492e-01	8.9331e-01	1.7324e-03	3.0265e-04	3.1415e-01	6.8554e-01	1.0021e-05	1.1755e-36	1.1755e-36	3.0940e-27	0.00e+00	0.00e+00	3.4564e-01
1.69814e+15	8.0051e+03	2.992e-15	3.5938e+04	3.9006e+04	3.6779e-16	1.0480e-03	9.9895e-01	6.4120e-03	9.9358e-01	9.9236e-06	4.7523e-19	3.4404e-05	1.0827e-01	8.9008e-01	1.6249e-03	3.2165e-04	3.2535e-01	6.7432e-01	2.9122e-06	1.1755e-36	1.1755e-36	2.9778e-27	0.00e+00	0.00e+00	4.5465e-01
2.22533e+15	7.9654e+03	2.922e-15	3.5938e+04	3.9004e+04	3.7148e-16	1.0779e-03	9.9892e-01	6.7371e-03	9.9326e-01	1.7322e-06	5.1144e-19	3.6615e-05	1.1332e-01	8.8515e-01	1.4948e-03	3.5152e-04	3.4101e-01	6.5864e-01	1.0461e-06	1.1755e-36	1.1755e-36	2.9534e-27	0.00e+00	0.00e+00	6.0041e-01
2.91066e+15	7.9330e+03	2.858e-15	3.5938e+04	3.9000e+04	3.8685e-16	1.1337e-03	9.9887e-01	7.2625e-03	9.9274e-01	2.4348e-07	5.9064e-19	4.0278e-05	1.2123e-01	8.7740e-01	1.3351e-03	4.0077e-04	3.6369e-01	6.3591e-01	6.1768e-07	1.1755e-36	1.1755e-36	3.1214e-27	0.00e+00	0.00e+00	7.9970e-01
3.80160e+15	7.9271e+03	2.806e-15	3.5938e+04	3.8992e+04	4.2206e-16	1.2343e-03	9.9877e-01	8.1521e-03	9.9185e-01	2.9633e-08	7.6538e-19	4.6585e-05	1.3408e-01	8.6473e-01	1.1419e-03	4.8644e-04	3.9754e-01	6.0197e-01	4.6381e-07	1.1755e-36	1.1755e-36	3.6961e-27	0.00e+00	0.00e+00	1.0818e+00
4.71713e+15	7.9341e+03	2.773e-15	3.5938e+04	3.8982e+04	4.6232e-16	1.3656e-03	9.9863e-01	9.3264e-03	9.9067e-01	4.5522e-09	1.0125e-18	5.4797e-05	1.5029e-01	8.4869e-01	9.6291e-04	6.0315e-04	4.3718e-01	5.6222e-01	3.6819e-07	1.1755e-36	1.1755e-36	4.4050e-27	0.00e+00	0.00e+00	1.3371e+00
5.38553e+15	7.9864e+03	2.767e-15	3.5938e+04	3.8974e+04	4.9382e-16	1.4942e-03	9.9851e-01	1.0498e-02	9.8950e-01	1.4440e-09	1.2939e-18	6.2793e-05	1.6550e-01	8.3359e-01	8.4255e-04	7.2142e-04	4.7148e-01	5.2780e-01	3.1011e-07	1.1755e-36	1.1755e-36	5.2182e-27	0.00e+00	0.00e+00	1.5110e+00
5.85481e+15	8.0346e+03	2.777e-15	3.5938e+04	3.8965e+04	5.4279e-16	1.6151e-03	9.9838e-01	1.1611e-02	9.8839e-01	7.0501e-10	1.6592e-18	7.0349e-05	1.7927e-01	8.1990e-01	7.5651e-04	8.3534e-04	5.0016e-01	4.9901e-01	2.6863e-07	1.1755e-36	1.1755e-36	6.5264e-27	0.00e+00	0.00e+00	1.6669e+00
6.34431e+15	8.0918e+03	2.795e-15	3.5938e+04	3.8953e+04	6.0289e-16	1.7746e-03	9.9823e-01	1.3121e-02	9.8688e-01	3.4948e-10	2.2190e-18	8.0413e-05	1.9710e-01	8.0216e-01	6.6414e-04	9.9172e-04	5.3454e-01	4.6447e-01	2.2646e-07	1.1755e-36	1.1755e-36	8.3565e-27	0.00e+00	0.00e+00	1.8898e+00
6.87096e+15	8.1560e+03	2.826e-15	3.5938e+04	3.8938e+04	7.0504e-16	1.9852e-03	9.9801e-01	1.5225e-02	9.8477e-01	1.7810e-10	3.2015e-18	9.3782e-05	2.2029e-01	7.7905e-01	5.6969e-04	1.2093e-03	5.7584e-01	4.2295e-01	1.8418e-07	1.1755e-36	1.1755e-36	1.1828e-26	0.00e+00	0.00e+00	2.1150e+00
7.31083e+15	8.2453e+03	2.856e-15	3.5938e+04	3.8922e+04	8.0681e-16	2.2041e-03	9.9780e-01	1.7595e-02	9.8240e-01	1.0824e-10	4.5069e-18	1.0790e-04	2.4436e-01	7.5504e-01	4.9347e-04	1.4489e-03	6.1494e-01	3.8361e-01	1.5057e-07	1.1755e-36	1.1755e-36	1.6442e-26	0.00e+00	0.00e+00	2.3049e+00
7.65780e+15	8.3196e+03	2.887e-15	3.5938e+04	3.8910e+04	9.5293e-16	2.4184e-03	9.9758e-01	2.0124e-02	9.7988e-01	7.5678e-11	6.3707e-18	1.2172e-04	2.6765e-01	7.3180e-01	4.3255e-04	1.6934e-03	6.4937e-01	3.4893e-01	1.1755e-36	1.1755e-36	1.1755e-36	2.4080e-26	0.00e+00	0.00e+00	2.4773e+00
7.96404e+15	8.3734e+03	2.921e-15	3.5938e+04	3.8890e+04	1.0693e-15	2.6521e-03	9.9735e-01	2.3032e-02	9.7697e-01	5.6168e-11	8.4112e-18	1.3720e-04	2.9285e-01	7.0664e-01	3.7733e-04	1.9681e-03	6.8259e-01	3.1544e-01	1.1755e-36	1.1755e-36	1.1755e-36	3.0730e-26	0.00e+00	0.00e+00	2.6569e+00
8.25823e+15	8.4486e+03	2.954e-15	3.5938e+04	3.8873e+04	1.2623e-15	2.9153e-03	9.9708e-01	2.6673e-02	9.7333e-01	4.2954e-11	1.1842e-17	1.5435e-04	3.2093e-01	6.7859e-01	3.2569e-04	2.2896e-03	7.1645e-01	2.8126e-01	1.1755e-36	1.1755e-36	1.1755e-36	4.4549e-26	0.00e+00	0.00e+00	2.8487e+00
8.53993e+15	8.5068e+03	2.993e-15	3.5938e+04	3.8840e+04	1.4334e-15	3.2277e-03	9.9677e-01	3.1285e-02	9.6872e-01	3.3572e-11	1.5929e-17	1.7489e-04	3.5361e-01	6.4594e-01	2.7587e-04	2.6797e-03	7.5110e-01	2.4622e-01	1.1755e-36	1.1755e-36	1.1755e-36	5.7643e-26	0.00e+00	0.00e+00	3.0489e+00
8.79749e+15	8.5820e+03	3.032e-15	3.5938e+04	3.8818e+04	1.7633e-15	3.5692e-03	9.9643e-01	3.7181e-02	9.6282e-01	2.7116e-11	2.3354e-17	1.9704e-04	3.8885e-01	6.1072e-01	2.3157e-04	3.1188e-03	7.8431e-01	2.1257e-01	1.1755e-36	1.1755e-36	1.1755e-36	8.9827e-26	0.00e+00	0.00e+00	3.2448e+00
9.02633e+15	8.6297e+03	3.074e-15	3.5938e+04	3.8772e+04	1.9956e-15	3.9476e-03	9.9605e-01	4.4355e-02	9.5565e-01	2.2418e-11	3.0771e-17	2.2131e-04	4.2673e-01	5.7285e-01	1.9195e-04	3.6120e-03	8.1514e-01	1.8125e-01	1.1755e-36	1.1755e-36	1.1755e-36	1.1300e-25	0.00e+00	0.00e+00	3.4381e+00
9.23218e+15	8.6821e+03	3.115e-15	3.5938e+04	3.8730e+04	2.3612e-15	4.3562e-03	9.9564e-01	5.3499e-02	9.4650e-01	1.8880e-11	4.2240e-17	2.4696e-04	4.6646e-01	5.3313e-01	1.5731e-04	4.1532e-03	8.4340e-01	1.5244e-01	1.1755e-36	1.1755e-36	1.1755e-36	1.5672e-25	0.00e+00	0.00e+00	3.6317e+00
9.42186e+15	8.7282e+03	3.158e-15	3.5938e+04	3.8682e+04	2.9005e-15	4.8121e-03	9.9519e-01	6.5650e-02	9.3435e-01	1.6017e-11	5.9854e-17	2.7489e-04	5.0915e-01	4.9045e-01	1.2625e-04	4.7630e-03	8.6967e-01	1.2557e-01	1.1755e-36	1.1755e-36	1.1755e-36	2.3254e-25	0.00e+00	0.00e+00	3.8321e+00
9.57421e+15	8.7827e+03	3.196e-15	3.5938e+04	3.8633e+04	3.3438e-15	5.2398e-03	9.9476e-01	7.9894e-02	9.2011e-01	1.3843e-11	7.8212e-17	3.0026e-04	5.4841e-01	4.5119e-01	1.0268e-04	5.3429e-03	8.9097e-01	1.0369e-01	1.1755e-36	1.1755e-36	1.1755e-36	3.0725e-25	0.00e+00	0.00e+00	3.9762e+00
9.67671e+15	8.8041e+03	3.222e-15	3.5938e+04	3.8561e+04	3.6382e-15	5.5795e-03	9.9442e-01	9.2752e-02	9.0725e-01	1.2465e-11	9.2044e-17	3.1952e-04	5.7809e-01	4.2150e-01	8.7049e-05	5.8034e-03	9.0526e-01	8.8941e-02	1.1755e-36	1.1755e-36	1.1755e-36	3.5271e-25	0.00e+00	0.00e+00	4.0823e+00
9.75765e+15	8.8267e+03	3.242e-15	3.5938e+04	3.8514e+04	4.0657e-15	5.8755e-03	9.9412e-01	1.0608e-01	8.9392e-01	1.1450e-11	1.1008e-16	3.3606e-04	6.0308e-01	3.9651e-01	7.5117e-05	6.2058e-03	9.1626e-01	7.7535e-02	1.1755e-36	1.1755e-36	1.1755e-36	4.3377e-25	0.00e+00	0.00e+00	4.1864e+00
9.84745e+15	8.8464e+03	3.263e-15	3.5938e+04	3.8447e+04	4.5557e-15	6.2428e-03	9.9376e-01	1.2510e-01	8.7490e-01	1.0298e-11	1.3271e-16	3.5541e-04	6.3226e-01	3.6732e-01	6.2380e-05	6.7037e-03	9.2802e-01	6.5277e-02	1.1755e-36	1.1755e-36	1.1755e-36	5.2935e-25	0.00e+00	0.00e+00	4.3302e+00
9.94069e+15	8.8737e+03	3.288e-15	3.5938e+04	3.8374e+04	5.1868e-15	6.6614e-03	9.9334e-01	1.5222e-01	8.4778e-01	8.9628e-12	1.6372e-16	3.7632e-04	6.6406e-01	3.3552e-01	5.0315e-05	7.2724e-03	9.3989e-01	5.2839e-02	1.1755e-36	1.1755e-36	1.1755e-36	6.6993e-25	0.00e+00	0.00e+00	4.4587e+00
1.00126e+16	8.8899e+03	3.307e-15	3.5938e+04	3.8279e+04	5.7763e-15	7.0236e-03	9.9298e-01	1.8143e-01	8.1857e-01	7.9276e-12	1.9368e-16	3.9335e-04	6.9015e-01	3.0941e-01	4.1524e-05	7.7645e-03	9.4886e-01	4.3378e-02	1.1755e-36	1.1755e-36	1.1755e-36	8.0672e-25	0.00e+00	0.00e+00	4.5523e+00
1.00649e+16	8.9007e+03	3.317e-15	3.5938e+04	3.8178e+04	6.2963e-15	7.3088e-03	9.9269e-01	2.0913e-01	7.9087e-01	7.1658e-12	2.2057e-16	4.0585e-04	7.0959e-01	2.8997e-01	3.5479e-05	8.1518e-03	9.5512e-01	3.6724e-02	1.1755e-36	1.1755e-36	1.1755e-36	9.3441e-25	0.00e+00	0.00e+00	4.6285e+00
1.01105e+16	8.9123e+03	3.323e-15	3.5938e+04	3.8075e+04	6.8139e-15	7.5731e-03	9.9243e-01	2.3900e-01	7.6100e-01	6.4732e-12	2.4832e-16	4.1665e-04	7.2647e-01	2.7309e-01	3.0526e-05	8.5096e-03	9.6028e-01	3.1209e-02	1.1755e-36	1.1755e-36	1.1755e-36	1.0712e-24	0.00e+00	0.00e+00	4.7061e+00
1.01624e+16	8.9229e+03	3.327e-15	3.5938e+04	3.7950e+04	7.5291e-15	7.9018e-03	9.9210e-01	2.8168e-01	7.1832e-01	5.6595e-12	2.8706e-16	4.2894e-04	7.4549e-01	2.5405e-01	2.5238e-05	8.9511e-03	9.6574e-01	2.5312e-02	1.1755e-36	1.1755e-36	1.1755e-36	1.2712e-24	0.00e+00	0.00e+00	4.8114e+00
1.02164e+16	8.9364e+03	3.327e-15	3.5938e+04	3.7785e+04	8.2858e-15	8.2625e-03	9.9174e-01	3.3880e-01	6.6120e-01	4.6561e-12	3.3097e-16	4.4114e-04	7.6452e-01	2.3502e-01	2.0385e-05	9.4335e-03	9.7096e-01	1.9611e-02	1.1755e-36	1.1755e-36	1.1755e-36	1.4897e-24	0.00e+00	0.00e+00	4.9038e+00
1.02592e+16	8.9440e+03	3.322e-15	3.5938e+04	3.7597e+04	8.9845e-15	8.5629e-03	9.9144e-01	3.9739e-01	6.0261e-01	3.8668e-12	3.7222e-16	4.4977e-04	7.7897e-01	2.2056e-01	1.6890e-05	9.8336e-03	9.7473e-01	1.5435e-02	1.1755e-36	1.1755e-36	1.1755e-36	1.6979e-24	0.00e+00	0.00e+00	4.9746e+00
1.02933e+16	8.9443e+03	3.313e-15	3.5938e+04	3.7406e+04	9.6891e-15	8.8142e-03	9.9119e-01	4.5334e-01	5.4666e-01	3.2695e-12	4.1264e-16	4.5563e-04	7.8972e-01	2.0981e-01	1.4347e-05	1.0166e-02	9.7738e-01	1.2453e-02	1.1755e-36	1.1755e-36	1.1755e-36	1.9151e-24	0.00e+00	0.00e+00	5.0379e+00
1.03297e+16	8.9515e+03	3.296e-15	3.5938e+04	3.7198e+04	1.0400e-14	9.1018e-03	9.9090e-01	5.2100e-01	4.7900e-01	2.6307e-12	4.5676e-16	4.6176e-04	8.0018e-01	1.9934e-01	1.1862e-05	1.0542e-02	9.7978e-01	9.6809e-03	1.1755e-36	1.1755e-36	1.1755e-36	2.1357e-24	0.00e+00	0.00e+00	5.1228e+00
1.03769e+16	8.9505e+03	3.275e-15	3.5938e+04	3.6931e+04	1.1680e-14	9.5111e-03	9.9049e-01	6.1807e-01	3.8193e-01	1.8523e-12	5.3255e-16	4.6865e-04	8.1203e-01	1.8749e-01	9.0892e-06	1.1068e-02	9.8218e-01	6.7476e-03	1.1755e-36	1.1755e-36	1.1755e-36	2.5632e-24	0.00e+00	0.00e+00	5.2382e+00
1.04252e+16	8.9502e+03	3.248e-15	3.5938e+04	3.6613e+04	1.3079e-14	9.9434e-03	9.9006e-01	7.2197e-01	2.7803e-01	1.1527e-12	6.1720e-16	4.7366e-04	8.2177e-01	1.7775e-01	6.8153e-06	1.1619e-02	9.8394e-01	4.4419e-03	1.1755e-36	1.1755e-36	1.1755e-36	3.0443e-24	0.00e+00	0.00e+00	5.3353e+00
1.04659e+16	8.9458e+03	3.220e-15	3.5938e+04	3.6263e+04	1.3868e-14	1.0317e-02	9.8968e-01	8.0184e-01	1.9816e-01	7.2444e-13	6.6607e-16	4.7561e-04	8.2802e-01	1.7150e-01	5.2511e-06	1.2090e-02	9.8487e-01	3.0360e-03	1.1755e-36	1.1755e-36	1.1755e-36	3.2188e-24	0.00e+00	0.00e+00	5.4251e+00
1.05100e+16	8.9441e+03	3.202e-15	3.5938e+04	3.6012e+04	1.5420e-14	1.0786e-02	9.8921e-01	8.7021e-01	1.2979e-01	4.2085e-13	7.5582e-16	4.7868e-04	8.3371e-01	1.6581e-01	3.8639e-06	1.2673e-02	9.8534e-01	1.9895e-03	1.1755e-36	1.1755e-36	1.1755e-36	3.7672e-24	0.00e+00	0.00e+00	5.5473e+00
1.05674e+16	8.9423e+03	3.200e-15	3.5938e+04	3.5815e+04	1.8729e-14	1.1479e-02	9.8852e-01	9.2906e-01	7.0935e-02	1.9679e-13	9.3978e-16	4.8329e-04	8.3987e-01	1.5964e-01	2.5470e-06	1.3528e-02	9.8533e-01	1.1413e-03	1.1755e-36	1.1755e-36	1.1755e-36	5.2325e-24	0.00e+00	0.00e+00	5.7163e+00
1.06421e+16	8.9510e+03	3.218e-15	3.5938e+04	3.5646e+04	2.2712e-14	1.2505e-02	9.8750e-01	9.6850e-01	3.1503e-02	7.2587e-14	1.1642e-15	4.8911e-04	8.4659e-01	1.5292e-01	1.4538e-06	1.4785e-02	9.8466e-01	5.5402e-04	1.1755e-36	1.1755e-36	1.1755e-36	7.1102e-24	0.00e+00	0.00e+00	5.9557e+00
1.07391e+16	8.9561e+03	3.268e-15	3.5938e+04	3.5520e+04	2.9741e-14	1.4128e-02	9.8587e-01	9.8853e-01	1.1468e-02	2.1414e-14	1.5524e-15	4.9744e-04	8.5488e-01	1.4463e-01	6.8643e-07	1.6769e-02	9.8301e-01	2.2012e-04	1.1755e-36	1.1755e-36	1.1755e-36	1.0874e-23	0.00e+00	0.00e+00	6.3072e+00
1.08652e+16	8.9685e+03	3.351e-15	3.5938e+04	3.5407e+04	4.3531e-14	1.6863e-02	9.8314e-01	9.9641e-01	3.5863e-03	5.3433e-15	2.3243e-15	5.0883e-04	8.6592e-01	1.3357e-01	2.5258e-07	2.0111e-02	9.7982e-01	6.8716e-05	1.1755e-36	1.1755e-36	1.1755e-36	1.9885e-23	0.00e+00	0.00e+00	6.8527e+00
1.09924e+16	8.9720e+03	3.461e-15	3.5938e+04	3.5281e+04	6.8276e-14	2.0793e-02	9.7921e-01	9.9870e-01	1.2965e-03	1.5912e-15	3.7096e-15	5.2080e-04	8.7803e-01	1.2145e-01	1.1755e-36	2.4913e-02	9.7507e-01	2.1346e-05	1.1755e-36	1.1755e-36	1.1755e-36	4.0080e-23	0.00e+00	0.00e+00	7.3811e+00
1.10904e+16	8.9685e+03	3.551e-15	3.5938e+04	3.5105e+04	1.0345e-13	2.5201e-02	9.7480e-01	9.9931e-01	6.8854e-04	7.5387e-16	5.6765e-15	5.2955e-04	8.8854e-01	1.1093e-01	1.1755e-36	3.0299e-02	9.6969e-01	8.9200e-06	1.1755e-36	1.1755e-36	1.1755e-36	7.5829e-23	0.00e+00	0.00e+00	7.8611e+00
1.11712e+16	8.9504e+03	3.624e-15	3.5938e+04	3.4892e+04	1.5397e-13	3.0290e-02	9.6971e-01	9.9956e-01	4.3766e-04	4.3877e-16	8.4590e-15	5.3680e-04	8.9818e-01	1.0128e-01	1.1755e-36	3.6518e-02	9.6348e-01	4.3350e-06	1.1755e-36	1.1755e-36	1.1755e-36	1.3723e-22	0.00e+00	0.00e+00	8.3948e+00
1.12479e+16	8.9181e+03	3.696e-15	3.5938e+04	3.4648e+04	2.4469e-13	3.7069e-02	9.6293e-01	9.9971e-01	2.9165e-04	2.6941e-16	1.3395e-14	5.4377e-04	9.0826e-01	9.1196e-02	1.1755e-36	4.4791e-02	9.5521e-01	2.1547e-06	1.1755e-36	1.1755e-36	1.1755e-36	2.7523e-22	0.00e+00	0.00e+00	9.0313e+00
1.13191e+16	8.8723e+03	3.757e-15	3.5938e+04	3.4319e+04	4.0767e-13	4.6217e-02	9.5378e-01	9.9980e-01	2.0024e-04	1.7225e-16	2.2075e-14	5.4944e-04	9.1856e-01	8.0890e-02	1.1755e-36	5.5930e-02	9.4407e-01	1.1022e-06	1.1755e-36	1.1755e-36	1.1755e-36	5.8648e-22	0.00e+00	0.00e+00	9.7318e+00
1.13793e+16	8.8163e+03	3.796e-15	3.5938e+04	3.3906e+04	6.8434e-13	5.7723e-02	9.4228e-01	9.9986e-01	1.4372e-04	1.1701e-16	3.6386e-14	5.5287e-04	9.2820e-01	7.1249e-02	1.1755e-36	6.9890e-02	9.3011e-01	6.0725e-07	1.1755e-36	1.1755e-36	1.1755e-36	1.2498e-21	0.00e+00	0.00e+00	1.0435e+01
1.14277e+16	8.7542e+03	3.806e-15	3.5938e+04	3.3416e+04	1.1228e-12	7.1294e-02	9.2871e-01	9.9989e-01	1.0825e-04	8.4688e-17	5.8259e-14	5.5372e-04	9.3667e-01	6.2772e-02	1.1755e-36	8.6276e-02	9.1372e-01	3.6356e-07	1.1755e-36	1.1755e-36	1.1755e-36	2.5478e-21	0.00e+00	0.00e+00	1.1132e+01
1.14674e+16	8.6863e+03	3.790e-15	3.5938e+04	3.2877e+04	1.8086e-12	8.7279e-02	9.1272e-01	9.9992e-01	8.4521e-05	6.4185e-17	9.1146e-14	5.5259e-04	9.4421e-01	5.5242e-02	1.1755e-36	1.0546e-01	8.9454e-01	2.3025e-07	1.1755e-36	1.1755e-36	1.1755e-36	5.0140e-21	0.00e+00	0.00e+00	1.1850e+01
1.15010e+16	8.6138e+03	3.738e-15	3.5938e+04	3.2203e+04	2.8877e-12	1.0619e-01	8.9381e-01	9.9993e-01	6.7253e-05	5.0087e-17	1.4041e-13	5.4840e-04	9.5093e-01	4.8521e-02	1.1755e-36	1.2798e-01	8.7202e-01	1.5118e-07	1.1755e-36	1.1755e-36	1.1755e-36	9.6476e-21	0.00e+00	0.00e+00	1.2595e+01
1.15297e+16	8.5353e+03	3.652e-15	3.5938e+04	3.1404e+04	4.6118e-12	1.2856e-01	8.7144e-01	9.9995e-01	5.4389e-05	4.0078e-17	2.1496e-13	5.4137e-04	9.5698e-01	4.2482e-02	1.1755e-36	1.5438e-01	8.4562e-01	1.0190e-07	1.1755e-36	1.1755e-36	1.1755e-36	1.8467e-20	0.00e+00	0.00e+00	1.3371e+01
1.15547e+16	8.4489e+03	3.527e-15	3.5938e+04	3.0460e+04	7.2925e-12	1.5495e-01	8.4505e-01	9.9996e-01	4.4752e-05	3.2911e-17	3.2302e-13	5.3120e-04	9.6243e-01	3.7041e-02	1.1755e-36	1.8519e-01	8.1481e-01	6.9939e-08	1.1755e-36	1.1755e-36	1.1755e-36	3.4262e-20	0.00e+00	0.00e+00	1.4190e+01
1.15768e+16	8.3537e+03	3.355e-15	3.5938e+04	2.9284e+04	1.1497e-11	1.8611e-01	8.1389e-01	9.9996e-01	3.7233e-05	2.7624e-17	4.7812e-13	5.1663e-04	9.6735e-01	3.2138e-02	1.1755e-36	2.2109e-01	7.7891e-01	4.8432e-08	1.1755e-36	1.1755e-36	1.1755e-36	6.1993e-20	0.00e+00	0.00e+00	1.5078e+01
1.15972e+16	8.2384e+03	3.137e-15	3.5938e+04	2.7919e+04	1.8485e-11	2.2423e-01	7.7577e-01	9.9997e-01	3.1273e-05	2.3607e-17	7.1084e-13	4.9829e-04	9.7198e-01	2.7523e-02	1.1755e-36	2.6431e-01	7.3569e-01	3.3299e-08	1.1755e-36	1.1755e-36	1.1755e-36	1.1296e-19	0.00e+00	0.00e+00	1.6079e+01
1.16151e+16	8.1081e+03	2.879e-15	3.5938e+04	2.6352e+04	2.9529e-11	2.6765e-01	7.3235e-01	9.9997e-01	2.6476e-05	2.0575e-17	1.0333e-12	4.7578e-04	9.7606e-01	2.3468e-02	1.1755e-36	3.1264e-01	6.8736e-01	2.3209e-08	1.1755e-36	1.1755e-36	1.1755e-36	1.9889e-19	0.00e+00	0.00e+00	1.7056e+01
1.16285e+16	7.9844e+03	2.637e-15	3.5938e+04	2.4892e+04	4.3645e-11	3.0826e-01	6.9174e-01	9.9998e-01	2.3262e-05	1.8698e-17	1.3907e-12	4.5384e-04	9.7912e-01	2.0430e-02	1.1755e-36	3.5700e-01	6.4300e-01	1.7285e-08	1.1755e-36	1.1755e-36	1.1755e-36	3.1167e-19	0.00e+00	0.00e+00	1.7813e+01
1.16376e+16	7.8841e+03	2.447e-15	3.5938e+04	2.3746e+04	5.7996e-11	3.4013e-01	6.5987e-01	9.9998e-01	2.1567e-05	1.7865e-17	1.7086e-12	4.3611e-04	9.8115e-01	1.8412e-02	1.1755e-36	3.9124e-01	6.0876e-01	1.3971e-08	1.1755e-36	1.1755e-36	1.1755e-36	4.2532e-19	0.00e+00	0.00e+00	1.8383e+01
1.16444e+16	7.7934e+03	2.297e-15	3.5938e+04	2.2843e+04	7.2827e-11	3.6677e-01	6.3323e-01	9.9998e-01	2.0542e-05	1.7437e-17	2.0022e-12	4.2194e-04	9.8266e-01	1.6914e-02	1.1755e-36	4.1949e-01	5.8051e-01	1.1801e-08	1.1755e-36	1.1755e-36	1.1755e-36	5.4049e-19	0.00e+00	0.00e+00	1.8892e+01
1.16505e+16	7.7058e+03	2.146e-15	3.5938e+04	2.1907e+04	9.0211e-11	3.9277e-01	6.0723e-01	9.9998e-01	1.9670e-05	1.7174e-17	2.3088e-12	4.0699e-04	9.8399e-01	1.5605e-02	1.1755e-36	4.4674e-01	5.5326e-01	1.0051e-08	1.1755e-36	1.1755e-36	1.1755e-36	6.6979e-19	0.00e+00	0.00e+00	1.9444e+01
1.16565e+16	7.6172e+03	1.991e-15	3.5938e+04	2.0909e+04	1.1133e-10	4.1907e-01	5.8093e-01	9.9998e-01	1.8704e-05	1.6881e-17	2.6368e-12	3.9080e-04	9.8521e-01	1.4398e-02	1.1755e-36	4.7398e-01	5.2602e-01	8.5789e-09	1.1755e-36	1.1755e-36	1.1755e-36	8.1725e-19	0.00e+00	0.00e+00	1.9995e+01
1.16618e+16	7.5258e+03	1.852e-15	3.5938e+04	2.0010e+04	1.3556e-10	4.4403e-01	5.5597e-01	9.9998e-01	1.7903e-05	1.6665e-17	2.9701e-12	3.7610e-04	9.8629e-01	1.3333e-02	1.1755e-36	4.9954e-01	5.0046e-01	7.4205e-09	1.1755e-36	1.1755e-36	1.1755e-36	9.7652e-19	0.00e+00	0.00e+00	2.0484e+01
1.16664e+16	7.4385e+03	1.729e-15	3.5938e+04	1.9195e+04	1.6184e-10	4.6667e-01	5.3333e-01	9.9998e-01	1.7381e-05	1.6664e-17	3.2879e-12	3.6265e-04	9.8720e-01	1.2436e-02	1.1755e-36	5.2248e-01	4.7752e-01	6.5202e-09	1.1755e-36	1.1755e-36	1.1755e-36	1.1360e-18	0.00e+00	0.00e+00	2.0942e+01
1.16706e+16	7.3517e+03	1.615e-15	3.5938e+04	1.8420e+04	1.9146e-10	4.8821e-01	5.1179e-01	9.9998e-01	1.6936e-05	1.6724e-17	3.6033e-12	3.4975e-04	9.8802e-01	1.1635e-02	1.1755e-36	5.4410e-01	4.5590e-01	5.7730e-09	1.1755e-36	1.1755e-36	1.1755e-36	1.3011e-18	0.00e+00	0.00e+00	2.1393e+01
1.16746e+16	7.2637e+03	1.507e-15	3.5938e+04	1.7665e+04	2.2552e-10	5.0919e-01	4.9081e-01	9.9998e-01	1.6530e-05	1.6822e-17	3.9217e-12	3.3709e-04	9.8876e-01	1.0898e-02	1.1755e-36	5.6495e-01	4.3505e-01	5.1326e-09	1.1755e-36	1.1755e-36	1.1755e-36	1.4738e-18	0.00e+00	0.00e+00	2.1841e+01
1.16784e+16	7.1750e+03	1.405e-15	3.5938e+04	1.6938e+04	2.6429e-10	5.2940e-01	4.7060e-01	9.9998e-01	1.6172e-05	1.6967e-17	4.2382e-12	3.2480e-04	9.8945e-01	1.0224e-02	1.1755e-36	5.8487e-01	4.1513e-01	4.5850e-09	1.1755e-36	1.1755e-36	1.1755e-36	1.6508e-18	0.00e+00	0.00e+00	2.2276e+01
1.16813e+16	7.0994e+03	1.329e-15	3.5938e+04	1.6385e+04	3.0023e-10	5.4534e-01	4.5466e-01	9.9998e-01	1.5774e-05	1.6947e-17	4.4972e-12	3.1543e-04	9.8998e-01	9.7057e-03	1.1755e-36	6.0045e-01	3.9955e-01	4.2000e-09	1.1755e-36	1.1755e-36	1.1755e-36	1.7997e-18	0.00e+00	0.00e+00	2.2565e+01
1.16834e+16	7.0488e+03	1.273e-15	3.5938e+04	1.5968e+04	3.2810e-10	5.5661e-01	4.4339e-01	9.9998e-01	1.5728e-05	1.7226e-17	4.6799e-12	3.0829e-04	9.9034e-01	9.3545e-03	1.1755e-36	6.1141e-01	3.8859e-01	3.9425e-09	1.1755e-36	1.1755e-36	1.1755e-36	1.9060e-18	0.00e+00	0.00e+00	2.2802e+01
1.16854e+16	6.9937e+03	1.219e-15	3.5938e+04	1.5556e+04	3.5943e-10	5.6787e-01	4.3213e-01	9.9998e-01	1.5676e-05	1.7499e-17	4.8636e-12	3.0125e-04	9.9068e-01	9.0176e-03	1.1755e-36	6.2229e-01	3.7771e-01	3.7011e-09	1.1755e-36	1.1755e-36	1.1755e-36	2.0134e-18	0.00e+00	0.00e+00	2.3073e+01
1.16877e+16	6.9223e+03	1.161e-15	3.5938e+04	1.5110e+04	4.0155e-10	5.8101e-01	4.1899e-01	9.9998e-01	1.5501e-05	1.7658e-17	5.0892e-12	2.9366e-04	9.9107e-01	8.6343e-03	1.1755e-36	6.3493e-01	3.6507e-01	3.4413e-09	1.1755e-36	1.1755e-36	1.1755e-36	2.1484e-18	0.00e+00	0.00e+00	2.3383e+01
1.16900e+16	6.8583e+03	1.101e-15	3.5938e+04	1.4642e+04	4.4596e-10	5.9388e-01	4.0612e-01	9.9998e-01	1.5307e-05	1.7849e-17	5.3049e-12	2.8553e-04	9.9145e-01	8.2664e-03	1.1755e-36	6.4724e-01	3.5276e-01	3.1990e-09	1.1755e-36	1.1755e-36	1.1755e-36	2.2780e-18	0.00e+00	0.00e+00	2.3686e+01
1.16922e+16	6.7925e+03	1.045e-15	3.5938e+04	1.4189e+04	4.9502e-10	6.0634e-01	3.9366e-01	9.9998e-01	1.5187e-05	1.8123e-17	5.5148e-12	2.7765e-04	9.9180e-01	7.9200e-03	1.1755e-36	6.5909e-01	3.4091e-01	2.9801e-09	1.1755e-36	1.1755e-36	1.1755e-36	2.4046e-18	0.00e+00	0.00e+00	2.3985e+01
1.16943e+16	6.7247e+03	9.913e-16	3.5938e+04	1.3745e+04	5.4990e-10	6.1859e-01	3.8141e-01	9.9998e-01	1.5082e-05	1.8422e-17	5.7228e-12	2.6990e-04	9.9214e-01	7.5881e-03	1.1755e-36	6.7068e-01	3.2932e-01	2.7783e-09	1.1755e-36	1.1755e-36	1.1755e-36	2.5304e-18	0.00e+00	0.00e+00	2.4287e+01
1.16965e+16	6.6562e+03	9.390e-16	3.5938e+04	1.3303e+04	6.1098e-10	6.3063e-01	3.6937e-01	9.9998e-01	1.4988e-05	1.8753e-17	5.9261e-12	2.6207e-04	9.9247e-01	7.2692e-03	1.1755e-36	6.8203e-01	3.1797e-01	2.5909e-09	1.1755e-36	1.1755e-36	1.1755e-36	2.6530e-18	0.00e+00	0.00e+00	2.4593e+01
1.16986e+16	6.5826e+03	8.885e-16	3.5938e+04	1.2875e+04	6.8217e-10	6.4293e-01	3.5707e-01	9.9999e-01	1.4885e-05	1.9068e-17	6.1416e-12	2.5462e-04	9.9279e-01	6.9520e-03	1.1755e-36	6.9353e-01	3.0647e-01	2.4129e-09	1.1755e-36	1.1755e-36	1.1755e-36	2.7858e-18	0.00e+00	0.00e+00	2.4904e+01
1.17007e+16	6.5104e+03	8.401e-16	3.5938e+04	1.2449e+04	7.5981e-10	6.5471e-01	3.4529e-01	9.9999e-01	1.4796e-05	1.9424e-17	6.3426e-12	2.4711e-04	9.9310e-01	6.6543e-03	1.1755e-36	7.0450e-01	2.9550e-01	2.2512e-09	1.1755e-36	1.1755e-36	1.1755e-36	2.9076e-18	0.00e+00	0.00e+00	2.5210e+01
1.17028e+16	6.4373e+03	7.940e-16	3.5938e+04	1.2036e+04	8.4646e-10	6.6623e-01	3.3377e-01	9.9999e-01	1.4734e-05	1.9826e-17	6.5395e-12	2.3977e-04	9.9339e-01	6.3696e-03	1.1755e-36	7.1517e-01	2.8483e-01	2.1017e-09	1.1755e-36	1.1755e-36	1.1755e-36	3.0269e-18	0.00e+00	0.00e+00	2.5519e+01
1.17048e+16	6.3633e+03	7.492e-16	3.5938e+04	1.1617e+04	9.4350e-10	6.7744e-01	3.2256e-01	9.9999e-01	1.4691e-05	2.0288e-17	6.7228e-12	2.3225e-04	9.9367e-01	6.0984e-03	1.1755e-36	7.2550e-01	2.7450e-01	1.9634e-09	1.1755e-36	1.1755e-36	1.1755e-36	3.1340e-18	0.00e+00	0.00e+00	2.5832e+01
1.17068e+16	6.2913e+03	7.058e-16	3.5938e+04	1.1208e+04	1.0504e-09	6.8861e-01	3.1139e-01	9.9999e-01	1.4647e-05	2.0773e-17	6.9071e-12	2.2493e-04	9.9394e-01	5.8327e-03	1.1755e-36	7.3575e-01	2.6425e-01	1.8322e-09	1.1755e-36	1.1755e-36	1.1755e-36	3.2433e-18	0.00e+00	0.00e+00	2.6154e+01
1.17089e+16	6.2107e+03	6.640e-16	3.5938e+04	1.0804e+04	1.1791e-09	6.9984e-01	3.0016e-01	9.9999e-01	1.4600e-05	2.1264e-17	7.0939e-12	2.1767e-04	9.9421e-01	5.5718e-03	1.1755e-36	7.4600e-01	2.5400e-01	1.7085e-09	1.1755e-36	1.1755e-36	1.1755e-36	3.3530e-18	0.00e+00	0.00e+00	2.6479e+01
1.17109e+16	6.1292e+03	6.246e-16	3.5938e+04	1.0413e+04	1.3244e-09	7.1073e-01	2.8927e-01	9.9999e-01	1.4560e-05	2.1774e-17	7.2740e-12	2.1062e-04	9.9447e-01	5.3234e-03	1.1755e-36	7.5590e-01	2.4410e-01	1.5949e-09	1.1755e-36	1.1755e-36	1.1755e-36	3.4580e-18	0.00e+00	0.00e+00	2.6799e+01
1.17129e+16	6.0480e+03	5.876e-16	3.5938e+04	1.0036e+04	1.4865e-09	7.2121e-01	2.7879e-01	9.9999e-01	1.4538e-05	2.2324e-17	7.4455e-12	2.0381e-04	9.9471e-01	5.0888e-03	1.1755e-36	7.6538e-01	2.3462e-01	1.4907e-09	1.1755e-36	1.1755e-36	1.1755e-36	3.5571e-18	0.00e+00	0.00e+00	2.7117e+01
1.17148e+16	5.9660e+03	5.524e-16	3.5938e+04	9.6684e+03	1.6701e-09	7.3142e-01	2.6858e-01	9.9999e-01	1.4525e-05	2.2909e-17	7.6110e-12	1.9713e-04	9.9494e-01	4.8645e-03	1.1755e-36	7.7458e-01	2.2542e-01	1.3940e-09	1.1755e-36	1.1755e-36	1.1755e-36	3.6522e-18	0.00e+00	0.00e+00	2.7438e+01
1.17167e+16	5.8820e+03	5.187e-16	3.5938e+04	9.3072e+03	1.8810e-09	7.4145e-01	2.5855e-01	9.9999e-01	1.4515e-05	2.3522e-17	7.7725e-12	1.9055e-04	9.9516e-01	4.6481e-03	1.1755e-36	7.8357e-01	2.1643e-01	1.3033e-09	1.1755e-36	1.1755e-36	1.1755e-36	3.7449e-18	0.00e+00	0.00e+00	2.7763e+01
1.17187e+16	5.7967e+03	4.866e-16	3.5938e+04	8.9540e+03	2.1221e-09	7.5125e-01	2.4875e-01	9.9999e-01	1.4508e-05	2.4167e-17	7.9294e-12	1.8409e-04	9.9538e-01	4.4401e-03	1.1755e-36	7.9232e-01	2.0768e-01	1.2187e-09	1.1755e-36	1.1755e-36	1.1755e-36	3.8356e-18	0.00e+00	0.00e+00	2.8090e+01
1.17206e+16	5.7102e+03	4.562e-16	3.5938e+04	8.6098e+03	2.3982e-09	7.6080e-01	2.3920e-01	9.9999e-01	1.4509e-05	2.4847e-17	8.0829e-12	1.7777e-04	9.9558e-01	4.2409e-03	1.1755e-36	8.0081e-01	1.9919e-01	1.1399e-09	1.1755e-36	1.1755e-36	1.1755e-36	3.9259e-18	0.00e+00	0.00e+00	2.8418e+01
1.17225e+16	5.6184e+03	4.276e-16	3.5938e+04	8.2799e+03	2.7280e-09	7.7030e-01	2.2970e-01	9.9999e-01	1.4500e-05	2.5508e-17	8.2479e-12	1.7175e-04	9.9578e-01	4.0476e-03	1.1755e-36	8.0921e-01	1.9079e-01	1.0658e-09	1.1755e-36	1.1755e-36	1.1755e-36	4.0310e-18	0.00e+00	0.00e+00	2.8748e+01
1.17243e+16	5.5301e+03	4.008e-16	3.5938e+04	7.9594e+03	3.0902e-09	7.7921e-01	2.2079e-01	9.9999e-01	1.4499e-05	2.6218e-17	8.3971e-12	1.6583e-04	9.9597e-01	3.8679e-03	1.1755e-36	8.1707e-01	1.8293e-01	9.9852e-10	1.1755e-36	1.1755e-36	1.1755e-36	4.1266e-18	0.00e+00	0.00e+00	2.9070e+01
1.17261e+16	5.4413e+03	3.757e-16	3.5938e+04	7.6507e+03	3.5027e-09	7.8781e-01	2.1219e-01	9.9999e-01	1.4516e-05	2.6978e-17	8.5466e-12	1.6012e-04	9.9614e-01	3.6976e-03	1.1755e-36	8.2462e-01	1.7538e-01	9.3620e-10	1.1755e-36	1.1755e-36	1.1755e-36	4.2287e-18	0.00e+00	0.00e+00	2.9395e+01
1.17280e+16	5.3514e+03	3.520e-16	3.5938e+04	7.3510e+03	3.9765e-09	7.9615e-01	2.0385e-01	9.9999e-01	1.4530e-05	2.7756e-17	8.6993e-12	1.5456e-04	9.9631e-01	3.5349e-03	1.1755e-36	8.3193e-01	1.6807e-01	8.7803e-10	1.1755e-36	1.1755e-36	1.1755e-36	4.3407e-18	0.00e+00	0.00e+00	2.9719e+01
1.17297e+16	5.2609e+03	3.298e-16	3.5938e+04	7.0622e+03	4.5165e-09	8.0418e-01	1.9582e-01	9.9999e-01	1.4544e-05	2.8556e-17	8.8565e-12	1.4919e-04	9.9647e-01	3.3807e-03	1.1755e-36	8.3893e-01	1.6107e-01	8.2412e-10	1.1755e-36	1.1755e-36	1.1755e-36	4.4655e-18	0.00e+00	0.00e+00	3.0041e+01
1.17315e+16	5.1704e+03	3.091e-16	3.5938e+04	6.7859e+03	5.1274e-09	8.1187e-01	1.8813e-01	9.9999e-01	1.4565e-05	2.9382e-17	9.0206e-12	1.4404e-04	9.9662e-01	3.2353e-03	1.1755e-36	8.4561e-01	1.5439e-01	7.7442e-10	1.1755e-36	1.1755e-36	1.1755e-36	4.6072e-18	0.00e+00	0.00e+00	3.0359e+01
1.17332e+16	5.0799e+03	2.899e-16	3.5938e+04	6.5212e+03	5.8169e-09	8.1923e-01	1.8077e-01	9.9999e-01	1.4591e-05	3.0233e-17	9.1943e-12	1.3909e-04	9.9676e-01	3.0983e-03	1.1755e-36	8.5200e-01	1.4800e-01	7.2845e-10	1.1755e-36	1.1755e-36	1.1755e-36	4.7699e-18	0.00e+00	0.00e+00	3.0674e+01
1.17349e+16	4.9891e+03	2.719e-16	3.5938e+04	6.2673e+03	6.5937e-09	8.2632e-01	1.7368e-01	9.9999e-01	1.4618e-05	3.1100e-17	9.3798e-12	1.3435e-04	9.9690e-01	2.9669e-03	1.1755e-36	8.5812e-01	1.4188e-01	6.8572e-10	1.1755e-36	1.1755e-36	1.1755e-36	4.9545e-18	0.00e+00	0.00e+00	3.0987e+01
1.17365e+16	4.8960e+03	2.551e-16	3.5938e+04	6.0217e+03	7.4674e-09	8.3315e-01	1.6685e-01	9.9999e-01	1.4650e-05	3.1996e-17	9.5473e-12	1.2977e-04	9.9704e-01	2.8301e-03	1.1755e-36	8.6401e-01	1.3599e-01	6.4598e-10	1.1755e-36	1.1755e-36	1.1755e-36	5.1115e-18	0.00e+00	0.00e+00	3.1299e+01
1.17382e+16	4.8028e+03	2.393e-16	3.5938e+04	5.7860e+03	8.4378e-09	8.3970e-01	1.6030e-01	9.9999e-01	1.4683e-05	3.2910e-17	9.7132e-12	1.2537e-04	9.9717e-01	2.7001e-03	1.1755e-36	8.6963e-01	1.3037e-01	6.0909e-10	1.1755e-36	1.1755e-36	1.1755e-36	5.2773e-18	0.00e+00	0.00e+00	3.1607e+01
1.17398e+16	4.7071e+03	2.247e-16	3.5938e+04	5.5581e+03	9.5321e-09	8.4597e-01	1.5403e-01	9.9999e-01	1.4723e-05	3.3858e-17	9.8771e-12	1.2114e-04	9.9730e-01	2.5768e-03	1.1755e-36	8.7500e-01	1.2500e-01	5.7497e-10	1.1755e-36	1.1755e-36	1.1755e-36	5.4519e-18	0.00e+00	0.00e+00	3.1912e+01
1.17413e+16	4.6172e+03	2.111e-16	3.5938e+04	5.3457e+03	1.0656e-08	8.5195e-01	1.4805e-01	9.9999e-01	1.4755e-05	3.4788e-17	1.0034e-11	1.1716e-04	9.9742e-01	2.4602e-03	1.1755e-36	8.8011e-01	1.1989e-01	5.4313e-10	1.1755e-36	1.1755e-36	1.1755e-36	5.6278e-18	0.00e+00	0.00e+00	3.2212e+01
1.17428e+16	4.5243e+03	1.988e-16	3.5938e+04	5.1424e+03	1.1889e-08	8.5753e-01	1.4247e-01	9.9999e-01	1.4791e-05	3.5727e-17	1.0180e-11	1.1339e-04	9.9753e-01	2.3521e-03	1.1755e-36	8.8487e-01	1.1513e-01	5.1446e-10	1.1755e-36	1.1755e-36	1.1755e-36	5.7995e-18	0.00e+00	0.00e+00	3.2498e+01
1.17443e+16	4.4393e+03	1.876e-16	3.5938e+04	4.9572e+03	1.3079e-08	8.6275e-01	1.3725e-01	9.9999e-01	1.4830e-05	3.6655e-17	1.0310e-11	1.0993e-04	9.9764e-01	2.2518e-03	1.1755e-36	8.8930e-01	1.1070e-01	4.8812e-10	1.1755e-36	1.1755e-36	1.1755e-36	5.9562e-18	0.00e+00	0.00e+00	3.2775e+01
1.17458e+16	4.3487e+03	1.765e-16	3.5938e+04	4.7644e+03	1.4369e-08	8.6788e-01	1.3212e-01	9.9999e-01	1.4916e-05	3.7797e-17	1.0416e-11	1.0633e-04	9.9774e-01	2.1541e-03	1.1755e-36	8.9365e-01	1.0635e-01	4.6287e-10	1.1755e-36	1.1755e-36	1.1755e-36	6.0851e-18	0.00e+00	0.00e+00	3.3073e+01
1.17473e+16	4.2535e+03	1.659e-16	3.5938e+04	4.5778e+03	1.5739e-08	8.7310e-01	1.2690e-01	9.9999e-01	1.4939e-05	3.8781e-17	1.0518e-11	1.0289e-04	9.9784e-01	2.0561e-03	1.1755e-36	8.9806e-01	1.0194e-01	4.3810e-10	1.1755e-36	1.1755e-36	1.1755e-36	6.2087e-18	0.00e+00	0.00e+00	3.3370e+01
1.17487e+16	4.1588e+03	1.560e-16	3.5938e+04	4.3989e+03	1.7059e-08	8.7808e-01	1.2192e-01	9.9998e-01	1.4983e-05	3.9832e-17	1.0587e-11	9.9598e-05	9.9794e-01	1.9630e-03	1.1755e-36	9.0226e-01	9.7737e-02	4.1492e-10	1.1755e-36	1.1755e-36	1.1755e-36	6.2848e-18	0.00e+00	0.00e+00	3.3663e+01
1.17502e+16	4.0642e+03	1.468e-16	3.5938e+04	4.2277e+03	1.8288e-08	8.8282e-01	1.1718e-01	9.9998e-01	1.5030e-05	4.0902e-17	1.0619e-11	9.6467e-05	9.9803e-01	1.8747e-03	1.1755e-36	9.0628e-01	9.3718e-02	3.9317e-10	1.1755e-36	1.1755e-36	1.1755e-36	6.3029e-18	0.00e+00	0.00e+00	3.3953e+01
1.17516e+16	3.9695e+03	1.381e-16	3.5938e+04	4.0633e+03	1.9386e-08	8.8740e-01	1.1260e-01	9.9998e-01	1.5079e-05	4.1989e-17	1.0610e-11	9.3478e-05	9.9812e-01	1.7907e-03	1.1755e-36	9.1013e-01	8.9868e-02	3.7284e-10	1.1755e-36	1.1755e-36	1.1755e-36	6.2555e-18	0.00e+00	0.00e+00	3.4241e+01
###########################
1.53721e+11	8.4090e+03	3.550e-15	3.5938e+04	3.9020e+04	3.0421e-16	1.0837e-03	9.9892e-01	5.8166e-03	9.8868e-01	5.5009e-03	3.8504e-19	3.1490e-05	9.8414e-02	8.9906e-01	2.4940e-03	2.7400e-04	2.8385e-01	7.1433e-01	1.5473e-03	1.1755e-36	1.1755e-36	2.5799e-27	0.00e+00	0.00e+00	7.5600e-05
9.22326e+11	8.4084e+03	3.550e-15	3.5938e+04	3.9023e+04	3.0501e-16	1.0836e-03	9.9892e-01	5.8169e-03	9.8869e-01	5.4967e-03	3.8565e-19	3.1447e-05	9.8404e-02	8.9907e-01	2.4981e-03	2.7386e-04	2.8376e-01	7.1443e-01	1.5421e-03	1.1755e-36	1.1755e-36	2.5902e-27	0.00e+00	0.00e+00	3.7795e-04
3.99674e+12	8.4069e+03	3.548e-15	3.5938e+04	3.9024e+04	2.9591e-16	1.0830e-03	9.9892e-01	5.8174e-03	9.8872e-01	5.4640e-03	3.7339e-19	3.1406e-05	9.8389e-02	8.9909e-01	2.4925e-03	2.7371e-04	2.8373e-01	7.1448e-01	1.5200e-03	1.1755e-36	1.1755e-36	2.4288e-27	0.00e+00	0.00e+00	1.5868e-03
1.62944e+13	8.4013e+03	3.542e-15	3.5938e+04	3.9024e+04	2.9238e-16	1.0822e-03	9.9892e-01	5.8233e-03	9.8889e-01	5.2875e-03	3.6877e-19	3.1388e-05	9.8451e-02	8.9904e-01	2.4732e-03	2.7380e-04	2.8390e-01	7.1439e-01	1.4348e-03	1.1755e-36	1.1755e-36	2.3652e-27	0.00e+00	0.00e+00	6.4185e-03
3.89221e+13	8.3858e+03	3.520e-15	3.5938e+04	3.9024e+04	2.9076e-16	1.0752e-03	9.9892e-01	5.8150e-03	9.8899e-01	5.1988e-03	3.6354e-19	3.1191e-05	9.8363e-02	8.9915e-01	2.4587e-03	2.7206e-04	2.8370e-01	7.1471e-01	1.3222e-03	1.1755e-36	1.1755e-36	2.3196e-27	0.00e+00	0.00e+00	1.2659e-02
6.83382e+13	8.3648e+03	3.497e-15	3.5938e+04	3.9023e+04	2.8796e-16	1.0687e-03	9.9893e-01	5.8129e-03	9.8927e-01	4.9201e-03	3.5641e-19	3.1046e-05	9.8344e-02	8.9920e-01	2.4282e-03	2.7079e-04	2.8376e-01	7.1479e-01	1.1841e-03	1.1755e-36	1.1755e-36	2.2417e-27	0.00e+00	0.00e+00	2.0723e-02
1.06579e+14	8.3481e+03	3.469e-15	3.5938e+04	3.9023e+04	2.8348e-16	1.0616e-03	9.9894e-01	5.8116e-03	9.8972e-01	4.4638e-03	3.4822e-19	3.0921e-05	9.8343e-02	8.9924e-01	2.3841e-03	2.6963e-04	2.8401e-01	7.1470e-01	1.0221e-03	1.1755e-36	1.1755e-36	2.1515e-27	0.00e+00	0.00e+00	3.1136e-02
1.56292e+14	8.3231e+03	3.439e-15	3.5938e+04	3.9021e+04	2.8094e-16	1.0548e-03	9.9895e-01	5.8171e-03	9.9035e-01	3.8316e-03	3.4191e-19	3.0840e-05	9.8431e-02	8.9922e-01	2.3231e-03	2.6910e-04	2.8473e-01	7.1416e-01	8.4003e-04	1.1755e-36	1.1755e-36	2.0773e-27	0.00e+00	0.00e+00	4.4585e-02
2.20919e+14	8.2976e+03	3.402e-15	3.5938e+04	3.9019e+04	2.7821e-16	1.0476e-03	9.9895e-01	5.8268e-03	9.9111e-01	3.0624e-03	3.3615e-19	3.0784e-05	9.8581e-02	8.9914e-01	2.2491e-03	2.6912e-04	2.8597e-01	7.1311e-01	6.4781e-04	1.1755e-36	1.1755e-36	2.0058e-27	0.00e+00	0.00e+00	6.1950e-02
3.04934e+14	8.2649e+03	3.361e-15	3.5938e+04	3.9017e+04	2.7630e-16	1.0408e-03	9.9896e-01	5.8453e-03	9.9192e-01	2.2311e-03	3.3151e-19	3.0786e-05	9.8875e-02	8.9893e-01	2.1646e-03	2.7014e-04	2.8796e-01	7.1131e-01	4.5988e-04	1.1755e-36	1.1755e-36	1.9369e-27	0.00e+00	0.00e+00	8.4379e-02
4.14154e+14	8.2311e+03	3.312e-15	3.5938e+04	3.9014e+04	2.7458e-16	1.0342e-03	9.9897e-01	5.8720e-03	9.9268e-01	1.4469e-03	3.2828e-19	3.0848e-05	9.9325e-02	8.9857e-01	2.0771e-03	2.7218e-04	2.9074e-01	7.0869e-01	2.9387e-04	1.1755e-36	1.1755e-36	1.8753e-27	0.00e+00	0.00e+00	1.1335e-01
5.56140e+14	8.1904e+03	3.259e-15	3.5938e+04	3.9012e+04	2.7346e-16	1.0290e-03	9.9897e-01	5.9137e-03	9.9327e-01	8.1185e-04	3.2640e-19	3.1019e-05	1.0004e-01	8.9794e-01	1.9903e-03	2.7577e-04	2.9451e-01	7.0505e-01	1.6454e-04	1.1755e-36	1.1755e-36	1.8128e-27	0.00e+00	0.00e+00	1.5083e-01
7.40721e+14	8.1474e+03	3.199e-15	3.5938e+04	3.9010e+04	2.7267e-16	1.0256e-03	9.9897e-01	5.9747e-03	9.9364e-01	3.8214e-04	3.2649e-19	3.1332e-05	1.0108e-01	8.9698e-01	1.9068e-03	2.8124e-04	2.9937e-01	7.0027e-01	7.8399e-05	1.1755e-36	1.1755e-36	1.7541e-27	0.00e+00	0.00e+00	1.9938e-01
9.80677e+14	8.1000e+03	3.134e-15	3.5938e+04	3.9009e+04	2.7387e-16	1.0258e-03	9.9897e-01	6.0666e-03	9.9379e-01	1.4578e-04	3.3098e-19	3.1869e-05	1.0263e-01	8.9552e-01	1.8226e-03	2.8949e-04	3.0566e-01	6.9402e-01	3.0916e-05	1.1755e-36	1.1755e-36	1.7152e-27	0.00e+00	0.00e+00	2.6252e-01
1.29262e+15	8.0519e+03	3.064e-15	3.5938e+04	3.9008e+04	2.7666e-16	1.0316e-03	9.9897e-01	6.2048e-03	9.9375e-01	4.3542e-05	3.4116e-19	3.2744e-05	1.0490e-01	8.9333e-01	1.7307e-03	3.0194e-04	3.1397e-01	6.8572e-01	1.0020e-05	1.1755e-36	1.1755e-36	1.6946e-27	0.00e+00	0.00e+00	3.4505e-01
1.69814e+15	8.0044e+03	2.993e-15	3.5938e+04	3.9006e+04	2.8342e-16	1.0466e-03	9.9895e-01	6.4163e-03	9.9357e-01	9.9240e-06	3.6268e-19	3.4148e-05	1.0829e-01	8.9005e-01	1.6231e-03	3.2104e-04	3.2525e-01	6.7443e-01	2.9076e-06	1.1755e-36	1.1755e-36	1.7216e-27	0.00e+00	0.00e+00	4.5392e-01
2.22533e+15	7.9648e+03	2.921e-15	3.5938e+04	3.9004e+04	2.9613e-16	1.0765e-03	9.9892e-01	6.7447e-03	9.9325e-01	1.7323e-06	4.0439e-19	3.6392e-05	1.1339e-01	8.8509e-01	1.4930e-03	3.5097e-04	3.4096e-01	6.5868e-01	1.0409e-06	1.1755e-36	1.1755e-36	1.8320e-27	0.00e+00	0.00e+00	5.9949e-01
2.91066e+15	7.9312e+03	2.857e-15	3.5938e+04	3.9000e+04	3.2061e-16	1.1324e-03	9.9887e-01	7.2760e-03	9.9272e-01	2.4345e-07	4.8622e-19	4.0127e-05	1.2140e-01	8.7723e-01	1.3328e-03	4.0040e-04	3.6376e-01	6.3584e-01	6.1251e-07	1.1755e-36	1.1755e-36	2.0958e-27	0.00e+00	0.00e+00	7.9856e-01
3.80160e+15	7.9243e+03	2.805e-15	3.5938e+04	3.8992e+04	3.6867e-16	1.2330e-03	9.9877e-01	8.1716e-03	9.9183e-01	2.9623e-08	6.6552e-19	4.6498e-05	1.3437e-01	8.6444e-01	1.1395e-03	4.8621e-04	3.9771e-01	6.0180e-01	4.5921e-07	1.1755e-36	1.1755e-36	2.7678e-27	0.00e+00	0.00e+00	1.0803e+00
4.71584e+15	7.9412e+03	2.769e-15	3.5938e+04	3.8982e+04	4.2893e-16	1.3625e-03	9.9864e-01	9.3466e-03	9.9065e-01	4.5648e-09	9.4211e-19	5.4736e-05	1.5059e-01	8.4839e-01	9.6207e-04	6.0198e-04	4.3719e-01	5.6220e-01	3.6464e-07	1.1755e-36	1.1755e-36	3.7968e-27	0.00e+00	0.00e+00	1.3343e+00
5.38283e+15	7.9826e+03	2.765e-15	3.5938e+04	3.8974e+04	4.9090e-16	1.4918e-03	9.9851e-01	1.0530e-02	9.8947e-01	1.4498e-09	1.2876e-18	6.2872e-05	1.6600e-01	8.3309e-01	8.4070e-04	7.2067e-04	4.7164e-01	5.2764e-01	3.0631e-07	1.1755e-36	1.1755e-36	5.1363e-27	0.00e+00	0.00e+00	1.5078e+00
5.85022e+15	8.0291e+03	2.775e-15	3.5938e+04	3.8965e+04	5.5530e-16	1.6120e-03	9.9839e-01	1.1641e-02	9.8836e-01	7.0969e-10	1.7001e-18	7.0488e-05	1.7983e-01	8.1934e-01	7.5493e-04	8.3408e-04	5.0026e-01	4.9890e-01	2.6588e-07	1.1755e-36	1.1755e-36	6.8207e-27	0.00e+00	0.00e+00	1.6622e+00
6.33568e+15	8.0852e+03	2.792e-15	3.5938e+04	3.8953e+04	6.5348e-16	1.7697e-03	9.9823e-01	1.3145e-02	9.8686e-01	3.5348e-10	2.4104e-18	8.0573e-05	1.9764e-01	8.0161e-01	6.6326e-04	9.8882e-04	5.3440e-01	4.6462e-01	2.2438e-07	1.1755e-36	1.1755e-36	9.8611e-27	0.00e+00	0.00e+00	1.8826e+00
6.85983e+15	8.1598e+03	2.819e-15	3.5938e+04	3.8939e+04	7.8648e-16	1.9760e-03	9.9802e-01	1.5228e-02	9.8477e-01	1.8061e-10	3.6007e-18	9.3930e-05	2.2071e-01	7.7863e-01	5.7003e-04	1.2028e-03	5.7532e-01	4.2348e-01	1.8279e-07	1.1755e-36	1.1755e-36	1.5061e-26	0.00e+00	0.00e+00	2.1065e+00
7.30180e+15	8.2277e+03	2.854e-15	3.5938e+04	3.8922e+04	9.4715e-16	2.1984e-03	9.9780e-01	1.7624e-02	9.8238e-01	1.0909e-10	5.2996e-18	1.0847e-04	2.4525e-01	7.5414e-01	4.9205e-04	1.4450e-03	6.1484e-01	3.8371e-01	1.4905e-07	1.1755e-36	1.1755e-36	2.2741e-26	0.00e+00	0.00e+00	2.2983e+00
7.64996e+15	8.3069e+03	2.882e-15	3.5938e+04	3.8908e+04	1.1188e-15	2.4122e-03	9.9759e-01	2.0147e-02	9.7985e-01	7.6150e-11	7.5212e-18	1.2271e-04	2.6887e-01	7.3057e-01	4.3125e-04	1.6894e-03	6.4934e-01	3.4897e-01	1.1755e-36	1.1755e-36	1.1755e-36	3.3519e-26	0.00e+00	0.00e+00	2.4690e+00
7.95385e+15	8.3571e+03	2.917e-15	3.5938e+04	3.8890e+04	1.3183e-15	2.6430e-03	9.9736e-01	2.3044e-02	9.7696e-01	5.6613e-11	1.0421e-17	1.3814e-04	2.9392e-01	7.0557e-01	3.7647e-04	1.9608e-03	6.8231e-01	3.1573e-01	1.1755e-36	1.1755e-36	1.1755e-36	4.7347e-26	0.00e+00	0.00e+00	2.6464e+00
8.24654e+15	8.4342e+03	2.947e-15	3.5938e+04	3.8870e+04	1.5515e-15	2.9035e-03	9.9710e-01	2.6631e-02	9.7337e-01	4.3306e-11	1.4641e-17	1.5567e-04	3.2212e-01	6.7740e-01	3.2516e-04	2.2790e-03	7.1595e-01	2.8177e-01	1.1755e-36	1.1755e-36	1.1755e-36	6.8393e-26	0.00e+00	0.00e+00	2.8372e+00
8.52872e+15	8.4956e+03	2.986e-15	3.5938e+04	3.8840e+04	1.8366e-15	3.2123e-03	9.9679e-01	3.1247e-02	9.6875e-01	3.3825e-11	2.0599e-17	1.7629e-04	3.5476e-01	6.4479e-01	2.7554e-04	2.6652e-03	7.5055e-01	2.4679e-01	1.1755e-36	1.1755e-36	1.1755e-36	9.7216e-26	0.00e+00	0.00e+00	3.0375e+00
8.78808e+15	8.5694e+03	3.025e-15	3.5938e+04	3.8818e+04	2.2536e-15	3.5540e-03	9.9645e-01	3.7175e-02	9.6282e-01	2.7259e-11	3.0138e-17	1.9886e-04	3.9045e-01	6.0912e-01	2.3092e-04	3.1046e-03	7.8397e-01	2.1292e-01	1.1755e-36	1.1755e-36	1.1755e-36	1.5036e-25	0.00e+00	0.00e+00	3.2342e+00
9.01810e+15	8.6181e+03	3.066e-15	3.5938e+04	3.8772e+04	2.6646e-15	3.9319e-03	9.9607e-01	4.4380e-02	9.5562e-01	2.2505e-11	4.1636e-17	2.2391e-04	4.2874e-01	5.7084e-01	1.9119e-04	3.5974e-03	8.1495e-01	1.8146e-01	1.1755e-36	1.1755e-36	1.1755e-36	2.0809e-25	0.00e+00	0.00e+00	3.4271e+00
9.22379e+15	8.6679e+03	3.108e-15	3.5938e+04	3.8734e+04	3.2523e-15	4.3393e-03	9.9566e-01	5.3593e-02	9.4641e-01	1.8959e-11	5.8995e-17	2.5031e-04	4.6886e-01	5.3074e-01	1.5652e-04	4.1369e-03	8.4324e-01	1.5262e-01	1.1755e-36	1.1755e-36	1.1755e-36	3.0743e-25	0.00e+00	0.00e+00	3.6193e+00
9.41267e+15	8.7155e+03	3.149e-15	3.5938e+04	3.8678e+04	3.9136e-15	4.7892e-03	9.9521e-01	6.5568e-02	9.3443e-01	1.6071e-11	8.1839e-17	2.7845e-04	5.1153e-01	4.8807e-01	1.2570e-04	4.7394e-03	8.6939e-01	1.2587e-01	1.1755e-36	1.1755e-36	1.1755e-36	4.3762e-25	0.00e+00	0.00e+00	3.8177e+00
9.56523e+15	8.7677e+03	3.187e-15	3.5938e+04	3.8633e+04	4.6510e-15	5.2160e-03	9.9478e-01	7.9818e-02	9.2018e-01	1.3889e-11	1.1027e-16	3.0440e-04	5.5110e-01	4.4849e-01	1.0209e-04	5.3177e-03	8.9072e-01	1.0396e-01	1.1755e-36	1.1755e-36	1.1755e-36	6.1484e-25	0.00e+00	0.00e+00	3.9627e+00
9.66880e+15	8.7817e+03	3.215e-15	3.5938e+04	3.8561e+04	5.4250e-15	5.5613e-03	9.9444e-01	9.2766e-02	9.0723e-01	1.2465e-11	1.3908e-16	3.2479e-04	5.8133e-01	4.1826e-01	8.6272e-05	5.7848e-03	9.0517e-01	8.9040e-02	1.1755e-36	1.1755e-36	1.1755e-36	8.0984e-25	0.00e+00	0.00e+00	4.0695e+00
9.75020e+15	8.8114e+03	3.234e-15	3.5938e+04	3.8520e+04	6.0161e-15	5.8537e-03	9.9415e-01	1.0633e-01	8.9367e-01	1.1470e-11	1.6565e-16	3.4148e-04	6.0657e-01	3.9301e-01	7.4376e-05	6.1836e-03	9.1626e-01	7.7558e-02	1.1755e-36	1.1755e-36	1.1755e-36	9.8794e-25	0.00e+00	0.00e+00	4.1734e+00
9.84014e+15	8.8329e+03	3.254e-15	3.5938e+04	3.8448e+04	6.8882e-15	6.2204e-03	9.9378e-01	1.2540e-01	8.7460e-01	1.0309e-11	2.0441e-16	3.6160e-04	6.3609e-01	3.6348e-01	6.1654e-05	6.6810e-03	9.2806e-01	6.5261e-02	1.1755e-36	1.1755e-36	1.1755e-36	1.2629e-24	0.00e+00	0.00e+00	4.3169e+00
9.93349e+15	8.8597e+03	3.279e-15	3.5938e+04	3.8374e+04	7.8866e-15	6.6382e-03	9.9336e-01	1.5266e-01	8.4734e-01	8.9633e-12	2.5353e-16	3.8296e-04	6.6818e-01	3.3139e-01	4.9622e-05	7.2489e-03	9.3996e-01	5.2794e-02	1.1755e-36	1.1755e-36	1.1755e-36	1.6148e-24	0.00e+00	0.00e+00	4.4450e+00
1.00053e+16	8.8759e+03	3.298e-15	3.5938e+04	3.8279e+04	8.8567e-15	6.9992e-03	9.9300e-01	1.8200e-01	8.1800e-01	7.9212e-12	3.0263e-16	4.0053e-04	6.9445e-01	3.0511e-01	4.0881e-05	7.7395e-03	9.4894e-01	4.3324e-02	1.1755e-36	1.1755e-36	1.1755e-36	1.9794e-24	0.00e+00	0.00e+00	4.5382e+00
1.00576e+16	8.8874e+03	3.308e-15	3.5938e+04	3.8177e+04	9.6610e-15	7.2823e-03	9.9272e-01	2.0975e-01	7.9025e-01	7.1564e-12	3.4512e-16	4.1340e-04	7.1396e-01	2.8559e-01	3.4893e-05	8.1242e-03	9.5520e-01	3.6679e-02	1.1755e-36	1.1755e-36	1.1755e-36	2.2996e-24	0.00e+00	0.00e+00	4.6139e+00
1.01030e+16	8.8986e+03	3.313e-15	3.5938e+04	3.8074e+04	1.0433e-14	7.5455e-03	9.9245e-01	2.3968e-01	7.6032e-01	6.4609e-12	3.8774e-16	4.2452e-04	7.3092e-01	2.6863e-01	2.9986e-05	8.4805e-03	9.6035e-01	3.1171e-02	1.1755e-36	1.1755e-36	1.1755e-36	2.6248e-24	0.00e+00	0.00e+00	4.6910e+00
1.01548e+16	8.9093e+03	3.317e-15	3.5938e+04	3.7949e+04	1.1443e-14	7.8726e-03	9.9213e-01	2.8245e-01	7.1755e-01	5.6436e-12	4.4490e-16	4.3715e-04	7.5004e-01	2.4950e-01	2.4751e-05	8.9199e-03	9.6580e-01	2.5278e-02	1.1755e-36	1.1755e-36	1.1755e-36	3.0675e-24	0.00e+00	0.00e+00	4.7956e+00
1.02087e+16	8.9228e+03	3.317e-15	3.5938e+04	3.7784e+04	1.2620e-14	8.2318e-03	9.9177e-01	3.3969e-01	6.6031e-01	4.6361e-12	5.1464e-16	4.4966e-04	7.6914e-01	2.3039e-01	1.9955e-05	9.4003e-03	9.7102e-01	1.9581e-02	1.1755e-36	1.1755e-36	1.1755e-36	3.6185e-24	0.00e+00	0.00e+00	4.8876e+00
1.02516e+16	8.9307e+03	3.312e-15	3.5938e+04	3.7595e+04	1.3647e-14	8.5311e-03	9.9147e-01	3.9841e-01	6.0159e-01	3.8426e-12	5.7738e-16	4.5852e-04	7.8364e-01	2.1588e-01	1.6507e-05	9.7990e-03	9.7479e-01	1.5407e-02	1.1755e-36	1.1755e-36	1.1755e-36	4.1037e-24	0.00e+00	0.00e+00	4.9582e+00
1.02856e+16	8.9310e+03	3.303e-15	3.5938e+04	3.7404e+04	1.4563e-14	8.7819e-03	9.9122e-01	4.5450e-01	5.4550e-01	3.2421e-12	6.3273e-16	4.6459e-04	7.9443e-01	2.0509e-01	1.4000e-05	1.0130e-02	9.7744e-01	1.2425e-02	1.1755e-36	1.1755e-36	1.1755e-36	4.5205e-24	0.00e+00	0.00e+00	5.0212e+00
1.03220e+16	8.9385e+03	3.286e-15	3.5938e+04	3.7195e+04	1.5647e-14	9.0688e-03	9.9093e-01	5.2229e-01	4.7771e-01	2.6024e-12	7.0206e-16	4.7086e-04	8.0495e-01	1.9457e-01	1.1555e-05	1.0506e-02	9.7984e-01	9.6540e-03	1.1755e-36	1.1755e-36	1.1755e-36	5.0651e-24	0.00e+00	0.00e+00	5.1058e+00
1.03692e+16	8.9365e+03	3.265e-15	3.5938e+04	3.6928e+04	1.7338e-14	9.4785e-03	9.9052e-01	6.1950e-01	3.8050e-01	1.8257e-12	8.0686e-16	4.7795e-04	8.1685e-01	1.8267e-01	8.8328e-06	1.1033e-02	9.8224e-01	6.7242e-03	1.1755e-36	1.1755e-36	1.1755e-36	5.9006e-24	0.00e+00	0.00e+00	5.2207e+00
1.04175e+16	8.9383e+03	3.238e-15	3.5938e+04	3.6610e+04	1.9174e-14	9.9087e-03	9.9009e-01	7.2336e-01	2.7664e-01	1.1314e-12	9.2413e-16	4.8303e-04	8.2655e-01	1.7296e-01	6.6120e-06	1.1580e-02	9.8400e-01	4.4230e-03	1.1755e-36	1.1755e-36	1.1755e-36	6.8439e-24	0.00e+00	0.00e+00	5.3176e+00
1.04583e+16	8.9336e+03	3.214e-15	3.5938e+04	3.6308e+04	2.0958e-14	1.0297e-02	9.8970e-01	8.0347e-01	1.9653e-01	7.1079e-13	1.0321e-15	4.8589e-04	8.3298e-01	1.6653e-01	5.0724e-06	1.2068e-02	9.8491e-01	3.0169e-03	1.1755e-36	1.1755e-36	1.1755e-36	7.7433e-24	0.00e+00	0.00e+00	5.4076e+00
1.05026e+16	8.9313e+03	3.196e-15	3.5938e+04	3.6048e+04	2.3156e-14	1.0766e-02	9.8923e-01	8.7163e-01	1.2837e-01	4.1151e-13	1.1630e-15	4.8890e-04	8.3864e-01	1.6087e-01	3.7238e-06	1.2653e-02	9.8537e-01	1.9733e-03	1.1755e-36	1.1755e-36	1.1755e-36	8.9346e-24	0.00e+00	0.00e+00	5.5300e+00
1.05602e+16	8.9301e+03	3.192e-15	3.5938e+04	3.5826e+04	2.6461e-14	1.1454e-02	9.8855e-01	9.3002e-01	6.9982e-02	1.9123e-13	1.3546e-15	4.9324e-04	8.4465e-01	1.5485e-01	2.4506e-06	1.3501e-02	9.8537e-01	1.1296e-03	1.1755e-36	1.1755e-36	1.1755e-36	1.0875e-23	0.00e+00	0.00e+00	5.6993e+00
1.06351e+16	8.9360e+03	3.210e-15	3.5938e+04	3.5649e+04	3.1541e-14	1.2484e-02	9.8752e-01	9.6902e-01	3.0978e-02	7.0338e-14	1.6454e-15	4.9920e-04	8.5129e-01	1.4821e-01	1.3941e-06	1.4764e-02	9.8469e-01	5.4695e-04	1.1755e-36	1.1755e-36	1.1755e-36	1.4192e-23	0.00e+00	0.00e+00	5.9392e+00
1.07325e+16	8.9470e+03	3.258e-15	3.5938e+04	3.5517e+04	4.0086e-14	1.4106e-02	9.8589e-01	9.8875e-01	1.1250e-02	2.0789e-14	2.1307e-15	5.0762e-04	8.5939e-01	1.4010e-01	6.5613e-07	1.6746e-02	9.8304e-01	2.1655e-04	1.1755e-36	1.1755e-36	1.1755e-36	2.0471e-23	0.00e+00	0.00e+00	6.2915e+00
1.08591e+16	8.9572e+03	3.343e-15	3.5938e+04	3.5403e+04	5.6853e-14	1.6857e-02	9.8314e-01	9.9650e-01	3.5049e-03	5.1925e-15	3.0811e-15	5.1949e-04	8.7027e-01	1.2921e-01	2.4003e-07	2.0109e-02	9.7982e-01	6.7335e-05	1.1755e-36	1.1755e-36	1.1755e-36	3.4845e-23	0.00e+00	0.00e+00	6.8389e+00
1.09864e+16	8.9629e+03	3.453e-15	3.5938e+04	3.5279e+04	8.6605e-14	2.0800e-02	9.7920e-01	9.9874e-01	1.2630e-03	1.5496e-15	4.7695e-15	5.3188e-04	8.8202e-01	1.1745e-01	1.1755e-36	2.4925e-02	9.7505e-01	2.0913e-05	1.1755e-36	1.1755e-36	1.1755e-36	6.6037e-23	0.00e+00	0.00e+00	7.3657e+00
1.10839e+16	8.9595e+03	3.544e-15	3.5938e+04	3.5104e+04	1.2889e-13	2.5204e-02	9.7480e-01	9.9933e-01	6.6906e-04	7.3405e-16	7.1585e-15	5.4148e-04	8.9217e-01	1.0728e-01	1.1755e-36	3.0306e-02	9.6968e-01	8.7806e-06	1.1755e-36	1.1755e-36	1.1755e-36	1.2025e-22	0.00e+00	0.00e+00	7.8427e+00
1.11643e+16	8.9507e+03	3.614e-15	3.5938e+04	3.4891e+04	1.8943e-13	3.0254e-02	9.6975e-01	9.9958e-01	4.2257e-04	4.2538e-16	1.0567e-14	5.4881e-04	9.0145e-01	9.8004e-02	1.1755e-36	3.6477e-02	9.6352e-01	4.2842e-06	1.1755e-36	1.1755e-36	1.1755e-36	2.1410e-22	0.00e+00	0.00e+00	8.3731e+00
1.12408e+16	8.9102e+03	3.689e-15	3.5938e+04	3.4648e+04	2.9512e-13	3.7057e-02	9.6294e-01	9.9972e-01	2.8076e-04	2.6043e-16	1.6318e-14	5.5629e-04	9.1129e-01	8.8152e-02	1.1755e-36	4.4781e-02	9.5522e-01	2.1305e-06	1.1755e-36	1.1755e-36	1.1755e-36	4.0759e-22	0.00e+00	0.00e+00	9.0112e+00
1.13121e+16	8.8650e+03	3.751e-15	3.5938e+04	3.4319e+04	4.7957e-13	4.6238e-02	9.5376e-01	9.9981e-01	1.9290e-04	1.6672e-16	2.6187e-14	5.6230e-04	9.2130e-01	7.8141e-02	1.1755e-36	5.5959e-02	9.4404e-01	1.0891e-06	1.1755e-36	1.1755e-36	1.1755e-36	8.2298e-22	0.00e+00	0.00e+00	9.7108e+00
1.13722e+16	8.8097e+03	3.790e-15	3.5938e+04	3.3905e+04	7.8500e-13	5.7742e-02	9.4226e-01	9.9986e-01	1.3910e-04	1.1386e-16	4.2029e-14	5.6592e-04	9.3060e-01	6.8831e-02	1.1755e-36	6.9917e-02	9.3008e-01	6.0110e-07	1.1755e-36	1.1755e-36	1.1755e-36	1.6631e-21	0.00e+00	0.00e+00	1.0411e+01
1.14203e+16	8.7482e+03	3.802e-15	3.5938e+04	3.3430e+04	1.2599e-12	7.1303e-02	9.2870e-01	9.9989e-01	1.0553e-04	8.2998e-17	6.5774e-14	5.6711e-04	9.3879e-01	6.0639e-02	1.1755e-36	8.6291e-02	9.1371e-01	3.6058e-07	1.1755e-36	1.1755e-36	1.1755e-36	3.2398e-21	0.00e+00	0.00e+00	1.1104e+01
1.14598e+16	8.6812e+03	3.785e-15	3.5938e+04	3.2879e+04	1.9911e-12	8.7254e-02	9.1275e-01	9.9992e-01	8.2784e-05	6.3242e-17	1.0082e-13	5.6588e-04	9.4605e-01	5.3382e-02	1.1755e-36	1.0543e-01	8.9457e-01	2.2858e-07	1.1755e-36	1.1755e-36	1.1755e-36	6.1234e-21	0.00e+00	0.00e+00	1.1821e+01
1.14935e+16	8.6090e+03	3.734e-15	3.5938e+04	3.2202e+04	3.1290e-12	1.0624e-01	8.9376e-01	9.9993e-01	6.6115e-05	4.9539e-17	1.5268e-13	5.6160e-04	9.5258e-01	4.6861e-02	1.1755e-36	1.2804e-01	8.7196e-01	1.4988e-07	1.1755e-36	1.1755e-36	1.1755e-36	1.1380e-20	0.00e+00	0.00e+00	1.2570e+01
1.15224e+16	8.5304e+03	3.647e-15	3.5938e+04	3.1397e+04	4.9007e-12	1.2877e-01	8.7123e-01	9.9995e-01	5.3677e-05	3.9799e-17	2.2886e-13	5.5433e-04	9.5846e-01	4.0989e-02	1.1755e-36	1.5463e-01	8.4537e-01	1.0082e-07	1.1755e-36	1.1755e-36	1.1755e-36	2.0853e-20	0.00e+00	0.00e+00	1.3350e+01
1.15474e+16	8.4440e+03	3.522e-15	3.5938e+04	3.0446e+04	7.6521e-12	1.5534e-01	8.4466e-01	9.9996e-01	4.4200e-05	3.2714e-17	3.3919e-13	5.4381e-04	9.6375e-01	3.5711e-02	1.1755e-36	1.8564e-01	8.1436e-01	6.9112e-08	1.1755e-36	1.1755e-36	1.1755e-36	3.7603e-20	0.00e+00	0.00e+00	1.4171e+01
1.15695e+16	8.3487e+03	3.350e-15	3.5938e+04	2.9265e+04	1.1955e-11	1.8663e-01	8.1337e-01	9.9996e-01	3.6906e-05	2.7566e-17	4.9708e-13	5.2864e-04	9.6850e-01	3.0966e-02	1.1755e-36	2.2168e-01	7.7832e-01	4.7847e-08	1.1755e-36	1.1755e-36	1.1755e-36	6.6686e-20	0.00e+00	0.00e+00	1.5059e+01
1.15898e+16	8.2337e+03	3.132e-15	3.5938e+04	2.7897e+04	1.9083e-11	2.2483e-01	7.7517e-01	9.9997e-01	3.1050e-05	2.3603e-17	7.3326e-13	5.0977e-04	9.7298e-01	2.6509e-02	1.1755e-36	2.6499e-01	7.3501e-01	3.2908e-08	1.1755e-36	1.1755e-36	1.1755e-36	1.1965e-19	0.00e+00	0.00e+00	1.6058e+01
1.16075e+16	8.1040e+03	2.874e-15	3.5938e+04	2.6332e+04	3.0277e-11	2.6819e-01	7.3181e-01	9.9997e-01	2.6323e-05	2.0603e-17	1.0584e-12	4.8669e-04	9.7690e-01	2.2615e-02	1.1755e-36	3.1324e-01	6.8676e-01	2.2968e-08	1.1755e-36	1.1755e-36	1.1755e-36	2.0794e-19	0.00e+00	0.00e+00	1.7030e+01
1.16209e+16	7.9811e+03	2.633e-15	3.5938e+04	2.4880e+04	4.4494e-11	3.0859e-01	6.9141e-01	9.9998e-01	2.3159e-05	1.8747e-17	1.4167e-12	4.6432e-04	9.7982e-01	1.9716e-02	1.1755e-36	3.5736e-01	6.4264e-01	1.7138e-08	1.1755e-36	1.1755e-36	1.1755e-36	3.2264e-19	0.00e+00	0.00e+00	1.7782e+01
1.16300e+16	7.8814e+03	2.445e-15	3.5938e+04	2.3739e+04	5.8936e-11	3.4032e-01	6.5968e-01	9.9998e-01	2.1485e-05	1.7921e-17	1.7353e-12	4.4624e-04	9.8177e-01	1.7787e-02	1.1755e-36	3.9145e-01	6.0855e-01	1.3865e-08	1.1755e-36	1.1755e-36	1.1755e-36	4.3796e-19	0.00e+00	0.00e+00	1.8351e+01
1.16367e+16	7.7908e+03	2.295e-15	3.5938e+04	2.2835e+04	7.3966e-11	3.6699e-01	6.3301e-01	9.9998e-01	2.0460e-05	1.7490e-17	2.0322e-12	4.3177e-04	9.8323e-01	1.6343e-02	1.1755e-36	4.1972e-01	5.8028e-01	1.1711e-08	1.1755e-36	1.1755e-36	1.1755e-36	5.5584e-19	0.00e+00	0.00e+00	1.8861e+01
1.16429e+16	7.7029e+03	2.143e-15	3.5938e+04	2.1897e+04	9.1582e-11	3.9307e-01	6.0693e-01	9.9998e-01	1.9591e-05	1.7226e-17	2.3414e-12	4.1642e-04	9.8451e-01	1.5072e-02	1.1755e-36	4.4705e-01	5.5295e-01	9.9702e-09	1.1755e-36	1.1755e-36	1.1755e-36	6.8767e-19	0.00e+00	0.00e+00	1.9414e+01
1.16488e+16	7.6143e+03	1.988e-15	3.5938e+04	2.0898e+04	1.1283e-10	4.1938e-01	5.8062e-01	9.9998e-01	1.8635e-05	1.6940e-17	2.6692e-12	3.9977e-04	9.8570e-01	1.3905e-02	1.1755e-36	4.7430e-01	5.2570e-01	8.5102e-09	1.1755e-36	1.1755e-36	1.1755e-36	8.3607e-19	0.00e+00	0.00e+00	1.9964e+01
1.16542e+16	7.5232e+03	1.850e-15	3.5938e+04	2.0001e+04	1.3719e-10	4.4427e-01	5.5573e-01	9.9998e-01	1.7842e-05	1.6727e-17	3.0026e-12	3.8477e-04	9.8673e-01	1.2882e-02	1.1755e-36	4.9979e-01	5.0021e-01	7.3640e-09	1.1755e-36	1.1755e-36	1.1755e-36	9.9661e-19	0.00e+00	0.00e+00	2.0452e+01
1.16587e+16	7.4361e+03	1.728e-15	3.5938e+04	1.9188e+04	1.6362e-10	4.6687e-01	5.3313e-01	9.9998e-01	1.7326e-05	1.6730e-17	3.3206e-12	3.7102e-04	9.8761e-01	1.2018e-02	1.1755e-36	5.2269e-01	4.7731e-01	6.4723e-09	1.1755e-36	1.1755e-36	1.1755e-36	1.1573e-18	0.00e+00	0.00e+00	2.0909e+01
1.16629e+16	7.3494e+03	1.614e-15	3.5938e+04	1.8413e+04	1.9344e-10	4.8841e-01	5.1159e-01	9.9998e-01	1.6884e-05	1.6791e-17	3.6365e-12	3.5781e-04	9.8840e-01	1.1244e-02	1.1755e-36	5.4430e-01	4.5570e-01	5.7307e-09	1.1755e-36	1.1755e-36	1.1755e-36	1.3236e-18	0.00e+00	0.00e+00	2.1361e+01
1.16669e+16	7.2613e+03	1.505e-15	3.5938e+04	1.7658e+04	2.2773e-10	5.0939e-01	4.9061e-01	9.9998e-01	1.6479e-05	1.6891e-17	3.9554e-12	3.4485e-04	9.8912e-01	1.0532e-02	1.1755e-36	5.6516e-01	4.3484e-01	5.0948e-09	1.1755e-36	1.1755e-36	1.1755e-36	1.4975e-18	0.00e+00	0.00e+00	2.1808e+01
1.16706e+16	7.1727e+03	1.404e-15	3.5938e+04	1.6930e+04	2.6673e-10	5.2960e-01	4.7040e-01	9.9998e-01	1.6122e-05	1.7037e-17	4.2720e-12	3.3227e-04	9.8979e-01	9.8808e-03	1.1755e-36	5.8507e-01	4.1493e-01	4.5514e-09	1.1755e-36	1.1755e-36	1.1755e-36	1.6754e-18	0.00e+00	0.00e+00	2.2243e+01
1.16736e+16	7.0973e+03	1.328e-15	3.5938e+04	1.6379e+04	3.0286e-10	5.4549e-01	4.5451e-01	9.9998e-01	1.5724e-05	1.7013e-17	4.5315e-12	3.2271e-04	9.9029e-01	9.3863e-03	1.1755e-36	6.0060e-01	3.9940e-01	4.1701e-09	1.1755e-36	1.1755e-36	1.1755e-36	1.8255e-18	0.00e+00	0.00e+00	2.2531e+01
1.16757e+16	7.0468e+03	1.272e-15	3.5938e+04	1.5962e+04	3.3079e-10	5.5676e-01	4.4324e-01	9.9998e-01	1.5680e-05	1.7296e-17	4.7127e-12	3.1540e-04	9.9064e-01	9.0483e-03	1.1755e-36	6.1155e-01	3.8845e-01	3.9144e-09	1.1755e-36	1.1755e-36	1.1755e-36	1.9311e-18	0.00e+00	0.00e+00	2.2769e+01
1.16777e+16	6.9915e+03	1.218e-15	3.5938e+04	1.5549e+04	3.6243e-10	5.6806e-01	4.3194e-01	9.9998e-01	1.5627e-05	1.7571e-17	4.8974e-12	3.0816e-04	9.9097e-01	8.7201e-03	1.1755e-36	6.2248e-01	3.7752e-01	3.6739e-09	1.1755e-36	1.1755e-36	1.1755e-36	2.0395e-18	0.00e+00	0.00e+00	2.3041e+01
1.16800e+16	6.9199e+03	1.160e-15	3.5938e+04	1.5103e+04	4.0496e-10	5.8121e-01	4.1879e-01	9.9998e-01	1.5451e-05	1.7729e-17	5.1243e-12	3.0037e-04	9.9135e-01	8.3477e-03	1.1755e-36	6.3514e-01	3.6486e-01	3.4158e-09	1.1755e-36	1.1755e-36	1.1755e-36	2.1761e-18	0.00e+00	0.00e+00	2.3351e+01
1.16822e+16	6.8563e+03	1.100e-15	3.5938e+04	1.4635e+04	4.4944e-10	5.9405e-01	4.0595e-01	9.9998e-01	1.5259e-05	1.7922e-17	5.3388e-12	2.9205e-04	9.9171e-01	7.9933e-03	1.1755e-36	6.4741e-01	3.5259e-01	3.1759e-09	1.1755e-36	1.1755e-36	1.1755e-36	2.3053e-18	0.00e+00	0.00e+00	2.3653e+01
1.16845e+16	6.7906e+03	1.044e-15	3.5938e+04	1.4183e+04	4.9871e-10	6.0650e-01	3.9350e-01	9.9998e-01	1.5140e-05	1.8198e-17	5.5485e-12	2.8400e-04	9.9206e-01	7.6586e-03	1.1755e-36	6.5925e-01	3.4075e-01	2.9587e-09	1.1755e-36	1.1755e-36	1.1755e-36	2.4321e-18	0.00e+00	0.00e+00	2.3952e+01
1.16866e+16	6.7228e+03	9.903e-16	3.5938e+04	1.3739e+04	5.5390e-10	6.1876e-01	3.8124e-01	9.9998e-01	1.5035e-05	1.8497e-17	5.7565e-12	2.7607e-04	9.9239e-01	7.3373e-03	1.1755e-36	6.7084e-01	3.2916e-01	2.7582e-09	1.1755e-36	1.1755e-36	1.1755e-36	2.5583e-18	0.00e+00	0.00e+00	2.4254e+01
1.16888e+16	6.6540e+03	9.380e-16	3.5938e+04	1.3296e+04	6.1537e-10	6.3081e-01	3.6919e-01	9.9999e-01	1.4940e-05	1.8829e-17	5.9590e-12	2.6811e-04	9.9270e-01	7.0285e-03	1.1755e-36	6.8220e-01	3.1780e-01	2.5721e-09	1.1755e-36	1.1755e-36	1.1755e-36	2.6804e-18	0.00e+00	0.00e+00	2.4559e+01
1.16909e+16	6.5803e+03	8.876e-16	3.5938e+04	1.2868e+04	6.8707e-10	6.4310e-01	3.5690e-01	9.9999e-01	1.4837e-05	1.9145e-17	6.1748e-12	2.6043e-04	9.9302e-01	6.7218e-03	1.1755e-36	6.9369e-01	3.0631e-01	2.3955e-09	1.1755e-36	1.1755e-36	1.1755e-36	2.8138e-18	0.00e+00	0.00e+00	2.4870e+01
1.16930e+16	6.5084e+03	8.393e-16	3.5938e+04	1.2444e+04	7.6488e-10	6.5486e-01	3.4514e-01	9.9999e-01	1.4748e-05	1.9503e-17	6.3749e-12	2.5274e-04	9.9331e-01	6.4345e-03	1.1755e-36	7.0464e-01	2.9536e-01	2.2351e-09	1.1755e-36	1.1755e-36	1.1755e-36	2.9353e-18	0.00e+00	0.00e+00	2.5176e+01
1.16950e+16	6.4356e+03	7.932e-16	3.5938e+04	1.2030e+04	8.5186e-10	6.6638e-01	3.3362e-01	9.9999e-01	1.4687e-05	1.9906e-17	6.5716e-12	2.4522e-04	9.9360e-01	6.1590e-03	1.1755e-36	7.1532e-01	2.8468e-01	2.0866e-09	1.1755e-36	1.1755e-36	1.1755e-36	3.0547e-18	0.00e+00	0.00e+00	2.5485e+01
1.16971e+16	6.3614e+03	7.484e-16	3.5938e+04	1.1612e+04	9.4947e-10	6.7760e-01	3.2240e-01	9.9999e-01	1.4642e-05	2.0368e-17	6.7542e-12	2.3758e-04	9.9387e-01	5.8963e-03	1.1755e-36	7.2566e-01	2.7434e-01	1.9492e-09	1.1755e-36	1.1755e-36	1.1755e-36	3.1613e-18	0.00e+00	0.00e+00	2.5799e+01
1.16991e+16	6.2895e+03	7.050e-16	3.5938e+04	1.1203e+04	1.0567e-09	6.8877e-01	3.1123e-01	9.9999e-01	1.4597e-05	2.0854e-17	6.9379e-12	2.3004e-04	9.9413e-01	5.6393e-03	1.1755e-36	7.3590e-01	2.6410e-01	1.8189e-09	1.1755e-36	1.1755e-36	1.1755e-36	3.2703e-18	0.00e+00	0.00e+00	2.6120e+01
1.17012e+16	6.2090e+03	6.632e-16	3.5938e+04	1.0799e+04	1.1860e-09	6.9999e-01	3.0001e-01	9.9999e-01	1.4550e-05	2.1346e-17	7.1243e-12	2.2262e-04	9.9439e-01	5.3871e-03	1.1755e-36	7.4614e-01	2.5386e-01	1.6962e-09	1.1755e-36	1.1755e-36	1.1755e-36	3.3798e-18	0.00e+00	0.00e+00	2.6444e+01
1.17032e+16	6.1275e+03	6.239e-16	3.5938e+04	1.0408e+04	1.3320e-09	7.1087e-01	2.8913e-01	9.9999e-01	1.4508e-05	2.1856e-17	7.3042e-12	2.1541e-04	9.9464e-01	5.1470e-03	1.1755e-36	7.5603e-01	2.4397e-01	1.5833e-09	1.1755e-36	1.1755e-36	1.1755e-36	3.4848e-18	0.00e+00	0.00e+00	2.6764e+01
1.17052e+16	6.0464e+03	5.869e-16	3.5938e+04	1.0031e+04	1.4948e-09	7.2135e-01	2.7865e-01	9.9999e-01	1.4485e-05	2.2407e-17	7.4755e-12	2.0843e-04	9.9487e-01	4.9203e-03	1.1755e-36	7.6551e-01	2.3449e-01	1.4799e-09	1.1755e-36	1.1755e-36	1.1755e-36	3.5839e-18	0.00e+00	0.00e+00	2.7083e+01
1.17071e+16	5.9644e+03	5.517e-16	3.5938e+04	9.6632e+03	1.6793e-09	7.3156e-01	2.6844e-01	9.9999e-01	1.4471e-05	2.2991e-17	7.6408e-12	2.0160e-04	9.9510e-01	4.7032e-03	1.1755e-36	7.7470e-01	2.2530e-01	1.3839e-09	1.1755e-36	1.1755e-36	1.1755e-36	3.6790e-18	0.00e+00	0.00e+00	2.7404e+01
1.17090e+16	5.8805e+03	5.181e-16	3.5938e+04	9.3022e+03	1.8912e-09	7.4159e-01	2.5841e-01	9.9999e-01	1.4458e-05	2.3603e-17	7.8022e-12	1.9486e-04	9.9531e-01	4.4940e-03	1.1755e-36	7.8369e-01	2.1631e-01	1.2939e-09	1.1755e-36	1.1755e-36	1.1755e-36	3.7718e-18	0.00e+00	0.00e+00	2.7729e+01
1.17109e+16	5.7953e+03	4.860e-16	3.5938e+04	8.9491e+03	2.1332e-09	7.5138e-01	2.4862e-01	9.9999e-01	1.4449e-05	2.4247e-17	7.9590e-12	1.8825e-04	9.9552e-01	4.2928e-03	1.1755e-36	7.9244e-01	2.0756e-01	1.2099e-09	1.1755e-36	1.1755e-36	1.1755e-36	3.8626e-18	0.00e+00	0.00e+00	2.8056e+01
1.17129e+16	5.7089e+03	4.556e-16	3.5938e+04	8.6050e+03	2.4105e-09	7.6093e-01	2.3907e-01	9.9999e-01	1.4447e-05	2.4926e-17	8.1124e-12	1.8178e-04	9.9572e-01	4.1003e-03	1.1755e-36	8.0093e-01	1.9907e-01	1.1317e-09	1.1755e-36	1.1755e-36	1.1755e-36	3.9531e-18	0.00e+00	0.00e+00	2.8384e+01
1.17147e+16	5.6170e+03	4.270e-16	3.5938e+04	8.2752e+03	2.7422e-09	7.7043e-01	2.2957e-01	9.9999e-01	1.4435e-05	2.5582e-17	8.2779e-12	1.7561e-04	9.9591e-01	3.9133e-03	1.1755e-36	8.0933e-01	1.9067e-01	1.0581e-09	1.1755e-36	1.1755e-36	1.1755e-36	4.0589e-18	0.00e+00	0.00e+00	2.8713e+01
1.17166e+16	5.5288e+03	4.002e-16	3.5938e+04	7.9550e+03	3.1059e-09	7.7934e-01	2.2066e-01	9.9999e-01	1.4431e-05	2.6288e-17	8.4273e-12	1.6955e-04	9.9609e-01	3.7397e-03	1.1755e-36	8.1718e-01	1.8282e-01	9.9127e-10	1.1755e-36	1.1755e-36	1.1755e-36	4.1550e-18	0.00e+00	0.00e+00	2.9035e+01
1.17184e+16	5.4401e+03	3.752e-16	3.5938e+04	7.6466e+03	3.5201e-09	7.8793e-01	2.1207e-01	9.9999e-01	1.4444e-05	2.7044e-17	8.5771e-12	1.6371e-04	9.9626e-01	3.5751e-03	1.1755e-36	8.2473e-01	1.7527e-01	9.2941e-10	1.1755e-36	1.1755e-36	1.1755e-36	4.2578e-18	0.00e+00	0.00e+00	2.9359e+01
1.17202e+16	5.3503e+03	3.515e-16	3.5938e+04	7.3470e+03	3.9958e-09	7.9627e-01	2.0373e-01	9.9999e-01	1.4454e-05	2.7816e-17	8.7301e-12	1.5802e-04	9.9642e-01	3.4178e-03	1.1755e-36	8.3202e-01	1.6798e-01	8.7167e-10	1.1755e-36	1.1755e-36	1.1755e-36	4.3705e-18	0.00e+00	0.00e+00	2.9684e+01
1.17220e+16	5.2599e+03	3.293e-16	3.5938e+04	7.0584e+03	4.5381e-09	8.0429e-01	1.9571e-01	9.9999e-01	1.4463e-05	2.8607e-17	8.8878e-12	1.5252e-04	9.9658e-01	3.2688e-03	1.1755e-36	8.3903e-01	1.6097e-01	8.1815e-10	1.1755e-36	1.1755e-36	1.1755e-36	4.4964e-18	0.00e+00	0.00e+00	3.0006e+01
1.17237e+16	5.1695e+03	3.087e-16	3.5938e+04	6.7822e+03	5.1515e-09	8.1197e-01	1.8803e-01	9.9999e-01	1.4478e-05	2.9423e-17	9.0522e-12	1.4725e-04	9.9672e-01	3.1283e-03	1.1755e-36	8.4571e-01	1.5429e-01	7.6878e-10	1.1755e-36	1.1755e-36	1.1755e-36	4.6390e-18	0.00e+00	0.00e+00	3.0324e+01
1.17255e+16	5.0790e+03	2.895e-16	3.5938e+04	6.5176e+03	5.8439e-09	8.1933e-01	1.8067e-01	9.9999e-01	1.4497e-05	3.0262e-17	9.2269e-12	1.4219e-04	9.9686e-01	2.9959e-03	1.1755e-36	8.5208e-01	1.4792e-01	7.2317e-10	1.1755e-36	1.1755e-36	1.1755e-36	4.8034e-18	0.00e+00	0.00e+00	3.0639e+01
1.17271e+16	4.9882e+03	2.715e-16	3.5938e+04	6.2639e+03	6.6240e-09	8.2642e-01	1.7358e-01	9.9999e-01	1.4516e-05	3.1113e-17	9.4131e-12	1.3734e-04	9.9699e-01	2.8688e-03	1.1755e-36	8.5820e-01	1.4180e-01	6.8075e-10	1.1755e-36	1.1755e-36	1.1755e-36	4.9893e-18	0.00e+00	0.00e+00	3.0952e+01
1.17288e+16	4.8951e+03	2.547e-16	3.5938e+04	6.0184e+03	7.5016e-09	8.3325e-01	1.6675e-01	9.9999e-01	1.4539e-05	3.1989e-17	9.5814e-12	1.3265e-04	9.9713e-01	2.7366e-03	1.1755e-36	8.6409e-01	1.3591e-01	6.4130e-10	1.1755e-36	1.1755e-36	1.1755e-36	5.1476e-18	0.00e+00	0.00e+00	3.1263e+01
1.17304e+16	4.8020e+03	2.390e-16	3.5938e+04	5.7828e+03	8.4764e-09	8.3980e-01	1.6020e-01	9.9999e-01	1.4559e-05	3.2877e-17	9.7481e-12	1.2815e-04	9.9726e-01	2.6110e-03	1.1755e-36	8.6971e-01	1.3029e-01	6.0468e-10	1.1755e-36	1.1755e-36	1.1755e-36	5.3151e-18	0.00e+00	0.00e+00	3.1571e+01
1.17320e+16	4.7061e+03	2.244e-16	3.5938e+04	5.5549e+03	9.5768e-09	8.4606e-01	1.5394e-01	9.9999e-01	1.4586e-05	3.3794e-17	9.9128e-12	1.2380e-04	9.9738e-01	2.4918e-03	1.1755e-36	8.7508e-01	1.2492e-01	5.7082e-10	1.1755e-36	1.1755e-36	1.1755e-36	5.4914e-18	0.00e+00	0.00e+00	3.1876e+01
1.17336e+16	4.6136e+03	2.109e-16	3.5938e+04	5.3401e+03	1.0736e-08	8.5203e-01	1.4797e-01	9.9999e-01	1.4605e-05	3.4696e-17	1.0071e-11	1.1970e-04	9.9750e-01	2.3792e-03	1.1755e-36	8.8018e-01	1.1982e-01	5.3936e-10	1.1755e-36	1.1755e-36	1.1755e-36	5.6698e-18	0.00e+00	0.00e+00	3.2175e+01
1.17351e+16	4.5275e+03	1.987e-16	3.5938e+04	5.1450e+03	1.1891e-08	8.5753e-01	1.4247e-01	9.9999e-01	1.4604e-05	3.5522e-17	1.0215e-11	1.1597e-04	9.9761e-01	2.2763e-03	1.1755e-36	8.8486e-01	1.1514e-01	5.1109e-10	1.1755e-36	1.1755e-36	1.1755e-36	5.8388e-18	0.00e+00	0.00e+00	3.2454e+01
1.17365e+16	4.4392e+03	1.872e-16	3.5938e+04	4.9498e+03	1.3122e-08	8.6274e-01	1.3726e-01	9.9999e-01	1.4662e-05	3.6549e-17	1.0336e-11	1.1223e-04	9.9771e-01	2.1796e-03	1.1755e-36	8.8927e-01	1.1073e-01	4.8515e-10	1.1755e-36	1.1755e-36	1.1755e-36	5.9851e-18	0.00e+00	0.00e+00	3.2742e+01
1.17380e+16	4.3463e+03	1.762e-16	3.5938e+04	4.7602e+03	1.4459e-08	8.6803e-01	1.3197e-01	9.9999e-01	1.4663e-05	3.7434e-17	1.0459e-11	1.0863e-04	9.9781e-01	2.0825e-03	1.1755e-36	8.9376e-01	1.0624e-01	4.5940e-10	1.1755e-36	1.1755e-36	1.1755e-36	6.1362e-18	0.00e+00	0.00e+00	3.3037e+01
1.17395e+16	4.2517e+03	1.656e-16	3.5938e+04	4.5739e+03	1.5825e-08	8.7321e-01	1.2679e-01	9.9999e-01	1.4652e-05	3.8324e-17	1.0559e-11	1.0510e-04	9.9791e-01	1.9881e-03	1.1755e-36	8.9815e-01	1.0185e-01	4.3483e-10	1.1755e-36	1.1755e-36	1.1755e-36	6.2580e-18	0.00e+00	0.00e+00	3.3335e+01
1.17410e+16	4.1565e+03	1.557e-16	3.5938e+04	4.3943e+03	1.7157e-08	8.7819e-01	1.2181e-01	9.9999e-01	1.4610e-05	3.9139e-17	1.0628e-11	1.0172e-04	9.9800e-01	1.8977e-03	1.1755e-36	9.0237e-01	9.7629e-02	4.1164e-10	1.1755e-36	1.1755e-36	1.1755e-36	6.3341e-18	0.00e+00	0.00e+00	3.3629e+01
1.17425e+16	4.0615e+03	1.465e-16	3.5938e+04	4.2229e+03	1.8397e-08	8.8296e-01	1.1704e-01	9.9999e-01	1.4506e-05	3.9781e-17	1.0661e-11	9.8504e-05	9.9809e-01	1.8124e-03	1.1755e-36	9.0639e-01	9.3607e-02	3.9012e-10	1.1755e-36	1.1755e-36	1.1755e-36	6.3538e-18	0.00e+00	0.00e+00	3.3918e+01
1.17439e+16	3.9666e+03	1.379e-16	3.5938e+04	4.0587e+03	1.9501e-08	8.8752e-01	1.1248e-01	9.9999e-01	1.4121e-05	3.9622e-17	1.0653e-11	9.5446e-05	9.9817e-01	1.7315e-03	1.1755e-36	9.1024e-01	8.9764e-02	3.6998e-10	1.1755e-36	1.1755e-36	1.1755e-36	6.3072e-18	0.00e+00	0.00e+00	3.4204e+01
###########################
1.53721e+11	8.4090e+03	3.550e-15	3.5938e+04	3.9020e+04	3.0445e-16	1.0837e-03	9.9892e-01	5.8166e-03	9.8868e-01	5.5009e-03	3.8536e-19	3.1490e-05	9.8414e-02	8.9906e-01	2.4940e-03	2.7400e-04	2.8385e-01	7.1433e-01	1.5473e-03	1.1755e-36	1.1755e-36	2.5842e-27	0.00e+00	0.00e+00	7.5600e-05
9.22326e+11	8.4084e+03	3.550e-15	3.5938e+04	3.9023e+04	3.0525e-16	1.0836e-03	9.9892e-01	5.8169e-03	9.8869e-01	5.4967e-03	3.8596e-19	3.1447e-05	9.8404e-02	8.9907e-01	2.4981e-03	2.7386e-04	2.8376e-01	7.1443e-01	1.5421e-03	1.1755e-36	1.1755e-36	2.5944e-27	0.00e+00	0.00e+00	3.7795e-04
3.99674e+12	8.4069e+03	3.548e-15	3.5938e+04	3.9024e+04	2.9616e-16	1.0830e-03	9.9892e-01	5.8174e-03	9.8872e-01	5.4640e-03	3.7372e-19	3.1406e-05	9.8389e-02	8.9909e-01	2.4925e-03	2.7371e-04	2.8373e-01	7.1448e-01	1.5200e-03	1.1755e-36	1.1755e-36	2.4331e-27	0.00e+00	0.00e+00	1.5868e-03
1.62944e+13	8.4013e+03	3.542e-15	3.5938e+04	3.9024e+04	2.9265e-16	1.0822e-03	9.9892e-01	5.8233e-03	9.8889e-01	5.2875e-03	3.6912e-19	3.1388e-05	9.8451e-02	8.9904e-01	2.4732e-03	2.7380e-04	2.8390e-01	7.1439e-01	1.4348e-03	1.1755e-36	1.1755e-36	2.3698e-27	0.00e+00	0.00e+00	6.4185e-03
3.89221e+13	8.3858e+03	3.520e-15	3.5938e+04	3.9024e+04	2.9102e-16	1.0752e-03	9.9892e-01	5.8150e-03	9.8899e-01	5.1988e-03	3.6388e-19	3.1191e-05	9.8363e-02	8.9915e-01	2.4587e-03	2.7206e-04	2.8370e-01	7.1471e-01	1.3222e-03	1.1755e-36	1.1755e-36	2.3240e-27	0.00e+00	0.00e+00	1.2659e-02
6.83382e+13	8.3648e+03	3.497e-15	3.5938e+04	3.9023e+04	2.8823e-16	1.0687e-03	9.9893e-01	5.8129e-03	9.8927e-01	4.9201e-03	3.5675e-19	3.1046e-05	9.8344e-02	8.9920e-01	2.4282e-03	2.7079e-04	2.8376e-01	7.1479e-01	1.1841e-03	1.1755e-36	1.1755e-36	2.2460e-27	0.00e+00	0.00e+00	2.0723e-02
1.06579e+14	8.3481e+03	3.469e-15	3.5938e+04	3.9023e+04	2.8375e-16	1.0616e-03	9.9894e-01	5.8116e-03	9.8972e-01	4.4638e-03	3.4855e-19	3.0921e-05	9.8343e-02	8.9924e-01	2.3841e-03	2.6963e-04	2.8401e-01	7.1470e-01	1.0221e-03	1.1755e-36	1.1755e-36	2.1557e-27	0.00e+00	0.00e+00	3.1136e-02
1.56292e+14	8.3231e+03	3.439e-15	3.5938e+04	3.9021e+04	2.8120e-16	1.0548e-03	9.9895e-01	5.8171e-03	9.9035e-01	3.8316e-03	3.4225e-19	3.0840e-05	9.8431e-02	8.9922e-01	2.3231e-03	2.6910e-04	2.8473e-01	7.1416e-01	8.4003e-04	1.1755e-36	1.1755e-36	2.0813e-27	0.00e+00	0.00e+00	4.4585e-02
2.20919e+14	8.2976e+03	3.402e-15	3.5938e+04	3.9019e+04	2.7846e-16	1.0476e-03	9.9895e-01	5.8268e-03	9.9111e-01	3.0624e-03	3.3647e-19	3.0784e-05	9.8581e-02	8.9914e-01	2.2491e-03	2.6912e-04	2.8597e-01	7.1311e-01	6.4781e-04	1.1755e-36	1.1755e-36	2.0096e-27	0.00e+00	0.00e+00	6.1950e-02
3.04934e+14	8.2649e+03	3.361e-15	3.5938e+04	3.9017e+04	2.7657e-16	1.0408e-03	9.9896e-01	5.8453e-03	9.9192e-01	2.2311e-03	3.3183e-19	3.0786e-05	9.8875e-02	8.9893e-01	2.1646e-03	2.7013e-04	2.8796e-01	7.1131e-01	4.5988e-04	1.1755e-36	1.1755e-36	1.9408e-27	0.00e+00	0.00e+00	8.4379e-02
4.14154e+14	8.2311e+03	3.312e-15	3.5938e+04	3.9014e+04	2.7484e-16	1.0342e-03	9.9897e-01	5.8720e-03	9.9268e-01	1.4469e-03	3.2860e-19	3.0848e-05	9.9325e-02	8.9857e-01	2.0771e-03	2.7218e-04	2.9074e-01	7.0869e-01	2.9387e-04	1.1755e-36	1.1755e-36	1.8790e-27	0.00e+00	0.00e+00	1.1335e-01
5.56140e+14	8.1904e+03	3.259e-15	3.5938e+04	3.9012e+04	2.7372e-16	1.0290e-03	9.9897e-01	5.9137e-03	9.9327e-01	8.1185e-04	3.2671e-19	3.1019e-05	1.0004e-01	8.9794e-01	1.9903e-03	2.7577e-04	2.9451e-01	7.0505e-01	1.6454e-04	1.1755e-36	1.1755e-36	1.8163e-27	0.00e+00	0.00e+00	1.5083e-01
7.40721e+14	8.1474e+03	3.199e-15	3.5938e+04	3.9010e+04	2.7292e-16	1.0256e-03	9.9897e-01	5.9747e-03	9.9364e-01	3.8214e-04	3.2680e-19	3.1332e-05	1.0108e-01	8.9698e-01	1.9068e-03	2.8124e-04	2.9937e-01	7.0027e-01	7.8399e-05	1.1755e-36	1.1755e-36	1.7574e-27	0.00e+00	0.00e+00	1.9938e-01
9.80677e+14	8.1000e+03	3.134e-15	3.5938e+04	3.9009e+04	2.7411e-16	1.0258e-03	9.9897e-01	6.0666e-03	9.9379e-01	1.4578e-04	3.3129e-19	3.1869e-05	1.0263e-01	8.9552e-01	1.8226e-03	2.8949e-04	3.0566e-01	6.9402e-01	3.0916e-05	1.1755e-36	1.1755e-36	1.7184e-27	0.00e+00	0.00e+00	2.6252e-01
1.29262e+15	8.0519e+03	3.064e-15	3.5938e+04	3.9008e+04	2.7689e-16	1.0316e-03	9.9897e-01	6.2048e-03	9.9375e-01	4.3542e-05	3.4146e-19	3.2744e-05	1.0490e-01	8.9333e-01	1.7307e-03	3.0194e-04	3.1397e-01	6.8572e-01	1.0020e-05	1.1755e-36	1.1755e-36	1.6976e-27	0.00e+00	0.00e+00	3.4505e-01
1.69814e+15	8.0044e+03	2.993e-15	3.5938e+04	3.9006e+04	2.8364e-16	1.0466e-03	9.9895e-01	6.4163e-03	9.9357e-01	9.9240e-06	3.6297e-19	3.4148e-05	1.0829e-01	8.9005e-01	1.6231e-03	3.2104e-04	3.2525e-01	6.7443e-01	2.9076e-06	1.1755e-36	1.1755e-36	1.7244e-27	0.00e+00	0.00e+00	4.5392e-01
2.22533e+15	7.9648e+03	2.921e-15	3.5938e+04	3.9004e+04	2.9633e-16	1.0765e-03	9.9892e-01	6.7447e-03	9.9325e-01	1.7323e-06	4.0466e-19	3.6392e-05	1.1339e-01	8.8509e-01	1.4930e-03	3.5097e-04	3.4096e-01	6.5868e-01	1.0409e-06	1.1755e-36	1.1755e-36	1.8345e-27	0.00e+00	0.00e+00	5.9949e-01
2.91066e+15	7.9312e+03	2.857e-15	3.5938e+04	3.9000e+04	3.2077e-16	1.1324e-03	9.9887e-01	7.2760e-03	9.9272e-01	2.4345e-07	4.8646e-19	4.0127e-05	1.2140e-01	8.7723e-01	1.3328e-03	4.0040e-04	3.6376e-01	6.3584e-01	6.1251e-07	1.1755e-36	1.1755e-36	2.0979e-27	0.00e+00	0.00e+00	7.9856e-01
3.80160e+15	7.9243e+03	2.805e-15	3.5938e+04	3.8992e+04	3.6876e-16	1.2330e-03	9.9877e-01	8.1716e-03	9.9183e-01	2.9623e-08	6.6567e-19	4.6498e-05	1.3437e-01	8.6445e-01	1.1395e-03	4.8620e-04	3.9771e-01	6.0180e-01	4.5922e-07	1.1755e-36	1.1755e-36	2.7691e-27	0.00e+00	0.00e+00	1.0803e+00
4.71584e+15	7.9412e+03	2.769e-15	3.5938e+04	3.8982e+04	4.2883e-16	1.3625e-03	9.9864e-01	9.3466e-03	9.9065e-01	4.5648e-09	9.4186e-19	5.4736e-05	1.5059e-01	8.4839e-01	9.6207e-04	6.0198e-04	4.3719e-01	5.6220e-01	3.6465e-07	1.1755e-36	1.1755e-36	3.7947e-27	0.00e+00	0.00e+00	1.3343e+00
5.38283e+15	7.9826e+03	2.765e-15	3.5938e+04	3.8974e+04	4.9052e-16	1.4918e-03	9.9851e-01	1.0530e-02	9.8947e-01	1.4498e-09	1.2865e-18	6.2872e-05	1.6600e-01	8.3309e-01	8.4070e-04	7.2066e-04	4.7164e-01	5.2764e-01	3.0631e-07	1.1755e-36	1.1755e-36	5.1275e-27	0.00e+00	0.00e+00	1.5078e+00
5.85022e+15	8.0292e+03	2.775e-15	3.5938e+04	3.8965e+04	5.5468e-16	1.6120e-03	9.9839e-01	1.1641e-02	9.8836e-01	7.0969e-10	1.6980e-18	7.0489e-05	1.7983e-01	8.1934e-01	7.5493e-04	8.3408e-04	5.0026e-01	4.9890e-01	2.6588e-07	1.1755e-36	1.1755e-36	6.8038e-27	0.00e+00	0.00e+00	1.6622e+00
6.33568e+15	8.0852e+03	2.792e-15	3.5938e+04	3.8953e+04	6.5261e-16	1.7697e-03	9.9823e-01	1.3145e-02	9.8686e-01	3.5348e-10	2.4069e-18	8.0574e-05	1.9764e-01	8.0161e-01	6.6326e-04	9.8882e-04	5.3440e-01	4.6462e-01	2.2438e-07	1.1755e-36	1.1755e-36	9.8319e-27	0.00e+00	0.00e+00	1.8826e+00
6.85984e+15	8.1598e+03	2.819e-15	3.5938e+04	3.8939e+04	7.8507e-16	1.9760e-03	9.9802e-01	1.5228e-02	9.8477e-01	1.8061e-10	3.5937e-18	9.3931e-05	2.2071e-01	7.7863e-01	5.7003e-04	1.2027e-03	5.7532e-01	4.2348e-01	1.8280e-07	1.1755e-36	1.1755e-36	1.5002e-26	0.00e+00	0.00e+00	2.1065e+00
7.30180e+15	8.2278e+03	2.854e-15	3.5938e+04	3.8922e+04	9.4501e-16	2.1984e-03	9.9780e-01	1.7624e-02	9.8238e-01	1.0909e-10	5.2867e-18	1.0847e-04	2.4525e-01	7.5414e-01	4.9205e-04	1.4450e-03	6.1484e-01	3.8371e-01	1.4905e-07	1.1755e-36	1.1755e-36	2.2628e-26	0.00e+00	0.00e+00	2.2983e+00
7.64997e+15	8.3070e+03	2.882e-15	3.5938e+04	3.8908e+04	1.1159e-15	2.4121e-03	9.9759e-01	2.0147e-02	9.7985e-01	7.6150e-11	7.5003e-18	1.2271e-04	2.6887e-01	7.3057e-01	4.3125e-04	1.6893e-03	6.4934e-01	3.4897e-01	1.1755e-36	1.1755e-36	1.1755e-36	3.3329e-26	0.00e+00	0.00e+00	2.4690e+00
7.95386e+15	8.3572e+03	2.917e-15	3.5938e+04	3.8890e+04	1.3145e-15	2.6430e-03	9.9736e-01	2.3045e-02	9.7696e-01	5.6613e-11	1.0388e-17	1.3814e-04	2.9392e-01	7.0556e-01	3.7647e-04	1.9608e-03	6.8231e-01	3.1573e-01	1.1755e-36	1.1755e-36	1.1755e-36	4.7047e-26	0.00e+00	0.00e+00	2.6464e+00
8.24655e+15	8.4343e+03	2.947e-15	3.5938e+04	3.8870e+04	1.5466e-15	2.9035e-03	9.9710e-01	2.6632e-02	9.7337e-01	4.3306e-11	1.4591e-17	1.5567e-04	3.2212e-01	6.7740e-01	3.2516e-04	2.2790e-03	7.1595e-01	2.8177e-01	1.1755e-36	1.1755e-36	1.1755e-36	6.7918e-26	0.00e+00	0.00e+00	2.8372e+00
8.52873e+15	8.4956e+03	2.986e-15	3.5938e+04	3.8840e+04	1.8298e-15	3.2123e-03	9.9679e-01	3.1247e-02	9.6875e-01	3.3825e-11	2.0518e-17	1.7629e-04	3.5476e-01	6.4479e-01	2.7554e-04	2.6652e-03	7.5055e-01	2.4679e-01	1.1755e-36	1.1755e-36	1.1755e-36	9.6441e-26	0.00e+00	0.00e+00	3.0375e+00
8.78809e+15	8.5695e+03	3.025e-15	3.5938e+04	3.8818e+04	2.2460e-15	3.5540e-03	9.9645e-01	3.7176e-02	9.6282e-01	2.7259e-11	3.0031e-17	1.9887e-04	3.9045e-01	6.0912e-01	2.3092e-04	3.1046e-03	7.8397e-01	2.1292e-01	1.1755e-36	1.1755e-36	1.1755e-36	1.4928e-25	0.00e+00	0.00e+00	3.2342e+00
9.01811e+15	8.6182e+03	3.066e-15	3.5938e+04	3.8772e+04	2.6534e-15	3.9318e-03	9.9607e-01	4.4381e-02	9.5562e-01	2.2505e-11	4.1450e-17	2.2392e-04	4.2875e-01	5.7084e-01	1.9119e-04	3.5973e-03	8.1495e-01	1.8145e-01	1.1755e-36	1.1755e-36	1.1755e-36	2.0621e-25	0.00e+00	0.00e+00	3.4271e+00
9.22380e+15	8.6680e+03	3.108e-15	3.5938e+04	3.8734e+04	3.2388e-15	4.3393e-03	9.9566e-01	5.3595e-02	9.4641e-01	1.8959e-11	5.8736e-17	2.5031e-04	4.6886e-01	5.3073e-01	1.5652e-04	4.1369e-03	8.4324e-01	1.5262e-01	1.1755e-36	1.1755e-36	1.1755e-36	3.0469e-25	0.00e+00	0.00e+00	3.6193e+00
9.41269e+15	8.7156e+03	3.149e-15	3.5938e+04	3.8678e+04	3.8926e-15	4.7891e-03	9.9521e-01	6.5571e-02	9.3443e-01	1.6071e-11	8.1377e-17	2.7845e-04	5.1154e-01	4.8806e-01	1.2570e-04	4.7393e-03	8.6940e-01	1.2586e-01	1.1755e-36	1.1755e-36	1.1755e-36	4.3261e-25	0.00e+00	0.00e+00	3.8177e+00
9.56525e+15	8.7679e+03	3.187e-15	3.5938e+04	3.8633e+04	4.6268e-15	5.2158e-03	9.9478e-01	7.9822e-02	9.2018e-01	1.3889e-11	1.0967e-16	3.0441e-04	5.5111e-01	4.4849e-01	1.0209e-04	5.3175e-03	8.9072e-01	1.0396e-01	1.1755e-36	1.1755e-36	1.1755e-36	6.0807e-25	0.00e+00	0.00e+00	3.9627e+00
9.66881e+15	8.7916e+03	3.212e-15	3.5938e+04	3.8562e+04	5.3609e-15	5.5564e-03	9.9444e-01	9.2822e-02	9.0718e-01	1.2490e-11	1.3799e-16	3.2463e-04	5.8126e-01	4.1833e-01	8.6365e-05	5.7797e-03	9.0517e-01	8.9052e-02	1.1755e-36	1.1755e-36	1.1755e-36	7.9856e-25	0.00e+00	0.00e+00	4.0694e+00
9.75005e+15	8.8133e+03	3.233e-15	3.5938e+04	3.8514e+04	5.9922e-15	5.8525e-03	9.9415e-01	1.0624e-01	8.9376e-01	1.1466e-11	1.6504e-16	3.4165e-04	6.0655e-01	3.9304e-01	7.4411e-05	6.1822e-03	9.1623e-01	7.7585e-02	1.1755e-36	1.1755e-36	1.1755e-36	9.8112e-25	0.00e+00	0.00e+00	4.1728e+00
9.83963e+15	8.8328e+03	3.253e-15	3.5938e+04	3.8448e+04	6.8413e-15	6.2175e-03	9.9378e-01	1.2525e-01	8.7475e-01	1.0313e-11	2.0285e-16	3.6147e-04	6.3590e-01	3.6368e-01	6.1733e-05	6.6772e-03	9.2799e-01	6.5336e-02	1.1755e-36	1.1755e-36	1.1755e-36	1.2450e-24	0.00e+00	0.00e+00	4.3157e+00
9.93270e+15	8.8596e+03	3.279e-15	3.5938e+04	3.8374e+04	7.8327e-15	6.6337e-03	9.9337e-01	1.5237e-01	8.4763e-01	8.9734e-12	2.5155e-16	3.8277e-04	6.6789e-01	3.3168e-01	4.9728e-05	7.2428e-03	9.3985e-01	5.2902e-02	1.1755e-36	1.1755e-36	1.1755e-36	1.5922e-24	0.00e+00	0.00e+00	4.4435e+00
1.00045e+16	8.8764e+03	3.297e-15	3.5938e+04	3.8280e+04	8.7906e-15	6.9937e-03	9.9301e-01	1.8159e-01	8.1841e-01	7.9332e-12	3.0014e-16	4.0031e-04	6.9413e-01	3.0543e-01	4.0985e-05	7.7323e-03	9.4883e-01	4.3433e-02	1.1755e-36	1.1755e-36	1.1755e-36	1.9507e-24	0.00e+00	0.00e+00	4.5368e+00
1.00569e+16	8.8868e+03	3.308e-15	3.5938e+04	3.8179e+04	9.5981e-15	7.2782e-03	9.9272e-01	2.0935e-01	7.9065e-01	7.1658e-12	3.4251e-16	4.1325e-04	7.1371e-01	2.8584e-01	3.4968e-05	8.1186e-03	9.5512e-01	3.6765e-02	1.1755e-36	1.1755e-36	1.1755e-36	2.2679e-24	0.00e+00	0.00e+00	4.6127e+00
1.01025e+16	8.8988e+03	3.313e-15	3.5938e+04	3.8076e+04	1.0365e-14	7.5412e-03	9.9246e-01	2.3927e-01	7.6073e-01	6.4687e-12	3.8495e-16	4.2439e-04	7.3070e-01	2.6884e-01	3.0046e-05	8.4749e-03	9.6029e-01	3.1238e-02	1.1755e-36	1.1755e-36	1.1755e-36	2.5904e-24	0.00e+00	0.00e+00	4.6899e+00
1.01544e+16	8.9091e+03	3.317e-15	3.5938e+04	3.7950e+04	1.1378e-14	7.8689e-03	9.9213e-01	2.8201e-01	7.1799e-01	5.6505e-12	4.4207e-16	4.3704e-04	7.4987e-01	2.4967e-01	2.4797e-05	8.9150e-03	9.6575e-01	2.5331e-02	1.1755e-36	1.1755e-36	1.1755e-36	3.0317e-24	0.00e+00	0.00e+00	4.7947e+00
1.02083e+16	8.9230e+03	3.317e-15	3.5938e+04	3.7785e+04	1.2558e-14	8.2279e-03	9.9177e-01	3.3918e-01	6.6082e-01	4.6419e-12	5.1185e-16	4.4957e-04	7.6899e-01	2.3054e-01	1.9992e-05	9.3953e-03	9.7098e-01	1.9623e-02	1.1755e-36	1.1755e-36	1.1755e-36	3.5831e-24	0.00e+00	0.00e+00	4.8867e+00
1.02512e+16	8.9305e+03	3.312e-15	3.5938e+04	3.7597e+04	1.3598e-14	8.5274e-03	9.9147e-01	3.9782e-01	6.0218e-01	3.8478e-12	5.7497e-16	4.5845e-04	7.8351e-01	2.1601e-01	1.6537e-05	9.7941e-03	9.7476e-01	1.5443e-02	1.1755e-36	1.1755e-36	1.1755e-36	4.0735e-24	0.00e+00	0.00e+00	4.9572e+00
1.02852e+16	8.9313e+03	3.303e-15	3.5938e+04	3.7406e+04	1.4524e-14	8.7776e-03	9.9122e-01	4.5382e-01	5.4618e-01	3.2471e-12	6.3083e-16	4.6452e-04	7.9431e-01	2.0521e-01	1.4029e-05	1.0125e-02	9.7742e-01	1.2458e-02	1.1755e-36	1.1755e-36	1.1755e-36	4.4986e-24	0.00e+00	0.00e+00	5.0202e+00
1.03216e+16	8.9385e+03	3.286e-15	3.5938e+04	3.7198e+04	1.5627e-14	9.0645e-03	9.9094e-01	5.2153e-01	4.7847e-01	2.6069e-12	7.0089e-16	4.7080e-04	8.0484e-01	1.9468e-01	1.1580e-05	1.0500e-02	9.7982e-01	9.6818e-03	1.1755e-36	1.1755e-36	1.1755e-36	5.0539e-24	0.00e+00	0.00e+00	5.1048e+00
1.03689e+16	8.9352e+03	3.265e-15	3.5938e+04	3.6931e+04	1.7346e-14	9.4749e-03	9.9053e-01	6.1870e-01	3.8130e-01	1.8292e-12	8.0658e-16	4.7794e-04	8.1677e-01	1.8275e-01	8.8520e-06	1.1028e-02	9.8223e-01	6.7460e-03	1.1755e-36	1.1755e-36	1.1755e-36	5.9018e-24	0.00e+00	0.00e+00	5.2197e+00
1.04171e+16	8.9389e+03	3.238e-15	3.5938e+04	3.6613e+04	1.9180e-14	9.9030e-03	9.9010e-01	7.2251e-01	2.7749e-01	1.1342e-12	9.2452e-16	4.8299e-04	8.2646e-01	1.7305e-01	6.6302e-06	1.1573e-02	9.8399e-01	4.4393e-03	1.1755e-36	1.1755e-36	1.1755e-36	6.8589e-24	0.00e+00	0.00e+00	5.3164e+00
1.04579e+16	8.9339e+03	3.214e-15	3.5938e+04	3.6311e+04	2.0979e-14	1.0290e-02	9.8971e-01	8.0264e-01	1.9736e-01	7.1305e-13	1.0331e-15	4.8585e-04	8.3290e-01	1.6661e-01	5.0890e-06	1.2060e-02	9.8491e-01	3.0303e-03	1.1755e-36	1.1755e-36	1.1755e-36	7.7691e-24	0.00e+00	0.00e+00	5.4062e+00
1.05021e+16	8.9313e+03	3.196e-15	3.5938e+04	3.6051e+04	2.3191e-14	1.0758e-02	9.8924e-01	8.7091e-01	1.2909e-01	4.1326e-13	1.1647e-15	4.8887e-04	8.3857e-01	1.6094e-01	3.7387e-06	1.2643e-02	9.8537e-01	1.9838e-03	1.1755e-36	1.1755e-36	1.1755e-36	8.9727e-24	0.00e+00	0.00e+00	5.5283e+00
1.05596e+16	8.9302e+03	3.192e-15	3.5938e+04	3.5828e+04	2.6502e-14	1.1444e-02	9.8856e-01	9.2951e-01	7.0486e-02	1.9232e-13	1.3568e-15	4.9319e-04	8.4459e-01	1.5492e-01	2.4628e-06	1.3489e-02	9.8537e-01	1.1370e-03	1.1755e-36	1.1755e-36	1.1755e-36	1.0925e-23	0.00e+00	0.00e+00	5.6971e+00
1.06344e+16	8.9360e+03	3.210e-15	3.5938e+04	3.5651e+04	3.1584e-14	1.2470e-02	9.8753e-01	9.6875e-01	3.1249e-02	7.0846e-14	1.6477e-15	4.9914e-04	8.5122e-01	1.4828e-01	1.4028e-06	1.4747e-02	9.8470e-01	5.5123e-04	1.1755e-36	1.1755e-36	1.1755e-36	1.4254e-23	0.00e+00	0.00e+00	5.9363e+00
1.07316e+16	8.9470e+03	3.258e-15	3.5938e+04	3.5518e+04	4.0113e-14	1.4084e-02	9.8592e-01	9.8864e-01	1.1361e-02	2.0973e-14	2.1322e-15	5.0754e-04	8.5930e-01	1.4019e-01	6.6132e-07	1.6720e-02	9.8306e-01	2.1859e-04	1.1755e-36	1.1755e-36	1.1755e-36	2.0538e-23	0.00e+00	0.00e+00	6.2874e+00
1.08579e+16	8.9572e+03	3.342e-15	3.5938e+04	3.5404e+04	5.6828e-14	1.6822e-02	9.8318e-01	9.9646e-01	3.5416e-03	5.2461e-15	3.0800e-15	5.1937e-04	8.7015e-01	1.2933e-01	2.4247e-07	2.0065e-02	9.7987e-01	6.8097e-05	1.1755e-36	1.1755e-36	1.1755e-36	3.4905e-23	0.00e+00	0.00e+00	6.8326e+00
1.09852e+16	8.9630e+03	3.452e-15	3.5938e+04	3.5280e+04	8.6456e-14	2.0745e-02	9.7925e-01	9.9873e-01	1.2748e-03	1.5649e-15	4.7618e-15	5.3174e-04	8.8188e-01	1.1759e-01	1.1755e-36	2.4858e-02	9.7512e-01	2.1164e-05	1.1755e-36	1.1755e-36	1.1755e-36	6.6024e-23	0.00e+00	0.00e+00	7.3584e+00
1.10828e+16	8.9598e+03	3.542e-15	3.5938e+04	3.5106e+04	1.2861e-13	2.5132e-02	9.7487e-01	9.9933e-01	6.7379e-04	7.3967e-16	7.1441e-15	5.4137e-04	8.9203e-01	1.0743e-01	1.1755e-36	3.0219e-02	9.6977e-01	8.8755e-06	1.1755e-36	1.1755e-36	1.1755e-36	1.2016e-22	0.00e+00	0.00e+00	7.8349e+00
1.11633e+16	8.9424e+03	3.616e-15	3.5938e+04	3.4895e+04	1.9005e-13	3.0192e-02	9.6981e-01	9.9958e-01	4.2447e-04	4.2721e-16	1.0565e-14	5.4894e-04	9.0137e-01	9.8086e-02	1.1755e-36	3.6401e-02	9.6359e-01	4.3239e-06	1.1755e-36	1.1755e-36	1.1755e-36	2.1438e-22	0.00e+00	0.00e+00	8.3658e+00
1.12399e+16	8.9108e+03	3.688e-15	3.5938e+04	3.4652e+04	2.9435e-13	3.6949e-02	9.6305e-01	9.9972e-01	2.8213e-04	2.6185e-16	1.6282e-14	5.5625e-04	9.1116e-01	8.8287e-02	1.1755e-36	4.4648e-02	9.5535e-01	2.1497e-06	1.1755e-36	1.1755e-36	1.1755e-36	4.0717e-22	0.00e+00	0.00e+00	9.0010e+00
1.13112e+16	8.8658e+03	3.750e-15	3.5938e+04	3.4324e+04	4.7776e-13	4.6080e-02	9.5392e-01	9.9981e-01	1.9376e-04	1.6756e-16	2.6101e-14	5.6225e-04	9.2115e-01	7.8287e-02	1.1755e-36	5.5767e-02	9.4423e-01	1.0990e-06	1.1755e-36	1.1755e-36	1.1755e-36	8.2072e-22	0.00e+00	0.00e+00	9.7002e+00
1.13715e+16	8.8106e+03	3.790e-15	3.5938e+04	3.3911e+04	7.8237e-13	5.7560e-02	9.4244e-01	9.9986e-01	1.3957e-04	1.1427e-16	4.1912e-14	5.6591e-04	9.3048e-01	6.8954e-02	1.1755e-36	6.9697e-02	9.3030e-01	6.0542e-07	1.1755e-36	1.1755e-36	1.1755e-36	1.6597e-21	0.00e+00	0.00e+00	1.0402e+01
1.14199e+16	8.7494e+03	3.801e-15	3.5938e+04	3.3423e+04	1.2557e-12	7.1086e-02	9.2891e-01	9.9989e-01	1.0566e-04	8.3152e-17	6.5574e-14	5.6690e-04	9.3867e-01	6.0759e-02	1.1755e-36	8.6030e-02	9.1397e-01	3.6264e-07	1.1755e-36	1.1755e-36	1.1755e-36	3.2311e-21	0.00e+00	0.00e+00	1.1095e+01
1.14596e+16	8.6821e+03	3.786e-15	3.5938e+04	3.2885e+04	1.9872e-12	8.7045e-02	9.1295e-01	9.9992e-01	8.2902e-05	6.3333e-17	1.0068e-13	5.6591e-04	9.4597e-01	5.3462e-02	1.1755e-36	1.0518e-01	8.9482e-01	2.2956e-07	1.1755e-36	1.1755e-36	1.1755e-36	6.1233e-21	0.00e+00	0.00e+00	1.1814e+01
1.14933e+16	8.6099e+03	3.735e-15	3.5938e+04	3.2211e+04	3.1224e-12	1.0600e-01	8.9400e-01	9.9993e-01	6.6213e-05	4.9608e-17	1.5246e-13	5.6168e-04	9.5251e-01	4.6929e-02	1.1755e-36	1.2776e-01	8.7224e-01	1.5046e-07	1.1755e-36	1.1755e-36	1.1755e-36	1.1375e-20	0.00e+00	0.00e+00	1.2561e+01
1.15222e+16	8.5316e+03	3.649e-15	3.5938e+04	3.1408e+04	4.8832e-12	1.2846e-01	8.7154e-01	9.9995e-01	5.3781e-05	3.9870e-17	2.2822e-13	5.5445e-04	9.5839e-01	4.1058e-02	1.1755e-36	1.5426e-01	8.4574e-01	1.0123e-07	1.1755e-36	1.1755e-36	1.1755e-36	2.0790e-20	0.00e+00	0.00e+00	1.3340e+01
1.15472e+16	8.4454e+03	3.524e-15	3.5938e+04	3.0461e+04	7.6159e-12	1.5494e-01	8.4506e-01	9.9996e-01	4.4299e-05	3.2778e-17	3.3790e-13	5.4400e-04	9.6368e-01	3.5779e-02	1.1755e-36	1.8517e-01	8.1483e-01	6.9413e-08	1.1755e-36	1.1755e-36	1.1755e-36	3.7419e-20	0.00e+00	0.00e+00	1.4159e+01
1.15693e+16	8.3502e+03	3.352e-15	3.5938e+04	2.9283e+04	1.1892e-11	1.8615e-01	8.1385e-01	9.9996e-01	3.6986e-05	2.7615e-17	4.9496e-13	5.2888e-04	9.6844e-01	3.1029e-02	1.1755e-36	2.2113e-01	7.7887e-01	4.8053e-08	1.1755e-36	1.1755e-36	1.1755e-36	6.6298e-20	0.00e+00	0.00e+00	1.5047e+01
1.15897e+16	8.2354e+03	3.135e-15	3.5938e+04	2.7917e+04	1.8978e-11	2.2429e-01	7.7571e-01	9.9997e-01	3.1111e-05	2.3637e-17	7.3013e-13	5.1005e-04	9.7293e-01	2.6563e-02	1.1755e-36	2.6438e-01	7.3562e-01	3.3040e-08	1.1755e-36	1.1755e-36	1.1755e-36	1.1893e-19	0.00e+00	0.00e+00	1.6045e+01
1.16075e+16	8.1056e+03	2.877e-15	3.5938e+04	2.6351e+04	3.0132e-11	2.6766e-01	7.3234e-01	9.9997e-01	2.6365e-05	2.0623e-17	1.0547e-12	4.8698e-04	9.7686e-01	2.2655e-02	1.1755e-36	3.1266e-01	6.8734e-01	2.3042e-08	1.1755e-36	1.1755e-36	1.1755e-36	2.0688e-19	0.00e+00	0.00e+00	1.7020e+01
1.16209e+16	7.9824e+03	2.636e-15	3.5938e+04	2.4895e+04	4.4340e-11	3.0817e-01	6.9183e-01	9.9998e-01	2.3179e-05	1.8752e-17	1.4133e-12	4.6456e-04	9.7979e-01	1.9742e-02	1.1755e-36	3.5690e-01	6.4310e-01	1.7173e-08	1.1755e-36	1.1755e-36	1.1755e-36	3.2153e-19	0.00e+00	0.00e+00	1.7775e+01
1.16300e+16	7.8825e+03	2.447e-15	3.5938e+04	2.3751e+04	5.8786e-11	3.3999e-01	6.6001e-01	9.9998e-01	2.1494e-05	1.7919e-17	1.7324e-12	4.4643e-04	9.8175e-01	1.7804e-02	1.1755e-36	3.9110e-01	6.0890e-01	1.3883e-08	1.1755e-36	1.1755e-36	1.1755e-36	4.3693e-19	0.00e+00	0.00e+00	1.8345e+01
1.16368e+16	7.7918e+03	2.296e-15	3.5938e+04	2.2846e+04	7.3797e-11	3.6668e-01	6.3332e-01	9.9998e-01	2.0466e-05	1.7486e-17	2.0293e-12	4.3195e-04	9.8321e-01	1.6357e-02	1.1755e-36	4.1940e-01	5.8060e-01	1.1724e-08	1.1755e-36	1.1755e-36	1.1755e-36	5.5473e-19	0.00e+00	0.00e+00	1.8855e+01
1.16429e+16	7.7041e+03	2.145e-15	3.5938e+04	2.1908e+04	9.1365e-11	3.9275e-01	6.0725e-01	9.9998e-01	1.9597e-05	1.7223e-17	2.3381e-12	4.1661e-04	9.8450e-01	1.5086e-02	1.1755e-36	4.4672e-01	5.5328e-01	9.9809e-09	1.1755e-36	1.1755e-36	1.1755e-36	6.8628e-19	0.00e+00	0.00e+00	1.9408e+01
1.16489e+16	7.6155e+03	1.990e-15	3.5938e+04	2.0909e+04	1.1257e-10	4.1906e-01	5.8094e-01	9.9998e-01	1.8641e-05	1.6936e-17	2.6656e-12	3.9996e-04	9.8568e-01	1.3918e-02	1.1755e-36	4.7397e-01	5.2603e-01	8.5188e-09	1.1755e-36	1.1755e-36	1.1755e-36	8.3449e-19	0.00e+00	0.00e+00	1.9958e+01
1.16543e+16	7.5244e+03	1.852e-15	3.5938e+04	2.0012e+04	1.3689e-10	4.4398e-01	5.5602e-01	9.9998e-01	1.7846e-05	1.6721e-17	2.9990e-12	3.8495e-04	9.8672e-01	1.2893e-02	1.1755e-36	4.9949e-01	5.0051e-01	7.3703e-09	1.1755e-36	1.1755e-36	1.1755e-36	9.9494e-19	0.00e+00	0.00e+00	2.0446e+01
1.16588e+16	7.4372e+03	1.729e-15	3.5938e+04	1.9198e+04	1.6329e-10	4.6660e-01	5.3340e-01	9.9998e-01	1.7328e-05	1.6723e-17	3.3171e-12	3.7119e-04	9.8760e-01	1.2028e-02	1.1755e-36	5.2241e-01	4.7759e-01	6.4768e-09	1.1755e-36	1.1755e-36	1.1755e-36	1.1556e-18	0.00e+00	0.00e+00	2.0904e+01
1.16630e+16	7.3505e+03	1.615e-15	3.5938e+04	1.8422e+04	1.9307e-10	4.8816e-01	5.1184e-01	9.9998e-01	1.6884e-05	1.6783e-17	3.6332e-12	3.5797e-04	9.8839e-01	1.1253e-02	1.1755e-36	5.4405e-01	4.5595e-01	5.7341e-09	1.1755e-36	1.1755e-36	1.1755e-36	1.3219e-18	0.00e+00	0.00e+00	2.1356e+01
1.16670e+16	7.2624e+03	1.507e-15	3.5938e+04	1.7666e+04	2.2731e-10	5.0915e-01	4.9085e-01	9.9998e-01	1.6479e-05	1.6882e-17	3.9521e-12	3.4500e-04	9.8912e-01	1.0540e-02	1.1755e-36	5.6492e-01	4.3508e-01	5.0975e-09	1.1755e-36	1.1755e-36	1.1755e-36	1.4958e-18	0.00e+00	0.00e+00	2.1803e+01
1.16708e+16	7.1738e+03	1.405e-15	3.5938e+04	1.6939e+04	2.6625e-10	5.2936e-01	4.7064e-01	9.9998e-01	1.6122e-05	1.7028e-17	4.2687e-12	3.3242e-04	9.8978e-01	9.8877e-03	1.1755e-36	5.8484e-01	4.1516e-01	4.5537e-09	1.1755e-36	1.1755e-36	1.1755e-36	1.6737e-18	0.00e+00	0.00e+00	2.2238e+01
1.16737e+16	7.0985e+03	1.329e-15	3.5938e+04	1.6387e+04	3.0232e-10	5.4526e-01	4.5474e-01	9.9998e-01	1.5723e-05	1.7003e-17	4.5282e-12	3.2286e-04	9.9028e-01	9.3929e-03	1.1755e-36	6.0038e-01	3.9962e-01	4.1721e-09	1.1755e-36	1.1755e-36	1.1755e-36	1.8237e-18	0.00e+00	0.00e+00	2.2526e+01
1.16758e+16	7.0480e+03	1.273e-15	3.5938e+04	1.5970e+04	3.3020e-10	5.5653e-01	4.4347e-01	9.9998e-01	1.5679e-05	1.7286e-17	4.7093e-12	3.1555e-04	9.9063e-01	9.0548e-03	1.1755e-36	6.1133e-01	3.8867e-01	3.9162e-09	1.1755e-36	1.1755e-36	1.1755e-36	1.9292e-18	0.00e+00	0.00e+00	2.2764e+01
1.16778e+16	6.9927e+03	1.219e-15	3.5938e+04	1.5558e+04	3.6177e-10	5.6783e-01	4.3217e-01	9.9998e-01	1.5626e-05	1.7560e-17	4.8940e-12	3.0831e-04	9.9097e-01	8.7263e-03	1.1755e-36	6.2226e-01	3.7774e-01	3.6756e-09	1.1755e-36	1.1755e-36	1.1755e-36	2.0376e-18	0.00e+00	0.00e+00	2.3036e+01
1.16801e+16	6.9211e+03	1.161e-15	3.5938e+04	1.5111e+04	4.0420e-10	5.8098e-01	4.1902e-01	9.9998e-01	1.5449e-05	1.7717e-17	5.1208e-12	3.0052e-04	9.9135e-01	8.3538e-03	1.1755e-36	6.3491e-01	3.6509e-01	3.4174e-09	1.1755e-36	1.1755e-36	1.1755e-36	2.1741e-18	0.00e+00	0.00e+00	2.3345e+01
1.16824e+16	6.8575e+03	1.101e-15	3.5938e+04	1.4644e+04	4.4861e-10	5.9382e-01	4.0618e-01	9.9998e-01	1.5257e-05	1.7909e-17	5.3354e-12	2.9220e-04	9.9171e-01	7.9991e-03	1.1755e-36	6.4719e-01	3.5281e-01	3.1774e-09	1.1755e-36	1.1755e-36	1.1755e-36	2.3033e-18	0.00e+00	0.00e+00	2.3648e+01
1.16846e+16	6.7918e+03	1.045e-15	3.5938e+04	1.4191e+04	4.9778e-10	6.0627e-01	3.9373e-01	9.9998e-01	1.5138e-05	1.8185e-17	5.5451e-12	2.8414e-04	9.9205e-01	7.6642e-03	1.1755e-36	6.5903e-01	3.4097e-01	2.9601e-09	1.1755e-36	1.1755e-36	1.1755e-36	2.4301e-18	0.00e+00	0.00e+00	2.3947e+01
1.16867e+16	6.7241e+03	9.913e-16	3.5938e+04	1.3747e+04	5.5286e-10	6.1853e-01	3.8147e-01	9.9998e-01	1.5033e-05	1.8483e-17	5.7531e-12	2.7621e-04	9.9238e-01	7.3427e-03	1.1755e-36	6.7063e-01	3.2937e-01	2.7595e-09	1.1755e-36	1.1755e-36	1.1755e-36	2.5563e-18	0.00e+00	0.00e+00	2.4249e+01
1.16889e+16	6.6553e+03	9.390e-16	3.5938e+04	1.3304e+04	6.1420e-10	6.3059e-01	3.6941e-01	9.9999e-01	1.4938e-05	1.8815e-17	5.9556e-12	2.6825e-04	9.9270e-01	7.0338e-03	1.1755e-36	6.8199e-01	3.1801e-01	2.5732e-09	1.1755e-36	1.1755e-36	1.1755e-36	2.6784e-18	0.00e+00	0.00e+00	2.4554e+01
1.16910e+16	6.5817e+03	8.885e-16	3.5938e+04	1.2876e+04	6.8574e-10	6.4289e-01	3.5711e-01	9.9999e-01	1.4835e-05	1.9130e-17	6.1714e-12	2.6057e-04	9.9301e-01	6.7269e-03	1.1755e-36	6.9349e-01	3.0651e-01	2.3966e-09	1.1755e-36	1.1755e-36	1.1755e-36	2.8118e-18	0.00e+00	0.00e+00	2.4865e+01
1.16931e+16	6.5098e+03	8.401e-16	3.5938e+04	1.2451e+04	7.6339e-10	6.5465e-01	3.4535e-01	9.9999e-01	1.4746e-05	1.9487e-17	6.3716e-12	2.5288e-04	9.9331e-01	6.4393e-03	1.1755e-36	7.0444e-01	2.9556e-01	2.2360e-09	1.1755e-36	1.1755e-36	1.1755e-36	2.9333e-18	0.00e+00	0.00e+00	2.5170e+01
1.16952e+16	6.4370e+03	7.940e-16	3.5938e+04	1.2038e+04	8.5018e-10	6.6617e-01	3.3383e-01	9.9999e-01	1.4684e-05	1.9890e-17	6.5684e-12	2.4536e-04	9.9359e-01	6.1637e-03	1.1755e-36	7.1512e-01	2.8488e-01	2.0875e-09	1.1755e-36	1.1755e-36	1.1755e-36	3.0528e-18	0.00e+00	0.00e+00	2.5479e+01
1.16972e+16	6.3627e+03	7.492e-16	3.5938e+04	1.1619e+04	9.4760e-10	6.7739e-01	3.2261e-01	9.9999e-01	1.4639e-05	2.0351e-17	6.7510e-12	2.3771e-04	9.9386e-01	5.9008e-03	1.1755e-36	7.2547e-01	2.7453e-01	1.9500e-09	1.1755e-36	1.1755e-36	1.1755e-36	3.1595e-18	0.00e+00	0.00e+00	2.5793e+01
1.16992e+16	6.2909e+03	7.057e-16	3.5938e+04	1.1210e+04	1.0546e-09	6.8857e-01	3.1143e-01	9.9999e-01	1.4594e-05	2.0837e-17	6.9348e-12	2.3018e-04	9.9413e-01	5.6437e-03	1.1755e-36	7.3571e-01	2.6429e-01	1.8197e-09	1.1755e-36	1.1755e-36	1.1755e-36	3.2685e-18	0.00e+00	0.00e+00	2.6114e+01
1.17013e+16	6.2105e+03	6.640e-16	3.5938e+04	1.0806e+04	1.1836e-09	6.9979e-01	3.0021e-01	9.9999e-01	1.4547e-05	2.1328e-17	7.1213e-12	2.2275e-04	9.9439e-01	5.3913e-03	1.1755e-36	7.4596e-01	2.5404e-01	1.6969e-09	1.1755e-36	1.1755e-36	1.1755e-36	3.3781e-18	0.00e+00	0.00e+00	2.6439e+01
1.17033e+16	6.1289e+03	6.246e-16	3.5938e+04	1.0415e+04	1.3293e-09	7.1068e-01	2.8932e-01	9.9999e-01	1.4505e-05	2.1837e-17	7.3013e-12	2.1554e-04	9.9463e-01	5.1510e-03	1.1755e-36	7.5586e-01	2.4414e-01	1.5840e-09	1.1755e-36	1.1755e-36	1.1755e-36	3.4831e-18	0.00e+00	0.00e+00	2.6759e+01
1.17053e+16	6.0479e+03	5.876e-16	3.5938e+04	1.0038e+04	1.4917e-09	7.2116e-01	2.7884e-01	9.9999e-01	1.4481e-05	2.2387e-17	7.4726e-12	2.0856e-04	9.9487e-01	4.9241e-03	1.1755e-36	7.6534e-01	2.3466e-01	1.4806e-09	1.1755e-36	1.1755e-36	1.1755e-36	3.5823e-18	0.00e+00	0.00e+00	2.7077e+01
1.17072e+16	5.9659e+03	5.523e-16	3.5938e+04	9.6699e+03	1.6758e-09	7.3138e-01	2.6862e-01	9.9999e-01	1.4467e-05	2.2971e-17	7.6380e-12	2.0173e-04	9.9509e-01	4.7070e-03	1.1755e-36	7.7454e-01	2.2546e-01	1.3844e-09	1.1755e-36	1.1755e-36	1.1755e-36	3.6775e-18	0.00e+00	0.00e+00	2.7398e+01
1.17091e+16	5.8820e+03	5.187e-16	3.5938e+04	9.3087e+03	1.8872e-09	7.4141e-01	2.5859e-01	9.9999e-01	1.4454e-05	2.3582e-17	7.7995e-12	1.9499e-04	9.9531e-01	4.4975e-03	1.1755e-36	7.8353e-01	2.1647e-01	1.2944e-09	1.1755e-36	1.1755e-36	1.1755e-36	3.7703e-18	0.00e+00	0.00e+00	2.7723e+01
1.17111e+16	5.7968e+03	4.866e-16	3.5938e+04	8.9554e+03	2.1287e-09	7.5120e-01	2.4880e-01	9.9999e-01	1.4445e-05	2.4225e-17	7.9564e-12	1.8837e-04	9.9552e-01	4.2962e-03	1.1755e-36	7.9229e-01	2.0771e-01	1.2104e-09	1.1755e-36	1.1755e-36	1.1755e-36	3.8611e-18	0.00e+00	0.00e+00	2.8050e+01
1.17130e+16	5.7104e+03	4.562e-16	3.5938e+04	8.6112e+03	2.4054e-09	7.6076e-01	2.3924e-01	9.9999e-01	1.4444e-05	2.4903e-17	8.1098e-12	1.8190e-04	9.9571e-01	4.1035e-03	1.1755e-36	8.0078e-01	1.9922e-01	1.1321e-09	1.1755e-36	1.1755e-36	1.1755e-36	3.9516e-18	0.00e+00	0.00e+00	2.8378e+01
1.17149e+16	5.6186e+03	4.275e-16	3.5938e+04	8.2812e+03	2.7362e-09	7.7027e-01	2.2973e-01	9.9999e-01	1.4432e-05	2.5559e-17	8.2753e-12	1.7572e-04	9.9591e-01	3.9164e-03	1.1755e-36	8.0918e-01	1.9082e-01	1.0585e-09	1.1755e-36	1.1755e-36	1.1755e-36	4.0573e-18	0.00e+00	0.00e+00	2.8707e+01
1.17167e+16	5.5304e+03	4.007e-16	3.5938e+04	7.9608e+03	3.0990e-09	7.7918e-01	2.2082e-01	9.9999e-01	1.4427e-05	2.6264e-17	8.4246e-12	1.6967e-04	9.9609e-01	3.7427e-03	1.1755e-36	8.1704e-01	1.8296e-01	9.9166e-10	1.1755e-36	1.1755e-36	1.1755e-36	4.1533e-18	0.00e+00	0.00e+00	2.9030e+01
1.17185e+16	5.4417e+03	3.756e-16	3.5938e+04	7.6521e+03	3.5123e-09	7.8777e-01	2.1223e-01	9.9999e-01	1.4441e-05	2.7020e-17	8.5745e-12	1.6382e-04	9.9626e-01	3.5779e-03	1.1755e-36	8.2459e-01	1.7541e-01	9.2976e-10	1.1755e-36	1.1755e-36	1.1755e-36	4.2559e-18	0.00e+00	0.00e+00	2.9354e+01
1.17203e+16	5.3518e+03	3.519e-16	3.5938e+04	7.3524e+03	3.9870e-09	7.9612e-01	2.0388e-01	9.9999e-01	1.4451e-05	2.7792e-17	8.7275e-12	1.5812e-04	9.9642e-01	3.4205e-03	1.1755e-36	8.3189e-01	1.6811e-01	8.7197e-10	1.1755e-36	1.1755e-36	1.1755e-36	4.3685e-18	0.00e+00	0.00e+00	2.9678e+01
1.17221e+16	5.2614e+03	3.297e-16	3.5938e+04	7.0635e+03	4.5282e-09	8.0415e-01	1.9585e-01	9.9999e-01	1.4460e-05	2.8583e-17	8.8850e-12	1.5262e-04	9.9658e-01	3.2713e-03	1.1755e-36	8.3890e-01	1.6110e-01	8.1843e-10	1.1755e-36	1.1755e-36	1.1755e-36	4.4941e-18	0.00e+00	0.00e+00	3.0000e+01
1.17239e+16	5.1710e+03	3.091e-16	3.5938e+04	6.7871e+03	5.1403e-09	8.1183e-01	1.8817e-01	9.9999e-01	1.4476e-05	2.9399e-17	9.0493e-12	1.4735e-04	9.9672e-01	3.1307e-03	1.1755e-36	8.4559e-01	1.5441e-01	7.6903e-10	1.1755e-36	1.1755e-36	1.1755e-36	4.6364e-18	0.00e+00	0.00e+00	3.0318e+01
1.17256e+16	5.0806e+03	2.898e-16	3.5938e+04	6.5223e+03	5.8314e-09	8.1920e-01	1.8080e-01	9.9999e-01	1.4496e-05	3.0239e-17	9.2238e-12	1.4228e-04	9.9686e-01	2.9982e-03	1.1755e-36	8.5197e-01	1.4803e-01	7.2339e-10	1.1755e-36	1.1755e-36	1.1755e-36	4.8004e-18	0.00e+00	0.00e+00	3.0633e+01
1.17273e+16	4.9898e+03	2.718e-16	3.5938e+04	6.2685e+03	6.6099e-09	8.2629e-01	1.7371e-01	9.9999e-01	1.4515e-05	3.1091e-17	9.4102e-12	1.3743e-04	9.9699e-01	2.8712e-03	1.1755e-36	8.5809e-01	1.4191e-01	6.8096e-10	1.1755e-36	1.1755e-36	1.1755e-36	4.9867e-18	0.00e+00	0.00e+00	3.0946e+01
1.17289e+16	4.8967e+03	2.550e-16	3.5938e+04	6.0228e+03	7.4859e-09	8.3313e-01	1.6687e-01	9.9999e-01	1.4539e-05	3.1968e-17	9.5786e-12	1.3274e-04	9.9713e-01	2.7388e-03	1.1755e-36	8.6398e-01	1.3602e-01	6.4148e-10	1.1755e-36	1.1755e-36	1.1755e-36	5.1449e-18	0.00e+00	0.00e+00	3.1258e+01
1.17306e+16	4.8035e+03	2.393e-16	3.5938e+04	5.7870e+03	8.4591e-09	8.3968e-01	1.6032e-01	9.9999e-01	1.4561e-05	3.2859e-17	9.7453e-12	1.2823e-04	9.9726e-01	2.6131e-03	1.1755e-36	8.6961e-01	1.3039e-01	6.0484e-10	1.1755e-36	1.1755e-36	1.1755e-36	5.3122e-18	0.00e+00	0.00e+00	3.1566e+01
1.17322e+16	4.7077e+03	2.247e-16	3.5938e+04	5.5589e+03	9.5579e-09	8.4595e-01	1.5405e-01	9.9999e-01	1.4589e-05	3.3778e-17	9.9100e-12	1.2388e-04	9.9738e-01	2.4939e-03	1.1755e-36	8.7499e-01	1.2501e-01	5.7096e-10	1.1755e-36	1.1755e-36	1.1755e-36	5.4884e-18	0.00e+00	0.00e+00	3.1870e+01
1.17337e+16	4.6152e+03	2.111e-16	3.5938e+04	5.3440e+03	1.0716e-08	8.5192e-01	1.4808e-01	9.9999e-01	1.4610e-05	3.4686e-17	1.0068e-11	1.1978e-04	9.9750e-01	2.3812e-03	1.1755e-36	8.8009e-01	1.1991e-01	5.3949e-10	1.1755e-36	1.1755e-36	1.1755e-36	5.6668e-18	0.00e+00	0.00e+00	3.2169e+01
1.17352e+16	4.5291e+03	1.989e-16	3.5938e+04	5.1488e+03	1.1869e-08	8.5742e-01	1.4258e-01	9.9999e-01	1.4612e-05	3.5518e-17	1.0213e-11	1.1604e-04	9.9761e-01	2.2782e-03	1.1755e-36	8.8477e-01	1.1523e-01	5.1122e-10	1.1755e-36	1.1755e-36	1.1755e-36	5.8358e-18	0.00e+00	0.00e+00	3.2448e+01
1.17367e+16	4.4370e+03	1.875e-16	3.5938e+04	4.9554e+03	1.3156e-08	8.6273e-01	1.3727e-01	9.9999e-01	1.4660e-05	3.6485e-17	1.0347e-11	1.1237e-04	9.9771e-01	2.1798e-03	1.1755e-36	8.8929e-01	1.1071e-01	4.8482e-10	1.1755e-36	1.1755e-36	1.1755e-36	5.9999e-18	0.00e+00	0.00e+00	3.2737e+01
1.17382e+16	4.3481e+03	1.763e-16	3.5938e+04	4.7629e+03	1.4433e-08	8.6792e-01	1.3208e-01	9.9999e-01	1.4685e-05	3.7474e-17	1.0455e-11	1.0868e-04	9.9781e-01	2.0839e-03	1.1755e-36	8.9369e-01	1.0631e-01	4.5938e-10	1.1755e-36	1.1755e-36	1.1755e-36	6.1316e-18	0.00e+00	0.00e+00	3.3033e+01
1.17397e+16	4.2533e+03	1.658e-16	3.5938e+04	4.5771e+03	1.5802e-08	8.7312e-01	1.2688e-01	9.9999e-01	1.4678e-05	3.8368e-17	1.0558e-11	1.0517e-04	9.9791e-01	1.9896e-03	1.1755e-36	8.9807e-01	1.0193e-01	4.3491e-10	1.1755e-36	1.1755e-36	1.1755e-36	6.2561e-18	0.00e+00	0.00e+00	3.3329e+01
1.17411e+16	4.1585e+03	1.559e-16	3.5938e+04	4.3984e+03	1.7129e-08	8.7807e-01	1.2193e-01	9.9999e-01	1.4660e-05	3.9246e-17	1.0627e-11	1.0180e-04	9.9800e-01	1.8997e-03	1.1755e-36	9.0227e-01	9.7725e-02	4.1185e-10	1.1755e-36	1.1755e-36	1.1755e-36	6.3332e-18	0.00e+00	0.00e+00	3.3621e+01
1.17426e+16	4.0637e+03	1.467e-16	3.5938e+04	4.2270e+03	1.8369e-08	8.8284e-01	1.1716e-01	9.9999e-01	1.4608e-05	4.0033e-17	1.0661e-11	9.8588e-05	9.9809e-01	1.8144e-03	1.1755e-36	9.0630e-01	9.3704e-02	3.9032e-10	1.1755e-36	1.1755e-36	1.1755e-36	6.3542e-18	0.00e+00	0.00e+00	3.3911e+01
1.17440e+16	3.9688e+03	1.381e-16	3.5938e+04	4.0624e+03	1.9478e-08	8.8742e-01	1.1258e-01	9.9999e-01	1.4459e-05	4.0545e-17	1.0654e-11	9.5522e-05	9.9817e-01	1.7332e-03	1.1755e-36	9.1015e-01	8.9850e-02	3.7013e-10	1.1755e-36	1.1755e-36	1.1755e-36	6.3092e-18	0.00e+00	0.00e+00	3.4198e+01
