#depth	Te	Htot	hden	eden	2H_2/H	HI	HII	HeI	HeII	HeIII	CO/C	C1	C2	C3	C4	O1	O2	O3	O4	O5	O6	H2O/O	AV(point)	AV(extend)	Tau912
8.88181e+12	7.1339e+03	1.076e-18	5.9948e+02	6.4161e+02	2.6962e-13	1.1917e-02	9.8808e-01	6.2048e-02	9.3748e-01	4.7405e-04	6.4233e-15	1.9306e-03	5.4862e-01	4.4940e-01	5.5571e-05	1.3046e-02	9.0727e-01	7.9681e-02	5.1435e-06	1.1755e-36	1.1755e-36	4.5312e-23	0.00e+00	0.00e+00	8.0135e-04
5.32909e+13	7.1277e+03	1.075e-18	5.9948e+02	6.4115e+02	2.7025e-13	1.1904e-02	9.8810e-01	6.2048e-02	9.3748e-01	4.7365e-04	6.4041e-15	1.9246e-03	5.4864e-01	4.4938e-01	5.5699e-05	1.3033e-02	9.0723e-01	7.9729e-02	5.1327e-06	1.1755e-36	1.1755e-36	4.5071e-23	0.00e+00	0.00e+00	4.0033e-03
2.30927e+14	7.1174e+03	1.070e-18	5.9948e+02	6.4101e+02	2.7202e-13	1.1898e-02	9.8810e-01	6.2195e-02	9.3734e-01	4.6996e-04	6.4053e-15	1.9214e-03	5.4931e-01	4.4871e-01	5.5446e-05	1.3032e-02	9.0743e-01	7.9528e-02	5.0470e-06	1.1755e-36	1.1755e-36	4.4941e-23	0.00e+00	0.00e+00	1.6805e-02
9.41472e+14	7.0839e+03	1.060e-18	5.9948e+02	6.4091e+02	2.8149e-13	1.1954e-02	9.8805e-01	6.2982e-02	9.3657e-01	4.5175e-04	6.5154e-15	1.9331e-03	5.5271e-01	4.4530e-01	5.4099e-05	1.3123e-02	9.0853e-01	7.8343e-02	4.6733e-06	1.1755e-36	1.1755e-36	4.5457e-23	0.00e+00	0.00e+00	6.8253e-02
2.24887e+15	6.9677e+03	1.024e-18	5.9948e+02	6.4098e+02	2.9506e-13	1.1743e-02	9.8826e-01	6.3617e-02	9.3595e-01	4.3522e-04	6.3064e-15	1.9202e-03	5.5593e-01	4.4210e-01	5.3026e-05	1.2922e-02	9.0924e-01	7.7839e-02	4.3152e-06	1.1755e-36	1.1755e-36	4.2388e-23	0.00e+00	0.00e+00	1.3395e-01
3.94850e+15	6.8572e+03	9.927e-19	5.9948e+02	6.4098e+02	3.1662e-13	1.1681e-02	9.8832e-01	6.4863e-02	9.3473e-01	4.0382e-04	6.2923e-15	1.9328e-03	5.6152e-01	4.3649e-01	5.0885e-05	1.2904e-02	9.1087e-01	7.6219e-02	3.7817e-06	1.1755e-36	1.1755e-36	4.1074e-23	0.00e+00	0.00e+00	2.1891e-01
6.15801e+15	6.7470e+03	9.645e-19	5.9948e+02	6.4082e+02	3.4973e-13	1.1770e-02	9.8823e-01	6.6907e-02	9.3273e-01	3.5874e-04	6.4798e-15	1.9705e-03	5.7005e-01	4.2793e-01	4.7661e-05	1.3072e-02	9.1344e-01	7.3485e-02	3.1146e-06	1.1755e-36	1.1755e-36	4.1365e-23	0.00e+00	0.00e+00	3.3020e-01
9.03037e+15	6.6367e+03	9.393e-19	5.9948e+02	6.4048e+02	4.0104e-13	1.2064e-02	9.8794e-01	7.0158e-02	9.2954e-01	3.0135e-04	6.9604e-15	2.0422e-03	5.8268e-01	4.1524e-01	4.3239e-05	1.3500e-02	9.1740e-01	6.9101e-02	2.3532e-06	1.1755e-36	1.1755e-36	4.3838e-23	0.00e+00	0.00e+00	4.7849e-01
1.27644e+16	6.5223e+03	9.195e-19	5.9948e+02	6.3983e+02	4.8775e-13	1.2685e-02	9.8732e-01	7.5398e-02	9.2437e-01	2.3514e-04	7.9608e-15	2.1657e-03	6.0132e-01	3.9647e-01	3.7493e-05	1.4337e-02	9.2287e-01	6.2787e-02	1.5819e-06	1.1755e-36	1.1755e-36	5.0161e-23	0.00e+00	0.00e+00	6.8119e-01
1.76187e+16	6.4318e+03	9.054e-19	5.9948e+02	6.3890e+02	6.2897e-13	1.3836e-02	9.8616e-01	8.4000e-02	9.1583e-01	1.6737e-04	9.9619e-15	2.3703e-03	6.2836e-01	3.6923e-01	3.0520e-05	1.5840e-02	9.3000e-01	5.4155e-02	9.0366e-07	1.1755e-36	1.1755e-36	6.4404e-23	0.00e+00	0.00e+00	9.6862e-01
2.29971e+16	6.3558e+03	9.004e-19	5.9948e+02	6.3736e+02	8.5279e-13	1.5549e-02	9.8445e-01	9.6117e-02	9.0377e-01	1.1346e-04	1.3331e-14	2.6421e-03	6.6094e-01	3.3639e-01	2.3713e-05	1.8039e-02	9.3711e-01	4.4852e-02	4.6842e-07	1.1755e-36	1.1755e-36	9.0520e-23	0.00e+00	0.00e+00	1.2788e+00
2.78033e+16	6.3283e+03	9.068e-19	5.9948e+02	6.3502e+02	1.1469e-12	1.7750e-02	9.8225e-01	1.1083e-01	8.8909e-01	7.9303e-05	1.8422e-14	2.9479e-03	6.9376e-01	3.0328e-01	1.8189e-05	2.0827e-02	9.4264e-01	3.6534e-02	2.4533e-07	1.1755e-36	1.1755e-36	1.3439e-22	0.00e+00	0.00e+00	1.5706e+00
3.18356e+16	6.3329e+03	9.206e-19	5.9948e+02	6.3256e+02	1.5197e-12	2.0375e-02	9.7963e-01	1.2783e-01	8.7211e-01	5.8290e-05	2.5752e-14	3.2669e-03	7.2480e-01	2.7192e-01	1.3904e-05	2.4126e-02	9.4629e-01	2.9583e-02	1.3370e-07	1.1755e-36	1.1755e-36	2.0467e-22	0.00e+00	0.00e+00	1.8577e+00
3.53923e+16	6.3537e+03	9.386e-19	5.9948e+02	6.2998e+02	2.0156e-12	2.3544e-02	9.7646e-01	1.4801e-01	8.5194e-01	4.4158e-05	3.6553e-14	3.6007e-03	7.5474e-01	2.4165e-01	1.0472e-05	2.8091e-02	9.4825e-01	2.3664e-02	1.1755e-36	1.1755e-36	1.1755e-36	3.1996e-22	0.00e+00	0.00e+00	2.1600e+00
3.86350e+16	6.3889e+03	9.582e-19	5.9948e+02	6.2626e+02	2.6834e-12	2.7402e-02	9.7260e-01	1.7222e-01	8.2775e-01	3.3997e-05	5.2701e-14	3.9427e-03	7.8359e-01	2.1246e-01	7.7250e-06	3.2902e-02	9.4848e-01	1.8620e-02	1.1755e-36	1.1755e-36	1.1755e-36	5.1243e-22	0.00e+00	0.00e+00	2.4809e+00
4.15639e+16	6.4331e+03	9.787e-19	5.9948e+02	6.2172e+02	3.5948e-12	3.2083e-02	9.6792e-01	2.0104e-01	7.9893e-01	2.6550e-05	7.7039e-14	4.2827e-03	8.1084e-01	1.8487e-01	5.5815e-06	3.8717e-02	9.4685e-01	1.4429e-02	1.1755e-36	1.1755e-36	1.1755e-36	8.3786e-22	0.00e+00	0.00e+00	2.8166e+00
4.41535e+16	6.4825e+03	1.000e-18	5.9948e+02	6.1736e+02	4.8356e-12	3.7695e-02	9.6231e-01	2.3470e-01	7.6528e-01	2.1177e-05	1.1381e-13	4.6128e-03	8.3587e-01	1.5951e-01	3.9647e-06	4.5662e-02	9.4328e-01	1.1056e-02	1.1755e-36	1.1755e-36	1.1755e-36	1.3921e-21	0.00e+00	0.00e+00	3.1612e+00
4.63979e+16	6.5341e+03	1.019e-18	5.9948e+02	6.1174e+02	6.4646e-12	4.4157e-02	9.5584e-01	2.7215e-01	7.2783e-01	1.7165e-05	1.6708e-13	4.9069e-03	8.5778e-01	1.3731e-01	2.8045e-06	5.3630e-02	9.3792e-01	8.4529e-03	1.1755e-36	1.1755e-36	1.1755e-36	2.2918e-21	0.00e+00	0.00e+00	3.5079e+00
4.83491e+16	6.5849e+03	1.034e-18	5.9948e+02	6.0531e+02	8.6013e-12	5.1544e-02	9.4846e-01	3.1308e-01	6.8691e-01	1.4082e-05	2.4386e-13	5.1625e-03	8.7678e-01	1.1806e-01	1.9793e-06	6.2701e-02	9.3084e-01	6.4568e-03	1.1755e-36	1.1755e-36	1.1755e-36	3.7382e-21	0.00e+00	0.00e+00	3.8647e+00
5.00892e+16	6.6300e+03	1.046e-18	5.9948e+02	5.9799e+02	1.1512e-11	6.0149e-02	9.3985e-01	3.5792e-01	6.4207e-01	1.1603e-05	3.5688e-13	5.3828e-03	8.9345e-01	1.0117e-01	1.3857e-06	7.3223e-02	9.2187e-01	4.9056e-03	1.1755e-36	1.1755e-36	1.1755e-36	6.1005e-21	0.00e+00	0.00e+00	4.2407e+00
5.16624e+16	6.6716e+03	1.054e-18	5.9948e+02	5.8961e+02	1.5516e-11	7.0259e-02	9.2974e-01	4.0649e-01	5.9350e-01	9.5668e-06	5.2576e-13	5.5665e-03	9.0804e-01	8.6396e-02	9.6085e-07	8.5524e-02	9.1078e-01	3.6988e-03	1.1755e-36	1.1755e-36	1.1755e-36	1.0012e-20	0.00e+00	0.00e+00	4.6383e+00
5.30836e+16	6.7091e+03	1.057e-18	5.9948e+02	5.8006e+02	2.1036e-11	8.2093e-02	9.1791e-01	4.5768e-01	5.4231e-01	7.8864e-06	7.7822e-13	5.7093e-03	9.2064e-01	7.3647e-02	6.6191e-07	9.9841e-02	8.9739e-01	2.7718e-03	1.1755e-36	1.1755e-36	1.1755e-36	1.6481e-20	0.00e+00	0.00e+00	5.0571e+00
5.43675e+16	6.7423e+03	1.053e-18	5.9948e+02	5.6843e+02	2.8584e-11	9.5744e-02	9.0426e-01	5.0974e-01	4.9026e-01	6.4958e-06	1.1497e-12	5.8001e-03	9.3133e-01	6.2869e-02	4.5577e-07	1.1625e-01	8.8168e-01	2.0705e-03	1.1755e-36	1.1755e-36	1.1755e-36	2.6969e-20	0.00e+00	0.00e+00	5.4993e+00
5.55428e+16	6.7652e+03	1.042e-18	5.9948e+02	5.5541e+02	3.9340e-11	1.1177e-01	8.8823e-01	5.6230e-01	4.3770e-01	5.3132e-06	1.7098e-12	5.8498e-03	9.4051e-01	5.3641e-02	3.1222e-07	1.3539e-01	8.6308e-01	1.5363e-03	1.1755e-36	1.1755e-36	1.1755e-36	4.4426e-20	0.00e+00	0.00e+00	5.9776e+00
5.66328e+16	6.7770e+03	1.025e-18	5.9948e+02	5.4129e+02	5.5178e-11	1.3095e-01	8.6905e-01	6.1404e-01	3.8596e-01	4.3523e-06	2.5745e-12	5.8633e-03	9.4846e-01	4.5680e-02	2.1196e-07	1.5808e-01	8.4079e-01	1.1278e-03	1.1755e-36	1.1755e-36	1.1755e-36	7.4482e-20	0.00e+00	0.00e+00	6.4978e+00
5.76390e+16	6.7766e+03	1.000e-18	5.9948e+02	5.2516e+02	7.8650e-11	1.5362e-01	8.4638e-01	6.6316e-01	3.3683e-01	3.5599e-06	3.8967e-12	5.8310e-03	9.5522e-01	3.8946e-02	1.4353e-07	1.8464e-01	8.1453e-01	8.2153e-04	1.1755e-36	1.1755e-36	1.1755e-36	1.2608e-19	0.00e+00	0.00e+00	7.0578e+00
5.85632e+16	6.7610e+03	9.656e-19	5.9948e+02	5.0694e+02	1.1385e-10	1.8016e-01	8.1984e-01	7.0807e-01	2.9193e-01	2.9214e-06	5.8981e-12	5.7520e-03	9.6095e-01	3.3301e-02	1.1755e-36	2.1537e-01	7.8403e-01	5.9537e-04	1.1755e-36	1.1755e-36	1.1755e-36	2.1461e-19	0.00e+00	0.00e+00	7.6615e+00
5.94167e+16	6.7274e+03	9.215e-19	5.9948e+02	4.8634e+02	1.6778e-10	2.1109e-01	7.8891e-01	7.4812e-01	2.5188e-01	2.4118e-06	8.9126e-12	5.6254e-03	9.6582e-01	2.8557e-02	1.1755e-36	2.5072e-01	7.4885e-01	4.2903e-04	1.1755e-36	1.1755e-36	1.1755e-36	3.6736e-19	0.00e+00	0.00e+00	8.3181e+00
6.02110e+16	6.6719e+03	8.672e-19	5.9948e+02	4.6313e+02	2.5287e-10	2.4709e-01	7.5291e-01	7.8322e-01	2.1677e-01	2.0060e-06	1.3451e-11	5.4504e-03	9.7001e-01	2.4540e-02	1.1755e-36	2.9121e-01	7.0848e-01	3.0696e-04	1.1755e-36	1.1755e-36	1.1755e-36	6.3402e-19	0.00e+00	0.00e+00	9.0353e+00
6.09002e+16	6.5981e+03	8.073e-19	5.9948e+02	4.3860e+02	3.7915e-10	2.8566e-01	7.1434e-01	8.1093e-01	1.8907e-01	1.7148e-06	1.9658e-11	5.2389e-03	9.7337e-01	2.1396e-02	1.1755e-36	3.3385e-01	6.6593e-01	2.2368e-04	1.1755e-36	1.1755e-36	1.1755e-36	1.0609e-18	0.00e+00	0.00e+00	9.6968e+00
6.14249e+16	6.5193e+03	7.524e-19	5.9948e+02	4.1653e+02	5.3592e-10	3.2051e-01	6.7949e-01	8.2993e-01	1.7007e-01	1.5312e-06	2.6593e-11	5.0323e-03	9.7576e-01	1.9206e-02	1.1755e-36	3.7173e-01	6.2810e-01	1.7262e-04	1.1755e-36	1.1755e-36	1.1755e-36	1.6123e-18	0.00e+00	0.00e+00	1.0228e+01
6.18089e+16	6.4456e+03	7.076e-19	5.9948e+02	3.9871e+02	7.0667e-10	3.4922e-01	6.5078e-01	8.4279e-01	1.5721e-01	1.4134e-06	3.3400e-11	4.8574e-03	9.7745e-01	1.7693e-02	1.1755e-36	4.0248e-01	5.9738e-01	1.4127e-04	1.1755e-36	1.1755e-36	1.1755e-36	2.2219e-18	0.00e+00	0.00e+00	1.0664e+01
6.21220e+16	6.3715e+03	6.683e-19	5.9948e+02	3.8314e+02	9.0090e-10	3.7461e-01	6.2539e-01	8.5284e-01	1.4716e-01	1.3238e-06	4.0369e-11	4.7006e-03	9.7880e-01	1.6497e-02	1.1755e-36	4.2936e-01	5.7052e-01	1.1910e-04	1.1755e-36	1.1755e-36	1.1755e-36	2.9072e-18	0.00e+00	0.00e+00	1.1084e+01
6.24153e+16	6.2949e+03	6.289e-19	5.9948e+02	3.6739e+02	1.1418e-09	3.9975e-01	6.0025e-01	8.6177e-01	1.3823e-01	1.2478e-06	4.8194e-11	4.5377e-03	9.8003e-01	1.5432e-02	1.1755e-36	4.5565e-01	5.4424e-01	1.0099e-04	1.1755e-36	1.1755e-36	1.1755e-36	3.7459e-18	0.00e+00	0.00e+00	1.1524e+01
6.26967e+16	6.2082e+03	5.897e-19	5.9948e+02	3.5154e+02	1.4578e-09	4.2546e-01	5.7454e-01	8.6979e-01	1.3021e-01	1.1820e-06	5.7283e-11	4.3707e-03	9.8118e-01	1.4454e-02	1.1755e-36	4.8225e-01	5.1766e-01	8.5786e-05	1.1755e-36	1.1755e-36	1.1755e-36	4.8111e-18	0.00e+00	0.00e+00	1.1962e+01
6.29530e+16	6.1184e+03	5.528e-19	5.9948e+02	3.3635e+02	1.8481e-09	4.5017e-01	5.4983e-01	8.7654e-01	1.2346e-01	1.1294e-06	6.7138e-11	4.2082e-03	9.8219e-01	1.3606e-02	1.1755e-36	5.0752e-01	4.9240e-01	7.3637e-05	1.1755e-36	1.1755e-36	1.1755e-36	6.0737e-18	0.00e+00	0.00e+00	1.2372e+01
6.31802e+16	6.0291e+03	5.193e-19	5.9948e+02	3.2234e+02	2.3101e-09	4.7301e-01	5.2699e-01	8.8217e-01	1.1783e-01	1.0877e-06	7.7362e-11	4.0562e-03	9.8306e-01	1.2884e-02	1.1755e-36	5.3064e-01	4.6930e-01	6.4093e-05	1.1755e-36	1.1755e-36	1.1755e-36	7.4982e-18	0.00e+00	0.00e+00	1.2754e+01
6.33851e+16	5.9400e+03	4.887e-19	5.9948e+02	3.0931e+02	2.8584e-09	4.9430e-01	5.0570e-01	8.8700e-01	1.1299e-01	1.0532e-06	8.7981e-11	3.9134e-03	9.8383e-01	1.2252e-02	1.1755e-36	5.5198e-01	4.4797e-01	5.6387e-05	1.1755e-36	1.1755e-36	1.1755e-36	9.0993e-18	0.00e+00	0.00e+00	1.3122e+01
6.35765e+16	5.8488e+03	4.599e-19	5.9948e+02	2.9682e+02	3.5262e-09	5.1471e-01	4.8529e-01	8.9130e-01	1.0870e-01	1.0237e-06	9.9276e-11	3.7754e-03	9.8454e-01	1.1681e-02	1.1755e-36	5.7225e-01	4.2770e-01	4.9909e-05	1.1755e-36	1.1755e-36	1.1755e-36	1.0939e-17	0.00e+00	0.00e+00	1.3485e+01
6.37584e+16	5.7548e+03	4.326e-19	5.9948e+02	2.8472e+02	4.3516e-09	5.3450e-01	4.6550e-01	8.9518e-01	1.0482e-01	9.9834e-07	1.1141e-10	3.6406e-03	9.8520e-01	1.1156e-02	1.1755e-36	5.9173e-01	4.0822e-01	4.4359e-05	1.1755e-36	1.1755e-36	1.1755e-36	1.3078e-17	0.00e+00	0.00e+00	1.3844e+01
6.39051e+16	5.6749e+03	4.111e-19	5.9948e+02	2.7492e+02	5.1891e-09	5.5064e-01	4.4936e-01	8.9794e-01	1.0206e-01	9.8224e-07	1.2225e-10	3.5306e-03	9.8570e-01	1.0767e-02	1.1755e-36	6.0749e-01	3.9247e-01	4.0363e-05	1.1755e-36	1.1755e-36	1.1755e-36	1.5151e-17	0.00e+00	0.00e+00	1.4086e+01
6.40093e+16	5.6092e+03	3.959e-19	5.9948e+02	2.6787e+02	5.9530e-09	5.6242e-01	4.3758e-01	8.9995e-01	1.0004e-01	9.6984e-07	1.3086e-10	3.4518e-03	9.8607e-01	1.0483e-02	1.1755e-36	6.1894e-01	3.8103e-01	3.7680e-05	1.1755e-36	1.1755e-36	1.1755e-36	1.6896e-17	0.00e+00	0.00e+00	1.4282e+01
6.41049e+16	5.5442e+03	3.821e-19	5.9948e+02	2.6167e+02	6.8144e-09	5.7375e-01	4.2625e-01	9.0200e-01	9.8003e-02	9.5494e-07	1.4009e-10	3.3835e-03	9.8642e-01	1.0201e-02	1.1755e-36	6.2989e-01	3.7008e-01	3.5259e-05	1.1755e-36	1.1755e-36	1.1755e-36	1.8876e-17	0.00e+00	0.00e+00	1.4497e+01
6.42092e+16	5.4834e+03	3.666e-19	5.9948e+02	2.5429e+02	7.7837e-09	5.8521e-01	4.1479e-01	9.0391e-01	9.6084e-02	9.4514e-07	1.4949e-10	3.2988e-03	9.8677e-01	9.9331e-03	1.1755e-36	6.4089e-01	3.5908e-01	3.2873e-05	1.1755e-36	1.1755e-36	1.1755e-36	2.0997e-17	0.00e+00	0.00e+00	1.4740e+01
6.43236e+16	5.4050e+03	3.497e-19	5.9948e+02	2.4582e+02	9.1453e-09	5.9775e-01	4.0225e-01	9.0590e-01	9.4101e-02	9.3621e-07	1.6041e-10	3.2021e-03	9.8715e-01	9.6492e-03	1.1755e-36	6.5289e-01	3.4708e-01	3.0456e-05	1.1755e-36	1.1755e-36	1.1755e-36	2.3617e-17	0.00e+00	0.00e+00	1.5010e+01
6.44423e+16	5.3263e+03	3.329e-19	5.9948e+02	2.3789e+02	1.0829e-08	6.1136e-01	3.8864e-01	9.0803e-01	9.1972e-02	9.2408e-07	1.7403e-10	3.1114e-03	9.8754e-01	9.3458e-03	1.1755e-36	6.6582e-01	3.3415e-01	2.8048e-05	1.1755e-36	1.1755e-36	1.1755e-36	2.7171e-17	0.00e+00	0.00e+00	1.5283e+01
6.45392e+16	5.2574e+03	3.198e-19	5.9948e+02	2.3132e+02	1.2515e-08	6.2229e-01	3.7771e-01	9.0953e-01	9.0469e-02	9.1722e-07	1.8586e-10	3.0363e-03	9.8784e-01	9.1220e-03	1.1755e-36	6.7616e-01	3.2382e-01	2.6277e-05	1.1755e-36	1.1755e-36	1.1755e-36	3.0520e-17	0.00e+00	0.00e+00	1.5462e+01
6.46053e+16	5.1995e+03	3.111e-19	5.9948e+02	2.2694e+02	1.4054e-08	6.3020e-01	3.6980e-01	9.1068e-01	8.9323e-02	9.0983e-07	1.9551e-10	2.9876e-03	9.8806e-01	8.9557e-03	1.1755e-36	6.8362e-01	3.1635e-01	2.5087e-05	1.1755e-36	1.1755e-36	1.1755e-36	3.3447e-17	0.00e+00	0.00e+00	1.5596e+01
6.46592e+16	5.1638e+03	3.037e-19	5.9948e+02	2.2314e+02	1.5194e-08	6.3603e-01	3.6397e-01	9.1148e-01	8.8522e-02	9.0732e-07	2.0251e-10	2.9432e-03	9.8822e-01	8.8371e-03	1.1755e-36	6.8908e-01	3.1089e-01	2.4186e-05	1.1755e-36	1.1755e-36	1.1755e-36	3.5659e-17	0.00e+00	0.00e+00	1.5720e+01
6.47183e+16	5.1172e+03	2.955e-19	5.9948e+02	2.1896e+02	1.6747e-08	6.4275e-01	3.5725e-01	9.1247e-01	8.7530e-02	9.0254e-07	2.1131e-10	2.8951e-03	9.8841e-01	8.6934e-03	1.1755e-36	6.9538e-01	3.0460e-01	2.3187e-05	1.1755e-36	1.1755e-36	1.1755e-36	3.8579e-17	0.00e+00	0.00e+00	1.5882e+01
6.47878e+16	5.0602e+03	2.862e-19	5.9948e+02	2.1411e+02	1.8859e-08	6.5062e-01	3.4938e-01	9.1359e-01	8.6409e-02	8.9723e-07	2.2247e-10	2.8396e-03	9.8863e-01	8.5309e-03	1.1755e-36	7.0274e-01	2.9724e-01	2.2078e-05	1.1755e-36	1.1755e-36	1.1755e-36	4.2516e-17	0.00e+00	0.00e+00	1.6060e+01
6.48560e+16	5.0048e+03	2.774e-19	5.9948e+02	2.0945e+02	2.1201e-08	6.5829e-01	3.4171e-01	9.1462e-01	8.5379e-02	8.9280e-07	2.3425e-10	2.7861e-03	9.8884e-01	8.3782e-03	1.1755e-36	7.0987e-01	2.9011e-01	2.1047e-05	1.1755e-36	1.1755e-36	1.1755e-36	4.6963e-17	0.00e+00	0.00e+00	1.6220e+01
6.49173e+16	4.9503e+03	2.696e-19	5.9948e+02	2.0526e+02	2.3730e-08	6.6526e-01	3.3473e-01	9.1556e-01	8.4436e-02	8.8829e-07	2.4573e-10	2.7383e-03	9.8903e-01	8.2301e-03	1.1755e-36	7.1635e-01	2.8363e-01	2.0154e-05	1.1755e-36	1.1755e-36	1.1755e-36	5.1410e-17	0.00e+00	0.00e+00	1.6367e+01
6.49738e+16	4.8938e+03	2.626e-19	5.9948e+02	2.0150e+02	2.6624e-08	6.7197e-01	3.2803e-01	9.1650e-01	8.3495e-02	8.8236e-07	2.5786e-10	2.6962e-03	9.8922e-01	8.0846e-03	1.1755e-36	7.2256e-01	2.7742e-01	1.9342e-05	1.1755e-36	1.1755e-36	1.1755e-36	5.6386e-17	0.00e+00	0.00e+00	1.6506e+01
6.50263e+16	4.8523e+03	2.559e-19	5.9948e+02	1.9781e+02	2.9132e-08	6.7754e-01	3.2246e-01	9.1718e-01	8.2822e-02	8.8124e-07	2.6786e-10	2.6533e-03	9.8938e-01	7.9705e-03	1.1755e-36	7.2769e-01	2.7229e-01	1.8653e-05	1.1755e-36	1.1755e-36	1.1755e-36	6.0732e-17	0.00e+00	0.00e+00	1.6635e+01
6.50806e+16	4.7994e+03	2.492e-19	5.9948e+02	1.9406e+02	3.2538e-08	6.8373e-01	3.1627e-01	9.1803e-01	8.1965e-02	8.7696e-07	2.8036e-10	2.6107e-03	9.8955e-01	7.8369e-03	1.1755e-36	7.3340e-01	2.6658e-01	1.7930e-05	1.1755e-36	1.1755e-36	1.1755e-36	6.6466e-17	0.00e+00	0.00e+00	1.6786e+01
6.51378e+16	4.7466e+03	2.422e-19	5.9948e+02	1.9019e+02	3.6422e-08	6.9006e-01	3.0994e-01	9.1885e-01	8.1152e-02	8.7374e-07	2.9391e-10	2.5663e-03	9.8973e-01	7.7049e-03	1.1755e-36	7.3921e-01	2.6077e-01	1.7212e-05	1.1755e-36	1.1755e-36	1.1755e-36	7.3100e-17	0.00e+00	0.00e+00	1.6932e+01
6.51918e+16	4.6947e+03	2.358e-19	5.9948e+02	1.8654e+02	4.0705e-08	6.9605e-01	3.0395e-01	9.1961e-01	8.0386e-02	8.7059e-07	3.0786e-10	2.5248e-03	9.8989e-01	7.5803e-03	1.1755e-36	7.4471e-01	2.5527e-01	1.6556e-05	1.1755e-36	1.1755e-36	1.1755e-36	8.0390e-17	0.00e+00	0.00e+00	1.7070e+01
6.52429e+16	4.6438e+03	2.298e-19	5.9948e+02	1.8312e+02	4.5406e-08	7.0172e-01	2.9828e-01	9.2034e-01	7.9659e-02	8.6744e-07	3.2218e-10	2.4859e-03	9.9005e-01	7.4627e-03	1.1755e-36	7.4989e-01	2.5009e-01	1.5957e-05	1.1755e-36	1.1755e-36	1.1755e-36	8.8385e-17	0.00e+00	0.00e+00	1.7202e+01
6.52918e+16	4.5945e+03	2.242e-19	5.9948e+02	1.7985e+02	5.0531e-08	7.0713e-01	2.9287e-01	9.2103e-01	7.8973e-02	8.6454e-07	3.3690e-10	2.4488e-03	9.9020e-01	7.3509e-03	1.1755e-36	7.5482e-01	2.4516e-01	1.5401e-05	1.1755e-36	1.1755e-36	1.1755e-36	9.7156e-17	0.00e+00	0.00e+00	1.7331e+01
6.53395e+16	4.5457e+03	2.188e-19	5.9948e+02	1.7667e+02	5.6226e-08	7.1237e-01	2.8763e-01	9.2169e-01	7.8306e-02	8.6173e-07	3.5235e-10	2.4127e-03	9.9034e-01	7.2427e-03	1.1755e-36	7.5959e-01	2.4039e-01	1.4876e-05	1.1755e-36	1.1755e-36	1.1755e-36	1.0698e-16	0.00e+00	0.00e+00	1.7458e+01
6.53865e+16	4.4974e+03	2.135e-19	5.9948e+02	1.7355e+02	6.2552e-08	7.1749e-01	2.8251e-01	9.2234e-01	7.7664e-02	8.5921e-07	3.6863e-10	2.3773e-03	9.9049e-01	7.1375e-03	1.1755e-36	7.6424e-01	2.3574e-01	1.4375e-05	1.1755e-36	1.1755e-36	1.1755e-36	1.1803e-16	0.00e+00	0.00e+00	1.7585e+01
6.54330e+16	4.4493e+03	2.083e-19	5.9948e+02	1.7048e+02	6.9636e-08	7.2251e-01	2.7749e-01	9.2296e-01	7.7039e-02	8.5683e-07	3.8593e-10	2.3425e-03	9.9062e-01	7.0347e-03	1.1755e-36	7.6879e-01	2.3119e-01	1.3895e-05	1.1755e-36	1.1755e-36	1.1755e-36	1.3059e-16	0.00e+00	0.00e+00	1.7712e+01
6.54789e+16	4.3970e+03	2.034e-19	5.9948e+02	1.6756e+02	7.8234e-08	7.2769e-01	2.7231e-01	9.2365e-01	7.6348e-02	8.5265e-07	4.0599e-10	2.3104e-03	9.9076e-01	6.9273e-03	1.1755e-36	7.7347e-01	2.2652e-01	1.3425e-05	1.1755e-36	1.1755e-36	1.1755e-36	1.4617e-16	0.00e+00	0.00e+00	1.7837e+01
6.55223e+16	4.3473e+03	1.988e-19	5.9948e+02	1.6465e+02	8.7390e-08	7.3232e-01	2.6768e-01	9.2421e-01	7.5789e-02	8.5064e-07	4.2534e-10	2.2778e-03	9.9089e-01	6.8337e-03	1.1755e-36	7.7766e-01	2.2233e-01	1.3010e-05	1.1755e-36	1.1755e-36	1.1755e-36	1.6250e-16	0.00e+00	0.00e+00	1.7952e+01
6.55627e+16	4.3030e+03	1.945e-19	5.9948e+02	1.6208e+02	9.6673e-08	7.3669e-01	2.6331e-01	9.2476e-01	7.5240e-02	8.4807e-07	4.4499e-10	2.2491e-03	9.9101e-01	6.7446e-03	1.1755e-36	7.8160e-01	2.1839e-01	1.2625e-05	1.1755e-36	1.1755e-36	1.1755e-36	1.8004e-16	0.00e+00	0.00e+00	1.8062e+01
6.56030e+16	4.2590e+03	1.903e-19	5.9948e+02	1.5949e+02	1.0698e-07	7.4098e-01	2.5902e-01	9.2529e-01	7.4707e-02	8.4592e-07	4.6581e-10	2.2200e-03	9.9112e-01	6.6573e-03	1.1755e-36	7.8545e-01	2.1454e-01	1.2253e-05	1.1755e-36	1.1755e-36	1.1755e-36	1.9989e-16	0.00e+00	0.00e+00	1.8177e+01
6.56449e+16	4.2083e+03	1.860e-19	5.9948e+02	1.5679e+02	1.2015e-07	7.4553e-01	2.5447e-01	9.2589e-01	7.4112e-02	8.4273e-07	4.9079e-10	2.1906e-03	9.9125e-01	6.5640e-03	1.1755e-36	7.8954e-01	2.1045e-01	1.1874e-05	1.1755e-36	1.1755e-36	1.1755e-36	2.2555e-16	0.00e+00	0.00e+00	1.8297e+01
6.56857e+16	4.1640e+03	1.819e-19	5.9948e+02	1.5421e+02	1.3326e-07	7.4972e-01	2.5028e-01	9.2639e-01	7.3612e-02	8.4115e-07	5.1503e-10	2.1617e-03	9.9136e-01	6.4802e-03	1.1755e-36	7.9331e-01	2.0668e-01	1.1523e-05	1.1755e-36	1.1755e-36	1.1755e-36	2.5221e-16	0.00e+00	0.00e+00	1.8408e+01
6.57249e+16	4.1202e+03	1.780e-19	5.9948e+02	1.5173e+02	1.4771e-07	7.5379e-01	2.4621e-01	9.2689e-01	7.3111e-02	8.3924e-07	5.4084e-10	2.1342e-03	9.9147e-01	6.3981e-03	1.1755e-36	7.9695e-01	2.0304e-01	1.1190e-05	1.1755e-36	1.1755e-36	1.1755e-36	2.8257e-16	0.00e+00	0.00e+00	1.8521e+01
6.57649e+16	4.0738e+03	1.741e-19	5.9948e+02	1.4911e+02	1.6461e-07	7.5781e-01	2.4218e-01	9.2736e-01	7.2642e-02	8.3825e-07	5.6889e-10	2.1049e-03	9.9158e-01	6.3182e-03	1.1755e-36	8.0054e-01	1.9945e-01	1.0869e-05	1.1755e-36	1.1755e-36	1.1755e-36	3.1831e-16	0.00e+00	0.00e+00	1.8637e+01
6.58049e+16	4.0316e+03	1.702e-19	5.9948e+02	1.4667e+02	1.8214e-07	7.6183e-01	2.3817e-01	9.2784e-01	7.2163e-02	8.3681e-07	5.9854e-10	2.0776e-03	9.9168e-01	6.2384e-03	1.1755e-36	8.0411e-01	1.9588e-01	1.0551e-05	1.1755e-36	1.1755e-36	1.1755e-36	3.5821e-16	0.00e+00	0.00e+00	1.8750e+01
6.58450e+16	3.9818e+03	1.664e-19	5.9948e+02	1.4424e+02	2.0489e-07	7.6610e-01	2.3390e-01	9.2840e-01	7.1597e-02	8.3337e-07	6.3494e-10	2.0516e-03	9.9180e-01	6.1514e-03	1.1755e-36	8.0791e-01	1.9208e-01	1.0230e-05	1.1755e-36	1.1755e-36	1.1755e-36	4.1111e-16	0.00e+00	0.00e+00	1.8869e+01
###########################
8.88181e+12	7.1349e+03	1.076e-18	5.9948e+02	6.4161e+02	2.6872e-13	1.1913e-02	9.8809e-01	6.2036e-02	9.3749e-01	4.7411e-04	6.4046e-15	1.8990e-03	5.4857e-01	4.4947e-01	5.5692e-05	1.3042e-02	9.0725e-01	7.9702e-02	5.1461e-06	1.1755e-36	1.1755e-36	4.5089e-23	0.00e+00	0.00e+00	8.0109e-04
5.32909e+13	7.1290e+03	1.075e-18	5.9948e+02	6.4115e+02	2.6923e-13	1.1899e-02	9.8810e-01	6.2034e-02	9.3749e-01	4.7372e-04	6.3836e-15	1.8935e-03	5.4859e-01	4.4946e-01	5.5769e-05	1.3027e-02	9.0721e-01	7.9756e-02	5.1359e-06	1.1755e-36	1.1755e-36	4.4828e-23	0.00e+00	0.00e+00	4.0018e-03
2.30927e+14	7.1191e+03	1.071e-18	5.9948e+02	6.4101e+02	2.7087e-13	1.1892e-02	9.8811e-01	6.2180e-02	9.3735e-01	4.7004e-04	6.3837e-15	1.8933e-03	5.4926e-01	4.4879e-01	5.5473e-05	1.3025e-02	9.0740e-01	7.9574e-02	5.0516e-06	1.1755e-36	1.1755e-36	4.4691e-23	0.00e+00	0.00e+00	1.6797e-02
9.41472e+14	7.0867e+03	1.060e-18	5.9948e+02	6.4092e+02	2.7987e-13	1.1944e-02	9.8806e-01	6.2960e-02	9.3659e-01	4.5188e-04	6.4887e-15	1.9089e-03	5.5265e-01	4.4539e-01	5.4117e-05	1.3110e-02	9.0845e-01	7.8432e-02	4.6814e-06	1.1755e-36	1.1755e-36	4.5160e-23	0.00e+00	0.00e+00	6.8201e-02
2.24887e+15	6.9707e+03	1.024e-18	5.9948e+02	6.4099e+02	2.9319e-13	1.1731e-02	9.8827e-01	6.3592e-02	9.3597e-01	4.3536e-04	6.2790e-15	1.9014e-03	5.5594e-01	4.4211e-01	5.3021e-05	1.2906e-02	9.0912e-01	7.7971e-02	4.3256e-06	1.1755e-36	1.1755e-36	4.2085e-23	0.00e+00	0.00e+00	1.3384e-01
3.94850e+15	6.8591e+03	9.928e-19	5.9948e+02	6.4098e+02	3.1497e-13	1.1672e-02	9.8833e-01	6.4842e-02	9.3475e-01	4.0391e-04	6.2689e-15	1.9175e-03	5.6162e-01	4.3641e-01	5.0854e-05	1.2891e-02	9.1075e-01	7.6350e-02	3.7903e-06	1.1755e-36	1.1755e-36	4.0802e-23	0.00e+00	0.00e+00	2.1873e-01
6.15801e+15	6.7480e+03	9.645e-19	5.9948e+02	6.4083e+02	3.4824e-13	1.1763e-02	9.8824e-01	6.6890e-02	9.3275e-01	3.5879e-04	6.4590e-15	1.9584e-03	5.7023e-01	4.2777e-01	4.7612e-05	1.3062e-02	9.1333e-01	7.3600e-02	3.1209e-06	1.1755e-36	1.1755e-36	4.1107e-23	0.00e+00	0.00e+00	3.2995e-01
9.03037e+15	6.6372e+03	9.393e-19	5.9948e+02	6.4049e+02	3.9960e-13	1.2057e-02	9.8794e-01	7.0146e-02	9.2955e-01	3.0137e-04	6.9406e-15	2.0330e-03	5.8294e-01	4.1498e-01	4.3178e-05	1.3491e-02	9.1733e-01	6.9176e-02	2.3567e-06	1.1755e-36	1.1755e-36	4.3574e-23	0.00e+00	0.00e+00	4.7816e-01
1.27644e+16	6.5221e+03	9.193e-19	5.9948e+02	6.3983e+02	4.8637e-13	1.2679e-02	9.8732e-01	7.5389e-02	9.2438e-01	2.3514e-04	7.9415e-15	2.1594e-03	6.0168e-01	3.9613e-01	3.7425e-05	1.4330e-02	9.2284e-01	6.2824e-02	1.5834e-06	1.1755e-36	1.1755e-36	4.9874e-23	0.00e+00	0.00e+00	6.8077e-01
1.76187e+16	6.4310e+03	9.052e-19	5.9948e+02	6.3891e+02	6.2770e-13	1.3831e-02	9.8617e-01	8.3995e-02	9.1584e-01	1.6736e-04	9.9425e-15	2.3670e-03	6.2881e-01	3.6879e-01	3.0452e-05	1.5833e-02	9.3000e-01	5.4165e-02	9.0411e-07	1.1755e-36	1.1755e-36	6.4070e-23	0.00e+00	0.00e+00	9.6808e-01
2.29926e+16	6.3544e+03	9.001e-19	5.9948e+02	6.3737e+02	8.5192e-13	1.5542e-02	9.8446e-01	9.6104e-02	9.0378e-01	1.1349e-04	1.3312e-14	2.6421e-03	6.6145e-01	3.3589e-01	2.3654e-05	1.8030e-02	9.3711e-01	4.4858e-02	4.6883e-07	1.1755e-36	1.1755e-36	9.0123e-23	0.00e+00	0.00e+00	1.2776e+00
2.77896e+16	6.3263e+03	9.064e-19	5.9948e+02	6.3503e+02	1.1470e-12	1.7738e-02	9.8226e-01	1.1079e-01	8.8913e-01	7.9370e-05	1.8405e-14	2.9510e-03	6.9426e-01	3.0277e-01	1.8146e-05	2.0813e-02	9.4264e-01	3.6551e-02	2.4583e-07	1.1755e-36	1.1755e-36	1.3398e-22	0.00e+00	0.00e+00	1.5686e+00
3.18148e+16	6.3304e+03	9.201e-19	5.9948e+02	6.3258e+02	1.5212e-12	2.0356e-02	9.7964e-01	1.2775e-01	8.7219e-01	5.8368e-05	2.5740e-14	3.2734e-03	7.2529e-01	2.7142e-01	1.3872e-05	2.4104e-02	9.4629e-01	2.9609e-02	1.3413e-07	1.1755e-36	1.1755e-36	2.0430e-22	0.00e+00	0.00e+00	1.8550e+00
3.53691e+16	6.3507e+03	9.380e-19	5.9948e+02	6.3000e+02	2.0200e-12	2.3519e-02	9.7648e-01	1.4789e-01	8.5207e-01	4.4226e-05	3.6570e-14	3.6110e-03	7.5524e-01	2.4114e-01	1.0447e-05	2.8062e-02	9.4825e-01	2.3691e-02	1.1755e-36	1.1755e-36	1.1755e-36	3.2002e-22	0.00e+00	0.00e+00	2.1570e+00
3.86119e+16	6.3855e+03	9.575e-19	5.9948e+02	6.2629e+02	2.6931e-12	2.7374e-02	9.7263e-01	1.7206e-01	8.2790e-01	3.4048e-05	5.2782e-14	3.9579e-03	7.8412e-01	2.1192e-01	7.7038e-06	3.2868e-02	9.4849e-01	1.8644e-02	1.1755e-36	1.1755e-36	1.1755e-36	5.1363e-22	0.00e+00	0.00e+00	2.4776e+00
4.15412e+16	6.4294e+03	9.779e-19	5.9948e+02	6.2175e+02	3.6125e-12	3.2050e-02	9.6795e-01	2.0085e-01	7.9913e-01	2.6591e-05	7.7247e-14	4.3035e-03	8.1138e-01	1.8431e-01	5.5639e-06	3.8678e-02	9.4687e-01	1.4450e-02	1.1755e-36	1.1755e-36	1.1755e-36	8.4179e-22	0.00e+00	0.00e+00	2.8130e+00
4.41308e+16	6.4785e+03	9.994e-19	5.9948e+02	6.1740e+02	4.8646e-12	3.7656e-02	9.6234e-01	2.3445e-01	7.6553e-01	2.1211e-05	1.1423e-13	4.6396e-03	8.3641e-01	1.5894e-01	3.9505e-06	4.5616e-02	9.4331e-01	1.1075e-02	1.1755e-36	1.1755e-36	1.1755e-36	1.4014e-21	0.00e+00	0.00e+00	3.1572e+00
4.63750e+16	6.5300e+03	1.018e-18	5.9948e+02	6.1178e+02	6.5099e-12	4.4111e-02	9.5589e-01	2.7184e-01	7.2814e-01	1.7195e-05	1.6784e-13	4.9399e-03	8.5833e-01	1.3673e-01	2.7931e-06	5.3576e-02	9.3796e-01	8.4685e-03	1.1755e-36	1.1755e-36	1.1755e-36	2.3117e-21	0.00e+00	0.00e+00	3.5035e+00
4.83264e+16	6.5810e+03	1.033e-18	5.9948e+02	6.0536e+02	8.6662e-12	5.1490e-02	9.4851e-01	3.1269e-01	6.8729e-01	1.4108e-05	2.4514e-13	5.2016e-03	8.7731e-01	1.1748e-01	1.9701e-06	6.2638e-02	9.3089e-01	6.4697e-03	1.1755e-36	1.1755e-36	1.1755e-36	3.7768e-21	0.00e+00	0.00e+00	3.8600e+00
5.00671e+16	6.6258e+03	1.045e-18	5.9948e+02	5.9804e+02	1.1612e-11	6.0094e-02	9.3991e-01	3.5748e-01	6.4251e-01	1.1625e-05	3.5909e-13	5.4280e-03	8.9398e-01	1.0059e-01	1.3781e-06	7.3158e-02	9.2193e-01	4.9156e-03	1.1755e-36	1.1755e-36	1.1755e-36	6.1750e-21	0.00e+00	0.00e+00	4.2359e+00
5.16407e+16	6.6674e+03	1.053e-18	5.9948e+02	5.8967e+02	1.5662e-11	7.0201e-02	9.2980e-01	4.0600e-01	5.9399e-01	9.5865e-06	5.2937e-13	5.6154e-03	9.0856e-01	8.5828e-02	9.5473e-07	8.5456e-02	9.1084e-01	3.7065e-03	1.1755e-36	1.1755e-36	1.1755e-36	1.0149e-20	0.00e+00	0.00e+00	4.6332e+00
5.30618e+16	6.7049e+03	1.056e-18	5.9948e+02	5.8013e+02	2.1250e-11	8.2031e-02	9.1797e-01	4.5712e-01	5.4287e-01	7.9044e-06	7.8408e-13	5.7635e-03	9.2114e-01	7.3092e-02	6.5710e-07	9.9769e-02	8.9745e-01	2.7779e-03	1.1755e-36	1.1755e-36	1.1755e-36	1.6731e-20	0.00e+00	0.00e+00	5.0515e+00
5.43453e+16	6.7381e+03	1.052e-18	5.9948e+02	5.6850e+02	2.8895e-11	9.5677e-02	9.0432e-01	5.0911e-01	4.9088e-01	6.5125e-06	1.1591e-12	5.8609e-03	9.3181e-01	6.2333e-02	4.5203e-07	1.1618e-01	8.8175e-01	2.0754e-03	1.1755e-36	1.1755e-36	1.1755e-36	2.7421e-20	0.00e+00	0.00e+00	5.4933e+00
5.55202e+16	6.7610e+03	1.042e-18	5.9948e+02	5.5551e+02	3.9792e-11	1.1171e-01	8.8829e-01	5.6158e-01	4.3841e-01	5.3336e-06	1.7247e-12	5.9147e-03	9.4096e-01	5.3126e-02	3.0933e-07	1.3531e-01	8.6315e-01	1.5401e-03	1.1755e-36	1.1755e-36	1.1755e-36	4.5230e-20	0.00e+00	0.00e+00	5.9711e+00
5.66098e+16	6.7730e+03	1.025e-18	5.9948e+02	5.4137e+02	5.5836e-11	1.3087e-01	8.6913e-01	6.1332e-01	3.8667e-01	4.3666e-06	2.5981e-12	5.9314e-03	9.4888e-01	4.5191e-02	2.0978e-07	1.5799e-01	8.4088e-01	1.1307e-03	1.1755e-36	1.1755e-36	1.1755e-36	7.5911e-20	0.00e+00	0.00e+00	6.4908e+00
5.76155e+16	6.7725e+03	9.995e-19	5.9948e+02	5.2530e+02	7.9643e-11	1.5355e-01	8.4645e-01	6.6250e-01	3.3750e-01	3.5700e-06	3.9358e-12	5.9023e-03	9.5562e-01	3.8482e-02	1.4188e-07	1.8457e-01	8.1461e-01	8.2372e-04	1.1755e-36	1.1755e-36	1.1755e-36	1.2870e-19	0.00e+00	0.00e+00	7.0502e+00
5.85386e+16	6.7648e+03	9.645e-19	5.9948e+02	5.0704e+02	1.1444e-10	1.7992e-01	8.2008e-01	7.0715e-01	2.9284e-01	2.9371e-06	5.9447e-12	5.8232e-03	9.6128e-01	3.2896e-02	1.1755e-36	2.1510e-01	7.8430e-01	5.9737e-04	1.1755e-36	1.1755e-36	1.1755e-36	2.1872e-19	0.00e+00	0.00e+00	7.6521e+00
5.93925e+16	6.7237e+03	9.211e-19	5.9948e+02	4.8644e+02	1.6996e-10	2.1098e-01	7.8902e-01	7.4741e-01	2.5258e-01	2.4220e-06	9.0045e-12	5.6994e-03	9.6614e-01	2.8157e-02	1.1755e-36	2.5060e-01	7.4897e-01	4.3037e-04	1.1755e-36	1.1755e-36	1.1755e-36	3.7543e-19	0.00e+00	0.00e+00	8.3102e+00
6.01874e+16	6.6681e+03	8.668e-19	5.9948e+02	4.6318e+02	2.5648e-10	2.4705e-01	7.5295e-01	7.8261e-01	2.1739e-01	2.0146e-06	1.3606e-11	5.5248e-03	9.7031e-01	2.4167e-02	1.1755e-36	2.9117e-01	7.0852e-01	3.0777e-04	1.1755e-36	1.1755e-36	1.1755e-36	6.4920e-19	0.00e+00	0.00e+00	9.0265e+00
6.08755e+16	6.5944e+03	8.070e-19	5.9948e+02	4.3867e+02	3.8454e-10	2.8559e-01	7.1441e-01	8.1032e-01	1.8968e-01	1.7230e-06	1.9885e-11	5.3132e-03	9.7363e-01	2.1062e-02	1.1755e-36	3.3378e-01	6.6599e-01	2.2436e-04	1.1755e-36	1.1755e-36	1.1755e-36	1.0865e-18	0.00e+00	0.00e+00	9.6860e+00
6.13989e+16	6.5160e+03	7.523e-19	5.9948e+02	4.1664e+02	5.4330e-10	3.2038e-01	6.7962e-01	8.2932e-01	1.7067e-01	1.5391e-06	2.6891e-11	5.1062e-03	9.7599e-01	1.8906e-02	1.1755e-36	3.7159e-01	6.2824e-01	1.7324e-04	1.1755e-36	1.1755e-36	1.1755e-36	1.6508e-18	0.00e+00	0.00e+00	1.0216e+01
6.17824e+16	6.4424e+03	7.075e-19	5.9948e+02	3.9883e+02	7.1638e-10	3.4906e-01	6.5094e-01	8.4221e-01	1.5779e-01	1.4209e-06	3.3777e-11	4.9307e-03	9.7765e-01	1.7416e-02	1.1755e-36	4.0232e-01	5.9753e-01	1.4180e-04	1.1755e-36	1.1755e-36	1.1755e-36	2.2753e-18	0.00e+00	0.00e+00	1.0652e+01
6.20956e+16	6.3683e+03	6.682e-19	5.9948e+02	3.8324e+02	9.1372e-10	3.7449e-01	6.2551e-01	8.5230e-01	1.4770e-01	1.3308e-06	4.0844e-11	4.7729e-03	9.7899e-01	1.6235e-02	1.1755e-36	4.2923e-01	5.7065e-01	1.1953e-04	1.1755e-36	1.1755e-36	1.1755e-36	2.9796e-18	0.00e+00	0.00e+00	1.1072e+01
6.23891e+16	6.2917e+03	6.287e-19	5.9948e+02	3.6747e+02	1.1585e-09	3.9966e-01	6.0034e-01	8.6125e-01	1.3875e-01	1.2545e-06	4.8779e-11	4.6083e-03	9.8021e-01	1.5183e-02	1.1755e-36	4.5557e-01	5.4433e-01	1.0133e-04	1.1755e-36	1.1755e-36	1.1755e-36	3.8411e-18	0.00e+00	0.00e+00	1.1512e+01
6.26703e+16	6.2051e+03	5.896e-19	5.9948e+02	3.5161e+02	1.4796e-09	4.2538e-01	5.7462e-01	8.6929e-01	1.3071e-01	1.1884e-06	5.7993e-11	4.4399e-03	9.8134e-01	1.4221e-02	1.1755e-36	4.8218e-01	5.1773e-01	8.6079e-05	1.1755e-36	1.1755e-36	1.1755e-36	4.9356e-18	0.00e+00	0.00e+00	1.1949e+01
6.29263e+16	6.1154e+03	5.527e-19	5.9948e+02	3.3643e+02	1.8757e-09	4.5008e-01	5.4992e-01	8.7606e-01	1.2394e-01	1.1357e-06	6.7975e-11	4.2758e-03	9.8234e-01	1.3387e-02	1.1755e-36	5.0744e-01	4.9249e-01	7.3898e-05	1.1755e-36	1.1755e-36	1.1755e-36	6.2321e-18	0.00e+00	0.00e+00	1.2359e+01
6.31532e+16	6.0262e+03	5.193e-19	5.9948e+02	3.2242e+02	2.3447e-09	4.7291e-01	5.2709e-01	8.8170e-01	1.1829e-01	1.0938e-06	7.8335e-11	4.1224e-03	9.8320e-01	1.2678e-02	1.1755e-36	5.3055e-01	4.6939e-01	6.4326e-05	1.1755e-36	1.1755e-36	1.1755e-36	7.6955e-18	0.00e+00	0.00e+00	1.2740e+01
6.33580e+16	5.9372e+03	4.887e-19	5.9948e+02	3.0938e+02	2.9017e-09	4.9421e-01	5.0579e-01	8.8655e-01	1.1345e-01	1.0592e-06	8.9104e-11	3.9780e-03	9.8396e-01	1.2057e-02	1.1755e-36	5.5190e-01	4.4805e-01	5.6592e-05	1.1755e-36	1.1755e-36	1.1755e-36	9.3419e-18	0.00e+00	0.00e+00	1.3108e+01
6.35493e+16	5.8460e+03	4.599e-19	5.9948e+02	2.9689e+02	3.5805e-09	5.1463e-01	4.8537e-01	8.9086e-01	1.0913e-01	1.0296e-06	1.0057e-10	3.8384e-03	9.8467e-01	1.1496e-02	1.1755e-36	5.7218e-01	4.2777e-01	5.0089e-05	1.1755e-36	1.1755e-36	1.1755e-36	1.1235e-17	0.00e+00	0.00e+00	1.3471e+01
6.37310e+16	5.7521e+03	4.326e-19	5.9948e+02	2.8479e+02	4.4195e-09	5.3443e-01	4.6557e-01	8.9475e-01	1.0525e-01	1.0041e-06	1.1288e-10	3.7020e-03	9.8532e-01	1.0980e-02	1.1755e-36	5.9167e-01	4.0829e-01	4.4519e-05	1.1755e-36	1.1755e-36	1.1755e-36	1.3438e-17	0.00e+00	0.00e+00	1.3829e+01
6.38776e+16	5.6724e+03	4.111e-19	5.9948e+02	2.7499e+02	5.2699e-09	5.5056e-01	4.4944e-01	8.9752e-01	1.0247e-01	9.8797e-07	1.2388e-10	3.5908e-03	9.8581e-01	1.0601e-02	1.1755e-36	6.0742e-01	3.9254e-01	4.0512e-05	1.1755e-36	1.1755e-36	1.1755e-36	1.5571e-17	0.00e+00	0.00e+00	1.4071e+01
6.39817e+16	5.6068e+03	3.959e-19	5.9948e+02	2.6794e+02	6.0462e-09	5.6234e-01	4.3766e-01	8.9954e-01	1.0046e-01	9.7551e-07	1.3263e-10	3.5111e-03	9.8617e-01	1.0323e-02	1.1755e-36	6.1886e-01	3.8110e-01	3.7820e-05	1.1755e-36	1.1755e-36	1.1755e-36	1.7371e-17	0.00e+00	0.00e+00	1.4267e+01
6.40772e+16	5.5418e+03	3.821e-19	5.9948e+02	2.6174e+02	6.9222e-09	5.7368e-01	4.2632e-01	9.0159e-01	9.8408e-02	9.6054e-07	1.4199e-10	3.4414e-03	9.8651e-01	1.0046e-02	1.1755e-36	6.2982e-01	3.7014e-01	3.5389e-05	1.1755e-36	1.1755e-36	1.1755e-36	1.9411e-17	0.00e+00	0.00e+00	1.4482e+01
6.41814e+16	5.4810e+03	3.666e-19	5.9948e+02	2.5436e+02	7.9082e-09	5.8514e-01	4.1486e-01	9.0351e-01	9.6484e-02	9.5074e-07	1.5155e-10	3.3556e-03	9.8686e-01	9.7826e-03	1.1755e-36	6.4083e-01	3.5914e-01	3.2995e-05	1.1755e-36	1.1755e-36	1.1755e-36	2.1600e-17	0.00e+00	0.00e+00	1.4724e+01
6.42957e+16	5.4027e+03	3.497e-19	5.9948e+02	2.4589e+02	9.2919e-09	5.9768e-01	4.0232e-01	9.0550e-01	9.4495e-02	9.4178e-07	1.6264e-10	3.2577e-03	9.8724e-01	9.5037e-03	1.1755e-36	6.5283e-01	3.4714e-01	3.0570e-05	1.1755e-36	1.1755e-36	1.1755e-36	2.4302e-17	0.00e+00	0.00e+00	1.4994e+01
6.44142e+16	5.3242e+03	3.330e-19	5.9948e+02	2.3796e+02	1.1003e-08	6.1128e-01	3.8872e-01	9.0764e-01	9.2361e-02	9.2963e-07	1.7648e-10	3.1660e-03	9.8763e-01	9.2063e-03	1.1755e-36	6.6575e-01	3.3422e-01	2.8154e-05	1.1755e-36	1.1755e-36	1.1755e-36	2.7967e-17	0.00e+00	0.00e+00	1.5266e+01
6.45110e+16	5.2555e+03	3.198e-19	5.9948e+02	2.3139e+02	1.2716e-08	6.2220e-01	3.7780e-01	9.0915e-01	9.0854e-02	9.2274e-07	1.8848e-10	3.0900e-03	9.8792e-01	8.9889e-03	1.1755e-36	6.7608e-01	3.2389e-01	2.6379e-05	1.1755e-36	1.1755e-36	1.1755e-36	3.1420e-17	0.00e+00	0.00e+00	1.5445e+01
6.45770e+16	5.1977e+03	3.111e-19	5.9948e+02	2.2702e+02	1.4277e-08	6.3010e-01	3.6990e-01	9.1029e-01	8.9706e-02	9.1536e-07	1.9827e-10	3.0405e-03	9.8813e-01	8.8268e-03	1.1755e-36	6.8353e-01	3.1644e-01	2.5186e-05	1.1755e-36	1.1755e-36	1.1755e-36	3.4433e-17	0.00e+00	0.00e+00	1.5579e+01
6.46308e+16	5.1620e+03	3.037e-19	5.9948e+02	2.2321e+02	1.5437e-08	6.3595e-01	3.6405e-01	9.1110e-01	8.8900e-02	9.1281e-07	2.0540e-10	2.9956e-03	9.8829e-01	8.7106e-03	1.1755e-36	6.8900e-01	3.1097e-01	2.4281e-05	1.1755e-36	1.1755e-36	1.1755e-36	3.6722e-17	0.00e+00	0.00e+00	1.5703e+01
6.46900e+16	5.1153e+03	2.956e-19	5.9948e+02	2.1903e+02	1.7023e-08	6.4267e-01	3.5733e-01	9.1210e-01	8.7903e-02	9.0800e-07	2.1438e-10	2.9468e-03	9.8848e-01	8.5686e-03	1.1755e-36	6.9532e-01	3.0466e-01	2.3277e-05	1.1755e-36	1.1755e-36	1.1755e-36	3.9748e-17	0.00e+00	0.00e+00	1.5865e+01
6.47593e+16	5.0585e+03	2.863e-19	5.9948e+02	2.1418e+02	1.9166e-08	6.5054e-01	3.4946e-01	9.1322e-01	8.6780e-02	9.0270e-07	2.2571e-10	2.8904e-03	9.8870e-01	8.4094e-03	1.1755e-36	7.0266e-01	2.9731e-01	2.2164e-05	1.1755e-36	1.1755e-36	1.1755e-36	4.3809e-17	0.00e+00	0.00e+00	1.6042e+01
6.48274e+16	5.0032e+03	2.774e-19	5.9948e+02	2.0953e+02	2.1543e-08	6.5819e-01	3.4181e-01	9.1425e-01	8.5749e-02	8.9826e-07	2.3768e-10	2.8363e-03	9.8890e-01	8.2603e-03	1.1755e-36	7.0979e-01	2.9019e-01	2.1132e-05	1.1755e-36	1.1755e-36	1.1755e-36	4.8395e-17	0.00e+00	0.00e+00	1.6202e+01
6.48886e+16	4.9488e+03	2.696e-19	5.9948e+02	2.0534e+02	2.4111e-08	6.6516e-01	3.3484e-01	9.1520e-01	8.4803e-02	8.9374e-07	2.4932e-10	2.7879e-03	9.8910e-01	8.1151e-03	1.1755e-36	7.1626e-01	2.8372e-01	2.0236e-05	1.1755e-36	1.1755e-36	1.1755e-36	5.2972e-17	0.00e+00	0.00e+00	1.6349e+01
6.49450e+16	4.8925e+03	2.627e-19	5.9948e+02	2.0158e+02	2.7053e-08	6.7186e-01	3.2814e-01	9.1614e-01	8.3861e-02	8.8782e-07	2.6169e-10	2.7451e-03	9.8928e-01	7.9727e-03	1.1755e-36	7.2247e-01	2.7751e-01	1.9422e-05	1.1755e-36	1.1755e-36	1.1755e-36	5.8126e-17	0.00e+00	0.00e+00	1.6488e+01
6.49974e+16	4.8510e+03	2.560e-19	5.9948e+02	1.9789e+02	2.9600e-08	6.7743e-01	3.2257e-01	9.1682e-01	8.3184e-02	8.8669e-07	2.7182e-10	2.7016e-03	9.8944e-01	7.8610e-03	1.1755e-36	7.2760e-01	2.7238e-01	1.8729e-05	1.1755e-36	1.1755e-36	1.1755e-36	6.2596e-17	0.00e+00	0.00e+00	1.6616e+01
6.50517e+16	4.7981e+03	2.492e-19	5.9948e+02	1.9414e+02	3.3064e-08	6.8363e-01	3.1637e-01	9.1768e-01	8.2324e-02	8.8240e-07	2.8453e-10	2.6582e-03	9.8961e-01	7.7297e-03	1.1755e-36	7.3331e-01	2.6667e-01	1.8003e-05	1.1755e-36	1.1755e-36	1.1755e-36	6.8521e-17	0.00e+00	0.00e+00	1.6768e+01
6.51088e+16	4.7454e+03	2.423e-19	5.9948e+02	1.9026e+02	3.7014e-08	6.8996e-01	3.1004e-01	9.1849e-01	8.1508e-02	8.7917e-07	2.9832e-10	2.6132e-03	9.8979e-01	7.6003e-03	1.1755e-36	7.3913e-01	2.6086e-01	1.7282e-05	1.1755e-36	1.1755e-36	1.1755e-36	7.5376e-17	0.00e+00	0.00e+00	1.6913e+01
6.51628e+16	4.6936e+03	2.359e-19	5.9948e+02	1.8662e+02	4.1366e-08	6.9595e-01	3.0405e-01	9.1926e-01	8.0740e-02	8.7601e-07	3.1250e-10	2.5710e-03	9.8995e-01	7.4785e-03	1.1755e-36	7.4462e-01	2.5536e-01	1.6625e-05	1.1755e-36	1.1755e-36	1.1755e-36	8.2904e-17	0.00e+00	0.00e+00	1.7051e+01
6.52137e+16	4.6428e+03	2.299e-19	5.9948e+02	1.8320e+02	4.6139e-08	7.0162e-01	2.9838e-01	9.1999e-01	8.0011e-02	8.7286e-07	3.2704e-10	2.5316e-03	9.9011e-01	7.3634e-03	1.1755e-36	7.4980e-01	2.5018e-01	1.6024e-05	1.1755e-36	1.1755e-36	1.1755e-36	9.1153e-17	0.00e+00	0.00e+00	1.7183e+01
6.52625e+16	4.5937e+03	2.243e-19	5.9948e+02	1.7993e+02	5.1341e-08	7.0702e-01	2.9298e-01	9.2068e-01	7.9324e-02	8.6997e-07	3.4199e-10	2.4939e-03	9.9025e-01	7.2540e-03	1.1755e-36	7.5473e-01	2.4526e-01	1.5466e-05	1.1755e-36	1.1755e-36	1.1755e-36	1.0020e-16	0.00e+00	0.00e+00	1.7311e+01
6.53102e+16	4.5449e+03	2.188e-19	5.9948e+02	1.7675e+02	5.7132e-08	7.1227e-01	2.8773e-01	9.2135e-01	7.8654e-02	8.6716e-07	3.5771e-10	2.4573e-03	9.9039e-01	7.1479e-03	1.1755e-36	7.5950e-01	2.4048e-01	1.4938e-05	1.1755e-36	1.1755e-36	1.1755e-36	1.1035e-16	0.00e+00	0.00e+00	1.7439e+01
6.53573e+16	4.4966e+03	2.136e-19	5.9948e+02	1.7363e+02	6.3564e-08	7.1739e-01	2.8261e-01	9.2199e-01	7.8009e-02	8.6463e-07	3.7427e-10	2.4213e-03	9.9053e-01	7.0448e-03	1.1755e-36	7.6415e-01	2.3583e-01	1.4435e-05	1.1755e-36	1.1755e-36	1.1755e-36	1.2178e-16	0.00e+00	0.00e+00	1.7566e+01
6.54037e+16	4.4485e+03	2.084e-19	5.9948e+02	1.7056e+02	7.0765e-08	7.2241e-01	2.7759e-01	9.2262e-01	7.7382e-02	8.6225e-07	3.9187e-10	2.3859e-03	9.9067e-01	6.9442e-03	1.1755e-36	7.6871e-01	2.3128e-01	1.3953e-05	1.1755e-36	1.1755e-36	1.1755e-36	1.3475e-16	0.00e+00	0.00e+00	1.7692e+01
6.54495e+16	4.3964e+03	2.035e-19	5.9948e+02	1.6764e+02	7.9487e-08	7.2758e-01	2.7242e-01	9.2331e-01	7.6690e-02	8.5809e-07	4.1223e-10	2.3532e-03	9.9081e-01	6.8391e-03	1.1755e-36	7.7338e-01	2.2661e-01	1.3481e-05	1.1755e-36	1.1755e-36	1.1755e-36	1.5081e-16	0.00e+00	0.00e+00	1.7817e+01
6.54929e+16	4.3468e+03	1.989e-19	5.9948e+02	1.6473e+02	8.8786e-08	7.3222e-01	2.6778e-01	9.2387e-01	7.6129e-02	8.5608e-07	4.3191e-10	2.3201e-03	9.9093e-01	6.7476e-03	1.1755e-36	7.7757e-01	2.2241e-01	1.3065e-05	1.1755e-36	1.1755e-36	1.1755e-36	1.6769e-16	0.00e+00	0.00e+00	1.7931e+01
6.55333e+16	4.3025e+03	1.946e-19	5.9948e+02	1.6216e+02	9.8243e-08	7.3660e-01	2.6340e-01	9.2442e-01	7.5578e-02	8.5351e-07	4.5198e-10	2.2909e-03	9.9105e-01	6.6603e-03	1.1755e-36	7.8152e-01	2.1847e-01	1.2678e-05	1.1755e-36	1.1755e-36	1.1755e-36	1.8588e-16	0.00e+00	0.00e+00	1.8042e+01
6.55735e+16	4.2586e+03	1.904e-19	5.9948e+02	1.5957e+02	1.0872e-07	7.4088e-01	2.5912e-01	9.2496e-01	7.5044e-02	8.5137e-07	4.7316e-10	2.2614e-03	9.9116e-01	6.5748e-03	1.1755e-36	7.8537e-01	2.1462e-01	1.2304e-05	1.1755e-36	1.1755e-36	1.1755e-36	2.0640e-16	0.00e+00	0.00e+00	1.8157e+01
6.56153e+16	4.2083e+03	1.861e-19	5.9948e+02	1.5687e+02	1.2200e-07	7.4542e-01	2.5458e-01	9.2555e-01	7.4451e-02	8.4826e-07	4.9834e-10	2.2314e-03	9.9128e-01	6.4838e-03	1.1755e-36	7.8945e-01	2.1054e-01	1.1924e-05	1.1755e-36	1.1755e-36	1.1755e-36	2.3268e-16	0.00e+00	0.00e+00	1.8277e+01
6.56562e+16	4.1635e+03	1.820e-19	5.9948e+02	1.5428e+02	1.3545e-07	7.4964e-01	2.5036e-01	9.2606e-01	7.3942e-02	8.4654e-07	5.2321e-10	2.2019e-03	9.9140e-01	6.4012e-03	1.1755e-36	7.9324e-01	2.0674e-01	1.1570e-05	1.1755e-36	1.1755e-36	1.1755e-36	2.6048e-16	0.00e+00	0.00e+00	1.8388e+01
6.56954e+16	4.1197e+03	1.781e-19	5.9948e+02	1.5180e+02	1.5016e-07	7.5372e-01	2.4628e-01	9.2656e-01	7.3443e-02	8.4471e-07	5.4946e-10	2.1738e-03	9.9151e-01	6.3212e-03	1.1755e-36	7.9689e-01	2.0310e-01	1.1236e-05	1.1755e-36	1.1755e-36	1.1755e-36	2.9187e-16	0.00e+00	0.00e+00	1.8500e+01
6.57352e+16	4.0677e+03	1.742e-19	5.9948e+02	1.4925e+02	1.6940e-07	7.5804e-01	2.4195e-01	9.2712e-01	7.2877e-02	8.4139e-07	5.8149e-10	2.1463e-03	9.9162e-01	6.2353e-03	1.1755e-36	8.0074e-01	1.9924e-01	1.0902e-05	1.1755e-36	1.1755e-36	1.1755e-36	3.3336e-16	0.00e+00	0.00e+00	1.8615e+01
6.57730e+16	4.0356e+03	1.705e-19	5.9948e+02	1.4689e+02	1.8341e-07	7.6152e-01	2.3848e-01	9.2745e-01	7.2547e-02	8.4287e-07	6.0568e-10	2.1180e-03	9.9171e-01	6.1719e-03	1.1755e-36	8.0383e-01	1.9616e-01	1.0613e-05	1.1755e-36	1.1755e-36	1.1755e-36	3.6648e-16	0.00e+00	0.00e+00	1.8717e+01
6.58137e+16	3.9832e+03	1.666e-19	5.9948e+02	1.4435e+02	2.0752e-07	7.6596e-01	2.3404e-01	9.2806e-01	7.1943e-02	8.3909e-07	6.4419e-10	2.0905e-03	9.9183e-01	6.0824e-03	1.1755e-36	8.0779e-01	1.9220e-01	1.0277e-05	1.1755e-36	1.1755e-36	1.1755e-36	4.2319e-16	0.00e+00	0.00e+00	1.8851e+01
###########################
8.88181e+12	7.1349e+03	1.076e-18	5.9948e+02	6.4161e+02	2.6872e-13	1.1913e-02	9.8809e-01	6.2036e-02	9.3749e-01	4.7411e-04	6.4046e-15	1.8990e-03	5.4857e-01	4.4947e-01	5.5692e-05	1.3042e-02	9.0725e-01	7.9702e-02	5.1461e-06	1.1755e-36	1.1755e-36	4.5089e-23	0.00e+00	0.00e+00	8.0109e-04
5.32909e+13	7.1290e+03	1.075e-18	5.9948e+02	6.4115e+02	2.6922e-13	1.1899e-02	9.8810e-01	6.2034e-02	9.3749e-01	4.7372e-04	6.3835e-15	1.8935e-03	5.4859e-01	4.4946e-01	5.5769e-05	1.3027e-02	9.0721e-01	7.9756e-02	5.1359e-06	1.1755e-36	1.1755e-36	4.4828e-23	0.00e+00	0.00e+00	4.0018e-03
2.30927e+14	7.1191e+03	1.071e-18	5.9948e+02	6.4101e+02	2.7087e-13	1.1892e-02	9.8811e-01	6.2180e-02	9.3735e-01	4.7004e-04	6.3837e-15	1.8933e-03	5.4926e-01	4.4879e-01	5.5473e-05	1.3025e-02	9.0740e-01	7.9574e-02	5.0516e-06	1.1755e-36	1.1755e-36	4.4691e-23	0.00e+00	0.00e+00	1.6797e-02
9.41472e+14	7.0867e+03	1.060e-18	5.9948e+02	6.4092e+02	2.7987e-13	1.1944e-02	9.8806e-01	6.2960e-02	9.3659e-01	4.5188e-04	6.4887e-15	1.9089e-03	5.5265e-01	4.4539e-01	5.4117e-05	1.3110e-02	9.0845e-01	7.8432e-02	4.6814e-06	1.1755e-36	1.1755e-36	4.5160e-23	0.00e+00	0.00e+00	6.8201e-02
2.24887e+15	6.9707e+03	1.024e-18	5.9948e+02	6.4099e+02	2.9319e-13	1.1731e-02	9.8827e-01	6.3592e-02	9.3597e-01	4.3536e-04	6.2790e-15	1.9014e-03	5.5594e-01	4.4211e-01	5.3021e-05	1.2906e-02	9.0912e-01	7.7971e-02	4.3256e-06	1.1755e-36	1.1755e-36	4.2085e-23	0.00e+00	0.00e+00	1.3384e-01
3.94850e+15	6.8591e+03	9.928e-19	5.9948e+02	6.4098e+02	3.1497e-13	1.1672e-02	9.8833e-01	6.4842e-02	9.3475e-01	4.0391e-04	6.2689e-15	1.9175e-03	5.6162e-01	4.3641e-01	5.0854e-05	1.2891e-02	9.1075e-01	7.6350e-02	3.7903e-06	1.1755e-36	1.1755e-36	4.0802e-23	0.00e+00	0.00e+00	2.1873e-01
6.15801e+15	6.7480e+03	9.645e-19	5.9948e+02	6.4083e+02	3.4824e-13	1.1763e-02	9.8824e-01	6.6890e-02	9.3275e-01	3.5879e-04	6.4589e-15	1.9584e-03	5.7023e-01	4.2777e-01	4.7612e-05	1.3062e-02	9.1333e-01	7.3600e-02	3.1209e-06	1.1755e-36	1.1755e-36	4.1107e-23	0.00e+00	0.00e+00	3.2995e-01
9.03037e+15	6.6372e+03	9.393e-19	5.9948e+02	6.4049e+02	3.9960e-13	1.2057e-02	9.8794e-01	7.0146e-02	9.2955e-01	3.0137e-04	6.9406e-15	2.0330e-03	5.8294e-01	4.1498e-01	4.3178e-05	1.3491e-02	9.1733e-01	6.9176e-02	2.3567e-06	1.1755e-36	1.1755e-36	4.3574e-23	0.00e+00	0.00e+00	4.7816e-01
1.27644e+16	6.5221e+03	9.193e-19	5.9948e+02	6.3983e+02	4.8637e-13	1.2679e-02	9.8732e-01	7.5389e-02	9.2438e-01	2.3514e-04	7.9414e-15	2.1594e-03	6.0168e-01	3.9613e-01	3.7425e-05	1.4330e-02	9.2284e-01	6.2824e-02	1.5834e-06	1.1755e-36	1.1755e-36	4.9874e-23	0.00e+00	0.00e+00	6.8077e-01
1.76187e+16	6.4310e+03	9.052e-19	5.9948e+02	6.3891e+02	6.2769e-13	1.3831e-02	9.8617e-01	8.3995e-02	9.1584e-01	1.6736e-04	9.9424e-15	2.3670e-03	6.2881e-01	3.6879e-01	3.0452e-05	1.5833e-02	9.3000e-01	5.4165e-02	9.0411e-07	1.1755e-36	1.1755e-36	6.4069e-23	0.00e+00	0.00e+00	9.6808e-01
2.29926e+16	6.3544e+03	9.001e-19	5.9948e+02	6.3737e+02	8.5191e-13	1.5542e-02	9.8446e-01	9.6104e-02	9.0378e-01	1.1349e-04	1.3312e-14	2.6421e-03	6.6145e-01	3.3589e-01	2.3654e-05	1.8030e-02	9.3711e-01	4.4858e-02	4.6883e-07	1.1755e-36	1.1755e-36	9.0121e-23	0.00e+00	0.00e+00	1.2776e+00
2.77896e+16	6.3263e+03	9.064e-19	5.9948e+02	6.3503e+02	1.1470e-12	1.7738e-02	9.8226e-01	1.1079e-01	8.8913e-01	7.9370e-05	1.8405e-14	2.9510e-03	6.9426e-01	3.0277e-01	1.8146e-05	2.0813e-02	9.4264e-01	3.6551e-02	2.4583e-07	1.1755e-36	1.1755e-36	1.3397e-22	0.00e+00	0.00e+00	1.5686e+00
3.18148e+16	6.3374e+03	9.192e-19	5.9948e+02	6.3250e+02	1.5089e-12	2.0336e-02	9.7966e-01	1.2763e-01	8.7231e-01	5.8358e-05	2.5678e-14	3.2715e-03	7.2512e-01	2.7160e-01	1.3894e-05	2.4079e-02	9.4630e-01	2.9624e-02	1.3430e-07	1.1755e-36	1.1755e-36	2.0382e-22	0.00e+00	0.00e+00	1.8547e+00
3.53799e+16	6.3514e+03	9.375e-19	5.9948e+02	6.2967e+02	2.0174e-12	2.3511e-02	9.7649e-01	1.4784e-01	8.5211e-01	4.4134e-05	3.6521e-14	3.6095e-03	7.5519e-01	2.4119e-01	1.0452e-05	2.8052e-02	9.4825e-01	2.3693e-02	1.1755e-36	1.1755e-36	1.1755e-36	3.1935e-22	0.00e+00	0.00e+00	2.1585e+00
3.86388e+16	6.3855e+03	9.576e-19	5.9948e+02	6.2623e+02	2.6984e-12	2.7400e-02	9.7260e-01	1.7222e-01	8.2774e-01	3.3961e-05	5.2902e-14	3.9598e-03	7.8429e-01	2.1174e-01	7.6884e-06	3.2901e-02	9.4848e-01	1.8615e-02	1.1755e-36	1.1755e-36	1.1755e-36	5.1511e-22	0.00e+00	0.00e+00	2.4805e+00
4.15638e+16	6.4368e+03	9.772e-19	5.9948e+02	6.2169e+02	3.5905e-12	3.2052e-02	9.6795e-01	2.0089e-01	7.9908e-01	2.6549e-05	7.7260e-14	4.3037e-03	8.1142e-01	1.8427e-01	5.5609e-06	3.8681e-02	9.4689e-01	1.4434e-02	1.1755e-36	1.1755e-36	1.1755e-36	8.4263e-22	0.00e+00	0.00e+00	2.8137e+00
4.41423e+16	6.4787e+03	9.994e-19	5.9948e+02	6.1739e+02	4.8660e-12	3.7663e-02	9.6234e-01	2.3450e-01	7.6548e-01	2.1187e-05	1.1428e-13	4.6402e-03	8.3645e-01	1.5890e-01	3.9484e-06	4.5626e-02	9.4330e-01	1.1070e-02	1.1755e-36	1.1755e-36	1.1755e-36	1.4021e-21	0.00e+00	0.00e+00	3.1575e+00
4.63835e+16	6.5300e+03	1.018e-18	5.9948e+02	6.1179e+02	6.5103e-12	4.4114e-02	9.5589e-01	2.7186e-01	7.2812e-01	1.7183e-05	1.6786e-13	4.9401e-03	8.5833e-01	1.3672e-01	2.7926e-06	5.3579e-02	9.3795e-01	8.4676e-03	1.1755e-36	1.1755e-36	1.1755e-36	2.3120e-21	0.00e+00	0.00e+00	3.5033e+00
4.83331e+16	6.5808e+03	1.033e-18	5.9948e+02	6.0537e+02	8.6655e-12	5.1485e-02	9.4851e-01	3.1267e-01	6.8731e-01	1.4102e-05	2.4508e-13	5.2015e-03	8.7730e-01	1.1749e-01	1.9704e-06	6.2632e-02	9.3090e-01	6.4707e-03	1.1755e-36	1.1755e-36	1.1755e-36	3.7753e-21	0.00e+00	0.00e+00	3.8596e+00
5.00739e+16	6.6216e+03	1.048e-18	5.9948e+02	5.9935e+02	1.1705e-11	6.0237e-02	9.3976e-01	3.5800e-01	6.4199e-01	1.1616e-05	3.6193e-13	5.4409e-03	8.9418e-01	1.0038e-01	1.3719e-06	7.3331e-02	9.2176e-01	4.9055e-03	1.1755e-36	1.1755e-36	1.1755e-36	6.2463e-21	0.00e+00	0.00e+00	4.2367e+00
5.16337e+16	6.6710e+03	1.051e-18	5.9948e+02	5.8856e+02	1.5521e-11	6.9981e-02	9.3002e-01	4.0523e-01	5.9476e-01	9.5696e-06	5.2428e-13	5.6033e-03	9.0829e-01	8.6106e-02	9.6129e-07	8.5190e-02	9.1109e-01	3.7216e-03	1.1755e-36	1.1755e-36	1.1755e-36	1.0012e-20	0.00e+00	0.00e+00	4.6251e+00
5.30580e+16	6.7073e+03	1.054e-18	5.9948e+02	5.7909e+02	2.1064e-11	8.1746e-02	9.1825e-01	4.5637e-01	5.4362e-01	7.8913e-06	7.7613e-13	5.7519e-03	9.2093e-01	7.3317e-02	6.6152e-07	9.9427e-02	8.9778e-01	2.7895e-03	1.1755e-36	1.1755e-36	1.1755e-36	1.6487e-20	0.00e+00	0.00e+00	5.0529e+00
5.43745e+16	6.7387e+03	1.051e-18	5.9948e+02	5.6796e+02	2.8972e-11	9.5806e-02	9.0419e-01	5.0990e-01	4.9009e-01	6.4745e-06	1.1629e-12	5.8580e-03	9.3193e-01	6.2210e-02	4.4995e-07	1.1633e-01	8.8160e-01	2.0675e-03	1.1755e-36	1.1755e-36	1.1755e-36	2.7505e-20	0.00e+00	0.00e+00	5.5064e+00
5.55588e+16	6.7615e+03	1.041e-18	5.9948e+02	5.5520e+02	4.0097e-11	1.1212e-01	8.8788e-01	5.6292e-01	4.3708e-01	5.3026e-06	1.7413e-12	5.9157e-03	9.4117e-01	5.2912e-02	3.0643e-07	1.3580e-01	8.6267e-01	1.5288e-03	1.1755e-36	1.1755e-36	1.1755e-36	4.5773e-20	0.00e+00	0.00e+00	5.9809e+00
5.66292e+16	6.7732e+03	1.025e-18	5.9948e+02	5.4123e+02	5.6003e-11	1.3107e-01	8.6893e-01	6.1382e-01	3.8618e-01	4.3561e-06	2.6080e-12	5.9313e-03	9.4894e-01	4.5124e-02	2.0904e-07	1.5822e-01	8.4065e-01	1.1275e-03	1.1755e-36	1.1755e-36	1.1755e-36	7.6274e-20	0.00e+00	0.00e+00	6.4883e+00
5.76174e+16	6.7726e+03	9.998e-19	5.9948e+02	5.2543e+02	7.9409e-11	1.5336e-01	8.4664e-01	6.6218e-01	3.3782e-01	3.5729e-06	3.9230e-12	5.9028e-03	9.5557e-01	3.8526e-02	1.4229e-07	1.8434e-01	8.1483e-01	8.2569e-04	1.1755e-36	1.1755e-36	1.1755e-36	1.2815e-19	0.00e+00	0.00e+00	7.0419e+00
5.85404e+16	6.7649e+03	9.648e-19	5.9948e+02	5.0723e+02	1.1401e-10	1.7964e-01	8.2036e-01	7.0685e-01	2.9315e-01	2.9392e-06	5.9210e-12	5.8243e-03	9.6124e-01	3.2934e-02	1.1755e-36	2.1477e-01	7.8463e-01	5.9904e-04	1.1755e-36	1.1755e-36	1.1755e-36	2.1752e-19	0.00e+00	0.00e+00	7.6487e+00
5.94032e+16	6.7255e+03	9.209e-19	5.9948e+02	4.8646e+02	1.6958e-10	2.1091e-01	7.8909e-01	7.4748e-01	2.5252e-01	2.4198e-06	8.9981e-12	5.6993e-03	9.6615e-01	2.8153e-02	1.1755e-36	2.5051e-01	7.4906e-01	4.3029e-04	1.1755e-36	1.1755e-36	1.1755e-36	3.7499e-19	0.00e+00	0.00e+00	8.3138e+00
6.02035e+16	6.6676e+03	8.664e-19	5.9948e+02	4.6304e+02	2.5715e-10	2.4729e-01	7.5271e-01	7.8291e-01	2.1709e-01	2.0098e-06	1.3642e-11	5.5237e-03	9.7034e-01	2.4137e-02	1.1755e-36	2.9143e-01	7.0826e-01	3.0700e-04	1.1755e-36	1.1755e-36	1.1755e-36	6.5133e-19	0.00e+00	0.00e+00	9.0322e+00
6.08907e+16	6.5939e+03	8.066e-19	5.9948e+02	4.3850e+02	3.8555e-10	2.8585e-01	7.1415e-01	8.1056e-01	1.8944e-01	1.7194e-06	1.9934e-11	5.3117e-03	9.7365e-01	2.1039e-02	1.1755e-36	3.3407e-01	6.6571e-01	2.2383e-04	1.1755e-36	1.1755e-36	1.1755e-36	1.0900e-18	0.00e+00	0.00e+00	9.6889e+00
6.14111e+16	6.5157e+03	7.521e-19	5.9948e+02	4.1658e+02	5.4379e-10	3.2047e-01	6.7953e-01	8.2944e-01	1.7056e-01	1.5370e-06	2.6914e-11	5.1057e-03	9.7600e-01	1.8897e-02	1.1755e-36	3.7169e-01	6.2813e-01	1.7307e-04	1.1755e-36	1.1755e-36	1.1755e-36	1.6524e-18	0.00e+00	0.00e+00	1.0215e+01
6.17929e+16	6.4400e+03	7.078e-19	5.9948e+02	3.9900e+02	7.1834e-10	3.4919e-01	6.5081e-01	8.4228e-01	1.5772e-01	1.4186e-06	3.3827e-11	4.9333e-03	9.7766e-01	1.7403e-02	1.1755e-36	4.0246e-01	5.9740e-01	1.4171e-04	1.1755e-36	1.1755e-36	1.1755e-36	2.2801e-18	0.00e+00	0.00e+00	1.0651e+01
6.21075e+16	6.3650e+03	6.686e-19	5.9948e+02	3.8365e+02	9.1878e-10	3.7495e-01	6.2505e-01	8.5250e-01	1.4750e-01	1.3265e-06	4.1044e-11	4.7779e-03	9.7902e-01	1.6203e-02	1.1755e-36	4.2972e-01	5.7016e-01	1.1923e-04	1.1755e-36	1.1755e-36	1.1755e-36	3.0022e-18	0.00e+00	0.00e+00	1.1076e+01
6.24069e+16	6.2895e+03	6.277e-19	5.9948e+02	3.6707e+02	1.1657e-09	4.0030e-01	5.9970e-01	8.6159e-01	1.3841e-01	1.2504e-06	4.9005e-11	4.6041e-03	9.8025e-01	1.5150e-02	1.1755e-36	4.5624e-01	5.4366e-01	1.0085e-04	1.1755e-36	1.1755e-36	1.1755e-36	3.8651e-18	0.00e+00	0.00e+00	1.1530e+01
6.26891e+16	6.2027e+03	5.884e-19	5.9948e+02	3.5114e+02	1.4900e-09	4.2615e-01	5.7385e-01	8.6955e-01	1.3045e-01	1.1856e-06	5.8283e-11	4.4348e-03	9.8137e-01	1.4193e-02	1.1755e-36	4.8297e-01	5.1695e-01	8.5650e-05	1.1755e-36	1.1755e-36	1.1755e-36	4.9712e-18	0.00e+00	0.00e+00	1.1957e+01
6.29385e+16	6.1148e+03	5.525e-19	5.9948e+02	3.3632e+02	1.8786e-09	4.5025e-01	5.4975e-01	8.7613e-01	1.2387e-01	1.1344e-06	6.8050e-11	4.2747e-03	9.8234e-01	1.3382e-02	1.1755e-36	5.0762e-01	4.9231e-01	7.3807e-05	1.1755e-36	1.1755e-36	1.1755e-36	6.2417e-18	0.00e+00	0.00e+00	1.2356e+01
6.31615e+16	6.0271e+03	5.196e-19	5.9948e+02	3.2256e+02	2.3396e-09	4.7269e-01	5.2731e-01	8.8170e-01	1.1830e-01	1.0930e-06	7.8233e-11	4.1240e-03	9.8319e-01	1.2682e-02	1.1755e-36	5.3033e-01	4.6961e-01	6.4392e-05	1.1755e-36	1.1755e-36	1.1755e-36	7.6794e-18	0.00e+00	0.00e+00	1.2735e+01
6.33670e+16	5.9377e+03	4.889e-19	5.9948e+02	3.0947e+02	2.8975e-09	4.9406e-01	5.0594e-01	8.8658e-01	1.1342e-01	1.0581e-06	8.9032e-11	3.9791e-03	9.8396e-01	1.2058e-02	1.1755e-36	5.5174e-01	4.4820e-01	5.6620e-05	1.1755e-36	1.1755e-36	1.1755e-36	9.3283e-18	0.00e+00	0.00e+00	1.3107e+01
6.35606e+16	5.8456e+03	4.598e-19	5.9948e+02	2.9684e+02	3.5836e-09	5.1471e-01	4.8529e-01	8.9093e-01	1.0907e-01	1.0282e-06	1.0062e-10	3.8379e-03	9.8467e-01	1.1490e-02	1.1755e-36	5.7225e-01	4.2770e-01	5.0045e-05	1.1755e-36	1.1755e-36	1.1755e-36	1.1243e-17	0.00e+00	0.00e+00	1.3474e+01
6.37431e+16	5.7513e+03	4.324e-19	5.9948e+02	2.8468e+02	4.4274e-09	5.3459e-01	4.6541e-01	8.9483e-01	1.0517e-01	1.0028e-06	1.1300e-10	3.7008e-03	9.8533e-01	1.0973e-02	1.1755e-36	5.9183e-01	4.0813e-01	4.4460e-05	1.1755e-36	1.1755e-36	1.1755e-36	1.3458e-17	0.00e+00	0.00e+00	1.3832e+01
6.38892e+16	5.6717e+03	4.110e-19	5.9948e+02	2.7492e+02	5.2769e-09	5.5068e-01	4.4932e-01	8.9759e-01	1.0241e-01	9.8675e-07	1.2397e-10	3.5900e-03	9.8581e-01	1.0596e-02	1.1755e-36	6.0753e-01	3.9243e-01	4.0471e-05	1.1755e-36	1.1755e-36	1.1755e-36	1.5587e-17	0.00e+00	0.00e+00	1.4072e+01
6.39928e+16	5.6066e+03	3.958e-19	5.9948e+02	2.6790e+02	6.0496e-09	5.6240e-01	4.3760e-01	8.9959e-01	1.0041e-01	9.7439e-07	1.3268e-10	3.5107e-03	9.8617e-01	1.0320e-02	1.1755e-36	6.1892e-01	3.8105e-01	3.7793e-05	1.1755e-36	1.1755e-36	1.1755e-36	1.7380e-17	0.00e+00	0.00e+00	1.4268e+01
6.40883e+16	5.5414e+03	3.821e-19	5.9948e+02	2.6170e+02	6.9278e-09	5.7374e-01	4.2626e-01	9.0164e-01	9.8356e-02	9.5938e-07	1.4206e-10	3.4411e-03	9.8652e-01	1.0043e-02	1.1755e-36	6.2988e-01	3.7008e-01	3.5364e-05	1.1755e-36	1.1755e-36	1.1755e-36	1.9423e-17	0.00e+00	0.00e+00	1.4483e+01
6.41926e+16	5.4804e+03	3.664e-19	5.9948e+02	2.5431e+02	7.9170e-09	5.8522e-01	4.1478e-01	9.0357e-01	9.6430e-02	9.4956e-07	1.5164e-10	3.3552e-03	9.8687e-01	9.7785e-03	1.1755e-36	6.4091e-01	3.5906e-01	3.2967e-05	1.1755e-36	1.1755e-36	1.1755e-36	2.1618e-17	0.00e+00	0.00e+00	1.4726e+01
6.43070e+16	5.4021e+03	3.496e-19	5.9948e+02	2.4583e+02	9.3026e-09	5.9776e-01	4.0224e-01	9.0555e-01	9.4445e-02	9.4070e-07	1.6273e-10	3.2571e-03	9.8724e-01	9.4999e-03	1.1755e-36	6.5291e-01	3.4706e-01	3.0545e-05	1.1755e-36	1.1755e-36	1.1755e-36	2.4320e-17	0.00e+00	0.00e+00	1.4995e+01
6.44255e+16	5.3236e+03	3.329e-19	5.9948e+02	2.3791e+02	1.1016e-08	6.1136e-01	3.8864e-01	9.0769e-01	9.2311e-02	9.2852e-07	1.7658e-10	3.1654e-03	9.8763e-01	9.2025e-03	1.1755e-36	6.6583e-01	3.3414e-01	2.8131e-05	1.1755e-36	1.1755e-36	1.1755e-36	2.7992e-17	0.00e+00	0.00e+00	1.5268e+01
6.45222e+16	5.2549e+03	3.197e-19	5.9948e+02	2.3134e+02	1.2731e-08	6.2228e-01	3.7772e-01	9.0919e-01	9.0804e-02	9.2165e-07	1.8859e-10	3.0895e-03	9.8793e-01	8.9853e-03	1.1755e-36	6.7615e-01	3.2382e-01	2.6357e-05	1.1755e-36	1.1755e-36	1.1755e-36	3.1448e-17	0.00e+00	0.00e+00	1.5446e+01
6.45882e+16	5.1972e+03	3.110e-19	5.9948e+02	2.2697e+02	1.4293e-08	6.3018e-01	3.6982e-01	9.1034e-01	8.9658e-02	9.1428e-07	1.9839e-10	3.0400e-03	9.8814e-01	8.8234e-03	1.1755e-36	6.8360e-01	3.1637e-01	2.5165e-05	1.1755e-36	1.1755e-36	1.1755e-36	3.4465e-17	0.00e+00	0.00e+00	1.5580e+01
6.46420e+16	5.1614e+03	3.036e-19	5.9948e+02	2.2316e+02	1.5456e-08	6.3602e-01	3.6398e-01	9.1115e-01	8.8852e-02	9.1174e-07	2.0552e-10	2.9951e-03	9.8830e-01	8.7072e-03	1.1755e-36	6.8907e-01	3.1090e-01	2.4261e-05	1.1755e-36	1.1755e-36	1.1755e-36	3.6756e-17	0.00e+00	0.00e+00	1.5704e+01
6.47012e+16	5.1147e+03	2.955e-19	5.9948e+02	2.1898e+02	1.7044e-08	6.4274e-01	3.5726e-01	9.1214e-01	8.7856e-02	9.0693e-07	2.1451e-10	2.9463e-03	9.8849e-01	8.5653e-03	1.1755e-36	6.9538e-01	3.0459e-01	2.3258e-05	1.1755e-36	1.1755e-36	1.1755e-36	3.9786e-17	0.00e+00	0.00e+00	1.5867e+01
6.47705e+16	5.0579e+03	2.862e-19	5.9948e+02	2.1414e+02	1.9189e-08	6.5061e-01	3.4939e-01	9.1326e-01	8.6735e-02	9.0165e-07	2.2585e-10	2.8900e-03	9.8870e-01	8.4062e-03	1.1755e-36	7.0273e-01	2.9725e-01	2.2147e-05	1.1755e-36	1.1755e-36	1.1755e-36	4.3852e-17	0.00e+00	0.00e+00	1.6044e+01
6.48385e+16	5.0026e+03	2.774e-19	5.9948e+02	2.0949e+02	2.1569e-08	6.5826e-01	3.4174e-01	9.1429e-01	8.5704e-02	8.9721e-07	2.3782e-10	2.8358e-03	9.8891e-01	8.2572e-03	1.1755e-36	7.0985e-01	2.9013e-01	2.1115e-05	1.1755e-36	1.1755e-36	1.1755e-36	4.8444e-17	0.00e+00	0.00e+00	1.6203e+01
6.48996e+16	4.9482e+03	2.696e-19	5.9948e+02	2.0530e+02	2.4141e-08	6.6523e-01	3.3477e-01	9.1524e-01	8.4759e-02	8.9270e-07	2.4947e-10	2.7874e-03	9.8910e-01	8.1120e-03	1.1755e-36	7.1632e-01	2.8366e-01	2.0220e-05	1.1755e-36	1.1755e-36	1.1755e-36	5.3023e-17	0.00e+00	0.00e+00	1.6350e+01
6.49560e+16	4.8919e+03	2.626e-19	5.9948e+02	2.0154e+02	2.7086e-08	6.7192e-01	3.2808e-01	9.1618e-01	8.3818e-02	8.8679e-07	2.6184e-10	2.7447e-03	9.8929e-01	7.9697e-03	1.1755e-36	7.2252e-01	2.7746e-01	1.9407e-05	1.1755e-36	1.1755e-36	1.1755e-36	5.8183e-17	0.00e+00	0.00e+00	1.6489e+01
6.50085e+16	4.8504e+03	2.559e-19	5.9948e+02	1.9786e+02	2.9635e-08	6.7749e-01	3.2251e-01	9.1686e-01	8.3142e-02	8.8566e-07	2.7198e-10	2.7012e-03	9.8944e-01	7.8580e-03	1.1755e-36	7.2766e-01	2.7232e-01	1.8716e-05	1.1755e-36	1.1755e-36	1.1755e-36	6.2657e-17	0.00e+00	0.00e+00	1.6618e+01
6.50628e+16	4.7976e+03	2.492e-19	5.9948e+02	1.9410e+02	3.3104e-08	6.8369e-01	3.1631e-01	9.1772e-01	8.2282e-02	8.8138e-07	2.8469e-10	2.6578e-03	9.8962e-01	7.7267e-03	1.1755e-36	7.3337e-01	2.6662e-01	1.7990e-05	1.1755e-36	1.1755e-36	1.1755e-36	6.8589e-17	0.00e+00	0.00e+00	1.6769e+01
6.51198e+16	4.7448e+03	2.422e-19	5.9948e+02	1.9023e+02	3.7058e-08	6.9001e-01	3.0999e-01	9.1853e-01	8.1468e-02	8.7816e-07	2.9849e-10	2.6128e-03	9.8979e-01	7.5975e-03	1.1755e-36	7.3918e-01	2.6080e-01	1.7270e-05	1.1755e-36	1.1755e-36	1.1755e-36	7.5453e-17	0.00e+00	0.00e+00	1.6914e+01
6.51738e+16	4.6930e+03	2.358e-19	5.9948e+02	1.8659e+02	4.1416e-08	6.9601e-01	3.0399e-01	9.1930e-01	8.0700e-02	8.7500e-07	3.1268e-10	2.5707e-03	9.8995e-01	7.4757e-03	1.1755e-36	7.4467e-01	2.5531e-01	1.6613e-05	1.1755e-36	1.1755e-36	1.1755e-36	8.2990e-17	0.00e+00	0.00e+00	1.7052e+01
6.52247e+16	4.6423e+03	2.299e-19	5.9948e+02	1.8317e+02	4.6195e-08	7.0167e-01	2.9833e-01	9.2003e-01	7.9972e-02	8.7186e-07	3.2723e-10	2.5312e-03	9.9011e-01	7.3607e-03	1.1755e-36	7.4985e-01	2.5013e-01	1.6013e-05	1.1755e-36	1.1755e-36	1.1755e-36	9.1250e-17	0.00e+00	0.00e+00	1.7184e+01
6.52735e+16	4.5931e+03	2.242e-19	5.9948e+02	1.7990e+02	5.1403e-08	7.0707e-01	2.9293e-01	9.2071e-01	7.9285e-02	8.6897e-07	3.4219e-10	2.4936e-03	9.9025e-01	7.2514e-03	1.1755e-36	7.5477e-01	2.4521e-01	1.5456e-05	1.1755e-36	1.1755e-36	1.1755e-36	1.0031e-16	0.00e+00	0.00e+00	1.7312e+01
6.53212e+16	4.5443e+03	2.188e-19	5.9948e+02	1.7672e+02	5.7201e-08	7.1231e-01	2.8769e-01	9.2138e-01	7.8616e-02	8.6617e-07	3.5792e-10	2.4570e-03	9.9040e-01	7.1454e-03	1.1755e-36	7.5954e-01	2.4044e-01	1.4928e-05	1.1755e-36	1.1755e-36	1.1755e-36	1.1047e-16	0.00e+00	0.00e+00	1.7440e+01
6.53682e+16	4.4961e+03	2.135e-19	5.9948e+02	1.7360e+02	6.3640e-08	7.1744e-01	2.8256e-01	9.2203e-01	7.7971e-02	8.6364e-07	3.7449e-10	2.4210e-03	9.9054e-01	7.0423e-03	1.1755e-36	7.6420e-01	2.3579e-01	1.4425e-05	1.1755e-36	1.1755e-36	1.1755e-36	1.2191e-16	0.00e+00	0.00e+00	1.7567e+01
6.54146e+16	4.4480e+03	2.084e-19	5.9948e+02	1.7053e+02	7.0850e-08	7.2246e-01	2.7754e-01	9.2265e-01	7.7345e-02	8.6127e-07	3.9210e-10	2.3856e-03	9.9067e-01	6.9417e-03	1.1755e-36	7.6875e-01	2.3124e-01	1.3944e-05	1.1755e-36	1.1755e-36	1.1755e-36	1.3491e-16	0.00e+00	0.00e+00	1.7693e+01
6.54604e+16	4.3959e+03	2.034e-19	5.9948e+02	1.6761e+02	7.9583e-08	7.2763e-01	2.7237e-01	9.2335e-01	7.6653e-02	8.5711e-07	4.1248e-10	2.3529e-03	9.9081e-01	6.8368e-03	1.1755e-36	7.7342e-01	2.2657e-01	1.3473e-05	1.1755e-36	1.1755e-36	1.1755e-36	1.5099e-16	0.00e+00	0.00e+00	1.7818e+01
6.55038e+16	4.3463e+03	1.988e-19	5.9948e+02	1.6470e+02	8.8894e-08	7.3226e-01	2.6774e-01	9.2391e-01	7.6093e-02	8.5511e-07	4.3217e-10	2.3198e-03	9.9093e-01	6.7453e-03	1.1755e-36	7.7761e-01	2.2238e-01	1.3057e-05	1.1755e-36	1.1755e-36	1.1755e-36	1.6789e-16	0.00e+00	0.00e+00	1.7932e+01
6.55442e+16	4.3020e+03	1.946e-19	5.9948e+02	1.6213e+02	9.8361e-08	7.3664e-01	2.6336e-01	9.2446e-01	7.5542e-02	8.5254e-07	4.5226e-10	2.2906e-03	9.9105e-01	6.6580e-03	1.1755e-36	7.8156e-01	2.1843e-01	1.2670e-05	1.1755e-36	1.1755e-36	1.1755e-36	1.8610e-16	0.00e+00	0.00e+00	1.8042e+01
6.55844e+16	4.2581e+03	1.904e-19	5.9948e+02	1.5954e+02	1.0885e-07	7.4092e-01	2.5908e-01	9.2499e-01	7.5008e-02	8.5041e-07	4.7345e-10	2.2611e-03	9.9117e-01	6.5727e-03	1.1755e-36	7.8541e-01	2.1458e-01	1.2296e-05	1.1755e-36	1.1755e-36	1.1755e-36	2.0666e-16	0.00e+00	0.00e+00	1.8157e+01
6.56262e+16	4.2078e+03	1.861e-19	5.9948e+02	1.5684e+02	1.2214e-07	7.4546e-01	2.5454e-01	9.2558e-01	7.4416e-02	8.4730e-07	4.9866e-10	2.2311e-03	9.9129e-01	6.4817e-03	1.1755e-36	7.8948e-01	2.1051e-01	1.1917e-05	1.1755e-36	1.1755e-36	1.1755e-36	2.3298e-16	0.00e+00	0.00e+00	1.8277e+01
6.56670e+16	4.1630e+03	1.820e-19	5.9948e+02	1.5425e+02	1.3561e-07	7.4968e-01	2.5032e-01	9.2609e-01	7.3908e-02	8.4559e-07	5.2355e-10	2.2017e-03	9.9140e-01	6.3992e-03	1.1755e-36	7.9328e-01	2.0671e-01	1.1563e-05	1.1755e-36	1.1755e-36	1.1755e-36	2.6082e-16	0.00e+00	0.00e+00	1.8388e+01
6.57063e+16	4.1192e+03	1.781e-19	5.9948e+02	1.5177e+02	1.5034e-07	7.5376e-01	2.4624e-01	9.2659e-01	7.3410e-02	8.4378e-07	5.4982e-10	2.1736e-03	9.9151e-01	6.3192e-03	1.1755e-36	7.9692e-01	2.0307e-01	1.1229e-05	1.1755e-36	1.1755e-36	1.1755e-36	2.9227e-16	0.00e+00	0.00e+00	1.8501e+01
6.57460e+16	4.0671e+03	1.742e-19	5.9948e+02	1.4923e+02	1.6964e-07	7.5809e-01	2.4191e-01	9.2715e-01	7.2844e-02	8.4046e-07	5.8193e-10	2.1460e-03	9.9162e-01	6.2334e-03	1.1755e-36	8.0078e-01	1.9921e-01	1.0895e-05	1.1755e-36	1.1755e-36	1.1755e-36	3.3389e-16	0.00e+00	0.00e+00	1.8616e+01
6.57838e+16	4.0353e+03	1.705e-19	5.9948e+02	1.4687e+02	1.8358e-07	7.6156e-01	2.3844e-01	9.2748e-01	7.2518e-02	8.4204e-07	6.0604e-10	2.1177e-03	9.9171e-01	6.1704e-03	1.1755e-36	8.0386e-01	1.9613e-01	1.0607e-05	1.1755e-36	1.1755e-36	1.1755e-36	3.6691e-16	0.00e+00	0.00e+00	1.8718e+01
6.58244e+16	3.9828e+03	1.665e-19	5.9948e+02	1.4432e+02	2.0777e-07	7.6602e-01	2.3398e-01	9.2808e-01	7.1917e-02	8.3833e-07	6.4469e-10	2.0902e-03	9.9183e-01	6.0812e-03	1.1755e-36	8.0783e-01	1.9216e-01	1.0270e-05	1.1755e-36	1.1755e-36	1.1755e-36	4.2388e-16	0.00e+00	0.00e+00	1.8851e+01
