#depth	Te	Htot	hden	eden	2H_2/H	HI	HII	HeI	HeII	HeIII	CO/C	C1	C2	C3	C4	O1	O2	O3	O4	O5	O6	H2O/O	AV(point)	AV(extend)	Tau912
5.31646e+14	6.4269e+03	3.215e-22	1.0000e+01	1.0691e+01	1.4283e-11	1.2799e-02	9.8720e-01	6.6242e-02	9.3332e-01	4.4081e-04	7.6693e-15	2.0477e-03	5.6711e-01	4.3080e-01	4.9007e-05	1.4059e-02	9.0854e-01	7.7398e-02	4.7611e-06	1.1755e-36	1.1755e-36	5.2132e-23	0.00e+00	0.00e+00	8.5939e-04
3.18987e+15	6.4184e+03	3.210e-22	1.0000e+01	1.0683e+01	1.4361e-11	1.2789e-02	9.8721e-01	6.6260e-02	9.3330e-01	4.4029e-04	7.6505e-15	2.0415e-03	5.6720e-01	4.3071e-01	4.9092e-05	1.4048e-02	9.0851e-01	7.7436e-02	4.7496e-06	1.1755e-36	1.1755e-36	5.1868e-23	0.00e+00	0.00e+00	4.2942e-03
1.38228e+16	6.4122e+03	3.196e-22	1.0000e+01	1.0680e+01	1.4421e-11	1.2779e-02	9.8722e-01	6.6408e-02	9.3316e-01	4.3694e-04	7.6465e-15	2.0379e-03	5.6784e-01	4.3008e-01	4.8880e-05	1.4044e-02	9.0870e-01	7.7247e-02	4.6712e-06	1.1755e-36	1.1755e-36	5.1689e-23	0.00e+00	0.00e+00	1.8023e-02
5.63544e+16	6.3581e+03	3.171e-22	1.0000e+01	1.0678e+01	1.5358e-11	1.2884e-02	9.8712e-01	6.7470e-02	9.3211e-01	4.1860e-04	7.8405e-15	2.0555e-03	5.7204e-01	4.2586e-01	4.7431e-05	1.4195e-02	9.0987e-01	7.5929e-02	4.3038e-06	1.1755e-36	1.1755e-36	5.2661e-23	0.00e+00	0.00e+00	7.3390e-02
1.34613e+17	6.1984e+03	3.077e-22	1.0000e+01	1.0679e+01	1.7191e-11	1.2744e-02	9.8726e-01	6.8618e-02	9.3098e-01	3.9993e-04	7.7080e-15	2.0523e-03	5.7700e-01	4.2090e-01	4.5947e-05	1.4083e-02	9.1082e-01	7.5095e-02	3.9332e-06	1.1755e-36	1.1755e-36	4.9703e-23	0.00e+00	0.00e+00	1.4458e-01
2.30360e+17	6.0438e+03	2.998e-22	1.0000e+01	1.0677e+01	1.9658e-11	1.2736e-02	9.8726e-01	7.0299e-02	9.2933e-01	3.7133e-04	7.7613e-15	2.0713e-03	5.8381e-01	4.1408e-01	4.3769e-05	1.4132e-02	9.1247e-01	7.3399e-02	3.4574e-06	1.1755e-36	1.1755e-36	4.8371e-23	0.00e+00	0.00e+00	2.2744e-01
3.42275e+17	5.9032e+03	2.935e-22	1.0000e+01	1.0673e+01	2.2910e-11	1.2890e-02	9.8711e-01	7.2649e-02	9.2702e-01	3.3459e-04	8.0519e-15	2.1132e-03	5.9273e-01	4.0511e-01	4.0948e-05	1.4379e-02	9.1486e-01	7.0758e-02	2.9080e-06	1.1755e-36	1.1755e-36	4.9005e-23	0.00e+00	0.00e+00	3.2577e-01
4.78769e+17	5.7733e+03	2.887e-22	1.0000e+01	1.0667e+01	2.7477e-11	1.3256e-02	9.8674e-01	7.6077e-02	9.2363e-01	2.8974e-04	8.6865e-15	2.1864e-03	6.0486e-01	3.9292e-01	3.7348e-05	1.4888e-02	9.1820e-01	6.6910e-02	2.2950e-06	1.1755e-36	1.1755e-36	5.2247e-23	0.00e+00	0.00e+00	4.5316e-01
6.53781e+17	5.6456e+03	2.850e-22	1.0000e+01	1.0656e+01	3.4543e-11	1.3925e-02	9.8608e-01	8.1282e-02	9.1848e-01	2.3752e-04	9.8716e-15	2.3048e-03	6.2179e-01	3.7588e-01	3.2821e-05	1.5778e-02	9.2269e-01	6.1526e-02	1.6512e-06	1.1755e-36	1.1755e-36	5.9485e-23	0.00e+00	0.00e+00	6.2713e-01
8.81296e+17	5.5225e+03	2.828e-22	1.0000e+01	1.0638e+01	4.6384e-11	1.5087e-02	9.8491e-01	8.9465e-02	9.1035e-01	1.8101e-04	1.2104e-14	2.4932e-03	6.4560e-01	3.5188e-01	2.7318e-05	1.7289e-02	9.2848e-01	5.4230e-02	1.0420e-06	1.1755e-36	1.1755e-36	7.4681e-23	0.00e+00	0.00e+00	8.7216e-01
1.16658e+18	5.4184e+03	2.829e-22	1.0000e+01	1.0609e+01	6.7029e-11	1.7045e-02	9.8296e-01	1.0242e-01	8.9745e-01	1.2729e-04	1.6413e-14	2.7810e-03	6.7784e-01	3.1936e-01	2.1158e-05	1.9799e-02	9.3512e-01	4.5077e-02	5.5925e-07	1.1755e-36	1.1755e-36	1.0723e-22	0.00e+00	0.00e+00	1.2095e+00
1.45104e+18	5.3696e+03	2.854e-22	1.0000e+01	1.0581e+01	9.5772e-11	1.9671e-02	9.8033e-01	1.1912e-01	8.8079e-01	8.9393e-05	2.3327e-14	3.1259e-03	7.1190e-01	2.8496e-01	1.5900e-05	2.3135e-02	9.4051e-01	3.6357e-02	2.8814e-07	1.1755e-36	1.1755e-36	1.6642e-22	0.00e+00	0.00e+00	1.5269e+00
1.67830e+18	5.3901e+03	2.888e-22	1.0000e+01	1.0520e+01	1.2590e-10	2.2578e-02	9.7742e-01	1.3681e-01	8.6312e-01	6.6936e-05	3.2566e-14	3.4512e-03	7.4122e-01	2.5532e-01	1.2184e-05	2.6802e-02	9.4370e-01	2.9494e-02	1.5995e-07	1.1755e-36	1.1755e-36	2.5627e-22	0.00e+00	0.00e+00	1.8106e+00
1.86982e+18	5.4195e+03	2.940e-22	1.0000e+01	1.0476e+01	1.6521e-10	2.6009e-02	9.7399e-01	1.5715e-01	8.4280e-01	5.2103e-05	4.5951e-14	3.7857e-03	7.6866e-01	2.2754e-01	9.2692e-06	3.1106e-02	9.4510e-01	2.3798e-02	1.1755e-36	1.1755e-36	1.1755e-36	4.0278e-22	0.00e+00	0.00e+00	2.1129e+00
2.04940e+18	5.4809e+03	2.990e-22	1.0000e+01	1.0411e+01	2.1344e-10	3.0201e-02	9.6980e-01	1.8153e-01	8.1843e-01	4.0898e-05	6.6066e-14	4.1313e-03	7.9527e-01	2.0059e-01	6.8952e-06	3.6347e-02	9.4484e-01	1.8813e-02	1.1755e-36	1.1755e-36	1.1755e-36	6.5252e-22	0.00e+00	0.00e+00	2.4468e+00
2.21770e+18	5.5588e+03	3.042e-22	1.0000e+01	1.0329e+01	2.7740e-10	3.5436e-02	9.6456e-01	2.1120e-01	7.8877e-01	3.2320e-05	9.7391e-14	4.4819e-03	8.2105e-01	1.7446e-01	4.9810e-06	4.2866e-02	9.4261e-01	1.4527e-02	1.1755e-36	1.1755e-36	1.1755e-36	1.0962e-21	0.00e+00	0.00e+00	2.8083e+00
2.36917e+18	5.6481e+03	3.093e-22	1.0000e+01	1.0235e+01	3.6081e-10	4.1791e-02	9.5821e-01	2.4600e-01	7.5398e-01	2.5892e-05	1.4557e-13	4.8190e-03	8.4487e-01	1.5030e-01	3.5249e-06	5.0745e-02	9.3821e-01	1.1042e-02	1.1755e-36	1.1755e-36	1.1755e-36	1.8792e-21	0.00e+00	0.00e+00	3.1814e+00
2.50035e+18	5.7386e+03	3.137e-22	1.0000e+01	1.0128e+01	4.6769e-10	4.9185e-02	9.5081e-01	2.8472e-01	7.1526e-01	2.1089e-05	2.1696e-13	5.1186e-03	8.6576e-01	1.2912e-01	2.4788e-06	5.9871e-02	9.3177e-01	8.3596e-03	1.1755e-36	1.1755e-36	1.1755e-36	3.2083e-21	0.00e+00	0.00e+00	3.5571e+00
2.61351e+18	5.8237e+03	3.169e-22	1.0000e+01	1.0008e+01	6.0533e-10	5.7642e-02	9.4236e-01	3.2662e-01	6.7337e-01	1.7402e-05	3.2103e-13	5.3733e-03	8.8374e-01	1.1089e-01	1.7415e-06	7.0258e-02	9.2341e-01	6.3303e-03	1.1755e-36	1.1755e-36	1.1755e-36	5.4145e-21	0.00e+00	0.00e+00	3.9406e+00
2.71333e+18	5.8989e+03	3.196e-22	1.0000e+01	9.8883e+00	7.9238e-10	6.7540e-02	9.3246e-01	3.7204e-01	6.2794e-01	1.4478e-05	4.7745e-13	5.5955e-03	8.9947e-01	9.4930e-02	1.2139e-06	8.2354e-02	9.1287e-01	4.7717e-03	1.1755e-36	1.1755e-36	1.1755e-36	9.1896e-21	0.00e+00	0.00e+00	4.3427e+00
2.80256e+18	5.9694e+03	3.200e-22	1.0000e+01	9.7256e+00	1.0380e-09	7.8895e-02	9.2111e-01	4.1983e-01	5.8016e-01	1.2056e-05	7.0620e-13	5.7597e-03	9.1292e-01	8.1316e-02	8.4530e-07	9.6152e-02	9.0026e-01	3.5886e-03	1.1755e-36	1.1755e-36	1.1755e-36	1.5430e-20	0.00e+00	0.00e+00	4.7620e+00
2.88320e+18	6.0264e+03	3.195e-22	1.0000e+01	9.5624e+00	1.3867e-09	9.2375e-02	9.0762e-01	4.7025e-01	5.2974e-01	1.0025e-05	1.0581e-12	5.8946e-03	9.2473e-01	6.9378e-02	5.8232e-07	1.1243e-01	8.8489e-01	2.6775e-03	1.1755e-36	1.1755e-36	1.1755e-36	2.6357e-20	0.00e+00	0.00e+00	5.2118e+00
2.95649e+18	6.0823e+03	3.159e-22	1.0000e+01	9.3443e+00	1.8484e-09	1.0783e-01	8.9217e-01	5.2098e-01	4.7901e-01	8.3285e-06	1.5759e-12	5.9608e-03	9.3468e-01	5.9360e-02	4.0192e-07	1.3095e-01	8.6706e-01	1.9919e-03	1.1755e-36	1.1755e-36	1.1755e-36	4.4576e-20	0.00e+00	0.00e+00	5.6848e+00
3.02346e+18	6.1112e+03	3.111e-22	1.0000e+01	9.1120e+00	2.5469e-09	1.2623e-01	8.7377e-01	5.7222e-01	4.2777e-01	6.8771e-06	2.3811e-12	5.9925e-03	9.4336e-01	5.0651e-02	2.7501e-07	1.5283e-01	8.4570e-01	1.4704e-03	1.1755e-36	1.1755e-36	1.1755e-36	7.7093e-20	0.00e+00	0.00e+00	6.1987e+00
3.08518e+18	6.1293e+03	3.038e-22	1.0000e+01	8.8515e+00	3.5682e-09	1.4800e-01	8.5200e-01	6.2196e-01	3.7803e-01	5.6841e-06	3.6329e-12	5.9786e-03	9.5081e-01	4.3213e-02	1.8730e-07	1.7846e-01	8.2046e-01	1.0764e-03	1.1755e-36	1.1755e-36	1.1755e-36	1.3601e-19	0.00e+00	0.00e+00	6.7499e+00
3.14156e+18	6.1286e+03	2.940e-22	1.0000e+01	8.5582e+00	5.1017e-09	1.7344e-01	8.2656e-01	6.6838e-01	3.3161e-01	4.7147e-06	5.5692e-12	5.9167e-03	9.5713e-01	3.6954e-02	1.2774e-07	2.0808e-01	7.9114e-01	7.8457e-04	1.1755e-36	1.1755e-36	1.1755e-36	2.4427e-19	0.00e+00	0.00e+00	7.3387e+00
3.19318e+18	6.1068e+03	2.815e-22	1.0000e+01	8.2274e+00	7.4423e-09	2.0295e-01	7.9705e-01	7.1083e-01	2.8916e-01	3.9184e-06	8.5602e-12	5.8057e-03	9.6250e-01	3.1696e-02	1.1755e-36	2.4198e-01	7.5745e-01	5.6971e-04	1.1755e-36	1.1755e-36	1.1755e-36	4.4687e-19	0.00e+00	0.00e+00	7.9727e+00
3.24089e+18	6.0601e+03	2.663e-22	1.0000e+01	7.8550e+00	1.1137e-08	2.3716e-01	7.6284e-01	7.4869e-01	2.5130e-01	3.2801e-06	1.3230e-11	5.6457e-03	9.6711e-01	2.7248e-02	1.1755e-36	2.8070e-01	7.1889e-01	4.1139e-04	1.1755e-36	1.1755e-36	1.1755e-36	8.4196e-19	0.00e+00	0.00e+00	8.6609e+00
3.27080e+18	6.0182e+03	2.543e-22	1.0000e+01	7.5668e+00	1.4874e-08	2.6386e-01	7.3614e-01	7.6926e-01	2.3074e-01	2.9746e-06	1.7833e-11	5.4996e-03	9.6963e-01	2.4873e-02	1.1755e-36	3.1050e-01	6.8917e-01	3.3128e-04	1.1755e-36	1.1755e-36	1.1755e-36	1.3305e-18	0.00e+00	0.00e+00	8.8917e+00
3.28048e+18	6.0005e+03	2.500e-22	1.0000e+01	7.4668e+00	1.6432e-08	2.7326e-01	7.2674e-01	7.7582e-01	2.2418e-01	2.8784e-06	1.9716e-11	5.4465e-03	9.7043e-01	2.4127e-02	1.1755e-36	3.2090e-01	6.7880e-01	3.0802e-04	1.1755e-36	1.1755e-36	1.1755e-36	1.5562e-18	0.00e+00	0.00e+00	8.9868e+00
3.28614e+18	5.9884e+03	2.474e-22	1.0000e+01	7.4072e+00	1.7446e-08	2.7887e-01	7.2113e-01	7.8000e-01	2.2000e-01	2.8160e-06	2.0933e-11	5.4148e-03	9.7093e-01	2.3655e-02	1.1755e-36	3.2708e-01	6.7263e-01	2.9456e-04	1.1755e-36	1.1755e-36	1.1755e-36	1.7079e-18	0.00e+00	0.00e+00	9.0892e+00
3.29283e+18	5.9730e+03	2.442e-22	1.0000e+01	7.3347e+00	1.8749e-08	2.8565e-01	7.1435e-01	7.8486e-01	2.1513e-01	2.7451e-06	2.2485e-11	5.3757e-03	9.7153e-01	2.3097e-02	1.1755e-36	3.3453e-01	6.6519e-01	2.7913e-04	1.1755e-36	1.1755e-36	1.1755e-36	1.9100e-18	0.00e+00	0.00e+00	9.2256e+00
3.30153e+18	5.9490e+03	2.400e-22	1.0000e+01	7.2403e+00	2.0707e-08	2.9490e-01	7.0510e-01	7.9131e-01	2.0869e-01	2.6498e-06	2.4771e-11	5.3249e-03	9.7231e-01	2.2367e-02	1.1755e-36	3.4467e-01	6.5507e-01	2.5988e-04	1.1755e-36	1.1755e-36	1.1755e-36	2.2259e-18	0.00e+00	0.00e+00	9.4086e+00
3.31164e+18	5.9233e+03	2.347e-22	1.0000e+01	7.1225e+00	2.3181e-08	3.0585e-01	6.9415e-01	7.9832e-01	2.0168e-01	2.5508e-06	2.7672e-11	5.2583e-03	9.7316e-01	2.1581e-02	1.1755e-36	3.5661e-01	6.4315e-01	2.3924e-04	1.1755e-36	1.1755e-36	1.1755e-36	2.6571e-18	0.00e+00	0.00e+00	9.6093e+00
3.32171e+18	5.8936e+03	2.294e-22	1.0000e+01	7.0017e+00	2.6090e-08	3.1733e-01	6.8267e-01	8.0506e-01	1.9494e-01	2.4572e-06	3.1013e-11	5.1890e-03	9.7399e-01	2.0820e-02	1.1755e-36	3.6907e-01	6.3071e-01	2.2000e-04	1.1755e-36	1.1755e-36	1.1755e-36	3.1982e-18	0.00e+00	0.00e+00	9.8045e+00
3.33094e+18	5.8596e+03	2.245e-22	1.0000e+01	6.8932e+00	2.9383e-08	3.2868e-01	6.7132e-01	8.1123e-01	1.8877e-01	2.3708e-06	3.4700e-11	5.1275e-03	9.7476e-01	2.0113e-02	1.1755e-36	3.8132e-01	6.1847e-01	2.0318e-04	1.1755e-36	1.1755e-36	1.1755e-36	3.8523e-18	0.00e+00	0.00e+00	9.9858e+00
3.33921e+18	5.8357e+03	2.195e-22	1.0000e+01	6.7799e+00	3.2376e-08	3.3858e-01	6.6142e-01	8.1631e-01	1.8369e-01	2.3062e-06	3.8102e-11	5.0584e-03	9.7540e-01	1.9545e-02	1.1755e-36	3.9195e-01	6.0786e-01	1.8941e-04	1.1755e-36	1.1755e-36	1.1755e-36	4.5007e-18	0.00e+00	0.00e+00	1.0152e+01
3.34732e+18	5.8014e+03	2.147e-22	1.0000e+01	6.6708e+00	3.6128e-08	3.4910e-01	6.5090e-01	8.2157e-01	1.7843e-01	2.2360e-06	4.2167e-11	4.9937e-03	9.7606e-01	1.8950e-02	1.1755e-36	4.0320e-01	5.9662e-01	1.7622e-04	1.1755e-36	1.1755e-36	1.1755e-36	5.3435e-18	0.00e+00	0.00e+00	1.0338e+01
3.35560e+18	5.7653e+03	2.098e-22	1.0000e+01	6.5618e+00	4.0530e-08	3.6035e-01	6.3965e-01	8.2677e-01	1.7323e-01	2.1667e-06	4.6958e-11	4.9286e-03	9.7672e-01	1.8353e-02	1.1755e-36	4.1517e-01	5.8467e-01	1.6348e-04	1.1755e-36	1.1755e-36	1.1755e-36	6.4260e-18	0.00e+00	0.00e+00	1.0523e+01
3.36339e+18	5.7318e+03	2.048e-22	1.0000e+01	6.4497e+00	4.5113e-08	3.7102e-01	6.2898e-01	8.3140e-01	1.6860e-01	2.1087e-06	5.1900e-11	4.8594e-03	9.7732e-01	1.7825e-02	1.1755e-36	4.2646e-01	5.7338e-01	1.5232e-04	1.1755e-36	1.1755e-36	1.1755e-36	7.6427e-18	0.00e+00	0.00e+00	1.0698e+01
3.37081e+18	5.6968e+03	2.000e-22	1.0000e+01	6.3399e+00	5.0166e-08	3.8151e-01	6.1848e-01	8.3576e-01	1.6423e-01	2.0543e-06	5.7275e-11	4.7912e-03	9.7788e-01	1.7326e-02	1.1755e-36	4.3753e-01	5.6233e-01	1.4222e-04	1.1755e-36	1.1755e-36	1.1755e-36	9.0835e-18	0.00e+00	0.00e+00	1.0875e+01
3.37814e+18	5.6614e+03	1.951e-22	1.0000e+01	6.2295e+00	5.5808e-08	3.9219e-01	6.0781e-01	8.3998e-01	1.6002e-01	2.0027e-06	6.3285e-11	4.7219e-03	9.7844e-01	1.6842e-02	1.1755e-36	4.4871e-01	5.5116e-01	1.3275e-04	1.1755e-36	1.1755e-36	1.1755e-36	1.0836e-17	0.00e+00	0.00e+00	1.1056e+01
3.38541e+18	5.6227e+03	1.901e-22	1.0000e+01	6.1139e+00	6.2275e-08	4.0297e-01	5.9703e-01	8.4405e-01	1.5595e-01	1.9542e-06	7.0024e-11	4.6487e-03	9.7897e-01	1.6377e-02	1.1755e-36	4.5997e-01	5.3991e-01	1.2392e-04	1.1755e-36	1.1755e-36	1.1755e-36	1.2989e-17	0.00e+00	0.00e+00	1.1240e+01
3.39250e+18	5.5787e+03	1.853e-22	1.0000e+01	6.0048e+00	6.9966e-08	4.1417e-01	5.8583e-01	8.4805e-01	1.5195e-01	1.9048e-06	7.7956e-11	4.5801e-03	9.7951e-01	1.5911e-02	1.1755e-36	4.7160e-01	5.2829e-01	1.1563e-04	1.1755e-36	1.1755e-36	1.1755e-36	1.5779e-17	0.00e+00	0.00e+00	1.1422e+01
3.39915e+18	5.5388e+03	1.806e-22	1.0000e+01	5.8946e+00	7.7845e-08	4.2458e-01	5.7542e-01	8.5153e-01	1.4847e-01	1.8650e-06	8.6057e-11	4.5092e-03	9.7999e-01	1.5505e-02	1.1755e-36	4.8236e-01	5.1753e-01	1.0841e-04	1.1755e-36	1.1755e-36	1.1755e-36	1.8906e-17	0.00e+00	0.00e+00	1.1592e+01
3.40544e+18	5.5036e+03	1.760e-22	1.0000e+01	5.7862e+00	8.5824e-08	4.3442e-01	5.6558e-01	8.5479e-01	1.4521e-01	1.8291e-06	9.4412e-11	4.4382e-03	9.8043e-01	1.5134e-02	1.1755e-36	4.9248e-01	5.0742e-01	1.0195e-04	1.1755e-36	1.1755e-36	1.1755e-36	2.2399e-17	0.00e+00	0.00e+00	1.1763e+01
3.41193e+18	5.4577e+03	1.713e-22	1.0000e+01	5.6755e+00	9.6162e-08	4.4519e-01	5.5481e-01	8.5816e-01	1.4184e-01	1.7905e-06	1.0494e-10	4.3667e-03	9.8090e-01	1.4735e-02	1.1755e-36	5.0351e-01	4.9639e-01	9.5487e-05	1.1755e-36	1.1755e-36	1.1755e-36	2.7258e-17	0.00e+00	0.00e+00	1.1952e+01
3.41842e+18	5.4118e+03	1.665e-22	1.0000e+01	5.5634e+00	1.0776e-07	4.5612e-01	5.4388e-01	8.6137e-01	1.3863e-01	1.7549e-06	1.1686e-10	4.2935e-03	9.8135e-01	1.4353e-02	1.1755e-36	5.1464e-01	4.8527e-01	8.9418e-05	1.1755e-36	1.1755e-36	1.1755e-36	3.3329e-17	0.00e+00	0.00e+00	1.2133e+01
3.42446e+18	5.3630e+03	1.621e-22	1.0000e+01	5.4577e+00	1.2077e-07	4.6664e-01	5.3336e-01	8.6435e-01	1.3565e-01	1.7214e-06	1.3009e-10	4.2249e-03	9.8178e-01	1.3997e-02	1.1755e-36	5.2532e-01	4.7460e-01	8.4033e-05	1.1755e-36	1.1755e-36	1.1755e-36	4.0792e-17	0.00e+00	0.00e+00	1.2304e+01
3.43006e+18	5.3218e+03	1.579e-22	1.0000e+01	5.3568e+00	1.3354e-07	4.7630e-01	5.2370e-01	8.6697e-01	1.3303e-01	1.6940e-06	1.4340e-10	4.1578e-03	9.8216e-01	1.3684e-02	1.1755e-36	5.3507e-01	4.6485e-01	7.9323e-05	1.1755e-36	1.1755e-36	1.1755e-36	4.9011e-17	0.00e+00	0.00e+00	1.2466e+01
3.43558e+18	5.2681e+03	1.539e-22	1.0000e+01	5.2600e+00	1.5012e-07	4.8659e-01	5.1341e-01	8.6976e-01	1.3024e-01	1.6610e-06	1.6031e-10	4.0954e-03	9.8256e-01	1.3348e-02	1.1755e-36	5.4542e-01	4.5450e-01	7.4749e-05	1.1755e-36	1.1755e-36	1.1755e-36	6.0591e-17	0.00e+00	0.00e+00	1.2640e+01
3.44096e+18	5.2306e+03	1.497e-22	1.0000e+01	5.1570e+00	1.6474e-07	4.9576e-01	5.0424e-01	8.7199e-01	1.2801e-01	1.6412e-06	1.7596e-10	4.0253e-03	9.8290e-01	1.3076e-02	1.1755e-36	5.5459e-01	4.4534e-01	7.0730e-05	1.1755e-36	1.1755e-36	1.1755e-36	7.2270e-17	0.00e+00	0.00e+00	1.2800e+01
3.44640e+18	5.1789e+03	1.456e-22	1.0000e+01	5.0546e+00	1.8438e-07	5.0576e-01	4.9424e-01	8.7454e-01	1.2546e-01	1.6140e-06	1.9654e-10	3.9577e-03	9.8327e-01	1.2770e-02	1.1755e-36	5.6457e-01	4.3536e-01	6.6704e-05	1.1755e-36	1.1755e-36	1.1755e-36	8.9244e-17	0.00e+00	0.00e+00	1.2984e+01
3.45198e+18	5.1268e+03	1.414e-22	1.0000e+01	4.9494e+00	2.0672e-07	5.1608e-01	4.8392e-01	8.7697e-01	1.2303e-01	1.5892e-06	2.2046e-10	3.8874e-03	9.8364e-01	1.2472e-02	1.1755e-36	5.7481e-01	4.2513e-01	6.2819e-05	1.1755e-36	1.1755e-36	1.1755e-36	1.1113e-16	0.00e+00	0.00e+00	1.3160e+01
3.45718e+18	5.0713e+03	1.375e-22	1.0000e+01	4.8504e+00	2.3204e-07	5.2601e-01	4.7399e-01	8.7925e-01	1.2075e-01	1.5653e-06	2.4760e-10	3.8219e-03	9.8399e-01	1.2193e-02	1.1755e-36	5.8463e-01	4.1531e-01	5.9349e-05	1.1755e-36	1.1755e-36	1.1755e-36	1.3884e-16	0.00e+00	0.00e+00	1.3326e+01
3.46198e+18	5.0264e+03	1.338e-22	1.0000e+01	4.7580e+00	2.5591e-07	5.3491e-01	4.6509e-01	8.8121e-01	1.1879e-01	1.5468e-06	2.7422e-10	3.7593e-03	9.8429e-01	1.1952e-02	1.1755e-36	5.9340e-01	4.0655e-01	5.6335e-05	1.1755e-36	1.1755e-36	1.1755e-36	1.6868e-16	0.00e+00	0.00e+00	1.3481e+01
3.46673e+18	4.9699e+03	1.302e-22	1.0000e+01	4.6644e+00	2.8622e-07	5.4419e-01	4.5581e-01	8.8326e-01	1.1674e-01	1.5256e-06	3.0406e-10	3.6974e-03	9.8461e-01	1.1693e-02	1.1755e-36	6.0249e-01	3.9745e-01	5.3426e-05	1.1755e-36	1.1755e-36	1.1755e-36	2.0592e-16	0.00e+00	0.00e+00	1.3650e+01
3.47151e+18	4.9133e+03	1.267e-22	1.0000e+01	4.5737e+00	3.2028e-07	5.5370e-01	4.4630e-01	8.8529e-01	1.1471e-01	1.5040e-06	3.3456e-10	3.6372e-03	9.8493e-01	1.1431e-02	1.1755e-36	6.1179e-01	3.8816e-01	5.0613e-05	1.1755e-36	1.1755e-36	1.1755e-36	2.4792e-16	0.00e+00	0.00e+00	1.3812e+01
3.47601e+18	4.8611e+03	1.233e-22	1.0000e+01	4.4833e+00	3.5491e-07	5.6240e-01	4.3759e-01	8.8704e-01	1.1296e-01	1.4877e-06	3.6497e-10	3.5764e-03	9.8522e-01	1.1201e-02	1.1755e-36	6.2025e-01	3.7970e-01	4.8136e-05	1.1755e-36	1.1755e-36	1.1755e-36	2.9376e-16	0.00e+00	0.00e+00	1.3967e+01
3.48043e+18	4.8085e+03	1.199e-22	1.0000e+01	4.3952e+00	3.9310e-07	5.7107e-01	4.2893e-01	8.8879e-01	1.1120e-01	1.4710e-06	3.9815e-10	3.5173e-03	9.8551e-01	1.0972e-02	1.1755e-36	6.2865e-01	3.7131e-01	4.5781e-05	1.1755e-36	1.1755e-36	1.1755e-36	3.4812e-16	0.00e+00	0.00e+00	1.4128e+01
3.48497e+18	4.7557e+03	1.165e-22	1.0000e+01	4.3012e+00	4.3502e-07	5.7972e-01	4.2028e-01	8.9047e-01	1.0953e-01	1.4571e-06	4.3401e-10	3.4533e-03	9.8580e-01	1.0751e-02	1.1755e-36	6.3700e-01	3.6296e-01	4.3511e-05	1.1755e-36	1.1755e-36	1.1755e-36	4.1207e-16	0.00e+00	0.00e+00	1.4297e+01
3.48966e+18	4.6922e+03	1.130e-22	1.0000e+01	4.2076e+00	4.8871e-07	5.8922e-01	4.1078e-01	8.9235e-01	1.0764e-01	1.4381e-06	4.7827e-10	3.3912e-03	9.8610e-01	1.0506e-02	1.1755e-36	6.4613e-01	3.5382e-01	4.1203e-05	1.1755e-36	1.1755e-36	1.1755e-36	4.9860e-16	0.00e+00	0.00e+00	1.4475e+01
3.49422e+18	4.6327e+03	1.097e-22	1.0000e+01	4.1165e+00	5.4473e-07	5.9832e-01	4.0168e-01	8.9404e-01	1.0596e-01	1.4226e-06	5.2417e-10	3.3300e-03	9.8639e-01	1.0281e-02	1.1755e-36	6.5485e-01	3.4511e-01	3.9090e-05	1.1755e-36	1.1755e-36	1.1755e-36	5.9690e-16	0.00e+00	0.00e+00	1.4639e+01
3.49851e+18	4.5718e+03	1.065e-22	1.0000e+01	4.0277e+00	6.0535e-07	6.0688e-01	3.9312e-01	8.9559e-01	1.0441e-01	1.4087e-06	5.7158e-10	3.2707e-03	9.8666e-01	1.0071e-02	1.1755e-36	6.6304e-01	3.3693e-01	3.7199e-05	1.1755e-36	1.1755e-36	1.1755e-36	7.0824e-16	0.00e+00	0.00e+00	1.4801e+01
3.50274e+18	4.5113e+03	1.035e-22	1.0000e+01	3.9419e+00	6.7112e-07	6.1541e-01	3.8459e-01	8.9713e-01	1.0287e-01	1.3944e-06	6.2244e-10	3.2134e-03	9.8692e-01	9.8638e-03	1.1755e-36	6.7115e-01	3.2882e-01	3.5398e-05	1.1755e-36	1.1755e-36	1.1755e-36	8.3785e-16	0.00e+00	0.00e+00	1.4965e+01
3.50700e+18	4.4440e+03	1.004e-22	1.0000e+01	3.8536e+00	7.4804e-07	6.2414e-01	3.7586e-01	8.9871e-01	1.0129e-01	1.3793e-06	6.7906e-10	3.1554e-03	9.8719e-01	9.6524e-03	1.1755e-36	6.7943e-01	3.2054e-01	3.3654e-05	1.1755e-36	1.1755e-36	1.1755e-36	9.9547e-16	0.00e+00	0.00e+00	1.5135e+01
3.51125e+18	4.3790e+03	9.742e-23	1.0000e+01	3.7665e+00	8.2889e-07	6.3274e-01	3.6726e-01	9.0020e-01	9.9800e-02	1.3658e-06	7.3791e-10	3.0976e-03	9.8745e-01	9.4496e-03	1.1755e-36	6.8756e-01	3.1241e-01	3.2001e-05	1.1755e-36	1.1755e-36	1.1755e-36	1.1731e-15	0.00e+00	0.00e+00	1.5302e+01
3.51550e+18	4.3114e+03	9.445e-23	1.0000e+01	3.6796e+00	9.1773e-07	6.4139e-01	3.5860e-01	9.0170e-01	9.8303e-02	1.3520e-06	8.0053e-10	3.0404e-03	9.8771e-01	9.2462e-03	1.1755e-36	6.9570e-01	3.0427e-01	3.0411e-05	1.1755e-36	1.1755e-36	1.1755e-36	1.3780e-15	0.00e+00	0.00e+00	1.5476e+01
3.51987e+18	4.2450e+03	9.137e-23	1.0000e+01	3.5877e+00	1.0098e-06	6.4994e-01	3.5006e-01	9.0309e-01	9.6911e-02	1.3417e-06	8.6389e-10	2.9786e-03	9.8797e-01	9.0517e-03	1.1755e-36	7.0371e-01	2.9626e-01	2.8882e-05	1.1755e-36	1.1755e-36	1.1755e-36	1.6015e-15	0.00e+00	0.00e+00	1.5658e+01
3.52452e+18	4.1626e+03	8.820e-23	1.0000e+01	3.4911e+00	1.1262e-06	6.5951e-01	3.4049e-01	9.0473e-01	9.5271e-02	1.3259e-06	9.3837e-10	2.9162e-03	9.8825e-01	8.8294e-03	1.1755e-36	7.1267e-01	2.8731e-01	2.7287e-05	1.1755e-36	1.1755e-36	1.1755e-36	1.8862e-15	0.00e+00	0.00e+00	1.5861e+01
3.52931e+18	4.0864e+03	8.497e-23	1.0000e+01	3.3934e+00	1.2403e-06	6.6897e-01	3.3103e-01	9.0622e-01	9.3774e-02	1.3142e-06	1.0113e-09	2.8515e-03	9.8853e-01	8.6200e-03	1.1755e-36	7.2146e-01	2.7851e-01	2.5756e-05	1.1755e-36	1.1755e-36	1.1755e-36	2.1849e-15	0.00e+00	0.00e+00	1.6060e+01
3.53422e+18	3.9960e+03	8.174e-23	1.0000e+01	3.2946e+00	1.3746e-06	6.7917e-01	3.2083e-01	9.0795e-01	9.2053e-02	1.2968e-06	1.0899e-09	2.7889e-03	9.8882e-01	8.3883e-03	1.1755e-36	7.3092e-01	2.6905e-01	2.4218e-05	1.1755e-36	1.1755e-36	1.1755e-36	2.5308e-15	0.00e+00	0.00e+00	1.6280e+01
###########################
5.31646e+14	6.4288e+03	3.215e-22	1.0000e+01	1.0691e+01	1.4209e-11	1.2794e-02	9.8721e-01	6.6225e-02	9.3333e-01	4.4090e-04	7.6385e-15	2.0065e-03	5.6705e-01	4.3090e-01	4.9114e-05	1.4052e-02	9.0852e-01	7.7421e-02	4.7638e-06	1.1755e-36	1.1755e-36	5.1774e-23	0.00e+00	0.00e+00	8.5905e-04
3.18987e+15	6.4206e+03	3.210e-22	1.0000e+01	1.0683e+01	1.4282e-11	1.2783e-02	9.8722e-01	6.6241e-02	9.3332e-01	4.4040e-04	7.6196e-15	2.0009e-03	5.6713e-01	4.3082e-01	4.9158e-05	1.4040e-02	9.0848e-01	7.7471e-02	4.7534e-06	1.1755e-36	1.1755e-36	5.1517e-23	0.00e+00	0.00e+00	4.2922e-03
1.38228e+16	6.4085e+03	3.198e-22	1.0000e+01	1.0680e+01	1.4426e-11	1.2781e-02	9.8722e-01	6.6426e-02	9.3314e-01	4.3676e-04	7.6261e-15	2.0031e-03	5.6792e-01	4.3003e-01	4.8862e-05	1.4044e-02	9.0866e-01	7.7288e-02	4.6734e-06	1.1755e-36	1.1755e-36	5.1389e-23	0.00e+00	0.00e+00	1.8022e-02
5.63544e+16	6.3620e+03	3.171e-22	1.0000e+01	1.0678e+01	1.5239e-11	1.2872e-02	9.8713e-01	6.7439e-02	9.3214e-01	4.1878e-04	7.8019e-15	2.0269e-03	5.7196e-01	4.2597e-01	4.7456e-05	1.4178e-02	9.0977e-01	7.6048e-02	4.3134e-06	1.1755e-36	1.1755e-36	5.2248e-23	0.00e+00	0.00e+00	7.3337e-02
1.34613e+17	6.2021e+03	3.078e-22	1.0000e+01	1.0678e+01	1.7057e-11	1.2730e-02	9.8727e-01	6.8585e-02	9.3102e-01	4.0013e-04	7.6705e-15	2.0329e-03	5.7699e-01	4.2093e-01	4.5950e-05	1.4064e-02	9.1068e-01	7.5253e-02	3.9445e-06	1.1755e-36	1.1755e-36	4.9307e-23	0.00e+00	0.00e+00	1.4445e-01
2.30303e+17	6.0461e+03	2.998e-22	1.0000e+01	1.0677e+01	1.9538e-11	1.2725e-02	9.8727e-01	7.0271e-02	9.2936e-01	3.7148e-04	7.7314e-15	2.0567e-03	5.8389e-01	4.1401e-01	4.3748e-05	1.4118e-02	9.1234e-01	7.3539e-02	3.4663e-06	1.1755e-36	1.1755e-36	4.8043e-23	0.00e+00	0.00e+00	2.2715e-01
3.41594e+17	5.9047e+03	2.935e-22	1.0000e+01	1.0674e+01	2.2782e-11	1.2877e-02	9.8712e-01	7.2603e-02	9.2706e-01	3.3498e-04	8.0197e-15	2.1014e-03	5.9282e-01	4.0504e-01	4.0935e-05	1.4362e-02	9.1474e-01	7.0896e-02	2.9187e-06	1.1755e-36	1.1755e-36	4.8662e-23	0.00e+00	0.00e+00	3.2446e-01
4.76404e+17	5.7753e+03	2.887e-22	1.0000e+01	1.0667e+01	2.7289e-11	1.3237e-02	9.8676e-01	7.5981e-02	9.2373e-01	2.9063e-04	8.6437e-15	2.1760e-03	6.0484e-01	3.9295e-01	3.7373e-05	1.4863e-02	9.1806e-01	6.7073e-02	2.3102e-06	1.1755e-36	1.1755e-36	5.1831e-23	0.00e+00	0.00e+00	4.4980e-01
6.48852e+17	5.6483e+03	2.850e-22	1.0000e+01	1.0657e+01	3.4234e-11	1.3892e-02	9.8611e-01	8.1096e-02	9.1866e-01	2.3896e-04	9.8086e-15	2.2948e-03	6.2158e-01	3.7610e-01	3.2899e-05	1.5736e-02	9.2252e-01	6.1739e-02	1.6701e-06	1.1755e-36	1.1755e-36	5.8933e-23	0.00e+00	0.00e+00	6.2082e-01
8.73033e+17	5.5253e+03	2.828e-22	1.0000e+01	1.0639e+01	4.5811e-11	1.5029e-02	9.8497e-01	8.9115e-02	9.1070e-01	1.8287e-04	1.1983e-14	2.4822e-03	6.4508e-01	3.5241e-01	2.7459e-05	1.7215e-02	9.2826e-01	5.4525e-02	1.0616e-06	1.1755e-36	1.1755e-36	7.3639e-23	0.00e+00	0.00e+00	8.6133e-01
1.15704e+18	5.4199e+03	2.828e-22	1.0000e+01	1.0610e+01	6.6227e-11	1.6967e-02	9.8303e-01	1.0195e-01	8.9792e-01	1.2878e-04	1.6235e-14	2.7713e-03	6.7726e-01	3.1995e-01	2.1288e-05	1.9701e-02	9.3493e-01	4.5368e-02	5.7128e-07	1.1755e-36	1.1755e-36	1.0562e-22	0.00e+00	0.00e+00	1.1984e+00
1.44305e+18	5.3670e+03	2.850e-22	1.0000e+01	1.0574e+01	9.4949e-11	1.9566e-02	9.8043e-01	1.1850e-01	8.8141e-01	9.0241e-05	2.3028e-14	3.1156e-03	7.1134e-01	2.8552e-01	1.6005e-05	2.3005e-02	9.4039e-01	3.6608e-02	2.9418e-07	1.1755e-36	1.1755e-36	1.6334e-22	0.00e+00	0.00e+00	1.5165e+00
1.67208e+18	5.3780e+03	2.890e-22	1.0000e+01	1.0526e+01	1.2672e-10	2.2513e-02	9.7749e-01	1.3644e-01	8.6350e-01	6.7431e-05	3.2385e-14	3.4537e-03	7.4126e-01	2.5528e-01	1.2207e-05	2.6721e-02	9.4363e-01	2.9649e-02	1.6236e-07	1.1755e-36	1.1755e-36	2.5384e-22	0.00e+00	0.00e+00	1.8017e+00
1.86310e+18	5.4164e+03	2.936e-22	1.0000e+01	1.0475e+01	1.6386e-10	2.5862e-02	9.7414e-01	1.5632e-01	8.4362e-01	5.2563e-05	4.5386e-14	3.7848e-03	7.6828e-01	2.2792e-01	9.3311e-06	3.0924e-02	9.4509e-01	2.3989e-02	1.1755e-36	1.1755e-36	1.1755e-36	3.9576e-22	0.00e+00	0.00e+00	2.0980e+00
2.04186e+18	5.4742e+03	2.986e-22	1.0000e+01	1.0413e+01	2.1216e-10	3.0006e-02	9.6999e-01	1.8044e-01	8.1952e-01	4.1293e-05	6.5158e-14	4.1337e-03	7.9485e-01	2.0101e-01	6.9515e-06	3.6106e-02	9.4489e-01	1.9002e-02	1.1755e-36	1.1755e-36	1.1755e-36	6.3984e-22	0.00e+00	0.00e+00	2.4317e+00
2.21144e+18	5.5515e+03	3.039e-22	1.0000e+01	1.0331e+01	2.7621e-10	3.5221e-02	9.6478e-01	2.1003e-01	7.8994e-01	3.2566e-05	9.6180e-14	4.4913e-03	8.2080e-01	1.7470e-01	5.0169e-06	4.2602e-02	9.4273e-01	1.4669e-02	1.1755e-36	1.1755e-36	1.1755e-36	1.0770e-21	0.00e+00	0.00e+00	2.7943e+00
2.36405e+18	5.6408e+03	3.090e-22	1.0000e+01	1.0239e+01	3.5976e-10	4.1565e-02	9.5844e-01	2.4477e-01	7.5520e-01	2.6074e-05	1.4400e-13	4.8366e-03	8.4479e-01	1.5037e-01	3.5454e-06	5.0467e-02	9.3839e-01	1.1144e-02	1.1755e-36	1.1755e-36	1.1755e-36	1.8511e-21	0.00e+00	0.00e+00	3.1675e+00
2.49572e+18	5.7314e+03	3.134e-22	1.0000e+01	1.0132e+01	4.6640e-10	4.8923e-02	9.5108e-01	2.8333e-01	7.1665e-01	2.1235e-05	2.1468e-13	5.1434e-03	8.6575e-01	1.2910e-01	2.4924e-06	5.9551e-02	9.3201e-01	8.4386e-03	1.1755e-36	1.1755e-36	1.1755e-36	3.1624e-21	0.00e+00	0.00e+00	3.5417e+00
2.60903e+18	5.8164e+03	3.167e-22	1.0000e+01	1.0013e+01	6.0341e-10	5.7320e-02	9.4268e-01	3.2497e-01	6.7501e-01	1.7528e-05	3.1747e-13	5.4046e-03	8.8375e-01	1.1084e-01	1.7516e-06	6.9866e-02	9.2374e-01	6.3955e-03	1.1755e-36	1.1755e-36	1.1755e-36	5.3345e-21	0.00e+00	0.00e+00	3.9235e+00
2.70908e+18	5.8917e+03	3.193e-22	1.0000e+01	9.8937e+00	7.8957e-10	6.7153e-02	9.3285e-01	3.7018e-01	6.2980e-01	1.4587e-05	4.7197e-13	5.6334e-03	8.9952e-01	9.4845e-02	1.2209e-06	8.1885e-02	9.1329e-01	4.8238e-03	1.1755e-36	1.1755e-36	1.1755e-36	9.0525e-21	0.00e+00	0.00e+00	4.3248e+00
2.79867e+18	5.9625e+03	3.198e-22	1.0000e+01	9.7317e+00	1.0343e-09	7.8456e-02	9.2154e-01	4.1786e-01	5.8213e-01	1.2146e-05	6.9832e-13	5.8042e-03	9.1302e-01	8.1172e-02	8.4945e-07	9.5623e-02	9.0075e-01	3.6280e-03	1.1755e-36	1.1755e-36	1.1755e-36	1.5211e-20	0.00e+00	0.00e+00	4.7437e+00
2.87966e+18	6.0203e+03	3.194e-22	1.0000e+01	9.5690e+00	1.3815e-09	9.1880e-02	9.0812e-01	4.6823e-01	5.3176e-01	1.0101e-05	1.0468e-12	5.9436e-03	9.2487e-01	6.9184e-02	5.8454e-07	1.1184e-01	8.8546e-01	2.7067e-03	1.1755e-36	1.1755e-36	1.1755e-36	2.6010e-20	0.00e+00	0.00e+00	5.1928e+00
2.95319e+18	6.0703e+03	3.160e-22	1.0000e+01	9.3507e+00	1.8545e-09	1.0734e-01	8.9266e-01	5.1909e-01	4.8090e-01	8.3849e-06	1.5624e-12	6.0179e-03	9.3489e-01	5.9094e-02	4.0258e-07	1.3037e-01	8.6762e-01	2.0133e-03	1.1755e-36	1.1755e-36	1.1755e-36	4.4129e-20	0.00e+00	0.00e+00	5.6649e+00
3.02021e+18	6.1058e+03	3.111e-22	1.0000e+01	9.1204e+00	2.5365e-09	1.2557e-01	8.7443e-01	5.7009e-01	4.2990e-01	6.9344e-06	2.3560e-12	6.0533e-03	9.4353e-01	5.0414e-02	2.7564e-07	1.5205e-01	8.4646e-01	1.4874e-03	1.1755e-36	1.1755e-36	1.1755e-36	7.6142e-20	0.00e+00	0.00e+00	6.1753e+00
3.08195e+18	6.1244e+03	3.039e-22	1.0000e+01	8.8615e+00	3.5495e-09	1.4719e-01	8.5281e-01	6.1979e-01	3.8020e-01	5.7349e-06	3.5908e-12	6.0440e-03	9.5098e-01	4.2977e-02	1.8768e-07	1.7751e-01	8.2140e-01	1.0898e-03	1.1755e-36	1.1755e-36	1.1755e-36	1.3413e-19	0.00e+00	0.00e+00	6.7247e+00
3.13850e+18	6.1245e+03	2.943e-22	1.0000e+01	8.5702e+00	5.0705e-09	1.7253e-01	8.2747e-01	6.6649e-01	3.3351e-01	4.7501e-06	5.5057e-12	5.9865e-03	9.5731e-01	3.6705e-02	1.2782e-07	2.0703e-01	7.9218e-01	7.9427e-04	1.1755e-36	1.1755e-36	1.1755e-36	2.4080e-19	0.00e+00	0.00e+00	7.3128e+00
3.19026e+18	6.1034e+03	2.819e-22	1.0000e+01	8.2403e+00	7.3920e-09	2.0193e-01	7.9807e-01	7.0900e-01	2.9100e-01	3.9530e-06	8.4610e-12	5.8787e-03	9.6268e-01	3.1445e-02	1.1755e-36	2.4082e-01	7.5860e-01	5.7673e-04	1.1755e-36	1.1755e-36	1.1755e-36	4.4028e-19	0.00e+00	0.00e+00	7.9445e+00
3.23803e+18	6.0577e+03	2.667e-22	1.0000e+01	7.8684e+00	1.1046e-08	2.3596e-01	7.6404e-01	7.4696e-01	2.5303e-01	3.3106e-06	1.3064e-11	5.7207e-03	9.6727e-01	2.7010e-02	1.1755e-36	2.7936e-01	7.2022e-01	4.1669e-04	1.1755e-36	1.1755e-36	1.1755e-36	8.2781e-19	0.00e+00	0.00e+00	8.6296e+00
3.26797e+18	6.0168e+03	2.548e-22	1.0000e+01	7.5816e+00	1.4735e-08	2.6252e-01	7.3748e-01	7.6764e-01	2.3236e-01	3.0021e-06	1.7600e-11	5.5770e-03	9.6976e-01	2.4662e-02	1.1755e-36	3.0901e-01	6.9065e-01	3.3568e-04	1.1755e-36	1.1755e-36	1.1755e-36	1.3063e-18	0.00e+00	0.00e+00	8.8601e+00
3.27770e+18	5.9993e+03	2.505e-22	1.0000e+01	7.4818e+00	1.6276e-08	2.7190e-01	7.2810e-01	7.7426e-01	2.2574e-01	2.9046e-06	1.9461e-11	5.5244e-03	9.7055e-01	2.3923e-02	1.1755e-36	3.1940e-01	6.8029e-01	3.1207e-04	1.1755e-36	1.1755e-36	1.1755e-36	1.5277e-18	0.00e+00	0.00e+00	8.9554e+00
3.28341e+18	5.9872e+03	2.479e-22	1.0000e+01	7.4219e+00	1.7284e-08	2.7752e-01	7.2248e-01	7.7849e-01	2.2151e-01	2.8411e-06	2.0669e-11	5.4927e-03	9.7106e-01	2.3449e-02	1.1755e-36	3.2560e-01	6.7410e-01	2.9836e-04	1.1755e-36	1.1755e-36	1.1755e-36	1.6774e-18	0.00e+00	0.00e+00	9.0582e+00
3.29015e+18	5.9718e+03	2.447e-22	1.0000e+01	7.3492e+00	1.8583e-08	2.8433e-01	7.1567e-01	7.8341e-01	2.1658e-01	2.7690e-06	2.2212e-11	5.4535e-03	9.7166e-01	2.2888e-02	1.1755e-36	3.3309e-01	6.6663e-01	2.8263e-04	1.1755e-36	1.1755e-36	1.1755e-36	1.8770e-18	0.00e+00	0.00e+00	9.1950e+00
3.29892e+18	5.9479e+03	2.405e-22	1.0000e+01	7.2543e+00	2.0533e-08	2.9361e-01	7.0639e-01	7.8994e-01	2.1006e-01	2.6722e-06	2.4485e-11	5.4025e-03	9.7244e-01	2.2155e-02	1.1755e-36	3.4327e-01	6.5647e-01	2.6302e-04	1.1755e-36	1.1755e-36	1.1755e-36	2.1890e-18	0.00e+00	0.00e+00	9.3788e+00
3.30909e+18	5.9224e+03	2.353e-22	1.0000e+01	7.1363e+00	2.2992e-08	3.0458e-01	6.9542e-01	7.9701e-01	2.0298e-01	2.5719e-06	2.7364e-11	5.3357e-03	9.7329e-01	2.1369e-02	1.1755e-36	3.5524e-01	6.4452e-01	2.4205e-04	1.1755e-36	1.1755e-36	1.1755e-36	2.6142e-18	0.00e+00	0.00e+00	9.5795e+00
3.31919e+18	5.8930e+03	2.299e-22	1.0000e+01	7.0156e+00	2.5876e-08	3.1605e-01	6.8395e-01	8.0381e-01	1.9619e-01	2.4774e-06	3.0671e-11	5.2664e-03	9.7412e-01	2.0612e-02	1.1755e-36	3.6769e-01	6.3209e-01	2.2256e-04	1.1755e-36	1.1755e-36	1.1755e-36	3.1463e-18	0.00e+00	0.00e+00	9.7742e+00
3.32844e+18	5.8592e+03	2.250e-22	1.0000e+01	6.9072e+00	2.9136e-08	3.2738e-01	6.7262e-01	8.1001e-01	1.8998e-01	2.3902e-06	3.4316e-11	5.2047e-03	9.7488e-01	1.9910e-02	1.1755e-36	3.7993e-01	6.1987e-01	2.0554e-04	1.1755e-36	1.1755e-36	1.1755e-36	3.7887e-18	0.00e+00	0.00e+00	9.9551e+00
3.33673e+18	5.8353e+03	2.200e-22	1.0000e+01	6.7940e+00	3.2109e-08	3.3728e-01	6.6272e-01	8.1514e-01	1.8486e-01	2.3246e-06	3.7687e-11	5.1359e-03	9.7552e-01	1.9344e-02	1.1755e-36	3.9056e-01	6.0924e-01	1.9158e-04	1.1755e-36	1.1755e-36	1.1755e-36	4.4269e-18	0.00e+00	0.00e+00	1.0122e+01
3.34487e+18	5.8014e+03	2.152e-22	1.0000e+01	6.6849e+00	3.5823e-08	3.4779e-01	6.5221e-01	8.2043e-01	1.7956e-01	2.2537e-06	4.1709e-11	5.0709e-03	9.7618e-01	1.8753e-02	1.1755e-36	4.0182e-01	5.9801e-01	1.7823e-04	1.1755e-36	1.1755e-36	1.1755e-36	5.2550e-18	0.00e+00	0.00e+00	1.0307e+01
3.35317e+18	5.7654e+03	2.103e-22	1.0000e+01	6.5758e+00	4.0189e-08	3.5904e-01	6.4096e-01	8.2568e-01	1.7432e-01	2.1837e-06	4.6455e-11	5.0054e-03	9.7684e-01	1.8159e-02	1.1755e-36	4.1379e-01	5.8605e-01	1.6532e-04	1.1755e-36	1.1755e-36	1.1755e-36	6.3195e-18	0.00e+00	0.00e+00	1.0492e+01
3.36100e+18	5.7321e+03	2.054e-22	1.0000e+01	6.4636e+00	4.4736e-08	3.6972e-01	6.3028e-01	8.3035e-01	1.6965e-01	2.1250e-06	5.1352e-11	4.9359e-03	9.7743e-01	1.7635e-02	1.1755e-36	4.2510e-01	5.7475e-01	1.5401e-04	1.1755e-36	1.1755e-36	1.1755e-36	7.5165e-18	0.00e+00	0.00e+00	1.0667e+01
3.36844e+18	5.6973e+03	2.005e-22	1.0000e+01	6.3537e+00	4.9748e-08	3.8022e-01	6.1978e-01	8.3475e-01	1.6525e-01	2.0700e-06	5.6676e-11	4.8674e-03	9.7799e-01	1.7139e-02	1.1755e-36	4.3617e-01	5.6368e-01	1.4378e-04	1.1755e-36	1.1755e-36	1.1755e-36	8.9333e-18	0.00e+00	0.00e+00	1.0844e+01
3.37579e+18	5.6620e+03	1.956e-22	1.0000e+01	6.2432e+00	5.5346e-08	3.9090e-01	6.0910e-01	8.3900e-01	1.6100e-01	2.0177e-06	6.2629e-11	4.7977e-03	9.7854e-01	1.6658e-02	1.1755e-36	4.4737e-01	5.5249e-01	1.3419e-04	1.1755e-36	1.1755e-36	1.1755e-36	1.0657e-17	0.00e+00	0.00e+00	1.1025e+01
3.38308e+18	5.6231e+03	1.906e-22	1.0000e+01	6.1275e+00	6.1783e-08	4.0170e-01	5.9830e-01	8.4311e-01	1.5689e-01	1.9686e-06	6.9313e-11	4.7243e-03	9.7908e-01	1.6196e-02	1.1755e-36	4.5866e-01	5.4122e-01	1.2525e-04	1.1755e-36	1.1755e-36	1.1755e-36	1.2777e-17	0.00e+00	0.00e+00	1.1209e+01
3.39018e+18	5.5796e+03	1.859e-22	1.0000e+01	6.0184e+00	6.9373e-08	4.1287e-01	5.8713e-01	8.4712e-01	1.5288e-01	1.9190e-06	7.7136e-11	4.6551e-03	9.7961e-01	1.5735e-02	1.1755e-36	4.7026e-01	5.2962e-01	1.1688e-04	1.1755e-36	1.1755e-36	1.1755e-36	1.5507e-17	0.00e+00	0.00e+00	1.1390e+01
3.39683e+18	5.5400e+03	1.811e-22	1.0000e+01	5.9084e+00	7.7163e-08	4.2328e-01	5.7672e-01	8.5063e-01	1.4937e-01	1.8788e-06	8.5140e-11	4.5838e-03	9.8008e-01	1.5333e-02	1.1755e-36	4.8102e-01	5.1887e-01	1.0957e-04	1.1755e-36	1.1755e-36	1.1755e-36	1.8572e-17	0.00e+00	0.00e+00	1.1560e+01
3.40315e+18	5.5048e+03	1.765e-22	1.0000e+01	5.7996e+00	8.5108e-08	4.3316e-01	5.6684e-01	8.5394e-01	1.4606e-01	1.8421e-06	9.3442e-11	4.5123e-03	9.8052e-01	1.4964e-02	1.1755e-36	4.9119e-01	5.0870e-01	1.0301e-04	1.1755e-36	1.1755e-36	1.1755e-36	2.2015e-17	0.00e+00	0.00e+00	1.1732e+01
3.40967e+18	5.4590e+03	1.718e-22	1.0000e+01	5.6886e+00	9.5366e-08	4.4396e-01	5.5604e-01	8.5733e-01	1.4267e-01	1.8033e-06	1.0387e-10	4.4400e-03	9.8099e-01	1.4567e-02	1.1755e-36	5.0226e-01	4.9765e-01	9.6463e-05	1.1755e-36	1.1755e-36	1.1755e-36	2.6792e-17	0.00e+00	0.00e+00	1.1921e+01
3.41618e+18	5.4097e+03	1.671e-22	1.0000e+01	5.5771e+00	1.0736e-07	4.5505e-01	5.4495e-01	8.6062e-01	1.3938e-01	1.7657e-06	1.1603e-10	4.3674e-03	9.8145e-01	1.4182e-02	1.1755e-36	5.1357e-01	4.8634e-01	9.0291e-05	1.1755e-36	1.1755e-36	1.1755e-36	3.2963e-17	0.00e+00	0.00e+00	1.2101e+01
3.42212e+18	5.3640e+03	1.628e-22	1.0000e+01	5.4753e+00	1.1984e-07	4.6541e-01	5.3458e-01	8.6355e-01	1.3645e-01	1.7325e-06	1.2883e-10	4.3003e-03	9.8186e-01	1.3836e-02	1.1755e-36	5.2409e-01	4.7583e-01	8.4927e-05	1.1755e-36	1.1755e-36	1.1755e-36	4.0128e-17	0.00e+00	0.00e+00	1.2266e+01
3.42762e+18	5.3283e+03	1.585e-22	1.0000e+01	5.3734e+00	1.3137e-07	4.7460e-01	5.2540e-01	8.6605e-01	1.3395e-01	1.7082e-06	1.4100e-10	4.2314e-03	9.8222e-01	1.3545e-02	1.1755e-36	5.3336e-01	4.6656e-01	8.0314e-05	1.1755e-36	1.1755e-36	1.1755e-36	4.7528e-17	0.00e+00	0.00e+00	1.2428e+01
3.43338e+18	5.2769e+03	1.542e-22	1.0000e+01	5.2680e+00	1.4740e-07	4.8496e-01	5.1504e-01	8.6889e-01	1.3111e-01	1.6765e-06	1.5739e-10	4.1617e-03	9.8263e-01	1.3210e-02	1.1755e-36	5.4379e-01	4.5613e-01	7.5555e-05	1.1755e-36	1.1755e-36	1.1755e-36	5.8557e-17	0.00e+00	0.00e+00	1.2616e+01
3.43927e+18	5.2268e+03	1.498e-22	1.0000e+01	5.1597e+00	1.6529e-07	4.9554e-01	5.0446e-01	8.7157e-01	1.2843e-01	1.6485e-06	1.7610e-10	4.0892e-03	9.8302e-01	1.2892e-02	1.1755e-36	5.5439e-01	4.4554e-01	7.1011e-05	1.1755e-36	1.1755e-36	1.1755e-36	7.2495e-17	0.00e+00	0.00e+00	1.2792e+01
3.44470e+18	5.1738e+03	1.457e-22	1.0000e+01	5.0588e+00	1.8535e-07	5.0564e-01	4.9436e-01	8.7405e-01	1.2595e-01	1.6219e-06	1.9699e-10	4.0222e-03	9.8338e-01	1.2595e-02	1.1755e-36	5.6446e-01	4.3547e-01	6.6997e-05	1.1755e-36	1.1755e-36	1.1755e-36	8.9827e-17	0.00e+00	0.00e+00	1.2959e+01
3.44972e+18	5.1302e+03	1.419e-22	1.0000e+01	4.9636e+00	2.0454e-07	5.1477e-01	4.8523e-01	8.7619e-01	1.2381e-01	1.6012e-06	2.1767e-10	3.9574e-03	9.8370e-01	1.2338e-02	1.1755e-36	5.7352e-01	4.2642e-01	6.3502e-05	1.1755e-36	1.1755e-36	1.1755e-36	1.0865e-16	0.00e+00	0.00e+00	1.3115e+01
3.45470e+18	5.0767e+03	1.381e-22	1.0000e+01	4.8678e+00	2.2856e-07	5.2425e-01	4.7575e-01	8.7843e-01	1.2156e-01	1.5773e-06	2.4326e-10	3.8935e-03	9.8404e-01	1.2069e-02	1.1755e-36	5.8291e-01	4.1703e-01	6.0125e-05	1.1755e-36	1.1755e-36	1.1755e-36	1.3444e-16	0.00e+00	0.00e+00	1.3285e+01
3.45971e+18	5.0237e+03	1.344e-22	1.0000e+01	4.7741e+00	2.5545e-07	5.3396e-01	4.6604e-01	8.8062e-01	1.1937e-01	1.5541e-06	2.7279e-10	3.8304e-03	9.8437e-01	1.1804e-02	1.1755e-36	5.9246e-01	4.0748e-01	5.6873e-05	1.1755e-36	1.1755e-36	1.1755e-36	1.6735e-16	0.00e+00	0.00e+00	1.3450e+01
3.46447e+18	4.9730e+03	1.308e-22	1.0000e+01	4.6804e+00	2.8358e-07	5.4303e-01	4.5697e-01	8.8258e-01	1.1742e-01	1.5352e-06	3.0099e-10	3.7669e-03	9.8467e-01	1.1561e-02	1.1755e-36	6.0136e-01	3.9858e-01	5.3968e-05	1.1755e-36	1.1755e-36	1.1755e-36	2.0222e-16	0.00e+00	0.00e+00	1.3609e+01
3.46913e+18	4.9224e+03	1.272e-22	1.0000e+01	4.5889e+00	3.1434e-07	5.5200e-01	4.4800e-01	8.8449e-01	1.1551e-01	1.5168e-06	3.2890e-10	3.7047e-03	9.8498e-01	1.1319e-02	1.1755e-36	6.1013e-01	3.8982e-01	5.1233e-05	1.1755e-36	1.1755e-36	1.1755e-36	2.4012e-16	0.00e+00	0.00e+00	1.3772e+01
3.47387e+18	4.8666e+03	1.236e-22	1.0000e+01	4.4940e+00	3.5068e-07	5.6121e-01	4.3879e-01	8.8642e-01	1.1358e-01	1.4981e-06	3.6077e-10	3.6407e-03	9.8528e-01	1.1075e-02	1.1755e-36	6.1909e-01	3.8086e-01	4.8584e-05	1.1755e-36	1.1755e-36	1.1755e-36	2.8753e-16	0.00e+00	0.00e+00	1.3942e+01
3.47856e+18	4.8119e+03	1.201e-22	1.0000e+01	4.3996e+00	3.9024e-07	5.7032e-01	4.2968e-01	8.8825e-01	1.1174e-01	1.4812e-06	3.9518e-10	3.5763e-03	9.8558e-01	1.0841e-02	1.1755e-36	6.2793e-01	3.7203e-01	4.6084e-05	1.1755e-36	1.1755e-36	1.1755e-36	3.4345e-16	0.00e+00	0.00e+00	1.4108e+01
3.48315e+18	4.7538e+03	1.167e-22	1.0000e+01	4.3072e+00	4.3536e-07	5.7939e-01	4.2061e-01	8.9004e-01	1.0995e-01	1.4641e-06	4.3322e-10	3.5137e-03	9.8588e-01	1.0610e-02	1.1755e-36	6.3669e-01	3.6327e-01	4.3739e-05	1.1755e-36	1.1755e-36	1.1755e-36	4.1121e-16	0.00e+00	0.00e+00	1.4275e+01
3.48762e+18	4.6956e+03	1.133e-22	1.0000e+01	4.2169e+00	4.8480e-07	5.8829e-01	4.1171e-01	8.9175e-01	1.0825e-01	1.4481e-06	4.7411e-10	3.4525e-03	9.8616e-01	1.0389e-02	1.1755e-36	6.4525e-01	3.5470e-01	4.1552e-05	1.1755e-36	1.1755e-36	1.1755e-36	4.9087e-16	0.00e+00	0.00e+00	1.4438e+01
3.49197e+18	4.6371e+03	1.101e-22	1.0000e+01	4.1286e+00	5.3877e-07	5.9699e-01	4.0301e-01	8.9339e-01	1.0661e-01	1.4329e-06	5.1778e-10	3.3927e-03	9.8643e-01	1.0175e-02	1.1755e-36	6.5360e-01	3.4637e-01	3.9515e-05	1.1755e-36	1.1755e-36	1.1755e-36	5.8373e-16	0.00e+00	0.00e+00	1.4600e+01
3.49628e+18	4.5774e+03	1.070e-22	1.0000e+01	4.0411e+00	5.9839e-07	6.0564e-01	3.9436e-01	8.9499e-01	1.0501e-01	1.4180e-06	5.6497e-10	3.3335e-03	9.8670e-01	9.9647e-03	1.1755e-36	6.6186e-01	3.3811e-01	3.7583e-05	1.1755e-36	1.1755e-36	1.1755e-36	6.9312e-16	0.00e+00	0.00e+00	1.4765e+01
3.50058e+18	4.5159e+03	1.039e-22	1.0000e+01	3.9533e+00	6.6469e-07	6.1433e-01	3.8567e-01	8.9657e-01	1.0343e-01	1.4034e-06	6.1625e-10	3.2742e-03	9.8697e-01	9.7567e-03	1.1755e-36	6.7012e-01	3.2984e-01	3.5730e-05	1.1755e-36	1.1755e-36	1.1755e-36	8.2260e-16	0.00e+00	0.00e+00	1.4932e+01
3.50490e+18	4.4480e+03	1.008e-22	1.0000e+01	3.8638e+00	7.4191e-07	6.2317e-01	3.7683e-01	8.9817e-01	1.0183e-01	1.3882e-06	6.7312e-10	3.2145e-03	9.8724e-01	9.5466e-03	1.1755e-36	6.7852e-01	3.2144e-01	3.3950e-05	1.1755e-36	1.1755e-36	1.1755e-36	9.7968e-16	0.00e+00	0.00e+00	1.5102e+01
3.50915e+18	4.3835e+03	9.776e-23	1.0000e+01	3.7768e+00	8.2180e-07	6.3176e-01	3.6824e-01	8.9965e-01	1.0035e-01	1.3748e-06	7.3134e-10	3.1560e-03	9.8750e-01	9.3482e-03	1.1755e-36	6.8663e-01	3.1333e-01	3.2287e-05	1.1755e-36	1.1755e-36	1.1755e-36	1.1542e-15	0.00e+00	0.00e+00	1.5268e+01
3.51336e+18	4.3166e+03	9.480e-23	1.0000e+01	3.6903e+00	9.0942e-07	6.4036e-01	3.5964e-01	9.0115e-01	9.8851e-02	1.3610e-06	7.9319e-10	3.0983e-03	9.8775e-01	9.1493e-03	1.1755e-36	6.9474e-01	3.0523e-01	3.0693e-05	1.1755e-36	1.1755e-36	1.1755e-36	1.3549e-15	0.00e+00	0.00e+00	1.5441e+01
3.51772e+18	4.2504e+03	9.172e-23	1.0000e+01	3.5985e+00	1.0009e-06	6.4891e-01	3.5109e-01	9.0255e-01	9.7449e-02	1.3505e-06	8.5627e-10	3.0359e-03	9.8801e-01	8.9578e-03	1.1755e-36	7.0275e-01	2.9722e-01	2.9151e-05	1.1755e-36	1.1755e-36	1.1755e-36	1.5758e-15	0.00e+00	0.00e+00	1.5623e+01
3.52237e+18	4.1685e+03	8.854e-23	1.0000e+01	3.5019e+00	1.1164e-06	6.5848e-01	3.4152e-01	9.0419e-01	9.5806e-02	1.3348e-06	9.3041e-10	2.9726e-03	9.8829e-01	8.7395e-03	1.1755e-36	7.1171e-01	2.8826e-01	2.7543e-05	1.1755e-36	1.1755e-36	1.1755e-36	1.8571e-15	0.00e+00	0.00e+00	1.5825e+01
3.52714e+18	4.0926e+03	8.531e-23	1.0000e+01	3.4042e+00	1.2299e-06	6.6794e-01	3.3206e-01	9.0569e-01	9.4305e-02	1.3230e-06	1.0032e-09	2.9071e-03	9.8856e-01	8.5344e-03	1.1755e-36	7.2051e-01	2.7946e-01	2.6001e-05	1.1755e-36	1.1755e-36	1.1755e-36	2.1532e-15	0.00e+00	0.00e+00	1.6023e+01
3.53203e+18	4.0030e+03	8.208e-23	1.0000e+01	3.3054e+00	1.3632e-06	6.7813e-01	3.2187e-01	9.0740e-01	9.2595e-02	1.3059e-06	1.0818e-09	2.8435e-03	9.8885e-01	8.3085e-03	1.1755e-36	7.2996e-01	2.7001e-01	2.4452e-05	1.1755e-36	1.1755e-36	1.1755e-36	2.4966e-15	0.00e+00	0.00e+00	1.6241e+01
3.53718e+18	3.9091e+03	7.870e-23	1.0000e+01	3.1982e+00	1.5010e-06	6.8868e-01	3.1132e-01	9.0902e-01	9.0977e-02	1.2925e-06	1.1574e-09	2.7742e-03	9.8914e-01	8.0887e-03	1.1755e-36	7.3971e-01	2.6027e-01	2.2923e-05	1.1755e-36	1.1755e-36	1.1755e-36	2.8495e-15	0.00e+00	0.00e+00	1.6467e+01
###########################
5.31646e+14	6.4288e+03	3.215e-22	1.0000e+01	1.0691e+01	1.4209e-11	1.2794e-02	9.8721e-01	6.6225e-02	9.3333e-01	4.4090e-04	7.6384e-15	2.0065e-03	5.6705e-01	4.3090e-01	4.9114e-05	1.4052e-02	9.0852e-01	7.7421e-02	4.7638e-06	1.1755e-36	1.1755e-36	5.1774e-23	0.00e+00	0.00e+00	8.5905e-04
3.18987e+15	6.4206e+03	3.210e-22	1.0000e+01	1.0683e+01	1.4282e-11	1.2783e-02	9.8722e-01	6.6241e-02	9.3332e-01	4.4040e-04	7.6195e-15	2.0009e-03	5.6713e-01	4.3082e-01	4.9158e-05	1.4040e-02	9.0848e-01	7.7471e-02	4.7534e-06	1.1755e-36	1.1755e-36	5.1516e-23	0.00e+00	0.00e+00	4.2922e-03
1.38228e+16	6.4085e+03	3.198e-22	1.0000e+01	1.0680e+01	1.4426e-11	1.2781e-02	9.8722e-01	6.6426e-02	9.3314e-01	4.3676e-04	7.6261e-15	2.0031e-03	5.6792e-01	4.3003e-01	4.8862e-05	1.4044e-02	9.0866e-01	7.7288e-02	4.6734e-06	1.1755e-36	1.1755e-36	5.1389e-23	0.00e+00	0.00e+00	1.8022e-02
5.63544e+16	6.3620e+03	3.171e-22	1.0000e+01	1.0678e+01	1.5239e-11	1.2872e-02	9.8713e-01	6.7439e-02	9.3214e-01	4.1878e-04	7.8018e-15	2.0269e-03	5.7196e-01	4.2597e-01	4.7456e-05	1.4178e-02	9.0977e-01	7.6048e-02	4.3134e-06	1.1755e-36	1.1755e-36	5.2247e-23	0.00e+00	0.00e+00	7.3337e-02
1.34613e+17	6.2021e+03	3.078e-22	1.0000e+01	1.0678e+01	1.7057e-11	1.2730e-02	9.8727e-01	6.8585e-02	9.3102e-01	4.0013e-04	7.6704e-15	2.0329e-03	5.7699e-01	4.2093e-01	4.5950e-05	1.4064e-02	9.1068e-01	7.5253e-02	3.9445e-06	1.1755e-36	1.1755e-36	4.9306e-23	0.00e+00	0.00e+00	1.4445e-01
2.30303e+17	6.0461e+03	2.998e-22	1.0000e+01	1.0677e+01	1.9538e-11	1.2725e-02	9.8727e-01	7.0271e-02	9.2936e-01	3.7148e-04	7.7314e-15	2.0567e-03	5.8389e-01	4.1401e-01	4.3748e-05	1.4118e-02	9.1234e-01	7.3539e-02	3.4663e-06	1.1755e-36	1.1755e-36	4.8042e-23	0.00e+00	0.00e+00	2.2715e-01
3.41594e+17	5.9047e+03	2.935e-22	1.0000e+01	1.0674e+01	2.2782e-11	1.2877e-02	9.8712e-01	7.2603e-02	9.2706e-01	3.3498e-04	8.0196e-15	2.1013e-03	5.9282e-01	4.0504e-01	4.0935e-05	1.4362e-02	9.1474e-01	7.0896e-02	2.9187e-06	1.1755e-36	1.1755e-36	4.8661e-23	0.00e+00	0.00e+00	3.2446e-01
4.76405e+17	5.7753e+03	2.887e-22	1.0000e+01	1.0667e+01	2.7289e-11	1.3237e-02	9.8676e-01	7.5981e-02	9.2373e-01	2.9063e-04	8.6436e-15	2.1760e-03	6.0484e-01	3.9295e-01	3.7373e-05	1.4863e-02	9.1806e-01	6.7073e-02	2.3102e-06	1.1755e-36	1.1755e-36	5.1830e-23	0.00e+00	0.00e+00	4.4980e-01
6.48853e+17	5.6484e+03	2.850e-22	1.0000e+01	1.0657e+01	3.4234e-11	1.3892e-02	9.8611e-01	8.1096e-02	9.1866e-01	2.3896e-04	9.8085e-15	2.2948e-03	6.2158e-01	3.7610e-01	3.2899e-05	1.5736e-02	9.2252e-01	6.1739e-02	1.6701e-06	1.1755e-36	1.1755e-36	5.8932e-23	0.00e+00	0.00e+00	6.2082e-01
8.73035e+17	5.5253e+03	2.828e-22	1.0000e+01	1.0639e+01	4.5810e-11	1.5029e-02	9.8497e-01	8.9115e-02	9.1070e-01	1.8287e-04	1.1983e-14	2.4822e-03	6.4508e-01	3.5241e-01	2.7459e-05	1.7215e-02	9.2826e-01	5.4525e-02	1.0615e-06	1.1755e-36	1.1755e-36	7.3638e-23	0.00e+00	0.00e+00	8.6133e-01
1.15704e+18	5.4199e+03	2.828e-22	1.0000e+01	1.0610e+01	6.6226e-11	1.6967e-02	9.8303e-01	1.0195e-01	8.9792e-01	1.2878e-04	1.6235e-14	2.7713e-03	6.7726e-01	3.1995e-01	2.1288e-05	1.9701e-02	9.3493e-01	4.5368e-02	5.7128e-07	1.1755e-36	1.1755e-36	1.0561e-22	0.00e+00	0.00e+00	1.1984e+00
1.44305e+18	5.3670e+03	2.850e-22	1.0000e+01	1.0574e+01	9.4948e-11	1.9566e-02	9.8043e-01	1.1850e-01	8.8141e-01	9.0240e-05	2.3028e-14	3.1155e-03	7.1134e-01	2.8552e-01	1.6005e-05	2.3005e-02	9.4039e-01	3.6608e-02	2.9418e-07	1.1755e-36	1.1755e-36	1.6333e-22	0.00e+00	0.00e+00	1.5165e+00
1.67208e+18	5.3780e+03	2.890e-22	1.0000e+01	1.0526e+01	1.2672e-10	2.2513e-02	9.7749e-01	1.3644e-01	8.6350e-01	6.7431e-05	3.2384e-14	3.4537e-03	7.4126e-01	2.5528e-01	1.2207e-05	2.6721e-02	9.4363e-01	2.9649e-02	1.6236e-07	1.1755e-36	1.1755e-36	2.5383e-22	0.00e+00	0.00e+00	1.8017e+00
1.86310e+18	5.4164e+03	2.936e-22	1.0000e+01	1.0475e+01	1.6386e-10	2.5862e-02	9.7414e-01	1.5632e-01	8.4362e-01	5.2563e-05	4.5385e-14	3.7848e-03	7.6828e-01	2.2792e-01	9.3311e-06	3.0924e-02	9.4509e-01	2.3989e-02	1.1755e-36	1.1755e-36	1.1755e-36	3.9575e-22	0.00e+00	0.00e+00	2.0980e+00
2.04186e+18	5.4742e+03	2.986e-22	1.0000e+01	1.0413e+01	2.1216e-10	3.0006e-02	9.6999e-01	1.8044e-01	8.1952e-01	4.1293e-05	6.5158e-14	4.1336e-03	7.9485e-01	2.0101e-01	6.9515e-06	3.6106e-02	9.4489e-01	1.9002e-02	1.1755e-36	1.1755e-36	1.1755e-36	6.3983e-22	0.00e+00	0.00e+00	2.4317e+00
2.21144e+18	5.5515e+03	3.039e-22	1.0000e+01	1.0331e+01	2.7621e-10	3.5222e-02	9.6478e-01	2.1003e-01	7.8994e-01	3.2566e-05	9.6179e-14	4.4913e-03	8.2080e-01	1.7470e-01	5.0169e-06	4.2602e-02	9.4273e-01	1.4669e-02	1.1755e-36	1.1755e-36	1.1755e-36	1.0770e-21	0.00e+00	0.00e+00	2.7943e+00
2.36405e+18	5.6408e+03	3.090e-22	1.0000e+01	1.0239e+01	3.5976e-10	4.1565e-02	9.5844e-01	2.4477e-01	7.5520e-01	2.6074e-05	1.4400e-13	4.8366e-03	8.4479e-01	1.5037e-01	3.5454e-06	5.0467e-02	9.3839e-01	1.1144e-02	1.1755e-36	1.1755e-36	1.1755e-36	1.8510e-21	0.00e+00	0.00e+00	3.1675e+00
2.49572e+18	5.7314e+03	3.134e-22	1.0000e+01	1.0132e+01	4.6639e-10	4.8923e-02	9.5108e-01	2.8333e-01	7.1665e-01	2.1235e-05	2.1468e-13	5.1433e-03	8.6575e-01	1.2910e-01	2.4924e-06	5.9550e-02	9.3201e-01	8.4387e-03	1.1755e-36	1.1755e-36	1.1755e-36	3.1622e-21	0.00e+00	0.00e+00	3.5417e+00
2.60903e+18	5.8164e+03	3.167e-22	1.0000e+01	1.0013e+01	6.0340e-10	5.7320e-02	9.4268e-01	3.2497e-01	6.7501e-01	1.7528e-05	3.1747e-13	5.4045e-03	8.8375e-01	1.1084e-01	1.7516e-06	6.9866e-02	9.2374e-01	6.3955e-03	1.1755e-36	1.1755e-36	1.1755e-36	5.3344e-21	0.00e+00	0.00e+00	3.9235e+00
2.70909e+18	5.8917e+03	3.193e-22	1.0000e+01	9.8937e+00	7.8956e-10	6.7153e-02	9.3285e-01	3.7018e-01	6.2980e-01	1.4587e-05	4.7197e-13	5.6333e-03	8.9952e-01	9.4845e-02	1.2209e-06	8.1885e-02	9.1329e-01	4.8238e-03	1.1755e-36	1.1755e-36	1.1755e-36	9.0522e-21	0.00e+00	0.00e+00	4.3248e+00
2.79868e+18	5.9625e+03	3.198e-22	1.0000e+01	9.7317e+00	1.0343e-09	7.8456e-02	9.2154e-01	4.1786e-01	5.8213e-01	1.2146e-05	6.9831e-13	5.8041e-03	9.1302e-01	8.1172e-02	8.4945e-07	9.5623e-02	9.0075e-01	3.6280e-03	1.1755e-36	1.1755e-36	1.1755e-36	1.5211e-20	0.00e+00	0.00e+00	4.7437e+00
2.87966e+18	6.0203e+03	3.194e-22	1.0000e+01	9.5690e+00	1.3815e-09	9.1880e-02	9.0812e-01	4.6823e-01	5.3176e-01	1.0101e-05	1.0468e-12	5.9435e-03	9.2487e-01	6.9183e-02	5.8454e-07	1.1184e-01	8.8546e-01	2.7067e-03	1.1755e-36	1.1755e-36	1.1755e-36	2.6009e-20	0.00e+00	0.00e+00	5.1928e+00
2.95319e+18	6.0703e+03	3.160e-22	1.0000e+01	9.3507e+00	1.8544e-09	1.0734e-01	8.9266e-01	5.1909e-01	4.8090e-01	8.3849e-06	1.5623e-12	6.0178e-03	9.3489e-01	5.9093e-02	4.0258e-07	1.3037e-01	8.6762e-01	2.0133e-03	1.1755e-36	1.1755e-36	1.1755e-36	4.4127e-20	0.00e+00	0.00e+00	5.6649e+00
3.02021e+18	6.1058e+03	3.111e-22	1.0000e+01	9.1204e+00	2.5364e-09	1.2557e-01	8.7443e-01	5.7009e-01	4.2990e-01	6.9344e-06	2.3560e-12	6.0531e-03	9.4353e-01	5.0414e-02	2.7564e-07	1.5205e-01	8.4646e-01	1.4874e-03	1.1755e-36	1.1755e-36	1.1755e-36	7.6139e-20	0.00e+00	0.00e+00	6.1753e+00
3.08195e+18	6.1244e+03	3.039e-22	1.0000e+01	8.8614e+00	3.5491e-09	1.4719e-01	8.5281e-01	6.1981e-01	3.8018e-01	5.7331e-06	3.5907e-12	6.0437e-03	9.5098e-01	4.2977e-02	1.8768e-07	1.7751e-01	8.2140e-01	1.0899e-03	1.1755e-36	1.1755e-36	1.1755e-36	1.3412e-19	0.00e+00	0.00e+00	6.7247e+00
3.13850e+18	6.1245e+03	2.943e-22	1.0000e+01	8.5702e+00	5.0704e-09	1.7253e-01	8.2747e-01	6.6649e-01	3.3351e-01	4.7500e-06	5.5055e-12	5.9862e-03	9.5731e-01	3.6705e-02	1.2782e-07	2.0703e-01	7.9218e-01	7.9427e-04	1.1755e-36	1.1755e-36	1.1755e-36	2.4078e-19	0.00e+00	0.00e+00	7.3128e+00
3.19026e+18	6.1035e+03	2.819e-22	1.0000e+01	8.2403e+00	7.3918e-09	2.0193e-01	7.9807e-01	7.0900e-01	2.9100e-01	3.9530e-06	8.4607e-12	5.8785e-03	9.6268e-01	3.1445e-02	1.1755e-36	2.4082e-01	7.5860e-01	5.7674e-04	1.1755e-36	1.1755e-36	1.1755e-36	4.4025e-19	0.00e+00	0.00e+00	7.9445e+00
3.23803e+18	6.0577e+03	2.667e-22	1.0000e+01	7.8684e+00	1.1046e-08	2.3596e-01	7.6404e-01	7.4696e-01	2.5303e-01	3.3106e-06	1.3064e-11	5.7205e-03	9.6727e-01	2.7010e-02	1.1755e-36	2.7936e-01	7.2023e-01	4.1670e-04	1.1755e-36	1.1755e-36	1.1755e-36	8.2778e-19	0.00e+00	0.00e+00	8.6296e+00
3.26797e+18	6.0168e+03	2.548e-22	1.0000e+01	7.5816e+00	1.4734e-08	2.6252e-01	7.3748e-01	7.6764e-01	2.3236e-01	3.0021e-06	1.7600e-11	5.5767e-03	9.6976e-01	2.4662e-02	1.1755e-36	3.0901e-01	6.9065e-01	3.3567e-04	1.1755e-36	1.1755e-36	1.1755e-36	1.3062e-18	0.00e+00	0.00e+00	8.8601e+00
3.27770e+18	5.9993e+03	2.505e-22	1.0000e+01	7.4818e+00	1.6275e-08	2.7190e-01	7.2810e-01	7.7426e-01	2.2574e-01	2.9046e-06	1.9461e-11	5.5241e-03	9.7055e-01	2.3922e-02	1.1755e-36	3.1940e-01	6.8029e-01	3.1207e-04	1.1755e-36	1.1755e-36	1.1755e-36	1.5277e-18	0.00e+00	0.00e+00	8.9554e+00
3.28341e+18	5.9872e+03	2.479e-22	1.0000e+01	7.4219e+00	1.7284e-08	2.7752e-01	7.2248e-01	7.7849e-01	2.2151e-01	2.8411e-06	2.0669e-11	5.4923e-03	9.7106e-01	2.3449e-02	1.1755e-36	3.2560e-01	6.7410e-01	2.9836e-04	1.1755e-36	1.1755e-36	1.1755e-36	1.6773e-18	0.00e+00	0.00e+00	9.0582e+00
3.29015e+18	5.9719e+03	2.447e-22	1.0000e+01	7.3493e+00	1.8583e-08	2.8433e-01	7.1567e-01	7.8341e-01	2.1658e-01	2.7690e-06	2.2211e-11	5.4532e-03	9.7166e-01	2.2888e-02	1.1755e-36	3.3309e-01	6.6663e-01	2.8263e-04	1.1755e-36	1.1755e-36	1.1755e-36	1.8769e-18	0.00e+00	0.00e+00	9.1950e+00
3.29892e+18	5.9480e+03	2.405e-22	1.0000e+01	7.2543e+00	2.0532e-08	2.9361e-01	7.0639e-01	7.8994e-01	2.1006e-01	2.6722e-06	2.4484e-11	5.4021e-03	9.7244e-01	2.2155e-02	1.1755e-36	3.4327e-01	6.5647e-01	2.6302e-04	1.1755e-36	1.1755e-36	1.1755e-36	2.1889e-18	0.00e+00	0.00e+00	9.3787e+00
3.30909e+18	5.9224e+03	2.353e-22	1.0000e+01	7.1363e+00	2.2992e-08	3.0458e-01	6.9542e-01	7.9702e-01	2.0298e-01	2.5719e-06	2.7364e-11	5.3354e-03	9.7330e-01	2.1369e-02	1.1755e-36	3.5524e-01	6.4452e-01	2.4205e-04	1.1755e-36	1.1755e-36	1.1755e-36	2.6141e-18	0.00e+00	0.00e+00	9.5795e+00
3.31919e+18	5.8930e+03	2.299e-22	1.0000e+01	7.0156e+00	2.5875e-08	3.1605e-01	6.8395e-01	8.0381e-01	1.9619e-01	2.4774e-06	3.0670e-11	5.2661e-03	9.7412e-01	2.0612e-02	1.1755e-36	3.6769e-01	6.3209e-01	2.2256e-04	1.1755e-36	1.1755e-36	1.1755e-36	3.1462e-18	0.00e+00	0.00e+00	9.7742e+00
3.32844e+18	5.8592e+03	2.250e-22	1.0000e+01	6.9072e+00	2.9135e-08	3.2738e-01	6.7262e-01	8.1002e-01	1.8998e-01	2.3902e-06	3.4315e-11	5.2044e-03	9.7489e-01	1.9910e-02	1.1755e-36	3.7992e-01	6.1987e-01	2.0554e-04	1.1755e-36	1.1755e-36	1.1755e-36	3.7886e-18	0.00e+00	0.00e+00	9.9551e+00
3.33673e+18	5.8353e+03	2.200e-22	1.0000e+01	6.7940e+00	3.2108e-08	3.3728e-01	6.6272e-01	8.1514e-01	1.8486e-01	2.3246e-06	3.7687e-11	5.1356e-03	9.7552e-01	1.9344e-02	1.1755e-36	3.9056e-01	6.0925e-01	1.9158e-04	1.1755e-36	1.1755e-36	1.1755e-36	4.4268e-18	0.00e+00	0.00e+00	1.0122e+01
3.34487e+18	5.8014e+03	2.152e-22	1.0000e+01	6.6849e+00	3.5823e-08	3.4779e-01	6.5221e-01	8.2043e-01	1.7956e-01	2.2537e-06	4.1709e-11	5.0706e-03	9.7618e-01	1.8752e-02	1.1755e-36	4.0181e-01	5.9801e-01	1.7823e-04	1.1755e-36	1.1755e-36	1.1755e-36	5.2548e-18	0.00e+00	0.00e+00	1.0307e+01
3.35317e+18	5.7655e+03	2.103e-22	1.0000e+01	6.5758e+00	4.0188e-08	3.5904e-01	6.4096e-01	8.2568e-01	1.7432e-01	2.1837e-06	4.6454e-11	5.0051e-03	9.7684e-01	1.8159e-02	1.1755e-36	4.1379e-01	5.8605e-01	1.6532e-04	1.1755e-36	1.1755e-36	1.1755e-36	6.3192e-18	0.00e+00	0.00e+00	1.0492e+01
3.36100e+18	5.7321e+03	2.054e-22	1.0000e+01	6.4636e+00	4.4736e-08	3.6972e-01	6.3028e-01	8.3035e-01	1.6965e-01	2.1250e-06	5.1351e-11	4.9356e-03	9.7743e-01	1.7635e-02	1.1755e-36	4.2510e-01	5.7475e-01	1.5401e-04	1.1755e-36	1.1755e-36	1.1755e-36	7.5163e-18	0.00e+00	0.00e+00	1.0667e+01
3.36844e+18	5.6973e+03	2.005e-22	1.0000e+01	6.3537e+00	4.9747e-08	3.8022e-01	6.1978e-01	8.3475e-01	1.6525e-01	2.0700e-06	5.6675e-11	4.8671e-03	9.7799e-01	1.7139e-02	1.1755e-36	4.3617e-01	5.6368e-01	1.4378e-04	1.1755e-36	1.1755e-36	1.1755e-36	8.9330e-18	0.00e+00	0.00e+00	1.0844e+01
3.37579e+18	5.6620e+03	1.956e-22	1.0000e+01	6.2432e+00	5.5345e-08	3.9090e-01	6.0910e-01	8.3900e-01	1.6099e-01	2.0177e-06	6.2628e-11	4.7974e-03	9.7855e-01	1.6657e-02	1.1755e-36	4.4737e-01	5.5249e-01	1.3419e-04	1.1755e-36	1.1755e-36	1.1755e-36	1.0656e-17	0.00e+00	0.00e+00	1.1025e+01
3.38308e+18	5.6231e+03	1.906e-22	1.0000e+01	6.1276e+00	6.1782e-08	4.0170e-01	5.9830e-01	8.4311e-01	1.5689e-01	1.9686e-06	6.9312e-11	4.7239e-03	9.7908e-01	1.6196e-02	1.1755e-36	4.5865e-01	5.4122e-01	1.2525e-04	1.1755e-36	1.1755e-36	1.1755e-36	1.2777e-17	0.00e+00	0.00e+00	1.1209e+01
3.39018e+18	5.5797e+03	1.859e-22	1.0000e+01	6.0184e+00	6.9372e-08	4.1287e-01	5.8713e-01	8.4712e-01	1.5288e-01	1.9190e-06	7.7135e-11	4.6547e-03	9.7961e-01	1.5735e-02	1.1755e-36	4.7026e-01	5.2963e-01	1.1688e-04	1.1755e-36	1.1755e-36	1.1755e-36	1.5507e-17	0.00e+00	0.00e+00	1.1390e+01
3.39683e+18	5.5400e+03	1.811e-22	1.0000e+01	5.9084e+00	7.7161e-08	4.2328e-01	5.7672e-01	8.5063e-01	1.4937e-01	1.8787e-06	8.5138e-11	4.5835e-03	9.8008e-01	1.5333e-02	1.1755e-36	4.8102e-01	5.1887e-01	1.0957e-04	1.1755e-36	1.1755e-36	1.1755e-36	1.8571e-17	0.00e+00	0.00e+00	1.1560e+01
3.40315e+18	5.5048e+03	1.765e-22	1.0000e+01	5.7996e+00	8.5110e-08	4.3316e-01	5.6684e-01	8.5394e-01	1.4606e-01	1.8421e-06	9.3442e-11	4.5119e-03	9.8052e-01	1.4964e-02	1.1755e-36	4.9119e-01	5.0871e-01	1.0301e-04	1.1755e-36	1.1755e-36	1.1755e-36	2.2015e-17	0.00e+00	0.00e+00	1.1732e+01
3.40967e+18	5.4590e+03	1.718e-22	1.0000e+01	5.6886e+00	9.5362e-08	4.4396e-01	5.5604e-01	8.5733e-01	1.4267e-01	1.8033e-06	1.0386e-10	4.4397e-03	9.8099e-01	1.4567e-02	1.1755e-36	5.0225e-01	4.9765e-01	9.6464e-05	1.1755e-36	1.1755e-36	1.1755e-36	2.6790e-17	0.00e+00	0.00e+00	1.1921e+01
3.41618e+18	5.4098e+03	1.671e-22	1.0000e+01	5.5771e+00	1.0735e-07	4.5505e-01	5.4495e-01	8.6061e-01	1.3938e-01	1.7657e-06	1.1602e-10	4.3671e-03	9.8145e-01	1.4181e-02	1.1755e-36	5.1357e-01	4.8634e-01	9.0294e-05	1.1755e-36	1.1755e-36	1.1755e-36	3.2959e-17	0.00e+00	0.00e+00	1.2101e+01
3.42212e+18	5.3640e+03	1.628e-22	1.0000e+01	5.4753e+00	1.1983e-07	4.6541e-01	5.3459e-01	8.6355e-01	1.3645e-01	1.7325e-06	1.2883e-10	4.3000e-03	9.8186e-01	1.3836e-02	1.1755e-36	5.2409e-01	4.7583e-01	8.4929e-05	1.1755e-36	1.1755e-36	1.1755e-36	4.0126e-17	0.00e+00	0.00e+00	1.2266e+01
3.42762e+18	5.3283e+03	1.585e-22	1.0000e+01	5.3734e+00	1.3137e-07	4.7459e-01	5.2541e-01	8.6605e-01	1.3395e-01	1.7082e-06	1.4099e-10	4.2311e-03	9.8222e-01	1.3544e-02	1.1755e-36	5.3336e-01	4.6656e-01	8.0314e-05	1.1755e-36	1.1755e-36	1.1755e-36	4.7525e-17	0.00e+00	0.00e+00	1.2428e+01
3.43338e+18	5.2769e+03	1.542e-22	1.0000e+01	5.2680e+00	1.4740e-07	4.8496e-01	5.1504e-01	8.6889e-01	1.3111e-01	1.6765e-06	1.5738e-10	4.1614e-03	9.8263e-01	1.3210e-02	1.1755e-36	5.4379e-01	4.5614e-01	7.5555e-05	1.1755e-36	1.1755e-36	1.1755e-36	5.8555e-17	0.00e+00	0.00e+00	1.2616e+01
3.43927e+18	5.2268e+03	1.498e-22	1.0000e+01	5.1597e+00	1.6529e-07	4.9554e-01	5.0446e-01	8.7157e-01	1.2843e-01	1.6485e-06	1.7609e-10	4.0889e-03	9.8302e-01	1.2891e-02	1.1755e-36	5.5439e-01	4.4554e-01	7.1011e-05	1.1755e-36	1.1755e-36	1.1755e-36	7.2494e-17	0.00e+00	0.00e+00	1.2792e+01
3.44470e+18	5.1738e+03	1.457e-22	1.0000e+01	5.0588e+00	1.8534e-07	5.0564e-01	4.9436e-01	8.7405e-01	1.2595e-01	1.6219e-06	1.9699e-10	4.0219e-03	9.8338e-01	1.2595e-02	1.1755e-36	5.6446e-01	4.3547e-01	6.6997e-05	1.1755e-36	1.1755e-36	1.1755e-36	8.9822e-17	0.00e+00	0.00e+00	1.2959e+01
3.44972e+18	5.1302e+03	1.419e-22	1.0000e+01	4.9636e+00	2.0453e-07	5.1476e-01	4.8524e-01	8.7619e-01	1.2381e-01	1.6012e-06	2.1766e-10	3.9571e-03	9.8371e-01	1.2338e-02	1.1755e-36	5.7352e-01	4.2642e-01	6.3502e-05	1.1755e-36	1.1755e-36	1.1755e-36	1.0864e-16	0.00e+00	0.00e+00	1.3115e+01
3.45470e+18	5.0767e+03	1.381e-22	1.0000e+01	4.8679e+00	2.2855e-07	5.2425e-01	4.7575e-01	8.7844e-01	1.2156e-01	1.5773e-06	2.4326e-10	3.8932e-03	9.8404e-01	1.2068e-02	1.1755e-36	5.8291e-01	4.1703e-01	6.0125e-05	1.1755e-36	1.1755e-36	1.1755e-36	1.3443e-16	0.00e+00	0.00e+00	1.3285e+01
3.45971e+18	5.0237e+03	1.344e-22	1.0000e+01	4.7741e+00	2.5545e-07	5.3395e-01	4.6605e-01	8.8063e-01	1.1937e-01	1.5541e-06	2.7279e-10	3.8301e-03	9.8437e-01	1.1803e-02	1.1755e-36	5.9246e-01	4.0748e-01	5.6873e-05	1.1755e-36	1.1755e-36	1.1755e-36	1.6735e-16	0.00e+00	0.00e+00	1.3450e+01
3.46447e+18	4.9730e+03	1.308e-22	1.0000e+01	4.6804e+00	2.8358e-07	5.4303e-01	4.5697e-01	8.8258e-01	1.1742e-01	1.5352e-06	3.0098e-10	3.7666e-03	9.8467e-01	1.1561e-02	1.1755e-36	6.0136e-01	3.9858e-01	5.3968e-05	1.1755e-36	1.1755e-36	1.1755e-36	2.0222e-16	0.00e+00	0.00e+00	1.3609e+01
3.46913e+18	4.9225e+03	1.272e-22	1.0000e+01	4.5889e+00	3.1433e-07	5.5199e-01	4.4801e-01	8.8449e-01	1.1551e-01	1.5168e-06	3.2889e-10	3.7045e-03	9.8498e-01	1.1319e-02	1.1755e-36	6.1012e-01	3.8983e-01	5.1234e-05	1.1755e-36	1.1755e-36	1.1755e-36	2.4011e-16	0.00e+00	0.00e+00	1.3772e+01
3.47386e+18	4.8667e+03	1.236e-22	1.0000e+01	4.4941e+00	3.5064e-07	5.6121e-01	4.3879e-01	8.8642e-01	1.1358e-01	1.4981e-06	3.6075e-10	3.6404e-03	9.8528e-01	1.1075e-02	1.1755e-36	6.1909e-01	3.8087e-01	4.8585e-05	1.1755e-36	1.1755e-36	1.1755e-36	2.8749e-16	0.00e+00	0.00e+00	1.3942e+01
3.47857e+18	4.8119e+03	1.201e-22	1.0000e+01	4.3996e+00	3.9024e-07	5.7032e-01	4.2968e-01	8.8826e-01	1.1174e-01	1.4811e-06	3.9519e-10	3.5760e-03	9.8558e-01	1.0841e-02	1.1755e-36	6.2793e-01	3.7203e-01	4.6084e-05	1.1755e-36	1.1755e-36	1.1755e-36	3.4346e-16	0.00e+00	0.00e+00	1.4108e+01
3.48315e+18	4.7538e+03	1.167e-22	1.0000e+01	4.3072e+00	4.3538e-07	5.7939e-01	4.2061e-01	8.9005e-01	1.0995e-01	1.4641e-06	4.3324e-10	3.5133e-03	9.8588e-01	1.0610e-02	1.1755e-36	6.3669e-01	3.6326e-01	4.3738e-05	1.1755e-36	1.1755e-36	1.1755e-36	4.1123e-16	0.00e+00	0.00e+00	1.4275e+01
3.48762e+18	4.6956e+03	1.133e-22	1.0000e+01	4.2169e+00	4.8480e-07	5.8829e-01	4.1171e-01	8.9175e-01	1.0825e-01	1.4481e-06	4.7411e-10	3.4522e-03	9.8616e-01	1.0388e-02	1.1755e-36	6.4525e-01	3.5471e-01	4.1553e-05	1.1755e-36	1.1755e-36	1.1755e-36	4.9086e-16	0.00e+00	0.00e+00	1.4438e+01
3.49197e+18	4.6371e+03	1.101e-22	1.0000e+01	4.1287e+00	5.3875e-07	5.9699e-01	4.0301e-01	8.9339e-01	1.0661e-01	1.4329e-06	5.1776e-10	3.3925e-03	9.8643e-01	1.0174e-02	1.1755e-36	6.5359e-01	3.4637e-01	3.9516e-05	1.1755e-36	1.1755e-36	1.1755e-36	5.8368e-16	0.00e+00	0.00e+00	1.4600e+01
3.49627e+18	4.5774e+03	1.070e-22	1.0000e+01	4.0411e+00	5.9837e-07	6.0564e-01	3.9436e-01	8.9499e-01	1.0501e-01	1.4180e-06	5.6495e-10	3.3332e-03	9.8670e-01	9.9644e-03	1.1755e-36	6.6185e-01	3.3811e-01	3.7584e-05	1.1755e-36	1.1755e-36	1.1755e-36	6.9307e-16	0.00e+00	0.00e+00	1.4765e+01
3.50058e+18	4.5160e+03	1.039e-22	1.0000e+01	3.9533e+00	6.6468e-07	6.1432e-01	3.8567e-01	8.9657e-01	1.0343e-01	1.4034e-06	6.1624e-10	3.2739e-03	9.8697e-01	9.7564e-03	1.1755e-36	6.7012e-01	3.2984e-01	3.5731e-05	1.1755e-36	1.1755e-36	1.1755e-36	8.2256e-16	0.00e+00	0.00e+00	1.4932e+01
3.50490e+18	4.4480e+03	1.008e-22	1.0000e+01	3.8638e+00	7.4189e-07	6.2317e-01	3.7683e-01	8.9817e-01	1.0183e-01	1.3882e-06	6.7310e-10	3.2143e-03	9.8724e-01	9.5462e-03	1.1755e-36	6.7852e-01	3.2145e-01	3.3950e-05	1.1755e-36	1.1755e-36	1.1755e-36	9.7964e-16	0.00e+00	0.00e+00	1.5102e+01
3.50915e+18	4.3835e+03	9.776e-23	1.0000e+01	3.7768e+00	8.2179e-07	6.3175e-01	3.6825e-01	8.9965e-01	1.0035e-01	1.3748e-06	7.3133e-10	3.1558e-03	9.8750e-01	9.3478e-03	1.1755e-36	6.8663e-01	3.1334e-01	3.2287e-05	1.1755e-36	1.1755e-36	1.1755e-36	1.1541e-15	0.00e+00	0.00e+00	1.5268e+01
3.51336e+18	4.3166e+03	9.480e-23	1.0000e+01	3.6903e+00	9.0940e-07	6.4036e-01	3.5964e-01	9.0115e-01	9.8850e-02	1.3610e-06	7.9317e-10	3.0981e-03	9.8775e-01	9.1489e-03	1.1755e-36	6.9473e-01	3.0524e-01	3.0693e-05	1.1755e-36	1.1755e-36	1.1755e-36	1.3548e-15	0.00e+00	0.00e+00	1.5441e+01
3.51772e+18	4.2504e+03	9.172e-23	1.0000e+01	3.5985e+00	1.0009e-06	6.4890e-01	3.5110e-01	9.0255e-01	9.7448e-02	1.3505e-06	8.5624e-10	3.0357e-03	9.8801e-01	8.9573e-03	1.1755e-36	7.0275e-01	2.9722e-01	2.9151e-05	1.1755e-36	1.1755e-36	1.1755e-36	1.5756e-15	0.00e+00	0.00e+00	1.5623e+01
3.52237e+18	4.1685e+03	8.854e-23	1.0000e+01	3.5020e+00	1.1163e-06	6.5847e-01	3.4152e-01	9.0419e-01	9.5805e-02	1.3348e-06	9.3037e-10	2.9724e-03	9.8829e-01	8.7389e-03	1.1755e-36	7.1171e-01	2.8826e-01	2.7543e-05	1.1755e-36	1.1755e-36	1.1755e-36	1.8569e-15	0.00e+00	0.00e+00	1.5825e+01
3.52714e+18	4.0926e+03	8.531e-23	1.0000e+01	3.4043e+00	1.2298e-06	6.6793e-01	3.3207e-01	9.0570e-01	9.4303e-02	1.3230e-06	1.0031e-09	2.9069e-03	9.8856e-01	8.5336e-03	1.1755e-36	7.2050e-01	2.7947e-01	2.6002e-05	1.1755e-36	1.1755e-36	1.1755e-36	2.1529e-15	0.00e+00	0.00e+00	1.6023e+01
3.53203e+18	4.0030e+03	8.209e-23	1.0000e+01	3.3057e+00	1.3631e-06	6.7810e-01	3.2190e-01	9.0741e-01	9.2588e-02	1.3057e-06	1.0815e-09	2.8435e-03	9.8885e-01	8.3072e-03	1.1755e-36	7.2994e-01	2.7004e-01	2.4456e-05	1.1755e-36	1.1755e-36	1.1755e-36	2.4956e-15	0.00e+00	0.00e+00	1.6240e+01
3.53718e+18	3.9092e+03	7.874e-23	1.0000e+01	3.1999e+00	1.5001e-06	6.8851e-01	3.1149e-01	9.0906e-01	9.0937e-02	1.2913e-06	1.1561e-09	2.7750e-03	9.8914e-01	8.0845e-03	1.1755e-36	7.3956e-01	2.6042e-01	2.2941e-05	1.1755e-36	1.1755e-36	1.1755e-36	2.8432e-15	0.00e+00	0.00e+00	1.6467e+01
