#depth	Te	Htot	hden	eden	2H_2/H	HI	HII	HeI	HeII	HeIII	CO/C	C1	C2	C3	C4	O1	O2	O3	O4	O5	O6	H2O/O	AV(point)	AV(extend)	Tau912
1.93691e+14	6.8103e+03	2.440e-21	2.7826e+01	3.0012e+01	4.3047e-13	5.7937e-03	9.9421e-01	3.0916e-02	9.6807e-01	1.0147e-03	6.0875e-16	6.2085e-04	3.7174e-01	6.2742e-01	2.1782e-04	5.0717e-03	7.7006e-01	2.2482e-01	5.1599e-05	1.1755e-36	1.1755e-36	3.6492e-24	0.00e+00	0.00e+00	3.9433e-04
1.16215e+15	6.8065e+03	2.438e-21	2.7826e+01	3.0005e+01	4.3131e-13	5.7909e-03	9.9421e-01	3.0920e-02	9.6807e-01	1.0137e-03	6.0795e-16	6.1973e-04	3.7177e-01	6.2739e-01	2.1826e-04	5.0690e-03	7.7000e-01	2.2488e-01	5.1443e-05	1.1755e-36	1.1755e-36	3.6403e-24	0.00e+00	0.00e+00	1.9709e-03
5.03598e+15	6.7970e+03	2.434e-21	2.7826e+01	3.0003e+01	4.3436e-13	5.7902e-03	9.9421e-01	3.0967e-02	9.6803e-01	1.0061e-03	6.0848e-16	6.1892e-04	3.7216e-01	6.2701e-01	2.1755e-04	5.0712e-03	7.7026e-01	2.2462e-01	5.0640e-05	1.1755e-36	1.1755e-36	3.6355e-24	0.00e+00	0.00e+00	8.2763e-03
2.05313e+16	6.7787e+03	2.420e-21	2.7826e+01	3.0001e+01	4.4158e-13	5.7969e-03	9.9420e-01	3.1157e-02	9.6787e-01	9.7004e-04	6.1301e-16	6.2024e-04	3.7368e-01	6.2548e-01	2.1451e-04	5.0904e-03	7.7157e-01	2.2329e-01	4.7460e-05	1.1755e-36	1.1755e-36	3.6424e-24	0.00e+00	0.00e+00	3.3527e-02
4.90427e+16	6.6975e+03	2.374e-21	2.7826e+01	3.0002e+01	4.5802e-13	5.7268e-03	9.9427e-01	3.1302e-02	9.6776e-01	9.4088e-04	5.9906e-16	6.1616e-04	3.7512e-01	6.2406e-01	2.1123e-04	5.0423e-03	7.7244e-01	2.2248e-01	4.3702e-05	1.1755e-36	1.1755e-36	3.4672e-24	0.00e+00	0.00e+00	6.5957e-02
8.61075e+16	6.6167e+03	2.331e-21	2.7826e+01	3.0003e+01	4.7986e-13	5.6847e-03	9.9432e-01	3.1581e-02	9.6754e-01	8.7892e-04	5.9311e-16	6.1673e-04	3.7756e-01	6.2162e-01	2.0571e-04	5.0274e-03	7.7440e-01	2.2054e-01	3.8811e-05	1.1755e-36	1.1755e-36	3.3488e-24	0.00e+00	0.00e+00	1.0780e-01
1.34292e+17	6.5322e+03	2.287e-21	2.7826e+01	3.0002e+01	5.0956e-13	5.6681e-03	9.9433e-01	3.2029e-02	9.6718e-01	7.8641e-04	5.9476e-16	6.2129e-04	3.8125e-01	6.1793e-01	1.9790e-04	5.0457e-03	7.7761e-01	2.1731e-01	3.2933e-05	1.1755e-36	1.1755e-36	3.2765e-24	0.00e+00	0.00e+00	1.6205e-01
1.96931e+17	6.4429e+03	2.243e-21	2.7826e+01	3.0000e+01	5.5055e-13	5.6846e-03	9.9432e-01	3.2706e-02	9.6663e-01	6.6584e-04	6.0645e-16	6.3074e-04	3.8662e-01	6.1256e-01	1.8762e-04	5.1068e-03	7.8243e-01	2.1244e-01	2.6329e-05	1.1755e-36	1.1755e-36	3.2606e-24	0.00e+00	0.00e+00	2.3277e-01
2.78363e+17	6.3497e+03	2.198e-21	2.7826e+01	2.9995e+01	6.0820e-13	5.7486e-03	9.9425e-01	3.3716e-02	9.6576e-01	5.2485e-04	6.3316e-16	6.4707e-04	3.9434e-01	6.0484e-01	1.7479e-04	5.2291e-03	7.8931e-01	2.0544e-01	1.9460e-05	1.1755e-36	1.1755e-36	3.3273e-24	0.00e+00	0.00e+00	3.2575e-01
3.84223e+17	6.2564e+03	2.155e-21	2.7826e+01	2.9987e+01	6.9006e-13	5.8842e-03	9.9412e-01	3.5235e-02	9.6439e-01	3.7763e-04	6.8353e-16	6.7376e-04	4.0544e-01	5.9373e-01	1.5948e-04	5.4417e-03	7.9886e-01	1.9568e-01	1.2970e-05	1.1755e-36	1.1755e-36	3.5213e-24	0.00e+00	0.00e+00	4.4947e-01
5.21842e+17	6.1684e+03	2.117e-21	2.7826e+01	2.9976e+01	8.1091e-13	6.1338e-03	9.9387e-01	3.7577e-02	9.6218e-01	2.4225e-04	7.7585e-16	7.1666e-04	4.2155e-01	5.7760e-01	1.4176e-04	5.7968e-03	8.1185e-01	1.8235e-01	7.5410e-06	1.1755e-36	1.1755e-36	3.9460e-24	0.00e+00	0.00e+00	6.1713e-01
7.00747e+17	6.0932e+03	2.088e-21	2.7826e+01	2.9956e+01	1.0005e-12	6.5755e-03	9.9342e-01	4.1310e-02	9.5856e-01	1.3482e-04	9.5014e-16	7.8572e-04	4.4530e-01	5.5380e-01	1.2152e-04	6.3910e-03	8.2926e-01	1.6435e-01	3.6569e-06	1.1755e-36	1.1755e-36	4.8373e-24	0.00e+00	0.00e+00	8.5078e-01
9.31072e+17	6.0422e+03	2.074e-21	2.7826e+01	2.9922e+01	1.3214e-12	7.3571e-03	9.9264e-01	4.7586e-02	9.5235e-01	6.3480e-05	1.3033e-15	8.9890e-04	4.8087e-01	5.1814e-01	9.8449e-05	7.4098e-03	8.5208e-01	1.4051e-01	1.3999e-06	1.1755e-36	1.1755e-36	6.8033e-24	0.00e+00	0.00e+00	1.1848e+00
1.14840e+18	6.0269e+03	2.077e-21	2.7826e+01	2.9874e+01	1.7101e-12	8.2960e-03	9.9170e-01	5.5184e-02	9.4478e-01	3.0966e-05	1.7960e-15	1.0262e-03	5.1827e-01	4.8062e-01	7.9604e-05	8.6211e-03	8.7256e-01	1.1882e-01	5.5666e-07	1.1755e-36	1.1755e-36	9.7509e-24	0.00e+00	0.00e+00	1.4417e+00
1.29791e+18	6.0512e+03	2.096e-21	2.7826e+01	2.9829e+01	2.0716e-12	9.2086e-03	9.9079e-01	6.2489e-02	9.3749e-01	1.9233e-05	2.3665e-15	1.1400e-03	5.4926e-01	4.4953e-01	6.6889e-05	9.7824e-03	8.8721e-01	1.0300e-01	2.8654e-07	1.1755e-36	1.1755e-36	1.3480e-23	0.00e+00	0.00e+00	1.6404e+00
1.41332e+18	6.0801e+03	2.121e-21	2.7826e+01	2.9788e+01	2.4576e-12	1.0125e-02	9.8988e-01	6.9909e-02	9.3008e-01	1.3373e-05	3.0420e-15	1.2464e-03	5.7679e-01	4.2191e-01	5.7076e-05	1.0944e-02	8.9872e-01	9.0332e-02	1.6628e-07	1.1755e-36	1.1755e-36	1.8211e-23	0.00e+00	0.00e+00	1.8326e+00
1.53758e+18	6.1130e+03	2.154e-21	2.7826e+01	2.9727e+01	3.0471e-12	1.1379e-02	9.8862e-01	8.0321e-02	9.1967e-01	8.9992e-06	4.1446e-15	1.3822e-03	6.1028e-01	3.8829e-01	4.6608e-05	1.2535e-02	9.1103e-01	7.6437e-02	1.1755e-36	1.1755e-36	1.1755e-36	2.6452e-23	0.00e+00	0.00e+00	2.1134e+00
1.66582e+18	6.1624e+03	2.197e-21	2.7826e+01	2.9644e+01	3.8475e-12	1.3001e-02	9.8700e-01	9.4186e-02	9.0581e-01	6.0419e-06	5.8454e-15	1.5393e-03	6.4746e-01	3.5097e-01	3.6744e-05	1.4587e-02	9.2263e-01	6.2786e-02	1.1755e-36	1.1755e-36	1.1755e-36	4.0354e-23	0.00e+00	0.00e+00	2.3784e+00
1.76834e+18	6.2097e+03	2.240e-21	2.7826e+01	2.9560e+01	4.7658e-12	1.4696e-02	9.8530e-01	1.0930e-01	8.9070e-01	4.4059e-06	7.9971e-15	1.6853e-03	6.8069e-01	3.1760e-01	2.9230e-05	1.6730e-02	9.3125e-01	5.2025e-02	1.1755e-36	1.1755e-36	1.1755e-36	5.9569e-23	0.00e+00	0.00e+00	2.6084e+00
1.85248e+18	6.2591e+03	2.280e-21	2.7826e+01	2.9497e+01	5.7815e-12	1.6445e-02	9.8356e-01	1.2576e-01	8.7423e-01	3.3998e-06	1.0671e-14	1.8196e-03	7.1033e-01	2.8783e-01	2.3417e-05	1.8937e-02	9.3764e-01	4.3423e-02	1.1755e-36	1.1755e-36	1.1755e-36	8.5600e-23	0.00e+00	0.00e+00	2.8373e+00
1.93156e+18	6.2845e+03	2.321e-21	2.7826e+01	2.9371e+01	7.2365e-12	1.8502e-02	9.8150e-01	1.4565e-01	8.5434e-01	2.6301e-06	1.4354e-14	1.9586e-03	7.4009e-01	2.5794e-01	1.8348e-05	2.1530e-02	9.4275e-01	3.5723e-02	1.1755e-36	1.1755e-36	1.1755e-36	1.2381e-22	0.00e+00	0.00e+00	3.0938e+00
2.00843e+18	6.3340e+03	2.364e-21	2.7826e+01	2.9280e+01	9.0394e-12	2.0976e-02	9.7902e-01	1.7108e-01	8.2892e-01	2.0530e-06	1.9751e-14	2.1026e-03	7.7021e-01	2.2767e-01	1.3950e-05	2.4645e-02	9.4666e-01	2.8699e-02	1.1755e-36	1.1755e-36	1.1755e-36	1.8567e-22	0.00e+00	0.00e+00	3.3697e+00
2.08145e+18	6.3573e+03	2.408e-21	2.7826e+01	2.9092e+01	1.1728e-11	2.3976e-02	9.7602e-01	2.0290e-01	7.9710e-01	1.5908e-06	2.7553e-14	2.2479e-03	8.0006e-01	1.9768e-01	1.0262e-05	2.8411e-02	9.4904e-01	2.2547e-02	1.1755e-36	1.1755e-36	1.1755e-36	2.8173e-22	0.00e+00	0.00e+00	3.6696e+00
2.14875e+18	6.3928e+03	2.452e-21	2.7826e+01	2.8949e+01	1.5231e-11	2.7527e-02	9.7247e-01	2.4254e-01	7.5746e-01	1.2479e-06	3.9030e-14	2.3912e-03	8.2828e-01	1.6932e-01	7.3475e-06	3.2854e-02	9.4978e-01	1.7368e-02	1.1755e-36	1.1755e-36	1.1755e-36	4.3784e-22	0.00e+00	0.00e+00	3.9763e+00
2.20721e+18	6.4234e+03	2.485e-21	2.7826e+01	2.8711e+01	1.9603e-11	3.1397e-02	9.6860e-01	2.8746e-01	7.1254e-01	9.9121e-07	5.4285e-14	2.5093e-03	8.5266e-01	1.4483e-01	5.2516e-06	3.7685e-02	9.4896e-01	1.3360e-02	1.1755e-36	1.1755e-36	1.1755e-36	6.6228e-22	0.00e+00	0.00e+00	4.2715e+00
2.25766e+18	6.4470e+03	2.515e-21	2.7826e+01	2.8512e+01	2.5172e-11	3.5650e-02	9.6435e-01	3.3771e-01	6.6229e-01	7.9612e-07	7.5020e-14	2.6160e-03	8.7358e-01	1.2380e-01	3.7446e-06	4.2975e-02	9.4675e-01	1.0274e-02	1.1755e-36	1.1755e-36	1.1755e-36	9.9307e-22	0.00e+00	0.00e+00	4.5682e+00
2.30289e+18	6.4667e+03	2.536e-21	2.7826e+01	2.8270e+01	3.2264e-11	4.0369e-02	9.5963e-01	3.9338e-01	6.0661e-01	6.3804e-07	1.0316e-13	2.7049e-03	8.9159e-01	1.0570e-01	2.6549e-06	4.8828e-02	9.4331e-01	7.8590e-03	1.1755e-36	1.1755e-36	1.1755e-36	1.4741e-21	0.00e+00	0.00e+00	4.8739e+00
2.34456e+18	6.4832e+03	2.550e-21	2.7826e+01	2.7987e+01	4.1548e-11	4.5733e-02	9.5427e-01	4.5476e-01	5.4524e-01	5.0621e-07	1.4242e-13	2.7791e-03	9.0723e-01	8.9990e-02	1.8608e-06	5.5458e-02	9.3860e-01	5.9463e-03	1.1755e-36	1.1755e-36	1.1755e-36	2.1921e-21	0.00e+00	0.00e+00	5.1972e+00
2.38359e+18	6.4961e+03	2.556e-21	2.7826e+01	2.7671e+01	5.4085e-11	5.1976e-02	9.4802e-01	5.2127e-01	4.7873e-01	3.9485e-07	1.9880e-13	2.8404e-03	9.2079e-01	7.6371e-02	1.2842e-06	6.3146e-02	9.3242e-01	4.4317e-03	1.1755e-36	1.1755e-36	1.1755e-36	3.2970e-21	0.00e+00	0.00e+00	5.5427e+00
2.42028e+18	6.5080e+03	2.549e-21	2.7826e+01	2.7246e+01	7.0703e-11	5.9139e-02	9.4086e-01	5.8965e-01	4.1035e-01	3.0209e-07	2.7786e-13	2.8790e-03	9.3217e-01	6.4951e-02	8.7929e-07	7.1935e-02	9.2480e-01	3.2617e-03	1.1755e-36	1.1755e-36	1.1755e-36	4.9510e-21	0.00e+00	0.00e+00	5.9121e+00
2.45528e+18	6.5125e+03	2.538e-21	2.7826e+01	2.6836e+01	9.4643e-11	6.7840e-02	9.3216e-01	6.5864e-01	3.4136e-01	2.2570e-07	3.9680e-13	2.9115e-03	9.4196e-01	5.5131e-02	5.9036e-07	8.2559e-02	9.1509e-01	2.3532e-03	1.1755e-36	1.1755e-36	1.1755e-36	7.6679e-21	0.00e+00	0.00e+00	6.3226e+00
2.48897e+18	6.5129e+03	2.521e-21	2.7826e+01	2.6388e+01	1.2965e-10	7.8531e-02	9.2147e-01	7.2446e-01	2.7554e-01	1.6468e-07	5.7721e-13	2.9317e-03	9.5024e-01	4.6830e-02	3.8949e-07	9.5545e-02	9.0279e-01	1.6620e-03	1.1755e-36	1.1755e-36	1.1755e-36	1.2246e-20	0.00e+00	0.00e+00	6.7772e+00
2.52114e+18	6.5100e+03	2.493e-21	2.7826e+01	2.5888e+01	1.8154e-10	9.1706e-02	9.0829e-01	7.8299e-01	2.1701e-01	1.1816e-07	8.5118e-13	2.9377e-03	9.5713e-01	3.9934e-02	2.5393e-07	1.1145e-01	8.8740e-01	1.1530e-03	1.1755e-36	1.1755e-36	1.1755e-36	2.0152e-20	0.00e+00	0.00e+00	7.2831e+00
2.55184e+18	6.5003e+03	2.452e-21	2.7826e+01	2.5325e+01	2.6128e-10	1.0815e-01	8.9185e-01	8.3218e-01	1.6782e-01	8.3942e-08	1.2728e-12	2.9288e-03	9.6290e-01	3.4176e-02	1.6368e-07	1.3116e-01	8.6806e-01	7.8608e-04	1.1755e-36	1.1755e-36	1.1755e-36	3.4342e-20	0.00e+00	0.00e+00	7.8532e+00
2.58104e+18	6.4868e+03	2.387e-21	2.7826e+01	2.4587e+01	3.8416e-10	1.2843e-01	8.7157e-01	8.7141e-01	1.2859e-01	5.9614e-08	1.9110e-12	2.8914e-03	9.6768e-01	2.9425e-02	1.1755e-36	1.5523e-01	8.4424e-01	5.2895e-04	1.1755e-36	1.1755e-36	1.1755e-36	5.9830e-20	0.00e+00	0.00e+00	8.4939e+00
2.60862e+18	6.4538e+03	2.306e-21	2.7826e+01	2.3794e+01	5.9195e-10	1.5433e-01	8.4567e-01	9.0166e-01	9.8339e-02	4.2802e-08	2.9400e-12	2.8418e-03	9.7188e-01	2.5280e-02	1.1755e-36	1.8566e-01	8.1399e-01	3.4996e-04	1.1755e-36	1.1755e-36	1.1755e-36	1.1030e-19	0.00e+00	0.00e+00	9.2199e+00
2.63400e+18	6.4015e+03	2.198e-21	2.7826e+01	2.2845e+01	9.4166e-10	1.8641e-01	8.1359e-01	9.2387e-01	7.6127e-02	3.1549e-08	4.5472e-12	2.7671e-03	9.7548e-01	2.1748e-02	1.1755e-36	2.2282e-01	7.7695e-01	2.3027e-04	1.1755e-36	1.1755e-36	1.1755e-36	2.0862e-19	0.00e+00	0.00e+00	1.0005e+01
2.65628e+18	6.3252e+03	2.065e-21	2.7826e+01	2.1760e+01	1.5235e-09	2.2406e-01	7.7594e-01	9.3937e-01	6.0630e-02	2.4318e-08	6.9469e-12	2.6690e-03	9.7853e-01	1.8802e-02	1.1755e-36	2.6573e-01	7.3412e-01	1.5342e-04	1.1755e-36	1.1755e-36	1.1755e-36	3.9390e-19	0.00e+00	0.00e+00	1.0816e+01
2.67485e+18	6.2273e+03	1.918e-21	2.7826e+01	2.0607e+01	2.4443e-09	2.6494e-01	7.3506e-01	9.4980e-01	5.0202e-02	1.9793e-08	1.0261e-11	2.5555e-03	9.8101e-01	1.6435e-02	1.1755e-36	3.1148e-01	6.8842e-01	1.0574e-04	1.1755e-36	1.1755e-36	1.1755e-36	7.1746e-19	0.00e+00	0.00e+00	1.1585e+01
2.68901e+18	6.1209e+03	1.777e-21	2.7826e+01	1.9503e+01	3.7157e-09	3.0368e-01	6.9632e-01	9.5630e-01	4.3704e-02	1.7178e-08	1.4169e-11	2.4409e-03	9.8286e-01	1.4696e-02	1.1755e-36	3.5403e-01	6.4589e-01	7.7728e-05	1.1755e-36	1.1755e-36	1.1755e-36	1.1926e-18	0.00e+00	0.00e+00	1.2215e+01
2.69909e+18	6.0222e+03	1.662e-21	2.7826e+01	1.8597e+01	5.1974e-09	3.3586e-01	6.6414e-01	9.6031e-01	3.9685e-02	1.5648e-08	1.8095e-11	2.3439e-03	9.8417e-01	1.3485e-02	1.1755e-36	3.8882e-01	6.1112e-01	6.1556e-05	1.1755e-36	1.1755e-36	1.1755e-36	1.7689e-18	0.00e+00	0.00e+00	1.2708e+01
2.70670e+18	5.9312e+03	1.566e-21	2.7826e+01	1.7846e+01	6.8531e-09	3.6265e-01	6.3735e-01	9.6308e-01	3.6921e-02	1.4631e-08	2.1919e-11	2.2621e-03	9.8516e-01	1.2580e-02	1.1755e-36	4.1739e-01	5.8256e-01	5.1197e-05	1.1755e-36	1.1755e-36	1.1755e-36	2.4260e-18	0.00e+00	0.00e+00	1.3145e+01
2.71338e+18	5.8374e+03	1.477e-21	2.7826e+01	1.7134e+01	8.9073e-09	3.8799e-01	6.1201e-01	9.6537e-01	3.4633e-02	1.3812e-08	2.6085e-11	2.1837e-03	9.8602e-01	1.1793e-02	1.1755e-36	4.4410e-01	5.5586e-01	4.3275e-05	1.1755e-36	1.1755e-36	1.1755e-36	3.2520e-18	0.00e+00	0.00e+00	1.3589e+01
2.71978e+18	5.7342e+03	1.387e-21	2.7826e+01	1.6406e+01	1.1672e-08	4.1391e-01	5.8609e-01	9.6739e-01	3.2607e-02	1.3116e-08	3.1005e-11	2.1027e-03	9.8684e-01	1.1056e-02	1.1755e-36	4.7111e-01	5.2886e-01	3.6661e-05	1.1755e-36	1.1755e-36	1.1755e-36	4.3848e-18	0.00e+00	0.00e+00	1.4045e+01
2.72423e+18	5.6575e+03	1.323e-21	2.7826e+01	1.5871e+01	1.4220e-08	4.3302e-01	5.6698e-01	9.6850e-01	3.1498e-02	1.2795e-08	3.5124e-11	2.0423e-03	9.8736e-01	1.0596e-02	1.1755e-36	4.9082e-01	5.0915e-01	3.2690e-05	1.1755e-36	1.1755e-36	1.1755e-36	5.4738e-18	0.00e+00	0.00e+00	1.4246e+01
2.72630e+18	5.6177e+03	1.293e-21	2.7826e+01	1.5619e+01	1.5673e-08	4.4217e-01	5.5783e-01	9.6903e-01	3.0968e-02	1.2634e-08	3.7292e-11	2.0139e-03	9.8761e-01	1.0376e-02	1.1755e-36	5.0020e-01	4.9977e-01	3.0956e-05	1.1755e-36	1.1755e-36	1.1755e-36	6.1003e-18	0.00e+00	0.00e+00	1.4361e+01
2.72783e+18	5.5859e+03	1.270e-21	2.7826e+01	1.5425e+01	1.6897e-08	4.4910e-01	5.5090e-01	9.6947e-01	3.0529e-02	1.2493e-08	3.9025e-11	1.9920e-03	9.8781e-01	1.0201e-02	1.1755e-36	5.0728e-01	4.9269e-01	2.9675e-05	1.1755e-36	1.1755e-36	1.1755e-36	6.6278e-18	0.00e+00	0.00e+00	1.4487e+01
2.72967e+18	5.5552e+03	1.241e-21	2.7826e+01	1.5188e+01	1.8323e-08	4.5719e-01	5.4281e-01	9.6996e-01	3.0038e-02	1.2351e-08	4.1098e-11	1.9647e-03	9.8804e-01	1.0000e-02	1.1755e-36	5.1550e-01	4.8447e-01	2.8205e-05	1.1755e-36	1.1755e-36	1.1755e-36	7.2869e-18	0.00e+00	0.00e+00	1.4653e+01
2.73203e+18	5.4943e+03	1.205e-21	2.7826e+01	1.4876e+01	2.0907e-08	4.6845e-01	5.3155e-01	9.7064e-01	2.9358e-02	1.2124e-08	4.4312e-11	1.9300e-03	9.8835e-01	9.7239e-03	1.1755e-36	5.2693e-01	4.7305e-01	2.6374e-05	1.1755e-36	1.1755e-36	1.1755e-36	8.3945e-18	0.00e+00	0.00e+00	1.4873e+01
2.73444e+18	5.4394e+03	1.168e-21	2.7826e+01	1.4560e+01	2.3713e-08	4.7978e-01	5.2022e-01	9.7123e-01	2.8773e-02	1.1955e-08	4.7777e-11	1.8942e-03	9.8864e-01	9.4683e-03	1.1755e-36	5.3837e-01	4.6161e-01	2.4669e-05	1.1755e-36	1.1755e-36	1.1755e-36	9.6861e-18	0.00e+00	0.00e+00	1.5054e+01
2.73643e+18	5.3864e+03	1.138e-21	2.7826e+01	1.4303e+01	2.6615e-08	4.8967e-01	5.1033e-01	9.7173e-01	2.8274e-02	1.1795e-08	5.1140e-11	1.8654e-03	9.8889e-01	9.2469e-03	1.1755e-36	5.4830e-01	4.5168e-01	2.3303e-05	1.1755e-36	1.1755e-36	1.1755e-36	1.1048e-17	0.00e+00	0.00e+00	1.5211e+01
2.73817e+18	5.3468e+03	1.111e-21	2.7826e+01	1.4062e+01	2.9174e-08	4.9797e-01	5.0203e-01	9.7212e-01	2.7876e-02	1.1695e-08	5.4061e-11	1.8377e-03	9.8909e-01	9.0683e-03	1.1755e-36	5.5659e-01	4.4338e-01	2.2183e-05	1.1755e-36	1.1755e-36	1.1755e-36	1.2312e-17	0.00e+00	0.00e+00	1.5357e+01
2.73996e+18	5.2940e+03	1.083e-21	2.7826e+01	1.3815e+01	3.2610e-08	5.0707e-01	4.9293e-01	9.7257e-01	2.7431e-02	1.1558e-08	5.7658e-11	1.8099e-03	9.8932e-01	8.8684e-03	1.1755e-36	5.6567e-01	4.3431e-01	2.1046e-05	1.1755e-36	1.1755e-36	1.1755e-36	1.3994e-17	0.00e+00	0.00e+00	1.5527e+01
2.74182e+18	5.2439e+03	1.054e-21	2.7826e+01	1.3556e+01	3.6382e-08	5.1633e-01	4.8367e-01	9.7298e-01	2.7017e-02	1.1448e-08	6.1557e-11	1.7803e-03	9.8954e-01	8.6749e-03	1.1755e-36	5.7486e-01	4.2512e-01	1.9943e-05	1.1755e-36	1.1755e-36	1.1755e-36	1.5954e-17	0.00e+00	0.00e+00	1.5690e+01
2.74359e+18	5.1948e+03	1.026e-21	2.7826e+01	1.3305e+01	4.0483e-08	5.2527e-01	4.7473e-01	9.7337e-01	2.6630e-02	1.1350e-08	6.5659e-11	1.7516e-03	9.8976e-01	8.4917e-03	1.1755e-36	5.8370e-01	4.1628e-01	1.8933e-05	1.1755e-36	1.1755e-36	1.1755e-36	1.8182e-17	0.00e+00	0.00e+00	1.5851e+01
2.74532e+18	5.1430e+03	9.987e-22	2.7826e+01	1.3056e+01	4.5193e-08	5.3414e-01	4.6586e-01	9.7374e-01	2.6255e-02	1.1253e-08	7.0154e-11	1.7232e-03	9.8996e-01	8.3129e-03	1.1755e-36	5.9244e-01	4.0754e-01	1.7988e-05	1.1755e-36	1.1755e-36	1.1755e-36	2.0828e-17	0.00e+00	0.00e+00	1.6013e+01
2.74701e+18	5.0916e+03	9.722e-22	2.7826e+01	1.2812e+01	5.0393e-08	5.4284e-01	4.5716e-01	9.7410e-01	2.5903e-02	1.1166e-08	7.4988e-11	1.6954e-03	9.9016e-01	8.1417e-03	1.1755e-36	6.0097e-01	3.9901e-01	1.7110e-05	1.1755e-36	1.1755e-36	1.1755e-36	2.3908e-17	0.00e+00	0.00e+00	1.6170e+01
2.74863e+18	5.0399e+03	9.468e-22	2.7826e+01	1.2575e+01	5.6165e-08	5.5131e-01	4.4869e-01	9.7443e-01	2.5569e-02	1.1086e-08	8.0197e-11	1.6683e-03	9.9035e-01	7.9777e-03	1.1755e-36	6.0926e-01	3.9073e-01	1.6297e-05	1.1755e-36	1.1755e-36	1.1755e-36	2.7507e-17	0.00e+00	0.00e+00	1.6325e+01
2.75021e+18	4.9883e+03	9.222e-22	2.7826e+01	1.2343e+01	6.2540e-08	5.5960e-01	4.4040e-01	9.7475e-01	2.5252e-02	1.1011e-08	8.5668e-11	1.6419e-03	9.9054e-01	7.8184e-03	1.1755e-36	6.1733e-01	3.8265e-01	1.5539e-05	1.1755e-36	1.1755e-36	1.1755e-36	3.1586e-17	0.00e+00	0.00e+00	1.6478e+01
2.75175e+18	4.9321e+03	8.983e-22	2.7826e+01	1.2110e+01	7.0003e-08	5.6784e-01	4.3216e-01	9.7506e-01	2.4939e-02	1.0936e-08	9.1065e-11	1.6157e-03	9.9073e-01	7.6569e-03	1.1755e-36	6.2532e-01	3.7466e-01	1.4830e-05	1.1755e-36	1.1755e-36	1.1755e-36	3.5917e-17	0.00e+00	0.00e+00	1.6630e+01
2.75323e+18	4.8780e+03	8.756e-22	2.7826e+01	1.1892e+01	7.8076e-08	5.7584e-01	4.2416e-01	9.7535e-01	2.4645e-02	1.0863e-08	9.6744e-11	1.5909e-03	9.9091e-01	7.5015e-03	1.1755e-36	6.3308e-01	3.6691e-01	1.4170e-05	1.1755e-36	1.1755e-36	1.1755e-36	4.0816e-17	0.00e+00	0.00e+00	1.6775e+01
2.75464e+18	4.8269e+03	8.539e-22	2.7826e+01	1.1679e+01	8.6578e-08	5.8337e-01	4.1663e-01	9.7562e-01	2.4382e-02	1.0808e-08	1.0245e-10	1.5667e-03	9.9108e-01	7.3581e-03	1.1755e-36	6.4034e-01	3.5965e-01	1.3572e-05	1.1755e-36	1.1755e-36	1.1755e-36	4.6119e-17	0.00e+00	0.00e+00	1.6917e+01
2.75604e+18	4.7747e+03	8.324e-22	2.7826e+01	1.1469e+01	9.6173e-08	5.9094e-01	4.0906e-01	9.7588e-01	2.4117e-02	1.0749e-08	1.0865e-10	1.5428e-03	9.9124e-01	7.2143e-03	1.1755e-36	6.4762e-01	3.5237e-01	1.2994e-05	1.1755e-36	1.1755e-36	1.1755e-36	5.2319e-17	0.00e+00	0.00e+00	1.7064e+01
2.75745e+18	4.7228e+03	8.105e-22	2.7826e+01	1.1247e+01	1.0672e-07	5.9835e-01	4.0165e-01	9.7612e-01	2.3875e-02	1.0713e-08	1.1510e-10	1.5175e-03	9.9140e-01	7.0776e-03	1.1755e-36	6.5472e-01	3.4527e-01	1.2446e-05	1.1755e-36	1.1755e-36	1.1755e-36	5.9278e-17	0.00e+00	0.00e+00	1.7212e+01
2.75887e+18	4.6635e+03	7.892e-22	2.7826e+01	1.1033e+01	1.1987e-07	6.0627e-01	3.9373e-01	9.7640e-01	2.3600e-02	1.0646e-08	1.2279e-10	1.4935e-03	9.9158e-01	6.9297e-03	1.1755e-36	6.6228e-01	3.3770e-01	1.1898e-05	1.1755e-36	1.1755e-36	1.1755e-36	6.8233e-17	0.00e+00	0.00e+00	1.7365e+01
2.76024e+18	4.6078e+03	7.688e-22	2.7826e+01	1.0826e+01	1.3371e-07	6.1375e-01	3.8625e-01	9.7664e-01	2.3360e-02	1.0598e-08	1.3056e-10	1.4701e-03	9.9174e-01	6.7937e-03	1.1755e-36	6.6940e-01	3.3059e-01	1.1398e-05	1.1755e-36	1.1755e-36	1.1755e-36	7.8042e-17	0.00e+00	0.00e+00	1.7505e+01
2.76152e+18	4.5528e+03	7.497e-22	2.7826e+01	1.0627e+01	1.4864e-07	6.2078e-01	3.7922e-01	9.7686e-01	2.3137e-02	1.0555e-08	1.3850e-10	1.4478e-03	9.9189e-01	6.6666e-03	1.1755e-36	6.7608e-01	3.2391e-01	1.0947e-05	1.1755e-36	1.1755e-36	1.1755e-36	8.8871e-17	0.00e+00	0.00e+00	1.7643e+01
2.76278e+18	4.4979e+03	7.312e-22	2.7826e+01	1.0434e+01	1.6509e-07	6.2772e-01	3.7227e-01	9.7708e-01	2.2917e-02	1.0511e-08	1.4693e-10	1.4262e-03	9.9203e-01	6.5416e-03	1.1755e-36	6.8266e-01	3.1733e-01	1.0517e-05	1.1755e-36	1.1755e-36	1.1755e-36	1.0127e-16	0.00e+00	0.00e+00	1.7781e+01
2.76404e+18	4.4418e+03	7.128e-22	2.7826e+01	1.0241e+01	1.8354e-07	6.3469e-01	3.6531e-01	9.7730e-01	2.2701e-02	1.0468e-08	1.5602e-10	1.4046e-03	9.9218e-01	6.4173e-03	1.1755e-36	6.8923e-01	3.1076e-01	1.0102e-05	1.1755e-36	1.1755e-36	1.1755e-36	1.1565e-16	0.00e+00	0.00e+00	1.7921e+01
2.76529e+18	4.3845e+03	6.946e-22	2.7826e+01	1.0047e+01	2.0419e-07	6.4165e-01	3.5835e-01	9.7751e-01	2.2488e-02	1.0427e-08	1.6577e-10	1.3831e-03	9.9232e-01	6.2943e-03	1.1755e-36	6.9579e-01	3.0420e-01	9.7013e-06	1.1755e-36	1.1755e-36	1.1755e-36	1.3231e-16	0.00e+00	0.00e+00	1.8063e+01
2.76654e+18	4.3222e+03	6.769e-22	2.7826e+01	9.8524e+00	2.2838e-07	6.4866e-01	3.5134e-01	9.7773e-01	2.2271e-02	1.0380e-08	1.7645e-10	1.3619e-03	9.9247e-01	6.1710e-03	1.1755e-36	7.0238e-01	2.9761e-01	9.3175e-06	1.1755e-36	1.1755e-36	1.1755e-36	1.5211e-16	0.00e+00	0.00e+00	1.8204e+01
2.76774e+18	4.2688e+03	6.597e-22	2.7826e+01	9.6686e+00	2.5163e-07	6.5521e-01	3.4479e-01	9.7791e-01	2.2085e-02	1.0354e-08	1.8674e-10	1.3412e-03	9.9260e-01	6.0584e-03	1.1755e-36	7.0850e-01	2.9149e-01	8.9629e-06	1.1755e-36	1.1755e-36	1.1755e-36	1.7247e-16	0.00e+00	0.00e+00	1.8338e+01
2.76896e+18	4.2034e+03	6.427e-22	2.7826e+01	9.4783e+00	2.8140e-07	6.6219e-01	3.3781e-01	9.7813e-01	2.1866e-02	1.0300e-08	1.9878e-10	1.3209e-03	9.9274e-01	5.9364e-03	1.1755e-36	7.1503e-01	2.8496e-01	8.6077e-06	1.1755e-36	1.1755e-36	1.1755e-36	1.9836e-16	0.00e+00	0.00e+00	1.8485e+01
2.77019e+18	4.1419e+03	6.256e-22	2.7826e+01	9.2876e+00	3.1210e-07	6.6899e-01	3.3100e-01	9.7833e-01	2.1671e-02	1.0267e-08	2.1087e-10	1.3001e-03	9.9288e-01	5.8207e-03	1.1755e-36	7.2137e-01	2.7862e-01	8.2687e-06	1.1755e-36	1.1755e-36	1.1755e-36	2.2627e-16	0.00e+00	0.00e+00	1.8626e+01
2.77139e+18	4.0810e+03	6.089e-22	2.7826e+01	9.0947e+00	3.4424e-07	6.7551e-01	3.2449e-01	9.7851e-01	2.1495e-02	1.0248e-08	2.2280e-10	1.2789e-03	9.9301e-01	5.7111e-03	1.1755e-36	7.2743e-01	2.7256e-01	7.9516e-06	1.1755e-36	1.1755e-36	1.1755e-36	2.5589e-16	0.00e+00	0.00e+00	1.8770e+01
2.77265e+18	4.0144e+03	5.918e-22	2.7826e+01	8.8987e+00	3.8161e-07	6.8253e-01	3.1747e-01	9.7871e-01	2.1292e-02	1.0210e-08	2.3613e-10	1.2579e-03	9.9315e-01	5.5925e-03	1.1755e-36	7.3393e-01	2.6606e-01	7.6244e-06	1.1755e-36	1.1755e-36	1.1755e-36	2.9124e-16	0.00e+00	0.00e+00	1.8926e+01
2.77397e+18	3.9428e+03	5.742e-22	2.7826e+01	8.6938e+00	4.2353e-07	6.8983e-01	3.1017e-01	9.7892e-01	2.1085e-02	1.0173e-08	2.5019e-10	1.2362e-03	9.9329e-01	5.4706e-03	1.1755e-36	7.4068e-01	2.5931e-01	7.2966e-06	1.1755e-36	1.1755e-36	1.1755e-36	3.3123e-16	0.00e+00	0.00e+00	1.9088e+01
###########################
1.93691e+14	6.8120e+03	2.439e-21	2.7826e+01	3.0006e+01	4.2745e-13	5.7897e-03	9.9421e-01	3.0901e-02	9.6808e-01	1.0151e-03	6.0467e-16	6.0811e-04	3.7160e-01	6.2758e-01	2.1844e-04	5.0671e-03	7.6996e-01	2.2493e-01	5.1648e-05	1.1755e-36	1.1755e-36	3.6074e-24	0.00e+00	0.00e+00	3.9406e-04
1.16215e+15	6.8084e+03	2.438e-21	2.7826e+01	3.0003e+01	4.2827e-13	5.7875e-03	9.9421e-01	3.0909e-02	9.6808e-01	1.0139e-03	6.0409e-16	6.0722e-04	3.7167e-01	6.2751e-01	2.1862e-04	5.0649e-03	7.6989e-01	2.2499e-01	5.1487e-05	1.1755e-36	1.1755e-36	3.6003e-24	0.00e+00	0.00e+00	1.9697e-03
5.03598e+15	6.7989e+03	2.434e-21	2.7826e+01	3.0003e+01	4.3127e-13	5.7868e-03	9.9421e-01	3.0956e-02	9.6804e-01	1.0064e-03	6.0462e-16	6.0707e-04	3.7206e-01	6.2712e-01	2.1769e-04	5.0667e-03	7.7009e-01	2.2479e-01	5.0697e-05	1.1755e-36	1.1755e-36	3.5957e-24	0.00e+00	0.00e+00	8.2714e-03
2.05313e+16	6.7812e+03	2.420e-21	2.7826e+01	3.0001e+01	4.3821e-13	5.7926e-03	9.9421e-01	3.1145e-02	9.6789e-01	9.7029e-04	6.0891e-16	6.1008e-04	3.7359e-01	6.2558e-01	2.1456e-04	5.0838e-03	7.7125e-01	2.2362e-01	4.7549e-05	1.1755e-36	1.1755e-36	3.6012e-24	0.00e+00	0.00e+00	3.3504e-02
4.90427e+16	6.7009e+03	2.375e-21	2.7826e+01	3.0003e+01	4.5382e-13	5.7205e-03	9.9428e-01	3.1285e-02	9.6777e-01	9.4122e-04	5.9450e-16	6.0772e-04	3.7503e-01	6.2415e-01	2.1124e-04	5.0322e-03	7.7191e-01	2.2301e-01	4.3835e-05	1.1755e-36	1.1755e-36	3.4238e-24	0.00e+00	0.00e+00	6.5898e-02
8.61075e+16	6.6195e+03	2.332e-21	2.7826e+01	3.0003e+01	4.7573e-13	5.6788e-03	9.9432e-01	3.1565e-02	9.6756e-01	8.7920e-04	5.8885e-16	6.0971e-04	3.7753e-01	6.2166e-01	2.0566e-04	5.0176e-03	7.7382e-01	2.2112e-01	3.8937e-05	1.1755e-36	1.1755e-36	3.3085e-24	0.00e+00	0.00e+00	1.0770e-01
1.34292e+17	6.5343e+03	2.288e-21	2.7826e+01	3.0003e+01	5.0582e-13	5.6632e-03	9.9434e-01	3.2014e-02	9.6720e-01	7.8661e-04	5.9109e-16	6.1546e-04	3.8128e-01	6.1791e-01	1.9779e-04	5.0372e-03	7.7709e-01	2.1784e-01	3.3031e-05	1.1755e-36	1.1755e-36	3.2413e-24	0.00e+00	0.00e+00	1.6190e-01
1.96931e+17	6.4443e+03	2.243e-21	2.7826e+01	3.0001e+01	5.4697e-13	5.6805e-03	9.9432e-01	3.2695e-02	9.6664e-01	6.6596e-04	6.0308e-16	6.2592e-04	3.8672e-01	6.1247e-01	1.8745e-04	5.1000e-03	7.8202e-01	2.1286e-01	2.6392e-05	1.1755e-36	1.1755e-36	3.2269e-24	0.00e+00	0.00e+00	2.3257e-01
2.78363e+17	6.3506e+03	2.198e-21	2.7826e+01	2.9995e+01	6.0490e-13	5.7450e-03	9.9426e-01	3.3706e-02	9.6577e-01	5.2492e-04	6.3033e-16	6.4310e-04	3.9451e-01	6.0467e-01	1.7459e-04	5.2235e-03	7.8903e-01	2.0573e-01	1.9494e-05	1.1755e-36	1.1755e-36	3.2976e-24	0.00e+00	0.00e+00	3.2549e-01
3.84223e+17	6.2569e+03	2.155e-21	2.7826e+01	2.9987e+01	6.8667e-13	5.8808e-03	9.9412e-01	3.5227e-02	9.6439e-01	3.7766e-04	6.8082e-16	6.7060e-04	4.0568e-01	5.9349e-01	1.5926e-04	5.4373e-03	7.9871e-01	1.9584e-01	1.2985e-05	1.1755e-36	1.1755e-36	3.4912e-24	0.00e+00	0.00e+00	4.4914e-01
5.21842e+17	6.1684e+03	2.117e-21	2.7826e+01	2.9976e+01	8.0765e-13	6.1305e-03	9.9387e-01	3.7571e-02	9.6219e-01	2.4226e-04	7.7342e-16	7.1433e-04	4.2188e-01	5.7727e-01	1.4153e-04	5.7933e-03	8.1181e-01	1.8239e-01	7.5455e-06	1.1755e-36	1.1755e-36	3.9162e-24	0.00e+00	0.00e+00	6.1670e-01
7.00747e+17	6.0926e+03	2.087e-21	2.7826e+01	2.9957e+01	9.9767e-13	6.5723e-03	9.9343e-01	4.1306e-02	9.5856e-01	1.3481e-04	9.4811e-16	7.8425e-04	4.4573e-01	5.5336e-01	1.2128e-04	6.3882e-03	8.2928e-01	1.6432e-01	3.6576e-06	1.1755e-36	1.1755e-36	4.8073e-24	0.00e+00	0.00e+00	8.5024e-01
9.31134e+17	6.0409e+03	2.073e-21	2.7826e+01	2.9922e+01	1.3200e-12	7.3544e-03	9.9265e-01	4.7588e-02	9.5235e-01	6.3461e-05	1.3022e-15	8.9857e-04	4.8145e-01	5.1755e-01	9.8203e-05	7.4080e-03	8.5214e-01	1.4045e-01	1.3994e-06	1.1755e-36	1.1755e-36	6.7736e-24	0.00e+00	0.00e+00	1.1843e+00
1.14788e+18	6.0247e+03	2.076e-21	2.7826e+01	2.9874e+01	1.7100e-12	8.2900e-03	9.9171e-01	5.5161e-02	9.4481e-01	3.1010e-05	1.7946e-15	1.0269e-03	5.1885e-01	4.8004e-01	7.9430e-05	8.6149e-03	8.7256e-01	1.1883e-01	5.5795e-07	1.1755e-36	1.1755e-36	9.7157e-24	0.00e+00	0.00e+00	1.4392e+00
1.29625e+18	6.0484e+03	2.095e-21	2.7826e+01	2.9830e+01	2.0711e-12	9.1943e-03	9.9081e-01	6.2400e-02	9.3758e-01	1.9332e-05	2.3618e-15	1.1410e-03	5.4967e-01	4.4913e-01	6.6821e-05	9.7659e-03	8.8710e-01	1.0313e-01	2.8874e-07	1.1755e-36	1.1755e-36	1.3420e-23	0.00e+00	0.00e+00	1.6359e+00
1.41107e+18	6.0766e+03	2.120e-21	2.7826e+01	2.9789e+01	2.4572e-12	1.0104e-02	9.8990e-01	6.9762e-02	9.3022e-01	1.3464e-05	3.0340e-15	1.2478e-03	5.7710e-01	4.2160e-01	5.7059e-05	1.0919e-02	8.9856e-01	9.0521e-02	1.6802e-07	1.1755e-36	1.1755e-36	1.8121e-23	0.00e+00	0.00e+00	1.8274e+00
1.53515e+18	6.1090e+03	2.152e-21	2.7826e+01	2.9728e+01	3.0473e-12	1.1352e-02	9.8865e-01	8.0114e-02	9.1988e-01	9.0648e-06	4.1325e-15	1.3846e-03	6.1057e-01	3.8800e-01	4.6611e-05	1.2502e-02	9.1085e-01	7.6646e-02	1.1755e-36	1.1755e-36	1.1755e-36	2.6320e-23	0.00e+00	0.00e+00	2.1072e+00
1.66343e+18	6.1578e+03	2.195e-21	2.7826e+01	2.9645e+01	3.8512e-12	1.2968e-02	9.8703e-01	9.3916e-02	9.0608e-01	6.0842e-06	5.8312e-15	1.5435e-03	6.4779e-01	3.5063e-01	3.6749e-05	1.4547e-02	9.2247e-01	6.2987e-02	1.1755e-36	1.1755e-36	1.1755e-36	4.0196e-23	0.00e+00	0.00e+00	2.3722e+00
1.76624e+18	6.2049e+03	2.238e-21	2.7826e+01	2.9562e+01	4.7746e-12	1.4661e-02	9.8534e-01	1.0899e-01	8.9100e-01	4.4327e-06	7.9845e-15	1.6918e-03	6.8112e-01	3.1716e-01	2.9220e-05	1.6686e-02	9.3112e-01	5.2193e-02	1.1755e-36	1.1755e-36	1.1755e-36	5.9415e-23	0.00e+00	0.00e+00	2.6023e+00
1.85065e+18	6.2543e+03	2.278e-21	2.7826e+01	2.9499e+01	5.7955e-12	1.6408e-02	9.8359e-01	1.2543e-01	8.7457e-01	3.4177e-06	1.0662e-14	1.8274e-03	7.1088e-01	2.8727e-01	2.3395e-05	1.8893e-02	9.3755e-01	4.3559e-02	1.1755e-36	1.1755e-36	1.1755e-36	8.5465e-23	0.00e+00	0.00e+00	2.8314e+00
1.92992e+18	6.2794e+03	2.319e-21	2.7826e+01	2.9373e+01	7.2646e-12	1.8464e-02	9.8154e-01	1.4528e-01	8.5472e-01	2.6424e-06	1.4362e-14	1.9699e-03	7.4073e-01	2.5728e-01	1.8317e-05	2.1485e-02	9.4268e-01	3.5834e-02	1.1755e-36	1.1755e-36	1.1755e-36	1.2393e-22	0.00e+00	0.00e+00	3.0879e+00
2.00692e+18	6.3290e+03	2.362e-21	2.7826e+01	2.9282e+01	9.0736e-12	2.0936e-02	9.7906e-01	1.7063e-01	8.2937e-01	2.0620e-06	1.9763e-14	2.1154e-03	7.7094e-01	2.2693e-01	1.3918e-05	2.4596e-02	9.4661e-01	2.8790e-02	1.1755e-36	1.1755e-36	1.1755e-36	1.8581e-22	0.00e+00	0.00e+00	3.3636e+00
2.08002e+18	6.3521e+03	2.406e-21	2.7826e+01	2.9095e+01	1.1788e-11	2.3933e-02	9.7607e-01	2.0235e-01	7.9764e-01	1.5976e-06	2.7603e-14	2.2649e-03	8.0085e-01	1.9688e-01	1.0231e-05	2.8358e-02	9.4902e-01	2.2623e-02	1.1755e-36	1.1755e-36	1.1755e-36	2.8262e-22	0.00e+00	0.00e+00	3.6632e+00
2.14737e+18	6.3876e+03	2.450e-21	2.7826e+01	2.8952e+01	1.5313e-11	2.7478e-02	9.7252e-01	2.4186e-01	7.5814e-01	1.2533e-06	3.9110e-14	2.4101e-03	8.2912e-01	1.6847e-01	7.3197e-06	3.2795e-02	9.4977e-01	1.7431e-02	1.1755e-36	1.1755e-36	1.1755e-36	4.3949e-22	0.00e+00	0.00e+00	3.9696e+00
2.20589e+18	6.4181e+03	2.483e-21	2.7826e+01	2.8714e+01	1.9725e-11	3.1344e-02	9.6866e-01	2.8663e-01	7.1337e-01	9.9566e-07	5.4438e-14	2.5325e-03	8.5353e-01	1.4394e-01	5.2265e-06	3.7620e-02	9.4897e-01	1.3413e-02	1.1755e-36	1.1755e-36	1.1755e-36	6.6585e-22	0.00e+00	0.00e+00	4.2646e+00
2.25639e+18	6.4418e+03	2.513e-21	2.7826e+01	2.8516e+01	2.5333e-11	3.5593e-02	9.6441e-01	3.3673e-01	6.6326e-01	7.9982e-07	7.5246e-14	2.6410e-03	8.7448e-01	1.2287e-01	3.7220e-06	4.2907e-02	9.4678e-01	1.0316e-02	1.1755e-36	1.1755e-36	1.1755e-36	9.9896e-22	0.00e+00	0.00e+00	4.5612e+00
2.30167e+18	6.4615e+03	2.535e-21	2.7826e+01	2.8274e+01	3.2487e-11	4.0310e-02	9.5969e-01	3.9227e-01	6.0773e-01	6.4117e-07	1.0352e-13	2.7327e-03	8.9252e-01	1.0474e-01	2.6350e-06	4.8757e-02	9.4335e-01	7.8925e-03	1.1755e-36	1.1755e-36	1.1755e-36	1.4844e-21	0.00e+00	0.00e+00	4.8668e+00
2.34336e+18	6.4781e+03	2.548e-21	2.7826e+01	2.7991e+01	4.1848e-11	4.5670e-02	9.5433e-01	4.5351e-01	5.4649e-01	5.0889e-07	1.4296e-13	2.8094e-03	9.0817e-01	8.9016e-02	1.8438e-06	5.5383e-02	9.3864e-01	5.9730e-03	1.1755e-36	1.1755e-36	1.1755e-36	2.2089e-21	0.00e+00	0.00e+00	5.1897e+00
2.38240e+18	6.4911e+03	2.555e-21	2.7826e+01	2.7677e+01	5.4480e-11	5.1908e-02	9.4809e-01	5.1988e-01	4.8012e-01	3.9718e-07	1.9955e-13	2.8731e-03	9.2173e-01	7.5395e-02	1.2703e-06	6.3064e-02	9.3248e-01	4.4531e-03	1.1755e-36	1.1755e-36	1.1755e-36	3.3235e-21	0.00e+00	0.00e+00	5.5348e+00
2.41909e+18	6.5031e+03	2.547e-21	2.7826e+01	2.7251e+01	7.1233e-11	5.9062e-02	9.4094e-01	5.8817e-01	4.1182e-01	3.0410e-07	2.7896e-13	2.9140e-03	9.3310e-01	6.3981e-02	8.6810e-07	7.1842e-02	9.2488e-01	3.2788e-03	1.1755e-36	1.1755e-36	1.1755e-36	4.9938e-21	0.00e+00	0.00e+00	5.9036e+00
2.45407e+18	6.5077e+03	2.537e-21	2.7826e+01	2.6843e+01	9.5353e-11	6.7749e-02	9.3225e-01	6.5713e-01	3.4287e-01	2.2740e-07	3.9836e-13	2.9482e-03	9.4287e-01	5.4180e-02	5.8169e-07	8.2450e-02	9.1518e-01	2.3667e-03	1.1755e-36	1.1755e-36	1.1755e-36	7.7364e-21	0.00e+00	0.00e+00	6.3133e+00
2.48774e+18	6.5081e+03	2.520e-21	2.7826e+01	2.6394e+01	1.3061e-10	7.8419e-02	9.2158e-01	7.2298e-01	2.7702e-01	1.6609e-07	5.7945e-13	2.9701e-03	9.5112e-01	4.5910e-02	3.8300e-07	9.5411e-02	9.0292e-01	1.6725e-03	1.1755e-36	1.1755e-36	1.1755e-36	1.2357e-20	0.00e+00	0.00e+00	6.7669e+00
2.51988e+18	6.5053e+03	2.492e-21	2.7826e+01	2.5895e+01	1.8285e-10	9.1560e-02	9.0844e-01	7.8161e-01	2.1839e-01	1.1929e-07	8.5436e-13	2.9777e-03	9.5797e-01	3.9056e-02	2.4924e-07	1.1128e-01	8.8756e-01	1.1611e-03	1.1755e-36	1.1755e-36	1.1755e-36	2.0332e-20	0.00e+00	0.00e+00	7.2713e+00
2.55054e+18	6.4958e+03	2.452e-21	2.7826e+01	2.5333e+01	2.6309e-10	1.0796e-01	8.9204e-01	8.3096e-01	1.6904e-01	8.4823e-08	1.2774e-12	2.9700e-03	9.6368e-01	3.3351e-02	1.6039e-07	1.3093e-01	8.6828e-01	7.9222e-04	1.1755e-36	1.1755e-36	1.1755e-36	3.4644e-20	0.00e+00	0.00e+00	7.8396e+00
2.57970e+18	6.4822e+03	2.387e-21	2.7826e+01	2.4597e+01	3.8654e-10	1.2817e-01	8.7183e-01	8.7039e-01	1.2961e-01	6.0281e-08	1.9168e-12	2.9344e-03	9.6841e-01	2.8658e-02	1.1755e-36	1.5494e-01	8.4453e-01	5.3345e-04	1.1755e-36	1.1755e-36	1.1755e-36	6.0282e-20	0.00e+00	0.00e+00	8.4784e+00
2.60726e+18	6.4495e+03	2.306e-21	2.7826e+01	2.3805e+01	5.9407e-10	1.5400e-01	8.4600e-01	9.0083e-01	9.9171e-02	4.3300e-08	2.9418e-12	2.8857e-03	9.7253e-01	2.4580e-02	1.1755e-36	1.8528e-01	8.1437e-01	3.5314e-04	1.1755e-36	1.1755e-36	1.1755e-36	1.1059e-19	0.00e+00	0.00e+00	9.2024e+00
2.63263e+18	6.3973e+03	2.199e-21	2.7826e+01	2.2863e+01	9.4382e-10	1.8602e-01	8.1398e-01	9.2324e-01	7.6763e-02	3.1900e-08	4.5460e-12	2.8121e-03	9.7607e-01	2.1115e-02	1.1755e-36	2.2238e-01	7.7739e-01	2.3242e-04	1.1755e-36	1.1755e-36	1.1755e-36	2.0872e-19	0.00e+00	0.00e+00	9.9857e+00
2.65491e+18	6.3216e+03	2.066e-21	2.7826e+01	2.1775e+01	1.5247e-09	2.2356e-01	7.7644e-01	9.3884e-01	6.1155e-02	2.4600e-08	6.9354e-12	2.7137e-03	9.7904e-01	1.8242e-02	1.1755e-36	2.6517e-01	7.3467e-01	1.5492e-04	1.1755e-36	1.1755e-36	1.1755e-36	3.9301e-19	0.00e+00	0.00e+00	1.0795e+01
2.67346e+18	6.2241e+03	1.920e-21	2.7826e+01	2.0624e+01	2.4434e-09	2.6434e-01	7.3566e-01	9.4936e-01	5.0641e-02	2.0022e-08	1.0236e-11	2.6002e-03	9.8146e-01	1.5942e-02	1.1755e-36	3.1082e-01	6.8908e-01	1.0682e-04	1.1755e-36	1.1755e-36	1.1755e-36	7.1476e-19	0.00e+00	0.00e+00	1.1561e+01
2.68763e+18	6.1182e+03	1.779e-21	2.7826e+01	1.9523e+01	3.7110e-09	3.0298e-01	6.9702e-01	9.5592e-01	4.4080e-02	1.7373e-08	1.4128e-11	2.4851e-03	9.8326e-01	1.4259e-02	1.1755e-36	3.5328e-01	6.4664e-01	7.8539e-05	1.1755e-36	1.1755e-36	1.1755e-36	1.1868e-18	0.00e+00	0.00e+00	1.2191e+01
2.69773e+18	6.0196e+03	1.663e-21	2.7826e+01	1.8616e+01	5.1929e-09	3.3521e-01	6.6479e-01	9.5999e-01	4.0009e-02	1.5816e-08	1.8050e-11	2.3873e-03	9.8453e-01	1.3085e-02	1.1755e-36	3.8812e-01	6.1182e-01	6.2163e-05	1.1755e-36	1.1755e-36	1.1755e-36	1.7613e-18	0.00e+00	0.00e+00	1.2685e+01
2.70537e+18	5.9285e+03	1.567e-21	2.7826e+01	1.7862e+01	6.8540e-09	3.6210e-01	6.3790e-01	9.6279e-01	3.7207e-02	1.4782e-08	2.1883e-11	2.3046e-03	9.8549e-01	1.2205e-02	1.1755e-36	4.1681e-01	5.8314e-01	5.1658e-05	1.1755e-36	1.1755e-36	1.1755e-36	2.4184e-18	0.00e+00	0.00e+00	1.3123e+01
2.71208e+18	5.8346e+03	1.478e-21	2.7826e+01	1.7148e+01	8.9149e-09	3.8751e-01	6.1249e-01	9.6511e-01	3.4892e-02	1.3951e-08	2.6055e-11	2.2251e-03	9.8634e-01	1.1439e-02	1.1755e-36	4.4360e-01	5.5635e-01	4.3640e-05	1.1755e-36	1.1755e-36	1.1755e-36	3.2447e-18	0.00e+00	0.00e+00	1.3568e+01
2.71848e+18	5.7315e+03	1.388e-21	2.7826e+01	1.6419e+01	1.1683e-08	4.1345e-01	5.8655e-01	9.6715e-01	3.2848e-02	1.3247e-08	3.0974e-11	2.1432e-03	9.8713e-01	1.0724e-02	1.1755e-36	4.7064e-01	5.2933e-01	3.6966e-05	1.1755e-36	1.1755e-36	1.1755e-36	4.3756e-18	0.00e+00	0.00e+00	1.4023e+01
2.72294e+18	5.6551e+03	1.324e-21	2.7826e+01	1.5885e+01	1.4227e-08	4.3253e-01	5.6747e-01	9.6827e-01	3.1730e-02	1.2921e-08	3.5082e-11	2.0823e-03	9.8763e-01	1.0288e-02	1.1755e-36	4.9032e-01	5.0964e-01	3.2966e-05	1.1755e-36	1.1755e-36	1.1755e-36	5.4603e-18	0.00e+00	0.00e+00	1.4224e+01
2.72500e+18	5.6154e+03	1.294e-21	2.7826e+01	1.5633e+01	1.5678e-08	4.4168e-01	5.5832e-01	9.6880e-01	3.1195e-02	1.2759e-08	3.7246e-11	2.0536e-03	9.8787e-01	1.0078e-02	1.1755e-36	4.9970e-01	5.0027e-01	3.1217e-05	1.1755e-36	1.1755e-36	1.1755e-36	6.0848e-18	0.00e+00	0.00e+00	1.4339e+01
2.72654e+18	5.5837e+03	1.271e-21	2.7826e+01	1.5439e+01	1.6905e-08	4.4862e-01	5.5138e-01	9.6925e-01	3.0752e-02	1.2616e-08	3.8979e-11	2.0314e-03	9.8806e-01	9.9084e-03	1.1755e-36	5.0680e-01	4.9317e-01	2.9922e-05	1.1755e-36	1.1755e-36	1.1755e-36	6.6119e-18	0.00e+00	0.00e+00	1.4465e+01
2.72837e+18	5.5514e+03	1.242e-21	2.7826e+01	1.5201e+01	1.8371e-08	4.5678e-01	5.4322e-01	9.6975e-01	3.0250e-02	1.2468e-08	4.1078e-11	2.0037e-03	9.8829e-01	9.7096e-03	1.1755e-36	5.1510e-01	4.8487e-01	2.8434e-05	1.1755e-36	1.1755e-36	1.1755e-36	7.2793e-18	0.00e+00	0.00e+00	1.4631e+01
2.73071e+18	5.4926e+03	1.206e-21	2.7826e+01	1.4893e+01	2.0894e-08	4.6788e-01	5.3212e-01	9.7042e-01	2.9579e-02	1.2245e-08	4.4234e-11	1.9689e-03	9.8859e-01	9.4449e-03	1.1755e-36	5.2636e-01	4.7361e-01	2.6611e-05	1.1755e-36	1.1755e-36	1.1755e-36	8.3645e-18	0.00e+00	0.00e+00	1.4845e+01
2.73310e+18	5.4384e+03	1.170e-21	2.7826e+01	1.4580e+01	2.3663e-08	4.7909e-01	5.2091e-01	9.7101e-01	2.8993e-02	1.2075e-08	4.7651e-11	1.9330e-03	9.8887e-01	9.2004e-03	1.1755e-36	5.3767e-01	4.6230e-01	2.4907e-05	1.1755e-36	1.1755e-36	1.1755e-36	9.6352e-18	0.00e+00	0.00e+00	1.5027e+01
2.73509e+18	5.3850e+03	1.140e-21	2.7826e+01	1.4322e+01	2.6585e-08	4.8906e-01	5.1094e-01	9.7152e-01	2.8483e-02	1.1910e-08	5.1037e-11	1.9037e-03	9.8911e-01	8.9844e-03	1.1755e-36	5.4769e-01	4.5229e-01	2.3518e-05	1.1755e-36	1.1755e-36	1.1755e-36	1.1003e-17	0.00e+00	0.00e+00	1.5185e+01
2.73685e+18	5.3453e+03	1.112e-21	2.7826e+01	1.4079e+01	2.9153e-08	4.9742e-01	5.0258e-01	9.7192e-01	2.8080e-02	1.1809e-08	5.3972e-11	1.8754e-03	9.8931e-01	8.8105e-03	1.1755e-36	5.5605e-01	4.4393e-01	2.2378e-05	1.1755e-36	1.1755e-36	1.1755e-36	1.2269e-17	0.00e+00	0.00e+00	1.5332e+01
2.73864e+18	5.2924e+03	1.084e-21	2.7826e+01	1.3831e+01	3.2594e-08	5.0653e-01	4.9347e-01	9.7237e-01	2.7631e-02	1.1670e-08	5.7566e-11	1.8470e-03	9.8954e-01	8.6160e-03	1.1755e-36	5.6514e-01	4.3484e-01	2.1230e-05	1.1755e-36	1.1755e-36	1.1755e-36	1.3947e-17	0.00e+00	0.00e+00	1.5501e+01
2.74050e+18	5.2425e+03	1.055e-21	2.7826e+01	1.3571e+01	3.6354e-08	5.1577e-01	4.8423e-01	9.7278e-01	2.7215e-02	1.1560e-08	6.1448e-11	1.8169e-03	9.8975e-01	8.4292e-03	1.1755e-36	5.7432e-01	4.2566e-01	2.0119e-05	1.1755e-36	1.1755e-36	1.1755e-36	1.5896e-17	0.00e+00	0.00e+00	1.5665e+01
2.74227e+18	5.1938e+03	1.027e-21	2.7826e+01	1.3321e+01	4.0436e-08	5.2471e-01	4.7529e-01	9.7317e-01	2.6826e-02	1.1461e-08	6.5534e-11	1.7878e-03	9.8996e-01	8.2519e-03	1.1755e-36	5.8315e-01	4.1683e-01	1.9100e-05	1.1755e-36	1.1755e-36	1.1755e-36	1.8109e-17	0.00e+00	0.00e+00	1.5825e+01
2.74401e+18	5.1421e+03	9.999e-22	2.7826e+01	1.3071e+01	4.5140e-08	5.3361e-01	4.6639e-01	9.7355e-01	2.6446e-02	1.1363e-08	7.0029e-11	1.7590e-03	9.9016e-01	8.0781e-03	1.1755e-36	5.9192e-01	4.0806e-01	1.8144e-05	1.1755e-36	1.1755e-36	1.1755e-36	2.0748e-17	0.00e+00	0.00e+00	1.5987e+01
2.74570e+18	5.0906e+03	9.734e-22	2.7826e+01	1.2827e+01	5.0351e-08	5.4234e-01	4.5766e-01	9.7391e-01	2.6089e-02	1.1274e-08	7.4875e-11	1.7306e-03	9.9036e-01	7.9115e-03	1.1755e-36	6.0049e-01	3.9949e-01	1.7254e-05	1.1755e-36	1.1755e-36	1.1755e-36	2.3829e-17	0.00e+00	0.00e+00	1.6145e+01
2.74733e+18	5.0386e+03	9.479e-22	2.7826e+01	1.2588e+01	5.6153e-08	5.5085e-01	4.4915e-01	9.7425e-01	2.5750e-02	1.1192e-08	8.0102e-11	1.7030e-03	9.9054e-01	7.7522e-03	1.1755e-36	6.0882e-01	3.9117e-01	1.6432e-05	1.1755e-36	1.1755e-36	1.1755e-36	2.7434e-17	0.00e+00	0.00e+00	1.6300e+01
2.74890e+18	4.9866e+03	9.233e-22	2.7826e+01	1.2356e+01	6.2558e-08	5.5915e-01	4.4085e-01	9.7457e-01	2.5430e-02	1.1116e-08	8.5556e-11	1.6761e-03	9.9073e-01	7.5978e-03	1.1755e-36	6.1690e-01	3.8309e-01	1.5669e-05	1.1755e-36	1.1755e-36	1.1755e-36	3.1495e-17	0.00e+00	0.00e+00	1.6452e+01
2.75043e+18	4.9299e+03	8.996e-22	2.7826e+01	1.2124e+01	7.0054e-08	5.6735e-01	4.3265e-01	9.7488e-01	2.5115e-02	1.1038e-08	9.0933e-11	1.6495e-03	9.9091e-01	7.4420e-03	1.1755e-36	6.2487e-01	3.7512e-01	1.4958e-05	1.1755e-36	1.1755e-36	1.1755e-36	3.5807e-17	0.00e+00	0.00e+00	1.6603e+01
2.75190e+18	4.8783e+03	8.770e-22	2.7826e+01	1.1908e+01	7.7828e-08	5.7520e-01	4.2480e-01	9.7517e-01	2.4830e-02	1.0973e-08	9.6442e-11	1.6244e-03	9.9108e-01	7.2954e-03	1.1755e-36	6.3246e-01	3.6752e-01	1.4302e-05	1.1755e-36	1.1755e-36	1.1755e-36	4.0540e-17	0.00e+00	0.00e+00	1.6746e+01
2.75331e+18	4.8272e+03	8.551e-22	2.7826e+01	1.1695e+01	8.6330e-08	5.8280e-01	4.1720e-01	9.7544e-01	2.4558e-02	1.0913e-08	1.0219e-10	1.5998e-03	9.9125e-01	7.1543e-03	1.1755e-36	6.3980e-01	3.6019e-01	1.3692e-05	1.1755e-36	1.1755e-36	1.1755e-36	4.5853e-17	0.00e+00	0.00e+00	1.6891e+01
2.75474e+18	4.7663e+03	8.335e-22	2.7826e+01	1.1475e+01	9.7159e-08	5.9073e-01	4.0927e-01	9.7573e-01	2.4267e-02	1.0837e-08	1.0884e-10	1.5750e-03	9.9142e-01	7.0076e-03	1.1755e-36	6.4744e-01	3.5255e-01	1.3096e-05	1.1755e-36	1.1755e-36	1.1755e-36	5.2565e-17	0.00e+00	0.00e+00	1.7040e+01
2.75610e+18	4.7178e+03	8.126e-22	2.7826e+01	1.1269e+01	1.0725e-07	5.9797e-01	4.0203e-01	9.7597e-01	2.4034e-02	1.0799e-08	1.1515e-10	1.5509e-03	9.9157e-01	6.8790e-03	1.1755e-36	6.5437e-01	3.4562e-01	1.2558e-05	1.1755e-36	1.1755e-36	1.1755e-36	5.9347e-17	0.00e+00	0.00e+00	1.7176e+01
2.75744e+18	4.6655e+03	7.922e-22	2.7826e+01	1.1065e+01	1.1900e-07	6.0522e-01	3.9478e-01	9.7621e-01	2.3788e-02	1.0749e-08	1.2205e-10	1.5274e-03	9.9172e-01	6.7485e-03	1.1755e-36	6.6129e-01	3.3870e-01	1.2044e-05	1.1755e-36	1.1755e-36	1.1755e-36	6.7356e-17	0.00e+00	0.00e+00	1.7322e+01
2.75882e+18	4.6116e+03	7.714e-22	2.7826e+01	1.0855e+01	1.3243e-07	6.1271e-01	3.8729e-01	9.7646e-01	2.3541e-02	1.0701e-08	1.2972e-10	1.5031e-03	9.9188e-01	6.6155e-03	1.1755e-36	6.6843e-01	3.3156e-01	1.1531e-05	1.1755e-36	1.1755e-36	1.1755e-36	7.6920e-17	0.00e+00	0.00e+00	1.7471e+01
2.76019e+18	4.5523e+03	7.508e-22	2.7826e+01	1.0642e+01	1.4845e-07	6.2030e-01	3.7970e-01	9.7670e-01	2.3296e-02	1.0652e-08	1.3824e-10	1.4787e-03	9.9204e-01	6.4824e-03	1.1755e-36	6.7564e-01	3.2435e-01	1.1039e-05	1.1755e-36	1.1755e-36	1.1755e-36	8.8487e-17	0.00e+00	0.00e+00	1.7620e+01
2.76151e+18	4.4951e+03	7.314e-22	2.7826e+01	1.0439e+01	1.6565e-07	6.2757e-01	3.7243e-01	9.7693e-01	2.3068e-02	1.0608e-08	1.4705e-10	1.4556e-03	9.9219e-01	6.3569e-03	1.1755e-36	6.8253e-01	3.1746e-01	1.0587e-05	1.1755e-36	1.1755e-36	1.1755e-36	1.0142e-16	0.00e+00	0.00e+00	1.7760e+01
2.76276e+18	4.4394e+03	7.132e-22	2.7826e+01	1.0247e+01	1.8399e-07	6.3446e-01	3.6554e-01	9.7715e-01	2.2855e-02	1.0567e-08	1.5604e-10	1.4338e-03	9.9233e-01	6.2385e-03	1.1755e-36	6.8903e-01	3.1096e-01	1.0174e-05	1.1755e-36	1.1755e-36	1.1755e-36	1.1567e-16	0.00e+00	0.00e+00	1.7897e+01
2.76398e+18	4.3834e+03	6.955e-22	2.7826e+01	1.0058e+01	2.0419e-07	6.4126e-01	3.5874e-01	9.7735e-01	2.2645e-02	1.0526e-08	1.6556e-10	1.4124e-03	9.9247e-01	6.1221e-03	1.1755e-36	6.9543e-01	3.0456e-01	9.7803e-06	1.1755e-36	1.1755e-36	1.1755e-36	1.3192e-16	0.00e+00	0.00e+00	1.8035e+01
2.76522e+18	4.3219e+03	6.778e-22	2.7826e+01	9.8649e+00	2.2810e-07	6.4822e-01	3.5178e-01	9.7757e-01	2.2427e-02	1.0479e-08	1.7613e-10	1.3909e-03	9.9261e-01	6.0035e-03	1.1755e-36	7.0198e-01	2.9802e-01	9.3960e-06	1.1755e-36	1.1755e-36	1.1755e-36	1.5147e-16	0.00e+00	0.00e+00	1.8176e+01
2.76643e+18	4.2681e+03	6.606e-22	2.7826e+01	9.6799e+00	2.5151e-07	6.5482e-01	3.4518e-01	9.7776e-01	2.2238e-02	1.0451e-08	1.8648e-10	1.3698e-03	9.9274e-01	5.8936e-03	1.1755e-36	7.0815e-01	2.9184e-01	9.0356e-06	1.1755e-36	1.1755e-36	1.1755e-36	1.7191e-16	0.00e+00	0.00e+00	1.8312e+01
2.76765e+18	4.2023e+03	6.434e-22	2.7826e+01	9.4878e+00	2.8153e-07	6.6187e-01	3.3813e-01	9.7798e-01	2.2016e-02	1.0397e-08	1.9861e-10	1.3488e-03	9.9288e-01	5.7743e-03	1.1755e-36	7.1474e-01	2.8525e-01	8.6749e-06	1.1755e-36	1.1755e-36	1.1755e-36	1.9794e-16	0.00e+00	0.00e+00	1.8459e+01
2.76888e+18	4.1408e+03	6.263e-22	2.7826e+01	9.2968e+00	3.1218e-07	6.6867e-01	3.3133e-01	9.7818e-01	2.1820e-02	1.0363e-08	2.1068e-10	1.3276e-03	9.9301e-01	5.6627e-03	1.1755e-36	7.2108e-01	2.7891e-01	8.3333e-06	1.1755e-36	1.1755e-36	1.1755e-36	2.2576e-16	0.00e+00	0.00e+00	1.8599e+01
2.77009e+18	4.0802e+03	6.096e-22	2.7826e+01	9.1043e+00	3.4424e-07	6.7518e-01	3.2482e-01	9.7836e-01	2.1643e-02	1.0344e-08	2.2257e-10	1.3060e-03	9.9314e-01	5.5568e-03	1.1755e-36	7.2713e-01	2.7286e-01	8.0142e-06	1.1755e-36	1.1755e-36	1.1755e-36	2.5524e-16	0.00e+00	0.00e+00	1.8743e+01
2.77134e+18	4.0136e+03	5.924e-22	2.7826e+01	8.9081e+00	3.8162e-07	6.8220e-01	3.1780e-01	9.7856e-01	2.1439e-02	1.0306e-08	2.3589e-10	1.2846e-03	9.9327e-01	5.4418e-03	1.1755e-36	7.3364e-01	2.6635e-01	7.6843e-06	1.1755e-36	1.1755e-36	1.1755e-36	2.9052e-16	0.00e+00	0.00e+00	1.8899e+01
2.77266e+18	3.9420e+03	5.748e-22	2.7826e+01	8.7026e+00	4.2358e-07	6.8953e-01	3.1047e-01	9.7877e-01	2.1230e-02	1.0269e-08	2.4996e-10	1.2623e-03	9.9341e-01	5.3238e-03	1.1755e-36	7.4041e-01	2.5958e-01	7.3534e-06	1.1755e-36	1.1755e-36	1.1755e-36	3.3048e-16	0.00e+00	0.00e+00	1.9061e+01
###########################
1.93691e+14	6.8120e+03	2.440e-21	2.7826e+01	3.0010e+01	4.2740e-13	5.7906e-03	9.9421e-01	3.0906e-02	9.6808e-01	1.0149e-03	6.0477e-16	6.0918e-04	3.7163e-01	6.2754e-01	2.1838e-04	5.0681e-03	7.6998e-01	2.2490e-01	5.1634e-05	1.1755e-36	1.1755e-36	3.6072e-24	0.00e+00	0.00e+00	3.9412e-04
1.16215e+15	6.8084e+03	2.438e-21	2.7826e+01	3.0004e+01	4.2831e-13	5.7877e-03	9.9421e-01	3.0910e-02	9.6808e-01	1.0139e-03	6.0417e-16	6.0726e-04	3.7167e-01	6.2750e-01	2.1861e-04	5.0652e-03	7.6990e-01	2.2498e-01	5.1483e-05	1.1755e-36	1.1755e-36	3.6009e-24	0.00e+00	0.00e+00	1.9698e-03
5.03598e+15	6.7989e+03	2.434e-21	2.7826e+01	3.0003e+01	4.3128e-13	5.7868e-03	9.9421e-01	3.0956e-02	9.6804e-01	1.0063e-03	6.0464e-16	6.0708e-04	3.7206e-01	6.2712e-01	2.1769e-04	5.0667e-03	7.7009e-01	2.2479e-01	5.0696e-05	1.1755e-36	1.1755e-36	3.5958e-24	0.00e+00	0.00e+00	8.2716e-03
2.05313e+16	6.7812e+03	2.420e-21	2.7826e+01	3.0001e+01	4.3820e-13	5.7926e-03	9.9421e-01	3.1145e-02	9.6789e-01	9.7029e-04	6.0891e-16	6.1008e-04	3.7359e-01	6.2558e-01	2.1456e-04	5.0838e-03	7.7125e-01	2.2362e-01	4.7549e-05	1.1755e-36	1.1755e-36	3.6012e-24	0.00e+00	0.00e+00	3.3504e-02
4.90427e+16	6.7009e+03	2.375e-21	2.7826e+01	3.0003e+01	4.5381e-13	5.7205e-03	9.9428e-01	3.1284e-02	9.6777e-01	9.4122e-04	5.9447e-16	6.0771e-04	3.7503e-01	6.2415e-01	2.1124e-04	5.0321e-03	7.7191e-01	2.2301e-01	4.3836e-05	1.1755e-36	1.1755e-36	3.4236e-24	0.00e+00	0.00e+00	6.5898e-02
8.61075e+16	6.6195e+03	2.332e-21	2.7826e+01	3.0003e+01	4.7573e-13	5.6788e-03	9.9432e-01	3.1565e-02	9.6756e-01	8.7920e-04	5.8884e-16	6.0971e-04	3.7753e-01	6.2166e-01	2.0566e-04	5.0175e-03	7.7382e-01	2.2112e-01	3.8937e-05	1.1755e-36	1.1755e-36	3.3084e-24	0.00e+00	0.00e+00	1.0770e-01
1.34292e+17	6.5343e+03	2.288e-21	2.7826e+01	3.0003e+01	5.0581e-13	5.6632e-03	9.9434e-01	3.2014e-02	9.6720e-01	7.8661e-04	5.9108e-16	6.1546e-04	3.8128e-01	6.1791e-01	1.9779e-04	5.0372e-03	7.7709e-01	2.1784e-01	3.3031e-05	1.1755e-36	1.1755e-36	3.2412e-24	0.00e+00	0.00e+00	1.6190e-01
1.96931e+17	6.4443e+03	2.243e-21	2.7826e+01	3.0001e+01	5.4696e-13	5.6805e-03	9.9432e-01	3.2695e-02	9.6664e-01	6.6596e-04	6.0307e-16	6.2592e-04	3.8672e-01	6.1247e-01	1.8745e-04	5.1000e-03	7.8202e-01	2.1286e-01	2.6392e-05	1.1755e-36	1.1755e-36	3.2268e-24	0.00e+00	0.00e+00	2.3257e-01
2.78363e+17	6.3506e+03	2.198e-21	2.7826e+01	2.9995e+01	6.0489e-13	5.7450e-03	9.9426e-01	3.3706e-02	9.6577e-01	5.2492e-04	6.3032e-16	6.4310e-04	3.9451e-01	6.0467e-01	1.7459e-04	5.2235e-03	7.8903e-01	2.0573e-01	1.9494e-05	1.1755e-36	1.1755e-36	3.2975e-24	0.00e+00	0.00e+00	3.2549e-01
3.84223e+17	6.2569e+03	2.155e-21	2.7826e+01	2.9987e+01	6.8666e-13	5.8808e-03	9.9412e-01	3.5227e-02	9.6439e-01	3.7766e-04	6.8082e-16	6.7060e-04	4.0568e-01	5.9349e-01	1.5926e-04	5.4373e-03	7.9871e-01	1.9584e-01	1.2985e-05	1.1755e-36	1.1755e-36	3.4911e-24	0.00e+00	0.00e+00	4.4914e-01
5.21842e+17	6.1684e+03	2.117e-21	2.7826e+01	2.9976e+01	8.0764e-13	6.1305e-03	9.9387e-01	3.7571e-02	9.6219e-01	2.4226e-04	7.7341e-16	7.1433e-04	4.2188e-01	5.7727e-01	1.4153e-04	5.7933e-03	8.1181e-01	1.8239e-01	7.5455e-06	1.1755e-36	1.1755e-36	3.9161e-24	0.00e+00	0.00e+00	6.1670e-01
7.00747e+17	6.0926e+03	2.087e-21	2.7826e+01	2.9957e+01	9.9765e-13	6.5723e-03	9.9343e-01	4.1306e-02	9.5856e-01	1.3481e-04	9.4810e-16	7.8425e-04	4.4573e-01	5.5336e-01	1.2128e-04	6.3882e-03	8.2928e-01	1.6432e-01	3.6576e-06	1.1755e-36	1.1755e-36	4.8072e-24	0.00e+00	0.00e+00	8.5024e-01
9.31134e+17	6.0409e+03	2.073e-21	2.7826e+01	2.9922e+01	1.3200e-12	7.3544e-03	9.9265e-01	4.7588e-02	9.5235e-01	6.3461e-05	1.3022e-15	8.9858e-04	4.8145e-01	5.1755e-01	9.8203e-05	7.4080e-03	8.5214e-01	1.4045e-01	1.3994e-06	1.1755e-36	1.1755e-36	6.7734e-24	0.00e+00	0.00e+00	1.1843e+00
1.14788e+18	6.0247e+03	2.076e-21	2.7826e+01	2.9874e+01	1.7100e-12	8.2900e-03	9.9171e-01	5.5161e-02	9.4481e-01	3.1010e-05	1.7946e-15	1.0269e-03	5.1885e-01	4.8004e-01	7.9430e-05	8.6149e-03	8.7256e-01	1.1883e-01	5.5795e-07	1.1755e-36	1.1755e-36	9.7153e-24	0.00e+00	0.00e+00	1.4392e+00
1.29625e+18	6.0484e+03	2.095e-21	2.7826e+01	2.9830e+01	2.0710e-12	9.1943e-03	9.9081e-01	6.2400e-02	9.3758e-01	1.9332e-05	2.3618e-15	1.1410e-03	5.4967e-01	4.4913e-01	6.6821e-05	9.7659e-03	8.8710e-01	1.0313e-01	2.8874e-07	1.1755e-36	1.1755e-36	1.3420e-23	0.00e+00	0.00e+00	1.6359e+00
1.41107e+18	6.0766e+03	2.120e-21	2.7826e+01	2.9789e+01	2.4571e-12	1.0104e-02	9.8990e-01	6.9762e-02	9.3022e-01	1.3464e-05	3.0339e-15	1.2478e-03	5.7710e-01	4.2160e-01	5.7059e-05	1.0919e-02	8.9856e-01	9.0521e-02	1.6802e-07	1.1755e-36	1.1755e-36	1.8121e-23	0.00e+00	0.00e+00	1.8274e+00
1.53515e+18	6.1090e+03	2.152e-21	2.7826e+01	2.9728e+01	3.0472e-12	1.1352e-02	9.8865e-01	8.0114e-02	9.1988e-01	9.0647e-06	4.1325e-15	1.3846e-03	6.1057e-01	3.8800e-01	4.6611e-05	1.2502e-02	9.1085e-01	7.6646e-02	1.1755e-36	1.1755e-36	1.1755e-36	2.6319e-23	0.00e+00	0.00e+00	2.1072e+00
1.66343e+18	6.1578e+03	2.195e-21	2.7826e+01	2.9645e+01	3.8512e-12	1.2968e-02	9.8703e-01	9.3916e-02	9.0608e-01	6.0842e-06	5.8311e-15	1.5435e-03	6.4779e-01	3.5063e-01	3.6749e-05	1.4547e-02	9.2247e-01	6.2987e-02	1.1755e-36	1.1755e-36	1.1755e-36	4.0195e-23	0.00e+00	0.00e+00	2.3722e+00
1.76624e+18	6.2049e+03	2.238e-21	2.7826e+01	2.9562e+01	4.7745e-12	1.4661e-02	9.8534e-01	1.0899e-01	8.9100e-01	4.4327e-06	7.9843e-15	1.6918e-03	6.8112e-01	3.1716e-01	2.9220e-05	1.6686e-02	9.3112e-01	5.2193e-02	1.1755e-36	1.1755e-36	1.1755e-36	5.9412e-23	0.00e+00	0.00e+00	2.6023e+00
1.85065e+18	6.2543e+03	2.278e-21	2.7826e+01	2.9499e+01	5.7954e-12	1.6408e-02	9.8359e-01	1.2543e-01	8.7457e-01	3.4177e-06	1.0662e-14	1.8274e-03	7.1088e-01	2.8727e-01	2.3395e-05	1.8893e-02	9.3755e-01	4.3559e-02	1.1755e-36	1.1755e-36	1.1755e-36	8.5461e-23	0.00e+00	0.00e+00	2.8314e+00
1.92992e+18	6.2794e+03	2.319e-21	2.7826e+01	2.9373e+01	7.2645e-12	1.8464e-02	9.8154e-01	1.4528e-01	8.5472e-01	2.6424e-06	1.4362e-14	1.9699e-03	7.4073e-01	2.5728e-01	1.8317e-05	2.1485e-02	9.4268e-01	3.5834e-02	1.1755e-36	1.1755e-36	1.1755e-36	1.2392e-22	0.00e+00	0.00e+00	3.0879e+00
2.00692e+18	6.3290e+03	2.362e-21	2.7826e+01	2.9282e+01	9.0734e-12	2.0936e-02	9.7906e-01	1.7063e-01	8.2937e-01	2.0620e-06	1.9762e-14	2.1154e-03	7.7094e-01	2.2693e-01	1.3918e-05	2.4596e-02	9.4661e-01	2.8790e-02	1.1755e-36	1.1755e-36	1.1755e-36	1.8580e-22	0.00e+00	0.00e+00	3.3636e+00
2.08002e+18	6.3521e+03	2.406e-21	2.7826e+01	2.9095e+01	1.1788e-11	2.3933e-02	9.7607e-01	2.0235e-01	7.9764e-01	1.5976e-06	2.7602e-14	2.2649e-03	8.0085e-01	1.9688e-01	1.0231e-05	2.8358e-02	9.4902e-01	2.2623e-02	1.1755e-36	1.1755e-36	1.1755e-36	2.8261e-22	0.00e+00	0.00e+00	3.6632e+00
2.14737e+18	6.3876e+03	2.450e-21	2.7826e+01	2.8952e+01	1.5312e-11	2.7478e-02	9.7252e-01	2.4186e-01	7.5814e-01	1.2533e-06	3.9109e-14	2.4101e-03	8.2912e-01	1.6847e-01	7.3197e-06	3.2795e-02	9.4977e-01	1.7431e-02	1.1755e-36	1.1755e-36	1.1755e-36	4.3947e-22	0.00e+00	0.00e+00	3.9696e+00
2.20589e+18	6.4181e+03	2.483e-21	2.7826e+01	2.8714e+01	1.9724e-11	3.1344e-02	9.6866e-01	2.8663e-01	7.1337e-01	9.9565e-07	5.4436e-14	2.5325e-03	8.5353e-01	1.4394e-01	5.2265e-06	3.7620e-02	9.4897e-01	1.3412e-02	1.1755e-36	1.1755e-36	1.1755e-36	6.6581e-22	0.00e+00	0.00e+00	4.2646e+00
2.25639e+18	6.4418e+03	2.513e-21	2.7826e+01	2.8516e+01	2.5332e-11	3.5593e-02	9.6441e-01	3.3674e-01	6.6326e-01	7.9982e-07	7.5244e-14	2.6411e-03	8.7448e-01	1.2287e-01	3.7220e-06	4.2907e-02	9.4678e-01	1.0316e-02	1.1755e-36	1.1755e-36	1.1755e-36	9.9889e-22	0.00e+00	0.00e+00	4.5612e+00
2.30167e+18	6.4615e+03	2.535e-21	2.7826e+01	2.8274e+01	3.2486e-11	4.0310e-02	9.5969e-01	3.9227e-01	6.0773e-01	6.4117e-07	1.0351e-13	2.7328e-03	8.9252e-01	1.0474e-01	2.6350e-06	4.8757e-02	9.4335e-01	7.8924e-03	1.1755e-36	1.1755e-36	1.1755e-36	1.4843e-21	0.00e+00	0.00e+00	4.8668e+00
2.34336e+18	6.4781e+03	2.548e-21	2.7826e+01	2.7991e+01	4.1846e-11	4.5670e-02	9.5433e-01	4.5351e-01	5.4649e-01	5.0889e-07	1.4295e-13	2.8095e-03	9.0817e-01	8.9016e-02	1.8438e-06	5.5383e-02	9.3864e-01	5.9730e-03	1.1755e-36	1.1755e-36	1.1755e-36	2.2088e-21	0.00e+00	0.00e+00	5.1897e+00
2.38240e+18	6.4911e+03	2.555e-21	2.7826e+01	2.7677e+01	5.4478e-11	5.1908e-02	9.4809e-01	5.1988e-01	4.8012e-01	3.9718e-07	1.9954e-13	2.8731e-03	9.2173e-01	7.5395e-02	1.2703e-06	6.3064e-02	9.3248e-01	4.4531e-03	1.1755e-36	1.1755e-36	1.1755e-36	3.3233e-21	0.00e+00	0.00e+00	5.5348e+00
2.41909e+18	6.5031e+03	2.547e-21	2.7826e+01	2.7251e+01	7.1230e-11	5.9062e-02	9.4094e-01	5.8818e-01	4.1182e-01	3.0410e-07	2.7895e-13	2.9140e-03	9.3310e-01	6.3981e-02	8.6809e-07	7.1842e-02	9.2488e-01	3.2788e-03	1.1755e-36	1.1755e-36	1.1755e-36	4.9933e-21	0.00e+00	0.00e+00	5.9036e+00
2.45407e+18	6.5077e+03	2.537e-21	2.7826e+01	2.6843e+01	9.5348e-11	6.7749e-02	9.3225e-01	6.5713e-01	3.4287e-01	2.2740e-07	3.9834e-13	2.9483e-03	9.4287e-01	5.4180e-02	5.8168e-07	8.2450e-02	9.1518e-01	2.3667e-03	1.1755e-36	1.1755e-36	1.1755e-36	7.7357e-21	0.00e+00	0.00e+00	6.3133e+00
2.48774e+18	6.5081e+03	2.520e-21	2.7826e+01	2.6394e+01	1.3060e-10	7.8419e-02	9.2158e-01	7.2298e-01	2.7702e-01	1.6609e-07	5.7941e-13	2.9702e-03	9.5112e-01	4.5910e-02	3.8300e-07	9.5411e-02	9.0292e-01	1.6725e-03	1.1755e-36	1.1755e-36	1.1755e-36	1.2355e-20	0.00e+00	0.00e+00	6.7669e+00
2.51988e+18	6.5053e+03	2.492e-21	2.7826e+01	2.5895e+01	1.8284e-10	9.1560e-02	9.0844e-01	7.8161e-01	2.1839e-01	1.1929e-07	8.5434e-13	2.9778e-03	9.5797e-01	3.9056e-02	2.4924e-07	1.1128e-01	8.8756e-01	1.1611e-03	1.1755e-36	1.1755e-36	1.1755e-36	2.0331e-20	0.00e+00	0.00e+00	7.2713e+00
2.55054e+18	6.4958e+03	2.452e-21	2.7826e+01	2.5333e+01	2.6307e-10	1.0796e-01	8.9204e-01	8.3096e-01	1.6904e-01	8.4823e-08	1.2774e-12	2.9701e-03	9.6368e-01	3.3351e-02	1.6039e-07	1.3093e-01	8.6828e-01	7.9221e-04	1.1755e-36	1.1755e-36	1.1755e-36	3.4640e-20	0.00e+00	0.00e+00	7.8396e+00
2.57970e+18	6.4822e+03	2.387e-21	2.7826e+01	2.4597e+01	3.8652e-10	1.2817e-01	8.7183e-01	8.7039e-01	1.2961e-01	6.0281e-08	1.9167e-12	2.9344e-03	9.6841e-01	2.8658e-02	1.1755e-36	1.5494e-01	8.4453e-01	5.3345e-04	1.1755e-36	1.1755e-36	1.1755e-36	6.0276e-20	0.00e+00	0.00e+00	8.4784e+00
2.60726e+18	6.4495e+03	2.306e-21	2.7826e+01	2.3805e+01	5.9405e-10	1.5400e-01	8.4600e-01	9.0083e-01	9.9171e-02	4.3300e-08	2.9417e-12	2.8857e-03	9.7253e-01	2.4580e-02	1.1755e-36	1.8528e-01	8.1437e-01	3.5314e-04	1.1755e-36	1.1755e-36	1.1755e-36	1.1059e-19	0.00e+00	0.00e+00	9.2024e+00
2.63263e+18	6.3973e+03	2.199e-21	2.7826e+01	2.2863e+01	9.4381e-10	1.8602e-01	8.1398e-01	9.2324e-01	7.6763e-02	3.1900e-08	4.5460e-12	2.8122e-03	9.7607e-01	2.1115e-02	1.1755e-36	2.2238e-01	7.7739e-01	2.3242e-04	1.1755e-36	1.1755e-36	1.1755e-36	2.0872e-19	0.00e+00	0.00e+00	9.9857e+00
2.65491e+18	6.3216e+03	2.066e-21	2.7826e+01	2.1775e+01	1.5247e-09	2.2356e-01	7.7644e-01	9.3885e-01	6.1155e-02	2.4600e-08	6.9354e-12	2.7137e-03	9.7904e-01	1.8242e-02	1.1755e-36	2.6517e-01	7.3467e-01	1.5492e-04	1.1755e-36	1.1755e-36	1.1755e-36	3.9301e-19	0.00e+00	0.00e+00	1.0795e+01
2.67346e+18	6.2241e+03	1.920e-21	2.7826e+01	2.0624e+01	2.4434e-09	2.6434e-01	7.3566e-01	9.4936e-01	5.0641e-02	2.0022e-08	1.0236e-11	2.6002e-03	9.8146e-01	1.5942e-02	1.1755e-36	3.1082e-01	6.8908e-01	1.0682e-04	1.1755e-36	1.1755e-36	1.1755e-36	7.1477e-19	0.00e+00	0.00e+00	1.1561e+01
2.68763e+18	6.1182e+03	1.779e-21	2.7826e+01	1.9523e+01	3.7110e-09	3.0298e-01	6.9702e-01	9.5592e-01	4.4080e-02	1.7373e-08	1.4128e-11	2.4851e-03	9.8326e-01	1.4259e-02	1.1755e-36	3.5328e-01	6.4664e-01	7.8538e-05	1.1755e-36	1.1755e-36	1.1755e-36	1.1868e-18	0.00e+00	0.00e+00	1.2191e+01
2.69773e+18	6.0196e+03	1.663e-21	2.7826e+01	1.8616e+01	5.1929e-09	3.3521e-01	6.6479e-01	9.5999e-01	4.0009e-02	1.5816e-08	1.8050e-11	2.3874e-03	9.8453e-01	1.3085e-02	1.1755e-36	3.8812e-01	6.1182e-01	6.2162e-05	1.1755e-36	1.1755e-36	1.1755e-36	1.7613e-18	0.00e+00	0.00e+00	1.2685e+01
2.70537e+18	5.9285e+03	1.567e-21	2.7826e+01	1.7862e+01	6.8539e-09	3.6210e-01	6.3790e-01	9.6279e-01	3.7207e-02	1.4782e-08	2.1883e-11	2.3046e-03	9.8549e-01	1.2205e-02	1.1755e-36	4.1681e-01	5.8314e-01	5.1658e-05	1.1755e-36	1.1755e-36	1.1755e-36	2.4185e-18	0.00e+00	0.00e+00	1.3123e+01
2.71208e+18	5.8346e+03	1.478e-21	2.7826e+01	1.7148e+01	8.9148e-09	3.8751e-01	6.1249e-01	9.6511e-01	3.4892e-02	1.3951e-08	2.6055e-11	2.2252e-03	9.8634e-01	1.1439e-02	1.1755e-36	4.4360e-01	5.5635e-01	4.3640e-05	1.1755e-36	1.1755e-36	1.1755e-36	3.2447e-18	0.00e+00	0.00e+00	1.3568e+01
2.71848e+18	5.7315e+03	1.388e-21	2.7826e+01	1.6419e+01	1.1683e-08	4.1345e-01	5.8655e-01	9.6715e-01	3.2848e-02	1.3247e-08	3.0974e-11	2.1432e-03	9.8713e-01	1.0724e-02	1.1755e-36	4.7064e-01	5.2933e-01	3.6965e-05	1.1755e-36	1.1755e-36	1.1755e-36	4.3756e-18	0.00e+00	0.00e+00	1.4023e+01
2.72294e+18	5.6551e+03	1.324e-21	2.7826e+01	1.5885e+01	1.4227e-08	4.3253e-01	5.6747e-01	9.6827e-01	3.1730e-02	1.2921e-08	3.5082e-11	2.0823e-03	9.8763e-01	1.0288e-02	1.1755e-36	4.9032e-01	5.0964e-01	3.2966e-05	1.1755e-36	1.1755e-36	1.1755e-36	5.4603e-18	0.00e+00	0.00e+00	1.4224e+01
2.72500e+18	5.6154e+03	1.294e-21	2.7826e+01	1.5633e+01	1.5678e-08	4.4168e-01	5.5832e-01	9.6880e-01	3.1195e-02	1.2759e-08	3.7246e-11	2.0537e-03	9.8787e-01	1.0079e-02	1.1755e-36	4.9970e-01	5.0027e-01	3.1217e-05	1.1755e-36	1.1755e-36	1.1755e-36	6.0848e-18	0.00e+00	0.00e+00	1.4339e+01
2.72654e+18	5.5837e+03	1.271e-21	2.7826e+01	1.5439e+01	1.6905e-08	4.4862e-01	5.5138e-01	9.6925e-01	3.0752e-02	1.2616e-08	3.8979e-11	2.0315e-03	9.8806e-01	9.9084e-03	1.1755e-36	5.0680e-01	4.9317e-01	2.9922e-05	1.1755e-36	1.1755e-36	1.1755e-36	6.6119e-18	0.00e+00	0.00e+00	1.4465e+01
2.72837e+18	5.5514e+03	1.242e-21	2.7826e+01	1.5201e+01	1.8370e-08	4.5678e-01	5.4322e-01	9.6975e-01	3.0250e-02	1.2468e-08	4.1078e-11	2.0038e-03	9.8829e-01	9.7096e-03	1.1755e-36	5.1510e-01	4.8487e-01	2.8434e-05	1.1755e-36	1.1755e-36	1.1755e-36	7.2793e-18	0.00e+00	0.00e+00	1.4631e+01
2.73072e+18	5.4926e+03	1.206e-21	2.7826e+01	1.4893e+01	2.0894e-08	4.6788e-01	5.3212e-01	9.7042e-01	2.9579e-02	1.2245e-08	4.4234e-11	1.9689e-03	9.8859e-01	9.4449e-03	1.1755e-36	5.2636e-01	4.7361e-01	2.6611e-05	1.1755e-36	1.1755e-36	1.1755e-36	8.3645e-18	0.00e+00	0.00e+00	1.4845e+01
2.73310e+18	5.4384e+03	1.170e-21	2.7826e+01	1.4580e+01	2.3663e-08	4.7909e-01	5.2091e-01	9.7101e-01	2.8993e-02	1.2075e-08	4.7651e-11	1.9330e-03	9.8887e-01	9.2004e-03	1.1755e-36	5.3767e-01	4.6230e-01	2.4907e-05	1.1755e-36	1.1755e-36	1.1755e-36	9.6351e-18	0.00e+00	0.00e+00	1.5027e+01
2.73510e+18	5.3850e+03	1.140e-21	2.7826e+01	1.4322e+01	2.6584e-08	4.8906e-01	5.1094e-01	9.7152e-01	2.8483e-02	1.1910e-08	5.1037e-11	1.9037e-03	9.8911e-01	8.9844e-03	1.1755e-36	5.4769e-01	4.5229e-01	2.3518e-05	1.1755e-36	1.1755e-36	1.1755e-36	1.1003e-17	0.00e+00	0.00e+00	1.5185e+01
2.73686e+18	5.3453e+03	1.112e-21	2.7826e+01	1.4079e+01	2.9153e-08	4.9742e-01	5.0258e-01	9.7192e-01	2.8080e-02	1.1809e-08	5.3972e-11	1.8754e-03	9.8931e-01	8.8105e-03	1.1755e-36	5.5605e-01	4.4393e-01	2.2378e-05	1.1755e-36	1.1755e-36	1.1755e-36	1.2269e-17	0.00e+00	0.00e+00	1.5332e+01
2.73865e+18	5.2924e+03	1.084e-21	2.7826e+01	1.3831e+01	3.2594e-08	5.0653e-01	4.9347e-01	9.7237e-01	2.7631e-02	1.1670e-08	5.7566e-11	1.8471e-03	9.8954e-01	8.6160e-03	1.1755e-36	5.6514e-01	4.3484e-01	2.1230e-05	1.1755e-36	1.1755e-36	1.1755e-36	1.3947e-17	0.00e+00	0.00e+00	1.5501e+01
2.74050e+18	5.2425e+03	1.055e-21	2.7826e+01	1.3571e+01	3.6354e-08	5.1577e-01	4.8423e-01	9.7278e-01	2.7215e-02	1.1560e-08	6.1448e-11	1.8170e-03	9.8975e-01	8.4292e-03	1.1755e-36	5.7432e-01	4.2566e-01	2.0119e-05	1.1755e-36	1.1755e-36	1.1755e-36	1.5895e-17	0.00e+00	0.00e+00	1.5665e+01
2.74227e+18	5.1938e+03	1.027e-21	2.7826e+01	1.3321e+01	4.0436e-08	5.2471e-01	4.7529e-01	9.7317e-01	2.6826e-02	1.1461e-08	6.5535e-11	1.7878e-03	9.8996e-01	8.2519e-03	1.1755e-36	5.8315e-01	4.1683e-01	1.9100e-05	1.1755e-36	1.1755e-36	1.1755e-36	1.8109e-17	0.00e+00	0.00e+00	1.5825e+01
2.74401e+18	5.1421e+03	9.999e-22	2.7826e+01	1.3071e+01	4.5139e-08	5.3361e-01	4.6639e-01	9.7355e-01	2.6446e-02	1.1362e-08	7.0029e-11	1.7590e-03	9.9016e-01	8.0782e-03	1.1755e-36	5.9192e-01	4.0806e-01	1.8144e-05	1.1755e-36	1.1755e-36	1.1755e-36	2.0748e-17	0.00e+00	0.00e+00	1.5987e+01
2.74570e+18	5.0906e+03	9.734e-22	2.7826e+01	1.2827e+01	5.0350e-08	5.4234e-01	4.5766e-01	9.7391e-01	2.6089e-02	1.1274e-08	7.4875e-11	1.7306e-03	9.9036e-01	7.9116e-03	1.1755e-36	6.0049e-01	3.9949e-01	1.7254e-05	1.1755e-36	1.1755e-36	1.1755e-36	2.3828e-17	0.00e+00	0.00e+00	1.6145e+01
2.74733e+18	5.0386e+03	9.479e-22	2.7826e+01	1.2588e+01	5.6153e-08	5.5085e-01	4.4915e-01	9.7425e-01	2.5750e-02	1.1192e-08	8.0102e-11	1.7030e-03	9.9054e-01	7.7522e-03	1.1755e-36	6.0882e-01	3.9117e-01	1.6432e-05	1.1755e-36	1.1755e-36	1.1755e-36	2.7434e-17	0.00e+00	0.00e+00	1.6300e+01
2.74890e+18	4.9866e+03	9.233e-22	2.7826e+01	1.2356e+01	6.2558e-08	5.5915e-01	4.4085e-01	9.7457e-01	2.5430e-02	1.1116e-08	8.5556e-11	1.6761e-03	9.9073e-01	7.5978e-03	1.1755e-36	6.1690e-01	3.8309e-01	1.5669e-05	1.1755e-36	1.1755e-36	1.1755e-36	3.1495e-17	0.00e+00	0.00e+00	1.6452e+01
2.75043e+18	4.9299e+03	8.996e-22	2.7826e+01	1.2124e+01	7.0054e-08	5.6735e-01	4.3265e-01	9.7488e-01	2.5115e-02	1.1038e-08	9.0933e-11	1.6495e-03	9.9091e-01	7.4420e-03	1.1755e-36	6.2487e-01	3.7512e-01	1.4958e-05	1.1755e-36	1.1755e-36	1.1755e-36	3.5807e-17	0.00e+00	0.00e+00	1.6603e+01
2.75190e+18	4.8783e+03	8.770e-22	2.7826e+01	1.1908e+01	7.7827e-08	5.7520e-01	4.2480e-01	9.7517e-01	2.4830e-02	1.0972e-08	9.6442e-11	1.6244e-03	9.9108e-01	7.2954e-03	1.1755e-36	6.3246e-01	3.6752e-01	1.4302e-05	1.1755e-36	1.1755e-36	1.1755e-36	4.0540e-17	0.00e+00	0.00e+00	1.6746e+01
2.75331e+18	4.8273e+03	8.551e-22	2.7826e+01	1.1695e+01	8.6328e-08	5.8280e-01	4.1720e-01	9.7544e-01	2.4558e-02	1.0913e-08	1.0218e-10	1.5998e-03	9.9125e-01	7.1544e-03	1.1755e-36	6.3980e-01	3.6019e-01	1.3692e-05	1.1755e-36	1.1755e-36	1.1755e-36	4.5853e-17	0.00e+00	0.00e+00	1.6891e+01
2.75474e+18	4.7663e+03	8.335e-22	2.7826e+01	1.1475e+01	9.7158e-08	5.9073e-01	4.0927e-01	9.7573e-01	2.4267e-02	1.0837e-08	1.0884e-10	1.5750e-03	9.9142e-01	7.0076e-03	1.1755e-36	6.4744e-01	3.5255e-01	1.3096e-05	1.1755e-36	1.1755e-36	1.1755e-36	5.2565e-17	0.00e+00	0.00e+00	1.7040e+01
2.75611e+18	4.7178e+03	8.126e-22	2.7826e+01	1.1269e+01	1.0725e-07	5.9797e-01	4.0203e-01	9.7597e-01	2.4034e-02	1.0798e-08	1.1515e-10	1.5509e-03	9.9157e-01	6.8790e-03	1.1755e-36	6.5437e-01	3.4562e-01	1.2558e-05	1.1755e-36	1.1755e-36	1.1755e-36	5.9348e-17	0.00e+00	0.00e+00	1.7176e+01
2.75744e+18	4.6654e+03	7.922e-22	2.7826e+01	1.1065e+01	1.1901e-07	6.0522e-01	3.9478e-01	9.7621e-01	2.3788e-02	1.0748e-08	1.2206e-10	1.5274e-03	9.9172e-01	6.7485e-03	1.1755e-36	6.6129e-01	3.3870e-01	1.2044e-05	1.1755e-36	1.1755e-36	1.1755e-36	6.7362e-17	0.00e+00	0.00e+00	1.7322e+01
2.75881e+18	4.6116e+03	7.714e-22	2.7826e+01	1.0855e+01	1.3244e-07	6.1271e-01	3.8729e-01	9.7646e-01	2.3541e-02	1.0701e-08	1.2971e-10	1.5031e-03	9.9188e-01	6.6157e-03	1.1755e-36	6.6843e-01	3.3156e-01	1.1532e-05	1.1755e-36	1.1755e-36	1.1755e-36	7.6916e-17	0.00e+00	0.00e+00	1.7471e+01
2.76019e+18	4.5524e+03	7.508e-22	2.7826e+01	1.0642e+01	1.4843e-07	6.2029e-01	3.7971e-01	9.7670e-01	2.3296e-02	1.0652e-08	1.3823e-10	1.4788e-03	9.9204e-01	6.4826e-03	1.1755e-36	6.7563e-01	3.2436e-01	1.1040e-05	1.1755e-36	1.1755e-36	1.1755e-36	8.8472e-17	0.00e+00	0.00e+00	1.7620e+01
2.76151e+18	4.4951e+03	7.314e-22	2.7826e+01	1.0439e+01	1.6563e-07	6.2757e-01	3.7243e-01	9.7693e-01	2.3068e-02	1.0608e-08	1.4704e-10	1.4557e-03	9.9219e-01	6.3570e-03	1.1755e-36	6.8252e-01	3.1747e-01	1.0588e-05	1.1755e-36	1.1755e-36	1.1755e-36	1.0141e-16	0.00e+00	0.00e+00	1.7760e+01
2.76276e+18	4.4394e+03	7.132e-22	2.7826e+01	1.0247e+01	1.8399e-07	6.3446e-01	3.6554e-01	9.7715e-01	2.2855e-02	1.0567e-08	1.5604e-10	1.4338e-03	9.9233e-01	6.2386e-03	1.1755e-36	6.8903e-01	3.1096e-01	1.0174e-05	1.1755e-36	1.1755e-36	1.1755e-36	1.1567e-16	0.00e+00	0.00e+00	1.7897e+01
2.76398e+18	4.3834e+03	6.955e-22	2.7826e+01	1.0058e+01	2.0419e-07	6.4126e-01	3.5874e-01	9.7736e-01	2.2645e-02	1.0526e-08	1.6556e-10	1.4124e-03	9.9247e-01	6.1222e-03	1.1755e-36	6.9544e-01	3.0455e-01	9.7802e-06	1.1755e-36	1.1755e-36	1.1755e-36	1.3192e-16	0.00e+00	0.00e+00	1.8035e+01
2.76522e+18	4.3219e+03	6.778e-22	2.7826e+01	9.8649e+00	2.2810e-07	6.4822e-01	3.5178e-01	9.7757e-01	2.2427e-02	1.0479e-08	1.7613e-10	1.3909e-03	9.9261e-01	6.0036e-03	1.1755e-36	7.0197e-01	2.9802e-01	9.3960e-06	1.1755e-36	1.1755e-36	1.1755e-36	1.5147e-16	0.00e+00	0.00e+00	1.8176e+01
2.76643e+18	4.2681e+03	6.606e-22	2.7826e+01	9.6799e+00	2.5151e-07	6.5482e-01	3.4518e-01	9.7776e-01	2.2238e-02	1.0451e-08	1.8648e-10	1.3698e-03	9.9274e-01	5.8937e-03	1.1755e-36	7.0815e-01	2.9184e-01	9.0357e-06	1.1755e-36	1.1755e-36	1.1755e-36	1.7190e-16	0.00e+00	0.00e+00	1.8312e+01
2.76765e+18	4.2023e+03	6.434e-22	2.7826e+01	9.4879e+00	2.8152e-07	6.6186e-01	3.3814e-01	9.7798e-01	2.2016e-02	1.0397e-08	1.9861e-10	1.3488e-03	9.9288e-01	5.7744e-03	1.1755e-36	7.1474e-01	2.8525e-01	8.6749e-06	1.1755e-36	1.1755e-36	1.1755e-36	1.9794e-16	0.00e+00	0.00e+00	1.8459e+01
2.76888e+18	4.1409e+03	6.263e-22	2.7826e+01	9.2969e+00	3.1218e-07	6.6867e-01	3.3133e-01	9.7818e-01	2.1820e-02	1.0363e-08	2.1067e-10	1.3276e-03	9.9301e-01	5.6628e-03	1.1755e-36	7.2108e-01	2.7891e-01	8.3333e-06	1.1755e-36	1.1755e-36	1.1755e-36	2.2575e-16	0.00e+00	0.00e+00	1.8599e+01
2.77009e+18	4.0802e+03	6.096e-22	2.7826e+01	9.1043e+00	3.4424e-07	6.7518e-01	3.2482e-01	9.7836e-01	2.1643e-02	1.0344e-08	2.2257e-10	1.3060e-03	9.9314e-01	5.5569e-03	1.1755e-36	7.2713e-01	2.7286e-01	8.0142e-06	1.1755e-36	1.1755e-36	1.1755e-36	2.5524e-16	0.00e+00	0.00e+00	1.8743e+01
2.77134e+18	4.0136e+03	5.924e-22	2.7826e+01	8.9081e+00	3.8162e-07	6.8221e-01	3.1779e-01	9.7856e-01	2.1439e-02	1.0306e-08	2.3589e-10	1.2846e-03	9.9327e-01	5.4420e-03	1.1755e-36	7.3364e-01	2.6635e-01	7.6843e-06	1.1755e-36	1.1755e-36	1.1755e-36	2.9052e-16	0.00e+00	0.00e+00	1.8899e+01
2.77266e+18	3.9420e+03	5.748e-22	2.7826e+01	8.7024e+00	4.2358e-07	6.8953e-01	3.1047e-01	9.7877e-01	2.1230e-02	1.0269e-08	2.4996e-10	1.2623e-03	9.9341e-01	5.3240e-03	1.1755e-36	7.4042e-01	2.5958e-01	7.3532e-06	1.1755e-36	1.1755e-36	1.1755e-36	3.3050e-16	0.00e+00	0.00e+00	1.9061e+01
