#depth	Te	Htot	hden	eden	2H_2/H	HI	HII	HeI	HeII	HeIII	CO/C	C1	C2	C3	C4	O1	O2	O3	O4	O5	O6	H2O/O	AV(point)	AV(extend)	Tau912
9.10324e+12	7.3926e+03	1.080e-18	5.9948e+02	6.4946e+02	5.6526e-15	2.5584e-03	9.9744e-01	1.3839e-02	9.8383e-01	2.3361e-03	2.6014e-17	1.5671e-04	2.0611e-01	7.9296e-01	7.7822e-04	1.3895e-03	5.2727e-01	4.7099e-01	3.5399e-04	1.1755e-36	1.1755e-36	1.7536e-25	0.00e+00	0.00e+00	1.7629e-04
5.46194e+13	7.3908e+03	1.080e-18	5.9948e+02	6.4941e+02	5.6558e-15	2.5576e-03	9.9744e-01	1.3839e-02	9.8383e-01	2.3341e-03	2.5989e-17	1.5654e-04	2.0611e-01	7.9295e-01	7.8007e-04	1.3889e-03	5.2719e-01	4.7107e-01	3.5281e-04	1.1755e-36	1.1755e-36	1.7510e-25	0.00e+00	0.00e+00	8.8126e-04
2.36684e+14	7.3867e+03	1.079e-18	5.9948e+02	6.4940e+02	5.6659e-15	2.5565e-03	9.9744e-01	1.3846e-02	9.8384e-01	2.3189e-03	2.5981e-17	1.5630e-04	2.0619e-01	7.9287e-01	7.7870e-04	1.3889e-03	5.2735e-01	4.7091e-01	3.4763e-04	1.1755e-36	1.1755e-36	1.7485e-25	0.00e+00	0.00e+00	3.6999e-03
9.64943e+14	7.3776e+03	1.075e-18	5.9948e+02	6.4939e+02	5.6938e-15	2.5554e-03	9.9744e-01	1.3880e-02	9.8388e-01	2.2407e-03	2.6051e-17	1.5622e-04	2.0660e-01	7.9247e-01	7.7171e-04	1.3917e-03	5.2824e-01	4.7004e-01	3.2748e-04	1.1755e-36	1.1755e-36	1.7479e-25	0.00e+00	0.00e+00	1.4970e-02
2.30494e+15	7.3409e+03	1.063e-18	5.9948e+02	6.4939e+02	5.7057e-15	2.5316e-03	9.9747e-01	1.3878e-02	9.8393e-01	2.1914e-03	2.5521e-17	1.5493e-04	2.0672e-01	7.9236e-01	7.6486e-04	1.3821e-03	5.2882e-01	4.6949e-01	3.0154e-04	1.1755e-36	1.1755e-36	1.6859e-25	0.00e+00	0.00e+00	2.9484e-02
4.04693e+15	7.3021e+03	1.051e-18	5.9948e+02	6.4940e+02	5.7447e-15	2.5115e-03	9.9749e-01	1.3901e-02	9.8404e-01	2.0637e-03	2.5150e-17	1.5431e-04	2.0712e-01	7.9198e-01	7.5227e-04	1.3764e-03	5.3001e-01	4.6834e-01	2.6944e-04	1.1755e-36	1.1755e-36	1.6366e-25	0.00e+00	0.00e+00	4.8203e-02
6.31153e+15	7.2600e+03	1.037e-18	5.9948e+02	6.4940e+02	5.8019e-15	2.4936e-03	9.9751e-01	1.3948e-02	9.8419e-01	1.8619e-03	2.4859e-17	1.5409e-04	2.0780e-01	7.9131e-01	7.3408e-04	1.3742e-03	5.3188e-01	4.6651e-01	2.3164e-04	1.1755e-36	1.1755e-36	1.5905e-25	0.00e+00	0.00e+00	7.2364e-02
9.25550e+15	7.2108e+03	1.022e-18	5.9948e+02	6.4939e+02	5.9028e-15	2.4793e-03	9.9752e-01	1.4032e-02	9.8438e-01	1.5895e-03	2.4715e-17	1.5433e-04	2.0893e-01	7.9021e-01	7.0977e-04	1.3771e-03	5.3474e-01	4.6370e-01	1.8925e-04	1.1755e-36	1.1755e-36	1.5521e-25	0.00e+00	0.00e+00	1.0359e-01
1.30827e+16	7.1605e+03	1.006e-18	5.9948e+02	6.4938e+02	6.0190e-15	2.4685e-03	9.9753e-01	1.4157e-02	9.8458e-01	1.2640e-03	2.4701e-17	1.5513e-04	2.1054e-01	7.8863e-01	6.8022e-04	1.3859e-03	5.3876e-01	4.5971e-01	1.4474e-04	1.1755e-36	1.1755e-36	1.5188e-25	0.00e+00	0.00e+00	1.4402e-01
1.80580e+16	7.1043e+03	9.882e-19	5.9948e+02	6.4936e+02	6.1945e-15	2.4650e-03	9.9754e-01	1.4347e-02	9.8474e-01	9.1695e-04	2.4953e-17	1.5679e-04	2.1293e-01	7.8627e-01	6.4591e-04	1.4041e-03	5.4446e-01	4.5404e-01	1.0157e-04	1.1755e-36	1.1755e-36	1.4991e-25	0.00e+00	0.00e+00	1.9649e-01
2.45259e+16	7.0463e+03	9.691e-19	5.9948e+02	6.4932e+02	6.4261e-15	2.4720e-03	9.9753e-01	1.4628e-02	9.8478e-01	5.9268e-04	2.5558e-17	1.5965e-04	2.1638e-01	7.8285e-01	6.0848e-04	1.4353e-03	5.5227e-01	4.4623e-01	6.3841e-05	1.1755e-36	1.1755e-36	1.4960e-25	0.00e+00	0.00e+00	2.6490e-01
3.29342e+16	6.9860e+03	9.494e-19	5.9948e+02	6.4927e+02	6.7663e-15	2.4965e-03	9.9750e-01	1.5049e-02	9.8462e-01	3.3202e-04	2.6796e-17	1.6437e-04	2.2142e-01	7.7785e-01	5.6869e-04	1.4863e-03	5.6291e-01	4.3557e-01	3.4886e-05	1.1755e-36	1.1755e-36	1.5263e-25	0.00e+00	0.00e+00	3.5472e-01
4.38649e+16	6.9298e+03	9.295e-19	5.9948e+02	6.4920e+02	7.2303e-15	2.5476e-03	9.9745e-01	1.5679e-02	9.8416e-01	1.5635e-04	2.8988e-17	1.7191e-04	2.2878e-01	7.7053e-01	5.2653e-04	1.5668e-03	5.7728e-01	4.2114e-01	1.6005e-05	1.1755e-36	1.1755e-36	1.6037e-25	0.00e+00	0.00e+00	4.7386e-01
5.80749e+16	6.8811e+03	9.107e-19	5.9948e+02	6.4910e+02	7.9223e-15	2.6424e-03	9.9736e-01	1.6654e-02	9.8329e-01	5.9818e-05	3.2977e-17	1.8400e-04	2.3975e-01	7.5959e-01	4.7985e-04	1.6952e-03	5.9689e-01	4.0141e-01	5.9159e-06	1.1755e-36	1.1755e-36	1.7738e-25	0.00e+00	0.00e+00	6.3452e-01
7.65479e+16	6.8438e+03	8.951e-19	5.9948e+02	6.4885e+02	9.0384e-15	2.8124e-03	9.9719e-01	1.8214e-02	9.8177e-01	1.7953e-05	4.0553e-17	2.0389e-04	2.5661e-01	7.4277e-01	4.2511e-04	1.9069e-03	6.2414e-01	3.7395e-01	1.6829e-06	1.1755e-36	1.1755e-36	2.1283e-25	0.00e+00	0.00e+00	8.5681e-01
9.69599e+16	6.8196e+03	8.840e-19	5.9948e+02	6.4859e+02	1.0517e-14	3.0424e-03	9.9696e-01	2.0322e-02	9.7967e-01	4.9026e-06	5.1944e-17	2.3012e-04	2.7797e-01	7.2143e-01	3.7014e-04	2.1898e-03	6.5535e-01	3.4246e-01	4.3502e-07	1.1755e-36	1.1755e-36	2.6723e-25	0.00e+00	0.00e+00	1.0865e+00
1.15202e+17	6.8430e+03	8.802e-19	5.9948e+02	6.4830e+02	1.2002e-14	3.3124e-03	9.9669e-01	2.2778e-02	9.7722e-01	1.6712e-06	6.7345e-17	2.6007e-04	3.0104e-01	6.9838e-01	3.2373e-04	2.5163e-03	6.8523e-01	3.1225e-01	1.3769e-07	1.1755e-36	1.1755e-36	3.4463e-25	0.00e+00	0.00e+00	1.2939e+00
1.30798e+17	6.8777e+03	8.836e-19	5.9948e+02	6.4798e+02	1.3836e-14	3.6233e-03	9.9638e-01	2.5606e-02	9.7439e-01	7.1682e-07	8.8718e-17	2.9340e-04	3.2554e-01	6.7388e-01	2.8359e-04	2.8898e-03	7.1367e-01	2.8344e-01	1.1755e-36	1.1755e-36	1.1755e-36	4.5808e-25	0.00e+00	0.00e+00	1.4948e+00
1.45045e+17	6.9248e+03	8.905e-19	5.9948e+02	6.4756e+02	1.6054e-14	3.9856e-03	9.9601e-01	2.8983e-02	9.7102e-01	3.4803e-07	1.1881e-16	3.3164e-04	3.5247e-01	6.4695e-01	2.4682e-04	3.3290e-03	7.4176e-01	2.5491e-01	1.1755e-36	1.1755e-36	1.1755e-36	6.2409e-25	0.00e+00	0.00e+00	1.7036e+00
1.58519e+17	6.9777e+03	9.006e-19	5.9948e+02	6.4704e+02	1.8905e-14	4.4172e-03	9.9558e-01	3.3174e-02	9.6683e-01	1.8293e-07	1.6256e-16	3.7607e-04	3.8277e-01	6.1664e-01	2.1202e-04	3.8586e-03	7.7004e-01	2.2610e-01	1.1755e-36	1.1755e-36	1.1755e-36	8.7538e-25	0.00e+00	0.00e+00	1.9227e+00
1.71061e+17	7.0352e+03	9.133e-19	5.9948e+02	6.4646e+02	2.2497e-14	4.9229e-03	9.9508e-01	3.8381e-02	9.6162e-01	1.0395e-07	2.2551e-16	4.2678e-04	4.1628e-01	5.8312e-01	1.7974e-04	4.4873e-03	7.9773e-01	1.9778e-01	1.1755e-36	1.1755e-36	1.1755e-36	1.2519e-24	0.00e+00	0.00e+00	2.1460e+00
1.82425e+17	7.0974e+03	9.277e-19	5.9948e+02	6.4587e+02	2.6882e-14	5.4987e-03	9.9450e-01	4.4798e-02	9.5520e-01	6.3906e-08	3.1411e-16	4.8293e-04	4.5219e-01	5.4718e-01	1.5067e-04	5.2123e-03	8.2383e-01	1.7095e-01	1.1755e-36	1.1755e-36	1.1755e-36	1.8069e-24	0.00e+00	0.00e+00	2.3697e+00
1.92664e+17	7.1571e+03	9.437e-19	5.9948e+02	6.4524e+02	3.2458e-14	6.1501e-03	9.9385e-01	5.2706e-02	9.4729e-01	4.1892e-08	4.3955e-16	5.4339e-04	4.9013e-01	5.0921e-01	1.2469e-04	6.0406e-03	8.4799e-01	1.4597e-01	1.1755e-36	1.1755e-36	1.1755e-36	2.6403e-24	0.00e+00	0.00e+00	2.5962e+00
2.02002e+17	7.1998e+03	9.610e-19	5.9948e+02	6.4403e+02	3.9641e-14	6.9024e-03	9.9310e-01	6.2469e-02	9.3753e-01	2.8670e-08	6.1224e-16	6.0937e-04	5.3051e-01	4.6878e-01	1.0128e-04	7.0028e-03	8.7023e-01	1.2277e-01	1.1755e-36	1.1755e-36	1.1755e-36	3.8121e-24	0.00e+00	0.00e+00	2.8299e+00
2.10595e+17	7.2618e+03	9.784e-19	5.9948e+02	6.4321e+02	4.8499e-14	7.7562e-03	9.9224e-01	7.5169e-02	9.2483e-01	2.0450e-08	8.6324e-16	6.8015e-04	5.7276e-01	4.2648e-01	8.0717e-05	8.1036e-03	8.9046e-01	1.0144e-01	1.1755e-36	1.1755e-36	1.1755e-36	5.6698e-24	0.00e+00	0.00e+00	3.0719e+00
2.18554e+17	7.2975e+03	9.977e-19	5.9948e+02	6.4164e+02	6.0536e-14	8.7664e-03	9.9123e-01	9.1874e-02	9.0813e-01	1.4914e-08	1.2161e-15	7.5706e-04	6.1765e-01	3.8153e-01	6.2376e-05	9.4071e-03	9.0871e-01	8.1884e-02	1.1755e-36	1.1755e-36	1.1755e-36	8.3500e-24	0.00e+00	0.00e+00	3.3266e+00
2.25343e+17	7.3481e+03	1.016e-18	5.9948e+02	6.4025e+02	7.4400e-14	9.8297e-03	9.9017e-01	1.1254e-01	8.8746e-01	1.1472e-08	1.6859e-15	8.3042e-04	6.6018e-01	3.3894e-01	4.7953e-05	1.0783e-02	9.2357e-01	6.5647e-02	1.1755e-36	1.1755e-36	1.1755e-36	1.2244e-23	0.00e+00	0.00e+00	3.5462e+00
2.30817e+17	7.3708e+03	1.031e-18	5.9948e+02	6.3796e+02	8.9929e-14	1.0893e-02	9.8911e-01	1.3589e-01	8.6411e-01	9.1413e-09	2.2237e-15	8.9620e-04	6.9787e-01	3.0120e-01	3.7072e-05	1.2158e-02	9.3485e-01	5.2996e-02	1.1755e-36	1.1755e-36	1.1755e-36	1.6759e-23	0.00e+00	0.00e+00	3.7544e+00
2.35661e+17	7.3963e+03	1.044e-18	5.9948e+02	6.3577e+02	1.0830e-13	1.2015e-02	9.8798e-01	1.6467e-01	8.3533e-01	7.4066e-09	2.9124e-15	9.5852e-04	7.3306e-01	2.6596e-01	2.8374e-05	1.3608e-02	9.4400e-01	4.2391e-02	1.1755e-36	1.1755e-36	1.1755e-36	2.2948e-23	0.00e+00	0.00e+00	3.9653e+00
2.40133e+17	7.4087e+03	1.057e-18	5.9948e+02	6.3307e+02	1.3181e-13	1.3260e-02	9.8674e-01	2.0175e-01	7.9825e-01	5.9953e-09	3.8140e-15	1.0189e-03	7.6688e-01	2.3208e-01	2.1213e-05	1.5211e-02	9.5157e-01	3.3214e-02	1.1755e-36	1.1755e-36	1.1755e-36	3.1423e-23	0.00e+00	0.00e+00	4.1815e+00
2.43720e+17	7.4412e+03	1.067e-18	5.9948e+02	6.3097e+02	1.5466e-13	1.4417e-02	9.8558e-01	2.4349e-01	7.5651e-01	5.0469e-09	4.8361e-15	1.0687e-03	7.9466e-01	2.0425e-01	1.6213e-05	1.6700e-02	9.5698e-01	2.6319e-02	1.1755e-36	1.1755e-36	1.1755e-36	4.1742e-23	0.00e+00	0.00e+00	4.3380e+00
2.46194e+17	7.4440e+03	1.073e-18	5.9948e+02	6.2809e+02	1.7452e-13	1.5338e-02	9.8466e-01	2.8069e-01	7.1931e-01	4.3773e-09	5.6869e-15	1.1026e-03	8.1398e-01	1.8490e-01	1.3114e-05	1.7881e-02	9.6025e-01	2.1866e-02	1.1755e-36	1.1755e-36	1.1755e-36	4.9956e-23	0.00e+00	0.00e+00	4.4587e+00
2.48254e+17	7.4488e+03	1.077e-18	5.9948e+02	6.2557e+02	1.9475e-13	1.6181e-02	9.8382e-01	3.1828e-01	6.8172e-01	3.8257e-09	6.5956e-15	1.1302e-03	8.2974e-01	1.6912e-01	1.0797e-05	1.8960e-02	9.6263e-01	1.8412e-02	1.1755e-36	1.1755e-36	1.1755e-36	5.9202e-23	0.00e+00	0.00e+00	4.5838e+00
2.50602e+17	7.4492e+03	1.079e-18	5.9948e+02	6.2212e+02	2.2259e-13	1.7242e-02	9.8276e-01	3.6936e-01	6.3064e-01	3.1903e-09	7.8668e-15	1.1600e-03	8.4697e-01	1.5187e-01	8.4733e-06	2.0313e-02	9.6487e-01	1.4817e-02	1.1755e-36	1.1755e-36	1.1755e-36	7.2273e-23	0.00e+00	0.00e+00	4.7570e+00
2.53170e+17	7.4474e+03	1.084e-18	5.9948e+02	6.1909e+02	2.6143e-13	1.8581e-02	9.8142e-01	4.3874e-01	5.6126e-01	2.5756e-09	9.7284e-15	1.1934e-03	8.6485e-01	1.3395e-01	6.3383e-06	2.2011e-02	9.6667e-01	1.1318e-02	1.1755e-36	1.1755e-36	1.1755e-36	9.2116e-23	0.00e+00	0.00e+00	4.9315e+00
2.55401e+17	7.4445e+03	1.085e-18	5.9948e+02	6.1499e+02	3.0236e-13	1.9878e-02	9.8012e-01	5.1103e-01	4.8897e-01	2.0553e-09	1.1779e-14	1.2179e-03	8.7910e-01	1.1968e-01	4.8145e-06	2.3650e-02	9.6769e-01	8.6616e-03	1.1755e-36	1.1755e-36	1.1755e-36	1.1396e-22	0.00e+00	0.00e+00	5.0806e+00
2.57294e+17	7.4381e+03	1.084e-18	5.9948e+02	6.1060e+02	3.4485e-13	2.1098e-02	9.7890e-01	5.7968e-01	4.2032e-01	1.6326e-09	1.3948e-14	1.2355e-03	8.8994e-01	1.0882e-01	3.7465e-06	2.5186e-02	9.6808e-01	6.7306e-03	1.1755e-36	1.1755e-36	1.1755e-36	1.3724e-22	0.00e+00	0.00e+00	5.2246e+00
2.59368e+17	7.4242e+03	1.082e-18	5.9948e+02	6.0589e+02	4.0388e-13	2.2617e-02	9.7738e-01	6.5881e-01	3.4119e-01	1.2101e-09	1.6981e-14	1.2534e-03	9.0045e-01	9.8295e-02	2.7870e-06	2.7089e-02	9.6794e-01	4.9756e-03	1.1755e-36	1.1755e-36	1.1755e-36	1.7075e-22	0.00e+00	0.00e+00	5.4254e+00
2.62064e+17	7.4076e+03	1.078e-18	5.9948e+02	5.9885e+02	4.9714e-13	2.4846e-02	9.7515e-01	7.5691e-01	2.4309e-01	7.6560e-10	2.1871e-14	1.2704e-03	9.1146e-01	8.7264e-02	1.8699e-06	2.9868e-02	9.6687e-01	3.2572e-03	1.1755e-36	1.1755e-36	1.1755e-36	2.2652e-22	0.00e+00	0.00e+00	5.7120e+00
2.65569e+17	7.3841e+03	1.077e-18	5.9948e+02	5.9084e+02	6.6996e-13	2.8418e-02	9.7158e-01	8.6021e-01	1.3979e-01	3.7917e-10	3.0826e-14	1.2897e-03	9.2238e-01	7.6325e-02	1.0797e-06	3.4294e-02	9.6392e-01	1.7895e-03	1.1755e-36	1.1755e-36	1.1755e-36	3.4223e-22	0.00e+00	0.00e+00	6.1383e+00
2.69385e+17	7.3631e+03	1.087e-18	5.9948e+02	5.8528e+02	9.7060e-13	3.3723e-02	9.6628e-01	9.3191e-01	6.8089e-02	1.6050e-10	4.6120e-14	1.3132e-03	9.3153e-01	6.7161e-02	5.7157e-07	4.0828e-02	9.5829e-01	8.8010e-04	1.1755e-36	1.1755e-36	1.1755e-36	5.8366e-22	0.00e+00	0.00e+00	6.6066e+00
2.72923e+17	7.3516e+03	1.098e-18	5.9948e+02	5.7920e+02	1.4231e-12	4.0466e-02	9.5953e-01	9.6609e-01	3.3914e-02	7.0492e-11	6.8514e-14	1.3299e-03	9.3857e-01	6.0098e-02	3.0597e-07	4.9104e-02	9.5045e-01	4.4194e-04	1.1755e-36	1.1755e-36	1.1755e-36	1.0189e-21	0.00e+00	0.00e+00	7.1286e+00
2.76308e+17	7.3393e+03	1.111e-18	5.9948e+02	5.7316e+02	2.1802e-12	4.9517e-02	9.5048e-01	9.8236e-01	1.7643e-02	3.2641e-11	1.0526e-13	1.3444e-03	9.4507e-01	5.3588e-02	1.6112e-07	6.0171e-02	9.3960e-01	2.2377e-04	1.1755e-36	1.1755e-36	1.1755e-36	1.9087e-21	0.00e+00	0.00e+00	7.7588e+00
2.79481e+17	7.3171e+03	1.119e-18	5.9948e+02	5.6489e+02	3.4977e-12	6.1809e-02	9.3819e-01	9.9023e-01	9.7715e-03	1.6336e-11	1.6690e-13	1.3515e-03	9.5128e-01	4.7366e-02	1.1755e-36	7.5140e-02	9.2474e-01	1.1512e-04	1.1755e-36	1.1755e-36	1.1755e-36	3.7748e-21	0.00e+00	0.00e+00	8.4568e+00
2.82172e+17	7.2949e+03	1.119e-18	5.9948e+02	5.5558e+02	5.6929e-12	7.7359e-02	9.2264e-01	9.9396e-01	6.0415e-03	9.3411e-12	2.6780e-13	1.3522e-03	9.5695e-01	4.1697e-02	1.1755e-36	9.3960e-02	9.0598e-01	6.3256e-05	1.1755e-36	1.1755e-36	1.1755e-36	7.6778e-21	0.00e+00	0.00e+00	9.1592e+00
2.84087e+17	7.2711e+03	1.110e-18	5.9948e+02	5.4570e+02	8.6561e-12	9.3556e-02	9.0644e-01	9.9563e-01	4.3683e-03	6.4462e-12	3.9969e-13	1.3451e-03	9.6127e-01	3.7384e-02	1.1755e-36	1.1343e-01	8.8653e-01	4.0221e-05	1.1755e-36	1.1755e-36	1.1755e-36	1.4053e-20	0.00e+00	0.00e+00	9.6657e+00
2.85314e+17	7.2509e+03	1.096e-18	5.9948e+02	5.3627e+02	1.1834e-11	1.0706e-01	8.9294e-01	9.9645e-01	3.5518e-03	5.1082e-12	5.3632e-13	1.3329e-03	9.6417e-01	3.4501e-02	1.1755e-36	1.2955e-01	8.7043e-01	2.9505e-05	1.1755e-36	1.1755e-36	1.1755e-36	2.2033e-20	0.00e+00	0.00e+00	1.0081e+01
2.86492e+17	7.2186e+03	1.079e-18	5.9948e+02	5.2693e+02	1.6433e-11	1.2302e-01	8.7698e-01	9.9711e-01	2.8874e-03	4.0346e-12	7.2676e-13	1.3206e-03	9.6718e-01	3.1503e-02	1.1755e-36	1.4848e-01	8.5149e-01	2.1353e-05	1.1755e-36	1.1755e-36	1.1755e-36	3.5043e-20	0.00e+00	0.00e+00	1.0701e+01
2.88024e+17	7.1640e+03	1.042e-18	5.9948e+02	5.1067e+02	2.6114e-11	1.4931e-01	8.5069e-01	9.9779e-01	2.2140e-03	3.0009e-12	1.1034e-12	1.2941e-03	9.7110e-01	2.7608e-02	1.1755e-36	1.7935e-01	8.2063e-01	1.3707e-05	1.1755e-36	1.1755e-36	1.1755e-36	6.6193e-20	0.00e+00	0.00e+00	1.1680e+01
2.89685e+17	7.0748e+03	9.799e-19	5.9948e+02	4.8616e+02	4.7385e-11	1.9012e-01	8.0988e-01	9.9831e-01	1.6896e-03	2.2487e-12	1.8542e-12	1.2477e-03	9.7548e-01	2.3269e-02	1.1755e-36	2.2655e-01	7.7344e-01	8.1028e-06	1.1755e-36	1.1755e-36	1.1755e-36	1.4612e-19	0.00e+00	0.00e+00	1.2825e+01
2.91027e+17	6.9584e+03	9.000e-19	5.9948e+02	4.5677e+02	8.6148e-11	2.3909e-01	7.6091e-01	9.9862e-01	1.3786e-03	1.8431e-12	3.0386e-12	1.1862e-03	9.7923e-01	1.9587e-02	1.1755e-36	2.8200e-01	7.1799e-01	5.0020e-06	1.1755e-36	1.1755e-36	1.1755e-36	3.1104e-19	0.00e+00	0.00e+00	1.3813e+01
2.91912e+17	6.8418e+03	8.265e-19	5.9948e+02	4.3052e+02	1.3848e-10	2.8319e-01	7.1681e-01	9.9878e-01	1.2159e-03	1.6528e-12	4.3930e-12	1.1281e-03	9.8181e-01	1.7066e-02	1.1755e-36	3.3087e-01	6.6912e-01	3.4962e-06	1.1755e-36	1.1755e-36	1.1755e-36	5.4760e-19	0.00e+00	0.00e+00	1.4541e+01
2.92475e+17	6.7441e+03	7.701e-19	5.9948e+02	4.1024e+02	1.9385e-10	3.1664e-01	6.8336e-01	9.9887e-01	1.1294e-03	1.5635e-12	5.6121e-12	1.0820e-03	9.8344e-01	1.5479e-02	1.1755e-36	3.6730e-01	6.3270e-01	2.7393e-06	1.1755e-36	1.1755e-36	1.1755e-36	7.9766e-19	0.00e+00	0.00e+00	1.5075e+01
2.92877e+17	6.6589e+03	7.256e-19	5.9948e+02	3.9427e+02	2.5135e-10	3.4335e-01	6.5665e-01	9.9893e-01	1.0720e-03	1.5078e-12	6.7161e-12	1.0451e-03	9.8461e-01	1.4345e-02	1.1755e-36	3.9598e-01	6.0402e-01	2.2790e-06	1.1755e-36	1.1755e-36	1.1755e-36	1.0514e-18	0.00e+00	0.00e+00	1.5543e+01
2.93236e+17	6.5702e+03	6.828e-19	5.9948e+02	3.7881e+02	3.2158e-10	3.6908e-01	6.3092e-01	9.9898e-01	1.0234e-03	1.4638e-12	7.8928e-12	1.0091e-03	9.8565e-01	1.3343e-02	1.1755e-36	4.2330e-01	5.7670e-01	1.9217e-06	1.1755e-36	1.1755e-36	1.1755e-36	1.3478e-18	0.00e+00	0.00e+00	1.6040e+01
2.93588e+17	6.4698e+03	6.382e-19	5.9948e+02	3.6242e+02	4.1662e-10	3.9640e-01	6.0360e-01	9.9902e-01	9.7968e-04	1.4293e-12	9.2700e-12	9.7052e-04	9.8666e-01	1.2374e-02	1.1755e-36	4.5195e-01	5.4805e-01	1.6157e-06	1.1755e-36	1.1755e-36	1.1755e-36	1.7265e-18	0.00e+00	0.00e+00	1.6564e+01
2.93917e+17	6.3629e+03	5.946e-19	5.9948e+02	3.4599e+02	5.3945e-10	4.2373e-01	5.7627e-01	9.9906e-01	9.4410e-04	1.4081e-12	1.0785e-11	9.3148e-04	9.8758e-01	1.1492e-02	1.1755e-36	4.8027e-01	5.1973e-01	1.3678e-06	1.1755e-36	1.1755e-36	1.1755e-36	2.1803e-18	0.00e+00	0.00e+00	1.7059e+01
2.94201e+17	6.2580e+03	5.555e-19	5.9948e+02	3.3092e+02	6.8510e-10	4.4880e-01	5.5120e-01	9.9908e-01	9.1665e-04	1.3975e-12	1.2303e-11	8.9539e-04	9.8836e-01	1.0745e-02	1.1755e-36	5.0594e-01	4.9406e-01	1.1795e-06	1.1755e-36	1.1755e-36	1.1755e-36	2.6713e-18	0.00e+00	0.00e+00	1.7500e+01
2.94445e+17	6.1571e+03	5.211e-19	5.9948e+02	3.1737e+02	8.5284e-10	4.7136e-01	5.2864e-01	9.9911e-01	8.9494e-04	1.3933e-12	1.3779e-11	8.6275e-04	9.8903e-01	1.0112e-02	1.1755e-36	5.2880e-01	4.7120e-01	1.0349e-06	1.1755e-36	1.1755e-36	1.1755e-36	3.1822e-18	0.00e+00	0.00e+00	1.7908e+01
2.94666e+17	6.0561e+03	4.895e-19	5.9948e+02	3.0462e+02	1.0530e-09	4.9256e-01	5.0744e-01	9.9912e-01	8.7664e-04	1.3933e-12	1.5268e-11	8.3192e-04	9.8962e-01	9.5475e-03	1.1755e-36	5.5009e-01	4.4991e-01	9.1662e-07	1.1755e-36	1.1755e-36	1.1755e-36	3.7292e-18	0.00e+00	0.00e+00	1.8306e+01
2.94875e+17	5.9517e+03	4.593e-19	5.9948e+02	2.9220e+02	1.3007e-09	5.1322e-01	4.8678e-01	9.9914e-01	8.6068e-04	1.3972e-12	1.6817e-11	8.0170e-04	9.9017e-01	9.0237e-03	1.1755e-36	5.7064e-01	4.2936e-01	8.1533e-07	1.1755e-36	1.1755e-36	1.1755e-36	4.3323e-18	0.00e+00	0.00e+00	1.8703e+01
2.95074e+17	5.8441e+03	4.307e-19	5.9948e+02	2.8012e+02	1.6081e-09	5.3330e-01	4.6670e-01	9.9915e-01	8.4687e-04	1.4048e-12	1.8423e-11	7.7221e-04	9.9069e-01	8.5383e-03	1.1755e-36	5.9043e-01	4.0957e-01	7.2830e-07	1.1755e-36	1.1755e-36	1.1755e-36	4.9937e-18	0.00e+00	0.00e+00	1.9091e+01
2.95232e+17	5.7542e+03	4.086e-19	5.9948e+02	2.7050e+02	1.9156e-09	5.4937e-01	4.5063e-01	9.9916e-01	8.3787e-04	1.4154e-12	1.9790e-11	7.4867e-04	9.9108e-01	8.1710e-03	1.1755e-36	6.0615e-01	3.9385e-01	6.6635e-07	1.1755e-36	1.1755e-36	1.1755e-36	5.5872e-18	0.00e+00	0.00e+00	1.9350e+01
2.95344e+17	5.6856e+03	3.929e-19	5.9948e+02	2.6355e+02	2.1838e-09	5.6097e-01	4.3903e-01	9.9917e-01	8.3147e-04	1.4234e-12	2.0822e-11	7.3164e-04	9.9136e-01	7.9106e-03	1.1755e-36	6.1742e-01	3.8257e-01	6.2479e-07	1.1755e-36	1.1755e-36	1.1755e-36	6.0534e-18	0.00e+00	0.00e+00	1.9561e+01
2.95447e+17	5.6188e+03	3.781e-19	5.9948e+02	2.5693e+02	2.4794e-09	5.7193e-01	4.2807e-01	9.9917e-01	8.2528e-04	1.4312e-12	2.1832e-11	7.1532e-04	9.9162e-01	7.6668e-03	1.1755e-36	6.2803e-01	3.7197e-01	5.8746e-07	1.1755e-36	1.1755e-36	1.1755e-36	6.5263e-18	0.00e+00	0.00e+00	1.9794e+01
2.95563e+17	5.5364e+03	3.617e-19	5.9948e+02	2.4960e+02	2.8914e-09	5.8461e-01	4.1539e-01	9.9918e-01	8.1740e-04	1.4373e-12	2.3081e-11	6.9747e-04	9.9191e-01	7.3899e-03	1.1755e-36	6.4024e-01	3.5976e-01	5.4737e-07	1.1755e-36	1.1755e-36	1.1755e-36	7.1379e-18	0.00e+00	0.00e+00	2.0068e+01
2.95686e+17	5.4520e+03	3.445e-19	5.9948e+02	2.4154e+02	3.3916e-09	5.9753e-01	4.0247e-01	9.9919e-01	8.1176e-04	1.4521e-12	2.4369e-11	6.7742e-04	9.9220e-01	7.1183e-03	1.1755e-36	6.5261e-01	3.4739e-01	5.0881e-07	1.1755e-36	1.1755e-36	1.1755e-36	7.7933e-18	0.00e+00	0.00e+00	2.0345e+01
2.95806e+17	5.3594e+03	3.283e-19	5.9948e+02	2.3391e+02	4.0271e-09	6.1063e-01	3.8937e-01	9.9919e-01	8.0516e-04	1.4626e-12	2.5801e-11	6.5878e-04	9.9249e-01	6.8485e-03	1.1755e-36	6.6509e-01	3.3491e-01	4.7296e-07	1.1755e-36	1.1755e-36	1.1755e-36	8.5671e-18	0.00e+00	0.00e+00	2.0616e+01
2.95920e+17	5.2704e+03	3.130e-19	5.9948e+02	2.2654e+02	4.7552e-09	6.2291e-01	3.7709e-01	9.9920e-01	7.9991e-04	1.4762e-12	2.7207e-11	6.4060e-04	9.9276e-01	6.6024e-03	1.1755e-36	6.7673e-01	3.2327e-01	4.4132e-07	1.1755e-36	1.1755e-36	1.1755e-36	9.3714e-18	0.00e+00	0.00e+00	2.0875e+01
2.96029e+17	5.1806e+03	2.986e-19	5.9948e+02	2.1942e+02	5.6258e-09	6.3480e-01	3.6520e-01	9.9920e-01	7.9501e-04	1.4902e-12	2.8664e-11	6.2304e-04	9.9301e-01	6.3689e-03	1.1755e-36	6.8793e-01	3.1207e-01	4.1253e-07	1.1755e-36	1.1755e-36	1.1755e-36	1.0259e-17	0.00e+00	0.00e+00	2.1136e+01
2.96138e+17	5.0870e+03	2.844e-19	5.9948e+02	2.1231e+02	6.7070e-09	6.4669e-01	3.5331e-01	9.9921e-01	7.9028e-04	1.5050e-12	3.0237e-11	6.0550e-04	9.9325e-01	6.1406e-03	1.1755e-36	6.9908e-01	3.0092e-01	3.8546e-07	1.1755e-36	1.1755e-36	1.1755e-36	1.1287e-17	0.00e+00	0.00e+00	2.1404e+01
2.96247e+17	4.9865e+03	2.706e-19	5.9948e+02	2.0516e+02	8.0948e-09	6.5862e-01	3.4138e-01	9.9921e-01	7.8569e-04	1.5205e-12	3.1964e-11	5.8798e-04	9.9350e-01	5.9149e-03	1.1755e-36	7.1021e-01	2.8979e-01	3.6003e-07	1.1755e-36	1.1755e-36	1.1755e-36	1.2501e-17	0.00e+00	0.00e+00	2.1675e+01
2.96354e+17	4.8836e+03	2.573e-19	5.9948e+02	1.9815e+02	9.8143e-09	6.7034e-01	3.2966e-01	9.9922e-01	7.8138e-04	1.5366e-12	3.3798e-11	5.7081e-04	9.9374e-01	5.6842e-03	1.1755e-36	7.2110e-01	2.7890e-01	3.3648e-07	1.1755e-36	1.1755e-36	1.1755e-36	1.3841e-17	0.00e+00	0.00e+00	2.1944e+01
2.96459e+17	4.7790e+03	2.446e-19	5.9948e+02	1.9132e+02	1.1954e-08	6.8174e-01	3.1826e-01	9.9922e-01	7.7735e-04	1.5532e-12	3.5741e-11	5.5412e-04	9.9398e-01	5.4631e-03	1.1755e-36	7.3165e-01	2.6835e-01	3.1484e-07	1.1755e-36	1.1755e-36	1.1755e-36	1.5388e-17	0.00e+00	0.00e+00	2.2211e+01
2.96540e+17	4.7010e+03	2.356e-19	5.9948e+02	1.8632e+02	1.3874e-08	6.9009e-01	3.0991e-01	9.9922e-01	7.7521e-04	1.5680e-12	3.7278e-11	5.4189e-04	9.9415e-01	5.3052e-03	1.1755e-36	7.3933e-01	2.6067e-01	2.9991e-07	1.1755e-36	1.1755e-36	1.1755e-36	1.6713e-17	0.00e+00	0.00e+00	2.2362e+01
2.96589e+17	4.6517e+03	2.300e-19	5.9948e+02	1.8313e+02	1.5251e-08	6.9524e-01	3.0476e-01	9.9923e-01	7.7413e-04	1.5785e-12	3.8267e-11	5.3401e-04	9.9426e-01	5.2082e-03	1.1755e-36	7.4405e-01	2.5595e-01	2.9092e-07	1.1755e-36	1.1755e-36	1.1755e-36	1.7619e-17	0.00e+00	0.00e+00	2.2472e+01
2.96633e+17	4.5995e+03	2.249e-19	5.9948e+02	1.8031e+02	1.6834e-08	7.0024e-01	2.9976e-01	9.9923e-01	7.7184e-04	1.5833e-12	3.9338e-11	5.2735e-04	9.9436e-01	5.1128e-03	1.1755e-36	7.4865e-01	2.5135e-01	2.8250e-07	1.1755e-36	1.1755e-36	1.1755e-36	1.8648e-17	0.00e+00	0.00e+00	2.2594e+01
2.96681e+17	4.5510e+03	2.195e-19	5.9948e+02	1.7720e+02	1.8500e-08	7.0525e-01	2.9475e-01	9.9923e-01	7.7050e-04	1.5935e-12	4.0392e-11	5.1966e-04	9.9446e-01	5.0185e-03	1.1755e-36	7.5324e-01	2.4676e-01	2.7396e-07	1.1755e-36	1.1755e-36	1.1755e-36	1.9708e-17	0.00e+00	0.00e+00	2.2726e+01
2.96733e+17	4.4925e+03	2.135e-19	5.9948e+02	1.7360e+02	2.0682e-08	7.1062e-01	2.8938e-01	9.9923e-01	7.6938e-04	1.6064e-12	4.1569e-11	5.1093e-04	9.9457e-01	4.9186e-03	1.1755e-36	7.5814e-01	2.4186e-01	2.6517e-07	1.1755e-36	1.1755e-36	1.1755e-36	2.0971e-17	0.00e+00	0.00e+00	2.2872e+01
2.96786e+17	4.4366e+03	2.077e-19	5.9948e+02	1.7044e+02	2.3090e-08	7.1643e-01	2.8357e-01	9.9923e-01	7.6698e-04	1.6136e-12	4.3000e-11	5.0333e-04	9.9469e-01	4.8107e-03	1.1755e-36	7.6342e-01	2.3658e-01	2.5595e-07	1.1755e-36	1.1755e-36	1.1755e-36	2.2563e-17	0.00e+00	0.00e+00	2.3013e+01
2.96837e+17	4.3794e+03	2.023e-19	5.9948e+02	1.6726e+02	2.5801e-08	7.2185e-01	2.7815e-01	9.9923e-01	7.6514e-04	1.6225e-12	4.4404e-11	4.9572e-04	9.9479e-01	4.7108e-03	1.1755e-36	7.6834e-01	2.3166e-01	2.4760e-07	1.1755e-36	1.1755e-36	1.1755e-36	2.4233e-17	0.00e+00	0.00e+00	2.3148e+01
2.96885e+17	4.3235e+03	1.971e-19	5.9948e+02	1.6420e+02	2.8744e-08	7.2696e-01	2.7304e-01	9.9924e-01	7.6356e-04	1.6317e-12	4.5805e-11	4.8840e-04	9.9489e-01	4.6172e-03	1.1755e-36	7.7297e-01	2.2703e-01	2.3991e-07	1.1755e-36	1.1755e-36	1.1755e-36	2.6005e-17	0.00e+00	0.00e+00	2.3278e+01
2.96932e+17	4.2684e+03	1.923e-19	5.9948e+02	1.6124e+02	3.1953e-08	7.3187e-01	2.6813e-01	9.9924e-01	7.6204e-04	1.6408e-12	4.7233e-11	4.8138e-04	9.9499e-01	4.5277e-03	1.1755e-36	7.7742e-01	2.2258e-01	2.3269e-07	1.1755e-36	1.1755e-36	1.1755e-36	2.7918e-17	0.00e+00	0.00e+00	2.3406e+01
2.96978e+17	4.2137e+03	1.875e-19	5.9948e+02	1.5836e+02	3.5487e-08	7.3672e-01	2.6328e-01	9.9924e-01	7.6048e-04	1.6496e-12	4.8728e-11	4.7456e-04	9.9509e-01	4.4400e-03	1.1755e-36	7.8180e-01	2.1820e-01	2.2572e-07	1.1755e-36	1.1755e-36	1.1755e-36	3.0031e-17	0.00e+00	0.00e+00	2.3534e+01
2.97024e+17	4.1530e+03	1.828e-19	5.9948e+02	1.5540e+02	3.9771e-08	7.4162e-01	2.5838e-01	9.9924e-01	7.5867e-04	1.6574e-12	5.0367e-11	4.6774e-04	9.9518e-01	4.3518e-03	1.1755e-36	7.8623e-01	2.1377e-01	2.1895e-07	1.1755e-36	1.1755e-36	1.1755e-36	3.2505e-17	0.00e+00	0.00e+00	2.3664e+01
2.97069e+17	4.1040e+03	1.784e-19	5.9948e+02	1.5270e+02	4.3669e-08	7.4611e-01	2.5389e-01	9.9924e-01	7.5762e-04	1.6677e-12	5.1873e-11	4.6127e-04	9.9527e-01	4.2715e-03	1.1755e-36	7.9026e-01	2.0974e-01	2.1265e-07	1.1755e-36	1.1755e-36	1.1755e-36	3.4872e-17	0.00e+00	0.00e+00	2.3785e+01
2.97114e+17	4.0415e+03	1.739e-19	5.9948e+02	1.4972e+02	4.8942e-08	7.5088e-01	2.4912e-01	9.9924e-01	7.5602e-04	1.6766e-12	5.3639e-11	4.5444e-04	9.9536e-01	4.1866e-03	1.1755e-36	7.9456e-01	2.0544e-01	2.0631e-07	1.1755e-36	1.1755e-36	1.1755e-36	3.7863e-17	0.00e+00	0.00e+00	2.3921e+01
2.97160e+17	3.9869e+03	1.694e-19	5.9948e+02	1.4688e+02	5.4074e-08	7.5550e-01	2.4450e-01	9.9925e-01	7.5496e-04	1.6877e-12	5.5357e-11	4.4777e-04	9.9545e-01	4.1051e-03	1.1755e-36	7.9870e-01	2.0130e-01	2.0015e-07	1.1755e-36	1.1755e-36	1.1755e-36	4.0895e-17	0.00e+00	0.00e+00	2.4048e+01
###########################
9.10324e+12	7.3954e+03	1.080e-18	5.9948e+02	6.4951e+02	5.5059e-15	2.5565e-03	9.9744e-01	1.3832e-02	9.8383e-01	2.3365e-03	2.5341e-17	1.5375e-04	2.0598e-01	7.9309e-01	7.8068e-04	1.3878e-03	5.2712e-01	4.7113e-01	3.5419e-04	1.1755e-36	1.1755e-36	1.6680e-25	0.00e+00	0.00e+00	1.7616e-04
5.46194e+13	7.3937e+03	1.080e-18	5.9948e+02	6.4942e+02	5.5044e-15	2.5555e-03	9.9744e-01	1.3831e-02	9.8383e-01	2.3347e-03	2.5293e-17	1.5332e-04	2.0597e-01	7.9309e-01	7.8178e-04	1.3870e-03	5.2701e-01	4.7125e-01	3.5306e-04	1.1755e-36	1.1755e-36	1.6628e-25	0.00e+00	0.00e+00	8.8056e-04
2.36684e+14	7.3895e+03	1.079e-18	5.9948e+02	6.4940e+02	5.4991e-15	2.5544e-03	9.9745e-01	1.3838e-02	9.8384e-01	2.3195e-03	2.5212e-17	1.5317e-04	2.0606e-01	7.9301e-01	7.7954e-04	1.3870e-03	5.2713e-01	4.7114e-01	3.4792e-04	1.1755e-36	1.1755e-36	1.6509e-25	0.00e+00	0.00e+00	3.6969e-03
9.64943e+14	7.3807e+03	1.076e-18	5.9948e+02	6.4939e+02	5.5356e-15	2.5532e-03	9.9745e-01	1.3872e-02	9.8389e-01	2.2413e-03	2.5324e-17	1.5336e-04	2.0648e-01	7.9259e-01	7.7202e-04	1.3893e-03	5.2788e-01	4.7040e-01	3.2785e-04	1.1755e-36	1.1755e-36	1.6563e-25	0.00e+00	0.00e+00	1.4957e-02
2.30494e+15	7.3449e+03	1.063e-18	5.9948e+02	6.4939e+02	5.5400e-15	2.5284e-03	9.9747e-01	1.3868e-02	9.8394e-01	2.1922e-03	2.4776e-17	1.5228e-04	2.0659e-01	7.9249e-01	7.6502e-04	1.3781e-03	5.2817e-01	4.7015e-01	3.0212e-04	1.1755e-36	1.1755e-36	1.5953e-25	0.00e+00	0.00e+00	2.9453e-02
4.04693e+15	7.3065e+03	1.051e-18	5.9948e+02	6.4940e+02	5.5749e-15	2.5079e-03	9.9749e-01	1.3890e-02	9.8405e-01	2.0646e-03	2.4401e-17	1.5187e-04	2.0699e-01	7.9210e-01	7.5235e-04	1.3716e-03	5.2916e-01	4.6920e-01	2.7009e-04	1.1755e-36	1.1755e-36	1.5476e-25	0.00e+00	0.00e+00	4.8145e-02
6.31153e+15	7.2642e+03	1.037e-18	5.9948e+02	6.4940e+02	5.6309e-15	2.4901e-03	9.9751e-01	1.3937e-02	9.8420e-01	1.8627e-03	2.4116e-17	1.5185e-04	2.0770e-01	7.9142e-01	7.3404e-04	1.3692e-03	5.3091e-01	4.6749e-01	2.3226e-04	1.1755e-36	1.1755e-36	1.5037e-25	0.00e+00	0.00e+00	7.2273e-02
9.25550e+15	7.2142e+03	1.023e-18	5.9948e+02	6.4940e+02	5.7330e-15	2.4761e-03	9.9752e-01	1.4022e-02	9.8439e-01	1.5901e-03	2.3986e-17	1.5225e-04	2.0885e-01	7.9029e-01	7.0958e-04	1.3723e-03	5.3374e-01	4.6470e-01	1.8976e-04	1.1755e-36	1.1755e-36	1.4678e-25	0.00e+00	0.00e+00	1.0346e-01
1.30827e+16	7.1637e+03	1.006e-18	5.9948e+02	6.4938e+02	5.8476e-15	2.4656e-03	9.9753e-01	1.4147e-02	9.8459e-01	1.2644e-03	2.3985e-17	1.5323e-04	2.1048e-01	7.8868e-01	6.7994e-04	1.3814e-03	5.3784e-01	4.6063e-01	1.4511e-04	1.1755e-36	1.1755e-36	1.4369e-25	0.00e+00	0.00e+00	1.4383e-01
1.80580e+16	7.1069e+03	9.883e-19	5.9948e+02	6.4936e+02	6.0227e-15	2.4624e-03	9.9754e-01	1.4338e-02	9.8474e-01	9.1723e-04	2.4253e-17	1.5509e-04	2.1291e-01	7.8629e-01	6.4552e-04	1.4003e-03	5.4371e-01	4.5479e-01	1.0179e-04	1.1755e-36	1.1755e-36	1.4196e-25	0.00e+00	0.00e+00	1.9625e-01
2.45259e+16	7.0485e+03	9.692e-19	5.9948e+02	6.4932e+02	6.2514e-15	2.4697e-03	9.9753e-01	1.4621e-02	9.8479e-01	5.9284e-04	2.4865e-17	1.5815e-04	2.1640e-01	7.8283e-01	6.0800e-04	1.4323e-03	5.5174e-01	4.4676e-01	6.3944e-05	1.1755e-36	1.1755e-36	1.4178e-25	0.00e+00	0.00e+00	2.6460e-01
3.29342e+16	6.9877e+03	9.493e-19	5.9948e+02	6.4927e+02	6.5868e-15	2.4943e-03	9.9751e-01	1.5042e-02	9.8463e-01	3.3210e-04	2.6096e-17	1.6306e-04	2.2149e-01	7.7778e-01	5.6816e-04	1.4840e-03	5.6260e-01	4.3589e-01	3.4926e-05	1.1755e-36	1.1755e-36	1.4481e-25	0.00e+00	0.00e+00	3.5433e-01
4.38649e+16	6.9308e+03	9.294e-19	5.9948e+02	6.4920e+02	7.0530e-15	2.5455e-03	9.9745e-01	1.5673e-02	9.8417e-01	1.5638e-04	2.8292e-17	1.7078e-04	2.2891e-01	7.7040e-01	5.2593e-04	1.5650e-03	5.7713e-01	4.2128e-01	1.6017e-05	1.1755e-36	1.1755e-36	1.5266e-25	0.00e+00	0.00e+00	4.7338e-01
5.80749e+16	6.8820e+03	9.105e-19	5.9948e+02	6.4910e+02	7.7378e-15	2.6403e-03	9.9736e-01	1.6648e-02	9.8329e-01	5.9828e-05	3.2235e-17	1.8305e-04	2.3994e-01	7.5940e-01	4.7923e-04	1.6937e-03	5.9685e-01	4.0145e-01	5.9189e-06	1.1755e-36	1.1755e-36	1.6925e-25	0.00e+00	0.00e+00	6.3391e-01
7.65479e+16	6.8435e+03	8.949e-19	5.9948e+02	6.4885e+02	8.8725e-15	2.8105e-03	9.9719e-01	1.8210e-02	9.8177e-01	1.7954e-05	3.9831e-17	2.0326e-04	2.5691e-01	7.4247e-01	4.2441e-04	1.9058e-03	6.2419e-01	3.7391e-01	1.6832e-06	1.1755e-36	1.1755e-36	2.0479e-25	0.00e+00	0.00e+00	8.5605e-01
9.69412e+16	6.8183e+03	8.837e-19	5.9948e+02	6.4859e+02	1.0374e-14	3.0402e-03	9.9696e-01	2.0316e-02	9.7968e-01	4.9070e-06	5.1249e-17	2.2972e-04	2.7835e-01	7.2105e-01	3.6948e-04	2.1885e-03	6.5541e-01	3.4241e-01	4.3553e-07	1.1755e-36	1.1755e-36	2.5935e-25	0.00e+00	0.00e+00	1.0851e+00
1.15147e+17	6.8408e+03	8.798e-19	5.9948e+02	6.4831e+02	1.1925e-14	3.3096e-03	9.9669e-01	2.2767e-02	9.7723e-01	1.6760e-06	6.6901e-17	2.5990e-04	3.0147e-01	6.9794e-01	3.2316e-04	2.5143e-03	6.8524e-01	3.1225e-01	1.3814e-07	1.1755e-36	1.1755e-36	3.3908e-25	0.00e+00	0.00e+00	1.2919e+00
1.30717e+17	6.8749e+03	8.831e-19	5.9948e+02	6.4799e+02	1.3832e-14	3.6198e-03	9.9638e-01	2.5588e-02	9.7441e-01	7.1971e-07	8.8666e-17	2.9347e-04	3.2602e-01	6.7340e-01	2.8311e-04	2.8869e-03	7.1362e-01	2.8349e-01	1.1755e-36	1.1755e-36	1.1755e-36	4.5623e-25	0.00e+00	0.00e+00	1.4924e+00
1.44954e+17	6.9215e+03	8.900e-19	5.9948e+02	6.4756e+02	1.6153e-14	3.9814e-03	9.9602e-01	2.8959e-02	9.7104e-01	3.4949e-07	1.1950e-16	3.3205e-04	3.5302e-01	6.4640e-01	2.4638e-04	3.3253e-03	7.4169e-01	2.5498e-01	1.1755e-36	1.1755e-36	1.1755e-36	6.2959e-25	0.00e+00	0.00e+00	1.7010e+00
1.58426e+17	6.9650e+03	9.009e-19	5.9948e+02	6.4704e+02	1.9297e-14	4.4168e-03	9.9558e-01	3.3166e-02	9.6683e-01	1.8345e-07	1.6493e-16	3.7721e-04	3.8360e-01	6.1581e-01	2.1133e-04	3.8585e-03	7.7006e-01	2.2608e-01	1.1755e-36	1.1755e-36	1.1755e-36	8.9572e-25	0.00e+00	0.00e+00	1.9200e+00
1.70926e+17	7.0250e+03	9.132e-19	5.9948e+02	6.4645e+02	2.3020e-14	4.9195e-03	9.9508e-01	3.8336e-02	9.6166e-01	1.0446e-07	2.2974e-16	4.2824e-04	4.1704e-01	5.8235e-01	1.7930e-04	4.4837e-03	7.9761e-01	1.9790e-01	1.1755e-36	1.1755e-36	1.1755e-36	1.2941e-24	0.00e+00	0.00e+00	2.1416e+00
1.82237e+17	7.0819e+03	9.277e-19	5.9948e+02	6.4577e+02	2.7756e-14	5.4941e-03	9.9451e-01	4.4663e-02	9.5534e-01	6.4241e-08	3.2169e-16	4.8467e-04	4.5290e-01	5.4646e-01	1.5033e-04	5.2064e-03	8.2360e-01	1.7119e-01	1.1755e-36	1.1755e-36	1.1755e-36	1.8882e-24	0.00e+00	0.00e+00	2.3646e+00
1.92469e+17	7.1448e+03	9.430e-19	5.9948e+02	6.4503e+02	3.3455e-14	6.1421e-03	9.9386e-01	5.2461e-02	9.4754e-01	4.2109e-08	4.5027e-16	5.4594e-04	4.9082e-01	5.0851e-01	1.2451e-04	6.0307e-03	8.4767e-01	1.4630e-01	1.1755e-36	1.1755e-36	1.1755e-36	2.7639e-24	0.00e+00	0.00e+00	2.5910e+00
2.01836e+17	7.2053e+03	9.597e-19	5.9948e+02	6.4433e+02	4.0721e-14	6.8848e-03	9.9312e-01	6.2348e-02	9.3765e-01	2.8913e-08	6.3341e-16	6.1223e-04	5.3108e-01	4.6821e-01	1.0128e-04	6.9825e-03	8.6993e-01	1.2309e-01	1.1755e-36	1.1755e-36	1.1755e-36	4.0862e-24	0.00e+00	0.00e+00	2.8255e+00
2.10495e+17	7.2428e+03	9.781e-19	5.9948e+02	6.4283e+02	5.0797e-14	7.7578e-03	9.9224e-01	7.4829e-02	9.2517e-01	2.0418e-08	8.9587e-16	6.8542e-04	5.7404e-01	4.2519e-01	8.0352e-05	8.1048e-03	8.9033e-01	1.0157e-01	1.1755e-36	1.1755e-36	1.1755e-36	6.0691e-24	0.00e+00	0.00e+00	3.0698e+00
2.18468e+17	7.3035e+03	9.963e-19	5.9948e+02	6.4185e+02	6.2754e-14	8.7524e-03	9.9125e-01	9.1562e-02	9.0844e-01	1.4972e-08	1.2710e-15	7.6226e-04	6.1867e-01	3.8050e-01	6.2251e-05	9.3908e-03	9.0856e-01	8.2047e-02	1.1755e-36	1.1755e-36	1.1755e-36	9.1186e-24	0.00e+00	0.00e+00	3.3224e+00
2.25227e+17	7.3355e+03	1.015e-18	5.9948e+02	6.3983e+02	7.7992e-14	9.8220e-03	9.9018e-01	1.1181e-01	8.8819e-01	1.1476e-08	1.7582e-15	8.3775e-04	6.6134e-01	3.3777e-01	4.7810e-05	1.0773e-02	9.2334e-01	6.5883e-02	1.1755e-36	1.1755e-36	1.1755e-36	1.3278e-23	0.00e+00	0.00e+00	3.5416e+00
2.30702e+17	7.3655e+03	1.030e-18	5.9948e+02	6.3789e+02	9.4647e-14	1.0880e-02	9.8912e-01	1.3500e-01	8.6500e-01	9.1621e-09	2.3413e-15	9.0471e-04	6.9896e-01	3.0010e-01	3.6987e-05	1.2141e-02	9.3462e-01	5.3238e-02	1.1755e-36	1.1755e-36	1.1755e-36	1.8559e-23	0.00e+00	0.00e+00	3.7498e+00
2.35561e+17	7.3818e+03	1.044e-18	5.9948e+02	6.3575e+02	1.1519e-13	1.2017e-02	9.8798e-01	1.6376e-01	8.3624e-01	7.4153e-09	3.0830e-15	9.6902e-04	7.3449e-01	2.6451e-01	2.8231e-05	1.3608e-02	9.4381e-01	4.2578e-02	1.1755e-36	1.1755e-36	1.1755e-36	2.5611e-23	0.00e+00	0.00e+00	3.9619e+00
2.40041e+17	7.4148e+03	1.056e-18	5.9948e+02	6.3343e+02	1.3824e-13	1.3245e-02	9.8675e-01	2.0083e-01	7.9917e-01	6.0469e-09	4.0371e-15	1.0309e-03	7.6841e-01	2.3054e-01	2.1114e-05	1.5193e-02	9.5144e-01	3.3370e-02	1.1755e-36	1.1755e-36	1.1755e-36	3.5174e-23	0.00e+00	0.00e+00	4.1773e+00
2.43613e+17	7.4208e+03	1.067e-18	5.9948e+02	6.3070e+02	1.6456e-13	1.4424e-02	9.8558e-01	2.4198e-01	7.5802e-01	5.0602e-09	5.0989e-15	1.0820e-03	7.9635e-01	2.0255e-01	1.6100e-05	1.6706e-02	9.5680e-01	2.6493e-02	1.1755e-36	1.1755e-36	1.1755e-36	4.6174e-23	0.00e+00	0.00e+00	4.3328e+00
2.46079e+17	7.4428e+03	1.073e-18	5.9948e+02	6.2851e+02	1.8441e-13	1.5325e-02	9.8467e-01	2.7889e-01	7.2111e-01	4.4195e-09	6.0360e-15	1.1162e-03	8.1560e-01	1.8327e-01	1.3037e-05	1.7864e-02	9.6010e-01	2.2032e-02	1.1755e-36	1.1755e-36	1.1755e-36	5.6218e-23	0.00e+00	0.00e+00	4.4538e+00
2.48147e+17	7.4437e+03	1.076e-18	5.9948e+02	6.2542e+02	2.0623e-13	1.6164e-02	9.8384e-01	3.1539e-01	6.8461e-01	3.8260e-09	6.9873e-15	1.1441e-03	8.3133e-01	1.6752e-01	1.0732e-05	1.8938e-02	9.6248e-01	1.8577e-02	1.1755e-36	1.1755e-36	1.1755e-36	6.6434e-23	0.00e+00	0.00e+00	4.5792e+00
2.50505e+17	7.4413e+03	1.081e-18	5.9948e+02	6.2308e+02	2.3759e-13	1.7265e-02	9.8273e-01	3.6732e-01	6.3268e-01	3.2239e-09	8.4113e-15	1.1776e-03	8.4903e-01	1.4979e-01	8.3719e-06	2.0339e-02	9.6473e-01	1.4928e-02	1.1755e-36	1.1755e-36	1.1755e-36	8.2250e-23	0.00e+00	0.00e+00	4.7534e+00
2.53052e+17	7.4460e+03	1.084e-18	5.9948e+02	6.1953e+02	2.7664e-13	1.8571e-02	9.8143e-01	4.3526e-01	5.6474e-01	2.6089e-09	1.0333e-14	1.2100e-03	8.6673e-01	1.3205e-01	6.2803e-06	2.1997e-02	9.6656e-01	1.1447e-02	1.1755e-36	1.1755e-36	1.1755e-36	1.0392e-22	0.00e+00	0.00e+00	4.9241e+00
2.55251e+17	7.4388e+03	1.085e-18	5.9948e+02	6.1529e+02	3.2042e-13	1.9850e-02	9.8015e-01	5.0587e-01	4.9413e-01	2.0904e-09	1.2481e-14	1.2349e-03	8.8087e-01	1.1789e-01	4.7815e-06	2.3614e-02	9.6758e-01	8.8105e-03	1.1755e-36	1.1755e-36	1.1755e-36	1.2824e-22	0.00e+00	0.00e+00	5.0721e+00
2.57146e+17	7.4342e+03	1.084e-18	5.9948e+02	6.1094e+02	3.6520e-13	2.1067e-02	9.7893e-01	5.7409e-01	4.2591e-01	1.6643e-09	1.4785e-14	1.2532e-03	8.9183e-01	1.0692e-01	3.7150e-06	2.5147e-02	9.6800e-01	6.8562e-03	1.1755e-36	1.1755e-36	1.1755e-36	1.5464e-22	0.00e+00	0.00e+00	5.2173e+00
2.59239e+17	7.4234e+03	1.080e-18	5.9948e+02	6.0520e+02	4.2592e-13	2.2556e-02	9.7744e-01	6.5322e-01	3.4678e-01	1.2321e-09	1.7925e-14	1.2697e-03	9.0238e-01	9.6352e-02	2.7605e-06	2.7014e-02	9.6792e-01	5.0701e-03	1.1755e-36	1.1755e-36	1.1755e-36	1.9113e-22	0.00e+00	0.00e+00	5.4194e+00
2.61961e+17	7.4041e+03	1.077e-18	5.9948e+02	5.9893e+02	5.2954e-13	2.4836e-02	9.7516e-01	7.5298e-01	2.4702e-01	7.8006e-10	2.3345e-14	1.2899e-03	9.1372e-01	8.4986e-02	1.8355e-06	2.9856e-02	9.6684e-01	3.3089e-03	1.1755e-36	1.1755e-36	1.1755e-36	2.5803e-22	0.00e+00	0.00e+00	5.7087e+00
2.65011e+17	7.3804e+03	1.080e-18	5.9948e+02	5.9336e+02	6.9241e-13	2.8017e-02	9.7198e-01	8.4755e-01	1.5245e-01	4.2674e-10	3.1843e-14	1.3113e-03	9.2366e-01	7.5028e-02	1.1334e-06	3.3797e-02	9.6425e-01	1.9579e-03	1.1755e-36	1.1755e-36	1.1755e-36	3.7497e-22	0.00e+00	0.00e+00	6.0292e+00
2.68486e+17	7.3618e+03	1.084e-18	5.9948e+02	5.8697e+02	9.5683e-13	3.2564e-02	9.6744e-01	9.1921e-01	8.0795e-02	1.9698e-10	4.5407e-14	1.3310e-03	9.3225e-01	6.6418e-02	6.3267e-07	3.9404e-02	9.5956e-01	1.0351e-03	1.1755e-36	1.1755e-36	1.1755e-36	5.9320e-22	0.00e+00	0.00e+00	6.5134e+00
2.72266e+17	7.3491e+03	1.094e-18	5.9948e+02	5.7957e+02	1.4150e-12	3.9234e-02	9.6077e-01	9.6140e-01	3.8595e-02	8.1930e-11	6.8164e-14	1.3479e-03	9.3964e-01	5.9008e-02	3.2901e-07	4.7597e-02	9.5190e-01	5.0097e-04	1.1755e-36	1.1755e-36	1.1755e-36	1.0426e-21	0.00e+00	0.00e+00	7.0527e+00
2.75828e+17	7.3355e+03	1.109e-18	5.9948e+02	5.7392e+02	2.1969e-12	4.8353e-02	9.5165e-01	9.8070e-01	1.9301e-02	3.6235e-11	1.0632e-13	1.3656e-03	9.4635e-01	5.2284e-02	1.6825e-07	5.8754e-02	9.4100e-01	2.4527e-04	1.1755e-36	1.1755e-36	1.1755e-36	1.9910e-21	0.00e+00	0.00e+00	7.6920e+00
2.79064e+17	7.3131e+03	1.120e-18	5.9948e+02	5.6697e+02	3.5625e-12	6.0592e-02	9.3941e-01	9.8948e-01	1.0522e-02	1.7796e-11	1.7092e-13	1.3778e-03	9.5256e-01	4.6062e-02	1.1755e-36	7.3662e-02	9.2621e-01	1.2461e-04	1.1755e-36	1.1755e-36	1.1755e-36	4.0283e-21	0.00e+00	0.00e+00	8.3755e+00
2.81729e+17	7.2950e+03	1.119e-18	5.9948e+02	5.5686e+02	5.6868e-12	7.5338e-02	9.2466e-01	9.9347e-01	6.5266e-03	1.0230e-11	2.6902e-13	1.3768e-03	9.5787e-01	4.0755e-02	1.1755e-36	9.1523e-02	9.0841e-01	6.9193e-05	1.1755e-36	1.1755e-36	1.1755e-36	7.9400e-21	0.00e+00	0.00e+00	9.0453e+00
2.83627e+17	7.2727e+03	1.111e-18	5.9948e+02	5.4742e+02	8.5063e-12	9.0596e-02	9.0940e-01	9.9528e-01	4.7187e-03	7.0537e-12	3.9528e-13	1.3710e-03	9.6194e-01	3.6693e-02	1.1755e-36	1.0988e-01	8.9007e-01	4.4348e-05	1.1755e-36	1.1755e-36	1.1755e-36	1.4167e-20	0.00e+00	0.00e+00	9.5418e+00
2.84887e+17	7.2498e+03	1.102e-18	5.9948e+02	5.3998e+02	1.1574e-11	1.0404e-01	8.9596e-01	9.9619e-01	3.8117e-03	5.5244e-12	5.2879e-13	1.3647e-03	9.6488e-01	3.3760e-02	1.1755e-36	1.2595e-01	8.7402e-01	3.2282e-05	1.1755e-36	1.1755e-36	1.1755e-36	2.1985e-20	0.00e+00	0.00e+00	9.9641e+00
2.86120e+17	7.2203e+03	1.083e-18	5.9948e+02	5.2971e+02	1.5959e-11	1.1984e-01	8.8016e-01	9.9693e-01	3.0664e-03	4.3169e-12	7.1093e-13	1.3505e-03	9.6786e-01	3.0790e-02	1.1755e-36	1.4472e-01	8.5525e-01	2.3129e-05	1.1755e-36	1.1755e-36	1.1755e-36	3.4338e-20	0.00e+00	0.00e+00	1.0597e+01
2.87506e+17	7.1856e+03	1.051e-18	5.9948e+02	5.1474e+02	2.3682e-11	1.4242e-01	8.5758e-01	9.9758e-01	2.4224e-03	3.3301e-12	1.0200e-12	1.3254e-03	9.7118e-01	2.7498e-02	1.1755e-36	1.7130e-01	8.2868e-01	1.5639e-05	1.1755e-36	1.1755e-36	1.1755e-36	5.9287e-20	0.00e+00	0.00e+00	1.1339e+01
2.88742e+17	7.1196e+03	1.012e-18	5.9948e+02	4.9815e+02	3.6448e-11	1.7016e-01	8.2984e-01	9.9802e-01	1.9801e-03	2.6782e-12	1.4854e-12	1.2954e-03	9.7434e-01	2.4361e-02	1.1755e-36	2.0357e-01	7.9642e-01	1.0693e-05	1.1755e-36	1.1755e-36	1.1755e-36	1.0481e-19	0.00e+00	0.00e+00	1.2044e+01
2.89829e+17	7.0467e+03	9.610e-19	5.9948e+02	4.7904e+02	5.5934e-11	2.0198e-01	7.9802e-01	9.9834e-01	1.6593e-03	2.2280e-12	2.1390e-12	1.2573e-03	9.7727e-01	2.1472e-02	1.1755e-36	2.4010e-01	7.5989e-01	7.4000e-06	1.1755e-36	1.1755e-36	1.1755e-36	1.8249e-19	0.00e+00	0.00e+00	1.2869e+01
2.90897e+17	6.9453e+03	8.937e-19	5.9948e+02	4.5480e+02	9.0483e-11	2.4237e-01	7.5763e-01	9.9860e-01	1.4030e-03	1.8891e-12	3.1618e-12	1.2056e-03	9.8019e-01	1.8608e-02	1.1755e-36	2.8568e-01	7.1432e-01	4.9932e-06	1.1755e-36	1.1755e-36	1.1755e-36	3.3126e-19	0.00e+00	0.00e+00	1.3838e+01
2.91821e+17	6.8214e+03	8.171e-19	5.9948e+02	4.2756e+02	1.4746e-10	2.8818e-01	7.1182e-01	9.9877e-01	1.2268e-03	1.6787e-12	4.6031e-12	1.1445e-03	9.8273e-01	1.6128e-02	1.1755e-36	3.3635e-01	6.6364e-01	3.4366e-06	1.1755e-36	1.1755e-36	1.1755e-36	5.8901e-19	0.00e+00	0.00e+00	1.4703e+01
2.92466e+17	6.7039e+03	7.507e-19	5.9948e+02	4.0358e+02	2.1828e-10	3.2773e-01	6.7227e-01	9.9887e-01	1.1285e-03	1.5797e-12	6.0990e-12	1.0889e-03	9.8450e-01	1.4409e-02	1.1755e-36	3.7926e-01	6.2074e-01	2.5899e-06	1.1755e-36	1.1755e-36	1.1755e-36	9.0724e-19	0.00e+00	0.00e+00	1.5320e+01
2.92883e+17	6.6101e+03	7.029e-19	5.9948e+02	3.8630e+02	2.8819e-10	3.5679e-01	6.4321e-01	9.9893e-01	1.0713e-03	1.5281e-12	7.3641e-12	1.0481e-03	9.8565e-01	1.3300e-02	1.1755e-36	4.1029e-01	5.8970e-01	2.1345e-06	1.1755e-36	1.1755e-36	1.1755e-36	1.2126e-18	0.00e+00	0.00e+00	1.5773e+01
2.93200e+17	6.5260e+03	6.637e-19	5.9948e+02	3.7191e+02	3.6111e-10	3.8056e-01	6.1944e-01	9.9897e-01	1.0309e-03	1.4956e-12	8.5031e-12	1.0138e-03	9.8653e-01	1.2455e-02	1.1755e-36	4.3539e-01	5.6461e-01	1.8309e-06	1.1755e-36	1.1755e-36	1.1755e-36	1.5126e-18	0.00e+00	0.00e+00	1.6205e+01
2.93505e+17	6.4338e+03	6.242e-19	5.9948e+02	3.5729e+02	4.5470e-10	4.0492e-01	5.9508e-01	9.9901e-01	9.9356e-04	1.4678e-12	9.7778e-12	9.7875e-04	9.8738e-01	1.1645e-02	1.1755e-36	4.6082e-01	5.3918e-01	1.5716e-06	1.1755e-36	1.1755e-36	1.1755e-36	1.8753e-18	0.00e+00	0.00e+00	1.6679e+01
2.93811e+17	6.3295e+03	5.829e-19	5.9948e+02	3.4168e+02	5.8166e-10	4.3090e-01	5.6910e-01	9.9904e-01	9.5931e-04	1.4476e-12	1.1260e-11	9.4095e-04	9.8821e-01	1.0851e-02	1.1755e-36	4.8764e-01	5.1236e-01	1.3425e-06	1.1755e-36	1.1755e-36	1.1755e-36	2.3306e-18	0.00e+00	0.00e+00	1.7173e+01
2.94095e+17	6.2210e+03	5.436e-19	5.9948e+02	3.2640e+02	7.4183e-10	4.5632e-01	5.4368e-01	9.9907e-01	9.3162e-04	1.4380e-12	1.2839e-11	9.0364e-04	9.8896e-01	1.0137e-02	1.1755e-36	5.1359e-01	4.8641e-01	1.1561e-06	1.1755e-36	1.1755e-36	1.1755e-36	2.8535e-18	0.00e+00	0.00e+00	1.7631e+01
2.94341e+17	6.1161e+03	5.088e-19	5.9948e+02	3.1256e+02	9.2876e-10	4.7934e-01	5.2066e-01	9.9909e-01	9.1001e-04	1.4357e-12	1.4386e-11	8.6964e-04	9.8960e-01	9.5313e-03	1.1755e-36	5.3685e-01	4.6315e-01	1.0125e-06	1.1755e-36	1.1755e-36	1.1755e-36	3.4016e-18	0.00e+00	0.00e+00	1.8042e+01
2.94556e+17	6.0143e+03	4.779e-19	5.9948e+02	2.9999e+02	1.1457e-09	5.0028e-01	4.9972e-01	9.9911e-01	8.9239e-04	1.4376e-12	1.5895e-11	8.3858e-04	9.9015e-01	9.0069e-03	1.1755e-36	5.5779e-01	4.4221e-01	8.9877e-07	1.1755e-36	1.1755e-36	1.1755e-36	3.9692e-18	0.00e+00	0.00e+00	1.8430e+01
2.94756e+17	5.9111e+03	4.490e-19	5.9948e+02	2.8797e+02	1.4086e-09	5.2026e-01	4.7974e-01	9.9912e-01	8.7715e-04	1.4427e-12	1.7431e-11	8.0878e-04	9.9066e-01	8.5278e-03	1.1755e-36	5.7760e-01	4.2240e-01	8.0284e-07	1.1755e-36	1.1755e-36	1.1755e-36	4.5802e-18	0.00e+00	0.00e+00	1.8814e+01
2.94948e+17	5.8043e+03	4.214e-19	5.9948e+02	2.7621e+02	1.7361e-09	5.3979e-01	4.6021e-01	9.9914e-01	8.6377e-04	1.4513e-12	1.9030e-11	7.7948e-04	9.9114e-01	8.0796e-03	1.1755e-36	5.9680e-01	4.0320e-01	7.1942e-07	1.1755e-36	1.1755e-36	1.1755e-36	5.2522e-18	0.00e+00	0.00e+00	1.9197e+01
2.95103e+17	5.7135e+03	3.997e-19	5.9948e+02	2.6670e+02	2.0694e-09	5.5571e-01	4.4429e-01	9.9915e-01	8.5486e-04	1.4627e-12	2.0413e-11	7.5570e-04	9.9151e-01	7.7381e-03	1.1755e-36	6.1232e-01	3.8768e-01	6.5880e-07	1.1755e-36	1.1755e-36	1.1755e-36	5.8654e-18	0.00e+00	0.00e+00	1.9458e+01
2.95215e+17	5.6431e+03	3.840e-19	5.9948e+02	2.5969e+02	2.3658e-09	5.6738e-01	4.3262e-01	9.9915e-01	8.4845e-04	1.4717e-12	2.1476e-11	7.3816e-04	9.9177e-01	7.4904e-03	1.1755e-36	6.2364e-01	3.7636e-01	6.1743e-07	1.1755e-36	1.1755e-36	1.1755e-36	6.3559e-18	0.00e+00	0.00e+00	1.9672e+01
2.95319e+17	5.5735e+03	3.693e-19	5.9948e+02	2.5307e+02	2.6982e-09	5.7849e-01	4.2151e-01	9.9916e-01	8.4188e-04	1.4793e-12	2.2534e-11	7.2157e-04	9.9202e-01	7.2545e-03	1.1755e-36	6.3436e-01	3.6563e-01	5.8015e-07	1.1755e-36	1.1755e-36	1.1755e-36	6.8638e-18	0.00e+00	0.00e+00	1.9907e+01
2.95433e+17	5.4933e+03	3.531e-19	5.9948e+02	2.4563e+02	3.1364e-09	5.9079e-01	4.0921e-01	9.9916e-01	8.3520e-04	1.4898e-12	2.3750e-11	7.0285e-04	9.9230e-01	6.9993e-03	1.1755e-36	6.4617e-01	3.5383e-01	5.4136e-07	1.1755e-36	1.1755e-36	1.1755e-36	7.4703e-18	0.00e+00	0.00e+00	2.0179e+01
2.95555e+17	5.4016e+03	3.363e-19	5.9948e+02	2.3781e+02	3.7198e-09	6.0410e-01	3.9590e-01	9.9917e-01	8.2810e-04	1.5004e-12	2.5159e-11	6.8331e-04	9.9259e-01	6.7313e-03	1.1755e-36	6.5889e-01	3.4111e-01	5.0256e-07	1.1755e-36	1.1755e-36	1.1755e-36	8.2123e-18	0.00e+00	0.00e+00	2.0459e+01
2.95674e+17	5.3112e+03	3.203e-19	5.9948e+02	2.3016e+02	4.4048e-09	6.1687e-01	3.8313e-01	9.9918e-01	8.2232e-04	1.5143e-12	2.6580e-11	6.6405e-04	9.9285e-01	6.4824e-03	1.1755e-36	6.7102e-01	3.2898e-01	4.6773e-07	1.1755e-36	1.1755e-36	1.1755e-36	9.0029e-18	0.00e+00	0.00e+00	2.0725e+01
2.95785e+17	5.2218e+03	3.055e-19	5.9948e+02	2.2292e+02	5.2071e-09	6.2897e-01	3.7103e-01	9.9918e-01	8.1711e-04	1.5285e-12	2.8016e-11	6.4581e-04	9.9310e-01	6.2517e-03	1.1755e-36	6.8244e-01	3.1755e-01	4.3681e-07	1.1755e-36	1.1755e-36	1.1755e-36	9.8518e-18	0.00e+00	0.00e+00	2.0985e+01
2.95894e+17	5.1303e+03	2.912e-19	5.9948e+02	2.1582e+02	6.1815e-09	6.4083e-01	3.5917e-01	9.9919e-01	8.1219e-04	1.5433e-12	2.9529e-11	6.2793e-04	9.9334e-01	6.0298e-03	1.1755e-36	6.9359e-01	3.0641e-01	4.0830e-07	1.1755e-36	1.1755e-36	1.1755e-36	1.0808e-17	0.00e+00	0.00e+00	2.1248e+01
2.96003e+17	5.0328e+03	2.772e-19	5.9948e+02	2.0868e+02	7.4209e-09	6.5272e-01	3.4728e-01	9.9919e-01	8.0737e-04	1.5589e-12	3.1179e-11	6.0999e-04	9.9358e-01	5.8125e-03	1.1755e-36	7.0472e-01	2.9528e-01	3.8150e-07	1.1755e-36	1.1755e-36	1.1755e-36	1.1932e-17	0.00e+00	0.00e+00	2.1517e+01
2.96111e+17	4.9316e+03	2.637e-19	5.9948e+02	2.0162e+02	8.9699e-09	6.6455e-01	3.3545e-01	9.9920e-01	8.0277e-04	1.5750e-12	3.2968e-11	5.9230e-04	9.9382e-01	5.5911e-03	1.1755e-36	7.1574e-01	2.8426e-01	3.5639e-07	1.1755e-36	1.1755e-36	1.1755e-36	1.3211e-17	0.00e+00	0.00e+00	2.1787e+01
2.96217e+17	4.8278e+03	2.507e-19	5.9948e+02	1.9469e+02	1.0901e-08	6.7611e-01	3.2389e-01	9.9920e-01	7.9851e-04	1.5919e-12	3.4859e-11	5.7498e-04	9.9405e-01	5.3736e-03	1.1755e-36	7.2646e-01	2.7354e-01	3.3327e-07	1.1755e-36	1.1755e-36	1.1755e-36	1.4656e-17	0.00e+00	0.00e+00	2.2055e+01
2.96298e+17	4.7536e+03	2.414e-19	5.9948e+02	1.8964e+02	1.2573e-08	6.8454e-01	3.1546e-01	9.9920e-01	7.9639e-04	1.6078e-12	3.6334e-11	5.6229e-04	9.9422e-01	5.2217e-03	1.1755e-36	7.3423e-01	2.6577e-01	3.1727e-07	1.1755e-36	1.1755e-36	1.1755e-36	1.5872e-17	0.00e+00	0.00e+00	2.2208e+01
2.96350e+17	4.6993e+03	2.355e-19	5.9948e+02	1.8624e+02	1.3926e-08	6.8997e-01	3.1003e-01	9.9920e-01	7.9501e-04	1.6182e-12	3.7337e-11	5.5383e-04	9.9432e-01	5.1231e-03	1.1755e-36	7.3923e-01	2.6077e-01	3.0737e-07	1.1755e-36	1.1755e-36	1.1755e-36	1.6751e-17	0.00e+00	0.00e+00	2.2324e+01
2.96395e+17	4.6475e+03	2.303e-19	5.9948e+02	1.8338e+02	1.5361e-08	6.9510e-01	3.0490e-01	9.9921e-01	7.9260e-04	1.6231e-12	3.8388e-11	5.4686e-04	9.9442e-01	5.0285e-03	1.1755e-36	7.4394e-01	2.5606e-01	2.9835e-07	1.1755e-36	1.1755e-36	1.1755e-36	1.7715e-17	0.00e+00	0.00e+00	2.2444e+01
2.96443e+17	4.5998e+03	2.248e-19	5.9948e+02	1.8027e+02	1.6848e-08	7.0010e-01	2.9990e-01	9.9921e-01	7.9122e-04	1.6334e-12	3.9390e-11	5.3901e-04	9.9452e-01	4.9372e-03	1.1755e-36	7.4852e-01	2.5148e-01	2.8945e-07	1.1755e-36	1.1755e-36	1.1755e-36	1.8678e-17	0.00e+00	0.00e+00	2.2573e+01
2.96495e+17	4.5421e+03	2.187e-19	5.9948e+02	1.7674e+02	1.8813e-08	7.0565e-01	2.9435e-01	9.9921e-01	7.8955e-04	1.6446e-12	4.0570e-11	5.3025e-04	9.9463e-01	4.8364e-03	1.1755e-36	7.5360e-01	2.4640e-01	2.7990e-07	1.1755e-36	1.1755e-36	1.1755e-36	1.9877e-17	0.00e+00	0.00e+00	2.2722e+01
2.96549e+17	4.4852e+03	2.127e-19	5.9948e+02	1.7340e+02	2.1031e-08	7.1151e-01	2.8849e-01	9.9921e-01	7.8733e-04	1.6535e-12	4.1931e-11	5.2200e-04	9.9475e-01	4.7308e-03	1.1755e-36	7.5895e-01	2.4105e-01	2.7012e-07	1.1755e-36	1.1755e-36	1.1755e-36	2.1326e-17	0.00e+00	0.00e+00	2.2865e+01
2.96601e+17	4.4276e+03	2.071e-19	5.9948e+02	1.7013e+02	2.3514e-08	7.1705e-01	2.8295e-01	9.9921e-01	7.8542e-04	1.6629e-12	4.3293e-11	5.1399e-04	9.9485e-01	4.6321e-03	1.1755e-36	7.6398e-01	2.3602e-01	2.6117e-07	1.1755e-36	1.1755e-36	1.1755e-36	2.2870e-17	0.00e+00	0.00e+00	2.3001e+01
2.96650e+17	4.3717e+03	2.018e-19	5.9948e+02	1.6701e+02	2.6200e-08	7.2223e-01	2.7777e-01	9.9922e-01	7.8379e-04	1.6725e-12	4.4642e-11	5.0633e-04	9.9495e-01	4.5401e-03	1.1755e-36	7.6870e-01	2.3130e-01	2.5300e-07	1.1755e-36	1.1755e-36	1.1755e-36	2.4496e-17	0.00e+00	0.00e+00	2.3132e+01
2.96697e+17	4.3170e+03	1.968e-19	5.9948e+02	1.6402e+02	2.9118e-08	7.2722e-01	2.7278e-01	9.9922e-01	7.8219e-04	1.6818e-12	4.6019e-11	4.9903e-04	9.9505e-01	4.4523e-03	1.1755e-36	7.7322e-01	2.2678e-01	2.4534e-07	1.1755e-36	1.1755e-36	1.1755e-36	2.6250e-17	0.00e+00	0.00e+00	2.3260e+01
2.96743e+17	4.2625e+03	1.919e-19	5.9948e+02	1.6109e+02	3.2342e-08	7.3214e-01	2.6786e-01	9.9922e-01	7.8055e-04	1.6907e-12	4.7461e-11	4.9193e-04	9.9514e-01	4.3660e-03	1.1755e-36	7.7767e-01	2.2233e-01	2.3794e-07	1.1755e-36	1.1755e-36	1.1755e-36	2.8188e-17	0.00e+00	0.00e+00	2.3388e+01
2.96790e+17	4.2069e+03	1.871e-19	5.9948e+02	1.5816e+02	3.5978e-08	7.3703e-01	2.6297e-01	9.9922e-01	7.7893e-04	1.6999e-12	4.8981e-11	4.8485e-04	9.9523e-01	4.2806e-03	1.1755e-36	7.8209e-01	2.1791e-01	2.3074e-07	1.1755e-36	1.1755e-36	1.1755e-36	3.0354e-17	0.00e+00	0.00e+00	2.3518e+01
2.96836e+17	4.1459e+03	1.824e-19	5.9948e+02	1.5520e+02	4.0346e-08	7.4197e-01	2.5803e-01	9.9922e-01	7.7703e-04	1.7079e-12	5.0648e-11	4.7784e-04	9.9533e-01	4.1950e-03	1.1755e-36	7.8655e-01	2.1345e-01	2.2376e-07	1.1755e-36	1.1755e-36	1.1755e-36	3.2887e-17	0.00e+00	0.00e+00	2.3647e+01
2.96880e+17	4.0965e+03	1.780e-19	5.9948e+02	1.5250e+02	4.4315e-08	7.4644e-01	2.5356e-01	9.9922e-01	7.7597e-04	1.7186e-12	5.2161e-11	4.7125e-04	9.9541e-01	4.1181e-03	1.1755e-36	7.9056e-01	2.0944e-01	2.1736e-07	1.1755e-36	1.1755e-36	1.1755e-36	3.5285e-17	0.00e+00	0.00e+00	2.3767e+01
2.96925e+17	4.0349e+03	1.735e-19	5.9948e+02	1.4955e+02	4.9585e-08	7.5117e-01	2.4883e-01	9.9923e-01	7.7434e-04	1.7276e-12	5.3924e-11	4.6432e-04	9.9550e-01	4.0367e-03	1.1755e-36	7.9483e-01	2.0517e-01	2.1092e-07	1.1755e-36	1.1755e-36	1.1755e-36	3.8288e-17	0.00e+00	0.00e+00	2.3903e+01
2.96971e+17	3.9803e+03	1.691e-19	5.9948e+02	1.4671e+02	5.4771e-08	7.5578e-01	2.4422e-01	9.9923e-01	7.7324e-04	1.7391e-12	5.5650e-11	4.5751e-04	9.9558e-01	3.9584e-03	1.1755e-36	7.9896e-01	2.0104e-01	2.0462e-07	1.1755e-36	1.1755e-36	1.1755e-36	4.1356e-17	0.00e+00	0.00e+00	2.4030e+01
###########################
9.10324e+12	7.3954e+03	1.080e-18	5.9948e+02	6.4951e+02	5.5055e-15	2.5565e-03	9.9744e-01	1.3832e-02	9.8383e-01	2.3365e-03	2.5339e-17	1.5375e-04	2.0598e-01	7.9309e-01	7.8068e-04	1.3878e-03	5.2712e-01	4.7113e-01	3.5419e-04	1.1755e-36	1.1755e-36	1.6678e-25	0.00e+00	0.00e+00	1.7616e-04
5.46194e+13	7.3937e+03	1.080e-18	5.9948e+02	6.4942e+02	5.5041e-15	2.5555e-03	9.9744e-01	1.3831e-02	9.8383e-01	2.3347e-03	2.5291e-17	1.5332e-04	2.0597e-01	7.9309e-01	7.8178e-04	1.3870e-03	5.2701e-01	4.7125e-01	3.5306e-04	1.1755e-36	1.1755e-36	1.6626e-25	0.00e+00	0.00e+00	8.8056e-04
2.36684e+14	7.3895e+03	1.079e-18	5.9948e+02	6.4940e+02	5.4987e-15	2.5544e-03	9.9745e-01	1.3838e-02	9.8384e-01	2.3195e-03	2.5210e-17	1.5317e-04	2.0606e-01	7.9301e-01	7.7954e-04	1.3870e-03	5.2713e-01	4.7114e-01	3.4792e-04	1.1755e-36	1.1755e-36	1.6506e-25	0.00e+00	0.00e+00	3.6969e-03
9.64943e+14	7.3807e+03	1.076e-18	5.9948e+02	6.4939e+02	5.5353e-15	2.5532e-03	9.9745e-01	1.3872e-02	9.8389e-01	2.2413e-03	2.5322e-17	1.5336e-04	2.0648e-01	7.9259e-01	7.7202e-04	1.3893e-03	5.2788e-01	4.7040e-01	3.2785e-04	1.1755e-36	1.1755e-36	1.6561e-25	0.00e+00	0.00e+00	1.4957e-02
2.30494e+15	7.3449e+03	1.063e-18	5.9948e+02	6.4939e+02	5.5396e-15	2.5284e-03	9.9747e-01	1.3868e-02	9.8394e-01	2.1922e-03	2.4775e-17	1.5228e-04	2.0659e-01	7.9249e-01	7.6502e-04	1.3781e-03	5.2817e-01	4.7015e-01	3.0212e-04	1.1755e-36	1.1755e-36	1.5951e-25	0.00e+00	0.00e+00	2.9453e-02
4.04693e+15	7.3065e+03	1.051e-18	5.9948e+02	6.4940e+02	5.5746e-15	2.5079e-03	9.9749e-01	1.3890e-02	9.8405e-01	2.0646e-03	2.4399e-17	1.5187e-04	2.0699e-01	7.9210e-01	7.5235e-04	1.3716e-03	5.2916e-01	4.6920e-01	2.7009e-04	1.1755e-36	1.1755e-36	1.5474e-25	0.00e+00	0.00e+00	4.8145e-02
6.31153e+15	7.2642e+03	1.037e-18	5.9948e+02	6.4940e+02	5.6305e-15	2.4901e-03	9.9751e-01	1.3937e-02	9.8420e-01	1.8627e-03	2.4114e-17	1.5185e-04	2.0770e-01	7.9142e-01	7.3404e-04	1.3692e-03	5.3091e-01	4.6749e-01	2.3226e-04	1.1755e-36	1.1755e-36	1.5035e-25	0.00e+00	0.00e+00	7.2273e-02
9.25550e+15	7.2142e+03	1.023e-18	5.9948e+02	6.4940e+02	5.7326e-15	2.4761e-03	9.9752e-01	1.4022e-02	9.8439e-01	1.5901e-03	2.3985e-17	1.5225e-04	2.0885e-01	7.9029e-01	7.0958e-04	1.3723e-03	5.3374e-01	4.6470e-01	1.8976e-04	1.1755e-36	1.1755e-36	1.4676e-25	0.00e+00	0.00e+00	1.0346e-01
1.30827e+16	7.1637e+03	1.006e-18	5.9948e+02	6.4938e+02	5.8472e-15	2.4656e-03	9.9753e-01	1.4147e-02	9.8459e-01	1.2644e-03	2.3983e-17	1.5323e-04	2.1048e-01	7.8868e-01	6.7994e-04	1.3814e-03	5.3784e-01	4.6063e-01	1.4511e-04	1.1755e-36	1.1755e-36	1.4367e-25	0.00e+00	0.00e+00	1.4383e-01
1.80580e+16	7.1069e+03	9.883e-19	5.9948e+02	6.4936e+02	6.0223e-15	2.4624e-03	9.9754e-01	1.4338e-02	9.8474e-01	9.1723e-04	2.4251e-17	1.5509e-04	2.1291e-01	7.8629e-01	6.4552e-04	1.4003e-03	5.4371e-01	4.5479e-01	1.0179e-04	1.1755e-36	1.1755e-36	1.4194e-25	0.00e+00	0.00e+00	1.9625e-01
2.45259e+16	7.0485e+03	9.692e-19	5.9948e+02	6.4932e+02	6.2510e-15	2.4697e-03	9.9753e-01	1.4621e-02	9.8479e-01	5.9284e-04	2.4863e-17	1.5815e-04	2.1640e-01	7.8283e-01	6.0800e-04	1.4323e-03	5.5174e-01	4.4676e-01	6.3944e-05	1.1755e-36	1.1755e-36	1.4176e-25	0.00e+00	0.00e+00	2.6460e-01
3.29342e+16	6.9877e+03	9.493e-19	5.9948e+02	6.4927e+02	6.5864e-15	2.4943e-03	9.9751e-01	1.5042e-02	9.8463e-01	3.3210e-04	2.6094e-17	1.6306e-04	2.2149e-01	7.7778e-01	5.6816e-04	1.4840e-03	5.6260e-01	4.3589e-01	3.4926e-05	1.1755e-36	1.1755e-36	1.4478e-25	0.00e+00	0.00e+00	3.5433e-01
4.38649e+16	6.9308e+03	9.294e-19	5.9948e+02	6.4920e+02	7.0525e-15	2.5455e-03	9.9745e-01	1.5673e-02	9.8417e-01	1.5638e-04	2.8290e-17	1.7078e-04	2.2891e-01	7.7040e-01	5.2593e-04	1.5650e-03	5.7713e-01	4.2128e-01	1.6017e-05	1.1755e-36	1.1755e-36	1.5263e-25	0.00e+00	0.00e+00	4.7338e-01
5.80749e+16	6.8820e+03	9.105e-19	5.9948e+02	6.4910e+02	7.7371e-15	2.6403e-03	9.9736e-01	1.6648e-02	9.8329e-01	5.9828e-05	3.2232e-17	1.8305e-04	2.3994e-01	7.5940e-01	4.7923e-04	1.6937e-03	5.9685e-01	4.0145e-01	5.9189e-06	1.1755e-36	1.1755e-36	1.6922e-25	0.00e+00	0.00e+00	6.3391e-01
7.65479e+16	6.8435e+03	8.949e-19	5.9948e+02	6.4885e+02	8.8717e-15	2.8105e-03	9.9719e-01	1.8210e-02	9.8177e-01	1.7954e-05	3.9827e-17	2.0326e-04	2.5691e-01	7.4247e-01	4.2441e-04	1.9058e-03	6.2419e-01	3.7391e-01	1.6832e-06	1.1755e-36	1.1755e-36	2.0475e-25	0.00e+00	0.00e+00	8.5605e-01
9.69412e+16	6.8183e+03	8.837e-19	5.9948e+02	6.4859e+02	1.0373e-14	3.0402e-03	9.9696e-01	2.0316e-02	9.7968e-01	4.9070e-06	5.1243e-17	2.2972e-04	2.7835e-01	7.2105e-01	3.6948e-04	2.1885e-03	6.5541e-01	3.4241e-01	4.3553e-07	1.1755e-36	1.1755e-36	2.5928e-25	0.00e+00	0.00e+00	1.0851e+00
1.15147e+17	6.8408e+03	8.798e-19	5.9948e+02	6.4831e+02	1.1923e-14	3.3096e-03	9.9669e-01	2.2767e-02	9.7723e-01	1.6760e-06	6.6890e-17	2.5990e-04	3.0147e-01	6.9794e-01	3.2316e-04	2.5143e-03	6.8524e-01	3.1225e-01	1.3814e-07	1.1755e-36	1.1755e-36	3.3897e-25	0.00e+00	0.00e+00	1.2919e+00
1.30717e+17	6.8749e+03	8.831e-19	5.9948e+02	6.4799e+02	1.3829e-14	3.6198e-03	9.9638e-01	2.5588e-02	9.7441e-01	7.1971e-07	8.8649e-17	2.9347e-04	3.2602e-01	6.7340e-01	2.8311e-04	2.8869e-03	7.1362e-01	2.8349e-01	1.1755e-36	1.1755e-36	1.1755e-36	4.5606e-25	0.00e+00	0.00e+00	1.4924e+00
1.44954e+17	6.9215e+03	8.900e-19	5.9948e+02	6.4756e+02	1.6149e-14	3.9814e-03	9.9602e-01	2.8959e-02	9.7104e-01	3.4949e-07	1.1948e-16	3.3205e-04	3.5302e-01	6.4640e-01	2.4638e-04	3.3253e-03	7.4169e-01	2.5498e-01	1.1755e-36	1.1755e-36	1.1755e-36	6.2932e-25	0.00e+00	0.00e+00	1.7010e+00
1.58426e+17	6.9650e+03	9.009e-19	5.9948e+02	6.4704e+02	1.9293e-14	4.4168e-03	9.9558e-01	3.3166e-02	9.6683e-01	1.8345e-07	1.6489e-16	3.7721e-04	3.8360e-01	6.1581e-01	2.1133e-04	3.8585e-03	7.7006e-01	2.2608e-01	1.1755e-36	1.1755e-36	1.1755e-36	8.9527e-25	0.00e+00	0.00e+00	1.9200e+00
1.70926e+17	7.0250e+03	9.132e-19	5.9948e+02	6.4645e+02	2.3013e-14	4.9195e-03	9.9508e-01	3.8336e-02	9.6166e-01	1.0446e-07	2.2968e-16	4.2824e-04	4.1704e-01	5.8235e-01	1.7930e-04	4.4837e-03	7.9761e-01	1.9790e-01	1.1755e-36	1.1755e-36	1.1755e-36	1.2934e-24	0.00e+00	0.00e+00	2.1416e+00
1.82237e+17	7.0819e+03	9.277e-19	5.9948e+02	6.4577e+02	2.7748e-14	5.4941e-03	9.9451e-01	4.4663e-02	9.5534e-01	6.4241e-08	3.2159e-16	4.8467e-04	4.5290e-01	5.4646e-01	1.5033e-04	5.2064e-03	8.2360e-01	1.7119e-01	1.1755e-36	1.1755e-36	1.1755e-36	1.8870e-24	0.00e+00	0.00e+00	2.3646e+00
1.92469e+17	7.1448e+03	9.430e-19	5.9948e+02	6.4503e+02	3.3444e-14	6.1421e-03	9.9386e-01	5.2461e-02	9.4754e-01	4.2109e-08	4.5011e-16	5.4594e-04	4.9082e-01	5.0851e-01	1.2451e-04	6.0307e-03	8.4767e-01	1.4630e-01	1.1755e-36	1.1755e-36	1.1755e-36	2.7620e-24	0.00e+00	0.00e+00	2.5910e+00
2.01836e+17	7.2053e+03	9.597e-19	5.9948e+02	6.4433e+02	4.0709e-14	6.8848e-03	9.9312e-01	6.2348e-02	9.3765e-01	2.8913e-08	6.3321e-16	6.1223e-04	5.3108e-01	4.6821e-01	1.0128e-04	6.9825e-03	8.6993e-01	1.2309e-01	1.1755e-36	1.1755e-36	1.1755e-36	4.0836e-24	0.00e+00	0.00e+00	2.8255e+00
2.10495e+17	7.2428e+03	9.781e-19	5.9948e+02	6.4283e+02	5.0780e-14	7.7578e-03	9.9224e-01	7.4829e-02	9.2517e-01	2.0418e-08	8.9555e-16	6.8542e-04	5.7404e-01	4.2519e-01	8.0352e-05	8.1048e-03	8.9033e-01	1.0157e-01	1.1755e-36	1.1755e-36	1.1755e-36	6.0646e-24	0.00e+00	0.00e+00	3.0698e+00
2.18468e+17	7.3035e+03	9.963e-19	5.9948e+02	6.4185e+02	6.2734e-14	8.7523e-03	9.9125e-01	9.1562e-02	9.0844e-01	1.4972e-08	1.2706e-15	7.6226e-04	6.1867e-01	3.8050e-01	6.2251e-05	9.3908e-03	9.0856e-01	8.2047e-02	1.1755e-36	1.1755e-36	1.1755e-36	9.1127e-24	0.00e+00	0.00e+00	3.3224e+00
2.25227e+17	7.3355e+03	1.015e-18	5.9948e+02	6.3983e+02	7.7976e-14	9.8220e-03	9.9018e-01	1.1181e-01	8.8819e-01	1.1476e-08	1.7578e-15	8.3776e-04	6.6134e-01	3.3777e-01	4.7810e-05	1.0773e-02	9.2334e-01	6.5883e-02	1.1755e-36	1.1755e-36	1.1755e-36	1.3272e-23	0.00e+00	0.00e+00	3.5416e+00
2.30702e+17	7.3655e+03	1.030e-18	5.9948e+02	6.3789e+02	9.4618e-14	1.0880e-02	9.8912e-01	1.3500e-01	8.6500e-01	9.1621e-09	2.3405e-15	9.0472e-04	6.9896e-01	3.0010e-01	3.6987e-05	1.2141e-02	9.3462e-01	5.3238e-02	1.1755e-36	1.1755e-36	1.1755e-36	1.8547e-23	0.00e+00	0.00e+00	3.7498e+00
2.35561e+17	7.3818e+03	1.044e-18	5.9948e+02	6.3575e+02	1.1515e-13	1.2017e-02	9.8798e-01	1.6376e-01	8.3624e-01	7.4153e-09	3.0821e-15	9.6903e-04	7.3449e-01	2.6451e-01	2.8231e-05	1.3608e-02	9.4381e-01	4.2578e-02	1.1755e-36	1.1755e-36	1.1755e-36	2.5595e-23	0.00e+00	0.00e+00	3.9619e+00
2.40041e+17	7.4148e+03	1.056e-18	5.9948e+02	6.3343e+02	1.3821e-13	1.3245e-02	9.8675e-01	2.0083e-01	7.9917e-01	6.0468e-09	4.0360e-15	1.0310e-03	7.6841e-01	2.3054e-01	2.1114e-05	1.5193e-02	9.5144e-01	3.3370e-02	1.1755e-36	1.1755e-36	1.1755e-36	3.5155e-23	0.00e+00	0.00e+00	4.1773e+00
2.43613e+17	7.4208e+03	1.067e-18	5.9948e+02	6.3070e+02	1.6452e-13	1.4424e-02	9.8558e-01	2.4198e-01	7.5802e-01	5.0602e-09	5.0976e-15	1.0820e-03	7.9635e-01	2.0255e-01	1.6100e-05	1.6706e-02	9.5680e-01	2.6493e-02	1.1755e-36	1.1755e-36	1.1755e-36	4.6152e-23	0.00e+00	0.00e+00	4.3328e+00
2.46079e+17	7.4428e+03	1.073e-18	5.9948e+02	6.2851e+02	1.8437e-13	1.5325e-02	9.8467e-01	2.7889e-01	7.2111e-01	4.4195e-09	6.0347e-15	1.1162e-03	8.1560e-01	1.8327e-01	1.3037e-05	1.7864e-02	9.6010e-01	2.2032e-02	1.1755e-36	1.1755e-36	1.1755e-36	5.6194e-23	0.00e+00	0.00e+00	4.4538e+00
2.48147e+17	7.4437e+03	1.076e-18	5.9948e+02	6.2542e+02	2.0619e-13	1.6164e-02	9.8384e-01	3.1539e-01	6.8461e-01	3.8260e-09	6.9858e-15	1.1441e-03	8.3133e-01	1.6752e-01	1.0732e-05	1.8938e-02	9.6248e-01	1.8577e-02	1.1755e-36	1.1755e-36	1.1755e-36	6.6405e-23	0.00e+00	0.00e+00	4.5792e+00
2.50505e+17	7.4413e+03	1.081e-18	5.9948e+02	6.2308e+02	2.3754e-13	1.7265e-02	9.8273e-01	3.6732e-01	6.3268e-01	3.2239e-09	8.4095e-15	1.1776e-03	8.4903e-01	1.4979e-01	8.3719e-06	2.0339e-02	9.6473e-01	1.4928e-02	1.1755e-36	1.1755e-36	1.1755e-36	8.2215e-23	0.00e+00	0.00e+00	4.7534e+00
2.53052e+17	7.4460e+03	1.084e-18	5.9948e+02	6.1953e+02	2.7658e-13	1.8571e-02	9.8143e-01	4.3526e-01	5.6474e-01	2.6089e-09	1.0331e-14	1.2100e-03	8.6673e-01	1.3205e-01	6.2803e-06	2.1997e-02	9.6656e-01	1.1447e-02	1.1755e-36	1.1755e-36	1.1755e-36	1.0388e-22	0.00e+00	0.00e+00	4.9241e+00
2.55251e+17	7.4388e+03	1.085e-18	5.9948e+02	6.1529e+02	3.2036e-13	1.9850e-02	9.8015e-01	5.0587e-01	4.9413e-01	2.0904e-09	1.2478e-14	1.2349e-03	8.8087e-01	1.1789e-01	4.7815e-06	2.3614e-02	9.6758e-01	8.8105e-03	1.1755e-36	1.1755e-36	1.1755e-36	1.2819e-22	0.00e+00	0.00e+00	5.0721e+00
2.57146e+17	7.4342e+03	1.084e-18	5.9948e+02	6.1094e+02	3.6513e-13	2.1067e-02	9.7893e-01	5.7409e-01	4.2591e-01	1.6643e-09	1.4782e-14	1.2533e-03	8.9183e-01	1.0692e-01	3.7150e-06	2.5147e-02	9.6800e-01	6.8562e-03	1.1755e-36	1.1755e-36	1.1755e-36	1.5458e-22	0.00e+00	0.00e+00	5.2173e+00
2.59239e+17	7.4234e+03	1.080e-18	5.9948e+02	6.0520e+02	4.2584e-13	2.2556e-02	9.7744e-01	6.5322e-01	3.4678e-01	1.2321e-09	1.7922e-14	1.2697e-03	9.0238e-01	9.6352e-02	2.7605e-06	2.7014e-02	9.6792e-01	5.0701e-03	1.1755e-36	1.1755e-36	1.1755e-36	1.9105e-22	0.00e+00	0.00e+00	5.4194e+00
2.61961e+17	7.4041e+03	1.077e-18	5.9948e+02	5.9893e+02	5.2944e-13	2.4836e-02	9.7516e-01	7.5298e-01	2.4702e-01	7.8006e-10	2.3341e-14	1.2899e-03	9.1372e-01	8.4986e-02	1.8355e-06	2.9856e-02	9.6684e-01	3.3089e-03	1.1755e-36	1.1755e-36	1.1755e-36	2.5793e-22	0.00e+00	0.00e+00	5.7087e+00
2.65011e+17	7.3804e+03	1.080e-18	5.9948e+02	5.9336e+02	6.9227e-13	2.8017e-02	9.7198e-01	8.4755e-01	1.5245e-01	4.2674e-10	3.1837e-14	1.3114e-03	9.2366e-01	7.5028e-02	1.1334e-06	3.3796e-02	9.6425e-01	1.9579e-03	1.1755e-36	1.1755e-36	1.1755e-36	3.7481e-22	0.00e+00	0.00e+00	6.0292e+00
2.68486e+17	7.3618e+03	1.084e-18	5.9948e+02	5.8697e+02	9.5680e-13	3.2564e-02	9.6744e-01	9.1921e-01	8.0795e-02	1.9698e-10	4.5406e-14	1.3310e-03	9.3225e-01	6.6418e-02	6.3268e-07	3.9404e-02	9.5956e-01	1.0351e-03	1.1755e-36	1.1755e-36	1.1755e-36	5.9317e-22	0.00e+00	0.00e+00	6.5134e+00
2.72266e+17	7.3492e+03	1.094e-18	5.9948e+02	5.7957e+02	1.4151e-12	3.9234e-02	9.6077e-01	9.6140e-01	3.8595e-02	8.1930e-11	6.8173e-14	1.3480e-03	9.3964e-01	5.9009e-02	3.2901e-07	4.7597e-02	9.5190e-01	5.0097e-04	1.1755e-36	1.1755e-36	1.1755e-36	1.0428e-21	0.00e+00	0.00e+00	7.0527e+00
2.75828e+17	7.3355e+03	1.109e-18	5.9948e+02	5.7392e+02	2.1971e-12	4.8353e-02	9.5165e-01	9.8070e-01	1.9301e-02	3.6235e-11	1.0633e-13	1.3657e-03	9.4635e-01	5.2284e-02	1.6825e-07	5.8754e-02	9.4100e-01	2.4527e-04	1.1755e-36	1.1755e-36	1.1755e-36	1.9915e-21	0.00e+00	0.00e+00	7.6919e+00
2.79064e+17	7.3131e+03	1.120e-18	5.9948e+02	5.6697e+02	3.5630e-12	6.0592e-02	9.3941e-01	9.8948e-01	1.0522e-02	1.7796e-11	1.7095e-13	1.3778e-03	9.5256e-01	4.6063e-02	1.1755e-36	7.3662e-02	9.2621e-01	1.2461e-04	1.1755e-36	1.1755e-36	1.1755e-36	4.0296e-21	0.00e+00	0.00e+00	8.3755e+00
2.81729e+17	7.2950e+03	1.119e-18	5.9948e+02	5.5686e+02	5.6877e-12	7.5338e-02	9.2466e-01	9.9347e-01	6.5266e-03	1.0230e-11	2.6907e-13	1.3768e-03	9.5787e-01	4.0756e-02	1.1755e-36	9.1523e-02	9.0841e-01	6.9193e-05	1.1755e-36	1.1755e-36	1.1755e-36	7.9431e-21	0.00e+00	0.00e+00	9.0453e+00
2.83627e+17	7.2727e+03	1.111e-18	5.9948e+02	5.4742e+02	8.5078e-12	9.0596e-02	9.0940e-01	9.9528e-01	4.7187e-03	7.0536e-12	3.9536e-13	1.3710e-03	9.6194e-01	3.6694e-02	1.1755e-36	1.0988e-01	8.9007e-01	4.4348e-05	1.1755e-36	1.1755e-36	1.1755e-36	1.4173e-20	0.00e+00	0.00e+00	9.5418e+00
2.84887e+17	7.2498e+03	1.102e-18	5.9948e+02	5.3998e+02	1.1576e-11	1.0404e-01	8.9596e-01	9.9619e-01	3.8117e-03	5.5243e-12	5.2887e-13	1.3648e-03	9.6488e-01	3.3760e-02	1.1755e-36	1.2595e-01	8.7402e-01	3.2282e-05	1.1755e-36	1.1755e-36	1.1755e-36	2.1992e-20	0.00e+00	0.00e+00	9.9641e+00
2.86120e+17	7.2203e+03	1.083e-18	5.9948e+02	5.2971e+02	1.5961e-11	1.1984e-01	8.8016e-01	9.9693e-01	3.0664e-03	4.3168e-12	7.1101e-13	1.3506e-03	9.6786e-01	3.0790e-02	1.1755e-36	1.4472e-01	8.5525e-01	2.3129e-05	1.1755e-36	1.1755e-36	1.1755e-36	3.4346e-20	0.00e+00	0.00e+00	1.0597e+01
2.87506e+17	7.1856e+03	1.051e-18	5.9948e+02	5.1474e+02	2.3683e-11	1.4242e-01	8.5758e-01	9.9758e-01	2.4224e-03	3.3301e-12	1.0201e-12	1.3254e-03	9.7118e-01	2.7498e-02	1.1755e-36	1.7130e-01	8.2868e-01	1.5639e-05	1.1755e-36	1.1755e-36	1.1755e-36	5.9296e-20	0.00e+00	0.00e+00	1.1339e+01
2.88742e+17	7.1196e+03	1.012e-18	5.9948e+02	4.9815e+02	3.6449e-11	1.7016e-01	8.2984e-01	9.9802e-01	1.9801e-03	2.6782e-12	1.4855e-12	1.2955e-03	9.7434e-01	2.4361e-02	1.1755e-36	2.0357e-01	7.9642e-01	1.0693e-05	1.1755e-36	1.1755e-36	1.1755e-36	1.0482e-19	0.00e+00	0.00e+00	1.2044e+01
2.89829e+17	7.0467e+03	9.610e-19	5.9948e+02	4.7904e+02	5.5935e-11	2.0198e-01	7.9802e-01	9.9834e-01	1.6593e-03	2.2280e-12	2.1390e-12	1.2573e-03	9.7727e-01	2.1472e-02	1.1755e-36	2.4010e-01	7.5990e-01	7.4000e-06	1.1755e-36	1.1755e-36	1.1755e-36	1.8251e-19	0.00e+00	0.00e+00	1.2869e+01
2.90897e+17	6.9453e+03	8.937e-19	5.9948e+02	4.5480e+02	9.0483e-11	2.4237e-01	7.5763e-01	9.9860e-01	1.4030e-03	1.8891e-12	3.1618e-12	1.2056e-03	9.8019e-01	1.8608e-02	1.1755e-36	2.8568e-01	7.1432e-01	4.9932e-06	1.1755e-36	1.1755e-36	1.1755e-36	3.3128e-19	0.00e+00	0.00e+00	1.3838e+01
2.91821e+17	6.8214e+03	8.171e-19	5.9948e+02	4.2756e+02	1.4746e-10	2.8818e-01	7.1182e-01	9.9877e-01	1.2268e-03	1.6786e-12	4.6032e-12	1.1445e-03	9.8273e-01	1.6129e-02	1.1755e-36	3.3635e-01	6.6364e-01	3.4366e-06	1.1755e-36	1.1755e-36	1.1755e-36	5.8903e-19	0.00e+00	0.00e+00	1.4703e+01
2.92466e+17	6.7040e+03	7.507e-19	5.9948e+02	4.0358e+02	2.1827e-10	3.2773e-01	6.7227e-01	9.9887e-01	1.1285e-03	1.5797e-12	6.0991e-12	1.0889e-03	9.8450e-01	1.4409e-02	1.1755e-36	3.7926e-01	6.2074e-01	2.5899e-06	1.1755e-36	1.1755e-36	1.1755e-36	9.0726e-19	0.00e+00	0.00e+00	1.5320e+01
2.92883e+17	6.6101e+03	7.029e-19	5.9948e+02	3.8630e+02	2.8818e-10	3.5679e-01	6.4321e-01	9.9893e-01	1.0713e-03	1.5281e-12	7.3642e-12	1.0482e-03	9.8565e-01	1.3300e-02	1.1755e-36	4.1029e-01	5.8970e-01	2.1345e-06	1.1755e-36	1.1755e-36	1.1755e-36	1.2127e-18	0.00e+00	0.00e+00	1.5773e+01
2.93200e+17	6.5260e+03	6.637e-19	5.9948e+02	3.7191e+02	3.6111e-10	3.8056e-01	6.1944e-01	9.9897e-01	1.0309e-03	1.4956e-12	8.5032e-12	1.0139e-03	9.8653e-01	1.2455e-02	1.1755e-36	4.3539e-01	5.6461e-01	1.8308e-06	1.1755e-36	1.1755e-36	1.1755e-36	1.5127e-18	0.00e+00	0.00e+00	1.6205e+01
2.93505e+17	6.4338e+03	6.242e-19	5.9948e+02	3.5729e+02	4.5470e-10	4.0492e-01	5.9508e-01	9.9901e-01	9.9355e-04	1.4678e-12	9.7779e-12	9.7877e-04	9.8738e-01	1.1645e-02	1.1755e-36	4.6082e-01	5.3918e-01	1.5716e-06	1.1755e-36	1.1755e-36	1.1755e-36	1.8753e-18	0.00e+00	0.00e+00	1.6679e+01
2.93811e+17	6.3295e+03	5.829e-19	5.9948e+02	3.4168e+02	5.8165e-10	4.3089e-01	5.6911e-01	9.9904e-01	9.5930e-04	1.4476e-12	1.1260e-11	9.4097e-04	9.8821e-01	1.0851e-02	1.1755e-36	4.8764e-01	5.1236e-01	1.3425e-06	1.1755e-36	1.1755e-36	1.1755e-36	2.3307e-18	0.00e+00	0.00e+00	1.7173e+01
2.94095e+17	6.2211e+03	5.436e-19	5.9948e+02	3.2640e+02	7.4182e-10	4.5632e-01	5.4368e-01	9.9907e-01	9.3162e-04	1.4380e-12	1.2839e-11	9.0365e-04	9.8896e-01	1.0137e-02	1.1755e-36	5.1359e-01	4.8641e-01	1.1561e-06	1.1755e-36	1.1755e-36	1.1755e-36	2.8535e-18	0.00e+00	0.00e+00	1.7631e+01
2.94341e+17	6.1161e+03	5.088e-19	5.9948e+02	3.1256e+02	9.2874e-10	4.7934e-01	5.2066e-01	9.9909e-01	9.1000e-04	1.4357e-12	1.4386e-11	8.6966e-04	9.8960e-01	9.5313e-03	1.1755e-36	5.3685e-01	4.6315e-01	1.0125e-06	1.1755e-36	1.1755e-36	1.1755e-36	3.4016e-18	0.00e+00	0.00e+00	1.8042e+01
2.94556e+17	6.0143e+03	4.779e-19	5.9948e+02	2.9999e+02	1.1457e-09	5.0028e-01	4.9972e-01	9.9911e-01	8.9238e-04	1.4376e-12	1.5895e-11	8.3860e-04	9.9015e-01	9.0070e-03	1.1755e-36	5.5779e-01	4.4221e-01	8.9876e-07	1.1755e-36	1.1755e-36	1.1755e-36	3.9693e-18	0.00e+00	0.00e+00	1.8430e+01
2.94756e+17	5.9111e+03	4.490e-19	5.9948e+02	2.8797e+02	1.4086e-09	5.2026e-01	4.7974e-01	9.9912e-01	8.7714e-04	1.4427e-12	1.7431e-11	8.0879e-04	9.9066e-01	8.5279e-03	1.1755e-36	5.7760e-01	4.2240e-01	8.0284e-07	1.1755e-36	1.1755e-36	1.1755e-36	4.5802e-18	0.00e+00	0.00e+00	1.8814e+01
2.94948e+17	5.8043e+03	4.214e-19	5.9948e+02	2.7621e+02	1.7361e-09	5.3979e-01	4.6021e-01	9.9914e-01	8.6376e-04	1.4513e-12	1.9030e-11	7.7950e-04	9.9114e-01	8.0796e-03	1.1755e-36	5.9680e-01	4.0320e-01	7.1942e-07	1.1755e-36	1.1755e-36	1.1755e-36	5.2523e-18	0.00e+00	0.00e+00	1.9197e+01
2.95103e+17	5.7135e+03	3.997e-19	5.9948e+02	2.6670e+02	2.0693e-09	5.5571e-01	4.4429e-01	9.9915e-01	8.5485e-04	1.4627e-12	2.0413e-11	7.5572e-04	9.9151e-01	7.7381e-03	1.1755e-36	6.1232e-01	3.8768e-01	6.5880e-07	1.1755e-36	1.1755e-36	1.1755e-36	5.8655e-18	0.00e+00	0.00e+00	1.9458e+01
2.95215e+17	5.6432e+03	3.840e-19	5.9948e+02	2.5969e+02	2.3658e-09	5.6738e-01	4.3262e-01	9.9915e-01	8.4845e-04	1.4717e-12	2.1476e-11	7.3817e-04	9.9177e-01	7.4904e-03	1.1755e-36	6.2364e-01	3.7636e-01	6.1742e-07	1.1755e-36	1.1755e-36	1.1755e-36	6.3560e-18	0.00e+00	0.00e+00	1.9672e+01
2.95319e+17	5.5735e+03	3.693e-19	5.9948e+02	2.5307e+02	2.6982e-09	5.7849e-01	4.2151e-01	9.9916e-01	8.4188e-04	1.4793e-12	2.2534e-11	7.2158e-04	9.9202e-01	7.2545e-03	1.1755e-36	6.3436e-01	3.6563e-01	5.8015e-07	1.1755e-36	1.1755e-36	1.1755e-36	6.8639e-18	0.00e+00	0.00e+00	1.9907e+01
2.95433e+17	5.4933e+03	3.531e-19	5.9948e+02	2.4563e+02	3.1364e-09	5.9079e-01	4.0921e-01	9.9916e-01	8.3520e-04	1.4897e-12	2.3750e-11	7.0287e-04	9.9230e-01	6.9993e-03	1.1755e-36	6.4617e-01	3.5383e-01	5.4136e-07	1.1755e-36	1.1755e-36	1.1755e-36	7.4703e-18	0.00e+00	0.00e+00	2.0179e+01
2.95555e+17	5.4016e+03	3.363e-19	5.9948e+02	2.3781e+02	3.7197e-09	6.0410e-01	3.9590e-01	9.9917e-01	8.2810e-04	1.5004e-12	2.5160e-11	6.8332e-04	9.9259e-01	6.7313e-03	1.1755e-36	6.5889e-01	3.4111e-01	5.0256e-07	1.1755e-36	1.1755e-36	1.1755e-36	8.2124e-18	0.00e+00	0.00e+00	2.0459e+01
2.95674e+17	5.3112e+03	3.203e-19	5.9948e+02	2.3016e+02	4.4048e-09	6.1687e-01	3.8313e-01	9.9918e-01	8.2231e-04	1.5143e-12	2.6580e-11	6.6407e-04	9.9285e-01	6.4824e-03	1.1755e-36	6.7102e-01	3.2898e-01	4.6773e-07	1.1755e-36	1.1755e-36	1.1755e-36	9.0030e-18	0.00e+00	0.00e+00	2.0725e+01
2.95785e+17	5.2218e+03	3.055e-19	5.9948e+02	2.2292e+02	5.2071e-09	6.2897e-01	3.7103e-01	9.9918e-01	8.1710e-04	1.5285e-12	2.8016e-11	6.4582e-04	9.9310e-01	6.2517e-03	1.1755e-36	6.8244e-01	3.1755e-01	4.3681e-07	1.1755e-36	1.1755e-36	1.1755e-36	9.8519e-18	0.00e+00	0.00e+00	2.0985e+01
2.95894e+17	5.1303e+03	2.912e-19	5.9948e+02	2.1582e+02	6.1815e-09	6.4083e-01	3.5917e-01	9.9919e-01	8.1219e-04	1.5433e-12	2.9529e-11	6.2795e-04	9.9334e-01	6.0298e-03	1.1755e-36	6.9359e-01	3.0641e-01	4.0830e-07	1.1755e-36	1.1755e-36	1.1755e-36	1.0808e-17	0.00e+00	0.00e+00	2.1248e+01
2.96003e+17	5.0328e+03	2.772e-19	5.9948e+02	2.0868e+02	7.4209e-09	6.5272e-01	3.4728e-01	9.9919e-01	8.0736e-04	1.5588e-12	3.1179e-11	6.1000e-04	9.9358e-01	5.8125e-03	1.1755e-36	7.0472e-01	2.9528e-01	3.8149e-07	1.1755e-36	1.1755e-36	1.1755e-36	1.1932e-17	0.00e+00	0.00e+00	2.1517e+01
2.96111e+17	4.9316e+03	2.637e-19	5.9948e+02	2.0162e+02	8.9699e-09	6.6455e-01	3.3545e-01	9.9920e-01	8.0276e-04	1.5750e-12	3.2968e-11	5.9231e-04	9.9382e-01	5.5911e-03	1.1755e-36	7.1574e-01	2.8426e-01	3.5639e-07	1.1755e-36	1.1755e-36	1.1755e-36	1.3211e-17	0.00e+00	0.00e+00	2.1787e+01
2.96217e+17	4.8278e+03	2.507e-19	5.9948e+02	1.9469e+02	1.0901e-08	6.7611e-01	3.2389e-01	9.9920e-01	7.9850e-04	1.5919e-12	3.4859e-11	5.7499e-04	9.9405e-01	5.3737e-03	1.1755e-36	7.2646e-01	2.7354e-01	3.3327e-07	1.1755e-36	1.1755e-36	1.1755e-36	1.4657e-17	0.00e+00	0.00e+00	2.2055e+01
2.96298e+17	4.7536e+03	2.414e-19	5.9948e+02	1.8964e+02	1.2573e-08	6.8454e-01	3.1546e-01	9.9920e-01	7.9638e-04	1.6077e-12	3.6334e-11	5.6231e-04	9.9422e-01	5.2217e-03	1.1755e-36	7.3423e-01	2.6577e-01	3.1727e-07	1.1755e-36	1.1755e-36	1.1755e-36	1.5872e-17	0.00e+00	0.00e+00	2.2208e+01
2.96350e+17	4.6993e+03	2.355e-19	5.9948e+02	1.8624e+02	1.3926e-08	6.8997e-01	3.1003e-01	9.9920e-01	7.9500e-04	1.6182e-12	3.7337e-11	5.5384e-04	9.9432e-01	5.1231e-03	1.1755e-36	7.3923e-01	2.6077e-01	3.0737e-07	1.1755e-36	1.1755e-36	1.1755e-36	1.6751e-17	0.00e+00	0.00e+00	2.2324e+01
2.96395e+17	4.6475e+03	2.303e-19	5.9948e+02	1.8338e+02	1.5361e-08	6.9510e-01	3.0490e-01	9.9921e-01	7.9259e-04	1.6231e-12	3.8388e-11	5.4687e-04	9.9442e-01	5.0285e-03	1.1755e-36	7.4394e-01	2.5606e-01	2.9835e-07	1.1755e-36	1.1755e-36	1.1755e-36	1.7715e-17	0.00e+00	0.00e+00	2.2444e+01
2.96443e+17	4.5998e+03	2.248e-19	5.9948e+02	1.8027e+02	1.6848e-08	7.0009e-01	2.9990e-01	9.9921e-01	7.9121e-04	1.6334e-12	3.9390e-11	5.3903e-04	9.9452e-01	4.9373e-03	1.1755e-36	7.4852e-01	2.5148e-01	2.8944e-07	1.1755e-36	1.1755e-36	1.1755e-36	1.8678e-17	0.00e+00	0.00e+00	2.2573e+01
2.96495e+17	4.5421e+03	2.187e-19	5.9948e+02	1.7674e+02	1.8813e-08	7.0565e-01	2.9435e-01	9.9921e-01	7.8954e-04	1.6446e-12	4.0570e-11	5.3026e-04	9.9463e-01	4.8364e-03	1.1755e-36	7.5360e-01	2.4640e-01	2.7990e-07	1.1755e-36	1.1755e-36	1.1755e-36	1.9877e-17	0.00e+00	0.00e+00	2.2722e+01
2.96549e+17	4.4852e+03	2.127e-19	5.9948e+02	1.7340e+02	2.1031e-08	7.1151e-01	2.8849e-01	9.9921e-01	7.8732e-04	1.6535e-12	4.1931e-11	5.2201e-04	9.9475e-01	4.7309e-03	1.1755e-36	7.5895e-01	2.4105e-01	2.7012e-07	1.1755e-36	1.1755e-36	1.1755e-36	2.1326e-17	0.00e+00	0.00e+00	2.2865e+01
2.96601e+17	4.4276e+03	2.071e-19	5.9948e+02	1.7013e+02	2.3514e-08	7.1705e-01	2.8295e-01	9.9921e-01	7.8541e-04	1.6628e-12	4.3293e-11	5.1400e-04	9.9485e-01	4.6321e-03	1.1755e-36	7.6398e-01	2.3602e-01	2.6117e-07	1.1755e-36	1.1755e-36	1.1755e-36	2.2870e-17	0.00e+00	0.00e+00	2.3001e+01
2.96650e+17	4.3717e+03	2.018e-19	5.9948e+02	1.6701e+02	2.6200e-08	7.2223e-01	2.7777e-01	9.9922e-01	7.8378e-04	1.6725e-12	4.4643e-11	5.0634e-04	9.9495e-01	4.5402e-03	1.1755e-36	7.6870e-01	2.3130e-01	2.5300e-07	1.1755e-36	1.1755e-36	1.1755e-36	2.4496e-17	0.00e+00	0.00e+00	2.3132e+01
2.96697e+17	4.3170e+03	1.968e-19	5.9948e+02	1.6402e+02	2.9118e-08	7.2722e-01	2.7278e-01	9.9922e-01	7.8217e-04	1.6817e-12	4.6019e-11	4.9904e-04	9.9505e-01	4.4523e-03	1.1755e-36	7.7322e-01	2.2678e-01	2.4534e-07	1.1755e-36	1.1755e-36	1.1755e-36	2.6250e-17	0.00e+00	0.00e+00	2.3260e+01
2.96743e+17	4.2625e+03	1.919e-19	5.9948e+02	1.6109e+02	3.2342e-08	7.3214e-01	2.6786e-01	9.9922e-01	7.8053e-04	1.6907e-12	4.7461e-11	4.9194e-04	9.9514e-01	4.3660e-03	1.1755e-36	7.7767e-01	2.2233e-01	2.3793e-07	1.1755e-36	1.1755e-36	1.1755e-36	2.8189e-17	0.00e+00	0.00e+00	2.3388e+01
2.96790e+17	4.2069e+03	1.871e-19	5.9948e+02	1.5816e+02	3.5978e-08	7.3703e-01	2.6297e-01	9.9922e-01	7.7892e-04	1.6999e-12	4.8981e-11	4.8486e-04	9.9523e-01	4.2806e-03	1.1755e-36	7.8209e-01	2.1791e-01	2.3074e-07	1.1755e-36	1.1755e-36	1.1755e-36	3.0355e-17	0.00e+00	0.00e+00	2.3518e+01
2.96836e+17	4.1459e+03	1.824e-19	5.9948e+02	1.5520e+02	4.0346e-08	7.4197e-01	2.5803e-01	9.9922e-01	7.7702e-04	1.7079e-12	5.0648e-11	4.7785e-04	9.9533e-01	4.1950e-03	1.1755e-36	7.8655e-01	2.1345e-01	2.2376e-07	1.1755e-36	1.1755e-36	1.1755e-36	3.2887e-17	0.00e+00	0.00e+00	2.3647e+01
2.96880e+17	4.0965e+03	1.780e-19	5.9948e+02	1.5250e+02	4.4315e-08	7.4644e-01	2.5356e-01	9.9922e-01	7.7595e-04	1.7185e-12	5.2161e-11	4.7126e-04	9.9541e-01	4.1182e-03	1.1755e-36	7.9056e-01	2.0944e-01	2.1736e-07	1.1755e-36	1.1755e-36	1.1755e-36	3.5286e-17	0.00e+00	0.00e+00	2.3767e+01
2.96925e+17	4.0349e+03	1.735e-19	5.9948e+02	1.4955e+02	4.9585e-08	7.5117e-01	2.4883e-01	9.9923e-01	7.7431e-04	1.7276e-12	5.3924e-11	4.6434e-04	9.9550e-01	4.0368e-03	1.1755e-36	7.9483e-01	2.0517e-01	2.1091e-07	1.1755e-36	1.1755e-36	1.1755e-36	3.8289e-17	0.00e+00	0.00e+00	2.3903e+01
2.96971e+17	3.9803e+03	1.691e-19	5.9948e+02	1.4671e+02	5.4772e-08	7.5578e-01	2.4422e-01	9.9923e-01	7.7320e-04	1.7390e-12	5.5651e-11	4.5753e-04	9.9558e-01	3.9585e-03	1.1755e-36	7.9896e-01	2.0104e-01	2.0462e-07	1.1755e-36	1.1755e-36	1.1755e-36	4.1358e-17	0.00e+00	0.00e+00	2.4030e+01
