#depth	Te	Htot	hden	eden	2H_2/H	HI	HII	HeI	HeII	HeIII	CO/C	C1	C2	C3	C4	O1	O2	O3	O4	O5	O6	H2O/O	AV(point)	AV(extend)	Tau912
5.38894e+14	6.7230e+03	3.179e-22	1.0000e+01	1.0785e+01	1.1486e-12	5.8458e-03	9.9415e-01	3.1178e-02	9.6782e-01	1.0059e-03	6.2388e-16	6.2626e-04	3.7411e-01	6.2505e-01	2.1432e-04	5.1219e-03	7.7088e-01	2.2395e-01	5.1150e-05	1.1755e-36	1.1755e-36	3.7150e-24	0.00e+00	0.00e+00	3.9783e-04
3.23336e+15	6.7191e+03	3.177e-22	1.0000e+01	1.0782e+01	1.1510e-12	5.8431e-03	9.9416e-01	3.1182e-02	9.6781e-01	1.0048e-03	6.2308e-16	6.2514e-04	3.7415e-01	6.2501e-01	2.1475e-04	5.1194e-03	7.7082e-01	2.2401e-01	5.0994e-05	1.1755e-36	1.1755e-36	3.7060e-24	0.00e+00	0.00e+00	1.9884e-03
1.40112e+16	6.7092e+03	3.172e-22	1.0000e+01	1.0782e+01	1.1595e-12	5.8426e-03	9.9416e-01	3.1231e-02	9.6777e-01	9.9726e-04	6.2372e-16	6.2435e-04	3.7455e-01	6.2461e-01	2.1403e-04	5.1219e-03	7.7109e-01	2.2374e-01	5.0194e-05	1.1755e-36	1.1755e-36	3.7015e-24	0.00e+00	0.00e+00	8.3502e-03
5.71228e+16	6.6902e+03	3.154e-22	1.0000e+01	1.0781e+01	1.1799e-12	5.8503e-03	9.9415e-01	3.1428e-02	9.6761e-01	9.6132e-04	6.2860e-16	6.2581e-04	3.7612e-01	6.2305e-01	2.1100e-04	5.1422e-03	7.7242e-01	2.2239e-01	4.7030e-05	1.1755e-36	1.1755e-36	3.7098e-24	0.00e+00	0.00e+00	3.3831e-02
1.36448e+17	6.6058e+03	3.095e-22	1.0000e+01	1.0781e+01	1.2275e-12	5.7821e-03	9.9422e-01	3.1589e-02	9.6748e-01	9.3183e-04	6.1495e-16	6.2205e-04	3.7766e-01	6.2151e-01	2.0762e-04	5.0963e-03	7.7336e-01	2.2150e-01	4.3277e-05	1.1755e-36	1.1755e-36	3.5338e-24	0.00e+00	0.00e+00	6.6570e-02
2.39571e+17	6.5218e+03	3.040e-22	1.0000e+01	1.0782e+01	1.2902e-12	5.7425e-03	9.9426e-01	3.1889e-02	9.6724e-01	8.6989e-04	6.0962e-16	6.2299e-04	3.8023e-01	6.1894e-01	2.0204e-04	5.0845e-03	7.7539e-01	2.1948e-01	3.8403e-05	1.1755e-36	1.1755e-36	3.4162e-24	0.00e+00	0.00e+00	1.0884e-01
3.73630e+17	6.4337e+03	2.984e-22	1.0000e+01	1.0781e+01	1.3754e-12	5.7296e-03	9.9427e-01	3.2362e-02	9.6686e-01	7.7776e-04	6.1227e-16	6.2797e-04	3.8409e-01	6.1509e-01	1.9419e-04	5.1071e-03	7.7870e-01	2.1616e-01	3.2552e-05	1.1755e-36	1.1755e-36	3.3462e-24	0.00e+00	0.00e+00	1.6367e-01
5.47908e+17	6.3403e+03	2.927e-22	1.0000e+01	1.0780e+01	1.4934e-12	5.7512e-03	9.9425e-01	3.3073e-02	9.6627e-01	6.5793e-04	6.2560e-16	6.3791e-04	3.8967e-01	6.0951e-01	1.8389e-04	5.1743e-03	7.8362e-01	2.1118e-01	2.5991e-05	1.1755e-36	1.1755e-36	3.3358e-24	0.00e+00	0.00e+00	2.3521e-01
7.74469e+17	6.2428e+03	2.871e-22	1.0000e+01	1.0779e+01	1.6591e-12	5.8226e-03	9.9418e-01	3.4133e-02	9.6535e-01	5.1816e-04	6.5496e-16	6.5511e-04	3.9768e-01	6.0149e-01	1.7107e-04	5.3052e-03	7.9063e-01	2.0405e-01	1.9176e-05	1.1755e-36	1.1755e-36	3.4127e-24	0.00e+00	0.00e+00	3.2937e-01
1.06900e+18	6.1447e+03	2.817e-22	1.0000e+01	1.0776e+01	1.8958e-12	5.9688e-03	9.9403e-01	3.5723e-02	9.6390e-01	3.7244e-04	7.0960e-16	6.8297e-04	4.0916e-01	5.9000e-01	1.5579e-04	5.5305e-03	8.0033e-01	1.9413e-01	1.2752e-05	1.1755e-36	1.1755e-36	3.6243e-24	0.00e+00	0.00e+00	4.5485e-01
1.45189e+18	6.0514e+03	2.770e-22	1.0000e+01	1.0771e+01	2.2479e-12	6.2342e-03	9.9377e-01	3.8161e-02	9.6160e-01	2.3863e-04	8.0920e-16	7.2750e-04	4.2576e-01	5.7338e-01	1.3815e-04	5.9045e-03	8.1347e-01	1.8061e-01	7.3917e-06	1.1755e-36	1.1755e-36	4.0816e-24	0.00e+00	0.00e+00	6.2523e-01
1.94964e+18	5.9713e+03	2.735e-22	1.0000e+01	1.0764e+01	2.8046e-12	6.7021e-03	9.9330e-01	4.2071e-02	9.5780e-01	1.3266e-04	9.9798e-16	7.9961e-04	4.5026e-01	5.4883e-01	1.1799e-04	6.5305e-03	8.3108e-01	1.6238e-01	3.5678e-06	1.1755e-36	1.1755e-36	5.0447e-24	0.00e+00	0.00e+00	8.6336e-01
2.50720e+18	5.9111e+03	2.715e-22	1.0000e+01	1.0752e+01	3.5862e-12	7.3571e-03	9.9264e-01	4.7417e-02	9.5252e-01	6.8293e-05	1.2917e-15	8.9485e-04	4.8053e-01	5.1848e-01	9.8490e-05	7.3892e-03	8.5036e-01	1.4225e-01	1.5583e-06	1.1755e-36	1.1755e-36	6.6326e-24	0.00e+00	0.00e+00	1.1200e+00
3.01656e+18	5.8965e+03	2.721e-22	1.0000e+01	1.0738e+01	4.5076e-12	8.1653e-03	9.9183e-01	5.3847e-02	9.4612e-01	3.7443e-05	1.7121e-15	1.0043e-03	5.1260e-01	4.8631e-01	8.2097e-05	8.4285e-03	8.6821e-01	1.2336e-01	7.1297e-07	1.1755e-36	1.1755e-36	9.1104e-24	0.00e+00	0.00e+00	1.3604e+00
3.44030e+18	5.9120e+03	2.744e-22	1.0000e+01	1.0723e+01	5.5201e-12	9.0642e-03	9.9094e-01	6.0956e-02	9.3902e-01	2.2934e-05	2.2611e-15	1.1175e-03	5.4359e-01	4.5523e-01	6.8969e-05	9.5729e-03	8.8333e-01	1.0710e-01	3.6200e-07	1.1755e-36	1.1755e-36	1.2611e-23	0.00e+00	0.00e+00	1.5786e+00
3.79626e+18	5.9392e+03	2.778e-22	1.0000e+01	1.0707e+01	6.6707e-12	1.0043e-02	9.8996e-01	6.8787e-02	9.3120e-01	1.5287e-05	2.9653e-15	1.2322e-03	5.7334e-01	4.2537e-01	5.8145e-05	1.0814e-02	8.9612e-01	9.3067e-02	1.9899e-07	1.1755e-36	1.1755e-36	1.7435e-23	0.00e+00	0.00e+00	1.7883e+00
4.11456e+18	5.9734e+03	2.817e-22	1.0000e+01	1.0688e+01	8.0402e-12	1.1142e-02	9.8886e-01	7.7749e-02	9.2224e-01	1.0662e-05	3.8944e-15	1.3520e-03	6.0301e-01	3.9559e-01	4.8731e-05	1.2206e-02	9.0737e-01	8.0422e-02	1.1755e-36	1.1755e-36	1.1755e-36	2.4262e-23	0.00e+00	0.00e+00	2.0035e+00
4.41191e+18	6.0098e+03	2.861e-22	1.0000e+01	1.0664e+01	9.7817e-12	1.2424e-02	9.8758e-01	8.8471e-02	9.1152e-01	7.6202e-06	5.1705e-15	1.4800e-03	6.3354e-01	3.6494e-01	4.0247e-05	1.3829e-02	9.1749e-01	6.8682e-02	1.1755e-36	1.1755e-36	1.1755e-36	3.4337e-23	0.00e+00	0.00e+00	2.2301e+00
4.69153e+18	6.0502e+03	2.912e-22	1.0000e+01	1.0640e+01	1.2008e-11	1.3934e-02	9.8607e-01	1.0159e-01	8.9840e-01	5.5715e-06	6.9521e-15	1.6172e-03	6.6498e-01	3.3337e-01	3.2636e-05	1.5739e-02	9.2643e-01	5.7827e-02	1.1755e-36	1.1755e-36	1.1755e-36	4.9545e-23	0.00e+00	0.00e+00	2.4681e+00
4.95198e+18	6.0950e+03	2.966e-22	1.0000e+01	1.0611e+01	1.4830e-11	1.5697e-02	9.8430e-01	1.1753e-01	8.8247e-01	4.1602e-06	9.4331e-15	1.7609e-03	6.9670e-01	3.0152e-01	2.5982e-05	1.7967e-02	9.3402e-01	4.8015e-02	1.1755e-36	1.1755e-36	1.1755e-36	7.2559e-23	0.00e+00	0.00e+00	2.7163e+00
5.19427e+18	6.1400e+03	3.024e-22	1.0000e+01	1.0582e+01	1.8524e-11	1.7769e-02	9.8223e-01	1.3714e-01	8.6286e-01	3.1619e-06	1.2947e-14	1.9076e-03	7.2846e-01	2.6961e-01	2.0239e-05	2.0583e-02	9.4017e-01	3.9245e-02	1.1755e-36	1.1755e-36	1.1755e-36	1.0818e-22	0.00e+00	0.00e+00	2.9790e+00
5.42289e+18	6.1627e+03	3.085e-22	1.0000e+01	1.0524e+01	2.3942e-11	2.0267e-02	9.7973e-01	1.6141e-01	8.3859e-01	2.4021e-06	1.7988e-14	2.0595e-03	7.6028e-01	2.3765e-01	1.5321e-05	2.3729e-02	9.4481e-01	3.1459e-02	1.1755e-36	1.1755e-36	1.1755e-36	1.6329e-22	0.00e+00	0.00e+00	3.2645e+00
5.63751e+18	6.2085e+03	3.144e-22	1.0000e+01	1.0475e+01	3.0719e-11	2.3240e-02	9.7676e-01	1.9214e-01	8.0786e-01	1.8545e-06	2.5391e-14	2.2124e-03	7.9139e-01	2.0639e-01	1.1271e-05	2.7465e-02	9.4787e-01	2.4666e-02	1.1755e-36	1.1755e-36	1.1755e-36	2.5301e-22	0.00e+00	0.00e+00	3.5671e+00
5.83002e+18	6.2482e+03	3.197e-22	1.0000e+01	1.0404e+01	3.9631e-11	2.6638e-02	9.7336e-01	2.2885e-01	7.7115e-01	1.4482e-06	3.5738e-14	2.3529e-03	8.1997e-01	1.7767e-01	8.1562e-06	3.1725e-02	9.4915e-01	1.9125e-02	1.1755e-36	1.1755e-36	1.1755e-36	3.9035e-22	0.00e+00	0.00e+00	3.8679e+00
5.99687e+18	6.2783e+03	3.251e-22	1.0000e+01	1.0349e+01	5.1352e-11	3.0470e-02	9.6953e-01	2.7180e-01	7.2820e-01	1.1531e-06	5.0204e-14	2.4848e-03	8.4542e-01	1.5209e-01	5.8404e-06	3.6512e-02	9.4874e-01	1.4753e-02	1.1755e-36	1.1755e-36	1.1755e-36	6.0098e-22	0.00e+00	0.00e+00	4.1658e+00
6.14149e+18	6.3068e+03	3.291e-22	1.0000e+01	1.0276e+01	6.5744e-11	3.4617e-02	9.6538e-01	3.1949e-01	6.8051e-01	9.2736e-07	6.9386e-14	2.5947e-03	8.6712e-01	1.3028e-01	4.1861e-06	4.1678e-02	9.4693e-01	1.1387e-02	1.1755e-36	1.1755e-36	1.1755e-36	9.0396e-22	0.00e+00	0.00e+00	4.4596e+00
6.26991e+18	6.3309e+03	3.320e-22	1.0000e+01	1.0189e+01	8.3869e-11	3.9178e-02	9.6082e-01	3.7225e-01	6.2775e-01	7.4669e-07	9.5184e-14	2.6873e-03	8.8579e-01	1.1152e-01	2.9895e-06	4.7343e-02	9.4390e-01	8.7601e-03	1.1755e-36	1.1755e-36	1.1755e-36	1.3427e-21	0.00e+00	0.00e+00	4.7626e+00
6.38872e+18	6.3513e+03	3.340e-22	1.0000e+01	1.0092e+01	1.0774e-10	4.4402e-02	9.5560e-01	4.3137e-01	5.6863e-01	5.9513e-07	1.3143e-13	2.7669e-03	9.0221e-01	9.5024e-02	2.1040e-06	5.3810e-02	9.3953e-01	6.6551e-03	1.1755e-36	1.1755e-36	1.1755e-36	2.0051e-21	0.00e+00	0.00e+00	5.0854e+00
6.50013e+18	6.3682e+03	3.351e-22	1.0000e+01	9.9798e+00	1.3988e-10	5.0484e-02	9.4952e-01	4.9636e-01	5.0364e-01	4.6703e-07	1.8347e-13	2.8330e-03	9.1655e-01	8.0615e-02	1.4562e-06	6.1312e-02	9.3371e-01	4.9773e-03	1.1755e-36	1.1755e-36	1.1755e-36	3.0270e-21	0.00e+00	0.00e+00	5.4287e+00
6.60403e+18	6.3838e+03	3.343e-22	1.0000e+01	9.8303e+00	1.8209e-10	5.7418e-02	9.4258e-01	5.6388e-01	4.3612e-01	3.6027e-07	2.5614e-13	2.8765e-03	9.2860e-01	6.8519e-02	1.0008e-06	6.9833e-02	9.2649e-01	3.6814e-03	1.1755e-36	1.1755e-36	1.1755e-36	4.5550e-21	0.00e+00	0.00e+00	5.7916e+00
6.70213e+18	6.3921e+03	3.332e-22	1.0000e+01	9.6871e+00	2.4200e-10	6.5741e-02	9.3426e-01	6.3271e-01	3.6729e-01	2.7219e-07	3.6436e-13	2.9131e-03	9.3894e-01	5.8146e-02	6.7621e-07	8.0014e-02	9.1731e-01	2.6762e-03	1.1755e-36	1.1755e-36	1.1755e-36	7.0406e-21	0.00e+00	0.00e+00	6.1905e+00
6.79599e+18	6.3962e+03	3.311e-22	1.0000e+01	9.5306e+00	3.2825e-10	7.5859e-02	9.2414e-01	6.9947e-01	3.0053e-01	2.0113e-07	5.2711e-13	2.9371e-03	9.4769e-01	4.9377e-02	4.4964e-07	9.2326e-02	9.0577e-01	1.9082e-03	1.1755e-36	1.1755e-36	1.1755e-36	1.1184e-20	0.00e+00	0.00e+00	6.6294e+00
6.88551e+18	6.3969e+03	3.277e-22	1.0000e+01	9.3569e+00	4.5460e-10	8.8241e-02	9.1176e-01	7.6023e-01	2.3977e-01	1.4599e-07	7.7341e-13	2.9473e-03	9.5498e-01	4.2070e-02	2.9540e-07	1.0730e-01	8.9136e-01	1.3369e-03	1.1755e-36	1.1755e-36	1.1755e-36	1.8300e-20	0.00e+00	0.00e+00	7.1164e+00
6.97110e+18	6.3912e+03	3.228e-22	1.0000e+01	9.1622e+00	6.4832e-10	1.0364e-01	8.9636e-01	8.1265e-01	1.8735e-01	1.0458e-07	1.1553e-12	2.9430e-03	9.6110e-01	3.5961e-02	1.9168e-07	1.2580e-01	8.7328e-01	9.1990e-04	1.1755e-36	1.1755e-36	1.1755e-36	3.1210e-20	0.00e+00	0.00e+00	7.6647e+00
7.05285e+18	6.3818e+03	3.150e-22	1.0000e+01	8.9124e+00	9.4379e-10	1.2266e-01	8.7734e-01	8.5541e-01	1.4459e-01	7.4661e-08	1.7355e-12	2.9128e-03	9.6618e-01	3.0905e-02	1.1755e-36	1.4846e-01	8.5092e-01	6.2347e-04	1.1755e-36	1.1755e-36	1.1755e-36	5.4529e-20	0.00e+00	0.00e+00	8.2820e+00
7.13046e+18	6.3553e+03	3.051e-22	1.0000e+01	8.6365e+00	1.4315e-09	1.4686e-01	8.5314e-01	8.8916e-01	1.1084e-01	5.3489e-08	2.6608e-12	2.8681e-03	9.7059e-01	2.6538e-02	1.1755e-36	1.7699e-01	8.2260e-01	4.1520e-04	1.1755e-36	1.1755e-36	1.1755e-36	1.0019e-19	0.00e+00	0.00e+00	8.9822e+00
7.20239e+18	6.3098e+03	2.920e-22	1.0000e+01	8.3117e+00	2.2494e-09	1.7706e-01	8.2294e-01	9.1437e-01	8.5633e-02	3.9169e-08	4.1252e-12	2.8007e-03	9.7439e-01	2.2810e-02	1.1755e-36	2.1213e-01	7.8760e-01	2.7411e-04	1.1755e-36	1.1755e-36	1.1755e-36	1.9134e-19	0.00e+00	0.00e+00	9.7465e+00
7.26655e+18	6.2405e+03	2.755e-22	1.0000e+01	7.9356e+00	3.6175e-09	2.1312e-01	7.8688e-01	9.3230e-01	6.7703e-02	2.9820e-08	6.3727e-12	2.7091e-03	9.7761e-01	1.9679e-02	1.1755e-36	2.5344e-01	7.4638e-01	1.8210e-04	1.1755e-36	1.1755e-36	1.1755e-36	3.7181e-19	0.00e+00	0.00e+00	1.0553e+01
7.32180e+18	6.1456e+03	2.564e-22	1.0000e+01	7.5202e+00	5.8693e-09	2.5395e-01	7.4605e-01	9.4477e-01	5.5230e-02	2.3778e-08	9.6803e-12	2.5976e-03	9.8031e-01	1.7091e-02	1.1755e-36	2.9937e-01	7.0050e-01	1.2348e-04	1.1755e-36	1.1755e-36	1.1755e-36	7.2048e-19	0.00e+00	0.00e+00	1.1364e+01
7.36541e+18	6.0355e+03	2.370e-22	1.0000e+01	7.1012e+00	9.1876e-09	2.9478e-01	7.0522e-01	9.5271e-01	4.7294e-02	2.0227e-08	1.3953e-11	2.4777e-03	9.8239e-01	1.5137e-02	1.1755e-36	3.4445e-01	6.5546e-01	8.8407e-05	1.1755e-36	1.1755e-36	1.1755e-36	1.3137e-18	0.00e+00	0.00e+00	1.2046e+01
7.39613e+18	5.9312e+03	2.209e-22	1.0000e+01	6.7528e+00	1.3181e-08	3.2918e-01	6.7082e-01	9.5749e-01	4.2505e-02	1.8211e-08	1.8508e-11	2.3744e-03	9.8383e-01	1.3794e-02	1.1755e-36	3.8178e-01	6.1815e-01	6.8661e-05	1.1755e-36	1.1755e-36	1.1755e-36	2.1254e-18	0.00e+00	0.00e+00	1.2562e+01
7.41265e+18	5.8629e+03	2.116e-22	1.0000e+01	6.5470e+00	1.6327e-08	3.5004e-01	6.4996e-01	9.5953e-01	4.0472e-02	1.7431e-08	2.1796e-11	2.3121e-03	9.8456e-01	1.3125e-02	1.1755e-36	4.0414e-01	5.9580e-01	5.9765e-05	1.1755e-36	1.1755e-36	1.1755e-36	2.8329e-18	0.00e+00	0.00e+00	1.2743e+01
7.41887e+18	5.8387e+03	2.078e-22	1.0000e+01	6.4628e+00	1.7644e-08	3.5786e-01	6.4214e-01	9.6034e-01	3.9660e-02	1.7129e-08	2.3127e-11	2.2861e-03	9.8483e-01	1.2882e-02	1.1755e-36	4.1245e-01	5.8749e-01	5.6700e-05	1.1755e-36	1.1755e-36	1.1755e-36	3.1467e-18	0.00e+00	0.00e+00	1.2839e+01
7.42377e+18	5.8163e+03	2.048e-22	1.0000e+01	6.3983e+00	1.8840e-08	3.6428e-01	6.3572e-01	9.6106e-01	3.8943e-02	1.6835e-08	2.4297e-11	2.2665e-03	9.8507e-01	1.2663e-02	1.1755e-36	4.1926e-01	5.8068e-01	5.4246e-05	1.1755e-36	1.1755e-36	1.1755e-36	3.4366e-18	0.00e+00	0.00e+00	1.2966e+01
7.43012e+18	5.7867e+03	2.008e-22	1.0000e+01	6.3122e+00	2.0525e-08	3.7272e-01	6.2728e-01	9.6196e-01	3.8044e-02	1.6473e-08	2.5912e-11	2.2401e-03	9.8538e-01	1.2382e-02	1.1755e-36	4.2820e-01	5.7175e-01	5.1202e-05	1.1755e-36	1.1755e-36	1.1755e-36	3.8585e-18	0.00e+00	0.00e+00	1.3136e+01
7.43809e+18	5.7418e+03	1.958e-22	1.0000e+01	6.2013e+00	2.3069e-08	3.8378e-01	6.1622e-01	9.6305e-01	3.6955e-02	1.6032e-08	2.8200e-11	2.2063e-03	9.8576e-01	1.2030e-02	1.1755e-36	4.3984e-01	5.6011e-01	4.7584e-05	1.1755e-36	1.1755e-36	1.1755e-36	4.5031e-18	0.00e+00	0.00e+00	1.3348e+01
7.44644e+18	5.6959e+03	1.904e-22	1.0000e+01	6.0823e+00	2.6055e-08	3.9559e-01	6.0441e-01	9.6407e-01	3.5926e-02	1.5638e-08	3.0836e-11	2.1696e-03	9.8615e-01	1.1682e-02	1.1755e-36	4.5222e-01	5.4774e-01	4.4083e-05	1.1755e-36	1.1755e-36	1.1755e-36	5.3112e-18	0.00e+00	0.00e+00	1.3546e+01
7.45387e+18	5.6467e+03	1.857e-22	1.0000e+01	5.9788e+00	2.9383e-08	4.0687e-01	5.9313e-01	9.6499e-01	3.5008e-02	1.5268e-08	3.3645e-11	2.1382e-03	9.8650e-01	1.1357e-02	1.1755e-36	4.6399e-01	5.3597e-01	4.1090e-05	1.1755e-36	1.1755e-36	1.1755e-36	6.2540e-18	0.00e+00	0.00e+00	1.3724e+01
7.46039e+18	5.6112e+03	1.812e-22	1.0000e+01	5.8763e+00	3.2307e-08	4.1635e-01	5.8365e-01	9.6571e-01	3.4288e-02	1.5023e-08	3.6094e-11	2.1058e-03	9.8679e-01	1.1103e-02	1.1755e-36	4.7381e-01	5.2615e-01	3.8681e-05	1.1755e-36	1.1755e-36	1.1755e-36	7.1399e-18	0.00e+00	0.00e+00	1.3885e+01
7.46683e+18	5.5640e+03	1.768e-22	1.0000e+01	5.7779e+00	3.6056e-08	4.2649e-01	5.7351e-01	9.6648e-01	3.3525e-02	1.4728e-08	3.9044e-11	2.0756e-03	9.8710e-01	1.0825e-02	1.1755e-36	4.8430e-01	5.1567e-01	3.6332e-05	1.1755e-36	1.1755e-36	1.1755e-36	8.3002e-18	0.00e+00	0.00e+00	1.4067e+01
7.47346e+18	5.5186e+03	1.722e-22	1.0000e+01	5.6731e+00	4.0213e-08	4.3691e-01	5.6309e-01	9.6720e-01	3.2804e-02	1.4472e-08	4.2292e-11	2.0428e-03	9.8740e-01	1.0555e-02	1.1755e-36	4.9501e-01	5.0496e-01	3.4076e-05	1.1755e-36	1.1755e-36	1.1755e-36	9.6837e-18	0.00e+00	0.00e+00	1.4246e+01
7.47985e+18	5.4739e+03	1.677e-22	1.0000e+01	5.5699e+00	4.4745e-08	4.4714e-01	5.5286e-01	9.6787e-01	3.2132e-02	1.4239e-08	4.5769e-11	2.0103e-03	9.8769e-01	1.0298e-02	1.1755e-36	5.0548e-01	4.9449e-01	3.2011e-05	1.1755e-36	1.1755e-36	1.1755e-36	1.1292e-17	0.00e+00	0.00e+00	1.4423e+01
7.48610e+18	5.4253e+03	1.633e-22	1.0000e+01	5.4666e+00	4.9979e-08	4.5743e-01	5.4257e-01	9.6852e-01	3.1483e-02	1.4014e-08	4.9636e-11	1.9779e-03	9.8798e-01	1.0046e-02	1.1755e-36	5.1597e-01	4.8400e-01	3.0089e-05	1.1755e-36	1.1755e-36	1.1755e-36	1.3247e-17	0.00e+00	0.00e+00	1.4603e+01
7.49216e+18	5.3756e+03	1.589e-22	1.0000e+01	5.3641e+00	5.5821e-08	4.6761e-01	5.3239e-01	9.6912e-01	3.0877e-02	1.3809e-08	5.3852e-11	1.9457e-03	9.8825e-01	9.8044e-03	1.1755e-36	5.2629e-01	4.7368e-01	2.8319e-05	1.1755e-36	1.1755e-36	1.1755e-36	1.5574e-17	0.00e+00	0.00e+00	1.4778e+01
7.49796e+18	5.3258e+03	1.547e-22	1.0000e+01	5.2639e+00	6.2227e-08	4.7749e-01	5.2251e-01	9.6968e-01	3.0316e-02	1.3625e-08	5.8376e-11	1.9142e-03	9.8851e-01	9.5766e-03	1.1755e-36	5.3627e-01	4.6370e-01	2.6712e-05	1.1755e-36	1.1755e-36	1.1755e-36	1.8301e-17	0.00e+00	0.00e+00	1.4948e+01
7.50354e+18	5.2760e+03	1.507e-22	1.0000e+01	5.1658e+00	6.9265e-08	4.8716e-01	5.1284e-01	9.7021e-01	2.9789e-02	1.3456e-08	6.3272e-11	1.8832e-03	9.8876e-01	9.3590e-03	1.1755e-36	5.4600e-01	4.5397e-01	2.5235e-05	1.1755e-36	1.1755e-36	1.1755e-36	2.1521e-17	0.00e+00	0.00e+00	1.5118e+01
7.50900e+18	5.2260e+03	1.466e-22	1.0000e+01	5.0691e+00	7.7056e-08	4.9676e-01	5.0324e-01	9.7071e-01	2.9287e-02	1.3298e-08	6.8650e-11	1.8526e-03	9.8900e-01	9.1476e-03	1.1755e-36	5.5562e-01	4.4436e-01	2.3855e-05	1.1755e-36	1.1755e-36	1.1755e-36	2.5376e-17	0.00e+00	0.00e+00	1.5287e+01
7.51438e+18	5.1751e+03	1.426e-22	1.0000e+01	4.9705e+00	8.5720e-08	5.0624e-01	4.9375e-01	9.7119e-01	2.8811e-02	1.3158e-08	7.4542e-11	1.8214e-03	9.8923e-01	8.9446e-03	1.1755e-36	5.6509e-01	4.3489e-01	2.2565e-05	1.1755e-36	1.1755e-36	1.1755e-36	2.9992e-17	0.00e+00	0.00e+00	1.5459e+01
7.51971e+18	5.1214e+03	1.387e-22	1.0000e+01	4.8762e+00	9.5766e-08	5.1605e-01	4.8395e-01	9.7167e-01	2.8334e-02	1.3004e-08	8.1396e-11	1.7916e-03	9.8947e-01	8.7370e-03	1.1755e-36	5.7481e-01	4.2517e-01	2.1327e-05	1.1755e-36	1.1755e-36	1.1755e-36	3.5863e-17	0.00e+00	0.00e+00	1.5631e+01
7.52488e+18	5.0658e+03	1.349e-22	1.0000e+01	4.7807e+00	1.0701e-07	5.2558e-01	4.7442e-01	9.7211e-01	2.7893e-02	1.2872e-08	8.8927e-11	1.7614e-03	9.8970e-01	8.5416e-03	1.1755e-36	5.8424e-01	4.1574e-01	2.0192e-05	1.1755e-36	1.1755e-36	1.1755e-36	4.2964e-17	0.00e+00	0.00e+00	1.5799e+01
7.52981e+18	5.0116e+03	1.313e-22	1.0000e+01	4.6883e+00	1.1910e-07	5.3471e-01	4.6529e-01	9.7251e-01	2.7487e-02	1.2757e-08	9.7013e-11	1.7322e-03	9.8991e-01	8.3587e-03	1.1755e-36	5.9324e-01	4.0674e-01	1.9162e-05	1.1755e-36	1.1755e-36	1.1755e-36	5.1325e-17	0.00e+00	0.00e+00	1.5961e+01
7.53458e+18	4.9569e+03	1.278e-22	1.0000e+01	4.5983e+00	1.3235e-07	5.4368e-01	4.5632e-01	9.7290e-01	2.7097e-02	1.2645e-08	1.0464e-10	1.7038e-03	9.9012e-01	8.1760e-03	1.1755e-36	6.0205e-01	3.9793e-01	1.8203e-05	1.1755e-36	1.1755e-36	1.1755e-36	5.9947e-17	0.00e+00	0.00e+00	1.6123e+01
7.53931e+18	4.8993e+03	1.243e-22	1.0000e+01	4.5087e+00	1.4750e-07	5.5275e-01	4.4725e-01	9.7329e-01	2.6711e-02	1.2532e-08	1.1269e-10	1.6756e-03	9.9033e-01	7.9920e-03	1.1755e-36	6.1091e-01	3.8907e-01	1.7289e-05	1.1755e-36	1.1755e-36	1.1755e-36	6.9870e-17	0.00e+00	0.00e+00	1.6288e+01
7.54398e+18	4.8457e+03	1.208e-22	1.0000e+01	4.4147e+00	1.6309e-07	5.6129e-01	4.3871e-01	9.7362e-01	2.6378e-02	1.2466e-08	1.2072e-10	1.6455e-03	9.9053e-01	7.8256e-03	1.1755e-36	6.1924e-01	3.8075e-01	1.6452e-05	1.1755e-36	1.1755e-36	1.1755e-36	8.0597e-17	0.00e+00	0.00e+00	1.6452e+01
7.54869e+18	4.7829e+03	1.173e-22	1.0000e+01	4.3245e+00	1.8263e-07	5.7056e-01	4.2944e-01	9.7401e-01	2.5995e-02	1.2351e-08	1.3040e-10	1.6173e-03	9.9074e-01	7.6416e-03	1.1755e-36	6.2824e-01	3.7175e-01	1.5611e-05	1.1755e-36	1.1755e-36	1.1755e-36	9.4625e-17	0.00e+00	0.00e+00	1.6625e+01
7.55335e+18	4.7211e+03	1.139e-22	1.0000e+01	4.2338e+00	2.0382e-07	5.7962e-01	4.2038e-01	9.7435e-01	2.5650e-02	1.2261e-08	1.4056e-10	1.5888e-03	9.9094e-01	7.4674e-03	1.1755e-36	6.3700e-01	3.6299e-01	1.4829e-05	1.1755e-36	1.1755e-36	1.1755e-36	1.1066e-16	0.00e+00	0.00e+00	1.6790e+01
7.55777e+18	4.6599e+03	1.108e-22	1.0000e+01	4.1467e+00	2.2654e-07	5.8827e-01	4.1173e-01	9.7467e-01	2.5328e-02	1.2180e-08	1.5101e-10	1.5614e-03	9.9114e-01	7.3031e-03	1.1755e-36	6.4533e-01	3.5466e-01	1.4118e-05	1.1755e-36	1.1755e-36	1.1755e-36	1.2859e-16	0.00e+00	0.00e+00	1.6951e+01
7.56209e+18	4.5980e+03	1.076e-22	1.0000e+01	4.0612e+00	2.5140e-07	5.9682e-01	4.0318e-01	9.7499e-01	2.5015e-02	1.2100e-08	1.6208e-10	1.5347e-03	9.9132e-01	7.1422e-03	1.1755e-36	6.5353e-01	3.4645e-01	1.3448e-05	1.1755e-36	1.1755e-36	1.1755e-36	1.4914e-16	0.00e+00	0.00e+00	1.7114e+01
7.56643e+18	4.5340e+03	1.045e-22	1.0000e+01	3.9750e+00	2.7914e-07	6.0545e-01	3.9455e-01	9.7530e-01	2.4705e-02	1.2022e-08	1.7398e-10	1.5078e-03	9.9151e-01	6.9814e-03	1.1755e-36	6.6179e-01	3.3819e-01	1.2802e-05	1.1755e-36	1.1755e-36	1.1755e-36	1.7307e-16	0.00e+00	0.00e+00	1.7280e+01
7.57081e+18	4.4636e+03	1.014e-22	1.0000e+01	3.8866e+00	3.1141e-07	6.1429e-01	3.8571e-01	9.7561e-01	2.4389e-02	1.1938e-08	1.8701e-10	1.4806e-03	9.9170e-01	6.8185e-03	1.1755e-36	6.7022e-01	3.2977e-01	1.2178e-05	1.1755e-36	1.1755e-36	1.1755e-36	2.0153e-16	0.00e+00	0.00e+00	1.7451e+01
7.57513e+18	4.3956e+03	9.840e-23	1.0000e+01	3.8001e+00	3.4510e-07	6.2293e-01	3.7707e-01	9.7591e-01	2.4095e-02	1.1868e-08	2.0028e-10	1.4538e-03	9.9188e-01	6.6621e-03	1.1755e-36	6.7843e-01	3.2156e-01	1.1591e-05	1.1755e-36	1.1755e-36	1.1755e-36	2.3281e-16	0.00e+00	0.00e+00	1.7618e+01
7.57942e+18	4.3253e+03	9.541e-23	1.0000e+01	3.7137e+00	3.8194e-07	6.3161e-01	3.6839e-01	9.7620e-01	2.3800e-02	1.1795e-08	2.1416e-10	1.4273e-03	9.9207e-01	6.5060e-03	1.1755e-36	6.8665e-01	3.1334e-01	1.1028e-05	1.1755e-36	1.1755e-36	1.1755e-36	2.6806e-16	0.00e+00	0.00e+00	1.7791e+01
7.58384e+18	4.2551e+03	9.231e-23	1.0000e+01	3.6224e+00	4.2052e-07	6.4026e-01	3.5974e-01	9.7647e-01	2.3530e-02	1.1752e-08	2.2811e-10	1.3988e-03	9.9225e-01	6.3541e-03	1.1755e-36	6.9480e-01	3.0519e-01	1.0484e-05	1.1755e-36	1.1755e-36	1.1755e-36	3.0606e-16	0.00e+00	0.00e+00	1.7973e+01
7.58855e+18	4.1698e+03	8.911e-23	1.0000e+01	3.5263e+00	4.6835e-07	6.4991e-01	3.5009e-01	9.7679e-01	2.3206e-02	1.1667e-08	2.4410e-10	1.3700e-03	9.9245e-01	6.1831e-03	1.1755e-36	7.0388e-01	2.9611e-01	9.9167e-06	1.1755e-36	1.1755e-36	1.1755e-36	3.5301e-16	0.00e+00	0.00e+00	1.8174e+01
7.59341e+18	4.0891e+03	8.583e-23	1.0000e+01	3.4281e+00	5.1561e-07	6.5950e-01	3.4050e-01	9.7708e-01	2.2916e-02	1.1617e-08	2.5955e-10	1.3398e-03	9.9264e-01	6.0189e-03	1.1755e-36	7.1285e-01	2.8714e-01	9.3703e-06	1.1755e-36	1.1755e-36	1.1755e-36	4.0125e-16	0.00e+00	0.00e+00	1.8374e+01
7.59843e+18	3.9932e+03	8.252e-23	1.0000e+01	3.3276e+00	5.7114e-07	6.6996e-01	3.3004e-01	9.7743e-01	2.2569e-02	1.1518e-08	2.7593e-10	1.3104e-03	9.9285e-01	5.8377e-03	1.1755e-36	7.2260e-01	2.7739e-01	8.8158e-06	1.1755e-36	1.1755e-36	1.1755e-36	4.5590e-16	0.00e+00	0.00e+00	1.8596e+01
###########################
5.38894e+14	6.7248e+03	3.180e-22	1.0000e+01	1.0787e+01	1.1398e-12	5.8438e-03	9.9416e-01	3.1173e-02	9.6782e-01	1.0059e-03	6.1975e-16	6.1126e-04	3.7406e-01	6.2512e-01	2.1482e-04	5.1196e-03	7.7084e-01	2.2399e-01	5.1166e-05	1.1755e-36	1.1755e-36	3.6698e-24	0.00e+00	0.00e+00	3.9769e-04
3.23336e+15	6.7211e+03	3.178e-22	1.0000e+01	1.0783e+01	1.1418e-12	5.8401e-03	9.9416e-01	3.1173e-02	9.6782e-01	1.0050e-03	6.1870e-16	6.1012e-04	3.7406e-01	6.2511e-01	2.1508e-04	5.1157e-03	7.7073e-01	2.2410e-01	5.1030e-05	1.1755e-36	1.1755e-36	3.6596e-24	0.00e+00	0.00e+00	1.9875e-03
1.40112e+16	6.7113e+03	3.172e-22	1.0000e+01	1.0782e+01	1.1501e-12	5.8393e-03	9.9416e-01	3.1220e-02	9.6778e-01	9.9747e-04	6.1917e-16	6.1003e-04	3.7445e-01	6.2472e-01	2.1417e-04	5.1174e-03	7.7092e-01	2.2391e-01	5.0249e-05	1.1755e-36	1.1755e-36	3.6540e-24	0.00e+00	0.00e+00	8.3456e-03
5.71228e+16	6.6927e+03	3.154e-22	1.0000e+01	1.0781e+01	1.1697e-12	5.8460e-03	9.9415e-01	3.1415e-02	9.6762e-01	9.6157e-04	6.2382e-16	6.1424e-04	3.7602e-01	6.2315e-01	2.1105e-04	5.1356e-03	7.7211e-01	2.2271e-01	4.7119e-05	1.1755e-36	1.1755e-36	3.6611e-24	0.00e+00	0.00e+00	3.3807e-02
1.36448e+17	6.6094e+03	3.096e-22	1.0000e+01	1.0781e+01	1.2151e-12	5.7757e-03	9.9422e-01	3.1570e-02	9.6750e-01	9.3220e-04	6.0972e-16	6.1320e-04	3.7757e-01	6.2161e-01	2.0764e-04	5.0860e-03	7.7283e-01	2.2204e-01	4.3410e-05	1.1755e-36	1.1755e-36	3.4835e-24	0.00e+00	0.00e+00	6.6510e-02
2.39571e+17	6.5247e+03	3.041e-22	1.0000e+01	1.0782e+01	1.2782e-12	5.7367e-03	9.9426e-01	3.1872e-02	9.6726e-01	8.7017e-04	6.0481e-16	6.1585e-04	3.8020e-01	6.1898e-01	2.0199e-04	5.0746e-03	7.7482e-01	2.2006e-01	3.8527e-05	1.1755e-36	1.1755e-36	3.3702e-24	0.00e+00	0.00e+00	1.0874e-01
3.73630e+17	6.4359e+03	2.985e-22	1.0000e+01	1.0781e+01	1.3641e-12	5.7247e-03	9.9428e-01	3.2348e-02	9.6687e-01	7.7796e-04	6.0798e-16	6.2209e-04	3.8412e-01	6.1506e-01	1.9408e-04	5.0986e-03	7.7818e-01	2.1669e-01	3.2648e-05	1.1755e-36	1.1755e-36	3.3045e-24	0.00e+00	0.00e+00	1.6351e-01
5.47908e+17	6.3417e+03	2.928e-22	1.0000e+01	1.0780e+01	1.4829e-12	5.7472e-03	9.9425e-01	3.3060e-02	9.6628e-01	6.5805e-04	6.2182e-16	6.3304e-04	3.8977e-01	6.0941e-01	1.8373e-04	5.1674e-03	7.8321e-01	2.1160e-01	2.6053e-05	1.1755e-36	1.1755e-36	3.2980e-24	0.00e+00	0.00e+00	2.3501e-01
7.74469e+17	6.2438e+03	2.871e-22	1.0000e+01	1.0779e+01	1.6490e-12	5.8190e-03	9.9418e-01	3.4123e-02	9.6536e-01	5.1823e-04	6.5160e-16	6.5114e-04	3.9785e-01	6.0133e-01	1.7087e-04	5.2997e-03	7.9035e-01	2.0433e-01	1.9210e-05	1.1755e-36	1.1755e-36	3.3776e-24	0.00e+00	0.00e+00	3.2911e-01
1.06900e+18	6.1453e+03	2.817e-22	1.0000e+01	1.0776e+01	1.8858e-12	5.9653e-03	9.9403e-01	3.5715e-02	9.6391e-01	3.7247e-04	7.0658e-16	6.7985e-04	4.0941e-01	5.8976e-01	1.5557e-04	5.5261e-03	8.0018e-01	1.9428e-01	1.2766e-05	1.1755e-36	1.1755e-36	3.5910e-24	0.00e+00	0.00e+00	4.5452e-01
1.45189e+18	6.0515e+03	2.769e-22	1.0000e+01	1.0771e+01	2.2383e-12	6.2309e-03	9.9377e-01	3.8155e-02	9.6161e-01	2.3864e-04	8.0651e-16	7.2521e-04	4.2609e-01	5.7305e-01	1.3792e-04	5.9010e-03	8.1343e-01	1.8066e-01	7.3961e-06	1.1755e-36	1.1755e-36	4.0492e-24	0.00e+00	0.00e+00	6.2481e-01
1.94964e+18	5.9708e+03	2.734e-22	1.0000e+01	1.0764e+01	2.7963e-12	6.6989e-03	9.9330e-01	4.2067e-02	9.5780e-01	1.3265e-04	9.9573e-16	7.9823e-04	4.5070e-01	5.4839e-01	1.1775e-04	6.5276e-03	8.3111e-01	1.6236e-01	3.5684e-06	1.1755e-36	1.1755e-36	5.0122e-24	0.00e+00	0.00e+00	8.6282e-01
2.50682e+18	5.9098e+03	2.715e-22	1.0000e+01	1.0756e+01	3.5846e-12	7.3558e-03	9.9264e-01	4.7449e-02	9.5248e-01	6.8339e-05	1.2922e-15	8.9460e-04	4.8115e-01	5.1785e-01	9.8221e-05	7.3886e-03	8.5041e-01	1.4220e-01	1.5584e-06	1.1755e-36	1.1755e-36	6.6172e-24	0.00e+00	0.00e+00	1.1191e+00
3.01311e+18	5.8945e+03	2.720e-22	1.0000e+01	1.0739e+01	4.5015e-12	8.1557e-03	9.9184e-01	5.3807e-02	9.4616e-01	3.7591e-05	1.7083e-15	1.0043e-03	5.1304e-01	4.8587e-01	8.1980e-05	8.4178e-03	8.6814e-01	1.2344e-01	7.1691e-07	1.1755e-36	1.1755e-36	9.0613e-24	0.00e+00	0.00e+00	1.3564e+00
3.43311e+18	5.9092e+03	2.743e-22	1.0000e+01	1.0723e+01	5.5103e-12	9.0448e-03	9.9096e-01	6.0833e-02	9.3914e-01	2.3120e-05	2.2525e-15	1.1175e-03	5.4381e-01	4.5500e-01	6.8967e-05	9.5499e-03	8.8314e-01	1.0731e-01	3.6620e-07	1.1755e-36	1.1755e-36	1.2525e-23	0.00e+00	0.00e+00	1.5729e+00
3.78831e+18	5.9356e+03	2.776e-22	1.0000e+01	1.0708e+01	6.6644e-12	1.0018e-02	9.8998e-01	6.8616e-02	9.3137e-01	1.5420e-05	2.9544e-15	1.2328e-03	5.7353e-01	4.2518e-01	5.8165e-05	1.0784e-02	8.9591e-01	9.3309e-02	2.0159e-07	1.1755e-36	1.1755e-36	1.7328e-23	0.00e+00	0.00e+00	1.7825e+00
4.10740e+18	5.9693e+03	2.814e-22	1.0000e+01	1.0688e+01	8.0398e-12	1.1115e-02	9.8889e-01	7.7557e-02	9.2243e-01	1.0744e-05	3.8823e-15	1.3539e-03	6.0328e-01	3.9531e-01	4.8735e-05	1.2174e-02	9.0719e-01	8.0636e-02	1.1755e-36	1.1755e-36	1.1755e-36	2.4131e-23	0.00e+00	0.00e+00	1.9979e+00
4.40568e+18	6.0054e+03	2.859e-22	1.0000e+01	1.0664e+01	9.7925e-12	1.2396e-02	9.8760e-01	8.8264e-02	9.1173e-01	7.6698e-06	5.1597e-15	1.4837e-03	6.3393e-01	3.6454e-01	4.0230e-05	1.3796e-02	9.1735e-01	6.8859e-02	1.1755e-36	1.1755e-36	1.1755e-36	3.4204e-23	0.00e+00	0.00e+00	2.2247e+00
4.68594e+18	6.0455e+03	2.910e-22	1.0000e+01	1.0640e+01	1.2031e-11	1.3904e-02	9.8610e-01	1.0136e-01	8.9864e-01	5.6036e-06	6.9427e-15	1.6228e-03	6.6547e-01	3.3288e-01	3.2608e-05	1.5704e-02	9.2632e-01	5.7977e-02	1.1755e-36	1.1755e-36	1.1755e-36	4.9409e-23	0.00e+00	0.00e+00	2.4624e+00
4.94673e+18	6.0899e+03	2.964e-22	1.0000e+01	1.0612e+01	1.4871e-11	1.5664e-02	9.8434e-01	1.1725e-01	8.8274e-01	4.1825e-06	9.4265e-15	1.7685e-03	6.9726e-01	3.0095e-01	2.5951e-05	1.7928e-02	9.3392e-01	4.8148e-02	1.1755e-36	1.1755e-36	1.1755e-36	7.2444e-23	0.00e+00	0.00e+00	2.7104e+00
5.18940e+18	6.1348e+03	3.022e-22	1.0000e+01	1.0583e+01	1.8581e-11	1.7734e-02	9.8227e-01	1.3681e-01	8.6318e-01	3.1776e-06	1.2942e-14	1.9167e-03	7.2910e-01	2.6896e-01	2.0206e-05	2.0539e-02	9.4010e-01	3.9358e-02	1.1755e-36	1.1755e-36	1.1755e-36	1.0804e-22	0.00e+00	0.00e+00	2.9732e+00
5.41847e+18	6.1575e+03	3.083e-22	1.0000e+01	1.0524e+01	2.4039e-11	2.0230e-02	9.7977e-01	1.6103e-01	8.3897e-01	2.4130e-06	1.8002e-14	2.0723e-03	7.6101e-01	2.3690e-01	1.5285e-05	2.3683e-02	9.4477e-01	3.1550e-02	1.1755e-36	1.1755e-36	1.1755e-36	1.6344e-22	0.00e+00	0.00e+00	3.2587e+00
5.63343e+18	6.2029e+03	3.142e-22	1.0000e+01	1.0476e+01	3.0877e-11	2.3202e-02	9.7680e-01	1.9170e-01	8.0830e-01	1.8623e-06	2.5431e-14	2.2283e-03	7.9220e-01	2.0556e-01	1.1234e-05	2.7418e-02	9.4784e-01	2.4739e-02	1.1755e-36	1.1755e-36	1.1755e-36	2.5359e-22	0.00e+00	0.00e+00	3.5611e+00
5.82608e+18	6.2425e+03	3.196e-22	1.0000e+01	1.0407e+01	3.9875e-11	2.6602e-02	9.7340e-01	2.2840e-01	7.7160e-01	1.4557e-06	3.5841e-14	2.3726e-03	8.2088e-01	1.7674e-01	8.1188e-06	3.1682e-02	9.4914e-01	1.9180e-02	1.1755e-36	1.1755e-36	1.1755e-36	3.9207e-22	0.00e+00	0.00e+00	3.8616e+00
5.99276e+18	6.2718e+03	3.249e-22	1.0000e+01	1.0351e+01	5.1684e-11	3.0423e-02	9.6958e-01	2.7113e-01	7.2887e-01	1.1589e-06	5.0310e-14	2.5058e-03	8.4631e-01	1.5118e-01	5.8119e-06	3.6455e-02	9.4874e-01	1.4806e-02	1.1755e-36	1.1755e-36	1.1755e-36	6.0304e-22	0.00e+00	0.00e+00	4.1584e+00
6.13724e+18	6.3013e+03	3.289e-22	1.0000e+01	1.0277e+01	6.6076e-11	3.4552e-02	9.6545e-01	3.1855e-01	6.8145e-01	9.3241e-07	6.9480e-14	2.6181e-03	8.6799e-01	1.2939e-01	4.1648e-06	4.1599e-02	9.4696e-01	1.1437e-02	1.1755e-36	1.1755e-36	1.1755e-36	9.0656e-22	0.00e+00	0.00e+00	4.4517e+00
6.26595e+18	6.3253e+03	3.318e-22	1.0000e+01	1.0191e+01	8.4358e-11	3.9113e-02	9.6089e-01	3.7121e-01	6.2879e-01	7.5061e-07	9.5372e-14	2.7136e-03	8.8669e-01	1.1059e-01	2.9693e-06	4.7265e-02	9.4394e-01	8.7979e-03	1.1755e-36	1.1755e-36	1.1755e-36	1.3480e-21	0.00e+00	0.00e+00	4.7554e+00
6.38513e+18	6.3457e+03	3.338e-22	1.0000e+01	1.0093e+01	1.0846e-10	4.4345e-02	9.5565e-01	4.3033e-01	5.6967e-01	5.9813e-07	1.3182e-13	2.7959e-03	9.0317e-01	9.4035e-02	2.0848e-06	5.3743e-02	9.3958e-01	6.6811e-03	1.1755e-36	1.1755e-36	1.1755e-36	2.0160e-21	0.00e+00	0.00e+00	5.0786e+00
6.49666e+18	6.3627e+03	3.349e-22	1.0000e+01	9.9812e+00	1.4088e-10	5.0429e-02	9.4957e-01	4.9526e-01	5.0474e-01	4.6950e-07	1.8409e-13	2.8644e-03	9.1752e-01	7.9613e-02	1.4400e-06	6.1247e-02	9.3376e-01	4.9968e-03	1.1755e-36	1.1755e-36	1.1755e-36	3.0465e-21	0.00e+00	0.00e+00	5.4214e+00
6.60047e+18	6.3784e+03	3.341e-22	1.0000e+01	9.8320e+00	1.8340e-10	5.7352e-02	9.4265e-01	5.6262e-01	4.3737e-01	3.6247e-07	2.5701e-13	2.9100e-03	9.2955e-01	6.7535e-02	9.8816e-07	6.9754e-02	9.2655e-01	3.6979e-03	1.1755e-36	1.1755e-36	1.1755e-36	4.5866e-21	0.00e+00	0.00e+00	5.7833e+00
6.69844e+18	6.3868e+03	3.330e-22	1.0000e+01	9.6890e+00	2.4368e-10	6.5656e-02	9.3434e-01	6.3133e-01	3.6867e-01	2.7412e-07	3.6551e-13	2.9484e-03	9.3986e-01	5.7190e-02	6.6657e-07	7.9912e-02	9.1740e-01	2.6901e-03	1.1755e-36	1.1755e-36	1.1755e-36	7.0894e-21	0.00e+00	0.00e+00	6.1813e+00
6.79224e+18	6.3910e+03	3.309e-22	1.0000e+01	9.5327e+00	3.3055e-10	7.5757e-02	9.2424e-01	6.9810e-01	3.0190e-01	2.0272e-07	5.2875e-13	2.9741e-03	9.4858e-01	4.8449e-02	4.4233e-07	9.2205e-02	9.0588e-01	1.9190e-03	1.1755e-36	1.1755e-36	1.1755e-36	1.1264e-20	0.00e+00	0.00e+00	6.6195e+00
6.88173e+18	6.3918e+03	3.276e-22	1.0000e+01	9.3592e+00	4.5770e-10	8.8119e-02	9.1188e-01	7.5897e-01	2.4103e-01	1.4726e-07	7.7577e-13	2.9858e-03	9.5583e-01	4.1179e-02	2.8998e-07	1.0716e-01	8.9149e-01	1.3451e-03	1.1755e-36	1.1755e-36	1.1755e-36	1.8430e-20	0.00e+00	0.00e+00	7.1056e+00
6.96725e+18	6.3862e+03	3.227e-22	1.0000e+01	9.1647e+00	6.5151e-10	1.0349e-01	8.9651e-01	8.1151e-01	1.8849e-01	1.0558e-07	1.1567e-12	2.9827e-03	9.6190e-01	3.5119e-02	1.8781e-07	1.2562e-01	8.7345e-01	9.2602e-04	1.1755e-36	1.1755e-36	1.1755e-36	3.1315e-20	0.00e+00	0.00e+00	7.6524e+00
7.04889e+18	6.3769e+03	3.149e-22	1.0000e+01	8.9153e+00	9.4705e-10	1.2245e-01	8.7755e-01	8.5442e-01	1.4558e-01	7.5427e-08	1.7352e-12	2.9541e-03	9.6693e-01	3.0120e-02	1.1755e-36	1.4822e-01	8.5116e-01	6.2805e-04	1.1755e-36	1.1755e-36	1.1755e-36	5.4566e-20	0.00e+00	0.00e+00	8.2679e+00
7.12641e+18	6.3506e+03	3.051e-22	1.0000e+01	8.6399e+00	1.4347e-09	1.4659e-01	8.5341e-01	8.8834e-01	1.1166e-01	5.4069e-08	2.6575e-12	2.9102e-03	9.7127e-01	2.5819e-02	1.1755e-36	1.7667e-01	8.2291e-01	4.1853e-04	1.1755e-36	1.1755e-36	1.1755e-36	1.0004e-19	0.00e+00	0.00e+00	8.9660e+00
7.19829e+18	6.3053e+03	2.921e-22	1.0000e+01	8.3173e+00	2.2527e-09	1.7673e-01	8.2327e-01	9.1373e-01	8.6272e-02	3.9582e-08	4.1193e-12	2.8439e-03	9.7500e-01	2.2158e-02	1.1755e-36	2.1176e-01	7.8797e-01	2.7640e-04	1.1755e-36	1.1755e-36	1.1755e-36	1.9094e-19	0.00e+00	0.00e+00	9.7287e+00
7.26240e+18	6.2364e+03	2.756e-22	1.0000e+01	7.9404e+00	3.6190e-09	2.1268e-01	7.8732e-01	9.3176e-01	6.8240e-02	3.0155e-08	6.3573e-12	2.7521e-03	9.7815e-01	1.9101e-02	1.1755e-36	2.5295e-01	7.4687e-01	1.8373e-04	1.1755e-36	1.1755e-36	1.1755e-36	3.7035e-19	0.00e+00	0.00e+00	1.0533e+01
7.31757e+18	6.1421e+03	2.566e-22	1.0000e+01	7.5263e+00	5.8643e-09	2.5337e-01	7.4663e-01	9.4431e-01	5.5687e-02	2.4051e-08	9.6486e-12	2.6407e-03	9.8078e-01	1.6583e-02	1.1755e-36	2.9873e-01	7.0114e-01	1.2469e-04	1.1755e-36	1.1755e-36	1.1755e-36	7.1651e-19	0.00e+00	0.00e+00	1.1340e+01
7.36114e+18	6.0326e+03	2.373e-22	1.0000e+01	7.1086e+00	9.1703e-09	2.9407e-01	7.0593e-01	9.5232e-01	4.7682e-02	2.0455e-08	1.3900e-11	2.5206e-03	9.8279e-01	1.4691e-02	1.1755e-36	3.4369e-01	6.5622e-01	8.9311e-05	1.1755e-36	1.1755e-36	1.1755e-36	1.3049e-18	0.00e+00	0.00e+00	1.2021e+01
7.39197e+18	5.9284e+03	2.211e-22	1.0000e+01	6.7598e+00	1.3163e-08	3.2851e-01	6.7149e-01	9.5717e-01	4.2833e-02	1.8405e-08	1.8449e-11	2.4165e-03	9.8419e-01	1.3389e-02	1.1755e-36	3.8108e-01	6.1886e-01	6.9318e-05	1.1755e-36	1.1755e-36	1.1755e-36	2.1132e-18	0.00e+00	0.00e+00	1.2539e+01
7.40857e+18	5.8602e+03	2.118e-22	1.0000e+01	6.5532e+00	1.6316e-08	3.4945e-01	6.5055e-01	9.5923e-01	4.0771e-02	1.7611e-08	2.1741e-11	2.3537e-03	9.8489e-01	1.2752e-02	1.1755e-36	4.0351e-01	5.9643e-01	6.0300e-05	1.1755e-36	1.1755e-36	1.1755e-36	2.8198e-18	0.00e+00	0.00e+00	1.2721e+01
7.41481e+18	5.8360e+03	2.080e-22	1.0000e+01	6.4688e+00	1.7635e-08	3.5728e-01	6.4272e-01	9.6005e-01	3.9950e-02	1.7304e-08	2.3071e-11	2.3274e-03	9.8515e-01	1.2519e-02	1.1755e-36	4.1184e-01	5.8810e-01	5.7200e-05	1.1755e-36	1.1755e-36	1.1755e-36	3.1329e-18	0.00e+00	0.00e+00	1.2817e+01
7.41971e+18	5.8136e+03	2.050e-22	1.0000e+01	6.4042e+00	1.8830e-08	3.6370e-01	6.3630e-01	9.6077e-01	3.9227e-02	1.7007e-08	2.4240e-11	2.3075e-03	9.8539e-01	1.2304e-02	1.1755e-36	4.1866e-01	5.8128e-01	5.4720e-05	1.1755e-36	1.1755e-36	1.1755e-36	3.4217e-18	0.00e+00	0.00e+00	1.2944e+01
7.42608e+18	5.7839e+03	2.010e-22	1.0000e+01	6.3181e+00	2.0518e-08	3.7216e-01	6.2784e-01	9.6168e-01	3.8318e-02	1.6639e-08	2.5855e-11	2.2808e-03	9.8569e-01	1.2029e-02	1.1755e-36	4.2761e-01	5.7234e-01	5.1644e-05	1.1755e-36	1.1755e-36	1.1755e-36	3.8426e-18	0.00e+00	0.00e+00	1.3113e+01
7.43405e+18	5.7392e+03	1.960e-22	1.0000e+01	6.2072e+00	2.3060e-08	3.8321e-01	6.1679e-01	9.6278e-01	3.7220e-02	1.6193e-08	2.8138e-11	2.2467e-03	9.8607e-01	1.1685e-02	1.1755e-36	4.3926e-01	5.6070e-01	4.7994e-05	1.1755e-36	1.1755e-36	1.1755e-36	4.4844e-18	0.00e+00	0.00e+00	1.3325e+01
7.44239e+18	5.6935e+03	1.906e-22	1.0000e+01	6.0883e+00	2.6041e-08	3.9502e-01	6.0498e-01	9.6382e-01	3.6184e-02	1.5795e-08	3.0767e-11	2.2096e-03	9.8644e-01	1.1347e-02	1.1755e-36	4.5163e-01	5.4833e-01	4.4464e-05	1.1755e-36	1.1755e-36	1.1755e-36	5.2886e-18	0.00e+00	0.00e+00	1.3523e+01
7.44983e+18	5.6444e+03	1.859e-22	1.0000e+01	5.9847e+00	2.9367e-08	4.0630e-01	5.9370e-01	9.6474e-01	3.5257e-02	1.5420e-08	3.3572e-11	2.1777e-03	9.8679e-01	1.1033e-02	1.1755e-36	4.6340e-01	5.3656e-01	4.1444e-05	1.1755e-36	1.1755e-36	1.1755e-36	6.2280e-18	0.00e+00	0.00e+00	1.3701e+01
7.45636e+18	5.6089e+03	1.814e-22	1.0000e+01	5.8821e+00	3.2289e-08	4.1578e-01	5.8422e-01	9.6547e-01	3.4530e-02	1.5172e-08	3.6016e-11	2.1451e-03	9.8707e-01	1.0787e-02	1.1755e-36	4.7323e-01	5.2673e-01	3.9012e-05	1.1755e-36	1.1755e-36	1.1755e-36	7.1100e-18	0.00e+00	0.00e+00	1.3861e+01
7.46280e+18	5.5617e+03	1.770e-22	1.0000e+01	5.7838e+00	3.6043e-08	4.2594e-01	5.7406e-01	9.6624e-01	3.3760e-02	1.4873e-08	3.8967e-11	2.1144e-03	9.8737e-01	1.0515e-02	1.1755e-36	4.8373e-01	5.1623e-01	3.6640e-05	1.1755e-36	1.1755e-36	1.1755e-36	8.2680e-18	0.00e+00	0.00e+00	1.4043e+01
7.46943e+18	5.5164e+03	1.724e-22	1.0000e+01	5.6789e+00	4.0197e-08	4.3635e-01	5.6365e-01	9.6697e-01	3.3033e-02	1.4614e-08	4.2208e-11	2.0812e-03	9.8767e-01	1.0254e-02	1.1755e-36	4.9445e-01	5.0552e-01	3.4364e-05	1.1755e-36	1.1755e-36	1.1755e-36	9.6459e-18	0.00e+00	0.00e+00	1.4222e+01
7.47582e+18	5.4718e+03	1.679e-22	1.0000e+01	5.5757e+00	4.4721e-08	4.4659e-01	5.5341e-01	9.6764e-01	3.2356e-02	1.4378e-08	4.5676e-11	2.0483e-03	9.8795e-01	1.0004e-02	1.1755e-36	5.0492e-01	4.9505e-01	3.2282e-05	1.1755e-36	1.1755e-36	1.1755e-36	1.1247e-17	0.00e+00	0.00e+00	1.4399e+01
7.48207e+18	5.4233e+03	1.635e-22	1.0000e+01	5.4723e+00	4.9950e-08	4.5688e-01	5.4312e-01	9.6830e-01	3.1702e-02	1.4150e-08	4.9537e-11	2.0155e-03	9.8822e-01	9.7598e-03	1.1755e-36	5.1541e-01	4.8456e-01	3.0341e-05	1.1755e-36	1.1755e-36	1.1755e-36	1.3194e-17	0.00e+00	0.00e+00	1.4579e+01
7.48814e+18	5.3737e+03	1.591e-22	1.0000e+01	5.3697e+00	5.5794e-08	4.6707e-01	5.3293e-01	9.6891e-01	3.1089e-02	1.3943e-08	5.3751e-11	1.9829e-03	9.8849e-01	9.5256e-03	1.1755e-36	5.2576e-01	4.7421e-01	2.8554e-05	1.1755e-36	1.1755e-36	1.1755e-36	1.5515e-17	0.00e+00	0.00e+00	1.4754e+01
7.49394e+18	5.3238e+03	1.549e-22	1.0000e+01	5.2694e+00	6.2206e-08	4.7697e-01	5.2303e-01	9.6948e-01	3.0523e-02	1.3756e-08	5.8274e-11	1.9509e-03	9.8874e-01	9.3046e-03	1.1755e-36	5.3576e-01	4.6422e-01	2.6931e-05	1.1755e-36	1.1755e-36	1.1755e-36	1.8236e-17	0.00e+00	0.00e+00	1.4924e+01
7.49952e+18	5.2740e+03	1.508e-22	1.0000e+01	5.1712e+00	6.9241e-08	4.8664e-01	5.1336e-01	9.7001e-01	2.9992e-02	1.3585e-08	6.3162e-11	1.9195e-03	9.8899e-01	9.0937e-03	1.1755e-36	5.4549e-01	4.5449e-01	2.5443e-05	1.1755e-36	1.1755e-36	1.1755e-36	2.1444e-17	0.00e+00	0.00e+00	1.5093e+01
7.50498e+18	5.2240e+03	1.468e-22	1.0000e+01	5.0745e+00	7.7027e-08	4.9624e-01	5.0376e-01	9.7051e-01	2.9486e-02	1.3425e-08	6.8530e-11	1.8885e-03	9.8922e-01	8.8889e-03	1.1755e-36	5.5510e-01	4.4488e-01	2.4052e-05	1.1755e-36	1.1755e-36	1.1755e-36	2.5285e-17	0.00e+00	0.00e+00	1.5263e+01
7.51036e+18	5.1738e+03	1.428e-22	1.0000e+01	4.9781e+00	8.5672e-08	5.0582e-01	4.9418e-01	9.7100e-01	2.9002e-02	1.3277e-08	7.4464e-11	1.8575e-03	9.8945e-01	8.6890e-03	1.1755e-36	5.6466e-01	4.3532e-01	2.2742e-05	1.1755e-36	1.1755e-36	1.1755e-36	2.9917e-17	0.00e+00	0.00e+00	1.5434e+01
7.51569e+18	5.1196e+03	1.389e-22	1.0000e+01	4.8787e+00	9.5659e-08	5.1540e-01	4.8460e-01	9.7147e-01	2.8532e-02	1.3138e-08	8.1147e-11	1.8256e-03	9.8968e-01	8.4951e-03	1.1755e-36	5.7417e-01	4.2581e-01	2.1515e-05	1.1755e-36	1.1755e-36	1.1755e-36	3.5648e-17	0.00e+00	0.00e+00	1.5606e+01
7.52088e+18	5.0604e+03	1.351e-22	1.0000e+01	4.7856e+00	1.0750e-07	5.2524e-01	4.7476e-01	9.7194e-01	2.8063e-02	1.2980e-08	8.9046e-11	1.7961e-03	9.8991e-01	8.2972e-03	1.1755e-36	5.8392e-01	4.1606e-01	2.0348e-05	1.1755e-36	1.1755e-36	1.1755e-36	4.3094e-17	0.00e+00	0.00e+00	1.5775e+01
7.52573e+18	5.0158e+03	1.314e-22	1.0000e+01	4.6922e+00	1.1800e-07	5.3374e-01	4.6626e-01	9.7230e-01	2.7699e-02	1.2904e-08	9.6206e-11	1.7654e-03	9.9010e-01	8.1365e-03	1.1755e-36	5.9230e-01	4.0768e-01	1.9351e-05	1.1755e-36	1.1755e-36	1.1755e-36	5.0438e-17	0.00e+00	0.00e+00	1.5930e+01
7.53063e+18	4.9586e+03	1.278e-22	1.0000e+01	4.5984e+00	1.3167e-07	5.4298e-01	4.5702e-01	9.7271e-01	2.7289e-02	1.2786e-08	1.0411e-10	1.7353e-03	9.9031e-01	7.9520e-03	1.1755e-36	6.0136e-01	3.9862e-01	1.8352e-05	1.1755e-36	1.1755e-36	1.1755e-36	5.9323e-17	0.00e+00	0.00e+00	1.6108e+01
7.53571e+18	4.8995e+03	1.240e-22	1.0000e+01	4.5012e+00	1.4735e-07	5.5255e-01	4.4745e-01	9.7311e-01	2.6891e-02	1.2680e-08	1.1251e-10	1.7040e-03	9.9053e-01	7.7657e-03	1.1755e-36	6.1073e-01	3.8926e-01	1.7373e-05	1.1755e-36	1.1755e-36	1.1755e-36	6.9622e-17	0.00e+00	0.00e+00	1.6282e+01
7.54056e+18	4.8355e+03	1.205e-22	1.0000e+01	4.4096e+00	1.6557e-07	5.6207e-01	4.3793e-01	9.7351e-01	2.6490e-02	1.2556e-08	1.2177e-10	1.6751e-03	9.9074e-01	7.5818e-03	1.1755e-36	6.2000e-01	3.7998e-01	1.6470e-05	1.1755e-36	1.1755e-36	1.1755e-36	8.2047e-17	0.00e+00	0.00e+00	1.6449e+01
7.54503e+18	4.7805e+03	1.172e-22	1.0000e+01	4.3212e+00	1.8309e-07	5.7052e-01	4.2948e-01	9.7383e-01	2.6172e-02	1.2486e-08	1.3047e-10	1.6465e-03	9.9093e-01	7.4247e-03	1.1755e-36	6.2820e-01	3.7179e-01	1.5692e-05	1.1755e-36	1.1755e-36	1.1755e-36	9.4712e-17	0.00e+00	0.00e+00	1.6602e+01
7.54939e+18	4.7189e+03	1.141e-22	1.0000e+01	4.2373e+00	2.0398e-07	5.7925e-01	4.2075e-01	9.7418e-01	2.5816e-02	1.2376e-08	1.4038e-10	1.6201e-03	9.9112e-01	7.2586e-03	1.1755e-36	6.3665e-01	3.6334e-01	1.4940e-05	1.1755e-36	1.1755e-36	1.1755e-36	1.1037e-16	0.00e+00	0.00e+00	1.6765e+01
7.55380e+18	4.6580e+03	1.109e-22	1.0000e+01	4.1505e+00	2.2662e-07	5.8789e-01	4.1211e-01	9.7451e-01	2.5491e-02	1.2292e-08	1.5080e-10	1.5924e-03	9.9131e-01	7.0995e-03	1.1755e-36	6.4497e-01	3.5501e-01	1.4224e-05	1.1755e-36	1.1755e-36	1.1755e-36	1.2821e-16	0.00e+00	0.00e+00	1.6927e+01
7.55815e+18	4.5958e+03	1.077e-22	1.0000e+01	4.0645e+00	2.5167e-07	5.9651e-01	4.0349e-01	9.7483e-01	2.5172e-02	1.2210e-08	1.6194e-10	1.5651e-03	9.9149e-01	6.9422e-03	1.1755e-36	6.5325e-01	3.4674e-01	1.3544e-05	1.1755e-36	1.1755e-36	1.1755e-36	1.4886e-16	0.00e+00	0.00e+00	1.7091e+01
7.56251e+18	4.5316e+03	1.046e-22	1.0000e+01	3.9778e+00	2.7958e-07	6.0520e-01	3.9480e-01	9.7514e-01	2.4859e-02	1.2131e-08	1.7390e-10	1.5376e-03	9.9168e-01	6.7857e-03	1.1755e-36	6.6156e-01	3.3843e-01	1.2890e-05	1.1755e-36	1.1755e-36	1.1755e-36	1.7287e-16	0.00e+00	0.00e+00	1.7258e+01
7.56689e+18	4.4611e+03	1.015e-22	1.0000e+01	3.8892e+00	3.1189e-07	6.1404e-01	3.8596e-01	9.7546e-01	2.4541e-02	1.2047e-08	1.8691e-10	1.5099e-03	9.9186e-01	6.6279e-03	1.1755e-36	6.6999e-01	3.2999e-01	1.2261e-05	1.1755e-36	1.1755e-36	1.1755e-36	2.0130e-16	0.00e+00	0.00e+00	1.7428e+01
7.57120e+18	4.3933e+03	9.847e-23	1.0000e+01	3.8028e+00	3.4554e-07	6.2267e-01	3.7733e-01	9.7575e-01	2.4247e-02	1.1977e-08	2.0015e-10	1.4827e-03	9.9204e-01	6.4770e-03	1.1755e-36	6.7819e-01	3.2179e-01	1.1671e-05	1.1755e-36	1.1755e-36	1.1755e-36	2.3246e-16	0.00e+00	0.00e+00	1.7594e+01
7.57548e+18	4.3231e+03	9.548e-23	1.0000e+01	3.7164e+00	3.8238e-07	6.3135e-01	3.6865e-01	9.7605e-01	2.3950e-02	1.1903e-08	2.1400e-10	1.4558e-03	9.9222e-01	6.3257e-03	1.1755e-36	6.8641e-01	3.1358e-01	1.1105e-05	1.1755e-36	1.1755e-36	1.1755e-36	2.6760e-16	0.00e+00	0.00e+00	1.7767e+01
7.57991e+18	4.2528e+03	9.238e-23	1.0000e+01	3.6248e+00	4.2103e-07	6.4002e-01	3.5998e-01	9.7632e-01	2.3677e-02	1.1859e-08	2.2795e-10	1.4267e-03	9.9240e-01	6.1782e-03	1.1755e-36	6.9458e-01	3.0541e-01	1.0555e-05	1.1755e-36	1.1755e-36	1.1755e-36	3.0557e-16	0.00e+00	0.00e+00	1.7949e+01
7.58462e+18	4.1705e+03	8.916e-23	1.0000e+01	3.5300e+00	4.6784e-07	6.4967e-01	3.5033e-01	9.7665e-01	2.3351e-02	1.1775e-08	2.4392e-10	1.3976e-03	9.9259e-01	6.0126e-03	1.1755e-36	7.0366e-01	2.9633e-01	9.9816e-06	1.1755e-36	1.1755e-36	1.1755e-36	3.5223e-16	0.00e+00	0.00e+00	1.8151e+01
7.58953e+18	4.0823e+03	8.587e-23	1.0000e+01	3.4308e+00	5.1892e-07	6.5968e-01	3.4032e-01	9.7697e-01	2.3029e-02	1.1697e-08	2.6018e-10	1.3673e-03	9.9279e-01	5.8450e-03	1.1755e-36	7.1303e-01	2.8696e-01	9.4175e-06	1.1755e-36	1.1755e-36	1.1755e-36	4.0322e-16	0.00e+00	0.00e+00	1.8355e+01
7.59448e+18	3.9924e+03	8.258e-23	1.0000e+01	3.3284e+00	5.7045e-07	6.6955e-01	3.3045e-01	9.7727e-01	2.2730e-02	1.1643e-08	2.7520e-10	1.3359e-03	9.9298e-01	5.6829e-03	1.1755e-36	7.2224e-01	2.7775e-01	8.8839e-06	1.1755e-36	1.1755e-36	1.1755e-36	4.5336e-16	0.00e+00	0.00e+00	1.8566e+01
###########################
5.38894e+14	6.7248e+03	3.180e-22	1.0000e+01	1.0787e+01	1.1397e-12	5.8438e-03	9.9416e-01	3.1173e-02	9.6782e-01	1.0059e-03	6.1974e-16	6.1126e-04	3.7406e-01	6.2512e-01	2.1482e-04	5.1196e-03	7.7084e-01	2.2399e-01	5.1166e-05	1.1755e-36	1.1755e-36	3.6697e-24	0.00e+00	0.00e+00	3.9769e-04
3.23336e+15	6.7211e+03	3.178e-22	1.0000e+01	1.0783e+01	1.1418e-12	5.8401e-03	9.9416e-01	3.1173e-02	9.6782e-01	1.0050e-03	6.1870e-16	6.1012e-04	3.7406e-01	6.2511e-01	2.1508e-04	5.1157e-03	7.7073e-01	2.2410e-01	5.1030e-05	1.1755e-36	1.1755e-36	3.6595e-24	0.00e+00	0.00e+00	1.9875e-03
1.40112e+16	6.7113e+03	3.172e-22	1.0000e+01	1.0782e+01	1.1500e-12	5.8393e-03	9.9416e-01	3.1220e-02	9.6778e-01	9.9747e-04	6.1916e-16	6.1003e-04	3.7445e-01	6.2472e-01	2.1417e-04	5.1174e-03	7.7092e-01	2.2391e-01	5.0249e-05	1.1755e-36	1.1755e-36	3.6539e-24	0.00e+00	0.00e+00	8.3456e-03
5.71228e+16	6.6927e+03	3.154e-22	1.0000e+01	1.0781e+01	1.1697e-12	5.8460e-03	9.9415e-01	3.1415e-02	9.6762e-01	9.6157e-04	6.2381e-16	6.1424e-04	3.7602e-01	6.2315e-01	2.1105e-04	5.1356e-03	7.7211e-01	2.2271e-01	4.7119e-05	1.1755e-36	1.1755e-36	3.6610e-24	0.00e+00	0.00e+00	3.3807e-02
1.36448e+17	6.6094e+03	3.096e-22	1.0000e+01	1.0781e+01	1.2151e-12	5.7757e-03	9.9422e-01	3.1570e-02	9.6750e-01	9.3220e-04	6.0972e-16	6.1320e-04	3.7757e-01	6.2161e-01	2.0764e-04	5.0860e-03	7.7283e-01	2.2204e-01	4.3410e-05	1.1755e-36	1.1755e-36	3.4834e-24	0.00e+00	0.00e+00	6.6510e-02
2.39571e+17	6.5247e+03	3.041e-22	1.0000e+01	1.0782e+01	1.2782e-12	5.7367e-03	9.9426e-01	3.1872e-02	9.6726e-01	8.7017e-04	6.0480e-16	6.1585e-04	3.8020e-01	6.1898e-01	2.0199e-04	5.0746e-03	7.7482e-01	2.2006e-01	3.8527e-05	1.1755e-36	1.1755e-36	3.3701e-24	0.00e+00	0.00e+00	1.0874e-01
3.73630e+17	6.4359e+03	2.985e-22	1.0000e+01	1.0781e+01	1.3641e-12	5.7247e-03	9.9428e-01	3.2348e-02	9.6687e-01	7.7796e-04	6.0797e-16	6.2209e-04	3.8412e-01	6.1506e-01	1.9408e-04	5.0986e-03	7.7818e-01	2.1669e-01	3.2648e-05	1.1755e-36	1.1755e-36	3.3044e-24	0.00e+00	0.00e+00	1.6351e-01
5.47908e+17	6.3417e+03	2.928e-22	1.0000e+01	1.0780e+01	1.4829e-12	5.7472e-03	9.9425e-01	3.3060e-02	9.6628e-01	6.5805e-04	6.2181e-16	6.3304e-04	3.8977e-01	6.0941e-01	1.8373e-04	5.1674e-03	7.8321e-01	2.1160e-01	2.6053e-05	1.1755e-36	1.1755e-36	3.2979e-24	0.00e+00	0.00e+00	2.3501e-01
7.74469e+17	6.2438e+03	2.871e-22	1.0000e+01	1.0779e+01	1.6490e-12	5.8190e-03	9.9418e-01	3.4123e-02	9.6536e-01	5.1823e-04	6.5159e-16	6.5114e-04	3.9785e-01	6.0133e-01	1.7087e-04	5.2997e-03	7.9035e-01	2.0433e-01	1.9210e-05	1.1755e-36	1.1755e-36	3.3775e-24	0.00e+00	0.00e+00	3.2911e-01
1.06900e+18	6.1453e+03	2.817e-22	1.0000e+01	1.0776e+01	1.8858e-12	5.9653e-03	9.9403e-01	3.5715e-02	9.6391e-01	3.7247e-04	7.0657e-16	6.7985e-04	4.0941e-01	5.8976e-01	1.5557e-04	5.5261e-03	8.0018e-01	1.9428e-01	1.2766e-05	1.1755e-36	1.1755e-36	3.5909e-24	0.00e+00	0.00e+00	4.5452e-01
1.45189e+18	6.0515e+03	2.769e-22	1.0000e+01	1.0771e+01	2.2383e-12	6.2309e-03	9.9377e-01	3.8155e-02	9.6161e-01	2.3864e-04	8.0650e-16	7.2521e-04	4.2609e-01	5.7305e-01	1.3792e-04	5.9010e-03	8.1343e-01	1.8066e-01	7.3961e-06	1.1755e-36	1.1755e-36	4.0491e-24	0.00e+00	0.00e+00	6.2481e-01
1.94964e+18	5.9708e+03	2.734e-22	1.0000e+01	1.0764e+01	2.7963e-12	6.6989e-03	9.9330e-01	4.2067e-02	9.5780e-01	1.3265e-04	9.9572e-16	7.9823e-04	4.5070e-01	5.4839e-01	1.1775e-04	6.5276e-03	8.3111e-01	1.6236e-01	3.5684e-06	1.1755e-36	1.1755e-36	5.0120e-24	0.00e+00	0.00e+00	8.6282e-01
2.50682e+18	5.9098e+03	2.715e-22	1.0000e+01	1.0756e+01	3.5846e-12	7.3558e-03	9.9264e-01	4.7449e-02	9.5248e-01	6.8339e-05	1.2922e-15	8.9460e-04	4.8115e-01	5.1785e-01	9.8221e-05	7.3886e-03	8.5041e-01	1.4220e-01	1.5584e-06	1.1755e-36	1.1755e-36	6.6170e-24	0.00e+00	0.00e+00	1.1191e+00
3.01311e+18	5.8945e+03	2.720e-22	1.0000e+01	1.0739e+01	4.5015e-12	8.1557e-03	9.9184e-01	5.3807e-02	9.4616e-01	3.7591e-05	1.7083e-15	1.0044e-03	5.1304e-01	4.8587e-01	8.1980e-05	8.4178e-03	8.6814e-01	1.2344e-01	7.1691e-07	1.1755e-36	1.1755e-36	9.0610e-24	0.00e+00	0.00e+00	1.3564e+00
3.43311e+18	5.9092e+03	2.743e-22	1.0000e+01	1.0723e+01	5.5102e-12	9.0448e-03	9.9096e-01	6.0833e-02	9.3914e-01	2.3120e-05	2.2525e-15	1.1175e-03	5.4381e-01	4.5500e-01	6.8966e-05	9.5499e-03	8.8314e-01	1.0731e-01	3.6620e-07	1.1755e-36	1.1755e-36	1.2525e-23	0.00e+00	0.00e+00	1.5729e+00
3.78831e+18	5.9356e+03	2.776e-22	1.0000e+01	1.0708e+01	6.6643e-12	1.0018e-02	9.8998e-01	6.8616e-02	9.3137e-01	1.5420e-05	2.9544e-15	1.2328e-03	5.7353e-01	4.2518e-01	5.8165e-05	1.0784e-02	8.9591e-01	9.3309e-02	2.0159e-07	1.1755e-36	1.1755e-36	1.7328e-23	0.00e+00	0.00e+00	1.7825e+00
4.10740e+18	5.9693e+03	2.814e-22	1.0000e+01	1.0688e+01	8.0396e-12	1.1115e-02	9.8889e-01	7.7557e-02	9.2243e-01	1.0744e-05	3.8822e-15	1.3539e-03	6.0328e-01	3.9531e-01	4.8735e-05	1.2174e-02	9.0719e-01	8.0636e-02	1.1755e-36	1.1755e-36	1.1755e-36	2.4130e-23	0.00e+00	0.00e+00	1.9979e+00
4.40569e+18	6.0054e+03	2.859e-22	1.0000e+01	1.0664e+01	9.7923e-12	1.2396e-02	9.8760e-01	8.8264e-02	9.1173e-01	7.6698e-06	5.1596e-15	1.4837e-03	6.3393e-01	3.6454e-01	4.0230e-05	1.3796e-02	9.1735e-01	6.8859e-02	1.1755e-36	1.1755e-36	1.1755e-36	3.4203e-23	0.00e+00	0.00e+00	2.2247e+00
4.68595e+18	6.0455e+03	2.910e-22	1.0000e+01	1.0640e+01	1.2031e-11	1.3904e-02	9.8610e-01	1.0136e-01	8.9864e-01	5.6036e-06	6.9426e-15	1.6228e-03	6.6547e-01	3.3288e-01	3.2608e-05	1.5704e-02	9.2632e-01	5.7977e-02	1.1755e-36	1.1755e-36	1.1755e-36	4.9408e-23	0.00e+00	0.00e+00	2.4624e+00
4.94673e+18	6.0899e+03	2.964e-22	1.0000e+01	1.0612e+01	1.4870e-11	1.5664e-02	9.8434e-01	1.1725e-01	8.8274e-01	4.1825e-06	9.4263e-15	1.7685e-03	6.9726e-01	3.0095e-01	2.5951e-05	1.7928e-02	9.3392e-01	4.8148e-02	1.1755e-36	1.1755e-36	1.1755e-36	7.2441e-23	0.00e+00	0.00e+00	2.7104e+00
5.18941e+18	6.1348e+03	3.022e-22	1.0000e+01	1.0583e+01	1.8583e-11	1.7734e-02	9.8227e-01	1.3681e-01	8.6318e-01	3.1776e-06	1.2943e-14	1.9167e-03	7.2910e-01	2.6896e-01	2.0206e-05	2.0540e-02	9.4010e-01	3.9358e-02	1.1755e-36	1.1755e-36	1.1755e-36	1.0807e-22	0.00e+00	0.00e+00	2.9732e+00
5.41848e+18	6.1575e+03	3.083e-22	1.0000e+01	1.0524e+01	2.4039e-11	2.0230e-02	9.7977e-01	1.6103e-01	8.3897e-01	2.4130e-06	1.8002e-14	2.0723e-03	7.6101e-01	2.3690e-01	1.5285e-05	2.3683e-02	9.4477e-01	3.1550e-02	1.1755e-36	1.1755e-36	1.1755e-36	1.6343e-22	0.00e+00	0.00e+00	3.2587e+00
5.63344e+18	6.2029e+03	3.142e-22	1.0000e+01	1.0476e+01	3.0877e-11	2.3202e-02	9.7680e-01	1.9170e-01	8.0830e-01	1.8623e-06	2.5431e-14	2.2283e-03	7.9220e-01	2.0556e-01	1.1234e-05	2.7419e-02	9.4784e-01	2.4738e-02	1.1755e-36	1.1755e-36	1.1755e-36	2.5358e-22	0.00e+00	0.00e+00	3.5611e+00
5.82608e+18	6.2425e+03	3.196e-22	1.0000e+01	1.0407e+01	3.9874e-11	2.6602e-02	9.7340e-01	2.2840e-01	7.7160e-01	1.4557e-06	3.5840e-14	2.3726e-03	8.2088e-01	1.7674e-01	8.1188e-06	3.1682e-02	9.4914e-01	1.9180e-02	1.1755e-36	1.1755e-36	1.1755e-36	3.9205e-22	0.00e+00	0.00e+00	3.8616e+00
5.99277e+18	6.2718e+03	3.249e-22	1.0000e+01	1.0351e+01	5.1683e-11	3.0423e-02	9.6958e-01	2.7113e-01	7.2887e-01	1.1589e-06	5.0309e-14	2.5058e-03	8.4631e-01	1.5118e-01	5.8119e-06	3.6455e-02	9.4874e-01	1.4806e-02	1.1755e-36	1.1755e-36	1.1755e-36	6.0301e-22	0.00e+00	0.00e+00	4.1584e+00
6.13724e+18	6.3013e+03	3.289e-22	1.0000e+01	1.0277e+01	6.6074e-11	3.4552e-02	9.6545e-01	3.1855e-01	6.8145e-01	9.3241e-07	6.9479e-14	2.6182e-03	8.6799e-01	1.2939e-01	4.1648e-06	4.1599e-02	9.4696e-01	1.1437e-02	1.1755e-36	1.1755e-36	1.1755e-36	9.0651e-22	0.00e+00	0.00e+00	4.4517e+00
6.26595e+18	6.3253e+03	3.318e-22	1.0000e+01	1.0191e+01	8.4356e-11	3.9113e-02	9.6089e-01	3.7121e-01	6.2879e-01	7.5061e-07	9.5370e-14	2.7136e-03	8.8669e-01	1.1059e-01	2.9693e-06	4.7265e-02	9.4394e-01	8.7979e-03	1.1755e-36	1.1755e-36	1.1755e-36	1.3480e-21	0.00e+00	0.00e+00	4.7554e+00
6.38513e+18	6.3457e+03	3.338e-22	1.0000e+01	1.0093e+01	1.0846e-10	4.4345e-02	9.5565e-01	4.3033e-01	5.6967e-01	5.9813e-07	1.3181e-13	2.7960e-03	9.0317e-01	9.4035e-02	2.0848e-06	5.3743e-02	9.3958e-01	6.6811e-03	1.1755e-36	1.1755e-36	1.1755e-36	2.0159e-21	0.00e+00	0.00e+00	5.0786e+00
6.49666e+18	6.3627e+03	3.349e-22	1.0000e+01	9.9812e+00	1.4088e-10	5.0429e-02	9.4957e-01	4.9526e-01	5.0474e-01	4.6950e-07	1.8408e-13	2.8644e-03	9.1752e-01	7.9613e-02	1.4400e-06	6.1247e-02	9.3376e-01	4.9968e-03	1.1755e-36	1.1755e-36	1.1755e-36	3.0463e-21	0.00e+00	0.00e+00	5.4214e+00
6.60047e+18	6.3784e+03	3.341e-22	1.0000e+01	9.8320e+00	1.8340e-10	5.7352e-02	9.4265e-01	5.6263e-01	4.3737e-01	3.6247e-07	2.5701e-13	2.9101e-03	9.2955e-01	6.7535e-02	9.8816e-07	6.9754e-02	9.2655e-01	3.6979e-03	1.1755e-36	1.1755e-36	1.1755e-36	4.5864e-21	0.00e+00	0.00e+00	5.7834e+00
6.69844e+18	6.3868e+03	3.330e-22	1.0000e+01	9.6890e+00	2.4368e-10	6.5656e-02	9.3434e-01	6.3134e-01	3.6866e-01	2.7412e-07	3.6549e-13	2.9484e-03	9.3986e-01	5.7190e-02	6.6657e-07	7.9912e-02	9.1740e-01	2.6901e-03	1.1755e-36	1.1755e-36	1.1755e-36	7.0889e-21	0.00e+00	0.00e+00	6.1813e+00
6.79225e+18	6.3910e+03	3.309e-22	1.0000e+01	9.5327e+00	3.3054e-10	7.5757e-02	9.2424e-01	6.9810e-01	3.0190e-01	2.0272e-07	5.2873e-13	2.9741e-03	9.4858e-01	4.8449e-02	4.4233e-07	9.2205e-02	9.0588e-01	1.9190e-03	1.1755e-36	1.1755e-36	1.1755e-36	1.1264e-20	0.00e+00	0.00e+00	6.6195e+00
6.88173e+18	6.3918e+03	3.276e-22	1.0000e+01	9.3592e+00	4.5769e-10	8.8119e-02	9.1188e-01	7.5897e-01	2.4103e-01	1.4726e-07	7.7575e-13	2.9858e-03	9.5583e-01	4.1179e-02	2.8998e-07	1.0716e-01	8.9149e-01	1.3451e-03	1.1755e-36	1.1755e-36	1.1755e-36	1.8428e-20	0.00e+00	0.00e+00	7.1056e+00
6.96725e+18	6.3862e+03	3.227e-22	1.0000e+01	9.1647e+00	6.5150e-10	1.0349e-01	8.9651e-01	8.1151e-01	1.8849e-01	1.0557e-07	1.1567e-12	2.9827e-03	9.6190e-01	3.5119e-02	1.8781e-07	1.2562e-01	8.7345e-01	9.2602e-04	1.1755e-36	1.1755e-36	1.1755e-36	3.1314e-20	0.00e+00	0.00e+00	7.6524e+00
7.04890e+18	6.3769e+03	3.149e-22	1.0000e+01	8.9153e+00	9.4704e-10	1.2245e-01	8.7755e-01	8.5442e-01	1.4558e-01	7.5427e-08	1.7352e-12	2.9541e-03	9.6693e-01	3.0120e-02	1.1755e-36	1.4822e-01	8.5116e-01	6.2805e-04	1.1755e-36	1.1755e-36	1.1755e-36	5.4565e-20	0.00e+00	0.00e+00	8.2679e+00
7.12641e+18	6.3506e+03	3.051e-22	1.0000e+01	8.6399e+00	1.4346e-09	1.4659e-01	8.5341e-01	8.8834e-01	1.1166e-01	5.4069e-08	2.6575e-12	2.9102e-03	9.7127e-01	2.5819e-02	1.1755e-36	1.7667e-01	8.2291e-01	4.1853e-04	1.1755e-36	1.1755e-36	1.1755e-36	1.0004e-19	0.00e+00	0.00e+00	8.9660e+00
7.19830e+18	6.3053e+03	2.921e-22	1.0000e+01	8.3173e+00	2.2527e-09	1.7673e-01	8.2327e-01	9.1373e-01	8.6272e-02	3.9581e-08	4.1193e-12	2.8439e-03	9.7500e-01	2.2158e-02	1.1755e-36	2.1176e-01	7.8797e-01	2.7639e-04	1.1755e-36	1.1755e-36	1.1755e-36	1.9094e-19	0.00e+00	0.00e+00	9.7287e+00
7.26240e+18	6.2364e+03	2.756e-22	1.0000e+01	7.9404e+00	3.6190e-09	2.1269e-01	7.8731e-01	9.3176e-01	6.8240e-02	3.0154e-08	6.3573e-12	2.7521e-03	9.7815e-01	1.9101e-02	1.1755e-36	2.5295e-01	7.4687e-01	1.8373e-04	1.1755e-36	1.1755e-36	1.1755e-36	3.7035e-19	0.00e+00	0.00e+00	1.0533e+01
7.31757e+18	6.1421e+03	2.566e-22	1.0000e+01	7.5263e+00	5.8643e-09	2.5337e-01	7.4663e-01	9.4431e-01	5.5686e-02	2.4051e-08	9.6486e-12	2.6408e-03	9.8078e-01	1.6583e-02	1.1755e-36	2.9873e-01	7.0114e-01	1.2469e-04	1.1755e-36	1.1755e-36	1.1755e-36	7.1652e-19	0.00e+00	0.00e+00	1.1340e+01
7.36114e+18	6.0326e+03	2.373e-22	1.0000e+01	7.1086e+00	9.1702e-09	2.9408e-01	7.0592e-01	9.5232e-01	4.7682e-02	2.0455e-08	1.3900e-11	2.5206e-03	9.8279e-01	1.4691e-02	1.1755e-36	3.4369e-01	6.5622e-01	8.9310e-05	1.1755e-36	1.1755e-36	1.1755e-36	1.3049e-18	0.00e+00	0.00e+00	1.2021e+01
7.39197e+18	5.9284e+03	2.211e-22	1.0000e+01	6.7598e+00	1.3163e-08	3.2851e-01	6.7149e-01	9.5717e-01	4.2833e-02	1.8405e-08	1.8449e-11	2.4165e-03	9.8419e-01	1.3389e-02	1.1755e-36	3.8108e-01	6.1886e-01	6.9318e-05	1.1755e-36	1.1755e-36	1.1755e-36	2.1132e-18	0.00e+00	0.00e+00	1.2539e+01
7.40857e+18	5.8602e+03	2.118e-22	1.0000e+01	6.5532e+00	1.6316e-08	3.4945e-01	6.5055e-01	9.5923e-01	4.0771e-02	1.7611e-08	2.1741e-11	2.3537e-03	9.8489e-01	1.2752e-02	1.1755e-36	4.0351e-01	5.9643e-01	6.0300e-05	1.1755e-36	1.1755e-36	1.1755e-36	2.8198e-18	0.00e+00	0.00e+00	1.2721e+01
7.41481e+18	5.8360e+03	2.080e-22	1.0000e+01	6.4688e+00	1.7635e-08	3.5728e-01	6.4272e-01	9.6005e-01	3.9950e-02	1.7304e-08	2.3071e-11	2.3274e-03	9.8515e-01	1.2519e-02	1.1755e-36	4.1184e-01	5.8810e-01	5.7200e-05	1.1755e-36	1.1755e-36	1.1755e-36	3.1329e-18	0.00e+00	0.00e+00	1.2817e+01
7.41971e+18	5.8136e+03	2.050e-22	1.0000e+01	6.4042e+00	1.8830e-08	3.6370e-01	6.3630e-01	9.6077e-01	3.9227e-02	1.7007e-08	2.4240e-11	2.3075e-03	9.8539e-01	1.2304e-02	1.1755e-36	4.1866e-01	5.8128e-01	5.4720e-05	1.1755e-36	1.1755e-36	1.1755e-36	3.4217e-18	0.00e+00	0.00e+00	1.2944e+01
7.42608e+18	5.7839e+03	2.010e-22	1.0000e+01	6.3181e+00	2.0518e-08	3.7216e-01	6.2784e-01	9.6168e-01	3.8318e-02	1.6639e-08	2.5855e-11	2.2808e-03	9.8569e-01	1.2029e-02	1.1755e-36	4.2761e-01	5.7234e-01	5.1644e-05	1.1755e-36	1.1755e-36	1.1755e-36	3.8426e-18	0.00e+00	0.00e+00	1.3113e+01
7.43405e+18	5.7392e+03	1.960e-22	1.0000e+01	6.2072e+00	2.3060e-08	3.8321e-01	6.1679e-01	9.6278e-01	3.7220e-02	1.6193e-08	2.8138e-11	2.2467e-03	9.8607e-01	1.1685e-02	1.1755e-36	4.3926e-01	5.6070e-01	4.7994e-05	1.1755e-36	1.1755e-36	1.1755e-36	4.4844e-18	0.00e+00	0.00e+00	1.3325e+01
7.44239e+18	5.6935e+03	1.906e-22	1.0000e+01	6.0883e+00	2.6041e-08	3.9502e-01	6.0498e-01	9.6382e-01	3.6183e-02	1.5795e-08	3.0767e-11	2.2096e-03	9.8644e-01	1.1347e-02	1.1755e-36	4.5163e-01	5.4833e-01	4.4464e-05	1.1755e-36	1.1755e-36	1.1755e-36	5.2885e-18	0.00e+00	0.00e+00	1.3523e+01
7.44983e+18	5.6444e+03	1.859e-22	1.0000e+01	5.9847e+00	2.9367e-08	4.0630e-01	5.9370e-01	9.6474e-01	3.5257e-02	1.5420e-08	3.3572e-11	2.1778e-03	9.8679e-01	1.1033e-02	1.1755e-36	4.6340e-01	5.3656e-01	4.1444e-05	1.1755e-36	1.1755e-36	1.1755e-36	6.2280e-18	0.00e+00	0.00e+00	1.3701e+01
7.45636e+18	5.6089e+03	1.814e-22	1.0000e+01	5.8821e+00	3.2289e-08	4.1578e-01	5.8422e-01	9.6547e-01	3.4530e-02	1.5172e-08	3.6016e-11	2.1451e-03	9.8707e-01	1.0787e-02	1.1755e-36	4.7323e-01	5.2673e-01	3.9012e-05	1.1755e-36	1.1755e-36	1.1755e-36	7.1100e-18	0.00e+00	0.00e+00	1.3861e+01
7.46280e+18	5.5617e+03	1.770e-22	1.0000e+01	5.7838e+00	3.6043e-08	4.2594e-01	5.7406e-01	9.6624e-01	3.3760e-02	1.4873e-08	3.8967e-11	2.1144e-03	9.8737e-01	1.0516e-02	1.1755e-36	4.8373e-01	5.1623e-01	3.6640e-05	1.1755e-36	1.1755e-36	1.1755e-36	8.2680e-18	0.00e+00	0.00e+00	1.4043e+01
7.46943e+18	5.5164e+03	1.724e-22	1.0000e+01	5.6789e+00	4.0196e-08	4.3635e-01	5.6365e-01	9.6697e-01	3.3033e-02	1.4614e-08	4.2208e-11	2.0812e-03	9.8766e-01	1.0254e-02	1.1755e-36	4.9445e-01	5.0552e-01	3.4364e-05	1.1755e-36	1.1755e-36	1.1755e-36	9.6459e-18	0.00e+00	0.00e+00	1.4222e+01
7.47582e+18	5.4718e+03	1.679e-22	1.0000e+01	5.5757e+00	4.4721e-08	4.4659e-01	5.5341e-01	9.6764e-01	3.2356e-02	1.4378e-08	4.5676e-11	2.0484e-03	9.8795e-01	1.0005e-02	1.1755e-36	5.0492e-01	4.9505e-01	3.2282e-05	1.1755e-36	1.1755e-36	1.1755e-36	1.1247e-17	0.00e+00	0.00e+00	1.4399e+01
7.48207e+18	5.4233e+03	1.635e-22	1.0000e+01	5.4723e+00	4.9950e-08	4.5688e-01	5.4312e-01	9.6830e-01	3.1701e-02	1.4150e-08	4.9537e-11	2.0155e-03	9.8822e-01	9.7598e-03	1.1755e-36	5.1541e-01	4.8456e-01	3.0341e-05	1.1755e-36	1.1755e-36	1.1755e-36	1.3194e-17	0.00e+00	0.00e+00	1.4579e+01
7.48814e+18	5.3737e+03	1.591e-22	1.0000e+01	5.3697e+00	5.5793e-08	4.6707e-01	5.3293e-01	9.6891e-01	3.1089e-02	1.3943e-08	5.3751e-11	1.9829e-03	9.8849e-01	9.5257e-03	1.1755e-36	5.2576e-01	4.7421e-01	2.8554e-05	1.1755e-36	1.1755e-36	1.1755e-36	1.5515e-17	0.00e+00	0.00e+00	1.4754e+01
7.49394e+18	5.3238e+03	1.549e-22	1.0000e+01	5.2694e+00	6.2206e-08	4.7697e-01	5.2303e-01	9.6948e-01	3.0523e-02	1.3756e-08	5.8274e-11	1.9509e-03	9.8874e-01	9.3047e-03	1.1755e-36	5.3576e-01	4.6422e-01	2.6931e-05	1.1755e-36	1.1755e-36	1.1755e-36	1.8236e-17	0.00e+00	0.00e+00	1.4924e+01
7.49953e+18	5.2740e+03	1.508e-22	1.0000e+01	5.1712e+00	6.9240e-08	4.8664e-01	5.1336e-01	9.7001e-01	2.9992e-02	1.3585e-08	6.3162e-11	1.9195e-03	9.8899e-01	9.0938e-03	1.1755e-36	5.4549e-01	4.5449e-01	2.5443e-05	1.1755e-36	1.1755e-36	1.1755e-36	2.1444e-17	0.00e+00	0.00e+00	1.5093e+01
7.50498e+18	5.2240e+03	1.468e-22	1.0000e+01	5.0745e+00	7.7027e-08	4.9624e-01	5.0376e-01	9.7051e-01	2.9486e-02	1.3425e-08	6.8530e-11	1.8885e-03	9.8922e-01	8.8889e-03	1.1755e-36	5.5510e-01	4.4488e-01	2.4052e-05	1.1755e-36	1.1755e-36	1.1755e-36	2.5285e-17	0.00e+00	0.00e+00	1.5263e+01
7.51036e+18	5.1738e+03	1.428e-22	1.0000e+01	4.9781e+00	8.5671e-08	5.0582e-01	4.9418e-01	9.7100e-01	2.9002e-02	1.3277e-08	7.4463e-11	1.8575e-03	9.8945e-01	8.6891e-03	1.1755e-36	5.6466e-01	4.3532e-01	2.2742e-05	1.1755e-36	1.1755e-36	1.1755e-36	2.9917e-17	0.00e+00	0.00e+00	1.5434e+01
7.51569e+18	5.1196e+03	1.389e-22	1.0000e+01	4.8787e+00	9.5658e-08	5.1540e-01	4.8460e-01	9.7147e-01	2.8532e-02	1.3138e-08	8.1146e-11	1.8257e-03	9.8968e-01	8.4952e-03	1.1755e-36	5.7417e-01	4.2581e-01	2.1515e-05	1.1755e-36	1.1755e-36	1.1755e-36	3.5648e-17	0.00e+00	0.00e+00	1.5606e+01
7.52088e+18	5.0604e+03	1.351e-22	1.0000e+01	4.7856e+00	1.0750e-07	5.2524e-01	4.7476e-01	9.7194e-01	2.8063e-02	1.2980e-08	8.9047e-11	1.7961e-03	9.8991e-01	8.2972e-03	1.1755e-36	5.8392e-01	4.1606e-01	2.0348e-05	1.1755e-36	1.1755e-36	1.1755e-36	4.3095e-17	0.00e+00	0.00e+00	1.5775e+01
7.52573e+18	5.0159e+03	1.314e-22	1.0000e+01	4.6922e+00	1.1799e-07	5.3374e-01	4.6626e-01	9.7230e-01	2.7699e-02	1.2905e-08	9.6201e-11	1.7655e-03	9.9010e-01	8.1365e-03	1.1755e-36	5.9230e-01	4.0768e-01	1.9351e-05	1.1755e-36	1.1755e-36	1.1755e-36	5.0432e-17	0.00e+00	0.00e+00	1.5930e+01
7.53063e+18	4.9586e+03	1.278e-22	1.0000e+01	4.5983e+00	1.3168e-07	5.4298e-01	4.5702e-01	9.7271e-01	2.7289e-02	1.2786e-08	1.0412e-10	1.7354e-03	9.9031e-01	7.9519e-03	1.1755e-36	6.0137e-01	3.9861e-01	1.8352e-05	1.1755e-36	1.1755e-36	1.1755e-36	5.9327e-17	0.00e+00	0.00e+00	1.6108e+01
7.53572e+18	4.8994e+03	1.240e-22	1.0000e+01	4.5011e+00	1.4736e-07	5.5256e-01	4.4744e-01	9.7311e-01	2.6891e-02	1.2680e-08	1.1252e-10	1.7040e-03	9.9053e-01	7.7656e-03	1.1755e-36	6.1073e-01	3.8925e-01	1.7372e-05	1.1755e-36	1.1755e-36	1.1755e-36	6.9630e-17	0.00e+00	0.00e+00	1.6282e+01
7.54056e+18	4.8355e+03	1.205e-22	1.0000e+01	4.4096e+00	1.6558e-07	5.6207e-01	4.3793e-01	9.7351e-01	2.6489e-02	1.2555e-08	1.2178e-10	1.6751e-03	9.9074e-01	7.5818e-03	1.1755e-36	6.2000e-01	3.7998e-01	1.6470e-05	1.1755e-36	1.1755e-36	1.1755e-36	8.2051e-17	0.00e+00	0.00e+00	1.6449e+01
7.54503e+18	4.7805e+03	1.172e-22	1.0000e+01	4.3212e+00	1.8309e-07	5.7052e-01	4.2948e-01	9.7383e-01	2.6172e-02	1.2486e-08	1.3047e-10	1.6465e-03	9.9093e-01	7.4248e-03	1.1755e-36	6.2820e-01	3.7179e-01	1.5692e-05	1.1755e-36	1.1755e-36	1.1755e-36	9.4712e-17	0.00e+00	0.00e+00	1.6602e+01
7.54939e+18	4.7189e+03	1.141e-22	1.0000e+01	4.2374e+00	2.0397e-07	5.7925e-01	4.2075e-01	9.7418e-01	2.5816e-02	1.2376e-08	1.4038e-10	1.6201e-03	9.9112e-01	7.2586e-03	1.1755e-36	6.3665e-01	3.6334e-01	1.4940e-05	1.1755e-36	1.1755e-36	1.1755e-36	1.1036e-16	0.00e+00	0.00e+00	1.6765e+01
7.55380e+18	4.6580e+03	1.109e-22	1.0000e+01	4.1505e+00	2.2662e-07	5.8789e-01	4.1211e-01	9.7451e-01	2.5491e-02	1.2292e-08	1.5080e-10	1.5925e-03	9.9131e-01	7.0995e-03	1.1755e-36	6.4497e-01	3.5501e-01	1.4224e-05	1.1755e-36	1.1755e-36	1.1755e-36	1.2821e-16	0.00e+00	0.00e+00	1.6927e+01
7.55815e+18	4.5958e+03	1.077e-22	1.0000e+01	4.0645e+00	2.5168e-07	5.9651e-01	4.0349e-01	9.7483e-01	2.5172e-02	1.2210e-08	1.6194e-10	1.5651e-03	9.9149e-01	6.9422e-03	1.1755e-36	6.5325e-01	3.4674e-01	1.3544e-05	1.1755e-36	1.1755e-36	1.1755e-36	1.4886e-16	0.00e+00	0.00e+00	1.7091e+01
7.56252e+18	4.5315e+03	1.046e-22	1.0000e+01	3.9778e+00	2.7959e-07	6.0520e-01	3.9480e-01	9.7514e-01	2.4859e-02	1.2131e-08	1.7390e-10	1.5376e-03	9.9168e-01	6.7857e-03	1.1755e-36	6.6156e-01	3.3843e-01	1.2890e-05	1.1755e-36	1.1755e-36	1.1755e-36	1.7288e-16	0.00e+00	0.00e+00	1.7258e+01
7.56689e+18	4.4611e+03	1.015e-22	1.0000e+01	3.8892e+00	3.1190e-07	6.1404e-01	3.8596e-01	9.7546e-01	2.4541e-02	1.2047e-08	1.8692e-10	1.5099e-03	9.9186e-01	6.6279e-03	1.1755e-36	6.6999e-01	3.2999e-01	1.2261e-05	1.1755e-36	1.1755e-36	1.1755e-36	2.0130e-16	0.00e+00	0.00e+00	1.7428e+01
7.57120e+18	4.3933e+03	9.847e-23	1.0000e+01	3.8028e+00	3.4554e-07	6.2267e-01	3.7733e-01	9.7575e-01	2.4246e-02	1.1977e-08	2.0015e-10	1.4827e-03	9.9204e-01	6.4770e-03	1.1755e-36	6.7820e-01	3.2179e-01	1.1671e-05	1.1755e-36	1.1755e-36	1.1755e-36	2.3246e-16	0.00e+00	0.00e+00	1.7594e+01
7.57549e+18	4.3231e+03	9.548e-23	1.0000e+01	3.7164e+00	3.8238e-07	6.3135e-01	3.6865e-01	9.7605e-01	2.3949e-02	1.1903e-08	2.1400e-10	1.4558e-03	9.9222e-01	6.3257e-03	1.1755e-36	6.8641e-01	3.1358e-01	1.1105e-05	1.1755e-36	1.1755e-36	1.1755e-36	2.6760e-16	0.00e+00	0.00e+00	1.7767e+01
7.57991e+18	4.2528e+03	9.238e-23	1.0000e+01	3.6248e+00	4.2103e-07	6.4002e-01	3.5998e-01	9.7632e-01	2.3677e-02	1.1859e-08	2.2795e-10	1.4267e-03	9.9240e-01	6.1782e-03	1.1755e-36	6.9459e-01	3.0540e-01	1.0555e-05	1.1755e-36	1.1755e-36	1.1755e-36	3.0558e-16	0.00e+00	0.00e+00	1.7949e+01
7.58462e+18	4.1705e+03	8.916e-23	1.0000e+01	3.5300e+00	4.6785e-07	6.4967e-01	3.5033e-01	9.7665e-01	2.3351e-02	1.1775e-08	2.4393e-10	1.3976e-03	9.9259e-01	6.0127e-03	1.1755e-36	7.0366e-01	2.9633e-01	9.9815e-06	1.1755e-36	1.1755e-36	1.1755e-36	3.5224e-16	0.00e+00	0.00e+00	1.8151e+01
7.58953e+18	4.0823e+03	8.587e-23	1.0000e+01	3.4308e+00	5.1893e-07	6.5968e-01	3.4032e-01	9.7697e-01	2.3029e-02	1.1697e-08	2.6019e-10	1.3673e-03	9.9279e-01	5.8451e-03	1.1755e-36	7.1303e-01	2.8696e-01	9.4174e-06	1.1755e-36	1.1755e-36	1.1755e-36	4.0323e-16	0.00e+00	0.00e+00	1.8355e+01
7.59448e+18	3.9923e+03	8.257e-23	1.0000e+01	3.3283e+00	5.7046e-07	6.6956e-01	3.3044e-01	9.7727e-01	2.2730e-02	1.1643e-08	2.7521e-10	1.3359e-03	9.9298e-01	5.6830e-03	1.1755e-36	7.2225e-01	2.7775e-01	8.8836e-06	1.1755e-36	1.1755e-36	1.1755e-36	4.5339e-16	0.00e+00	0.00e+00	1.8566e+01
