#depth	Te	Htot	hden	eden	2H_2/H	HI	HII	HeI	HeII	HeIII	CO/C	C1	C2	C3	C4	O1	O2	O3	O4	O5	O6	H2O/O	AV(point)	AV(extend)	Tau912
2.46998e+13	6.8790e+03	1.425e-19	2.1544e+02	2.3049e+02	6.5298e-13	1.2218e-02	9.8778e-01	6.3488e-02	9.3605e-01	4.6218e-04	6.8333e-15	1.9764e-03	5.5497e-01	4.4300e-01	5.3197e-05	1.3392e-02	9.0772e-01	7.8888e-02	5.0071e-06	1.1755e-36	1.1755e-36	4.7488e-23	0.00e+00	0.00e+00	8.2114e-04
1.48199e+14	6.8722e+03	1.423e-19	2.1544e+02	2.3033e+02	6.5512e-13	1.2206e-02	9.8779e-01	6.3493e-02	9.3605e-01	4.6175e-04	6.8138e-15	1.9702e-03	5.5501e-01	4.4297e-01	5.3310e-05	1.3378e-02	9.0769e-01	7.8931e-02	4.9961e-06	1.1755e-36	1.1755e-36	4.7237e-23	0.00e+00	0.00e+00	4.1024e-03
6.42196e+14	6.8620e+03	1.417e-19	2.1544e+02	2.3027e+02	6.5988e-13	1.2201e-02	9.8780e-01	6.3649e-02	9.3589e-01	4.5812e-04	6.8156e-15	1.9671e-03	5.5571e-01	4.4227e-01	5.3061e-05	1.3379e-02	9.0789e-01	7.8725e-02	4.9119e-06	1.1755e-36	1.1755e-36	4.7102e-23	0.00e+00	0.00e+00	1.7222e-02
2.61818e+15	6.8235e+03	1.404e-19	2.1544e+02	2.3024e+02	6.8836e-13	1.2270e-02	9.8773e-01	6.4513e-02	9.3505e-01	4.3997e-04	6.9479e-15	1.9804e-03	5.5933e-01	4.3864e-01	5.1693e-05	1.3486e-02	9.0902e-01	7.7492e-02	4.5412e-06	1.1755e-36	1.1755e-36	4.7734e-23	0.00e+00	0.00e+00	6.9997e-02
6.25400e+15	6.6944e+03	1.358e-19	2.1544e+02	2.3025e+02	7.3712e-13	1.2077e-02	9.8792e-01	6.5295e-02	9.3428e-01	4.2283e-04	6.7547e-15	1.9701e-03	5.6306e-01	4.3492e-01	5.0489e-05	1.3308e-02	9.0972e-01	7.6964e-02	4.1845e-06	1.1755e-36	1.1755e-36	4.4645e-23	0.00e+00	0.00e+00	1.3753e-01
1.09806e+16	6.5712e+03	1.318e-19	2.1544e+02	2.3024e+02	8.0935e-13	1.2044e-02	9.8796e-01	6.6735e-02	9.3287e-01	3.9132e-04	6.7779e-15	1.9866e-03	5.6927e-01	4.2870e-01	4.8250e-05	1.3326e-02	9.1145e-01	7.5224e-02	3.6523e-06	1.1755e-36	1.1755e-36	4.3462e-23	0.00e+00	0.00e+00	2.2508e-01
1.71251e+16	6.4479e+03	1.283e-19	2.1544e+02	2.3017e+02	9.1778e-13	1.2176e-02	9.8782e-01	6.9052e-02	9.3060e-01	3.4666e-04	7.0337e-15	2.0304e-03	5.7857e-01	4.1935e-01	4.4956e-05	1.3551e-02	9.1424e-01	7.2209e-02	2.9861e-06	1.1755e-36	1.1755e-36	4.4081e-23	0.00e+00	0.00e+00	3.4014e-01
2.51130e+16	6.3247e+03	1.253e-19	2.1544e+02	2.3003e+02	1.0845e-12	1.2535e-02	9.8746e-01	7.2691e-02	9.2702e-01	2.9030e-04	7.6305e-15	2.1108e-03	5.9215e-01	4.0570e-01	4.0514e-05	1.4060e-02	9.1830e-01	6.7637e-02	2.2386e-06	1.1755e-36	1.1755e-36	4.7190e-23	0.00e+00	0.00e+00	4.9414e-01
3.54972e+16	6.2055e+03	1.229e-19	2.1544e+02	2.2977e+02	1.3541e-12	1.3249e-02	9.8675e-01	7.8476e-02	9.2130e-01	2.2599e-04	8.8284e-15	2.2463e-03	6.1183e-01	3.8589e-01	3.4858e-05	1.5015e-02	9.2385e-01	6.1130e-02	1.4897e-06	1.1755e-36	1.1755e-36	5.4723e-23	0.00e+00	0.00e+00	7.0573e-01
4.89968e+16	6.0971e+03	1.215e-19	2.1544e+02	2.2934e+02	1.8286e-12	1.4582e-02	9.8542e-01	8.8077e-02	9.1176e-01	1.6010e-04	1.1274e-14	2.4714e-03	6.4047e-01	3.5703e-01	2.7988e-05	1.6745e-02	9.3099e-01	5.2266e-02	8.3687e-07	1.1755e-36	1.1755e-36	7.1957e-23	0.00e+00	0.00e+00	1.0085e+00
6.35677e+16	6.0180e+03	1.212e-19	2.1544e+02	2.2876e+02	2.5454e-12	1.6491e-02	9.8351e-01	1.0121e-01	8.9868e-01	1.0939e-04	1.5288e-14	2.7615e-03	6.7364e-01	3.2358e-01	2.1559e-05	1.9189e-02	9.3777e-01	4.3040e-02	4.3341e-07	1.1755e-36	1.1755e-36	1.0301e-22	0.00e+00	0.00e+00	1.3199e+00
7.61104e+16	6.0050e+03	1.222e-19	2.1544e+02	2.2784e+02	3.3983e-12	1.8828e-02	9.8117e-01	1.1644e-01	8.8348e-01	7.8078e-05	2.1111e-14	3.0721e-03	7.0538e-01	2.9153e-01	1.6576e-05	2.2147e-02	9.4275e-01	3.5101e-02	2.3181e-07	1.1755e-36	1.1755e-36	1.5354e-22	0.00e+00	0.00e+00	1.6069e+00
8.66462e+16	6.0087e+03	1.242e-19	2.1544e+02	2.2692e+02	4.5266e-12	2.1628e-02	9.7837e-01	1.3412e-01	8.6582e-01	5.8297e-05	2.9550e-14	3.3965e-03	7.3551e-01	2.6109e-01	1.2671e-05	2.5666e-02	9.4588e-01	2.8449e-02	1.2832e-07	1.1755e-36	1.1755e-36	2.3486e-22	0.00e+00	0.00e+00	1.8973e+00
9.61451e+16	6.0379e+03	1.267e-19	2.1544e+02	2.2595e+02	5.9838e-12	2.5036e-02	9.7496e-01	1.5528e-01	8.4468e-01	4.4602e-05	4.2124e-14	3.7378e-03	7.6476e-01	2.3150e-01	9.5118e-06	2.9931e-02	9.4737e-01	2.2698e-02	1.1755e-36	1.1755e-36	1.1755e-36	3.7051e-22	0.00e+00	0.00e+00	2.2082e+00
1.04872e+17	6.0922e+03	1.291e-19	2.1544e+02	2.2443e+02	7.8387e-12	2.9163e-02	9.7084e-01	1.8049e-01	8.1947e-01	3.4546e-05	6.0853e-14	4.0828e-03	7.9273e-01	2.0318e-01	6.9991e-06	3.5077e-02	9.4712e-01	1.7799e-02	1.1755e-36	1.1755e-36	1.1755e-36	5.9758e-22	0.00e+00	0.00e+00	2.5385e+00
1.12771e+17	6.1421e+03	1.319e-19	2.1544e+02	2.2289e+02	1.0518e-11	3.4273e-02	9.6573e-01	2.1098e-01	7.8900e-01	2.7191e-05	8.9879e-14	4.4327e-03	8.1948e-01	1.7608e-01	5.0162e-06	4.1425e-02	9.4486e-01	1.3711e-02	1.1755e-36	1.1755e-36	1.1755e-36	9.9348e-22	0.00e+00	0.00e+00	2.8870e+00
1.19717e+17	6.2047e+03	1.346e-19	2.1544e+02	2.2113e+02	1.3995e-11	4.0311e-02	9.5969e-01	2.4592e-01	7.5405e-01	2.1794e-05	1.3320e-13	4.7607e-03	8.4355e-01	1.5168e-01	3.5520e-06	4.8896e-02	9.4064e-01	1.0468e-02	1.1755e-36	1.1755e-36	1.1755e-36	1.6628e-21	0.00e+00	0.00e+00	3.2389e+00
1.25686e+17	6.2703e+03	1.370e-19	2.1544e+02	2.1936e+02	1.8489e-11	4.7263e-02	9.5274e-01	2.8456e-01	7.1542e-01	1.7782e-05	1.9656e-13	5.0597e-03	8.6457e-01	1.3037e-01	2.5054e-06	5.7462e-02	9.3456e-01	7.9806e-03	1.1755e-36	1.1755e-36	1.1755e-36	2.7685e-21	0.00e+00	0.00e+00	3.5940e+00
1.30875e+17	6.3237e+03	1.390e-19	2.1544e+02	2.1710e+02	2.4566e-11	5.5229e-02	9.4477e-01	3.2656e-01	6.7342e-01	1.4649e-05	2.8820e-13	5.3133e-03	8.8271e-01	1.1197e-01	1.7640e-06	6.7237e-02	9.2668e-01	6.0833e-03	1.1755e-36	1.1755e-36	1.1755e-36	4.5525e-21	0.00e+00	0.00e+00	3.9587e+00
1.35493e+17	6.3817e+03	1.400e-19	2.1544e+02	2.1388e+02	3.2270e-11	6.4229e-02	9.3577e-01	3.7126e-01	6.2873e-01	1.2137e-05	4.1797e-13	5.5084e-03	8.9822e-01	9.6267e-02	1.2429e-06	7.8231e-02	9.1714e-01	4.6312e-03	1.1755e-36	1.1755e-36	1.1755e-36	7.3493e-21	0.00e+00	0.00e+00	4.3415e+00
1.39733e+17	6.4308e+03	1.406e-19	2.1544e+02	2.1065e+02	4.3221e-11	7.5043e-02	9.2496e-01	4.2042e-01	5.7957e-01	1.0017e-05	6.1698e-13	5.6804e-03	9.1215e-01	8.2172e-02	8.6044e-07	9.1373e-02	9.0515e-01	3.4817e-03	1.1755e-36	1.1755e-36	1.1755e-36	1.2110e-20	0.00e+00	0.00e+00	4.7601e+00
1.43634e+17	6.4764e+03	1.404e-19	2.1544e+02	2.0666e+02	5.8469e-11	8.7856e-02	9.1214e-01	4.7255e-01	5.2744e-01	8.2360e-06	9.1806e-13	5.8042e-03	9.2429e-01	6.9910e-02	5.8939e-07	1.0685e-01	8.9056e-01	2.5914e-03	1.1755e-36	1.1755e-36	1.1755e-36	2.0084e-20	0.00e+00	0.00e+00	5.2026e+00
1.47147e+17	6.5198e+03	1.393e-19	2.1544e+02	2.0221e+02	7.9231e-11	1.0272e-01	8.9728e-01	5.2542e-01	4.7457e-01	6.7502e-06	1.3676e-12	5.8813e-03	9.3457e-01	5.9547e-02	4.0328e-07	1.2467e-01	8.7341e-01	1.9215e-03	1.1755e-36	1.1755e-36	1.1755e-36	3.3294e-20	0.00e+00	0.00e+00	5.6670e+00
1.50323e+17	6.5361e+03	1.377e-19	2.1544e+02	1.9749e+02	1.1047e-10	1.2029e-01	8.7971e-01	5.7786e-01	4.2213e-01	5.5475e-06	2.0543e-12	5.9235e-03	9.4339e-01	5.0687e-02	2.7463e-07	1.4559e-01	8.5299e-01	1.4179e-03	1.1755e-36	1.1755e-36	1.1755e-36	5.5725e-20	0.00e+00	0.00e+00	6.1627e+00
1.53221e+17	6.5472e+03	1.349e-19	2.1544e+02	1.9216e+02	1.5492e-10	1.4077e-01	8.5923e-01	6.2804e-01	3.7196e-01	4.5626e-06	3.0873e-12	5.9187e-03	9.5083e-01	4.3255e-02	1.8720e-07	1.6974e-01	8.2922e-01	1.0416e-03	1.1755e-36	1.1755e-36	1.1755e-36	9.3512e-20	0.00e+00	0.00e+00	6.6924e+00
1.55885e+17	6.5437e+03	1.310e-19	2.1544e+02	1.8614e+02	2.2084e-10	1.6476e-01	8.3524e-01	6.7512e-01	3.2487e-01	3.7520e-06	4.6515e-12	5.8685e-03	9.5715e-01	3.6982e-02	1.2757e-07	1.9773e-01	8.0151e-01	7.6065e-04	1.1755e-36	1.1755e-36	1.1755e-36	1.5800e-19	0.00e+00	0.00e+00	7.2668e+00
1.58362e+17	6.5332e+03	1.258e-19	2.1544e+02	1.7924e+02	3.1797e-10	1.9277e-01	8.0723e-01	7.1801e-01	2.8198e-01	3.1009e-06	7.0063e-12	5.7669e-03	9.6254e-01	3.1695e-02	1.1755e-36	2.3000e-01	7.6945e-01	5.5140e-04	1.1755e-36	1.1755e-36	1.1755e-36	2.6872e-19	0.00e+00	0.00e+00	7.8936e+00
1.60676e+17	6.4807e+03	1.194e-19	2.1544e+02	1.7145e+02	4.7981e-10	2.2615e-01	7.7385e-01	7.5700e-01	2.4300e-01	2.5622e-06	1.0648e-11	5.6221e-03	9.6724e-01	2.7138e-02	1.1755e-36	2.6793e-01	7.3167e-01	3.9571e-04	1.1755e-36	1.1755e-36	1.1755e-36	4.6567e-19	0.00e+00	0.00e+00	8.5819e+00
1.62780e+17	6.4155e+03	1.118e-19	2.1544e+02	1.6273e+02	7.2852e-10	2.6380e-01	7.3620e-01	7.8982e-01	2.1018e-01	2.1534e-06	1.5950e-11	5.4250e-03	9.7117e-01	2.3406e-02	1.1755e-36	3.1000e-01	6.8971e-01	2.8435e-04	1.1755e-36	1.1755e-36	1.1755e-36	8.0133e-19	0.00e+00	0.00e+00	9.2892e+00
1.64501e+17	6.3359e+03	1.039e-19	2.1544e+02	1.5411e+02	1.0760e-09	3.0137e-01	6.9863e-01	8.1410e-01	1.8590e-01	1.8779e-06	2.2637e-11	5.2076e-03	9.7414e-01	2.0648e-02	1.1755e-36	3.5126e-01	6.4853e-01	2.1207e-04	1.1755e-36	1.1755e-36	1.1755e-36	1.2977e-18	0.00e+00	0.00e+00	9.8921e+00
1.65762e+17	6.2570e+03	9.731e-20	2.1544e+02	1.4690e+02	1.4809e-09	3.3340e-01	6.6660e-01	8.3050e-01	1.6950e-01	1.7032e-06	2.9611e-11	5.0136e-03	9.7622e-01	1.8770e-02	1.1755e-36	3.8587e-01	6.1396e-01	1.6852e-04	1.1755e-36	1.1755e-36	1.1755e-36	1.8930e-18	0.00e+00	0.00e+00	1.0369e+01
1.66717e+17	6.1827e+03	9.180e-20	2.1544e+02	1.4094e+02	1.9247e-09	3.6012e-01	6.3988e-01	8.4210e-01	1.5790e-01	1.5855e-06	3.6452e-11	4.8471e-03	9.7774e-01	1.7413e-02	1.1755e-36	4.1435e-01	5.8551e-01	1.4039e-04	1.1755e-36	1.1755e-36	1.1755e-36	2.5469e-18	0.00e+00	0.00e+00	1.0789e+01
1.67551e+17	6.1057e+03	8.665e-20	2.1544e+02	1.3536e+02	2.4587e-09	3.8515e-01	6.1485e-01	8.5186e-01	1.4814e-01	1.4893e-06	4.3830e-11	4.6873e-03	9.7904e-01	1.6269e-02	1.1755e-36	4.4073e-01	5.5915e-01	1.1893e-04	1.1755e-36	1.1755e-36	1.1755e-36	3.3236e-18	0.00e+00	0.00e+00	1.1214e+01
1.68351e+17	6.0201e+03	8.147e-20	2.1544e+02	1.2969e+02	3.1593e-09	4.1069e-01	5.8931e-01	8.6072e-01	1.3928e-01	1.4050e-06	5.2434e-11	4.5212e-03	9.8026e-01	1.5219e-02	1.1755e-36	4.6735e-01	5.3255e-01	1.0093e-04	1.1755e-36	1.1755e-36	1.1755e-36	4.3221e-18	0.00e+00	0.00e+00	1.1654e+01
1.69104e+17	5.9278e+03	7.639e-20	2.1544e+02	1.2403e+02	4.0678e-09	4.3622e-01	5.6378e-01	8.6846e-01	1.3154e-01	1.3350e-06	6.2231e-11	4.3526e-03	9.8137e-01	1.4280e-02	1.1755e-36	4.9364e-01	5.0628e-01	8.6091e-05	1.1755e-36	1.1755e-36	1.1755e-36	5.5837e-18	0.00e+00	0.00e+00	1.2081e+01
1.69779e+17	5.8343e+03	7.170e-20	2.1544e+02	1.1872e+02	5.1830e-09	4.6026e-01	5.3974e-01	8.7493e-01	1.2507e-01	1.2792e-06	7.2732e-11	4.1919e-03	9.8233e-01	1.3478e-02	1.1755e-36	5.1813e-01	4.8179e-01	7.4365e-05	1.1755e-36	1.1755e-36	1.1755e-36	7.0847e-18	0.00e+00	0.00e+00	1.2476e+01
1.70376e+17	5.7418e+03	6.747e-20	2.1544e+02	1.1384e+02	6.5143e-09	4.8239e-01	5.1761e-01	8.8037e-01	1.1963e-01	1.2342e-06	8.3675e-11	4.0427e-03	9.8316e-01	1.2792e-02	1.1755e-36	5.4045e-01	4.5949e-01	6.5118e-05	1.1755e-36	1.1755e-36	1.1755e-36	8.8165e-18	0.00e+00	0.00e+00	1.2846e+01
1.70921e+17	5.6487e+03	6.356e-20	2.1544e+02	1.0926e+02	8.1296e-09	5.0320e-01	4.9680e-01	8.8510e-01	1.1490e-01	1.1963e-06	9.5288e-11	3.9012e-03	9.8391e-01	1.2186e-02	1.1755e-36	5.6123e-01	4.3871e-01	5.7532e-05	1.1755e-36	1.1755e-36	1.1755e-36	1.0850e-17	0.00e+00	0.00e+00	1.3206e+01
1.71435e+17	5.5531e+03	5.986e-20	2.1544e+02	1.0483e+02	1.0143e-08	5.2330e-01	4.7670e-01	8.8936e-01	1.1064e-01	1.1636e-06	1.0795e-10	3.7635e-03	9.8461e-01	1.1631e-02	1.1755e-36	5.8114e-01	4.1881e-01	5.1076e-05	1.1755e-36	1.1755e-36	1.1755e-36	1.3313e-17	0.00e+00	0.00e+00	1.3563e+01
1.71813e+17	5.4798e+03	5.723e-20	2.1544e+02	1.0158e+02	1.1999e-08	5.3827e-01	4.6173e-01	8.9200e-01	1.0800e-01	1.1460e-06	1.1840e-10	3.6615e-03	9.8507e-01	1.1272e-02	1.1755e-36	5.9583e-01	4.0412e-01	4.6883e-05	1.1755e-36	1.1755e-36	1.1755e-36	1.5574e-17	0.00e+00	0.00e+00	1.3749e+01
1.72021e+17	5.4351e+03	5.578e-20	2.1544e+02	9.9785e+01	1.3254e-08	5.4671e-01	4.5329e-01	8.9353e-01	1.0647e-01	1.1350e-06	1.2490e-10	3.6055e-03	9.8533e-01	1.1066e-02	1.1755e-36	6.0409e-01	3.9587e-01	4.4662e-05	1.1755e-36	1.1755e-36	1.1755e-36	1.7078e-17	0.00e+00	0.00e+00	1.3870e+01
1.72189e+17	5.3981e+03	5.458e-20	2.1544e+02	9.8285e+01	1.4387e-08	5.5354e-01	4.4646e-01	8.9485e-01	1.0515e-01	1.1253e-06	1.3043e-10	3.5584e-03	9.8555e-01	1.0892e-02	1.1755e-36	6.1074e-01	3.8922e-01	4.2896e-05	1.1755e-36	1.1755e-36	1.1755e-36	1.8415e-17	0.00e+00	0.00e+00	1.4000e+01
1.72385e+17	5.3546e+03	5.317e-20	2.1544e+02	9.6561e+01	1.5854e-08	5.6163e-01	4.3837e-01	8.9644e-01	1.0356e-01	1.1130e-06	1.3743e-10	3.5041e-03	9.8581e-01	1.0684e-02	1.1755e-36	6.1859e-01	3.8137e-01	4.0877e-05	1.1755e-36	1.1755e-36	1.1755e-36	2.0186e-17	0.00e+00	0.00e+00	1.4168e+01
1.72613e+17	5.3024e+03	5.154e-20	2.1544e+02	9.4447e+01	1.7778e-08	5.7078e-01	4.2922e-01	8.9809e-01	1.0191e-01	1.1024e-06	1.4570e-10	3.4370e-03	9.8610e-01	1.0461e-02	1.1755e-36	6.2745e-01	3.7251e-01	3.8702e-05	1.1755e-36	1.1755e-36	1.1755e-36	2.2414e-17	0.00e+00	0.00e+00	1.4352e+01
1.72841e+17	5.2488e+03	4.994e-20	2.1544e+02	9.2407e+01	2.0004e-08	5.8012e-01	4.1988e-01	8.9970e-01	1.0030e-01	1.0915e-06	1.5491e-10	3.3724e-03	9.8639e-01	1.0241e-02	1.1755e-36	6.3644e-01	3.6352e-01	3.6625e-05	1.1755e-36	1.1755e-36	1.1755e-36	2.5070e-17	0.00e+00	0.00e+00	1.4525e+01
1.73049e+17	5.1911e+03	4.854e-20	2.1544e+02	9.0603e+01	2.2600e-08	5.8909e-01	4.1091e-01	9.0125e-01	9.8744e-02	1.0792e-06	1.6484e-10	3.3163e-03	9.8665e-01	1.0031e-02	1.1755e-36	6.4507e-01	3.5490e-01	3.4778e-05	1.1755e-36	1.1755e-36	1.1755e-36	2.8158e-17	0.00e+00	0.00e+00	1.4682e+01
1.73233e+17	5.1501e+03	4.726e-20	2.1544e+02	8.8930e+01	2.4810e-08	5.9646e-01	4.0354e-01	9.0243e-01	9.7567e-02	1.0728e-06	1.7316e-10	3.2626e-03	9.8687e-01	9.8678e-03	1.1755e-36	6.5210e-01	3.4786e-01	3.3268e-05	1.1755e-36	1.1755e-36	1.1755e-36	3.0905e-17	0.00e+00	0.00e+00	1.4821e+01
1.73414e+17	5.0978e+03	4.601e-20	2.1544e+02	8.7251e+01	2.7703e-08	6.0414e-01	3.9586e-01	9.0372e-01	9.6278e-02	1.0638e-06	1.8289e-10	3.2096e-03	9.8710e-01	9.6914e-03	1.1755e-36	6.5944e-01	3.4053e-01	3.1789e-05	1.1755e-36	1.1755e-36	1.1755e-36	3.4350e-17	0.00e+00	0.00e+00	1.4979e+01
1.73603e+17	5.0474e+03	4.474e-20	2.1544e+02	8.5537e+01	3.0916e-08	6.1194e-01	3.8806e-01	9.0497e-01	9.5029e-02	1.0559e-06	1.9348e-10	3.1555e-03	9.8732e-01	9.5198e-03	1.1755e-36	6.6685e-01	3.3312e-01	3.0341e-05	1.1755e-36	1.1755e-36	1.1755e-36	3.8357e-17	0.00e+00	0.00e+00	1.5132e+01
1.73783e+17	4.9994e+03	4.352e-20	2.1544e+02	8.3902e+01	3.4361e-08	6.1941e-01	3.8059e-01	9.0613e-01	9.3873e-02	1.0491e-06	2.0446e-10	3.1030e-03	9.8754e-01	9.3581e-03	1.1755e-36	6.7392e-01	3.2605e-01	2.9005e-05	1.1755e-36	1.1755e-36	1.1755e-36	4.2805e-17	0.00e+00	0.00e+00	1.5282e+01
1.73960e+17	4.9490e+03	4.234e-20	2.1544e+02	8.2268e+01	3.8293e-08	6.2672e-01	3.7328e-01	9.0726e-01	9.2742e-02	1.0424e-06	2.1546e-10	3.0512e-03	9.8776e-01	9.1919e-03	1.1755e-36	6.8083e-01	3.1914e-01	2.7751e-05	1.1755e-36	1.1755e-36	1.1755e-36	4.7421e-17	0.00e+00	0.00e+00	1.5432e+01
1.74135e+17	4.8948e+03	4.120e-20	2.1544e+02	8.0678e+01	4.2974e-08	6.3412e-01	3.6588e-01	9.0840e-01	9.1601e-02	1.0349e-06	2.2767e-10	3.0011e-03	9.8797e-01	9.0245e-03	1.1755e-36	6.8778e-01	3.1219e-01	2.6554e-05	1.1755e-36	1.1755e-36	1.1755e-36	5.2918e-17	0.00e+00	0.00e+00	1.5581e+01
1.74300e+17	4.8432e+03	4.014e-20	2.1544e+02	7.9183e+01	4.8006e-08	6.4108e-01	3.5892e-01	9.0944e-01	9.0561e-02	1.0283e-06	2.4006e-10	2.9538e-03	9.8818e-01	8.8692e-03	1.1755e-36	6.9432e-01	3.0565e-01	2.5466e-05	1.1755e-36	1.1755e-36	1.1755e-36	5.8897e-17	0.00e+00	0.00e+00	1.5718e+01
1.74454e+17	4.8002e+03	3.914e-20	2.1544e+02	7.7756e+01	5.2812e-08	6.4726e-01	3.5274e-01	9.1033e-01	8.9674e-02	1.0243e-06	2.5150e-10	2.9080e-03	9.8836e-01	8.7348e-03	1.1755e-36	7.0012e-01	2.9986e-01	2.4503e-05	1.1755e-36	1.1755e-36	1.1755e-36	6.4775e-17	0.00e+00	0.00e+00	1.5851e+01
1.74612e+17	4.7448e+03	3.813e-20	2.1544e+02	7.6288e+01	5.9401e-08	6.5401e-01	3.4599e-01	9.1134e-01	8.8656e-02	1.0175e-06	2.6564e-10	2.8621e-03	9.8855e-01	8.5834e-03	1.1755e-36	7.0641e-01	2.9356e-01	2.3525e-05	1.1755e-36	1.1755e-36	1.1755e-36	7.2597e-17	0.00e+00	0.00e+00	1.5999e+01
1.74770e+17	4.6921e+03	3.716e-20	2.1544e+02	7.4906e+01	6.6624e-08	6.6074e-01	3.3926e-01	9.1234e-01	8.7664e-02	1.0107e-06	2.8094e-10	2.8189e-03	9.8874e-01	8.4362e-03	1.1755e-36	7.1268e-01	2.8730e-01	2.2584e-05	1.1755e-36	1.1755e-36	1.1755e-36	8.1647e-17	0.00e+00	0.00e+00	1.6133e+01
1.74913e+17	4.6507e+03	3.626e-20	2.1544e+02	7.3583e+01	7.3148e-08	6.6638e-01	3.3362e-01	9.1309e-01	8.6911e-02	1.0081e-06	2.9411e-10	2.7761e-03	9.8891e-01	8.3175e-03	1.1755e-36	7.1792e-01	2.8205e-01	2.1786e-05	1.1755e-36	1.1755e-36	1.1755e-36	9.0005e-17	0.00e+00	0.00e+00	1.6258e+01
1.75059e+17	4.6009e+03	3.535e-20	2.1544e+02	7.2238e+01	8.1600e-08	6.7243e-01	3.2757e-01	9.1395e-01	8.6047e-02	1.0033e-06	3.0997e-10	2.7335e-03	9.8908e-01	8.1859e-03	1.1755e-36	7.2352e-01	2.7646e-01	2.0978e-05	1.1755e-36	1.1755e-36	1.1755e-36	1.0080e-16	0.00e+00	0.00e+00	1.6399e+01
1.75211e+17	4.5471e+03	3.445e-20	2.1544e+02	7.0903e+01	9.1892e-08	6.7886e-01	3.2114e-01	9.1488e-01	8.5115e-02	9.9700e-07	3.2863e-10	2.6919e-03	9.8926e-01	8.0473e-03	1.1755e-36	7.2945e-01	2.7053e-01	2.0159e-05	1.1755e-36	1.1755e-36	1.1755e-36	1.1444e-16	0.00e+00	0.00e+00	1.6536e+01
1.75352e+17	4.4998e+03	3.360e-20	2.1544e+02	6.9607e+01	1.0213e-07	6.8448e-01	3.1552e-01	9.1561e-01	8.4389e-02	9.9420e-07	3.4595e-10	2.6506e-03	9.8942e-01	7.9308e-03	1.1755e-36	7.3463e-01	2.6535e-01	1.9451e-05	1.1755e-36	1.1755e-36	1.1755e-36	1.2819e-16	0.00e+00	0.00e+00	1.6660e+01
1.75485e+17	4.4533e+03	3.282e-20	2.1544e+02	6.8415e+01	1.1336e-07	6.8990e-01	3.1010e-01	9.1635e-01	8.3648e-02	9.9029e-07	3.6435e-10	2.6130e-03	9.8957e-01	7.8162e-03	1.1755e-36	7.3962e-01	2.6036e-01	1.8789e-05	1.1755e-36	1.1755e-36	1.1755e-36	1.4379e-16	0.00e+00	0.00e+00	1.6785e+01
1.75618e+17	4.4016e+03	3.206e-20	2.1544e+02	6.7256e+01	1.2723e-07	6.9560e-01	3.0440e-01	9.1718e-01	8.2819e-02	9.8421e-07	3.8609e-10	2.5774e-03	9.8973e-01	7.6940e-03	1.1755e-36	7.4484e-01	2.5514e-01	1.8130e-05	1.1755e-36	1.1755e-36	1.1755e-36	1.6361e-16	0.00e+00	0.00e+00	1.6912e+01
1.75747e+17	4.3505e+03	3.133e-20	2.1544e+02	6.6075e+01	1.4247e-07	7.0083e-01	2.9917e-01	9.1787e-01	8.2127e-02	9.8058e-07	4.0793e-10	2.5408e-03	9.8987e-01	7.5851e-03	1.1755e-36	7.4964e-01	2.5034e-01	1.7538e-05	1.1755e-36	1.1755e-36	1.1755e-36	1.8540e-16	0.00e+00	0.00e+00	1.7029e+01
1.75866e+17	4.3059e+03	3.066e-20	2.1544e+02	6.5047e+01	1.5767e-07	7.0573e-01	2.9427e-01	9.1854e-01	8.1459e-02	9.7646e-07	4.2991e-10	2.5088e-03	9.9001e-01	7.4827e-03	1.1755e-36	7.5412e-01	2.4587e-01	1.6993e-05	1.1755e-36	1.1755e-36	1.1755e-36	2.0868e-16	0.00e+00	0.00e+00	1.7139e+01
1.75983e+17	4.2620e+03	3.001e-20	2.1544e+02	6.4013e+01	1.7430e-07	7.1046e-01	2.8954e-01	9.1918e-01	8.0820e-02	9.7299e-07	4.5289e-10	2.4766e-03	9.9014e-01	7.3839e-03	1.1755e-36	7.5843e-01	2.4155e-01	1.6474e-05	1.1755e-36	1.1755e-36	1.1755e-36	2.3483e-16	0.00e+00	0.00e+00	1.7255e+01
1.76105e+17	4.2128e+03	2.933e-20	2.1544e+02	6.2937e+01	1.9486e-07	7.1547e-01	2.8453e-01	9.1988e-01	8.0121e-02	9.6857e-07	4.7992e-10	2.4437e-03	9.9028e-01	7.2789e-03	1.1755e-36	7.6299e-01	2.3700e-01	1.5945e-05	1.1755e-36	1.1755e-36	1.1755e-36	2.6800e-16	0.00e+00	0.00e+00	1.7376e+01
1.76227e+17	4.1638e+03	2.868e-20	2.1544e+02	6.1886e+01	2.1793e-07	7.2044e-01	2.7956e-01	9.2055e-01	7.9445e-02	9.6427e-07	5.0931e-10	2.4117e-03	9.9041e-01	7.1760e-03	1.1755e-36	7.6750e-01	2.3248e-01	1.5434e-05	1.1755e-36	1.1755e-36	1.1755e-36	3.0691e-16	0.00e+00	0.00e+00	1.7492e+01
1.76342e+17	4.1207e+03	2.806e-20	2.1544e+02	6.0871e+01	2.4065e-07	7.2489e-01	2.7511e-01	9.2111e-01	7.8891e-02	9.6222e-07	5.3725e-10	2.3798e-03	9.9053e-01	7.0862e-03	1.1755e-36	7.7153e-01	2.2845e-01	1.4976e-05	1.1755e-36	1.1755e-36	1.1755e-36	3.4681e-16	0.00e+00	0.00e+00	1.7602e+01
1.76457e+17	4.0717e+03	2.745e-20	2.1544e+02	5.9866e+01	2.6900e-07	7.2957e-01	2.7043e-01	9.2176e-01	7.8243e-02	9.5801e-07	5.7053e-10	2.3497e-03	9.9066e-01	6.9889e-03	1.1755e-36	7.7577e-01	2.2421e-01	1.4517e-05	1.1755e-36	1.1755e-36	1.1755e-36	3.9802e-16	0.00e+00	0.00e+00	1.7720e+01
1.76572e+17	4.0263e+03	2.685e-20	2.1544e+02	5.8884e+01	2.9866e-07	7.3411e-01	2.6589e-01	9.2235e-01	7.7648e-02	9.5480e-07	6.0488e-10	2.3197e-03	9.9078e-01	6.8966e-03	1.1755e-36	7.7987e-01	2.2011e-01	1.4075e-05	1.1755e-36	1.1755e-36	1.1755e-36	4.5480e-16	0.00e+00	0.00e+00	1.7832e+01
1.76685e+17	3.9807e+03	2.627e-20	2.1544e+02	5.7922e+01	3.3150e-07	7.3854e-01	2.6146e-01	9.2294e-01	7.7061e-02	9.5156e-07	6.4155e-10	2.2904e-03	9.9090e-01	6.8063e-03	1.1755e-36	7.8387e-01	2.1612e-01	1.3654e-05	1.1755e-36	1.1755e-36	1.1755e-36	5.2015e-16	0.00e+00	0.00e+00	1.7946e+01
###########################
2.46998e+13	6.8804e+03	1.425e-19	2.1544e+02	2.3050e+02	6.5067e-13	1.2214e-02	9.8779e-01	6.3475e-02	9.3606e-01	4.6225e-04	6.8143e-15	1.9443e-03	5.5492e-01	4.4308e-01	5.3312e-05	1.3386e-02	9.0770e-01	7.8909e-02	5.0097e-06	1.1755e-36	1.1755e-36	4.7271e-23	0.00e+00	0.00e+00	8.2086e-04
1.48199e+14	6.8739e+03	1.423e-19	2.1544e+02	2.3033e+02	6.5260e-13	1.2201e-02	9.8780e-01	6.3478e-02	9.3606e-01	4.6183e-04	6.7939e-15	1.9387e-03	5.5495e-01	4.4305e-01	5.3378e-05	1.3372e-02	9.0766e-01	7.8958e-02	4.9993e-06	1.1755e-36	1.1755e-36	4.7014e-23	0.00e+00	0.00e+00	4.1007e-03
6.42196e+14	6.8628e+03	1.417e-19	2.1544e+02	2.3028e+02	6.5780e-13	1.2196e-02	9.8780e-01	6.3640e-02	9.3590e-01	4.5815e-04	6.7967e-15	1.9389e-03	5.5568e-01	4.4233e-01	5.3078e-05	1.3373e-02	9.0786e-01	7.8765e-02	4.9157e-06	1.1755e-36	1.1755e-36	4.6881e-23	0.00e+00	0.00e+00	1.7215e-02
2.61818e+15	6.8266e+03	1.404e-19	2.1544e+02	2.3024e+02	6.8428e-13	1.2259e-02	9.8774e-01	6.4489e-02	9.3507e-01	4.4012e-04	6.9212e-15	1.9560e-03	5.5926e-01	4.3873e-01	5.1713e-05	1.3472e-02	9.0894e-01	7.7580e-02	4.5491e-06	1.1755e-36	1.1755e-36	4.7450e-23	0.00e+00	0.00e+00	6.9944e-02
6.25400e+15	6.6976e+03	1.358e-19	2.1544e+02	2.3026e+02	7.3238e-13	1.2065e-02	9.8794e-01	6.5266e-02	9.3431e-01	4.2297e-04	6.7273e-15	1.9512e-03	5.6306e-01	4.3494e-01	5.0487e-05	1.3291e-02	9.0958e-01	7.7128e-02	4.1963e-06	1.1755e-36	1.1755e-36	4.4357e-23	0.00e+00	0.00e+00	1.3741e-01
1.09806e+16	6.5732e+03	1.319e-19	2.1544e+02	2.3024e+02	8.0523e-13	1.2035e-02	9.8797e-01	6.6712e-02	9.3290e-01	3.9141e-04	6.7554e-15	1.9714e-03	5.6936e-01	4.2862e-01	4.8222e-05	1.3313e-02	9.1132e-01	7.5368e-02	3.6613e-06	1.1755e-36	1.1755e-36	4.3211e-23	0.00e+00	0.00e+00	2.2489e-01
1.71251e+16	6.4490e+03	1.283e-19	2.1544e+02	2.3017e+02	9.1413e-13	1.2169e-02	9.8783e-01	6.9035e-02	9.3062e-01	3.4671e-04	7.0146e-15	2.0187e-03	5.7876e-01	4.1918e-01	4.4909e-05	1.3540e-02	9.1414e-01	7.2317e-02	2.9919e-06	1.1755e-36	1.1755e-36	4.3848e-23	0.00e+00	0.00e+00	3.3989e-01
2.51130e+16	6.3252e+03	1.253e-19	2.1544e+02	2.3003e+02	1.0810e-12	1.2529e-02	9.8747e-01	7.2677e-02	9.2703e-01	2.9033e-04	7.6132e-15	2.1021e-03	5.9242e-01	4.0544e-01	4.0456e-05	1.4052e-02	9.1824e-01	6.7704e-02	2.2418e-06	1.1755e-36	1.1755e-36	4.6958e-23	0.00e+00	0.00e+00	4.9380e-01
3.54972e+16	6.2053e+03	1.228e-19	2.1544e+02	2.2977e+02	1.3513e-12	1.3243e-02	9.8676e-01	7.8467e-02	9.2131e-01	2.2599e-04	8.8142e-15	2.2405e-03	6.1219e-01	3.8554e-01	3.4794e-05	1.5007e-02	9.2383e-01	6.1162e-02	1.4910e-06	1.1755e-36	1.1755e-36	5.4500e-23	0.00e+00	0.00e+00	7.0530e-01
4.89968e+16	6.0962e+03	1.214e-19	2.1544e+02	2.2934e+02	1.8265e-12	1.4576e-02	9.8542e-01	8.8075e-02	9.1177e-01	1.6009e-04	1.1261e-14	2.4688e-03	6.4093e-01	3.5657e-01	2.7923e-05	1.6739e-02	9.3099e-01	5.2272e-02	8.3722e-07	1.1755e-36	1.1755e-36	7.1688e-23	0.00e+00	0.00e+00	1.0079e+00
6.35557e+16	6.0163e+03	1.212e-19	2.1544e+02	2.2876e+02	2.5452e-12	1.6483e-02	9.8352e-01	1.0120e-01	8.9869e-01	1.0941e-04	1.5276e-14	2.7623e-03	6.7415e-01	3.2306e-01	2.1502e-05	1.9181e-02	9.3778e-01	4.3042e-02	4.3375e-07	1.1755e-36	1.1755e-36	1.0269e-22	0.00e+00	0.00e+00	1.3187e+00
7.60738e+16	6.0027e+03	1.221e-19	2.1544e+02	2.2785e+02	3.4013e-12	1.8816e-02	9.8118e-01	1.1640e-01	8.8352e-01	7.8137e-05	2.1099e-14	3.0760e-03	7.0590e-01	2.9101e-01	1.6534e-05	2.2134e-02	9.4275e-01	3.5115e-02	2.3225e-07	1.1755e-36	1.1755e-36	1.5317e-22	0.00e+00	0.00e+00	1.6049e+00
8.65906e+16	6.0059e+03	1.242e-19	2.1544e+02	2.2692e+02	4.5324e-12	2.1609e-02	9.7839e-01	1.3404e-01	8.6590e-01	5.8370e-05	2.9532e-14	3.4036e-03	7.3601e-01	2.6057e-01	1.2640e-05	2.5644e-02	9.4588e-01	2.8472e-02	1.2871e-07	1.1755e-36	1.1755e-36	2.3434e-22	0.00e+00	0.00e+00	1.8946e+00
9.60823e+16	6.0346e+03	1.266e-19	2.1544e+02	2.2596e+02	5.9965e-12	2.5012e-02	9.7499e-01	1.5516e-01	8.4480e-01	4.4665e-05	4.2116e-14	3.7489e-03	7.6527e-01	2.3097e-01	9.4875e-06	2.9902e-02	9.4738e-01	2.2723e-02	1.1755e-36	1.1755e-36	1.1755e-36	3.7004e-22	0.00e+00	0.00e+00	2.2052e+00
1.04809e+17	6.0886e+03	1.290e-19	2.1544e+02	2.2444e+02	7.8616e-12	2.9134e-02	9.7087e-01	1.8034e-01	8.1963e-01	3.4595e-05	6.0870e-14	4.0990e-03	7.9326e-01	2.0263e-01	6.9787e-06	3.5043e-02	9.4714e-01	1.7822e-02	1.1755e-36	1.1755e-36	1.1755e-36	5.9738e-22	0.00e+00	0.00e+00	2.5352e+00
1.12710e+17	6.1383e+03	1.318e-19	2.1544e+02	2.2284e+02	1.0550e-11	3.4230e-02	9.6577e-01	2.1074e-01	7.8924e-01	2.7214e-05	8.9875e-14	4.4535e-03	8.1998e-01	1.7556e-01	5.0020e-06	4.1374e-02	9.4489e-01	1.3734e-02	1.1755e-36	1.1755e-36	1.1755e-36	9.9305e-22	0.00e+00	0.00e+00	2.8833e+00
1.19663e+17	6.2006e+03	1.345e-19	2.1544e+02	2.2113e+02	1.4059e-11	4.0275e-02	9.5973e-01	2.4571e-01	7.5427e-01	2.1815e-05	1.3341e-13	4.7894e-03	8.4411e-01	1.5109e-01	3.5376e-06	4.8854e-02	9.4066e-01	1.0482e-02	1.1755e-36	1.1755e-36	1.1755e-36	1.6665e-21	0.00e+00	0.00e+00	3.2357e+00
1.25638e+17	6.2663e+03	1.369e-19	2.1544e+02	2.1936e+02	1.8585e-11	4.7230e-02	9.5277e-01	2.8433e-01	7.1565e-01	1.7801e-05	1.9704e-13	5.0925e-03	8.6515e-01	1.2976e-01	2.4929e-06	5.7424e-02	9.3459e-01	7.9904e-03	1.1755e-36	1.1755e-36	1.1755e-36	2.7789e-21	0.00e+00	0.00e+00	3.5903e+00
1.30821e+17	6.3194e+03	1.389e-19	2.1544e+02	2.1711e+02	2.4704e-11	5.5186e-02	9.4481e-01	3.2624e-01	6.7375e-01	1.4671e-05	2.8893e-13	5.3523e-03	8.8326e-01	1.1139e-01	1.7547e-06	6.7187e-02	9.2672e-01	6.0931e-03	1.1755e-36	1.1755e-36	1.1755e-36	4.5724e-21	0.00e+00	0.00e+00	3.9541e+00
1.35433e+17	6.3773e+03	1.399e-19	2.1544e+02	2.1390e+02	3.2457e-11	6.4170e-02	9.3583e-01	3.7082e-01	6.2917e-01	1.2159e-05	4.1907e-13	5.5536e-03	8.9874e-01	9.5703e-02	1.2359e-06	7.8162e-02	9.1720e-01	4.6408e-03	1.1755e-36	1.1755e-36	1.1755e-36	7.3861e-21	0.00e+00	0.00e+00	4.3363e+00
1.39672e+17	6.4265e+03	1.405e-19	2.1544e+02	2.1067e+02	4.3486e-11	7.4976e-02	9.2502e-01	4.1990e-01	5.8009e-01	1.0038e-05	6.1880e-13	5.7314e-03	9.1265e-01	8.1621e-02	8.5494e-07	9.1294e-02	9.0522e-01	3.4894e-03	1.1755e-36	1.1755e-36	1.1755e-36	1.2181e-20	0.00e+00	0.00e+00	4.7547e+00
1.43576e+17	6.4720e+03	1.403e-19	2.1544e+02	2.0668e+02	5.8876e-11	8.7792e-02	9.1221e-01	4.7201e-01	5.2798e-01	8.2539e-06	9.2153e-13	5.8626e-03	9.2477e-01	6.9365e-02	5.8493e-07	1.0678e-01	8.9063e-01	2.5969e-03	1.1755e-36	1.1755e-36	1.1755e-36	2.0234e-20	0.00e+00	0.00e+00	5.1972e+00
1.47090e+17	6.5081e+03	1.394e-19	2.1544e+02	2.0224e+02	8.0460e-11	1.0274e-01	8.9726e-01	5.2502e-01	4.7497e-01	6.7644e-06	1.3764e-12	5.9464e-03	9.3508e-01	5.8974e-02	3.9919e-07	1.2471e-01	8.7336e-01	1.9248e-03	1.1755e-36	1.1755e-36	1.1755e-36	3.3655e-20	0.00e+00	0.00e+00	5.6617e+00
1.50259e+17	6.5319e+03	1.376e-19	2.1544e+02	1.9752e+02	1.1132e-10	1.2022e-01	8.7978e-01	5.7717e-01	4.2282e-01	5.5646e-06	2.0634e-12	5.9905e-03	9.4382e-01	5.0192e-02	2.7207e-07	1.4551e-01	8.5307e-01	1.4215e-03	1.1755e-36	1.1755e-36	1.1755e-36	5.6246e-20	0.00e+00	0.00e+00	6.1548e+00
1.53150e+17	6.5431e+03	1.349e-19	2.1544e+02	1.9220e+02	1.5603e-10	1.4064e-01	8.5936e-01	6.2722e-01	3.7278e-01	4.5795e-06	3.0990e-12	5.9892e-03	9.5121e-01	4.2799e-02	1.8541e-07	1.6959e-01	8.2937e-01	1.0450e-03	1.1755e-36	1.1755e-36	1.1755e-36	9.4348e-20	0.00e+00	0.00e+00	6.6840e+00
1.55818e+17	6.5402e+03	1.310e-19	2.1544e+02	1.8616e+02	2.2242e-10	1.6462e-01	8.3538e-01	6.7431e-01	3.2569e-01	3.7684e-06	4.6702e-12	5.9409e-03	9.5751e-01	3.6547e-02	1.2618e-07	1.9757e-01	8.0166e-01	7.6304e-04	1.1755e-36	1.1755e-36	1.1755e-36	1.5951e-19	0.00e+00	0.00e+00	7.2594e+00
1.58299e+17	6.5295e+03	1.257e-19	2.1544e+02	1.7926e+02	3.2076e-10	1.9271e-01	8.0729e-01	7.1737e-01	2.8262e-01	3.1122e-06	7.0467e-12	5.8416e-03	9.6288e-01	3.1274e-02	1.1755e-36	2.2995e-01	7.6950e-01	5.5270e-04	1.1755e-36	1.1755e-36	1.1755e-36	2.7198e-19	0.00e+00	0.00e+00	7.8871e+00
1.60613e+17	6.4767e+03	1.194e-19	2.1544e+02	1.7147e+02	4.8446e-10	2.2614e-01	7.7386e-01	7.5640e-01	2.4360e-01	2.5720e-06	1.0716e-11	5.6979e-03	9.6755e-01	2.6747e-02	1.1755e-36	2.6792e-01	7.3168e-01	3.9660e-04	1.1755e-36	1.1755e-36	1.1755e-36	4.7189e-19	0.00e+00	0.00e+00	8.5738e+00
1.62711e+17	6.4118e+03	1.117e-19	2.1544e+02	1.6275e+02	7.3527e-10	2.6373e-01	7.3627e-01	7.8918e-01	2.1081e-01	2.1632e-06	1.6046e-11	5.5014e-03	9.7144e-01	2.3057e-02	1.1755e-36	3.0993e-01	6.8978e-01	2.8518e-04	1.1755e-36	1.1755e-36	1.1755e-36	8.1172e-19	0.00e+00	0.00e+00	9.2787e+00
1.64428e+17	6.3324e+03	1.039e-19	2.1544e+02	1.5415e+02	1.0854e-09	3.0123e-01	6.9877e-01	8.1346e-01	1.8654e-01	1.8873e-06	2.2763e-11	5.2840e-03	9.7438e-01	2.0337e-02	1.1755e-36	3.5110e-01	6.4868e-01	2.1282e-04	1.1755e-36	1.1755e-36	1.1755e-36	1.3139e-18	0.00e+00	0.00e+00	9.8804e+00
1.65688e+17	6.2537e+03	9.730e-20	2.1544e+02	1.4695e+02	1.4940e-09	3.3324e-01	6.6676e-01	8.2990e-01	1.7010e-01	1.7119e-06	2.9781e-11	5.0895e-03	9.7643e-01	1.8485e-02	1.1755e-36	3.8570e-01	6.1413e-01	1.6914e-04	1.1755e-36	1.1755e-36	1.1755e-36	1.9173e-18	0.00e+00	0.00e+00	1.0358e+01
1.66644e+17	6.1794e+03	9.178e-20	2.1544e+02	1.4098e+02	1.9426e-09	3.5999e-01	6.4001e-01	8.4154e-01	1.5846e-01	1.5936e-06	3.6679e-11	4.9218e-03	9.7793e-01	1.7145e-02	1.1755e-36	4.1423e-01	5.8563e-01	1.4087e-04	1.1755e-36	1.1755e-36	1.1755e-36	2.5816e-18	0.00e+00	0.00e+00	1.0778e+01
1.67479e+17	6.1023e+03	8.663e-20	2.1544e+02	1.3539e+02	2.4828e-09	3.8506e-01	6.1494e-01	8.5134e-01	1.4866e-01	1.4969e-06	4.4123e-11	4.7606e-03	9.7923e-01	1.6014e-02	1.1755e-36	4.4065e-01	5.5923e-01	1.1932e-04	1.1755e-36	1.1755e-36	1.1755e-36	3.3712e-18	0.00e+00	0.00e+00	1.1203e+01
1.68278e+17	6.0167e+03	8.145e-20	2.1544e+02	1.2971e+02	3.1909e-09	4.1062e-01	5.8938e-01	8.6022e-01	1.3978e-01	1.4123e-06	5.2794e-11	4.5931e-03	9.8043e-01	1.4979e-02	1.1755e-36	4.6728e-01	5.3262e-01	1.0127e-04	1.1755e-36	1.1755e-36	1.1755e-36	4.3857e-18	0.00e+00	0.00e+00	1.1642e+01
1.69030e+17	5.9246e+03	7.638e-20	2.1544e+02	1.2406e+02	4.1086e-09	4.3613e-01	5.6387e-01	8.6796e-01	1.3203e-01	1.3422e-06	6.2663e-11	4.4231e-03	9.8152e-01	1.4056e-02	1.1755e-36	4.9356e-01	5.0636e-01	8.6385e-05	1.1755e-36	1.1755e-36	1.1755e-36	5.6668e-18	0.00e+00	0.00e+00	1.2068e+01
1.69704e+17	5.8312e+03	7.169e-20	2.1544e+02	1.1875e+02	5.2350e-09	4.6017e-01	5.3983e-01	8.7446e-01	1.2554e-01	1.2861e-06	7.3242e-11	4.2609e-03	9.8247e-01	1.3267e-02	1.1755e-36	5.1804e-01	4.8188e-01	7.4627e-05	1.1755e-36	1.1755e-36	1.1755e-36	7.1915e-18	0.00e+00	0.00e+00	1.2463e+01
1.70301e+17	5.7388e+03	6.746e-20	2.1544e+02	1.1387e+02	6.5807e-09	4.8230e-01	5.1770e-01	8.7990e-01	1.2009e-01	1.2410e-06	8.4277e-11	4.1102e-03	9.8330e-01	1.2593e-02	1.1755e-36	5.4036e-01	4.5957e-01	6.5347e-05	1.1755e-36	1.1755e-36	1.1755e-36	8.9525e-18	0.00e+00	0.00e+00	1.2832e+01
1.70846e+17	5.6458e+03	6.356e-20	2.1544e+02	1.0928e+02	8.2144e-09	5.0312e-01	4.9688e-01	8.8466e-01	1.1534e-01	1.2029e-06	9.5995e-11	3.9670e-03	9.8404e-01	1.1997e-02	1.1755e-36	5.6116e-01	4.3878e-01	5.7732e-05	1.1755e-36	1.1755e-36	1.1755e-36	1.1022e-17	0.00e+00	0.00e+00	1.3193e+01
1.71360e+17	5.5502e+03	5.986e-20	2.1544e+02	1.0485e+02	1.0251e-08	5.2323e-01	4.7677e-01	8.8893e-01	1.1107e-01	1.1701e-06	1.0878e-10	3.8277e-03	9.8472e-01	1.1452e-02	1.1755e-36	5.8107e-01	4.1888e-01	5.1254e-05	1.1755e-36	1.1755e-36	1.1755e-36	1.3530e-17	0.00e+00	0.00e+00	1.3550e+01
1.71737e+17	5.4771e+03	5.723e-20	2.1544e+02	1.0161e+02	1.2125e-08	5.3818e-01	4.6182e-01	8.9157e-01	1.0843e-01	1.1525e-06	1.1931e-10	3.7247e-03	9.8517e-01	1.1103e-02	1.1755e-36	5.9576e-01	4.0420e-01	4.7050e-05	1.1755e-36	1.1755e-36	1.1755e-36	1.5829e-17	0.00e+00	0.00e+00	1.3734e+01
1.71945e+17	5.4325e+03	5.579e-20	2.1544e+02	9.9813e+01	1.3389e-08	5.4662e-01	4.5338e-01	8.9311e-01	1.0689e-01	1.1413e-06	1.2582e-10	3.6681e-03	9.8543e-01	1.0902e-02	1.1755e-36	6.0400e-01	3.9595e-01	4.4824e-05	1.1755e-36	1.1755e-36	1.1755e-36	1.7351e-17	0.00e+00	0.00e+00	1.3856e+01
1.72113e+17	5.3954e+03	5.458e-20	2.1544e+02	9.8310e+01	1.4533e-08	5.5346e-01	4.4654e-01	8.9443e-01	1.0557e-01	1.1316e-06	1.3139e-10	3.6203e-03	9.8565e-01	1.0731e-02	1.1755e-36	6.1067e-01	3.8929e-01	4.3049e-05	1.1755e-36	1.1755e-36	1.1755e-36	1.8707e-17	0.00e+00	0.00e+00	1.3986e+01
1.72309e+17	5.3519e+03	5.317e-20	2.1544e+02	9.6578e+01	1.6018e-08	5.6157e-01	4.3843e-01	8.9603e-01	1.0397e-01	1.1193e-06	1.3844e-10	3.5652e-03	9.8591e-01	1.0525e-02	1.1755e-36	6.1854e-01	3.8142e-01	4.1018e-05	1.1755e-36	1.1755e-36	1.1755e-36	2.0504e-17	0.00e+00	0.00e+00	1.4154e+01
1.72537e+17	5.2996e+03	5.153e-20	2.1544e+02	9.4461e+01	1.7964e-08	5.7075e-01	4.2925e-01	8.9769e-01	1.0231e-01	1.1086e-06	1.4677e-10	3.4971e-03	9.8620e-01	1.0305e-02	1.1755e-36	6.2742e-01	3.7254e-01	3.8831e-05	1.1755e-36	1.1755e-36	1.1755e-36	2.2767e-17	0.00e+00	0.00e+00	1.4338e+01
1.72765e+17	5.2460e+03	4.994e-20	2.1544e+02	9.2419e+01	2.0213e-08	5.8010e-01	4.1990e-01	8.9931e-01	1.0069e-01	1.0977e-06	1.5603e-10	3.4316e-03	9.8648e-01	1.0090e-02	1.1755e-36	6.3643e-01	3.6354e-01	3.6745e-05	1.1755e-36	1.1755e-36	1.1755e-36	2.5462e-17	0.00e+00	0.00e+00	1.4511e+01
1.72973e+17	5.1883e+03	4.853e-20	2.1544e+02	9.0613e+01	2.2832e-08	5.8908e-01	4.1092e-01	9.0087e-01	9.9134e-02	1.0853e-06	1.6602e-10	3.3746e-03	9.8674e-01	9.8835e-03	1.1755e-36	6.4506e-01	3.5491e-01	3.4891e-05	1.1755e-36	1.1755e-36	1.1755e-36	2.8594e-17	0.00e+00	0.00e+00	1.4668e+01
1.73157e+17	5.1473e+03	4.725e-20	2.1544e+02	8.8938e+01	2.5067e-08	5.9645e-01	4.0355e-01	9.0205e-01	9.7951e-02	1.0789e-06	1.7440e-10	3.3202e-03	9.8696e-01	9.7236e-03	1.1755e-36	6.5210e-01	3.4786e-01	3.3375e-05	1.1755e-36	1.1755e-36	1.1755e-36	3.1383e-17	0.00e+00	0.00e+00	1.4807e+01
1.73339e+17	5.0949e+03	4.600e-20	2.1544e+02	8.7256e+01	2.7994e-08	6.0415e-01	3.9585e-01	9.0334e-01	9.6656e-02	1.0699e-06	1.8421e-10	3.2665e-03	9.8718e-01	9.5498e-03	1.1755e-36	6.5945e-01	3.4052e-01	3.1889e-05	1.1755e-36	1.1755e-36	1.1755e-36	3.4886e-17	0.00e+00	0.00e+00	1.4965e+01
1.73527e+17	5.0445e+03	4.472e-20	2.1544e+02	8.5541e+01	3.1238e-08	6.1196e-01	3.8804e-01	9.0460e-01	9.5403e-02	1.0620e-06	1.9487e-10	3.2112e-03	9.8741e-01	9.3815e-03	1.1755e-36	6.6687e-01	3.3310e-01	3.0436e-05	1.1755e-36	1.1755e-36	1.1755e-36	3.8953e-17	0.00e+00	0.00e+00	1.5119e+01
1.73708e+17	4.9965e+03	4.351e-20	2.1544e+02	8.3905e+01	3.4719e-08	6.1943e-01	3.8057e-01	9.0576e-01	9.4244e-02	1.0551e-06	2.0589e-10	3.1582e-03	9.8762e-01	9.2223e-03	1.1755e-36	6.7394e-01	3.2603e-01	2.9096e-05	1.1755e-36	1.1755e-36	1.1755e-36	4.3444e-17	0.00e+00	0.00e+00	1.5268e+01
1.73885e+17	4.9458e+03	4.233e-20	2.1544e+02	8.2264e+01	3.8710e-08	6.2675e-01	3.7325e-01	9.0690e-01	9.3099e-02	1.0483e-06	2.1696e-10	3.1055e-03	9.8784e-01	9.0593e-03	1.1755e-36	6.8085e-01	3.1912e-01	2.7840e-05	1.1755e-36	1.1755e-36	1.1755e-36	4.8136e-17	0.00e+00	0.00e+00	1.5418e+01
1.74059e+17	4.8894e+03	4.120e-20	2.1544e+02	8.0708e+01	4.3607e-08	6.3430e-01	3.6570e-01	9.0808e-01	9.1915e-02	1.0396e-06	2.2969e-10	3.0561e-03	9.8805e-01	8.8895e-03	1.1755e-36	6.8796e-01	3.1201e-01	2.6624e-05	1.1755e-36	1.1755e-36	1.1755e-36	5.3918e-17	0.00e+00	0.00e+00	1.5566e+01
1.74221e+17	4.8480e+03	4.013e-20	2.1544e+02	7.9194e+01	4.7868e-08	6.4066e-01	3.5934e-01	9.0896e-01	9.1034e-02	1.0366e-06	2.4047e-10	3.0063e-03	9.8824e-01	8.7564e-03	1.1755e-36	6.9393e-01	3.0605e-01	2.5589e-05	1.1755e-36	1.1755e-36	1.1755e-36	5.9140e-17	0.00e+00	0.00e+00	1.5699e+01
1.74383e+17	4.7955e+03	3.908e-20	2.1544e+02	7.7695e+01	5.3564e-08	6.4748e-01	3.5252e-01	9.1001e-01	8.9989e-02	1.0300e-06	2.5360e-10	2.9582e-03	9.8844e-01	8.6048e-03	1.1755e-36	7.0032e-01	2.9966e-01	2.4546e-05	1.1755e-36	1.1755e-36	1.1755e-36	6.5944e-17	0.00e+00	0.00e+00	1.5850e+01
1.74549e+17	4.7438e+03	3.803e-20	2.1544e+02	7.6181e+01	5.9969e-08	6.5437e-01	3.4563e-01	9.1101e-01	8.8992e-02	1.0244e-06	2.6779e-10	2.9094e-03	9.8863e-01	8.4578e-03	1.1755e-36	7.0674e-01	2.9323e-01	2.3532e-05	1.1755e-36	1.1755e-36	1.1755e-36	7.3838e-17	0.00e+00	0.00e+00	1.5994e+01
1.74705e+17	4.6933e+03	3.705e-20	2.1544e+02	7.4765e+01	6.6959e-08	6.6085e-01	3.3915e-01	9.1193e-01	8.8067e-02	1.0192e-06	2.8238e-10	2.8639e-03	9.8882e-01	8.3201e-03	1.1755e-36	7.1278e-01	2.8720e-01	2.2612e-05	1.1755e-36	1.1755e-36	1.1755e-36	8.2565e-17	0.00e+00	0.00e+00	1.6129e+01
1.74853e+17	4.6436e+03	3.614e-20	2.1544e+02	7.3426e+01	7.4633e-08	6.6701e-01	3.3299e-01	9.1281e-01	8.7186e-02	1.0140e-06	2.9750e-10	2.8210e-03	9.8899e-01	8.1896e-03	1.1755e-36	7.1850e-01	2.8148e-01	2.1770e-05	1.1755e-36	1.1755e-36	1.1755e-36	9.2281e-17	0.00e+00	0.00e+00	1.6260e+01
1.74995e+17	4.5897e+03	3.528e-20	2.1544e+02	7.2131e+01	8.3820e-08	6.7312e-01	3.2688e-01	9.1371e-01	8.6293e-02	1.0078e-06	3.1423e-10	2.7803e-03	9.8916e-01	8.0590e-03	1.1755e-36	7.2416e-01	2.7582e-01	2.0975e-05	1.1755e-36	1.1755e-36	1.1755e-36	1.0390e-16	0.00e+00	0.00e+00	1.6389e+01
1.75130e+17	4.5431e+03	3.448e-20	2.1544e+02	7.0941e+01	9.2951e-08	6.7874e-01	3.2126e-01	9.1449e-01	8.5504e-02	1.0030e-06	3.3065e-10	2.7423e-03	9.8932e-01	7.9415e-03	1.1755e-36	7.2936e-01	2.7062e-01	2.0254e-05	1.1755e-36	1.1755e-36	1.1755e-36	1.1607e-16	0.00e+00	0.00e+00	1.6508e+01
1.75259e+17	4.4976e+03	3.371e-20	2.1544e+02	6.9770e+01	1.0286e-07	6.8408e-01	3.1592e-01	9.1524e-01	8.4758e-02	9.9884e-07	3.4748e-10	2.7049e-03	9.8947e-01	7.8297e-03	1.1755e-36	7.3428e-01	2.6570e-01	1.9582e-05	1.1755e-36	1.1755e-36	1.1755e-36	1.2947e-16	0.00e+00	0.00e+00	1.6629e+01
1.75392e+17	4.4517e+03	3.292e-20	2.1544e+02	6.8571e+01	1.1405e-07	6.8950e-01	3.1050e-01	9.1600e-01	8.4002e-02	9.9487e-07	3.6585e-10	2.6665e-03	9.8962e-01	7.7173e-03	1.1755e-36	7.3926e-01	2.6072e-01	1.8915e-05	1.1755e-36	1.1755e-36	1.1755e-36	1.4511e-16	0.00e+00	0.00e+00	1.6756e+01
1.75529e+17	4.4043e+03	3.211e-20	2.1544e+02	6.7325e+01	1.2696e-07	6.9497e-01	3.0503e-01	9.1673e-01	8.3274e-02	9.9171e-07	3.8595e-10	2.6263e-03	9.8977e-01	7.6052e-03	1.1755e-36	7.4428e-01	2.5570e-01	1.8257e-05	1.1755e-36	1.1755e-36	1.1755e-36	1.6355e-16	0.00e+00	0.00e+00	1.6887e+01
1.75666e+17	4.3531e+03	3.134e-20	2.1544e+02	6.6146e+01	1.4257e-07	7.0072e-01	2.9928e-01	9.1754e-01	8.2456e-02	9.8614e-07	4.0967e-10	2.5893e-03	9.8992e-01	7.4858e-03	1.1755e-36	7.4954e-01	2.5044e-01	1.7600e-05	1.1755e-36	1.1755e-36	1.1755e-36	1.8689e-16	0.00e+00	0.00e+00	1.7016e+01
1.75796e+17	4.3045e+03	3.060e-20	2.1544e+02	6.4992e+01	1.5918e-07	7.0598e-01	2.9402e-01	9.1824e-01	8.1759e-02	9.8251e-07	4.3334e-10	2.5527e-03	9.9007e-01	7.3796e-03	1.1755e-36	7.5434e-01	2.4564e-01	1.7012e-05	1.1755e-36	1.1755e-36	1.1755e-36	2.1223e-16	0.00e+00	0.00e+00	1.7135e+01
1.75917e+17	4.2544e+03	2.993e-20	2.1544e+02	6.3881e+01	1.7801e-07	7.1092e-01	2.8908e-01	9.1889e-01	8.1105e-02	9.7901e-07	4.5822e-10	2.5180e-03	9.9020e-01	7.2794e-03	1.1755e-36	7.5885e-01	2.4113e-01	1.6480e-05	1.1755e-36	1.1755e-36	1.1755e-36	2.4121e-16	0.00e+00	0.00e+00	1.7250e+01
1.76033e+17	4.2095e+03	2.930e-20	2.1544e+02	6.2893e+01	1.9728e-07	7.1566e-01	2.8434e-01	9.1955e-01	8.0454e-02	9.7482e-07	4.8392e-10	2.4871e-03	9.9033e-01	7.1826e-03	1.1755e-36	7.6318e-01	2.3680e-01	1.5975e-05	1.1755e-36	1.1755e-36	1.1755e-36	2.7300e-16	0.00e+00	0.00e+00	1.7360e+01
1.76147e+17	4.1657e+03	2.868e-20	2.1544e+02	6.1895e+01	2.1818e-07	7.2022e-01	2.7978e-01	9.2015e-01	7.9846e-02	9.7161e-07	5.1059e-10	2.4557e-03	9.9045e-01	7.0905e-03	1.1755e-36	7.6732e-01	2.3267e-01	1.5498e-05	1.1755e-36	1.1755e-36	1.1755e-36	3.0853e-16	0.00e+00	0.00e+00	1.7473e+01
1.76264e+17	4.1141e+03	2.805e-20	2.1544e+02	6.0857e+01	2.4511e-07	7.2510e-01	2.7490e-01	9.2084e-01	7.9159e-02	9.6682e-07	5.4299e-10	2.4241e-03	9.9058e-01	6.9909e-03	1.1755e-36	7.7173e-01	2.2825e-01	1.5014e-05	1.1755e-36	1.1755e-36	1.1755e-36	3.5530e-16	0.00e+00	0.00e+00	1.7591e+01
1.76379e+17	4.0723e+03	2.745e-20	2.1544e+02	5.9862e+01	2.7013e-07	7.2950e-01	2.7050e-01	9.2138e-01	7.8618e-02	9.6497e-07	5.7306e-10	2.3924e-03	9.9070e-01	6.9053e-03	1.1755e-36	7.7572e-01	2.2427e-01	1.4568e-05	1.1755e-36	1.1755e-36	1.1755e-36	4.0180e-16	0.00e+00	0.00e+00	1.7700e+01
1.76493e+17	4.0268e+03	2.685e-20	2.1544e+02	5.8883e+01	2.9994e-07	7.3405e-01	2.6595e-01	9.2199e-01	7.8009e-02	9.6157e-07	6.0758e-10	2.3621e-03	9.9082e-01	6.8144e-03	1.1755e-36	7.7981e-01	2.2017e-01	1.4125e-05	1.1755e-36	1.1755e-36	1.1755e-36	4.5913e-16	0.00e+00	0.00e+00	1.7817e+01
1.76611e+17	3.9815e+03	2.623e-20	2.1544e+02	5.7829e+01	3.3287e-07	7.3854e-01	2.6146e-01	9.2253e-01	7.7472e-02	9.6027e-07	6.4416e-10	2.3287e-03	9.9094e-01	6.7283e-03	1.1755e-36	7.8387e-01	2.1612e-01	1.3689e-05	1.1755e-36	1.1755e-36	1.1755e-36	5.2488e-16	0.00e+00	0.00e+00	1.7937e+01
###########################
2.46998e+13	6.8804e+03	1.425e-19	2.1544e+02	2.3050e+02	6.5067e-13	1.2214e-02	9.8779e-01	6.3475e-02	9.3606e-01	4.6225e-04	6.8142e-15	1.9443e-03	5.5492e-01	4.4308e-01	5.3312e-05	1.3386e-02	9.0770e-01	7.8909e-02	5.0097e-06	1.1755e-36	1.1755e-36	4.7270e-23	0.00e+00	0.00e+00	8.2086e-04
1.48199e+14	6.8739e+03	1.423e-19	2.1544e+02	2.3033e+02	6.5259e-13	1.2201e-02	9.8780e-01	6.3478e-02	9.3606e-01	4.6183e-04	6.7938e-15	1.9387e-03	5.5495e-01	4.4305e-01	5.3378e-05	1.3372e-02	9.0766e-01	7.8958e-02	4.9993e-06	1.1755e-36	1.1755e-36	4.7013e-23	0.00e+00	0.00e+00	4.1007e-03
6.42196e+14	6.8628e+03	1.417e-19	2.1544e+02	2.3028e+02	6.5780e-13	1.2196e-02	9.8780e-01	6.3640e-02	9.3590e-01	4.5815e-04	6.7967e-15	1.9389e-03	5.5568e-01	4.4233e-01	5.3078e-05	1.3373e-02	9.0786e-01	7.8765e-02	4.9157e-06	1.1755e-36	1.1755e-36	4.6881e-23	0.00e+00	0.00e+00	1.7215e-02
2.61818e+15	6.8266e+03	1.404e-19	2.1544e+02	2.3024e+02	6.8428e-13	1.2259e-02	9.8774e-01	6.4489e-02	9.3507e-01	4.4012e-04	6.9211e-15	1.9560e-03	5.5926e-01	4.3873e-01	5.1713e-05	1.3472e-02	9.0894e-01	7.7580e-02	4.5491e-06	1.1755e-36	1.1755e-36	4.7449e-23	0.00e+00	0.00e+00	6.9944e-02
6.25400e+15	6.6976e+03	1.358e-19	2.1544e+02	2.3026e+02	7.3238e-13	1.2065e-02	9.8794e-01	6.5266e-02	9.3431e-01	4.2297e-04	6.7273e-15	1.9512e-03	5.6306e-01	4.3494e-01	5.0487e-05	1.3291e-02	9.0958e-01	7.7128e-02	4.1963e-06	1.1755e-36	1.1755e-36	4.4356e-23	0.00e+00	0.00e+00	1.3741e-01
1.09806e+16	6.5732e+03	1.319e-19	2.1544e+02	2.3024e+02	8.0522e-13	1.2035e-02	9.8797e-01	6.6712e-02	9.3290e-01	3.9141e-04	6.7554e-15	1.9714e-03	5.6936e-01	4.2862e-01	4.8222e-05	1.3313e-02	9.1132e-01	7.5368e-02	3.6613e-06	1.1755e-36	1.1755e-36	4.3210e-23	0.00e+00	0.00e+00	2.2489e-01
1.71251e+16	6.4490e+03	1.283e-19	2.1544e+02	2.3017e+02	9.1412e-13	1.2169e-02	9.8783e-01	6.9035e-02	9.3062e-01	3.4671e-04	7.0145e-15	2.0187e-03	5.7876e-01	4.1918e-01	4.4909e-05	1.3540e-02	9.1414e-01	7.2317e-02	2.9919e-06	1.1755e-36	1.1755e-36	4.3848e-23	0.00e+00	0.00e+00	3.3989e-01
2.51130e+16	6.3252e+03	1.253e-19	2.1544e+02	2.3003e+02	1.0810e-12	1.2529e-02	9.8747e-01	7.2677e-02	9.2703e-01	2.9033e-04	7.6132e-15	2.1021e-03	5.9242e-01	4.0544e-01	4.0456e-05	1.4052e-02	9.1824e-01	6.7704e-02	2.2418e-06	1.1755e-36	1.1755e-36	4.6958e-23	0.00e+00	0.00e+00	4.9380e-01
3.54972e+16	6.2053e+03	1.228e-19	2.1544e+02	2.2977e+02	1.3512e-12	1.3243e-02	9.8676e-01	7.8467e-02	9.2131e-01	2.2599e-04	8.8141e-15	2.2405e-03	6.1219e-01	3.8554e-01	3.4794e-05	1.5007e-02	9.2383e-01	6.1162e-02	1.4910e-06	1.1755e-36	1.1755e-36	5.4499e-23	0.00e+00	0.00e+00	7.0530e-01
4.89968e+16	6.0962e+03	1.214e-19	2.1544e+02	2.2934e+02	1.8265e-12	1.4576e-02	9.8542e-01	8.8075e-02	9.1177e-01	1.6009e-04	1.1261e-14	2.4688e-03	6.4093e-01	3.5657e-01	2.7923e-05	1.6739e-02	9.3099e-01	5.2272e-02	8.3722e-07	1.1755e-36	1.1755e-36	7.1687e-23	0.00e+00	0.00e+00	1.0079e+00
6.35557e+16	6.0163e+03	1.212e-19	2.1544e+02	2.2876e+02	2.5452e-12	1.6483e-02	9.8352e-01	1.0120e-01	8.9869e-01	1.0941e-04	1.5276e-14	2.7623e-03	6.7415e-01	3.2306e-01	2.1502e-05	1.9181e-02	9.3778e-01	4.3042e-02	4.3375e-07	1.1755e-36	1.1755e-36	1.0269e-22	0.00e+00	0.00e+00	1.3187e+00
7.60738e+16	6.0027e+03	1.221e-19	2.1544e+02	2.2785e+02	3.4012e-12	1.8816e-02	9.8118e-01	1.1640e-01	8.8352e-01	7.8137e-05	2.1099e-14	3.0760e-03	7.0590e-01	2.9101e-01	1.6534e-05	2.2134e-02	9.4275e-01	3.5115e-02	2.3225e-07	1.1755e-36	1.1755e-36	1.5317e-22	0.00e+00	0.00e+00	1.6049e+00
8.65906e+16	6.0059e+03	1.242e-19	2.1544e+02	2.2692e+02	4.5324e-12	2.1609e-02	9.7839e-01	1.3404e-01	8.6590e-01	5.8370e-05	2.9532e-14	3.4036e-03	7.3601e-01	2.6057e-01	1.2640e-05	2.5644e-02	9.4588e-01	2.8472e-02	1.2871e-07	1.1755e-36	1.1755e-36	2.3434e-22	0.00e+00	0.00e+00	1.8946e+00
9.60823e+16	6.0346e+03	1.266e-19	2.1544e+02	2.2596e+02	5.9964e-12	2.5012e-02	9.7499e-01	1.5516e-01	8.4480e-01	4.4665e-05	4.2115e-14	3.7489e-03	7.6527e-01	2.3097e-01	9.4875e-06	2.9902e-02	9.4738e-01	2.2723e-02	1.1755e-36	1.1755e-36	1.1755e-36	3.7003e-22	0.00e+00	0.00e+00	2.2052e+00
1.04809e+17	6.0886e+03	1.290e-19	2.1544e+02	2.2444e+02	7.8614e-12	2.9134e-02	9.7087e-01	1.8034e-01	8.1963e-01	3.4595e-05	6.0869e-14	4.0991e-03	7.9326e-01	2.0263e-01	6.9787e-06	3.5043e-02	9.4714e-01	1.7822e-02	1.1755e-36	1.1755e-36	1.1755e-36	5.9736e-22	0.00e+00	0.00e+00	2.5352e+00
1.12710e+17	6.1383e+03	1.318e-19	2.1544e+02	2.2284e+02	1.0550e-11	3.4230e-02	9.6577e-01	2.1074e-01	7.8924e-01	2.7214e-05	8.9873e-14	4.4535e-03	8.1998e-01	1.7556e-01	5.0020e-06	4.1374e-02	9.4489e-01	1.3734e-02	1.1755e-36	1.1755e-36	1.1755e-36	9.9301e-22	0.00e+00	0.00e+00	2.8833e+00
1.19663e+17	6.2006e+03	1.345e-19	2.1544e+02	2.2113e+02	1.4059e-11	4.0275e-02	9.5973e-01	2.4571e-01	7.5427e-01	2.1815e-05	1.3340e-13	4.7895e-03	8.4411e-01	1.5109e-01	3.5376e-06	4.8854e-02	9.4066e-01	1.0482e-02	1.1755e-36	1.1755e-36	1.1755e-36	1.6664e-21	0.00e+00	0.00e+00	3.2357e+00
1.25638e+17	6.2663e+03	1.369e-19	2.1544e+02	2.1936e+02	1.8584e-11	4.7230e-02	9.5277e-01	2.8433e-01	7.1565e-01	1.7801e-05	1.9703e-13	5.0926e-03	8.6515e-01	1.2976e-01	2.4929e-06	5.7424e-02	9.3459e-01	7.9904e-03	1.1755e-36	1.1755e-36	1.1755e-36	2.7788e-21	0.00e+00	0.00e+00	3.5903e+00
1.30821e+17	6.3194e+03	1.389e-19	2.1544e+02	2.1711e+02	2.4704e-11	5.5186e-02	9.4481e-01	3.2624e-01	6.7375e-01	1.4671e-05	2.8893e-13	5.3524e-03	8.8326e-01	1.1139e-01	1.7547e-06	6.7187e-02	9.2672e-01	6.0931e-03	1.1755e-36	1.1755e-36	1.1755e-36	4.5723e-21	0.00e+00	0.00e+00	3.9541e+00
1.35433e+17	6.3773e+03	1.399e-19	2.1544e+02	2.1390e+02	3.2456e-11	6.4170e-02	9.3583e-01	3.7082e-01	6.2917e-01	1.2159e-05	4.1906e-13	5.5536e-03	8.9874e-01	9.5703e-02	1.2359e-06	7.8162e-02	9.1720e-01	4.6408e-03	1.1755e-36	1.1755e-36	1.1755e-36	7.3858e-21	0.00e+00	0.00e+00	4.3363e+00
1.39672e+17	6.4265e+03	1.405e-19	2.1544e+02	2.1067e+02	4.3485e-11	7.4976e-02	9.2502e-01	4.1990e-01	5.8009e-01	1.0038e-05	6.1879e-13	5.7314e-03	9.1265e-01	8.1621e-02	8.5494e-07	9.1294e-02	9.0522e-01	3.4894e-03	1.1755e-36	1.1755e-36	1.1755e-36	1.2181e-20	0.00e+00	0.00e+00	4.7547e+00
1.43576e+17	6.4720e+03	1.403e-19	2.1544e+02	2.0668e+02	5.8874e-11	8.7792e-02	9.1221e-01	4.7201e-01	5.2798e-01	8.2539e-06	9.2150e-13	5.8627e-03	9.2477e-01	6.9365e-02	5.8493e-07	1.0678e-01	8.9063e-01	2.5969e-03	1.1755e-36	1.1755e-36	1.1755e-36	2.0233e-20	0.00e+00	0.00e+00	5.1972e+00
1.47090e+17	6.5081e+03	1.394e-19	2.1544e+02	2.0224e+02	8.0458e-11	1.0274e-01	8.9726e-01	5.2502e-01	4.7497e-01	6.7644e-06	1.3764e-12	5.9464e-03	9.3508e-01	5.8974e-02	3.9919e-07	1.2471e-01	8.7336e-01	1.9248e-03	1.1755e-36	1.1755e-36	1.1755e-36	3.3653e-20	0.00e+00	0.00e+00	5.6617e+00
1.50259e+17	6.5319e+03	1.376e-19	2.1544e+02	1.9752e+02	1.1131e-10	1.2022e-01	8.7978e-01	5.7717e-01	4.2282e-01	5.5646e-06	2.0633e-12	5.9906e-03	9.4382e-01	5.0192e-02	2.7207e-07	1.4551e-01	8.5307e-01	1.4215e-03	1.1755e-36	1.1755e-36	1.1755e-36	5.6243e-20	0.00e+00	0.00e+00	6.1548e+00
1.53150e+17	6.5431e+03	1.349e-19	2.1544e+02	1.9220e+02	1.5603e-10	1.4064e-01	8.5936e-01	6.2722e-01	3.7277e-01	4.5795e-06	3.0989e-12	5.9892e-03	9.5121e-01	4.2799e-02	1.8541e-07	1.6959e-01	8.2937e-01	1.0450e-03	1.1755e-36	1.1755e-36	1.1755e-36	9.4343e-20	0.00e+00	0.00e+00	6.6840e+00
1.55818e+17	6.5404e+03	1.310e-19	2.1544e+02	1.8616e+02	2.2236e-10	1.6462e-01	8.3538e-01	6.7430e-01	3.2569e-01	3.7685e-06	4.6698e-12	5.9409e-03	9.5751e-01	3.6548e-02	1.2619e-07	1.9757e-01	8.0167e-01	7.6305e-04	1.1755e-36	1.1755e-36	1.1755e-36	1.5949e-19	0.00e+00	0.00e+00	7.2594e+00
1.58300e+17	6.5296e+03	1.257e-19	2.1544e+02	1.7926e+02	3.2071e-10	1.9271e-01	8.0729e-01	7.1737e-01	2.8262e-01	3.1122e-06	7.0463e-12	5.8416e-03	9.6288e-01	3.1274e-02	1.1755e-36	2.2994e-01	7.6950e-01	5.5270e-04	1.1755e-36	1.1755e-36	1.1755e-36	2.7195e-19	0.00e+00	0.00e+00	7.8871e+00
1.60613e+17	6.4767e+03	1.194e-19	2.1544e+02	1.7147e+02	4.8446e-10	2.2614e-01	7.7386e-01	7.5640e-01	2.4360e-01	2.5720e-06	1.0716e-11	5.6979e-03	9.6756e-01	2.6747e-02	1.1755e-36	2.6793e-01	7.3168e-01	3.9658e-04	1.1755e-36	1.1755e-36	1.1755e-36	4.7187e-19	0.00e+00	0.00e+00	8.5739e+00
1.62712e+17	6.4118e+03	1.117e-19	2.1544e+02	1.6275e+02	7.3527e-10	2.6373e-01	7.3627e-01	7.8919e-01	2.1081e-01	2.1631e-06	1.6046e-11	5.5014e-03	9.7144e-01	2.3057e-02	1.1755e-36	3.0993e-01	6.8978e-01	2.8517e-04	1.1755e-36	1.1755e-36	1.1755e-36	8.1170e-19	0.00e+00	0.00e+00	9.2788e+00
1.64428e+17	6.3324e+03	1.039e-19	2.1544e+02	1.5415e+02	1.0854e-09	3.0123e-01	6.9877e-01	8.1346e-01	1.8654e-01	1.8873e-06	2.2763e-11	5.2840e-03	9.7438e-01	2.0337e-02	1.1755e-36	3.5111e-01	6.4868e-01	2.1282e-04	1.1755e-36	1.1755e-36	1.1755e-36	1.3139e-18	0.00e+00	0.00e+00	9.8804e+00
1.65688e+17	6.2537e+03	9.730e-20	2.1544e+02	1.4695e+02	1.4939e-09	3.3324e-01	6.6676e-01	8.2990e-01	1.7010e-01	1.7119e-06	2.9780e-11	5.0895e-03	9.7643e-01	1.8485e-02	1.1755e-36	3.8571e-01	6.1413e-01	1.6913e-04	1.1755e-36	1.1755e-36	1.1755e-36	1.9171e-18	0.00e+00	0.00e+00	1.0358e+01
1.66644e+17	6.1794e+03	9.178e-20	2.1544e+02	1.4098e+02	1.9425e-09	3.5999e-01	6.4001e-01	8.4154e-01	1.5845e-01	1.5935e-06	3.6677e-11	4.9219e-03	9.7793e-01	1.7145e-02	1.1755e-36	4.1423e-01	5.8563e-01	1.4087e-04	1.1755e-36	1.1755e-36	1.1755e-36	2.5813e-18	0.00e+00	0.00e+00	1.0778e+01
1.67479e+17	6.1023e+03	8.663e-20	2.1544e+02	1.3539e+02	2.4826e-09	3.8506e-01	6.1494e-01	8.5134e-01	1.4866e-01	1.4969e-06	4.4120e-11	4.7606e-03	9.7923e-01	1.6014e-02	1.1755e-36	4.4065e-01	5.5923e-01	1.1932e-04	1.1755e-36	1.1755e-36	1.1755e-36	3.3708e-18	0.00e+00	0.00e+00	1.1203e+01
1.68278e+17	6.0167e+03	8.145e-20	2.1544e+02	1.2971e+02	3.1908e-09	4.1062e-01	5.8938e-01	8.6022e-01	1.3978e-01	1.4123e-06	5.2792e-11	4.5931e-03	9.8043e-01	1.4979e-02	1.1755e-36	4.6728e-01	5.3262e-01	1.0126e-04	1.1755e-36	1.1755e-36	1.1755e-36	4.3852e-18	0.00e+00	0.00e+00	1.1642e+01
1.69030e+17	5.9246e+03	7.638e-20	2.1544e+02	1.2406e+02	4.1084e-09	4.3613e-01	5.6387e-01	8.6796e-01	1.3203e-01	1.3421e-06	6.2661e-11	4.4231e-03	9.8152e-01	1.4056e-02	1.1755e-36	4.9356e-01	5.0636e-01	8.6383e-05	1.1755e-36	1.1755e-36	1.1755e-36	5.6663e-18	0.00e+00	0.00e+00	1.2068e+01
1.69704e+17	5.8312e+03	7.169e-20	2.1544e+02	1.1875e+02	5.2349e-09	4.6017e-01	5.3983e-01	8.7446e-01	1.2554e-01	1.2861e-06	7.3241e-11	4.2609e-03	9.8247e-01	1.3267e-02	1.1755e-36	5.1804e-01	4.8188e-01	7.4626e-05	1.1755e-36	1.1755e-36	1.1755e-36	7.1911e-18	0.00e+00	0.00e+00	1.2463e+01
1.70301e+17	5.7388e+03	6.746e-20	2.1544e+02	1.1387e+02	6.5806e-09	4.8230e-01	5.1770e-01	8.7991e-01	1.2009e-01	1.2409e-06	8.4276e-11	4.1102e-03	9.8330e-01	1.2593e-02	1.1755e-36	5.4036e-01	4.5957e-01	6.5346e-05	1.1755e-36	1.1755e-36	1.1755e-36	8.9522e-18	0.00e+00	0.00e+00	1.2832e+01
1.70846e+17	5.6458e+03	6.356e-20	2.1544e+02	1.0928e+02	8.2143e-09	5.0312e-01	4.9688e-01	8.8466e-01	1.1534e-01	1.2029e-06	9.5994e-11	3.9671e-03	9.8404e-01	1.1997e-02	1.1755e-36	5.6116e-01	4.3878e-01	5.7732e-05	1.1755e-36	1.1755e-36	1.1755e-36	1.1022e-17	0.00e+00	0.00e+00	1.3193e+01
1.71360e+17	5.5502e+03	5.986e-20	2.1544e+02	1.0485e+02	1.0251e-08	5.2323e-01	4.7677e-01	8.8893e-01	1.1107e-01	1.1701e-06	1.0878e-10	3.8277e-03	9.8472e-01	1.1452e-02	1.1755e-36	5.8107e-01	4.1888e-01	5.1253e-05	1.1755e-36	1.1755e-36	1.1755e-36	1.3530e-17	0.00e+00	0.00e+00	1.3550e+01
1.71737e+17	5.4771e+03	5.723e-20	2.1544e+02	1.0161e+02	1.2125e-08	5.3818e-01	4.6182e-01	8.9157e-01	1.0843e-01	1.1524e-06	1.1931e-10	3.7248e-03	9.8517e-01	1.1103e-02	1.1755e-36	5.9576e-01	4.0420e-01	4.7050e-05	1.1755e-36	1.1755e-36	1.1755e-36	1.5829e-17	0.00e+00	0.00e+00	1.3734e+01
1.71945e+17	5.4325e+03	5.579e-20	2.1544e+02	9.9813e+01	1.3389e-08	5.4662e-01	4.5338e-01	8.9311e-01	1.0689e-01	1.1413e-06	1.2583e-10	3.6681e-03	9.8543e-01	1.0902e-02	1.1755e-36	6.0400e-01	3.9595e-01	4.4823e-05	1.1755e-36	1.1755e-36	1.1755e-36	1.7351e-17	0.00e+00	0.00e+00	1.3856e+01
1.72113e+17	5.3955e+03	5.458e-20	2.1544e+02	9.8310e+01	1.4533e-08	5.5346e-01	4.4654e-01	8.9443e-01	1.0557e-01	1.1316e-06	1.3139e-10	3.6204e-03	9.8565e-01	1.0731e-02	1.1755e-36	6.1067e-01	3.8929e-01	4.3049e-05	1.1755e-36	1.1755e-36	1.1755e-36	1.8707e-17	0.00e+00	0.00e+00	1.3986e+01
1.72309e+17	5.3519e+03	5.317e-20	2.1544e+02	9.6578e+01	1.6018e-08	5.6157e-01	4.3843e-01	8.9603e-01	1.0397e-01	1.1193e-06	1.3844e-10	3.5652e-03	9.8591e-01	1.0525e-02	1.1755e-36	6.1854e-01	3.8142e-01	4.1018e-05	1.1755e-36	1.1755e-36	1.1755e-36	2.0504e-17	0.00e+00	0.00e+00	1.4154e+01
1.72538e+17	5.2996e+03	5.153e-20	2.1544e+02	9.4461e+01	1.7964e-08	5.7075e-01	4.2925e-01	8.9769e-01	1.0231e-01	1.1086e-06	1.4677e-10	3.4971e-03	9.8620e-01	1.0305e-02	1.1755e-36	6.2742e-01	3.7254e-01	3.8831e-05	1.1755e-36	1.1755e-36	1.1755e-36	2.2767e-17	0.00e+00	0.00e+00	1.4338e+01
1.72766e+17	5.2460e+03	4.994e-20	2.1544e+02	9.2419e+01	2.0213e-08	5.8009e-01	4.1991e-01	8.9931e-01	1.0069e-01	1.0977e-06	1.5603e-10	3.4316e-03	9.8648e-01	1.0090e-02	1.1755e-36	6.3643e-01	3.6354e-01	3.6745e-05	1.1755e-36	1.1755e-36	1.1755e-36	2.5463e-17	0.00e+00	0.00e+00	1.4511e+01
1.72973e+17	5.1883e+03	4.853e-20	2.1544e+02	9.0613e+01	2.2833e-08	5.8908e-01	4.1092e-01	9.0087e-01	9.9133e-02	1.0853e-06	1.6602e-10	3.3747e-03	9.8674e-01	9.8835e-03	1.1755e-36	6.4505e-01	3.5491e-01	3.4891e-05	1.1755e-36	1.1755e-36	1.1755e-36	2.8595e-17	0.00e+00	0.00e+00	1.4668e+01
1.73157e+17	5.1473e+03	4.725e-20	2.1544e+02	8.8938e+01	2.5067e-08	5.9645e-01	4.0355e-01	9.0205e-01	9.7951e-02	1.0789e-06	1.7440e-10	3.3202e-03	9.8696e-01	9.7236e-03	1.1755e-36	6.5210e-01	3.4786e-01	3.3375e-05	1.1755e-36	1.1755e-36	1.1755e-36	3.1384e-17	0.00e+00	0.00e+00	1.4807e+01
1.73339e+17	5.0949e+03	4.600e-20	2.1544e+02	8.7257e+01	2.7994e-08	6.0415e-01	3.9585e-01	9.0334e-01	9.6655e-02	1.0699e-06	1.8421e-10	3.2665e-03	9.8718e-01	9.5498e-03	1.1755e-36	6.5945e-01	3.4052e-01	3.1889e-05	1.1755e-36	1.1755e-36	1.1755e-36	3.4887e-17	0.00e+00	0.00e+00	1.4965e+01
1.73527e+17	5.0445e+03	4.472e-20	2.1544e+02	8.5541e+01	3.1238e-08	6.1196e-01	3.8804e-01	9.0460e-01	9.5403e-02	1.0620e-06	1.9487e-10	3.2112e-03	9.8741e-01	9.3815e-03	1.1755e-36	6.6687e-01	3.3310e-01	3.0436e-05	1.1755e-36	1.1755e-36	1.1755e-36	3.8954e-17	0.00e+00	0.00e+00	1.5119e+01
1.73708e+17	4.9965e+03	4.351e-20	2.1544e+02	8.3905e+01	3.4719e-08	6.1943e-01	3.8057e-01	9.0576e-01	9.4244e-02	1.0551e-06	2.0589e-10	3.1582e-03	9.8762e-01	9.2223e-03	1.1755e-36	6.7394e-01	3.2603e-01	2.9097e-05	1.1755e-36	1.1755e-36	1.1755e-36	4.3446e-17	0.00e+00	0.00e+00	1.5268e+01
1.73885e+17	4.9458e+03	4.233e-20	2.1544e+02	8.2264e+01	3.8710e-08	6.2675e-01	3.7325e-01	9.0690e-01	9.3099e-02	1.0483e-06	2.1697e-10	3.1055e-03	9.8784e-01	9.0593e-03	1.1755e-36	6.8085e-01	3.1912e-01	2.7840e-05	1.1755e-36	1.1755e-36	1.1755e-36	4.8137e-17	0.00e+00	0.00e+00	1.5418e+01
1.74059e+17	4.8894e+03	4.120e-20	2.1544e+02	8.0708e+01	4.3607e-08	6.3430e-01	3.6570e-01	9.0808e-01	9.1914e-02	1.0396e-06	2.2970e-10	3.0561e-03	9.8805e-01	8.8896e-03	1.1755e-36	6.8796e-01	3.1201e-01	2.6624e-05	1.1755e-36	1.1755e-36	1.1755e-36	5.3920e-17	0.00e+00	0.00e+00	1.5566e+01
1.74221e+17	4.8481e+03	4.013e-20	2.1544e+02	7.9195e+01	4.7863e-08	6.4065e-01	3.5935e-01	9.0896e-01	9.1035e-02	1.0366e-06	2.4047e-10	3.0063e-03	9.8824e-01	8.7565e-03	1.1755e-36	6.9392e-01	3.0605e-01	2.5589e-05	1.1755e-36	1.1755e-36	1.1755e-36	5.9138e-17	0.00e+00	0.00e+00	1.5699e+01
1.74383e+17	4.7955e+03	3.908e-20	2.1544e+02	7.7694e+01	5.3566e-08	6.4749e-01	3.5251e-01	9.1001e-01	8.9988e-02	1.0300e-06	2.5361e-10	2.9582e-03	9.8844e-01	8.6048e-03	1.1755e-36	7.0032e-01	2.9965e-01	2.4546e-05	1.1755e-36	1.1755e-36	1.1755e-36	6.5949e-17	0.00e+00	0.00e+00	1.5850e+01
1.74549e+17	4.7437e+03	3.803e-20	2.1544e+02	7.6180e+01	5.9976e-08	6.5437e-01	3.4563e-01	9.1101e-01	8.8991e-02	1.0244e-06	2.6782e-10	2.9094e-03	9.8863e-01	8.4577e-03	1.1755e-36	7.0675e-01	2.9323e-01	2.3531e-05	1.1755e-36	1.1755e-36	1.1755e-36	7.3850e-17	0.00e+00	0.00e+00	1.5994e+01
1.74705e+17	4.6932e+03	3.705e-20	2.1544e+02	7.4765e+01	6.6966e-08	6.6086e-01	3.3914e-01	9.1193e-01	8.8066e-02	1.0191e-06	2.8240e-10	2.8639e-03	9.8882e-01	8.3201e-03	1.1755e-36	7.1278e-01	2.8719e-01	2.2612e-05	1.1755e-36	1.1755e-36	1.1755e-36	8.2577e-17	0.00e+00	0.00e+00	1.6129e+01
1.74853e+17	4.6436e+03	3.614e-20	2.1544e+02	7.3426e+01	7.4637e-08	6.6701e-01	3.3299e-01	9.1281e-01	8.7185e-02	1.0140e-06	2.9752e-10	2.8210e-03	9.8899e-01	8.1896e-03	1.1755e-36	7.1850e-01	2.8148e-01	2.1770e-05	1.1755e-36	1.1755e-36	1.1755e-36	9.2289e-17	0.00e+00	0.00e+00	1.6260e+01
1.74995e+17	4.5897e+03	3.528e-20	2.1544e+02	7.2131e+01	8.3817e-08	6.7311e-01	3.2689e-01	9.1371e-01	8.6293e-02	1.0078e-06	3.1424e-10	2.7803e-03	9.8916e-01	8.0591e-03	1.1755e-36	7.2416e-01	2.7582e-01	2.0975e-05	1.1755e-36	1.1755e-36	1.1755e-36	1.0390e-16	0.00e+00	0.00e+00	1.6389e+01
1.75130e+17	4.5431e+03	3.448e-20	2.1544e+02	7.0941e+01	9.2952e-08	6.7874e-01	3.2126e-01	9.1449e-01	8.5504e-02	1.0030e-06	3.3066e-10	2.7423e-03	9.8932e-01	7.9416e-03	1.1755e-36	7.2936e-01	2.7062e-01	2.0254e-05	1.1755e-36	1.1755e-36	1.1755e-36	1.1608e-16	0.00e+00	0.00e+00	1.6508e+01
1.75259e+17	4.4976e+03	3.371e-20	2.1544e+02	6.9770e+01	1.0286e-07	6.8408e-01	3.1592e-01	9.1524e-01	8.4758e-02	9.9883e-07	3.4749e-10	2.7049e-03	9.8947e-01	7.8298e-03	1.1755e-36	7.3428e-01	2.6570e-01	1.9582e-05	1.1755e-36	1.1755e-36	1.1755e-36	1.2948e-16	0.00e+00	0.00e+00	1.6629e+01
1.75392e+17	4.4517e+03	3.292e-20	2.1544e+02	6.8571e+01	1.1406e-07	6.8951e-01	3.1049e-01	9.1600e-01	8.4001e-02	9.9485e-07	3.6587e-10	2.6665e-03	9.8962e-01	7.7173e-03	1.1755e-36	7.3926e-01	2.6072e-01	1.8915e-05	1.1755e-36	1.1755e-36	1.1755e-36	1.4513e-16	0.00e+00	0.00e+00	1.6756e+01
1.75529e+17	4.4044e+03	3.211e-20	2.1544e+02	6.7326e+01	1.2695e-07	6.9497e-01	3.0503e-01	9.1673e-01	8.3274e-02	9.9171e-07	3.8595e-10	2.6263e-03	9.8977e-01	7.6054e-03	1.1755e-36	7.4427e-01	2.5571e-01	1.8257e-05	1.1755e-36	1.1755e-36	1.1755e-36	1.6355e-16	0.00e+00	0.00e+00	1.6887e+01
1.75666e+17	4.3532e+03	3.134e-20	2.1544e+02	6.6148e+01	1.4256e-07	7.0072e-01	2.9928e-01	9.1754e-01	8.2456e-02	9.8613e-07	4.0968e-10	2.5894e-03	9.8992e-01	7.4859e-03	1.1755e-36	7.4954e-01	2.5045e-01	1.7600e-05	1.1755e-36	1.1755e-36	1.1755e-36	1.8689e-16	0.00e+00	0.00e+00	1.7016e+01
1.75796e+17	4.3044e+03	3.060e-20	2.1544e+02	6.4991e+01	1.5921e-07	7.0598e-01	2.9402e-01	9.1824e-01	8.1758e-02	9.8249e-07	4.3337e-10	2.5527e-03	9.9007e-01	7.3797e-03	1.1755e-36	7.5434e-01	2.4564e-01	1.7012e-05	1.1755e-36	1.1755e-36	1.1755e-36	2.1227e-16	0.00e+00	0.00e+00	1.7135e+01
1.75917e+17	4.2545e+03	2.993e-20	2.1544e+02	6.3882e+01	1.7800e-07	7.1091e-01	2.8908e-01	9.1889e-01	8.1105e-02	9.7899e-07	4.5824e-10	2.5180e-03	9.9020e-01	7.2795e-03	1.1755e-36	7.5885e-01	2.4113e-01	1.6480e-05	1.1755e-36	1.1755e-36	1.1755e-36	2.4122e-16	0.00e+00	0.00e+00	1.7250e+01
1.76033e+17	4.2096e+03	2.930e-20	2.1544e+02	6.2893e+01	1.9728e-07	7.1566e-01	2.8434e-01	9.1955e-01	8.0454e-02	9.7482e-07	4.8393e-10	2.4871e-03	9.9033e-01	7.1828e-03	1.1755e-36	7.6318e-01	2.3680e-01	1.5975e-05	1.1755e-36	1.1755e-36	1.1755e-36	2.7301e-16	0.00e+00	0.00e+00	1.7360e+01
1.76147e+17	4.1657e+03	2.868e-20	2.1544e+02	6.1895e+01	2.1818e-07	7.2022e-01	2.7978e-01	9.2015e-01	7.9846e-02	9.7160e-07	5.1062e-10	2.4557e-03	9.9045e-01	7.0906e-03	1.1755e-36	7.6732e-01	2.3267e-01	1.5498e-05	1.1755e-36	1.1755e-36	1.1755e-36	3.0857e-16	0.00e+00	0.00e+00	1.7473e+01
1.76264e+17	4.1140e+03	2.805e-20	2.1544e+02	6.0856e+01	2.4517e-07	7.2511e-01	2.7489e-01	9.2084e-01	7.9158e-02	9.6680e-07	5.4307e-10	2.4242e-03	9.9058e-01	6.9910e-03	1.1755e-36	7.7174e-01	2.2825e-01	1.5014e-05	1.1755e-36	1.1755e-36	1.1755e-36	3.5542e-16	0.00e+00	0.00e+00	1.7591e+01
1.76379e+17	4.0724e+03	2.745e-20	2.1544e+02	5.9862e+01	2.7007e-07	7.2950e-01	2.7050e-01	9.2138e-01	7.8621e-02	9.6505e-07	5.7300e-10	2.3924e-03	9.9070e-01	6.9058e-03	1.1755e-36	7.7571e-01	2.2428e-01	1.4569e-05	1.1755e-36	1.1755e-36	1.1755e-36	4.0171e-16	0.00e+00	0.00e+00	1.7699e+01
1.76493e+17	4.0255e+03	2.685e-20	2.1544e+02	5.8872e+01	3.0067e-07	7.3407e-01	2.6593e-01	9.2199e-01	7.8005e-02	9.6150e-07	6.0809e-10	2.3619e-03	9.9082e-01	6.8143e-03	1.1755e-36	7.7983e-01	2.2015e-01	1.4125e-05	1.1755e-36	1.1755e-36	1.1755e-36	4.6015e-16	0.00e+00	0.00e+00	1.7818e+01
1.76610e+17	3.9814e+03	2.623e-20	2.1544e+02	5.7839e+01	3.3293e-07	7.3855e-01	2.6145e-01	9.2252e-01	7.7475e-02	9.6020e-07	6.4430e-10	2.3292e-03	9.9094e-01	6.7292e-03	1.1755e-36	7.8387e-01	2.1611e-01	1.3691e-05	1.1755e-36	1.1755e-36	1.1755e-36	5.2511e-16	0.00e+00	0.00e+00	1.7934e+01
