#depth	Te	Htot	hden	eden	2H_2/H	HI	HII	HeI	HeII	HeIII	CO/C	C1	C2	C3	C4	O1	O2	O3	O4	O5	O6	H2O/O	AV(point)	AV(extend)	Tau912
1.05040e+12	7.3396e+03	6.106e-17	4.6416e+03	4.8903e+03	6.0857e-13	2.4465e-02	9.7554e-01	1.2101e-01	8.7878e-01	2.1354e-04	4.7965e-14	5.2018e-03	7.1303e-01	2.8176e-01	1.0636e-05	2.9106e-02	9.4861e-01	2.2280e-02	3.7023e-07	1.1755e-36	1.1755e-36	4.6581e-22	0.00e+00	0.00e+00	1.5065e-03
6.30242e+12	7.3294e+03	6.087e-17	4.6416e+03	4.8833e+03	6.1073e-13	2.4419e-02	9.7558e-01	1.2100e-01	8.7878e-01	2.1341e-04	4.7716e-14	5.1777e-03	7.1306e-01	2.8175e-01	1.0665e-05	2.9054e-02	9.4864e-01	2.2306e-02	3.7002e-07	1.1755e-36	1.1755e-36	4.6147e-22	0.00e+00	0.00e+00	7.5214e-03
2.73105e+13	7.3157e+03	6.044e-17	4.6416e+03	4.8808e+03	6.1605e-13	2.4411e-02	9.7559e-01	1.2149e-01	8.7830e-01	2.1164e-04	4.7747e-14	5.1691e-03	7.1404e-01	2.8078e-01	1.0586e-05	2.9055e-02	9.4874e-01	2.2201e-02	3.6332e-07	1.1755e-36	1.1755e-36	4.5997e-22	0.00e+00	0.00e+00	3.1573e-02
1.11343e+14	7.2629e+03	5.946e-17	4.6416e+03	4.8784e+03	6.5452e-13	2.4704e-02	9.7530e-01	1.2421e-01	8.7559e-01	2.0284e-04	4.9416e-14	5.2284e-03	7.1917e-01	2.7559e-01	1.0119e-05	2.9449e-02	9.4901e-01	2.1537e-02	3.3027e-07	1.1755e-36	1.1755e-36	4.7473e-22	0.00e+00	0.00e+00	1.2893e-01
2.65962e+14	7.0952e+03	5.630e-17	4.6416e+03	4.8791e+03	7.0716e-13	2.4252e-02	9.7575e-01	1.2693e-01	8.7288e-01	1.9346e-04	4.7954e-14	5.2110e-03	7.2479e-01	2.6999e-01	9.7668e-06	2.8978e-02	9.4981e-01	2.1211e-02	3.0438e-07	1.1755e-36	1.1755e-36	4.3974e-22	0.00e+00	0.00e+00	2.5319e-01
4.64235e+14	6.9486e+03	5.387e-17	4.6416e+03	4.8766e+03	7.9790e-13	2.4446e-02	9.7555e-01	1.3185e-01	8.6797e-01	1.7854e-04	4.9404e-14	5.3016e-03	7.3375e-01	2.6094e-01	9.0384e-06	2.9296e-02	9.5050e-01	2.0206e-02	2.5892e-07	1.1755e-36	1.1755e-36	4.4195e-22	0.00e+00	0.00e+00	4.1209e-01
7.19258e+14	6.8188e+03	5.200e-17	4.6416e+03	4.8695e+03	9.5256e-13	2.5430e-02	9.7457e-01	1.4016e-01	8.5969e-01	1.5810e-04	5.4745e-14	5.5189e-03	7.4720e-01	2.4728e-01	7.9174e-06	3.0590e-02	9.5098e-01	1.8429e-02	1.9853e-07	1.1755e-36	1.1755e-36	4.8949e-22	0.00e+00	0.00e+00	6.2698e-01
1.05079e+15	6.7042e+03	5.063e-17	4.6416e+03	4.8550e+03	1.2289e-12	2.7578e-02	9.7242e-01	1.5393e-01	8.4594e-01	1.3255e-04	6.6842e-14	5.9122e-03	7.6663e-01	2.2745e-01	6.4175e-06	3.3322e-02	9.5082e-01	1.5861e-02	1.3253e-07	1.1755e-36	1.1755e-36	6.1624e-22	0.00e+00	0.00e+00	9.2994e-01
1.42284e+15	6.6189e+03	4.979e-17	4.6416e+03	4.8310e+03	1.6662e-12	3.0944e-02	9.6906e-01	1.7303e-01	8.2686e-01	1.0781e-04	8.8110e-14	6.4460e-03	7.8936e-01	2.0419e-01	4.8984e-06	3.7553e-02	9.4947e-01	1.2980e-02	1.1755e-36	1.1755e-36	1.1755e-36	8.6261e-22	0.00e+00	0.00e+00	1.2649e+00
1.76936e+15	6.5881e+03	4.976e-17	4.6416e+03	4.7991e+03	2.2901e-12	3.5661e-02	9.6434e-01	1.9675e-01	8.0316e-01	8.7570e-05	1.2336e-13	7.0792e-03	8.1236e-01	1.8056e-01	3.6042e-06	4.3422e-02	9.4629e-01	1.0288e-02	1.1755e-36	1.1755e-36	1.1755e-36	1.3221e-21	0.00e+00	0.00e+00	1.6033e+00
2.07161e+15	6.6051e+03	5.018e-17	4.6416e+03	4.7599e+03	3.1194e-12	4.1649e-02	9.5835e-01	2.2411e-01	7.7582e-01	7.2013e-05	1.7819e-13	7.7501e-03	8.3376e-01	1.5848e-01	2.6059e-06	5.0822e-02	9.4116e-01	8.0164e-03	1.1755e-36	1.1755e-36	1.1755e-36	2.1311e-21	0.00e+00	0.00e+00	1.9461e+00
2.33679e+15	6.6280e+03	5.099e-17	4.6416e+03	4.7193e+03	4.3445e-12	4.9240e-02	9.5076e-01	2.5563e-01	7.4431e-01	5.9903e-05	2.6562e-13	8.4458e-03	8.5370e-01	1.3786e-01	1.8449e-06	6.0154e-02	9.3370e-01	6.1493e-03	1.1755e-36	1.1755e-36	1.1755e-36	3.5928e-21	0.00e+00	0.00e+00	2.3063e+00
2.57075e+15	6.6774e+03	5.173e-17	4.6416e+03	4.6601e+03	5.9869e-12	5.8427e-02	9.4157e-01	2.9041e-01	7.0954e-01	5.0237e-05	3.9955e-13	9.0988e-03	8.7134e-01	1.1956e-01	1.2950e-06	7.1386e-02	9.2394e-01	4.6703e-03	1.1755e-36	1.1755e-36	1.1755e-36	6.1418e-21	0.00e+00	0.00e+00	2.6802e+00
2.77746e+15	6.7341e+03	5.242e-17	4.6416e+03	4.5892e+03	8.2938e-12	6.9581e-02	9.3042e-01	3.2844e-01	6.7152e-01	4.2435e-05	6.0830e-13	9.6945e-03	8.8698e-01	1.0333e-01	9.0000e-07	8.4945e-02	9.1154e-01	3.5140e-03	1.1755e-36	1.1755e-36	1.1755e-36	1.0668e-20	0.00e+00	0.00e+00	3.0780e+00
2.96216e+15	6.7944e+03	5.304e-17	4.6416e+03	4.5137e+03	1.1625e-11	8.3315e-02	9.1669e-01	3.6965e-01	6.3031e-01	3.6104e-05	9.4355e-13	1.0235e-02	9.0092e-01	8.8847e-02	6.1693e-07	1.0153e-01	8.9586e-01	2.6119e-03	1.1755e-36	1.1755e-36	1.1755e-36	1.9000e-20	0.00e+00	0.00e+00	3.5038e+00
3.12565e+15	6.8572e+03	5.343e-17	4.6416e+03	4.4275e+03	1.6379e-11	9.9890e-02	9.0011e-01	4.1286e-01	5.8711e-01	3.0883e-05	1.4766e-12	1.0686e-02	9.1303e-01	7.6282e-02	4.2061e-07	1.2139e-01	8.7669e-01	1.9275e-03	1.1755e-36	1.1755e-36	1.1755e-36	3.4226e-20	0.00e+00	0.00e+00	3.9507e+00
3.26887e+15	6.9060e+03	5.348e-17	4.6416e+03	4.3229e+03	2.3278e-11	1.1939e-01	8.8061e-01	4.5662e-01	5.4335e-01	2.6559e-05	2.3041e-12	1.1008e-02	9.2333e-01	6.5661e-02	2.8798e-07	1.4455e-01	8.5403e-01	1.4222e-03	1.1755e-36	1.1755e-36	1.1755e-36	6.1220e-20	0.00e+00	0.00e+00	4.4189e+00
3.39587e+15	6.9537e+03	5.302e-17	4.6416e+03	4.2020e+03	3.2975e-11	1.4206e-01	8.5794e-01	4.9993e-01	5.0005e-01	2.2987e-05	3.5773e-12	1.1201e-02	9.3211e-01	5.6689e-02	1.9832e-07	1.7120e-01	8.2776e-01	1.0483e-03	1.1755e-36	1.1755e-36	1.1755e-36	1.0870e-19	0.00e+00	0.00e+00	4.9194e+00
3.51118e+15	6.9924e+03	5.186e-17	4.6416e+03	4.0464e+03	4.6807e-11	1.6813e-01	8.3187e-01	5.4263e-01	4.5735e-01	1.9936e-05	5.4996e-12	1.1221e-02	9.3964e-01	4.9143e-02	1.3759e-07	2.0147e-01	7.9775e-01	7.7155e-04	1.1755e-36	1.1755e-36	1.1755e-36	1.8964e-19	0.00e+00	0.00e+00	5.4635e+00
3.61852e+15	7.0148e+03	5.023e-17	4.6416e+03	3.8835e+03	6.8056e-11	1.9949e-01	8.0051e-01	5.8511e-01	4.1487e-01	1.7329e-05	8.6053e-12	1.1152e-02	9.4645e-01	4.2393e-02	1.1755e-36	2.3742e-01	7.6202e-01	5.5996e-04	1.1755e-36	1.1755e-36	1.1755e-36	3.3953e-19	0.00e+00	0.00e+00	6.0730e+00
3.71789e+15	7.0101e+03	4.795e-17	4.6416e+03	3.6968e+03	1.0139e-10	2.3629e-01	7.6371e-01	6.2591e-01	3.7408e-01	1.5139e-05	1.3518e-11	1.0949e-02	9.5250e-01	3.6554e-02	1.1755e-36	2.7892e-01	7.2068e-01	4.0298e-04	1.1755e-36	1.1755e-36	1.1755e-36	6.1177e-19	0.00e+00	0.00e+00	6.7275e+00
3.80259e+15	6.9898e+03	4.524e-17	4.6416e+03	3.5038e+03	1.4791e-10	2.7487e-01	7.2513e-01	6.6078e-01	3.3921e-01	1.3484e-05	2.0402e-11	1.0637e-02	9.5739e-01	3.1970e-02	1.1755e-36	3.2169e-01	6.7802e-01	2.9638e-04	1.1755e-36	1.1755e-36	1.1755e-36	1.0505e-18	0.00e+00	0.00e+00	7.3308e+00
3.86721e+15	6.9557e+03	4.263e-17	4.6416e+03	3.3335e+03	2.0333e-10	3.0959e-01	6.9041e-01	6.8705e-01	3.1294e-01	1.2349e-05	2.8396e-11	1.0305e-02	9.6098e-01	2.8717e-02	1.1755e-36	3.5951e-01	6.4026e-01	2.3027e-04	1.1755e-36	1.1755e-36	1.1755e-36	1.6276e-18	0.00e+00	0.00e+00	7.8240e+00
3.91569e+15	6.9162e+03	4.033e-17	4.6416e+03	3.1903e+03	2.6249e-10	3.3854e-01	6.6146e-01	7.0613e-01	2.9386e-01	1.1589e-05	3.6565e-11	9.9925e-03	9.6358e-01	2.6423e-02	1.1755e-36	3.9061e-01	6.0920e-01	1.8868e-04	1.1755e-36	1.1755e-36	1.1755e-36	2.2788e-18	0.00e+00	0.00e+00	8.2465e+00
3.95594e+15	6.8786e+03	3.820e-17	4.6416e+03	3.0632e+03	3.2667e-10	3.6440e-01	6.3560e-01	7.2169e-01	2.7830e-01	1.0999e-05	4.5231e-11	9.6957e-03	9.6569e-01	2.4610e-02	1.1755e-36	4.1803e-01	5.8181e-01	1.5882e-04	1.1755e-36	1.1755e-36	1.1755e-36	3.0287e-18	0.00e+00	0.00e+00	8.6516e+00
3.99318e+15	6.8222e+03	3.611e-17	4.6416e+03	2.9387e+03	4.0861e-10	3.9023e-01	6.0977e-01	7.3591e-01	2.6408e-01	1.0475e-05	5.5371e-11	9.3951e-03	9.6763e-01	2.2974e-02	1.1755e-36	4.4512e-01	5.5474e-01	1.3457e-04	1.1755e-36	1.1755e-36	1.1755e-36	3.9715e-18	0.00e+00	0.00e+00	9.0697e+00
4.02873e+15	6.7655e+03	3.399e-17	4.6416e+03	2.8134e+03	5.0785e-10	4.1606e-01	5.8394e-01	7.4902e-01	2.5097e-01	1.0017e-05	6.7146e-11	9.0778e-03	9.6942e-01	2.1503e-02	1.1755e-36	4.7190e-01	5.2799e-01	1.1440e-04	1.1755e-36	1.1755e-36	1.1755e-36	5.1508e-18	0.00e+00	0.00e+00	9.4907e+00
4.06149e+15	6.7048e+03	3.194e-17	4.6416e+03	2.6931e+03	6.2574e-10	4.4096e-01	5.5904e-01	7.6059e-01	2.3940e-01	9.6365e-06	8.0237e-11	8.7629e-03	9.7102e-01	2.0214e-02	1.1755e-36	4.9741e-01	5.0250e-01	9.8144e-05	1.1755e-36	1.1755e-36	1.1755e-36	6.5612e-18	0.00e+00	0.00e+00	9.8913e+00
4.09087e+15	6.6368e+03	3.009e-17	4.6416e+03	2.5853e+03	7.6609e-10	4.6465e-01	5.3535e-01	7.7086e-01	2.2913e-01	9.2964e-06	9.4713e-11	8.4782e-03	9.7245e-01	1.9071e-02	1.1755e-36	5.2143e-01	4.7849e-01	8.5108e-05	1.1755e-36	1.1755e-36	1.1755e-36	8.2378e-18	0.00e+00	0.00e+00	1.0269e+01
4.11806e+15	6.5723e+03	2.830e-17	4.6416e+03	2.4778e+03	9.2419e-10	4.8670e-01	5.1330e-01	7.7979e-01	2.2020e-01	9.0344e-06	1.0979e-10	8.1828e-03	9.7373e-01	1.8088e-02	1.1755e-36	5.4355e-01	4.5637e-01	7.4483e-05	1.1755e-36	1.1755e-36	1.1755e-36	1.0092e-17	0.00e+00	0.00e+00	1.0649e+01
4.14366e+15	6.5061e+03	2.661e-17	4.6416e+03	2.3757e+03	1.1086e-09	5.0788e-01	4.9212e-01	7.8788e-01	2.1211e-01	8.8066e-06	1.2614e-10	7.8971e-03	9.7490e-01	1.7200e-02	1.1755e-36	5.6460e-01	4.3534e-01	6.5573e-05	1.1755e-36	1.1755e-36	1.1755e-36	1.2231e-17	0.00e+00	0.00e+00	1.1015e+01
4.16737e+15	6.4390e+03	2.504e-17	4.6416e+03	2.2797e+03	1.3198e-09	5.2782e-01	4.7218e-01	7.9513e-01	2.0486e-01	8.6124e-06	1.4340e-10	7.6245e-03	9.7597e-01	1.6408e-02	1.1755e-36	5.8424e-01	4.1570e-01	5.8160e-05	1.1755e-36	1.1755e-36	1.1755e-36	1.4624e-17	0.00e+00	0.00e+00	1.1368e+01
4.18623e+15	6.3898e+03	2.381e-17	4.6416e+03	2.2020e+03	1.5059e-09	5.4307e-01	4.5693e-01	8.0019e-01	1.9980e-01	8.5053e-06	1.5759e-10	7.3973e-03	9.7675e-01	1.5850e-02	1.1755e-36	5.9914e-01	4.0081e-01	5.3039e-05	1.1755e-36	1.1755e-36	1.1755e-36	1.6699e-17	0.00e+00	0.00e+00	1.1605e+01
4.19993e+15	6.3400e+03	2.293e-17	4.6416e+03	2.1473e+03	1.6843e-09	5.5498e-01	4.4502e-01	8.0425e-01	1.9574e-01	8.3941e-06	1.7000e-10	7.2406e-03	9.7735e-01	1.5409e-02	1.1755e-36	6.1071e-01	3.8924e-01	4.9415e-05	1.1755e-36	1.1755e-36	1.1755e-36	1.8581e-17	0.00e+00	0.00e+00	1.1809e+01
4.21284e+15	6.2955e+03	2.208e-17	4.6416e+03	2.0933e+03	1.8676e-09	5.6609e-01	4.3391e-01	8.0794e-01	1.9205e-01	8.3059e-06	1.8217e-10	7.0828e-03	9.7791e-01	1.5005e-02	1.1755e-36	6.2144e-01	3.7851e-01	4.6179e-05	1.1755e-36	1.1755e-36	1.1755e-36	2.0481e-17	0.00e+00	0.00e+00	1.2030e+01
4.22705e+15	6.2413e+03	2.116e-17	4.6416e+03	2.0339e+03	2.1045e-09	5.7847e-01	4.2153e-01	8.1202e-01	1.8797e-01	8.2059e-06	1.9676e-10	6.9092e-03	9.7853e-01	1.4562e-02	1.1755e-36	6.3336e-01	3.6660e-01	4.2812e-05	1.1755e-36	1.1755e-36	1.1755e-36	2.2835e-17	0.00e+00	0.00e+00	1.2286e+01
4.24226e+15	6.1838e+03	2.020e-17	4.6416e+03	1.9714e+03	2.3907e-09	5.9164e-01	4.0836e-01	8.1619e-01	1.8380e-01	8.1088e-06	2.1352e-10	6.7248e-03	9.7917e-01	1.4107e-02	1.1755e-36	6.4596e-01	3.5400e-01	3.9484e-05	1.1755e-36	1.1755e-36	1.1755e-36	2.5662e-17	0.00e+00	0.00e+00	1.2551e+01
4.25715e+15	6.1231e+03	1.928e-17	4.6416e+03	1.9119e+03	2.7236e-09	6.0472e-01	3.9528e-01	8.2025e-01	1.7974e-01	8.0093e-06	2.3177e-10	6.5494e-03	9.7978e-01	1.3666e-02	1.1755e-36	6.5840e-01	3.4157e-01	3.6440e-05	1.1755e-36	1.1755e-36	1.1755e-36	2.8888e-17	0.00e+00	0.00e+00	1.2808e+01
4.27124e+15	6.0709e+03	1.841e-17	4.6416e+03	1.8528e+03	3.0595e-09	6.1643e-01	3.8357e-01	8.2372e-01	1.7628e-01	7.9513e-06	2.4872e-10	6.3700e-03	9.8034e-01	1.3287e-02	1.1755e-36	6.6948e-01	3.3049e-01	3.3831e-05	1.1755e-36	1.1755e-36	1.1755e-36	3.1982e-17	0.00e+00	0.00e+00	1.3055e+01
4.28519e+15	6.0065e+03	1.757e-17	4.6416e+03	1.7953e+03	3.4855e-09	6.2853e-01	3.7147e-01	8.2728e-01	1.7272e-01	7.8769e-06	2.6797e-10	6.1977e-03	9.8091e-01	1.2896e-02	1.1755e-36	6.8086e-01	3.1911e-01	3.1358e-05	1.1755e-36	1.1755e-36	1.1755e-36	3.5644e-17	0.00e+00	0.00e+00	1.3317e+01
4.29940e+15	5.9403e+03	1.674e-17	4.6416e+03	1.7390e+03	3.9888e-09	6.4089e-01	3.5911e-01	8.3091e-01	1.6909e-01	7.7954e-06	2.8962e-10	6.0287e-03	9.8147e-01	1.2503e-02	1.1755e-36	6.9243e-01	3.0754e-01	2.8998e-05	1.1755e-36	1.1755e-36	1.1755e-36	3.9973e-17	0.00e+00	0.00e+00	1.3583e+01
4.31331e+15	5.8762e+03	1.594e-17	4.6416e+03	1.6828e+03	4.5466e-09	6.5261e-01	3.4739e-01	8.3420e-01	1.6579e-01	7.7372e-06	3.1136e-10	5.8574e-03	9.8200e-01	1.2142e-02	1.1755e-36	7.0333e-01	2.9664e-01	2.6882e-05	1.1755e-36	1.1755e-36	1.1755e-36	4.4508e-17	0.00e+00	0.00e+00	1.3844e+01
4.32697e+15	5.8110e+03	1.518e-17	4.6416e+03	1.6284e+03	5.1893e-09	6.6408e-01	3.3592e-01	8.3741e-01	1.6258e-01	7.6800e-06	3.3450e-10	5.6910e-03	9.8252e-01	1.1793e-02	1.1755e-36	7.1396e-01	2.8602e-01	2.4934e-05	1.1755e-36	1.1755e-36	1.1755e-36	4.9568e-17	0.00e+00	0.00e+00	1.4110e+01
4.34066e+15	5.7475e+03	1.442e-17	4.6416e+03	1.5730e+03	5.9106e-09	6.7515e-01	3.2485e-01	8.4039e-01	1.5960e-01	7.6442e-06	3.5808e-10	5.5190e-03	9.8302e-01	1.1465e-02	1.1755e-36	7.2416e-01	2.7582e-01	2.3140e-05	1.1755e-36	1.1755e-36	1.1755e-36	5.4955e-17	0.00e+00	0.00e+00	1.4382e+01
4.35456e+15	5.6766e+03	1.369e-17	4.6416e+03	1.5185e+03	6.8080e-09	6.8652e-01	3.1348e-01	8.4348e-01	1.5651e-01	7.5970e-06	3.8487e-10	5.3503e-03	9.8352e-01	1.1130e-02	1.1755e-36	7.3460e-01	2.6538e-01	2.1423e-05	1.1755e-36	1.1755e-36	1.1755e-36	6.1407e-17	0.00e+00	0.00e+00	1.4665e+01
4.36849e+15	5.5988e+03	1.298e-17	4.6416e+03	1.4647e+03	7.9164e-09	6.9787e-01	3.0213e-01	8.4654e-01	1.5345e-01	7.5474e-06	4.1426e-10	5.1841e-03	9.8401e-01	1.0801e-02	1.1755e-36	7.4496e-01	2.5502e-01	1.9826e-05	1.1755e-36	1.1755e-36	1.1755e-36	6.8894e-17	0.00e+00	0.00e+00	1.4947e+01
4.38203e+15	5.5223e+03	1.232e-17	4.6416e+03	1.4134e+03	9.1903e-09	7.0870e-01	2.9130e-01	8.4941e-01	1.5058e-01	7.5044e-06	4.4494e-10	5.0244e-03	9.8448e-01	1.0492e-02	1.1755e-36	7.5480e-01	2.4518e-01	1.8385e-05	1.1755e-36	1.1755e-36	1.1755e-36	7.7212e-17	0.00e+00	0.00e+00	1.5223e+01
4.39525e+15	5.4457e+03	1.169e-17	4.6416e+03	1.3639e+03	1.0673e-08	7.1910e-01	2.8090e-01	8.5216e-01	1.4784e-01	7.4660e-06	4.7731e-10	4.8699e-03	9.8493e-01	1.0199e-02	1.1755e-36	7.6421e-01	2.3577e-01	1.7074e-05	1.1755e-36	1.1755e-36	1.1755e-36	8.6563e-17	0.00e+00	0.00e+00	1.5500e+01
4.40655e+15	5.3789e+03	1.119e-17	4.6416e+03	1.3234e+03	1.2157e-08	7.2772e-01	2.7228e-01	8.5435e-01	1.4564e-01	7.4371e-06	5.0674e-10	4.7434e-03	9.8529e-01	9.9641e-03	1.1755e-36	7.7198e-01	2.2800e-01	1.6055e-05	1.1755e-36	1.1755e-36	1.1755e-36	9.5663e-17	0.00e+00	0.00e+00	1.5702e+01
4.41515e+15	5.3192e+03	1.081e-17	4.6416e+03	1.2921e+03	1.3593e-08	7.3437e-01	2.6563e-01	8.5608e-01	1.4392e-01	7.4088e-06	5.3155e-10	4.6464e-03	9.8557e-01	9.7827e-03	1.1755e-36	7.7796e-01	2.2202e-01	1.5308e-05	1.1755e-36	1.1755e-36	1.1755e-36	1.0377e-16	0.00e+00	0.00e+00	1.5869e+01
4.42270e+15	5.2842e+03	1.048e-17	4.6416e+03	1.2657e+03	1.4671e-08	7.3981e-01	2.6019e-01	8.5744e-01	1.4255e-01	7.4029e-06	5.5240e-10	4.5617e-03	9.8580e-01	9.6334e-03	1.1755e-36	7.8281e-01	2.1717e-01	1.4680e-05	1.1755e-36	1.1755e-36	1.1755e-36	1.1086e-16	0.00e+00	0.00e+00	1.6028e+01
4.43113e+15	5.2236e+03	1.012e-17	4.6416e+03	1.2349e+03	1.6469e-08	7.4639e-01	2.5361e-01	8.5927e-01	1.4073e-01	7.3685e-06	5.8094e-10	4.4661e-03	9.8608e-01	9.4494e-03	1.1755e-36	7.8870e-01	2.1128e-01	1.3975e-05	1.1755e-36	1.1755e-36	1.1755e-36	1.2106e-16	0.00e+00	0.00e+00	1.6236e+01
4.44027e+15	5.1652e+03	9.744e-18	4.6416e+03	1.2031e+03	1.8489e-08	7.5308e-01	2.4692e-01	8.6099e-01	1.3900e-01	7.3475e-06	6.1178e-10	4.3659e-03	9.8636e-01	9.2691e-03	1.1755e-36	7.9466e-01	2.0532e-01	1.3278e-05	1.1755e-36	1.1755e-36	1.1755e-36	1.3279e-16	0.00e+00	0.00e+00	1.6429e+01
4.44863e+15	5.1065e+03	9.413e-18	4.6416e+03	1.1743e+03	2.0733e-08	7.5922e-01	2.4078e-01	8.6261e-01	1.3738e-01	7.3227e-06	6.4315e-10	4.2757e-03	9.8662e-01	9.1047e-03	1.1755e-36	8.0013e-01	1.9986e-01	1.2667e-05	1.1755e-36	1.1755e-36	1.1755e-36	1.4552e-16	0.00e+00	0.00e+00	1.6607e+01
4.45632e+15	5.0546e+03	9.115e-18	4.6416e+03	1.1485e+03	2.3003e-08	7.6478e-01	2.3522e-01	8.6407e-01	1.3593e-01	7.3015e-06	6.7399e-10	4.1946e-03	9.8685e-01	8.9565e-03	1.1755e-36	8.0505e-01	1.9494e-01	1.2129e-05	1.1755e-36	1.1755e-36	1.1755e-36	1.5877e-16	0.00e+00	0.00e+00	1.6772e+01
4.46375e+15	5.0037e+03	8.830e-18	4.6416e+03	1.1233e+03	2.5480e-08	7.7005e-01	2.2995e-01	8.6545e-01	1.3454e-01	7.2845e-06	7.0565e-10	4.1152e-03	9.8707e-01	8.8159e-03	1.1755e-36	8.0972e-01	1.9027e-01	1.1627e-05	1.1755e-36	1.1755e-36	1.1755e-36	1.7320e-16	0.00e+00	0.00e+00	1.6941e+01
4.47134e+15	4.9500e+03	8.547e-18	4.6416e+03	1.0979e+03	2.8380e-08	7.7541e-01	2.2459e-01	8.6687e-01	1.3312e-01	7.2652e-06	7.4118e-10	4.0352e-03	9.8731e-01	8.6579e-03	1.1755e-36	8.1444e-01	1.8555e-01	1.1136e-05	1.1755e-36	1.1755e-36	1.1755e-36	1.8950e-16	0.00e+00	0.00e+00	1.7116e+01
4.47896e+15	4.8945e+03	8.272e-18	4.6416e+03	1.0725e+03	3.1716e-08	7.8063e-01	2.1937e-01	8.6823e-01	1.3176e-01	7.2501e-06	7.7865e-10	3.9550e-03	9.8754e-01	8.5021e-03	1.1755e-36	8.1905e-01	1.8094e-01	1.0667e-05	1.1755e-36	1.1755e-36	1.1755e-36	2.0768e-16	0.00e+00	0.00e+00	1.7289e+01
4.48631e+15	4.8394e+03	8.016e-18	4.6416e+03	1.0493e+03	3.5477e-08	7.8579e-01	2.1421e-01	8.6964e-01	1.3035e-01	7.2223e-06	8.2008e-10	3.8828e-03	9.8777e-01	8.3479e-03	1.1755e-36	8.2358e-01	1.7641e-01	1.0226e-05	1.1755e-36	1.1755e-36	1.1755e-36	2.2900e-16	0.00e+00	0.00e+00	1.7454e+01
4.49327e+15	4.7888e+03	7.778e-18	4.6416e+03	1.0269e+03	3.9366e-08	7.9040e-01	2.0960e-01	8.7084e-01	1.2915e-01	7.2107e-06	8.5931e-10	3.8117e-03	9.8798e-01	8.2110e-03	1.1755e-36	8.2762e-01	1.7237e-01	9.8337e-06	1.1755e-36	1.1755e-36	1.1755e-36	2.5054e-16	0.00e+00	0.00e+00	1.7610e+01
4.50007e+15	4.7382e+03	7.550e-18	4.6416e+03	1.0054e+03	4.3735e-08	7.9493e-01	2.0507e-01	8.7205e-01	1.2794e-01	7.1940e-06	9.0165e-10	3.7440e-03	9.8818e-01	8.0753e-03	1.1755e-36	8.3159e-01	1.6840e-01	9.4592e-06	1.1755e-36	1.1755e-36	1.1755e-36	2.7518e-16	0.00e+00	0.00e+00	1.7769e+01
4.50691e+15	4.6856e+03	7.326e-18	4.6416e+03	9.8418e+02	4.8827e-08	7.9947e-01	2.0053e-01	8.7329e-01	1.2670e-01	7.1743e-06	9.4838e-10	3.6774e-03	9.8838e-01	7.9390e-03	1.1755e-36	8.3555e-01	1.6444e-01	9.0953e-06	1.1755e-36	1.1755e-36	1.1755e-36	3.0414e-16	0.00e+00	0.00e+00	1.7930e+01
4.51362e+15	4.6329e+03	7.114e-18	4.6416e+03	9.6353e+02	5.4567e-08	8.0383e-01	1.9617e-01	8.7447e-01	1.2553e-01	7.1565e-06	9.9771e-10	3.6126e-03	9.8858e-01	7.8083e-03	1.1755e-36	8.3936e-01	1.6063e-01	8.7548e-06	1.1755e-36	1.1755e-36	1.1755e-36	3.3688e-16	0.00e+00	0.00e+00	1.8084e+01
4.52002e+15	4.5834e+03	6.916e-18	4.6416e+03	9.4396e+02	6.0657e-08	8.0787e-01	1.9213e-01	8.7555e-01	1.2445e-01	7.1439e-06	1.0473e-09	3.5510e-03	9.8876e-01	7.6871e-03	1.1755e-36	8.4288e-01	1.5711e-01	8.4434e-06	1.1755e-36	1.1755e-36	1.1755e-36	3.7205e-16	0.00e+00	0.00e+00	1.8232e+01
4.52625e+15	4.5347e+03	6.728e-18	4.6416e+03	9.2527e+02	6.7412e-08	8.1179e-01	1.8821e-01	8.7661e-01	1.2338e-01	7.1289e-06	1.1003e-09	3.4923e-03	9.8894e-01	7.5689e-03	1.1755e-36	8.4629e-01	1.5370e-01	8.1484e-06	1.1755e-36	1.1755e-36	1.1755e-36	4.1210e-16	0.00e+00	0.00e+00	1.8380e+01
4.53246e+15	4.4850e+03	6.544e-18	4.6416e+03	9.0696e+02	7.5152e-08	8.1569e-01	1.8431e-01	8.7769e-01	1.2230e-01	7.1115e-06	1.1585e-09	3.4350e-03	9.8911e-01	7.4514e-03	1.1755e-36	8.4966e-01	1.5033e-01	7.8638e-06	1.1755e-36	1.1755e-36	1.1755e-36	4.5908e-16	0.00e+00	0.00e+00	1.8528e+01
4.53857e+15	4.4350e+03	6.368e-18	4.6416e+03	8.8913e+02	8.3919e-08	8.1946e-01	1.8054e-01	8.7874e-01	1.2126e-01	7.0942e-06	1.2210e-09	3.3793e-03	9.8928e-01	7.3372e-03	1.1755e-36	8.5293e-01	1.4706e-01	7.5938e-06	1.1755e-36	1.1755e-36	1.1755e-36	5.1325e-16	0.00e+00	0.00e+00	1.8673e+01
4.54447e+15	4.3873e+03	6.203e-18	4.6416e+03	8.7205e+02	9.3358e-08	8.2300e-01	1.7700e-01	8.7971e-01	1.2029e-01	7.0810e-06	1.2854e-09	3.3259e-03	9.8944e-01	7.2301e-03	1.1755e-36	8.5599e-01	1.4400e-01	7.3441e-06	1.1755e-36	1.1755e-36	1.1755e-36	5.7305e-16	0.00e+00	0.00e+00	1.8812e+01
4.55020e+15	4.3405e+03	6.045e-18	4.6416e+03	8.5572e+02	1.0380e-07	8.2642e-01	1.7358e-01	8.8066e-01	1.1933e-01	7.0663e-06	1.3542e-09	3.2749e-03	9.8960e-01	7.1260e-03	1.1755e-36	8.5895e-01	1.4104e-01	7.1072e-06	1.1755e-36	1.1755e-36	1.1755e-36	6.4140e-16	0.00e+00	0.00e+00	1.8950e+01
4.55589e+15	4.2932e+03	5.893e-18	4.6416e+03	8.3979e+02	1.1565e-07	8.2979e-01	1.7021e-01	8.8162e-01	1.1837e-01	7.0496e-06	1.4295e-09	3.2254e-03	9.8975e-01	7.0231e-03	1.1755e-36	8.6186e-01	1.3813e-01	6.8789e-06	1.1755e-36	1.1755e-36	1.1755e-36	7.2160e-16	0.00e+00	0.00e+00	1.9088e+01
4.56149e+15	4.2461e+03	5.746e-18	4.6416e+03	8.2426e+02	1.2895e-07	8.3307e-01	1.6693e-01	8.8255e-01	1.1744e-01	7.0333e-06	1.5108e-09	3.1773e-03	9.8990e-01	6.9231e-03	1.1755e-36	8.6468e-01	1.3532e-01	6.6617e-06	1.1755e-36	1.1755e-36	1.1755e-36	8.1461e-16	0.00e+00	0.00e+00	1.9223e+01
4.56694e+15	4.2003e+03	5.607e-18	4.6416e+03	8.0930e+02	1.4350e-07	8.3618e-01	1.6382e-01	8.8344e-01	1.1656e-01	7.0189e-06	1.5965e-09	3.1309e-03	9.9004e-01	6.8277e-03	1.1755e-36	8.6736e-01	1.3263e-01	6.4577e-06	1.1755e-36	1.1755e-36	1.1755e-36	9.2011e-16	0.00e+00	0.00e+00	1.9355e+01
4.57226e+15	4.1553e+03	5.473e-18	4.6416e+03	7.9488e+02	1.5959e-07	8.3920e-01	1.6080e-01	8.8430e-01	1.1569e-01	7.0041e-06	1.6886e-09	3.0864e-03	9.9018e-01	6.7351e-03	1.1755e-36	8.6996e-01	1.3004e-01	6.2636e-06	1.1755e-36	1.1755e-36	1.1755e-36	1.0416e-15	0.00e+00	0.00e+00	1.9485e+01
4.57753e+15	4.1101e+03	5.344e-18	4.6416e+03	7.8084e+02	1.7779e-07	8.4217e-01	1.5783e-01	8.8517e-01	1.1482e-01	6.9873e-06	1.7897e-09	3.0432e-03	9.9031e-01	6.6437e-03	1.1755e-36	8.7250e-01	1.2749e-01	6.0765e-06	1.1755e-36	1.1755e-36	1.1755e-36	1.1850e-15	0.00e+00	0.00e+00	1.9614e+01
4.58272e+15	4.0653e+03	5.220e-18	4.6416e+03	7.6717e+02	1.9807e-07	8.4504e-01	1.5496e-01	8.8601e-01	1.1398e-01	6.9712e-06	1.8988e-09	3.0013e-03	9.9044e-01	6.5551e-03	1.1755e-36	8.7497e-01	1.2503e-01	5.8984e-06	1.1755e-36	1.1755e-36	1.1755e-36	1.3517e-15	0.00e+00	0.00e+00	1.9741e+01
4.58778e+15	4.0215e+03	5.101e-18	4.6416e+03	7.5395e+02	2.2032e-07	8.4780e-01	1.5220e-01	8.8682e-01	1.1317e-01	6.9561e-06	2.0152e-09	2.9609e-03	9.9057e-01	6.4698e-03	1.1755e-36	8.7733e-01	1.2266e-01	5.7296e-06	1.1755e-36	1.1755e-36	1.1755e-36	1.5432e-15	0.00e+00	0.00e+00	1.9866e+01
4.59276e+15	3.9780e+03	4.987e-18	4.6416e+03	7.4114e+02	2.4512e-07	8.5050e-01	1.4950e-01	8.8763e-01	1.1237e-01	6.9400e-06	2.1419e-09	2.9219e-03	9.9069e-01	6.3863e-03	1.1755e-36	8.7963e-01	1.2036e-01	5.5676e-06	1.1755e-36	1.1755e-36	1.1755e-36	1.7673e-15	0.00e+00	0.00e+00	1.9989e+01
###########################
1.05040e+12	7.3396e+03	6.106e-17	4.6416e+03	4.8903e+03	6.0765e-13	2.4460e-02	9.7554e-01	1.2099e-01	8.7879e-01	2.1354e-04	4.7866e-14	5.1224e-03	7.1306e-01	2.8181e-01	1.0655e-05	2.9100e-02	9.4861e-01	2.2285e-02	3.7038e-07	1.1755e-36	1.1755e-36	4.6418e-22	0.00e+00	0.00e+00	1.5062e-03
6.30242e+12	7.3298e+03	6.087e-17	4.6416e+03	4.8833e+03	6.0928e-13	2.4412e-02	9.7559e-01	1.2098e-01	8.7880e-01	2.1342e-04	4.7595e-14	5.1007e-03	7.1308e-01	2.8181e-01	1.0676e-05	2.9044e-02	9.4864e-01	2.2314e-02	3.7024e-07	1.1755e-36	1.1755e-36	4.5953e-22	0.00e+00	0.00e+00	7.5192e-03
2.73105e+13	7.3171e+03	6.046e-17	4.6416e+03	4.8809e+03	6.1388e-13	2.4397e-02	9.7560e-01	1.2146e-01	8.7833e-01	2.1167e-04	4.7604e-14	5.1015e-03	7.1406e-01	2.8083e-01	1.0592e-05	2.9037e-02	9.4875e-01	2.2215e-02	3.6372e-07	1.1755e-36	1.1755e-36	4.5776e-22	0.00e+00	0.00e+00	3.1557e-02
1.11343e+14	7.2659e+03	5.949e-17	4.6416e+03	4.8785e+03	6.5082e-13	2.4679e-02	9.7532e-01	1.2416e-01	8.7563e-01	2.0290e-04	4.9222e-14	5.1733e-03	7.1918e-01	2.7564e-01	1.0124e-05	2.9416e-02	9.4902e-01	2.1564e-02	3.3096e-07	1.1755e-36	1.1755e-36	4.7182e-22	0.00e+00	0.00e+00	1.2882e-01
2.65962e+14	7.0969e+03	5.632e-17	4.6416e+03	4.8794e+03	7.0391e-13	2.4233e-02	9.7577e-01	1.2689e-01	8.7292e-01	1.9348e-04	4.7795e-14	5.1731e-03	7.2490e-01	2.6992e-01	9.7628e-06	2.8952e-02	9.4981e-01	2.1240e-02	3.0500e-07	1.1755e-36	1.1755e-36	4.3726e-22	0.00e+00	0.00e+00	2.5297e-01
4.63467e+14	6.9491e+03	5.387e-17	4.6416e+03	4.8770e+03	7.9462e-13	2.4422e-02	9.7558e-01	1.3179e-01	8.6803e-01	1.7866e-04	4.9224e-14	5.2725e-03	7.3388e-01	2.6084e-01	9.0349e-06	2.9267e-02	9.5049e-01	2.0241e-02	2.5972e-07	1.1755e-36	1.1755e-36	4.3912e-22	0.00e+00	0.00e+00	4.1062e-01
7.16722e+14	6.8194e+03	5.200e-17	4.6416e+03	4.8697e+03	9.4798e-13	2.5398e-02	9.7460e-01	1.4003e-01	8.5981e-01	1.5834e-04	5.4507e-14	5.4962e-03	7.4729e-01	2.4721e-01	7.9188e-06	3.0550e-02	9.5099e-01	1.8464e-02	1.9942e-07	1.1755e-36	1.1755e-36	4.8589e-22	0.00e+00	0.00e+00	6.2375e-01
1.04595e+15	6.7045e+03	5.063e-17	4.6416e+03	4.8553e+03	1.2215e-12	2.7523e-02	9.7248e-01	1.5368e-01	8.4619e-01	1.3292e-04	6.6440e-14	5.8939e-03	7.6664e-01	2.2746e-01	6.4270e-06	3.3253e-02	9.5083e-01	1.5912e-02	1.3356e-07	1.1755e-36	1.1755e-36	6.1033e-22	0.00e+00	0.00e+00	9.2401e-01
1.41708e+15	6.6277e+03	4.972e-17	4.6416e+03	4.8314e+03	1.6406e-12	3.0836e-02	9.6916e-01	1.7255e-01	8.2734e-01	1.0827e-04	8.7316e-14	6.4309e-03	7.8922e-01	2.0435e-01	4.9163e-06	3.7418e-02	9.4955e-01	1.3034e-02	1.1755e-36	1.1755e-36	1.1755e-36	8.5191e-22	0.00e+00	0.00e+00	1.2585e+00
1.76519e+15	6.5855e+03	4.978e-17	4.6416e+03	4.8046e+03	2.2864e-12	3.5611e-02	9.6439e-01	1.9655e-01	8.0336e-01	8.7849e-05	1.2308e-13	7.0840e-03	8.1259e-01	1.8032e-01	3.6021e-06	4.3361e-02	9.4633e-01	1.0314e-02	1.1755e-36	1.1755e-36	1.1755e-36	1.3170e-21	0.00e+00	0.00e+00	1.5989e+00
2.06671e+15	6.6022e+03	5.014e-17	4.6416e+03	4.7607e+03	3.1083e-12	4.1523e-02	9.5848e-01	2.2358e-01	7.7634e-01	7.2264e-05	1.7710e-13	7.7540e-03	8.3380e-01	1.5845e-01	2.6121e-06	5.0668e-02	9.4128e-01	8.0540e-03	1.1755e-36	1.1755e-36	1.1755e-36	2.1127e-21	0.00e+00	0.00e+00	1.9360e+00
2.32979e+15	6.6241e+03	5.093e-17	4.6416e+03	4.7206e+03	4.3225e-12	4.9007e-02	9.5099e-01	2.5472e-01	7.4522e-01	6.0194e-05	2.6326e-13	8.4533e-03	8.5358e-01	1.3796e-01	1.8550e-06	5.9870e-02	9.3393e-01	6.1952e-03	1.1755e-36	1.1755e-36	1.1755e-36	3.5514e-21	0.00e+00	0.00e+00	2.2940e+00
2.56449e+15	6.6725e+03	5.167e-17	4.6416e+03	4.6618e+03	5.9666e-12	5.8145e-02	9.4186e-01	2.8941e-01	7.1054e-01	5.0461e-05	3.9640e-13	9.1188e-03	8.7127e-01	1.1961e-01	1.3018e-06	7.1044e-02	9.2425e-01	4.7066e-03	1.1755e-36	1.1755e-36	1.1755e-36	6.0843e-21	0.00e+00	0.00e+00	2.6692e+00
2.77276e+15	6.7290e+03	5.236e-17	4.6416e+03	4.5909e+03	8.2882e-12	6.9298e-02	9.3070e-01	3.2752e-01	6.7243e-01	4.2587e-05	6.0527e-13	9.7306e-03	8.8701e-01	1.0326e-01	9.0297e-07	8.4605e-02	9.1186e-01	3.5376e-03	1.1755e-36	1.1755e-36	1.1755e-36	1.0618e-20	0.00e+00	0.00e+00	3.0681e+00
2.95826e+15	6.7895e+03	5.299e-17	4.6416e+03	4.5155e+03	1.1639e-11	8.3016e-02	9.1698e-01	3.6875e-01	6.3121e-01	3.6220e-05	9.4082e-13	1.0286e-02	9.0100e-01	8.8717e-02	6.1822e-07	1.0117e-01	8.9620e-01	2.6281e-03	1.1755e-36	1.1755e-36	1.1755e-36	1.8981e-20	0.00e+00	0.00e+00	3.4930e+00
3.12179e+15	6.8523e+03	5.338e-17	4.6416e+03	4.4296e+03	1.6404e-11	9.9513e-02	9.0049e-01	4.1182e-01	5.8815e-01	3.0993e-05	1.4727e-12	1.0745e-02	9.1310e-01	7.6151e-02	4.2155e-07	1.2094e-01	8.7712e-01	1.9407e-03	1.1755e-36	1.1755e-36	1.1755e-36	3.4231e-20	0.00e+00	0.00e+00	3.9377e+00
3.26495e+15	6.9009e+03	5.343e-17	4.6416e+03	4.3255e+03	2.3320e-11	1.1891e-01	8.8109e-01	4.5544e-01	5.4453e-01	2.6663e-05	2.2979e-12	1.1081e-02	9.2338e-01	6.5536e-02	2.8873e-07	1.4398e-01	8.5459e-01	1.4331e-03	1.1755e-36	1.1755e-36	1.1755e-36	6.1273e-20	0.00e+00	0.00e+00	4.4041e+00
3.39211e+15	6.9487e+03	5.299e-17	4.6416e+03	4.2051e+03	3.3049e-11	1.4149e-01	8.5851e-01	4.9868e-01	5.0130e-01	2.3081e-05	3.5696e-12	1.1286e-02	9.3216e-01	5.6555e-02	1.9876e-07	1.7053e-01	8.2842e-01	1.0567e-03	1.1755e-36	1.1755e-36	1.1755e-36	1.0895e-19	0.00e+00	0.00e+00	4.9037e+00
3.50771e+15	6.9877e+03	5.184e-17	4.6416e+03	4.0498e+03	4.6951e-11	1.6750e-01	8.3250e-01	5.4140e-01	4.5858e-01	2.0016e-05	5.4937e-12	1.1321e-02	9.3969e-01	4.8993e-02	1.3777e-07	2.0075e-01	7.9847e-01	7.7758e-04	1.1755e-36	1.1755e-36	1.1755e-36	1.9046e-19	0.00e+00	0.00e+00	5.4473e+00
3.61525e+15	7.0065e+03	5.025e-17	4.6416e+03	3.8877e+03	6.8582e-11	1.9890e-01	8.0110e-01	5.8408e-01	4.1590e-01	1.7380e-05	8.6184e-12	1.1264e-02	9.4652e-01	4.2218e-02	1.1755e-36	2.3675e-01	7.6268e-01	5.6409e-04	1.1755e-36	1.1755e-36	1.1755e-36	3.4225e-19	0.00e+00	0.00e+00	6.0557e+00
3.71457e+15	7.0064e+03	4.797e-17	4.6416e+03	3.7010e+03	1.0178e-10	2.3549e-01	7.6451e-01	6.2468e-01	3.7531e-01	1.5206e-05	1.3521e-11	1.1065e-02	9.5253e-01	3.6407e-02	1.1755e-36	2.7803e-01	7.2156e-01	4.0625e-04	1.1755e-36	1.1755e-36	1.1755e-36	6.1621e-19	0.00e+00	0.00e+00	6.7062e+00
3.79906e+15	6.9965e+03	4.525e-17	4.6416e+03	3.5090e+03	1.4703e-10	2.7365e-01	7.2635e-01	6.5924e-01	3.4075e-01	1.3572e-05	2.0338e-11	1.0755e-02	9.5737e-01	3.1872e-02	1.1755e-36	3.2033e-01	6.7937e-01	2.9925e-04	1.1755e-36	1.1755e-36	1.1755e-36	1.0549e-18	0.00e+00	0.00e+00	7.3056e+00
3.86373e+15	6.9533e+03	4.268e-17	4.6416e+03	3.3383e+03	2.0372e-10	3.0841e-01	6.9159e-01	6.8561e-01	3.1438e-01	1.2425e-05	2.8350e-11	1.0428e-02	9.6097e-01	2.8607e-02	1.1755e-36	3.5824e-01	6.4153e-01	2.3254e-04	1.1755e-36	1.1755e-36	1.1755e-36	1.6365e-18	0.00e+00	0.00e+00	7.7993e+00
3.91241e+15	6.9143e+03	4.039e-17	4.6416e+03	3.1957e+03	2.6331e-10	3.3747e-01	6.6253e-01	7.0493e-01	2.9506e-01	1.1646e-05	3.6587e-11	1.0119e-02	9.6358e-01	2.6306e-02	1.1755e-36	3.8947e-01	6.1034e-01	1.9037e-04	1.1755e-36	1.1755e-36	1.1755e-36	2.2984e-18	0.00e+00	0.00e+00	8.2220e+00
3.95294e+15	6.8771e+03	3.825e-17	4.6416e+03	3.0679e+03	3.2809e-10	3.6347e-01	6.3653e-01	7.2063e-01	2.7936e-01	1.1049e-05	4.5331e-11	9.8205e-03	9.6569e-01	2.4486e-02	1.1755e-36	4.1705e-01	5.8279e-01	1.6007e-04	1.1755e-36	1.1755e-36	1.1755e-36	3.0614e-18	0.00e+00	0.00e+00	8.6301e+00
3.99048e+15	6.8204e+03	3.615e-17	4.6416e+03	2.9425e+03	4.1114e-10	3.8949e-01	6.1051e-01	7.3499e-01	2.6500e-01	1.0518e-05	5.5591e-11	9.5176e-03	9.6764e-01	2.2845e-02	1.1755e-36	4.4436e-01	5.5551e-01	1.3545e-04	1.1755e-36	1.1755e-36	1.1755e-36	4.0243e-18	0.00e+00	0.00e+00	9.0499e+00
4.02613e+15	6.7638e+03	3.402e-17	4.6416e+03	2.8168e+03	5.1128e-10	4.1540e-01	5.8460e-01	7.4815e-01	2.5184e-01	1.0058e-05	6.7460e-11	9.1985e-03	9.6943e-01	2.1376e-02	1.1755e-36	4.7121e-01	5.2867e-01	1.1510e-04	1.1755e-36	1.1755e-36	1.1755e-36	5.2247e-18	0.00e+00	0.00e+00	9.4701e+00
4.05886e+15	6.7035e+03	3.199e-17	4.6416e+03	2.6966e+03	6.2985e-10	4.4027e-01	5.5973e-01	7.5973e-01	2.4026e-01	9.6773e-06	8.0611e-11	8.8827e-03	9.7102e-01	2.0096e-02	1.1755e-36	4.9671e-01	5.0319e-01	9.8759e-05	1.1755e-36	1.1755e-36	1.1755e-36	6.6552e-18	0.00e+00	0.00e+00	9.8695e+00
4.08822e+15	6.6358e+03	3.014e-17	4.6416e+03	2.5888e+03	7.7096e-10	4.6395e-01	5.3605e-01	7.7002e-01	2.2997e-01	9.3368e-06	9.5158e-11	8.5952e-03	9.7244e-01	1.8960e-02	1.1755e-36	5.2072e-01	4.7919e-01	8.5649e-05	1.1755e-36	1.1755e-36	1.1755e-36	8.3571e-18	0.00e+00	0.00e+00	1.0247e+01
4.11544e+15	6.5714e+03	2.834e-17	4.6416e+03	2.4813e+03	9.3023e-10	4.8604e-01	5.1396e-01	7.7898e-01	2.2101e-01	9.0732e-06	1.1034e-10	8.2981e-03	9.7372e-01	1.7981e-02	1.1755e-36	5.4290e-01	4.5703e-01	7.4942e-05	1.1755e-36	1.1755e-36	1.1755e-36	1.0242e-17	0.00e+00	0.00e+00	1.0627e+01
4.14109e+15	6.5053e+03	2.664e-17	4.6416e+03	2.3788e+03	1.1162e-09	5.0727e-01	4.9273e-01	7.8711e-01	2.1288e-01	8.8443e-06	1.2682e-10	8.0100e-03	9.7489e-01	1.7097e-02	1.1755e-36	5.6400e-01	4.3593e-01	6.5958e-05	1.1755e-36	1.1755e-36	1.1755e-36	1.2419e-17	0.00e+00	0.00e+00	1.0993e+01
4.16484e+15	6.4382e+03	2.507e-17	4.6416e+03	2.2826e+03	1.3293e-09	5.2726e-01	4.7274e-01	7.9438e-01	2.0561e-01	8.6492e-06	1.4421e-10	7.7350e-03	9.7596e-01	1.6309e-02	1.1755e-36	5.8370e-01	4.1625e-01	5.8490e-05	1.1755e-36	1.1755e-36	1.1755e-36	1.4854e-17	0.00e+00	0.00e+00	1.1346e+01
4.18370e+15	6.3904e+03	2.384e-17	4.6416e+03	2.2049e+03	1.5145e-09	5.4248e-01	4.5752e-01	7.9944e-01	2.0055e-01	8.5437e-06	1.5841e-10	7.5072e-03	9.7673e-01	1.5759e-02	1.1755e-36	5.9856e-01	4.0138e-01	5.3343e-05	1.1755e-36	1.1755e-36	1.1755e-36	1.6951e-17	0.00e+00	0.00e+00	1.1583e+01
4.19739e+15	6.3458e+03	2.296e-17	4.6416e+03	2.1495e+03	1.6843e-09	5.5416e-01	4.4584e-01	8.0334e-01	1.9665e-01	8.4473e-06	1.7048e-10	7.3456e-03	9.7732e-01	1.5333e-02	1.1755e-36	6.0992e-01	3.9003e-01	4.9727e-05	1.1755e-36	1.1755e-36	1.1755e-36	1.8803e-17	0.00e+00	0.00e+00	1.1786e+01
4.21045e+15	6.2951e+03	2.211e-17	4.6416e+03	2.0953e+03	1.8812e-09	5.6564e-01	4.3436e-01	8.0732e-01	1.9267e-01	8.3380e-06	1.8329e-10	7.1882e-03	9.7790e-01	1.4915e-02	1.1755e-36	6.2102e-01	3.7893e-01	4.6405e-05	1.1755e-36	1.1755e-36	1.1755e-36	2.0809e-17	0.00e+00	0.00e+00	1.2011e+01
4.22471e+15	6.2408e+03	2.118e-17	4.6416e+03	2.0360e+03	2.1210e-09	5.7810e-01	4.2190e-01	8.1138e-01	1.8861e-01	8.2398e-06	1.9808e-10	7.0134e-03	9.7851e-01	1.4473e-02	1.1755e-36	6.3301e-01	3.6695e-01	4.3012e-05	1.1755e-36	1.1755e-36	1.1755e-36	2.3226e-17	0.00e+00	0.00e+00	1.2264e+01
4.23969e+15	6.1813e+03	2.024e-17	4.6416e+03	1.9761e+03	2.4144e-09	5.9139e-01	4.0861e-01	8.1564e-01	1.8435e-01	8.1290e-06	2.1540e-10	6.8360e-03	9.7915e-01	1.4014e-02	1.1755e-36	6.4572e-01	3.5424e-01	3.9674e-05	1.1755e-36	1.1755e-36	1.1755e-36	2.6192e-17	0.00e+00	0.00e+00	1.2525e+01
4.25428e+15	6.1250e+03	1.933e-17	4.6416e+03	1.9154e+03	2.7306e-09	6.0382e-01	3.9618e-01	8.1941e-01	1.8058e-01	8.0532e-06	2.3238e-10	6.6533e-03	9.7974e-01	1.3603e-02	1.1755e-36	6.5755e-01	3.4242e-01	3.6729e-05	1.1755e-36	1.1755e-36	1.1755e-36	2.9204e-17	0.00e+00	0.00e+00	1.2775e+01
4.26835e+15	6.0678e+03	1.846e-17	4.6416e+03	1.8574e+03	3.0867e-09	6.1590e-01	3.8410e-01	8.2304e-01	1.7695e-01	7.9791e-06	2.5026e-10	6.4779e-03	9.8031e-01	1.3211e-02	1.1755e-36	6.6898e-01	3.3099e-01	3.4055e-05	1.1755e-36	1.1755e-36	1.1755e-36	3.2509e-17	0.00e+00	0.00e+00	1.3028e+01
4.28243e+15	6.0095e+03	1.761e-17	4.6416e+03	1.7999e+03	3.4958e-09	6.2796e-01	3.7204e-01	8.2659e-01	1.7340e-01	7.9090e-06	2.6953e-10	6.3028e-03	9.8087e-01	1.2826e-02	1.1755e-36	6.8032e-01	3.1965e-01	3.1552e-05	1.1755e-36	1.1755e-36	1.1755e-36	3.6227e-17	0.00e+00	0.00e+00	1.3288e+01
4.29658e+15	5.9429e+03	1.678e-17	4.6416e+03	1.7416e+03	3.9973e-09	6.4008e-01	3.5992e-01	8.3012e-01	1.6987e-01	7.8401e-06	2.9037e-10	6.1255e-03	9.8143e-01	1.2449e-02	1.1755e-36	6.9165e-01	3.0832e-01	2.9221e-05	1.1755e-36	1.1755e-36	1.1755e-36	4.0396e-17	0.00e+00	0.00e+00	1.3554e+01
4.31061e+15	5.8748e+03	1.598e-17	4.6416e+03	1.6858e+03	4.5822e-09	6.5214e-01	3.4786e-01	8.3359e-01	1.6640e-01	7.7673e-06	3.1321e-10	5.9547e-03	9.8197e-01	1.2076e-02	1.1755e-36	7.0290e-01	2.9707e-01	2.7043e-05	1.1755e-36	1.1755e-36	1.1755e-36	4.5208e-17	0.00e+00	0.00e+00	1.3820e+01
4.32433e+15	5.8107e+03	1.521e-17	4.6416e+03	1.6308e+03	5.2230e-09	6.6358e-01	3.3642e-01	8.3676e-01	1.6323e-01	7.7157e-06	3.3623e-10	5.7843e-03	9.8248e-01	1.1733e-02	1.1755e-36	7.1350e-01	2.8647e-01	2.5085e-05	1.1755e-36	1.1755e-36	1.1755e-36	5.0286e-17	0.00e+00	0.00e+00	1.4083e+01
4.33792e+15	5.7434e+03	1.447e-17	4.6416e+03	1.5773e+03	5.9796e-09	6.7493e-01	3.2507e-01	8.3991e-01	1.6009e-01	7.6608e-06	3.6124e-10	5.6181e-03	9.8299e-01	1.1396e-02	1.1755e-36	7.2397e-01	2.7601e-01	2.3263e-05	1.1755e-36	1.1755e-36	1.1755e-36	5.6078e-17	0.00e+00	0.00e+00	1.4353e+01
4.35158e+15	5.6788e+03	1.374e-17	4.6416e+03	1.5224e+03	6.8234e-09	6.8580e-01	3.1420e-01	8.4278e-01	1.5722e-01	7.6326e-06	3.8629e-10	5.4455e-03	9.8347e-01	1.1082e-02	1.1755e-36	7.3393e-01	2.6605e-01	2.1592e-05	1.1755e-36	1.1755e-36	1.1755e-36	6.2153e-17	0.00e+00	0.00e+00	1.4627e+01
4.36541e+15	5.6040e+03	1.303e-17	4.6416e+03	1.4688e+03	7.9030e-09	6.9704e-01	3.0296e-01	8.4581e-01	1.5418e-01	7.5863e-06	4.1533e-10	5.2773e-03	9.8396e-01	1.0758e-02	1.1755e-36	7.4420e-01	2.5578e-01	1.9989e-05	1.1755e-36	1.1755e-36	1.1755e-36	6.9603e-17	0.00e+00	0.00e+00	1.4913e+01
4.37923e+15	5.5252e+03	1.235e-17	4.6416e+03	1.4161e+03	9.2106e-09	7.0814e-01	2.9186e-01	8.4877e-01	1.5122e-01	7.5415e-06	4.4685e-10	5.1119e-03	9.8444e-01	1.0445e-02	1.1755e-36	7.5429e-01	2.4569e-01	1.8505e-05	1.1755e-36	1.1755e-36	1.1755e-36	7.8201e-17	0.00e+00	0.00e+00	1.5197e+01
4.39265e+15	5.4474e+03	1.171e-17	4.6416e+03	1.3659e+03	1.0721e-08	7.1871e-01	2.8129e-01	8.5156e-01	1.4844e-01	7.5023e-06	4.7988e-10	4.9534e-03	9.8490e-01	1.0150e-02	1.1755e-36	7.6386e-01	2.3613e-01	1.7168e-05	1.1755e-36	1.1755e-36	1.1755e-36	8.7820e-17	0.00e+00	0.00e+00	1.5474e+01
4.40392e+15	5.3808e+03	1.121e-17	4.6416e+03	1.3255e+03	1.2207e-08	7.2732e-01	2.7268e-01	8.5375e-01	1.4624e-01	7.4731e-06	5.0941e-10	4.8259e-03	9.8526e-01	9.9189e-03	1.1755e-36	7.7162e-01	2.2837e-01	1.6146e-05	1.1755e-36	1.1755e-36	1.1755e-36	9.7029e-17	0.00e+00	0.00e+00	1.5674e+01
4.41245e+15	5.3221e+03	1.084e-17	4.6416e+03	1.2946e+03	1.3627e-08	7.3390e-01	2.6610e-01	8.5547e-01	1.4452e-01	7.4451e-06	5.3414e-10	4.7289e-03	9.8553e-01	9.7410e-03	1.1755e-36	7.7755e-01	2.2244e-01	1.5401e-05	1.1755e-36	1.1755e-36	1.1755e-36	1.0517e-16	0.00e+00	0.00e+00	1.5839e+01
4.41998e+15	5.2853e+03	1.051e-17	4.6416e+03	1.2679e+03	1.4741e-08	7.3939e-01	2.6061e-01	8.5686e-01	1.4313e-01	7.4371e-06	5.5528e-10	4.6427e-03	9.8577e-01	9.5919e-03	1.1755e-36	7.8244e-01	2.1754e-01	1.4769e-05	1.1755e-36	1.1755e-36	1.1755e-36	1.1241e-16	0.00e+00	0.00e+00	1.5999e+01
4.42846e+15	5.2259e+03	1.014e-17	4.6416e+03	1.2370e+03	1.6526e-08	7.4598e-01	2.5402e-01	8.5869e-01	1.4131e-01	7.4042e-06	5.8386e-10	4.5451e-03	9.8605e-01	9.4085e-03	1.1755e-36	7.8835e-01	2.1163e-01	1.4054e-05	1.1755e-36	1.1755e-36	1.1755e-36	1.2270e-16	0.00e+00	0.00e+00	1.6209e+01
4.43770e+15	5.1672e+03	9.763e-18	4.6416e+03	1.2048e+03	1.8570e-08	7.5276e-01	2.4724e-01	8.6044e-01	1.3956e-01	7.3836e-06	6.1520e-10	4.4421e-03	9.8633e-01	9.2280e-03	1.1755e-36	7.9438e-01	2.0560e-01	1.3347e-05	1.1755e-36	1.1755e-36	1.1755e-36	1.3472e-16	0.00e+00	0.00e+00	1.6405e+01
4.44618e+15	5.1076e+03	9.426e-18	4.6416e+03	1.1756e+03	2.0856e-08	7.5900e-01	2.4100e-01	8.6208e-01	1.3791e-01	7.3584e-06	6.4720e-10	4.3496e-03	9.8659e-01	9.0630e-03	1.1755e-36	7.9993e-01	2.0005e-01	1.2725e-05	1.1755e-36	1.1755e-36	1.1755e-36	1.4781e-16	0.00e+00	0.00e+00	1.6584e+01
4.45389e+15	5.0557e+03	9.128e-18	4.6416e+03	1.1496e+03	2.3139e-08	7.6457e-01	2.3543e-01	8.6354e-01	1.3645e-01	7.3375e-06	6.7825e-10	4.2668e-03	9.8682e-01	8.9162e-03	1.1755e-36	8.0487e-01	1.9512e-01	1.2182e-05	1.1755e-36	1.1755e-36	1.1755e-36	1.6127e-16	0.00e+00	0.00e+00	1.6749e+01
4.46130e+15	5.0051e+03	8.844e-18	4.6416e+03	1.1245e+03	2.5623e-08	7.6983e-01	2.3017e-01	8.6492e-01	1.3507e-01	7.3206e-06	7.1000e-10	4.1864e-03	9.8704e-01	8.7774e-03	1.1755e-36	8.0953e-01	1.9046e-01	1.1680e-05	1.1755e-36	1.1755e-36	1.1755e-36	1.7586e-16	0.00e+00	0.00e+00	1.6918e+01
4.46888e+15	4.9520e+03	8.560e-18	4.6416e+03	1.0991e+03	2.8509e-08	7.7518e-01	2.2482e-01	8.6634e-01	1.3365e-01	7.3022e-06	7.4546e-10	4.1055e-03	9.8727e-01	8.6218e-03	1.1755e-36	8.1423e-01	1.8576e-01	1.1187e-05	1.1755e-36	1.1755e-36	1.1755e-36	1.9228e-16	0.00e+00	0.00e+00	1.7092e+01
4.47653e+15	4.8958e+03	8.284e-18	4.6416e+03	1.0736e+03	3.1898e-08	7.8044e-01	2.1956e-01	8.6773e-01	1.3227e-01	7.2860e-06	7.8357e-10	4.0239e-03	9.8751e-01	8.4660e-03	1.1755e-36	8.1889e-01	1.8110e-01	1.0713e-05	1.1755e-36	1.1755e-36	1.1755e-36	2.1093e-16	0.00e+00	0.00e+00	1.7266e+01
4.48391e+15	4.8406e+03	8.026e-18	4.6416e+03	1.0503e+03	3.5689e-08	7.8563e-01	2.1437e-01	8.6914e-01	1.3085e-01	7.2583e-06	8.2538e-10	3.9501e-03	9.8774e-01	8.3129e-03	1.1755e-36	8.2343e-01	1.7656e-01	1.0268e-05	1.1755e-36	1.1755e-36	1.1755e-36	2.3262e-16	0.00e+00	0.00e+00	1.7431e+01
4.49085e+15	4.7904e+03	7.789e-18	4.6416e+03	1.0278e+03	3.9576e-08	7.9022e-01	2.0978e-01	8.7034e-01	1.2966e-01	7.2472e-06	8.6455e-10	3.8781e-03	9.8794e-01	8.1778e-03	1.1755e-36	8.2748e-01	1.7251e-01	9.8744e-06	1.1755e-36	1.1755e-36	1.1755e-36	2.5432e-16	0.00e+00	0.00e+00	1.7587e+01
4.49765e+15	4.7401e+03	7.560e-18	4.6416e+03	1.0064e+03	4.3944e-08	7.9475e-01	2.0525e-01	8.7155e-01	1.2844e-01	7.2309e-06	9.0706e-10	3.8093e-03	9.8815e-01	8.0433e-03	1.1755e-36	8.3144e-01	1.6855e-01	9.4981e-06	1.1755e-36	1.1755e-36	1.1755e-36	2.7924e-16	0.00e+00	0.00e+00	1.7747e+01
4.50453e+15	4.6803e+03	7.336e-18	4.6416e+03	9.8461e+02	4.9657e-08	7.9946e-01	2.0054e-01	8.7287e-01	1.2712e-01	7.2028e-06	9.5743e-10	3.7414e-03	9.8836e-01	7.9030e-03	1.1755e-36	8.3555e-01	1.6444e-01	9.1298e-06	1.1755e-36	1.1755e-36	1.1755e-36	3.1094e-16	0.00e+00	0.00e+00	1.7908e+01
4.51098e+15	4.6401e+03	7.132e-18	4.6416e+03	9.6556e+02	5.4299e-08	8.0347e-01	1.9653e-01	8.7390e-01	1.2609e-01	7.1966e-06	1.0006e-09	3.6792e-03	9.8853e-01	7.7865e-03	1.1755e-36	8.3903e-01	1.6096e-01	8.8058e-06	1.1755e-36	1.1755e-36	1.1755e-36	3.3956e-16	0.00e+00	0.00e+00	1.8050e+01
4.51748e+15	4.5895e+03	6.925e-18	4.6416e+03	9.4470e+02	6.0471e-08	8.0754e-01	1.9246e-01	8.7498e-01	1.2502e-01	7.1911e-06	1.0499e-09	3.6120e-03	9.8872e-01	7.6642e-03	1.1755e-36	8.4258e-01	1.5741e-01	8.4858e-06	1.1755e-36	1.1755e-36	1.1755e-36	3.7477e-16	0.00e+00	0.00e+00	1.8216e+01
4.52442e+15	4.5337e+03	6.716e-18	4.6416e+03	9.2436e+02	6.8241e-08	8.1204e-01	1.8796e-01	8.7625e-01	1.2375e-01	7.1647e-06	1.1120e-09	3.5478e-03	9.8892e-01	7.5297e-03	1.1755e-36	8.4649e-01	1.5350e-01	8.1514e-06	1.1755e-36	1.1755e-36	1.1755e-36	4.2189e-16	0.00e+00	0.00e+00	1.8379e+01
4.53088e+15	4.4852e+03	6.527e-18	4.6416e+03	9.0498e+02	7.5904e-08	8.1587e-01	1.8413e-01	8.7723e-01	1.2276e-01	7.1614e-06	1.1683e-09	3.4854e-03	9.8910e-01	7.4171e-03	1.1755e-36	8.4982e-01	1.5018e-01	7.8654e-06	1.1755e-36	1.1755e-36	1.1755e-36	4.6821e-16	0.00e+00	0.00e+00	1.8523e+01
4.53689e+15	4.4381e+03	6.355e-18	4.6416e+03	8.8743e+02	8.4271e-08	8.1952e-01	1.8048e-01	8.7823e-01	1.2176e-01	7.1487e-06	1.2283e-09	3.4293e-03	9.8926e-01	7.3076e-03	1.1755e-36	8.5298e-01	1.4701e-01	7.6003e-06	1.1755e-36	1.1755e-36	1.1755e-36	5.2070e-16	0.00e+00	0.00e+00	1.8667e+01
4.54289e+15	4.3886e+03	6.186e-18	4.6416e+03	8.7007e+02	9.4107e-08	8.2317e-01	1.7683e-01	8.7925e-01	1.2074e-01	7.1324e-06	1.2956e-09	3.3744e-03	9.8943e-01	7.1977e-03	1.1755e-36	8.5614e-01	1.4385e-01	7.3432e-06	1.1755e-36	1.1755e-36	1.1755e-36	5.8370e-16	0.00e+00	0.00e+00	1.8812e+01
4.54878e+15	4.3370e+03	6.026e-18	4.6416e+03	8.5384e+02	1.0569e-07	8.2687e-01	1.7313e-01	8.8035e-01	1.1965e-01	7.1030e-06	1.3728e-09	3.3241e-03	9.8959e-01	7.0865e-03	1.1755e-36	8.5932e-01	1.4067e-01	7.0949e-06	1.1755e-36	1.1755e-36	1.1755e-36	6.6122e-16	0.00e+00	0.00e+00	1.8952e+01
4.55429e+15	4.2873e+03	5.880e-18	4.6416e+03	8.3839e+02	1.1825e-07	8.3019e-01	1.6981e-01	8.8130e-01	1.1869e-01	7.0816e-06	1.4507e-09	3.2761e-03	9.8974e-01	6.9863e-03	1.1755e-36	8.6220e-01	1.3780e-01	6.8742e-06	1.1755e-36	1.1755e-36	1.1755e-36	7.4597e-16	0.00e+00	0.00e+00	1.9080e+01
4.55939e+15	4.2530e+03	5.746e-18	4.6416e+03	8.2403e+02	1.2832e-07	8.3290e-01	1.6710e-01	8.8198e-01	1.1801e-01	7.0883e-06	1.5133e-09	3.2289e-03	9.8987e-01	6.9059e-03	1.1755e-36	8.6453e-01	1.3546e-01	6.6839e-06	1.1755e-36	1.1755e-36	1.1755e-36	8.1847e-16	0.00e+00	0.00e+00	1.9201e+01
4.56502e+15	4.2006e+03	5.598e-18	4.6416e+03	8.0869e+02	1.4495e-07	8.3640e-01	1.6360e-01	8.8308e-01	1.1691e-01	7.0548e-06	1.6128e-09	3.1819e-03	9.9002e-01	6.7975e-03	1.1755e-36	8.6754e-01	1.3246e-01	6.4596e-06	1.1755e-36	1.1755e-36	1.1755e-36	9.4099e-16	0.00e+00	0.00e+00	1.9355e+01
4.57092e+15	4.1510e+03	5.453e-18	4.6416e+03	7.9274e+02	1.6296e-07	8.3970e-01	1.6030e-01	8.8400e-01	1.1599e-01	7.0415e-06	1.7151e-09	3.1318e-03	9.9017e-01	6.6989e-03	1.1755e-36	8.7037e-01	1.2962e-01	6.2482e-06	1.1755e-36	1.1755e-36	1.1755e-36	1.0785e-15	0.00e+00	0.00e+00	1.9491e+01
4.57616e+15	4.1041e+03	5.326e-18	4.6416e+03	7.7831e+02	1.8200e-07	8.4258e-01	1.5742e-01	8.8481e-01	1.1519e-01	7.0314e-06	1.8171e-09	3.0868e-03	9.9030e-01	6.6122e-03	1.1755e-36	8.7286e-01	1.2713e-01	6.0665e-06	1.1755e-36	1.1755e-36	1.1755e-36	1.2274e-15	0.00e+00	0.00e+00	1.9613e+01
4.58102e+15	4.0626e+03	5.210e-18	4.6416e+03	7.6564e+02	2.0130e-07	8.4531e-01	1.5469e-01	8.8560e-01	1.1439e-01	7.0153e-06	1.9218e-09	3.0474e-03	9.9042e-01	6.5300e-03	1.1755e-36	8.7521e-01	1.2479e-01	5.8970e-06	1.1755e-36	1.1755e-36	1.1755e-36	1.3899e-15	0.00e+00	0.00e+00	1.9731e+01
4.58588e+15	4.0210e+03	5.094e-18	4.6416e+03	7.5284e+02	2.2286e-07	8.4801e-01	1.5198e-01	8.8638e-01	1.1362e-01	7.0028e-06	2.0356e-09	3.0075e-03	9.9054e-01	6.4492e-03	1.1755e-36	8.7752e-01	1.2248e-01	5.7316e-06	1.1755e-36	1.1755e-36	1.1755e-36	1.5795e-15	0.00e+00	0.00e+00	1.9854e+01
4.59092e+15	3.9717e+03	4.976e-18	4.6416e+03	7.3938e+02	2.5133e-07	8.5096e-01	1.4904e-01	8.8723e-01	1.1277e-01	6.9827e-06	2.1794e-09	2.9670e-03	9.9067e-01	6.3634e-03	1.1755e-36	8.8003e-01	1.1996e-01	5.5608e-06	1.1755e-36	1.1755e-36	1.1755e-36	1.8396e-15	0.00e+00	0.00e+00	1.9982e+01
###########################
1.05040e+12	7.3396e+03	6.106e-17	4.6416e+03	4.8903e+03	6.0764e-13	2.4460e-02	9.7554e-01	1.2099e-01	8.7879e-01	2.1354e-04	4.7866e-14	5.1224e-03	7.1306e-01	2.8181e-01	1.0655e-05	2.9100e-02	9.4861e-01	2.2285e-02	3.7038e-07	1.1755e-36	1.1755e-36	4.6418e-22	0.00e+00	0.00e+00	1.5062e-03
6.30242e+12	7.3298e+03	6.087e-17	4.6416e+03	4.8833e+03	6.0928e-13	2.4412e-02	9.7559e-01	1.2098e-01	8.7880e-01	2.1342e-04	4.7595e-14	5.1007e-03	7.1308e-01	2.8181e-01	1.0676e-05	2.9044e-02	9.4864e-01	2.2314e-02	3.7024e-07	1.1755e-36	1.1755e-36	4.5953e-22	0.00e+00	0.00e+00	7.5192e-03
2.73105e+13	7.3171e+03	6.046e-17	4.6416e+03	4.8809e+03	6.1388e-13	2.4397e-02	9.7560e-01	1.2146e-01	8.7833e-01	2.1167e-04	4.7604e-14	5.1015e-03	7.1406e-01	2.8083e-01	1.0592e-05	2.9037e-02	9.4875e-01	2.2215e-02	3.6372e-07	1.1755e-36	1.1755e-36	4.5775e-22	0.00e+00	0.00e+00	3.1557e-02
1.11343e+14	7.2659e+03	5.949e-17	4.6416e+03	4.8785e+03	6.5082e-13	2.4679e-02	9.7532e-01	1.2416e-01	8.7563e-01	2.0290e-04	4.9222e-14	5.1733e-03	7.1918e-01	2.7564e-01	1.0124e-05	2.9416e-02	9.4902e-01	2.1564e-02	3.3096e-07	1.1755e-36	1.1755e-36	4.7182e-22	0.00e+00	0.00e+00	1.2882e-01
2.65962e+14	7.0969e+03	5.632e-17	4.6416e+03	4.8794e+03	7.0390e-13	2.4233e-02	9.7577e-01	1.2689e-01	8.7292e-01	1.9348e-04	4.7794e-14	5.1731e-03	7.2490e-01	2.6992e-01	9.7628e-06	2.8952e-02	9.4981e-01	2.1240e-02	3.0500e-07	1.1755e-36	1.1755e-36	4.3725e-22	0.00e+00	0.00e+00	2.5297e-01
4.63467e+14	6.9491e+03	5.387e-17	4.6416e+03	4.8770e+03	7.9462e-13	2.4422e-02	9.7558e-01	1.3179e-01	8.6803e-01	1.7866e-04	4.9224e-14	5.2725e-03	7.3388e-01	2.6084e-01	9.0349e-06	2.9267e-02	9.5049e-01	2.0241e-02	2.5972e-07	1.1755e-36	1.1755e-36	4.3912e-22	0.00e+00	0.00e+00	4.1062e-01
7.16723e+14	6.8194e+03	5.200e-17	4.6416e+03	4.8697e+03	9.4798e-13	2.5398e-02	9.7460e-01	1.4003e-01	8.5981e-01	1.5834e-04	5.4507e-14	5.4962e-03	7.4729e-01	2.4721e-01	7.9188e-06	3.0550e-02	9.5099e-01	1.8464e-02	1.9942e-07	1.1755e-36	1.1755e-36	4.8588e-22	0.00e+00	0.00e+00	6.2376e-01
1.04596e+15	6.7045e+03	5.063e-17	4.6416e+03	4.8553e+03	1.2215e-12	2.7523e-02	9.7248e-01	1.5368e-01	8.4619e-01	1.3292e-04	6.6439e-14	5.8939e-03	7.6664e-01	2.2746e-01	6.4270e-06	3.3253e-02	9.5083e-01	1.5912e-02	1.3355e-07	1.1755e-36	1.1755e-36	6.1033e-22	0.00e+00	0.00e+00	9.2401e-01
1.41708e+15	6.6277e+03	4.972e-17	4.6416e+03	4.8314e+03	1.6405e-12	3.0836e-02	9.6916e-01	1.7255e-01	8.2734e-01	1.0827e-04	8.7316e-14	6.4310e-03	7.8922e-01	2.0435e-01	4.9163e-06	3.7418e-02	9.4955e-01	1.3034e-02	1.1755e-36	1.1755e-36	1.1755e-36	8.5190e-22	0.00e+00	0.00e+00	1.2585e+00
1.76519e+15	6.5855e+03	4.978e-17	4.6416e+03	4.8046e+03	2.2864e-12	3.5611e-02	9.6439e-01	1.9655e-01	8.0336e-01	8.7849e-05	1.2308e-13	7.0840e-03	8.1259e-01	1.8032e-01	3.6021e-06	4.3361e-02	9.4633e-01	1.0314e-02	1.1755e-36	1.1755e-36	1.1755e-36	1.3170e-21	0.00e+00	0.00e+00	1.5989e+00
2.06671e+15	6.6022e+03	5.014e-17	4.6416e+03	4.7607e+03	3.1083e-12	4.1523e-02	9.5848e-01	2.2358e-01	7.7634e-01	7.2264e-05	1.7710e-13	7.7540e-03	8.3380e-01	1.5845e-01	2.6121e-06	5.0668e-02	9.4128e-01	8.0540e-03	1.1755e-36	1.1755e-36	1.1755e-36	2.1126e-21	0.00e+00	0.00e+00	1.9360e+00
2.32979e+15	6.6241e+03	5.093e-17	4.6416e+03	4.7206e+03	4.3223e-12	4.9007e-02	9.5099e-01	2.5472e-01	7.4522e-01	6.0194e-05	2.6325e-13	8.4534e-03	8.5358e-01	1.3796e-01	1.8550e-06	5.9870e-02	9.3393e-01	6.1952e-03	1.1755e-36	1.1755e-36	1.1755e-36	3.5512e-21	0.00e+00	0.00e+00	2.2940e+00
2.56449e+15	6.6725e+03	5.167e-17	4.6416e+03	4.6618e+03	5.9664e-12	5.8145e-02	9.4186e-01	2.8941e-01	7.1054e-01	5.0461e-05	3.9639e-13	9.1189e-03	8.7127e-01	1.1961e-01	1.3018e-06	7.1044e-02	9.2425e-01	4.7066e-03	1.1755e-36	1.1755e-36	1.1755e-36	6.0839e-21	0.00e+00	0.00e+00	2.6692e+00
2.77276e+15	6.7291e+03	5.236e-17	4.6416e+03	4.5909e+03	8.2879e-12	6.9298e-02	9.3070e-01	3.2752e-01	6.7243e-01	4.2587e-05	6.0524e-13	9.7306e-03	8.8701e-01	1.0326e-01	9.0297e-07	8.4605e-02	9.1186e-01	3.5376e-03	1.1755e-36	1.1755e-36	1.1755e-36	1.0617e-20	0.00e+00	0.00e+00	3.0681e+00
2.95826e+15	6.7895e+03	5.299e-17	4.6416e+03	4.5155e+03	1.1639e-11	8.3016e-02	9.1698e-01	3.6875e-01	6.3121e-01	3.6220e-05	9.4079e-13	1.0286e-02	9.0100e-01	8.8717e-02	6.1822e-07	1.0117e-01	8.9620e-01	2.6281e-03	1.1755e-36	1.1755e-36	1.1755e-36	1.8979e-20	0.00e+00	0.00e+00	3.4930e+00
3.12179e+15	6.8523e+03	5.338e-17	4.6416e+03	4.4296e+03	1.6403e-11	9.9513e-02	9.0049e-01	4.1182e-01	5.8815e-01	3.0993e-05	1.4726e-12	1.0745e-02	9.1310e-01	7.6151e-02	4.2155e-07	1.2094e-01	8.7712e-01	1.9407e-03	1.1755e-36	1.1755e-36	1.1755e-36	3.4228e-20	0.00e+00	0.00e+00	3.9377e+00
3.26495e+15	6.9009e+03	5.343e-17	4.6416e+03	4.3255e+03	2.3319e-11	1.1891e-01	8.8109e-01	4.5544e-01	5.4453e-01	2.6663e-05	2.2978e-12	1.1081e-02	9.2338e-01	6.5536e-02	2.8873e-07	1.4398e-01	8.5459e-01	1.4331e-03	1.1755e-36	1.1755e-36	1.1755e-36	6.1269e-20	0.00e+00	0.00e+00	4.4041e+00
3.39211e+15	6.9487e+03	5.299e-17	4.6416e+03	4.2051e+03	3.3048e-11	1.4149e-01	8.5851e-01	4.9868e-01	5.0130e-01	2.3081e-05	3.5695e-12	1.1286e-02	9.3216e-01	5.6555e-02	1.9876e-07	1.7053e-01	8.2842e-01	1.0567e-03	1.1755e-36	1.1755e-36	1.1755e-36	1.0894e-19	0.00e+00	0.00e+00	4.9037e+00
3.50771e+15	6.9877e+03	5.184e-17	4.6416e+03	4.0498e+03	4.6950e-11	1.6750e-01	8.3250e-01	5.4141e-01	4.5857e-01	2.0016e-05	5.4935e-12	1.1321e-02	9.3969e-01	4.8993e-02	1.3777e-07	2.0075e-01	7.9847e-01	7.7758e-04	1.1755e-36	1.1755e-36	1.1755e-36	1.9045e-19	0.00e+00	0.00e+00	5.4473e+00
3.61526e+15	7.0065e+03	5.025e-17	4.6416e+03	3.8877e+03	6.8580e-11	1.9890e-01	8.0110e-01	5.8408e-01	4.1590e-01	1.7380e-05	8.6181e-12	1.1264e-02	9.4652e-01	4.2218e-02	1.1755e-36	2.3675e-01	7.6268e-01	5.6409e-04	1.1755e-36	1.1755e-36	1.1755e-36	3.4223e-19	0.00e+00	0.00e+00	6.0557e+00
3.71457e+15	7.0064e+03	4.797e-17	4.6416e+03	3.7010e+03	1.0177e-10	2.3549e-01	7.6451e-01	6.2467e-01	3.7531e-01	1.5206e-05	1.3520e-11	1.1065e-02	9.5253e-01	3.6407e-02	1.1755e-36	2.7803e-01	7.2156e-01	4.0625e-04	1.1755e-36	1.1755e-36	1.1755e-36	6.1617e-19	0.00e+00	0.00e+00	6.7062e+00
3.79906e+15	6.9965e+03	4.525e-17	4.6416e+03	3.5090e+03	1.4702e-10	2.7365e-01	7.2635e-01	6.5924e-01	3.4075e-01	1.3572e-05	2.0337e-11	1.0755e-02	9.5737e-01	3.1872e-02	1.1755e-36	3.2033e-01	6.7937e-01	2.9925e-04	1.1755e-36	1.1755e-36	1.1755e-36	1.0548e-18	0.00e+00	0.00e+00	7.3056e+00
3.86374e+15	6.9534e+03	4.268e-17	4.6416e+03	3.3383e+03	2.0371e-10	3.0841e-01	6.9159e-01	6.8561e-01	3.1438e-01	1.2425e-05	2.8349e-11	1.0428e-02	9.6097e-01	2.8607e-02	1.1755e-36	3.5824e-01	6.4153e-01	2.3254e-04	1.1755e-36	1.1755e-36	1.1755e-36	1.6364e-18	0.00e+00	0.00e+00	7.7993e+00
3.91242e+15	6.9143e+03	4.039e-17	4.6416e+03	3.1957e+03	2.6330e-10	3.3747e-01	6.6253e-01	7.0493e-01	2.9506e-01	1.1646e-05	3.6586e-11	1.0119e-02	9.6358e-01	2.6306e-02	1.1755e-36	3.8947e-01	6.1034e-01	1.9037e-04	1.1755e-36	1.1755e-36	1.1755e-36	2.2982e-18	0.00e+00	0.00e+00	8.2220e+00
3.95294e+15	6.8771e+03	3.825e-17	4.6416e+03	3.0679e+03	3.2808e-10	3.6347e-01	6.3653e-01	7.2063e-01	2.7936e-01	1.1049e-05	4.5329e-11	9.8206e-03	9.6569e-01	2.4486e-02	1.1755e-36	4.1705e-01	5.8279e-01	1.6007e-04	1.1755e-36	1.1755e-36	1.1755e-36	3.0612e-18	0.00e+00	0.00e+00	8.6301e+00
3.99048e+15	6.8204e+03	3.615e-17	4.6416e+03	2.9425e+03	4.1113e-10	3.8949e-01	6.1051e-01	7.3499e-01	2.6500e-01	1.0518e-05	5.5590e-11	9.5177e-03	9.6764e-01	2.2845e-02	1.1755e-36	4.4436e-01	5.5551e-01	1.3545e-04	1.1755e-36	1.1755e-36	1.1755e-36	4.0241e-18	0.00e+00	0.00e+00	9.0499e+00
4.02613e+15	6.7638e+03	3.402e-17	4.6416e+03	2.8168e+03	5.1127e-10	4.1540e-01	5.8460e-01	7.4815e-01	2.5184e-01	1.0058e-05	6.7458e-11	9.1985e-03	9.6943e-01	2.1376e-02	1.1755e-36	4.7121e-01	5.2867e-01	1.1510e-04	1.1755e-36	1.1755e-36	1.1755e-36	5.2244e-18	0.00e+00	0.00e+00	9.4701e+00
4.05886e+15	6.7035e+03	3.199e-17	4.6416e+03	2.6966e+03	6.2982e-10	4.4027e-01	5.5973e-01	7.5973e-01	2.4026e-01	9.6773e-06	8.0608e-11	8.8828e-03	9.7102e-01	2.0096e-02	1.1755e-36	4.9671e-01	5.0319e-01	9.8758e-05	1.1755e-36	1.1755e-36	1.1755e-36	6.6548e-18	0.00e+00	0.00e+00	9.8695e+00
4.08822e+15	6.6358e+03	3.014e-17	4.6416e+03	2.5888e+03	7.7093e-10	4.6395e-01	5.3605e-01	7.7002e-01	2.2997e-01	9.3368e-06	9.5155e-11	8.5953e-03	9.7244e-01	1.8960e-02	1.1755e-36	5.2072e-01	4.7919e-01	8.5649e-05	1.1755e-36	1.1755e-36	1.1755e-36	8.3566e-18	0.00e+00	0.00e+00	1.0247e+01
4.11544e+15	6.5714e+03	2.834e-17	4.6416e+03	2.4813e+03	9.3020e-10	4.8604e-01	5.1396e-01	7.7898e-01	2.2101e-01	9.0732e-06	1.1034e-10	8.2982e-03	9.7372e-01	1.7981e-02	1.1755e-36	5.4290e-01	4.5703e-01	7.4942e-05	1.1755e-36	1.1755e-36	1.1755e-36	1.0242e-17	0.00e+00	0.00e+00	1.0627e+01
4.14109e+15	6.5053e+03	2.664e-17	4.6416e+03	2.3788e+03	1.1161e-09	5.0727e-01	4.9273e-01	7.8711e-01	2.1288e-01	8.8443e-06	1.2681e-10	8.0101e-03	9.7489e-01	1.7097e-02	1.1755e-36	5.6400e-01	4.3593e-01	6.5958e-05	1.1755e-36	1.1755e-36	1.1755e-36	1.2418e-17	0.00e+00	0.00e+00	1.0993e+01
4.16484e+15	6.4382e+03	2.507e-17	4.6416e+03	2.2826e+03	1.3293e-09	5.2726e-01	4.7274e-01	7.9438e-01	2.0561e-01	8.6492e-06	1.4420e-10	7.7350e-03	9.7596e-01	1.6309e-02	1.1755e-36	5.8370e-01	4.1625e-01	5.8490e-05	1.1755e-36	1.1755e-36	1.1755e-36	1.4853e-17	0.00e+00	0.00e+00	1.1346e+01
4.18371e+15	6.3904e+03	2.384e-17	4.6416e+03	2.2049e+03	1.5144e-09	5.4248e-01	4.5752e-01	7.9944e-01	2.0055e-01	8.5437e-06	1.5841e-10	7.5073e-03	9.7673e-01	1.5759e-02	1.1755e-36	5.9856e-01	4.0138e-01	5.3343e-05	1.1755e-36	1.1755e-36	1.1755e-36	1.6950e-17	0.00e+00	0.00e+00	1.1583e+01
4.19740e+15	6.3458e+03	2.296e-17	4.6416e+03	2.1495e+03	1.6842e-09	5.5416e-01	4.4584e-01	8.0334e-01	1.9665e-01	8.4473e-06	1.7047e-10	7.3456e-03	9.7732e-01	1.5333e-02	1.1755e-36	6.0992e-01	3.9003e-01	4.9727e-05	1.1755e-36	1.1755e-36	1.1755e-36	1.8801e-17	0.00e+00	0.00e+00	1.1786e+01
4.21045e+15	6.2949e+03	2.211e-17	4.6416e+03	2.0953e+03	1.8816e-09	5.6564e-01	4.3436e-01	8.0733e-01	1.9267e-01	8.3378e-06	1.8329e-10	7.1882e-03	9.7790e-01	1.4914e-02	1.1755e-36	6.2102e-01	3.7893e-01	4.6405e-05	1.1755e-36	1.1755e-36	1.1755e-36	2.0808e-17	0.00e+00	0.00e+00	1.2011e+01
4.22471e+15	6.2408e+03	2.119e-17	4.6416e+03	2.0360e+03	2.1208e-09	5.7810e-01	4.2190e-01	8.1138e-01	1.8862e-01	8.2398e-06	1.9807e-10	7.0135e-03	9.7851e-01	1.4473e-02	1.1755e-36	6.3301e-01	3.6695e-01	4.3013e-05	1.1755e-36	1.1755e-36	1.1755e-36	2.3224e-17	0.00e+00	0.00e+00	1.2264e+01
4.23969e+15	6.1814e+03	2.024e-17	4.6416e+03	1.9761e+03	2.4140e-09	5.9138e-01	4.0862e-01	8.1564e-01	1.8435e-01	8.1291e-06	2.1538e-10	6.8361e-03	9.7915e-01	1.4014e-02	1.1755e-36	6.4571e-01	3.5425e-01	3.9675e-05	1.1755e-36	1.1755e-36	1.1755e-36	2.6188e-17	0.00e+00	0.00e+00	1.2525e+01
4.25428e+15	6.1250e+03	1.933e-17	4.6416e+03	1.9154e+03	2.7306e-09	6.0382e-01	3.9618e-01	8.1941e-01	1.8058e-01	8.0530e-06	2.3237e-10	6.6534e-03	9.7974e-01	1.3603e-02	1.1755e-36	6.5755e-01	3.4242e-01	3.6729e-05	1.1755e-36	1.1755e-36	1.1755e-36	2.9203e-17	0.00e+00	0.00e+00	1.2775e+01
4.26835e+15	6.0678e+03	1.846e-17	4.6416e+03	1.8574e+03	3.0866e-09	6.1590e-01	3.8410e-01	8.2304e-01	1.7695e-01	7.9791e-06	2.5025e-10	6.4779e-03	9.8031e-01	1.3211e-02	1.1755e-36	6.6898e-01	3.3099e-01	3.4055e-05	1.1755e-36	1.1755e-36	1.1755e-36	3.2508e-17	0.00e+00	0.00e+00	1.3028e+01
4.28243e+15	6.0095e+03	1.761e-17	4.6416e+03	1.7999e+03	3.4959e-09	6.2796e-01	3.7204e-01	8.2660e-01	1.7340e-01	7.9088e-06	2.6953e-10	6.3029e-03	9.8087e-01	1.2826e-02	1.1755e-36	6.8032e-01	3.1965e-01	3.1552e-05	1.1755e-36	1.1755e-36	1.1755e-36	3.6225e-17	0.00e+00	0.00e+00	1.3288e+01
4.29658e+15	5.9420e+03	1.678e-17	4.6416e+03	1.7416e+03	4.0007e-09	6.4008e-01	3.5992e-01	8.3013e-01	1.6986e-01	7.8390e-06	2.9037e-10	6.1256e-03	9.8143e-01	1.2448e-02	1.1755e-36	6.9167e-01	3.0831e-01	2.9219e-05	1.1755e-36	1.1755e-36	1.1755e-36	4.0391e-17	0.00e+00	0.00e+00	1.3554e+01
4.31060e+15	5.8754e+03	1.598e-17	4.6416e+03	1.6858e+03	4.5783e-09	6.5211e-01	3.4789e-01	8.3357e-01	1.6642e-01	7.7691e-06	3.1309e-10	5.9543e-03	9.8197e-01	1.2077e-02	1.1755e-36	7.0287e-01	2.9710e-01	2.7045e-05	1.1755e-36	1.1755e-36	1.1755e-36	4.5181e-17	0.00e+00	0.00e+00	1.3820e+01
4.32434e+15	5.8109e+03	1.521e-17	4.6416e+03	1.6308e+03	5.2218e-09	6.6359e-01	3.3641e-01	8.3676e-01	1.6323e-01	7.7156e-06	3.3625e-10	5.7843e-03	9.8248e-01	1.1733e-02	1.1755e-36	7.1351e-01	2.8646e-01	2.5082e-05	1.1755e-36	1.1755e-36	1.1755e-36	5.0291e-17	0.00e+00	0.00e+00	1.4083e+01
4.33795e+15	5.7442e+03	1.446e-17	4.6416e+03	1.5760e+03	5.9700e-09	6.7476e-01	3.2524e-01	8.3981e-01	1.6018e-01	7.6717e-06	3.6038e-10	5.6139e-03	9.8298e-01	1.1403e-02	1.1755e-36	7.2381e-01	2.7617e-01	2.3279e-05	1.1755e-36	1.1755e-36	1.1755e-36	5.5854e-17	0.00e+00	0.00e+00	1.4353e+01
4.35169e+15	5.6791e+03	1.373e-17	4.6416e+03	1.5220e+03	6.8241e-09	6.8587e-01	3.1413e-01	8.4279e-01	1.5720e-01	7.6333e-06	3.8642e-10	5.4438e-03	9.8348e-01	1.1080e-02	1.1755e-36	7.3400e-01	2.6598e-01	2.1578e-05	1.1755e-36	1.1755e-36	1.1755e-36	6.2185e-17	0.00e+00	0.00e+00	1.4632e+01
4.36558e+15	5.6028e+03	1.302e-17	4.6416e+03	1.4682e+03	7.9191e-09	6.9717e-01	3.0283e-01	8.4585e-01	1.5415e-01	7.5855e-06	4.1569e-10	5.2754e-03	9.8397e-01	1.0755e-02	1.1755e-36	7.4433e-01	2.5565e-01	1.9972e-05	1.1755e-36	1.1755e-36	1.1755e-36	6.9696e-17	0.00e+00	0.00e+00	1.4916e+01
4.37927e+15	5.5248e+03	1.235e-17	4.6416e+03	1.4160e+03	9.2151e-09	7.0816e-01	2.9184e-01	8.4877e-01	1.5122e-01	7.5411e-06	4.4693e-10	5.1118e-03	9.8444e-01	1.0444e-02	1.1755e-36	7.5432e-01	2.4567e-01	1.8503e-05	1.1755e-36	1.1755e-36	1.1755e-36	7.8223e-17	0.00e+00	0.00e+00	1.5196e+01
4.39258e+15	5.4477e+03	1.172e-17	4.6416e+03	1.3662e+03	1.0714e-08	7.1866e-01	2.8134e-01	8.5154e-01	1.4845e-01	7.5023e-06	4.7970e-10	4.9543e-03	9.8489e-01	1.0151e-02	1.1755e-36	7.6381e-01	2.3617e-01	1.7175e-05	1.1755e-36	1.1755e-36	1.1755e-36	8.7767e-17	0.00e+00	0.00e+00	1.5472e+01
4.40386e+15	5.3812e+03	1.122e-17	4.6416e+03	1.3258e+03	1.2197e-08	7.2727e-01	2.7273e-01	8.5374e-01	1.4625e-01	7.4731e-06	5.0921e-10	4.8267e-03	9.8525e-01	9.9201e-03	1.1755e-36	7.7157e-01	2.2841e-01	1.6152e-05	1.1755e-36	1.1755e-36	1.1755e-36	9.6965e-17	0.00e+00	0.00e+00	1.5673e+01
4.41242e+15	5.3221e+03	1.084e-17	4.6416e+03	1.2946e+03	1.3626e-08	7.3389e-01	2.6611e-01	8.5547e-01	1.4452e-01	7.4450e-06	5.3406e-10	4.7292e-03	9.8553e-01	9.7414e-03	1.1755e-36	7.7753e-01	2.2245e-01	1.5403e-05	1.1755e-36	1.1755e-36	1.1755e-36	1.0514e-16	0.00e+00	0.00e+00	1.5839e+01
4.41997e+15	5.2858e+03	1.051e-17	4.6416e+03	1.2680e+03	1.4731e-08	7.3937e-01	2.6063e-01	8.5686e-01	1.4314e-01	7.4376e-06	5.5515e-10	4.6428e-03	9.8576e-01	9.5924e-03	1.1755e-36	7.8243e-01	2.1756e-01	1.4770e-05	1.1755e-36	1.1755e-36	1.1755e-36	1.1237e-16	0.00e+00	0.00e+00	1.5999e+01
4.42845e+15	5.2261e+03	1.014e-17	4.6416e+03	1.2371e+03	1.6520e-08	7.4596e-01	2.5404e-01	8.5868e-01	1.4131e-01	7.4043e-06	5.8377e-10	4.5453e-03	9.8605e-01	9.4090e-03	1.1755e-36	7.8834e-01	2.1165e-01	1.4056e-05	1.1755e-36	1.1755e-36	1.1755e-36	1.2266e-16	0.00e+00	0.00e+00	1.6208e+01
4.43766e+15	5.1674e+03	9.765e-18	4.6416e+03	1.2049e+03	1.8560e-08	7.5273e-01	2.4727e-01	8.6043e-01	1.3956e-01	7.3836e-06	6.1503e-10	4.4426e-03	9.8633e-01	9.2288e-03	1.1755e-36	7.9436e-01	2.0563e-01	1.3350e-05	1.1755e-36	1.1755e-36	1.1755e-36	1.3465e-16	0.00e+00	0.00e+00	1.6403e+01
4.44611e+15	5.1081e+03	9.429e-18	4.6416e+03	1.1758e+03	2.0836e-08	7.5895e-01	2.4105e-01	8.6207e-01	1.3793e-01	7.3585e-06	6.4691e-10	4.3504e-03	9.8659e-01	9.0644e-03	1.1755e-36	7.9989e-01	2.0010e-01	1.2729e-05	1.1755e-36	1.1755e-36	1.1755e-36	1.4769e-16	0.00e+00	0.00e+00	1.6583e+01
4.45382e+15	5.0562e+03	9.130e-18	4.6416e+03	1.1499e+03	2.3116e-08	7.6452e-01	2.3548e-01	8.6353e-01	1.3646e-01	7.3376e-06	6.7794e-10	4.2676e-03	9.8681e-01	8.9175e-03	1.1755e-36	8.0482e-01	1.9516e-01	1.2187e-05	1.1755e-36	1.1755e-36	1.1755e-36	1.6113e-16	0.00e+00	0.00e+00	1.6748e+01
4.46124e+15	5.0055e+03	8.846e-18	4.6416e+03	1.1247e+03	2.5600e-08	7.6979e-01	2.3021e-01	8.6491e-01	1.3508e-01	7.3206e-06	7.0972e-10	4.1871e-03	9.8703e-01	8.7785e-03	1.1755e-36	8.0949e-01	1.9050e-01	1.1684e-05	1.1755e-36	1.1755e-36	1.1755e-36	1.7573e-16	0.00e+00	0.00e+00	1.6916e+01
4.46883e+15	4.9517e+03	8.562e-18	4.6416e+03	1.0993e+03	2.8514e-08	7.7515e-01	2.2485e-01	8.6634e-01	1.3365e-01	7.3014e-06	7.4538e-10	4.1060e-03	9.8727e-01	8.6224e-03	1.1755e-36	8.1421e-01	1.8578e-01	1.1190e-05	1.1755e-36	1.1755e-36	1.1755e-36	1.9224e-16	0.00e+00	0.00e+00	1.7091e+01
4.47645e+15	4.8966e+03	8.287e-18	4.6416e+03	1.0739e+03	3.1850e-08	7.8038e-01	2.1962e-01	8.6771e-01	1.3228e-01	7.2862e-06	7.8309e-10	4.0249e-03	9.8751e-01	8.4679e-03	1.1755e-36	8.1883e-01	1.8116e-01	1.0719e-05	1.1755e-36	1.1755e-36	1.1755e-36	2.1068e-16	0.00e+00	0.00e+00	1.7264e+01
4.48381e+15	4.8414e+03	8.029e-18	4.6416e+03	1.0506e+03	3.5631e-08	7.8556e-01	2.1444e-01	8.6912e-01	1.3087e-01	7.2586e-06	8.2479e-10	3.9511e-03	9.8773e-01	8.3148e-03	1.1755e-36	8.2338e-01	1.7661e-01	1.0274e-05	1.1755e-36	1.1755e-36	1.1755e-36	2.3231e-16	0.00e+00	0.00e+00	1.7429e+01
4.49080e+15	4.7907e+03	7.791e-18	4.6416e+03	1.0281e+03	3.9551e-08	7.9019e-01	2.0981e-01	8.7033e-01	1.2966e-01	7.2466e-06	8.6436e-10	3.8788e-03	9.8794e-01	8.1785e-03	1.1755e-36	8.2745e-01	1.7254e-01	9.8771e-06	1.1755e-36	1.1755e-36	1.1755e-36	2.5420e-16	0.00e+00	0.00e+00	1.7586e+01
4.49761e+15	4.7402e+03	7.562e-18	4.6416e+03	1.0065e+03	4.3935e-08	7.9473e-01	2.0527e-01	8.7155e-01	1.2844e-01	7.2304e-06	9.0692e-10	3.8099e-03	9.8815e-01	8.0440e-03	1.1755e-36	8.3142e-01	1.6857e-01	9.5005e-06	1.1755e-36	1.1755e-36	1.1755e-36	2.7916e-16	0.00e+00	0.00e+00	1.7745e+01
4.50446e+15	4.6879e+03	7.338e-18	4.6416e+03	9.8523e+02	4.9027e-08	7.9928e-01	2.0072e-01	8.7278e-01	1.2721e-01	7.2114e-06	9.5380e-10	3.7420e-03	9.8835e-01	7.9092e-03	1.1755e-36	8.3539e-01	1.6461e-01	9.1355e-06	1.1755e-36	1.1755e-36	1.1755e-36	3.0845e-16	0.00e+00	0.00e+00	1.7906e+01
4.51118e+15	4.6347e+03	7.124e-18	4.6416e+03	9.6452e+02	5.4833e-08	8.0367e-01	1.9633e-01	8.7398e-01	1.2601e-01	7.1926e-06	1.0038e-09	3.6763e-03	9.8854e-01	7.7788e-03	1.1755e-36	8.3922e-01	1.6077e-01	8.7916e-06	1.1755e-36	1.1755e-36	1.1755e-36	3.4189e-16	0.00e+00	0.00e+00	1.8061e+01
4.51760e+15	4.5852e+03	6.926e-18	4.6416e+03	9.4486e+02	6.0961e-08	8.0772e-01	1.9228e-01	8.7506e-01	1.2493e-01	7.1805e-06	1.0537e-09	3.6135e-03	9.8873e-01	7.6588e-03	1.1755e-36	8.4275e-01	1.5724e-01	8.4785e-06	1.1755e-36	1.1755e-36	1.1755e-36	3.7757e-16	0.00e+00	0.00e+00	1.8209e+01
4.52382e+15	4.5366e+03	6.738e-18	4.6416e+03	9.2616e+02	6.7720e-08	8.1163e-01	1.8837e-01	8.7613e-01	1.2387e-01	7.1659e-06	1.1068e-09	3.5538e-03	9.8890e-01	7.5420e-03	1.1755e-36	8.4615e-01	1.5384e-01	8.1826e-06	1.1755e-36	1.1755e-36	1.1755e-36	4.1798e-16	0.00e+00	0.00e+00	1.8357e+01
4.53002e+15	4.4872e+03	6.553e-18	4.6416e+03	9.0784e+02	7.5463e-08	8.1553e-01	1.8447e-01	8.7720e-01	1.2279e-01	7.1489e-06	1.1651e-09	3.4956e-03	9.8908e-01	7.4257e-03	1.1755e-36	8.4952e-01	1.5047e-01	7.8968e-06	1.1755e-36	1.1755e-36	1.1755e-36	4.6545e-16	0.00e+00	0.00e+00	1.8505e+01
4.53616e+15	4.4369e+03	6.377e-18	4.6416e+03	8.8994e+02	8.4308e-08	8.1933e-01	1.8067e-01	8.7826e-01	1.2173e-01	7.1310e-06	1.2284e-09	3.4389e-03	9.8925e-01	7.3120e-03	1.1755e-36	8.5282e-01	1.4718e-01	7.6242e-06	1.1755e-36	1.1755e-36	1.1755e-36	5.2063e-16	0.00e+00	0.00e+00	1.8650e+01
4.54207e+15	4.3891e+03	6.211e-18	4.6416e+03	8.7279e+02	9.3822e-08	8.2289e-01	1.7711e-01	8.7924e-01	1.2076e-01	7.1180e-06	1.2933e-09	3.3844e-03	9.8941e-01	7.2058e-03	1.1755e-36	8.5589e-01	1.4410e-01	7.3726e-06	1.1755e-36	1.1755e-36	1.1755e-36	5.8144e-16	0.00e+00	0.00e+00	1.8790e+01
4.54780e+15	4.3424e+03	6.053e-18	4.6416e+03	8.5642e+02	1.0428e-07	8.2630e-01	1.7370e-01	8.8019e-01	1.1980e-01	7.1037e-06	1.3622e-09	3.3326e-03	9.8956e-01	7.1029e-03	1.1755e-36	8.5885e-01	1.4114e-01	7.1347e-06	1.1755e-36	1.1755e-36	1.1755e-36	6.5045e-16	0.00e+00	0.00e+00	1.8927e+01
4.55349e+15	4.2954e+03	5.900e-18	4.6416e+03	8.4046e+02	1.1613e-07	8.2968e-01	1.7032e-01	8.8115e-01	1.1884e-01	7.0876e-06	1.4377e-09	3.2822e-03	9.8972e-01	7.0012e-03	1.1755e-36	8.6176e-01	1.3823e-01	6.9055e-06	1.1755e-36	1.1755e-36	1.1755e-36	7.3143e-16	0.00e+00	0.00e+00	1.9065e+01
4.55910e+15	4.2480e+03	5.753e-18	4.6416e+03	8.2487e+02	1.2955e-07	8.3298e-01	1.6702e-01	8.8209e-01	1.1790e-01	7.0709e-06	1.5199e-09	3.2332e-03	9.8987e-01	6.9017e-03	1.1755e-36	8.6460e-01	1.3539e-01	6.6862e-06	1.1755e-36	1.1755e-36	1.1755e-36	8.2620e-16	0.00e+00	0.00e+00	1.9201e+01
4.56457e+15	4.2021e+03	5.613e-18	4.6416e+03	8.0983e+02	1.4422e-07	8.3611e-01	1.6389e-01	8.8298e-01	1.1702e-01	7.0569e-06	1.6063e-09	3.1858e-03	9.9001e-01	6.8073e-03	1.1755e-36	8.6730e-01	1.3269e-01	6.4807e-06	1.1755e-36	1.1755e-36	1.1755e-36	9.3342e-16	0.00e+00	0.00e+00	1.9333e+01
4.56989e+15	4.1572e+03	5.479e-18	4.6416e+03	7.9538e+02	1.6037e-07	8.3913e-01	1.6087e-01	8.8384e-01	1.1615e-01	7.0427e-06	1.6988e-09	3.1405e-03	9.9014e-01	6.7159e-03	1.1755e-36	8.6990e-01	1.3010e-01	6.2858e-06	1.1755e-36	1.1755e-36	1.1755e-36	1.0565e-15	0.00e+00	0.00e+00	1.9463e+01
4.57515e+15	4.1122e+03	5.350e-18	4.6416e+03	7.8129e+02	1.7856e-07	8.4211e-01	1.5789e-01	8.8470e-01	1.1529e-01	7.0272e-06	1.8001e-09	3.0964e-03	9.9028e-01	6.6261e-03	1.1755e-36	8.7245e-01	1.2755e-01	6.0977e-06	1.1755e-36	1.1755e-36	1.1755e-36	1.2013e-15	0.00e+00	0.00e+00	1.9592e+01
4.58035e+15	4.0673e+03	5.225e-18	4.6416e+03	7.6749e+02	1.9903e-07	8.4502e-01	1.5498e-01	8.8554e-01	1.1445e-01	7.0123e-06	1.9105e-09	3.0535e-03	9.9041e-01	6.5387e-03	1.1755e-36	8.7494e-01	1.2505e-01	5.9171e-06	1.1755e-36	1.1755e-36	1.1755e-36	1.3714e-15	0.00e+00	0.00e+00	1.9719e+01
4.58542e+15	4.0232e+03	5.105e-18	4.6416e+03	7.5404e+02	2.2157e-07	8.4783e-01	1.5217e-01	8.8633e-01	1.1366e-01	7.0002e-06	2.0288e-09	3.0117e-03	9.9053e-01	6.4553e-03	1.1755e-36	8.7735e-01	1.2264e-01	5.7455e-06	1.1755e-36	1.1755e-36	1.1755e-36	1.5678e-15	0.00e+00	0.00e+00	1.9844e+01
4.59038e+15	3.9797e+03	4.988e-18	4.6416e+03	7.4081e+02	2.4669e-07	8.5062e-01	1.4938e-01	8.8708e-01	1.1291e-01	6.9916e-06	2.1577e-09	2.9706e-03	9.9065e-01	6.3756e-03	1.1755e-36	8.7973e-01	1.2026e-01	5.5793e-06	1.1755e-36	1.1755e-36	1.1755e-36	1.7988e-15	0.00e+00	0.00e+00	1.9966e+01
