#depth	Te	Htot	hden	eden	2H_2/H	HI	HII	HeI	HeII	HeIII	CO/C	C1	C2	C3	C4	O1	O2	O3	O4	O5	O6	H2O/O	AV(point)	AV(extend)	Tau912
2.58735e+13	6.7643e+03	1.499e-19	2.1544e+02	2.3423e+02	3.3904e-16	5.9068e-04	9.9941e-01	3.1851e-03	9.8660e-01	1.0213e-02	1.4980e-20	9.4368e-06	5.6004e-02	9.3938e-01	4.6014e-03	6.5490e-05	1.5846e-01	8.3722e-01	4.2610e-03	1.1755e-36	1.1755e-36	1.5656e-28	0.00e+00	0.00e+00	4.1571e-05
1.55241e+14	6.7635e+03	1.499e-19	2.1544e+02	2.3421e+02	3.3913e-16	5.9058e-04	9.9941e-01	3.1849e-03	9.8661e-01	1.0206e-02	1.4963e-20	9.4305e-06	5.5996e-02	9.3938e-01	4.6135e-03	6.5446e-05	1.5838e-01	8.3731e-01	4.2460e-03	1.1755e-36	1.1755e-36	1.5636e-28	0.00e+00	0.00e+00	2.0783e-04
6.72710e+14	6.7616e+03	1.499e-19	2.1544e+02	2.3421e+02	3.3936e-16	5.9040e-04	9.9941e-01	3.1853e-03	9.8667e-01	1.0142e-02	1.4945e-20	9.4210e-06	5.5990e-02	9.3939e-01	4.6099e-03	6.5414e-05	1.5836e-01	8.3739e-01	4.1845e-03	1.1755e-36	1.1755e-36	1.5611e-28	0.00e+00	0.00e+00	8.7265e-04
2.74259e+15	6.7565e+03	1.497e-19	2.1544e+02	2.3420e+02	3.4037e-16	5.9022e-04	9.9941e-01	3.1881e-03	9.8700e-01	9.8069e-03	1.4943e-20	9.4097e-06	5.6021e-02	9.3939e-01	4.5806e-03	6.5442e-05	1.5842e-01	8.3757e-01	3.9477e-03	1.1755e-36	1.1755e-36	1.5587e-28	0.00e+00	0.00e+00	3.5311e-03
6.55116e+15	6.7430e+03	1.492e-19	2.1544e+02	2.3420e+02	3.4131e-16	5.8831e-04	9.9941e-01	3.1874e-03	9.8719e-01	9.6179e-03	1.4822e-20	9.3626e-06	5.6005e-02	9.3943e-01	4.5557e-03	6.5272e-05	1.5835e-01	8.3796e-01	3.6253e-03	1.1755e-36	1.1755e-36	1.5385e-28	0.00e+00	0.00e+00	6.9759e-03
1.15023e+16	6.7270e+03	1.487e-19	2.1544e+02	2.3419e+02	3.4212e-16	5.8659e-04	9.9941e-01	3.1892e-03	9.8773e-01	9.0821e-03	1.4689e-20	9.3336e-06	5.6027e-02	9.3946e-01	4.5020e-03	6.5182e-05	1.5839e-01	8.3831e-01	3.2359e-03	1.1755e-36	1.1755e-36	1.5118e-28	0.00e+00	0.00e+00	1.1441e-02
1.79388e+16	6.7120e+03	1.480e-19	2.1544e+02	2.3418e+02	3.4182e-16	5.8459e-04	9.9942e-01	3.1920e-03	9.8859e-01	8.2194e-03	1.4530e-20	9.3064e-06	5.6048e-02	9.3952e-01	4.4230e-03	6.5119e-05	1.5852e-01	8.3864e-01	2.7833e-03	1.1755e-36	1.1755e-36	1.4797e-28	0.00e+00	0.00e+00	1.7226e-02
2.63062e+16	6.6919e+03	1.473e-19	2.1544e+02	2.3416e+02	3.4309e-16	5.8260e-04	9.9942e-01	3.1976e-03	9.8976e-01	7.0384e-03	1.4409e-20	9.2871e-06	5.6102e-02	9.3957e-01	4.3165e-03	6.5166e-05	1.5886e-01	8.3879e-01	2.2797e-03	1.1755e-36	1.1755e-36	1.4517e-28	0.00e+00	0.00e+00	2.4721e-02
3.71839e+16	6.6695e+03	1.464e-19	2.1544e+02	2.3414e+02	3.4489e-16	5.8042e-04	9.9942e-01	3.2053e-03	9.9118e-01	5.6098e-03	1.4314e-20	9.2720e-06	5.6180e-02	9.3962e-01	4.1879e-03	6.5328e-05	1.5946e-01	8.3872e-01	1.7519e-03	1.1755e-36	1.1755e-36	1.4257e-28	0.00e+00	0.00e+00	3.4428e-02
5.13249e+16	6.6424e+03	1.453e-19	2.1544e+02	2.3411e+02	3.4607e-16	5.7824e-04	9.9942e-01	3.2159e-03	9.9271e-01	4.0750e-03	1.4182e-20	9.2653e-06	5.6305e-02	9.3964e-01	4.0447e-03	6.5671e-05	1.6041e-01	8.3828e-01	1.2396e-03	1.1755e-36	1.1755e-36	1.3869e-28	0.00e+00	0.00e+00	4.6999e-02
6.97081e+16	6.6118e+03	1.441e-19	2.1544e+02	2.3408e+02	3.4912e-16	5.7602e-04	9.9942e-01	3.2293e-03	9.9414e-01	2.6326e-03	1.4136e-20	9.2680e-06	5.6484e-02	9.3961e-01	3.8993e-03	6.6217e-05	1.6176e-01	8.3739e-01	7.8930e-04	1.1755e-36	1.1755e-36	1.3592e-28	0.00e+00	0.00e+00	6.3280e-02
9.36064e+16	6.5752e+03	1.428e-19	2.1544e+02	2.3406e+02	3.5096e-16	5.7406e-04	9.9943e-01	3.2467e-03	9.9528e-01	1.4703e-03	1.4025e-20	9.2873e-06	5.6748e-02	9.3948e-01	3.7607e-03	6.7029e-05	1.6354e-01	8.3596e-01	4.4010e-04	1.1755e-36	1.1755e-36	1.3109e-28	0.00e+00	0.00e+00	8.4372e-02
1.24674e+17	6.5336e+03	1.413e-19	2.1544e+02	2.3404e+02	3.5549e-16	5.7247e-04	9.9943e-01	3.2690e-03	9.9604e-01	6.8788e-04	1.4024e-20	9.3283e-06	5.7119e-02	9.3924e-01	3.6336e-03	6.8135e-05	1.6574e-01	8.3398e-01	2.0830e-04	1.1755e-36	1.1755e-36	1.2750e-28	0.00e+00	0.00e+00	1.1172e-01
1.65062e+17	6.4892e+03	1.395e-19	2.1544e+02	2.3402e+02	3.5925e-16	5.7146e-04	9.9943e-01	3.2982e-03	9.9644e-01	2.6055e-04	1.4014e-20	9.3985e-06	5.7615e-02	9.3886e-01	3.5139e-03	6.9593e-05	1.6840e-01	8.3145e-01	8.0908e-05	1.1755e-36	1.1755e-36	1.2290e-28	0.00e+00	0.00e+00	1.4720e-01
2.17567e+17	6.4368e+03	1.376e-19	2.1544e+02	2.3402e+02	3.6383e-16	5.7191e-04	9.9943e-01	3.3402e-03	9.9658e-01	7.7143e-05	1.4040e-20	9.5223e-06	5.8365e-02	9.3824e-01	3.3874e-03	7.1647e-05	1.7177e-01	8.2813e-01	2.4955e-05	1.1755e-36	1.1755e-36	1.1725e-28	0.00e+00	0.00e+00	1.9337e-01
2.85822e+17	6.3803e+03	1.355e-19	2.1544e+02	2.3402e+02	3.7145e-16	5.7444e-04	9.9943e-01	3.4004e-03	9.9658e-01	1.7420e-05	1.4257e-20	9.7186e-06	5.9424e-02	9.3732e-01	3.2433e-03	7.4537e-05	1.7610e-01	8.2382e-01	5.9811e-06	1.1755e-36	1.1755e-36	1.1284e-28	0.00e+00	0.00e+00	2.5365e-01
3.74555e+17	6.3195e+03	1.333e-19	2.1544e+02	2.3401e+02	3.8096e-16	5.8041e-04	9.9942e-01	3.4885e-03	9.9651e-01	3.0144e-06	1.4664e-20	1.0021e-05	6.0943e-02	9.3598e-01	3.0704e-03	7.8718e-05	1.8184e-01	8.1808e-01	1.1212e-06	1.1755e-36	1.1755e-36	1.0853e-28	0.00e+00	0.00e+00	3.3283e-01
4.89907e+17	6.2689e+03	1.309e-19	2.1544e+02	2.3401e+02	3.8903e-16	5.9094e-04	9.9941e-01	3.6145e-03	9.9639e-01	4.2111e-07	1.5381e-20	1.0481e-05	6.3079e-02	9.3405e-01	2.8656e-03	8.4727e-05	1.8945e-01	8.1047e-01	1.7387e-07	1.1755e-36	1.1755e-36	1.0518e-28	0.00e+00	0.00e+00	4.3763e-01
6.39865e+17	6.2218e+03	1.286e-19	2.1544e+02	2.3400e+02	4.0243e-16	6.0993e-04	9.9939e-01	3.8059e-03	9.9619e-01	5.0719e-08	1.6801e-20	1.1210e-05	6.6260e-02	9.3111e-01	2.6175e-03	9.3949e-05	2.0009e-01	7.9982e-01	1.1755e-36	1.1755e-36	1.1755e-36	1.0483e-28	0.00e+00	0.00e+00	5.7826e-01
8.34810e+17	6.1903e+03	1.265e-19	2.1544e+02	2.3398e+02	4.2358e-16	6.4256e-04	9.9936e-01	4.1039e-03	9.9590e-01	5.3820e-09	1.9616e-20	1.2383e-05	7.1114e-02	9.2655e-01	2.3222e-03	1.0866e-04	2.1530e-01	7.8459e-01	1.1755e-36	1.1755e-36	1.1755e-36	1.1070e-28	0.00e+00	0.00e+00	7.7085e-01
9.92247e+17	6.1567e+03	1.244e-19	2.1544e+02	2.3397e+02	4.0825e-16	6.6114e-04	9.9934e-01	4.3112e-03	9.9569e-01	1.0384e-09	1.9734e-20	1.3161e-05	7.4500e-02	9.2336e-01	2.1243e-03	1.1944e-04	2.2663e-01	7.7325e-01	1.1755e-36	1.1755e-36	1.1755e-36	9.6586e-29	0.00e+00	0.00e+00	8.5582e-01
1.09147e+18	6.1829e+03	1.237e-19	2.1544e+02	2.3396e+02	4.1205e-16	6.8310e-04	9.9932e-01	4.5063e-03	9.9549e-01	4.2992e-10	2.1882e-20	1.3946e-05	7.7550e-02	9.2044e-01	1.9999e-03	1.2941e-04	2.3551e-01	7.6437e-01	1.1755e-36	1.1755e-36	1.1755e-36	1.0342e-28	0.00e+00	0.00e+00	9.5240e-01
1.20062e+18	6.2088e+03	1.233e-19	2.1544e+02	2.3395e+02	4.2307e-16	7.1130e-04	9.9929e-01	4.7537e-03	9.9525e-01	1.7434e-10	2.4995e-20	1.4942e-05	8.1350e-02	9.1677e-01	1.8660e-03	1.4227e-04	2.4627e-01	7.5359e-01	1.1755e-36	1.1755e-36	1.1755e-36	1.1424e-28	0.00e+00	0.00e+00	1.0630e+00
1.32068e+18	6.2476e+03	1.230e-19	2.1544e+02	2.3393e+02	4.3797e-16	7.4650e-04	9.9925e-01	5.0648e-03	9.9494e-01	6.9370e-11	2.9547e-20	1.6209e-05	8.6064e-02	9.1219e-01	1.7248e-03	1.5888e-04	2.5927e-01	7.4057e-01	1.1755e-36	1.1755e-36	1.1755e-36	1.3126e-28	0.00e+00	0.00e+00	1.1907e+00
1.45275e+18	6.2997e+03	1.230e-19	2.1544e+02	2.3391e+02	4.5875e-16	7.9124e-04	9.9921e-01	5.4663e-03	9.9453e-01	2.7117e-11	3.6411e-20	1.7840e-05	9.2030e-02	9.0638e-01	1.5754e-03	1.8093e-04	2.7529e-01	7.2453e-01	1.1755e-36	1.1755e-36	1.1755e-36	1.5789e-28	0.00e+00	0.00e+00	1.3396e+00
1.59802e+18	6.3689e+03	1.231e-19	2.1544e+02	2.3389e+02	4.8775e-16	8.4892e-04	9.9915e-01	6.0005e-03	9.9400e-01	1.0448e-11	4.7312e-20	2.0000e-05	9.9763e-02	8.9880e-01	1.4175e-03	2.1114e-04	2.9540e-01	7.0439e-01	1.1755e-36	1.1755e-36	1.1755e-36	2.0135e-28	0.00e+00	0.00e+00	1.5153e+00
1.75783e+18	6.4605e+03	1.235e-19	2.1544e+02	2.3385e+02	5.2830e-16	9.2477e-04	9.9908e-01	6.7353e-03	9.9326e-01	3.9955e-12	6.5758e-20	2.2941e-05	1.1007e-01	8.8866e-01	1.2507e-03	2.5408e-04	3.2122e-01	6.7853e-01	1.1755e-36	1.1755e-36	1.1755e-36	2.7641e-28	0.00e+00	0.00e+00	1.7259e+00
1.93361e+18	6.5783e+03	1.242e-19	2.1544e+02	2.3381e+02	5.9123e-16	1.0276e-03	9.9897e-01	7.7980e-03	9.9220e-01	1.5385e-12	1.0036e-19	2.7107e-05	1.2434e-01	8.7456e-01	1.0743e-03	3.1821e-04	3.5535e-01	6.4433e-01	1.1755e-36	1.1755e-36	1.1755e-36	4.2166e-28	0.00e+00	0.00e+00	1.9833e+00
2.09971e+18	6.7133e+03	1.253e-19	2.1544e+02	2.3375e+02	6.6159e-16	1.1480e-03	9.9885e-01	9.1652e-03	9.9083e-01	6.9414e-13	1.5660e-19	3.2254e-05	1.4169e-01	8.5736e-01	9.1803e-04	4.0263e-04	3.9495e-01	6.0465e-01	1.1755e-36	1.1755e-36	1.1755e-36	6.5636e-28	0.00e+00	0.00e+00	2.2144e+00
2.23024e+18	6.8375e+03	1.265e-19	2.1544e+02	2.3369e+02	7.3423e-16	1.2666e-03	9.9873e-01	1.0660e-02	9.8934e-01	4.0142e-13	2.3444e-19	3.7631e-05	1.5957e-01	8.3960e-01	7.9709e-04	4.9544e-04	4.3332e-01	5.6618e-01	1.1755e-36	1.1755e-36	1.1755e-36	9.8151e-28	0.00e+00	0.00e+00	2.4092e+00
2.33056e+18	6.9422e+03	1.276e-19	2.1544e+02	2.3363e+02	8.0914e-16	1.3765e-03	9.9862e-01	1.2212e-02	9.8779e-01	2.7520e-13	3.3300e-19	4.2877e-05	1.7685e-01	8.2240e-01	7.0460e-04	5.8982e-04	4.6824e-01	5.3117e-01	1.1755e-36	1.1755e-36	1.1755e-36	1.3973e-27	0.00e+00	0.00e+00	2.5732e+00
2.41458e+18	7.0336e+03	1.285e-19	2.1544e+02	2.3357e+02	8.8923e-16	1.4849e-03	9.9852e-01	1.3905e-02	9.8609e-01	2.0528e-13	4.6015e-19	4.8316e-05	1.9458e-01	8.0474e-01	6.2606e-04	6.9029e-04	5.0171e-01	4.9760e-01	1.1755e-36	1.1755e-36	1.1755e-36	1.9309e-27	0.00e+00	0.00e+00	2.7356e+00
2.50707e+18	7.1338e+03	1.296e-19	2.1544e+02	2.3349e+02	1.0124e-15	1.6262e-03	9.9837e-01	1.6371e-02	9.8363e-01	1.5153e-13	6.8461e-19	5.5740e-05	2.1848e-01	7.8092e-01	5.3759e-04	8.3072e-04	5.4314e-01	4.5603e-01	1.1755e-36	1.1755e-36	1.1755e-36	2.8875e-27	0.00e+00	0.00e+00	2.9669e+00
2.60159e+18	7.2510e+03	1.310e-19	2.1544e+02	2.3338e+02	1.1520e-15	1.7970e-03	9.9820e-01	1.9906e-02	9.8009e-01	1.1237e-13	1.0489e-18	6.5277e-05	2.4910e-01	7.5039e-01	4.5202e-04	1.0170e-03	5.9233e-01	4.0666e-01	1.1755e-36	1.1755e-36	1.1755e-36	4.3850e-27	0.00e+00	0.00e+00	3.1734e+00
2.67383e+18	7.3476e+03	1.323e-19	2.1544e+02	2.3326e+02	1.2908e-15	1.9543e-03	9.9805e-01	2.3866e-02	9.7613e-01	9.0993e-14	1.5088e-18	7.4703e-05	2.7926e-01	7.2028e-01	3.8597e-04	1.2033e-03	6.3609e-01	3.6271e-01	1.1755e-36	1.1755e-36	1.1755e-36	6.2447e-27	0.00e+00	0.00e+00	3.3329e+00
2.72864e+18	7.4273e+03	1.332e-19	2.1544e+02	2.3318e+02	1.4254e-15	2.0915e-03	9.9791e-01	2.8134e-02	9.7187e-01	7.8073e-14	2.0448e-18	8.3538e-05	3.0712e-01	6.9246e-01	3.3515e-04	1.3763e-03	6.7273e-01	3.2589e-01	1.1755e-36	1.1755e-36	1.1755e-36	8.4361e-27	0.00e+00	0.00e+00	3.4741e+00
2.77428e+18	7.4834e+03	1.341e-19	2.1544e+02	2.3303e+02	1.5547e-15	2.2232e-03	9.9778e-01	3.2795e-02	9.6721e-01	6.8104e-14	2.6474e-18	9.2208e-05	3.3493e-01	6.6469e-01	2.9228e-04	1.5490e-03	7.0583e-01	2.9262e-01	1.1755e-36	1.1755e-36	1.1755e-36	1.0696e-26	0.00e+00	0.00e+00	3.6000e+00
2.81394e+18	7.5387e+03	1.349e-19	2.1544e+02	2.3291e+02	1.6953e-15	2.3496e-03	9.9765e-01	3.8297e-02	9.6170e-01	6.0400e-14	3.3852e-18	1.0109e-04	3.6278e-01	6.3686e-01	2.5519e-04	1.7220e-03	7.3636e-01	2.6192e-01	1.1755e-36	1.1755e-36	1.1755e-36	1.3558e-26	0.00e+00	0.00e+00	3.7204e+00
2.84964e+18	7.5873e+03	1.357e-19	2.1544e+02	2.3277e+02	1.8367e-15	2.4756e-03	9.9752e-01	4.4919e-02	9.5508e-01	5.3786e-14	4.2501e-18	1.1022e-04	3.9158e-01	6.0809e-01	2.2191e-04	1.9005e-03	7.6551e-01	2.3259e-01	1.1755e-36	1.1755e-36	1.1755e-36	1.6774e-26	0.00e+00	0.00e+00	3.8339e+00
2.88111e+18	7.6299e+03	1.363e-19	2.1544e+02	2.3259e+02	1.9810e-15	2.5976e-03	9.9740e-01	5.2792e-02	9.4721e-01	4.8207e-14	5.2425e-18	1.1939e-04	4.2050e-01	5.7919e-01	1.9271e-04	2.0790e-03	7.9261e-01	2.0531e-01	1.1755e-36	1.1755e-36	1.1755e-36	2.0386e-26	0.00e+00	0.00e+00	3.9372e+00
2.90823e+18	7.6665e+03	1.369e-19	2.1544e+02	2.3240e+02	2.1220e-15	2.7121e-03	9.9729e-01	6.1947e-02	9.3805e-01	4.3536e-14	6.3268e-18	1.2829e-04	4.4855e-01	5.5116e-01	1.6768e-04	2.2513e-03	8.1710e-01	1.8065e-01	1.1755e-36	1.1755e-36	1.1755e-36	2.4239e-26	0.00e+00	0.00e+00	4.0295e+00
2.93156e+18	7.6972e+03	1.374e-19	2.1544e+02	2.3218e+02	2.2591e-15	2.8183e-03	9.9718e-01	7.2507e-02	9.2749e-01	3.9555e-14	7.4802e-18	1.3675e-04	4.7526e-01	5.2446e-01	1.4629e-04	2.4150e-03	8.3899e-01	1.5860e-01	1.1755e-36	1.1755e-36	1.1755e-36	2.8255e-26	0.00e+00	0.00e+00	4.1125e+00
2.95191e+18	7.7237e+03	1.379e-19	2.1544e+02	2.3193e+02	2.3931e-15	2.9171e-03	9.9708e-01	8.4784e-02	9.1522e-01	3.6043e-14	8.6980e-18	1.4480e-04	5.0067e-01	4.9906e-01	1.2784e-04	2.5705e-03	8.5870e-01	1.3873e-01	1.1755e-36	1.1755e-36	1.1755e-36	3.2435e-26	0.00e+00	0.00e+00	4.1881e+00
2.96986e+18	7.7429e+03	1.383e-19	2.1544e+02	2.3170e+02	2.5367e-15	3.0107e-03	9.9699e-01	9.9376e-02	9.0062e-01	3.2893e-14	1.0008e-17	1.5252e-04	5.2486e-01	4.7487e-01	1.1168e-04	2.7198e-03	8.7663e-01	1.2065e-01	1.1755e-36	1.1755e-36	1.1755e-36	3.6974e-26	0.00e+00	0.00e+00	4.2572e+00
2.98565e+18	7.7646e+03	1.385e-19	2.1544e+02	2.3134e+02	2.6491e-15	3.0951e-03	9.9690e-01	1.1615e-01	8.8385e-01	2.9938e-14	1.1265e-17	1.5957e-04	5.4750e-01	4.5224e-01	9.7798e-05	2.8583e-03	8.9272e-01	1.0442e-01	1.1755e-36	1.1755e-36	1.1755e-36	4.0975e-26	0.00e+00	0.00e+00	4.3191e+00
2.99954e+18	7.7811e+03	1.388e-19	2.1544e+02	2.3103e+02	2.7769e-15	3.1736e-03	9.9683e-01	1.3589e-01	8.6411e-01	2.7297e-14	1.2613e-17	1.6617e-04	5.6837e-01	4.3138e-01	8.5749e-05	2.9881e-03	9.0715e-01	8.9859e-02	1.1755e-36	1.1755e-36	1.1755e-36	4.5555e-26	0.00e+00	0.00e+00	4.3755e+00
3.01184e+18	7.7967e+03	1.388e-19	2.1544e+02	2.3063e+02	2.8885e-15	3.2449e-03	9.9676e-01	1.5883e-01	8.4117e-01	2.4786e-14	1.3917e-17	1.7213e-04	5.8756e-01	4.1219e-01	7.5303e-05	3.1080e-03	9.2007e-01	7.6820e-02	1.1755e-36	1.1755e-36	1.1755e-36	4.9778e-26	0.00e+00	0.00e+00	4.4264e+00
3.02272e+18	7.8057e+03	1.389e-19	2.1544e+02	2.3015e+02	3.0007e-15	3.3106e-03	9.9669e-01	1.8540e-01	8.1460e-01	2.2402e-14	1.5191e-17	1.7748e-04	6.0498e-01	3.9478e-01	6.6219e-05	3.2191e-03	9.3154e-01	6.5236e-02	1.1755e-36	1.1755e-36	1.1755e-36	5.3786e-26	0.00e+00	0.00e+00	4.4725e+00
3.03244e+18	7.8178e+03	1.386e-19	2.1544e+02	2.2943e+02	3.0706e-15	3.3663e-03	9.9663e-01	2.1552e-01	7.8448e-01	2.0001e-14	1.6249e-17	1.8192e-04	6.2037e-01	3.7939e-01	5.8424e-05	3.3167e-03	9.4164e-01	5.5042e-02	1.1755e-36	1.1755e-36	1.1755e-36	5.6491e-26	0.00e+00	0.00e+00	4.5146e+00
3.04128e+18	7.8225e+03	1.384e-19	2.1544e+02	2.2892e+02	3.2003e-15	3.4226e-03	9.9658e-01	2.5144e-01	7.4856e-01	1.7849e-14	1.7612e-17	1.8627e-04	6.3457e-01	3.6519e-01	5.1378e-05	3.4119e-03	9.5071e-01	4.5879e-02	1.1755e-36	1.1755e-36	1.1755e-36	6.1227e-26	0.00e+00	0.00e+00	4.5541e+00
3.04934e+18	7.8305e+03	1.380e-19	2.1544e+02	2.2823e+02	3.2916e-15	3.4713e-03	9.9653e-01	2.9293e-01	7.0707e-01	1.5706e-14	1.8781e-17	1.8987e-04	6.4712e-01	3.5264e-01	4.5196e-05	3.4966e-03	9.5871e-01	3.7794e-02	1.1755e-36	1.1755e-36	1.1755e-36	6.4763e-26	0.00e+00	0.00e+00	4.5901e+00
3.05662e+18	7.8300e+03	1.375e-19	2.1544e+02	2.2741e+02	3.3941e-15	3.5167e-03	9.9648e-01	3.3999e-01	6.6001e-01	1.3633e-14	1.9903e-17	1.9290e-04	6.5809e-01	3.4167e-01	3.9742e-05	3.5740e-03	9.6559e-01	3.0837e-02	1.1755e-36	1.1755e-36	1.1755e-36	6.8043e-26	0.00e+00	0.00e+00	4.6233e+00
3.06333e+18	7.8331e+03	1.367e-19	2.1544e+02	2.2648e+02	3.4814e-15	3.5559e-03	9.9644e-01	3.9292e-01	6.0708e-01	1.1638e-14	2.0957e-17	1.9533e-04	6.6751e-01	3.3226e-01	3.4915e-05	3.6419e-03	9.7149e-01	2.4870e-02	1.1755e-36	1.1755e-36	1.1755e-36	7.1062e-26	0.00e+00	0.00e+00	4.6547e+00
3.06970e+18	7.8260e+03	1.359e-19	2.1544e+02	2.2542e+02	3.5930e-15	3.5950e-03	9.9640e-01	4.5300e-01	5.4700e-01	9.6864e-15	2.2022e-17	1.9734e-04	6.7582e-01	3.2395e-01	3.0476e-05	3.7067e-03	9.7656e-01	1.9730e-02	1.1755e-36	1.1755e-36	1.1755e-36	7.4060e-26	0.00e+00	0.00e+00	4.6852e+00
3.07588e+18	7.8216e+03	1.348e-19	2.1544e+02	2.2422e+02	3.6589e-15	3.6307e-03	9.9637e-01	5.2038e-01	4.7962e-01	7.7379e-15	2.2802e-17	1.9893e-04	6.8297e-01	3.1680e-01	2.6380e-05	3.7657e-03	9.8091e-01	1.5322e-02	1.1755e-36	1.1755e-36	1.1755e-36	7.5166e-26	0.00e+00	0.00e+00	4.7155e+00
3.08293e+18	7.8110e+03	1.332e-19	2.1544e+02	2.2247e+02	3.7498e-15	3.6686e-03	9.9633e-01	6.0507e-01	3.9493e-01	5.7370e-15	2.3663e-17	1.9999e-04	6.8976e-01	3.1002e-01	2.1968e-05	3.8272e-03	9.8500e-01	1.1169e-02	1.1755e-36	1.1755e-36	1.1755e-36	7.6293e-26	0.00e+00	0.00e+00	4.7552e+00
3.09058e+18	7.7913e+03	1.317e-19	2.1544e+02	2.2100e+02	3.9637e-15	3.7204e-03	9.9628e-01	7.0217e-01	2.9783e-01	3.7854e-15	2.5272e-17	2.0128e-04	6.9616e-01	3.0362e-01	1.7634e-05	3.9016e-03	9.8849e-01	7.6055e-03	1.1755e-36	1.1755e-36	1.1755e-36	8.1614e-26	0.00e+00	0.00e+00	4.7924e+00
3.09767e+18	7.7769e+03	1.300e-19	2.1544e+02	2.1937e+02	4.0939e-15	3.7636e-03	9.9624e-01	7.8675e-01	2.1325e-01	2.4063e-15	2.6255e-17	2.0172e-04	7.0048e-01	2.9931e-01	1.4091e-05	3.9628e-03	9.9087e-01	5.1700e-03	1.1755e-36	1.1755e-36	1.1755e-36	8.3657e-26	0.00e+00	0.00e+00	4.8275e+00
3.10556e+18	7.7608e+03	1.285e-19	2.1544e+02	2.1784e+02	4.2485e-15	3.8176e-03	9.9618e-01	8.6209e-01	1.3791e-01	1.3828e-15	2.7322e-17	2.0211e-04	7.0419e-01	2.9559e-01	1.0697e-05	4.0340e-03	9.9263e-01	3.3354e-03	1.1755e-36	1.1755e-36	1.1755e-36	8.6172e-26	0.00e+00	0.00e+00	4.8738e+00
3.11582e+18	7.7475e+03	1.273e-19	2.1544e+02	2.1653e+02	4.4211e-15	3.8975e-03	9.9610e-01	9.2682e-01	7.3184e-02	6.2762e-16	2.8546e-17	2.0285e-04	7.0798e-01	2.9181e-01	7.3103e-06	4.1339e-03	9.9399e-01	1.8775e-03	1.1755e-36	1.1755e-36	1.1755e-36	8.9144e-26	0.00e+00	0.00e+00	4.9353e+00
3.12915e+18	7.7417e+03	1.266e-19	2.1544e+02	2.1546e+02	4.4816e-15	4.0115e-03	9.9599e-01	9.6916e-01	3.0841e-02	2.2066e-16	2.9095e-17	2.0397e-04	7.1191e-01	2.8788e-01	4.3588e-06	4.2720e-03	9.9483e-01	8.9389e-04	1.1755e-36	1.1755e-36	1.1755e-36	8.7456e-26	0.00e+00	0.00e+00	5.0175e+00
3.14648e+18	7.7477e+03	1.268e-19	2.1544e+02	2.1494e+02	4.6303e-15	4.1786e-03	9.9582e-01	9.8961e-01	1.0392e-02	6.1567e-17	3.0502e-17	2.0602e-04	7.1669e-01	2.8310e-01	2.1949e-06	4.4705e-03	9.9518e-01	3.4987e-04	1.1755e-36	1.1755e-36	1.1755e-36	9.0155e-26	0.00e+00	0.00e+00	5.1289e+00
3.16901e+18	7.7640e+03	1.277e-19	2.1544e+02	2.1473e+02	4.9050e-15	4.4199e-03	9.9558e-01	9.9708e-01	2.9165e-03	1.4340e-17	3.3054e-17	2.0904e-04	7.2286e-01	2.7693e-01	9.0025e-07	4.7555e-03	9.9514e-01	1.0944e-04	1.1755e-36	1.1755e-36	1.1755e-36	9.7844e-26	0.00e+00	0.00e+00	5.2820e+00
3.19830e+18	7.7888e+03	1.292e-19	2.1544e+02	2.1463e+02	5.5007e-15	4.7747e-03	9.9523e-01	9.9925e-01	7.5258e-04	3.0854e-18	3.8232e-17	2.1319e-04	7.3112e-01	2.6866e-01	2.8563e-07	5.1748e-03	9.9480e-01	2.6521e-05	1.1755e-36	1.1755e-36	1.1755e-36	1.1811e-25	0.00e+00	0.00e+00	5.4970e+00
3.23637e+18	7.8214e+03	1.314e-19	2.1544e+02	2.1455e+02	6.6718e-15	5.3172e-03	9.9468e-01	9.9977e-01	2.3138e-04	7.8715e-19	4.8275e-17	2.1886e-04	7.4246e-01	2.5732e-01	1.1755e-36	5.8190e-03	9.9418e-01	4.7949e-06	1.1755e-36	1.1755e-36	1.1755e-36	1.6371e-25	0.00e+00	0.00e+00	5.8084e+00
3.28587e+18	7.8612e+03	1.344e-19	2.1544e+02	2.1440e+02	9.0911e-15	6.2021e-03	9.9380e-01	9.9989e-01	1.0878e-04	2.9985e-19	6.9251e-17	2.2661e-04	7.5836e-01	2.4142e-01	1.1755e-36	6.8763e-03	9.9312e-01	6.1227e-07	1.1755e-36	1.1755e-36	1.1755e-36	2.7657e-25	0.00e+00	0.00e+00	6.2805e+00
3.33446e+18	7.9014e+03	1.379e-19	2.1544e+02	2.1422e+02	1.3289e-14	7.4115e-03	9.9259e-01	9.9993e-01	6.9958e-05	1.6110e-19	1.0670e-16	2.3496e-04	7.7530e-01	2.2447e-01	1.1755e-36	8.3310e-03	9.9167e-01	7.9940e-08	1.1755e-36	1.1755e-36	1.1755e-36	5.2640e-25	0.00e+00	0.00e+00	6.6960e+00
3.36798e+18	7.9239e+03	1.406e-19	2.1544e+02	2.1386e+02	1.8288e-14	8.5692e-03	9.9143e-01	9.9995e-01	5.0213e-05	1.0289e-19	1.5166e-16	2.4074e-04	7.8845e-01	2.1131e-01	1.1755e-36	9.7315e-03	9.9027e-01	2.1051e-08	1.1755e-36	1.1755e-36	1.1755e-36	8.8977e-25	0.00e+00	0.00e+00	6.9971e+00
3.39123e+18	7.9356e+03	1.426e-19	2.1544e+02	2.1364e+02	2.3511e-14	9.5828e-03	9.9042e-01	9.9996e-01	4.0866e-05	7.7001e-20	1.9947e-16	2.4528e-04	7.9854e-01	2.0122e-01	1.1755e-36	1.0962e-02	9.8904e-01	8.5613e-09	1.1755e-36	1.1755e-36	1.1755e-36	1.3412e-24	0.00e+00	0.00e+00	7.2666e+00
3.41500e+18	7.9415e+03	1.447e-19	2.1544e+02	2.1337e+02	3.1070e-14	1.0834e-02	9.8917e-01	9.9997e-01	3.3013e-05	5.6709e-20	2.6933e-16	2.5023e-04	8.0977e-01	1.8998e-01	1.1755e-36	1.2485e-02	9.8751e-01	3.3800e-09	1.1755e-36	1.1755e-36	1.1755e-36	2.0994e-24	0.00e+00	0.00e+00	7.6626e+00
3.44590e+18	7.9401e+03	1.476e-19	2.1544e+02	2.1292e+02	4.6505e-14	1.2930e-02	9.8707e-01	9.9998e-01	2.4196e-05	3.6875e-20	4.1279e-16	2.5694e-04	8.2540e-01	1.7434e-01	1.1755e-36	1.5045e-02	9.8495e-01	1.0211e-09	1.1755e-36	1.1755e-36	1.1755e-36	3.9647e-24	0.00e+00	0.00e+00	8.2769e+00
3.47550e+18	7.9276e+03	1.510e-19	2.1544e+02	2.1239e+02	7.4392e-14	1.5894e-02	9.8411e-01	9.9998e-01	1.6768e-05	2.3037e-20	6.7227e-16	2.6388e-04	8.4184e-01	1.5789e-01	1.1755e-36	1.8674e-02	9.8133e-01	3.2022e-10	1.1755e-36	1.1755e-36	1.1755e-36	8.1987e-24	0.00e+00	0.00e+00	8.8015e+00
3.49525e+18	7.9090e+03	1.534e-19	2.1544e+02	2.1166e+02	1.0942e-13	1.8774e-02	9.8123e-01	9.9999e-01	1.2861e-05	1.6530e-20	9.9570e-16	2.6865e-04	8.5430e-01	1.4543e-01	1.1755e-36	2.2208e-02	9.7779e-01	1.4788e-10	1.1755e-36	1.1755e-36	1.1755e-36	1.4744e-23	0.00e+00	0.00e+00	9.1908e+00
3.50955e+18	7.8855e+03	1.553e-19	2.1544e+02	2.1113e+02	1.4989e-13	2.1517e-02	9.7848e-01	9.9999e-01	1.0712e-05	1.3073e-20	1.3653e-15	2.7254e-04	8.6429e-01	1.3544e-01	1.1755e-36	2.5575e-02	9.7442e-01	8.3001e-11	1.1755e-36	1.1755e-36	1.1755e-36	2.3555e-23	0.00e+00	0.00e+00	9.5817e+00
3.52491e+18	7.8588e+03	1.570e-19	2.1544e+02	2.1025e+02	2.1576e-13	2.5224e-02	9.7478e-01	9.9999e-01	8.6286e-06	9.9385e-21	1.9645e-15	2.7650e-04	8.7567e-01	1.2406e-01	1.1755e-36	3.0131e-02	9.6987e-01	4.3351e-11	1.1755e-36	1.1755e-36	1.1755e-36	4.0374e-23	0.00e+00	0.00e+00	1.0178e+01
3.54115e+18	7.8018e+03	1.592e-19	2.1544e+02	2.0907e+02	3.4164e-13	3.0759e-02	9.6924e-01	9.9999e-01	6.4716e-06	7.0321e-21	3.0586e-15	2.8087e-04	8.8858e-01	1.1114e-01	1.1755e-36	3.6928e-02	9.6307e-01	2.1677e-11	1.1755e-36	1.1755e-36	1.1755e-36	7.7482e-23	0.00e+00	0.00e+00	1.0810e+01
3.55472e+18	7.7472e+03	1.608e-19	2.1544e+02	2.0761e+02	5.3832e-13	3.7532e-02	9.6247e-01	1.0000e+00	5.0114e-06	5.1996e-21	4.7289e-15	2.8431e-04	9.0051e-01	9.9209e-02	1.1755e-36	4.5236e-02	9.5476e-01	1.1829e-11	1.1755e-36	1.1755e-36	1.1755e-36	1.4703e-22	0.00e+00	0.00e+00	1.1424e+01
3.56563e+18	7.6901e+03	1.620e-19	2.1544e+02	2.0616e+02	8.3101e-13	4.5390e-02	9.5461e-01	1.0000e+00	3.9920e-06	3.9909e-21	7.1364e-15	2.8707e-04	9.1109e-01	8.8624e-02	1.1755e-36	5.4855e-02	9.4514e-01	7.0496e-12	1.1755e-36	1.1755e-36	1.1755e-36	2.6922e-22	0.00e+00	0.00e+00	1.2030e+01
3.57490e+18	7.6302e+03	1.627e-19	2.1544e+02	2.0459e+02	1.2779e-12	5.4792e-02	9.4521e-01	1.0000e+00	3.2196e-06	3.1194e-21	1.0689e-14	2.8936e-04	9.2083e-01	7.8883e-02	1.1755e-36	6.6329e-02	9.3367e-01	4.3986e-12	1.1755e-36	1.1755e-36	1.1755e-36	4.8776e-22	0.00e+00	0.00e+00	1.2680e+01
3.58338e+18	7.5684e+03	1.620e-19	2.1544e+02	2.0181e+02	1.9993e-12	6.6657e-02	9.3334e-01	1.0000e+00	2.5833e-06	2.4467e-21	1.6157e-14	2.8954e-04	9.3008e-01	6.9627e-02	1.1755e-36	8.0754e-02	9.1925e-01	2.7675e-12	1.1755e-36	1.1755e-36	1.1755e-36	8.9456e-22	0.00e+00	0.00e+00	1.3426e+01
3.59128e+18	7.4988e+03	1.602e-19	2.1544e+02	1.9817e+02	3.2605e-12	8.2506e-02	9.1749e-01	1.0000e+00	2.0322e-06	1.8931e-21	2.5228e-14	2.8843e-04	9.3923e-01	6.0483e-02	1.1755e-36	9.9908e-02	9.0009e-01	1.7301e-12	1.1755e-36	1.1755e-36	1.1755e-36	1.7227e-21	0.00e+00	0.00e+00	1.4276e+01
3.59746e+18	7.4322e+03	1.577e-19	2.1544e+02	1.9452e+02	5.1829e-12	1.0098e-01	8.9902e-01	1.0000e+00	1.5928e-06	1.4718e-21	3.8388e-14	2.8656e-04	9.4693e-01	5.2783e-02	1.1755e-36	1.2206e-01	8.7794e-01	1.1581e-12	1.1755e-36	1.1755e-36	1.1755e-36	3.2023e-21	0.00e+00	0.00e+00	1.4932e+01
3.60144e+18	7.3827e+03	1.543e-19	2.1544e+02	1.9051e+02	7.2814e-12	1.1696e-01	8.8304e-01	1.0000e+00	1.3687e-06	1.2687e-21	5.1798e-14	2.8305e-04	9.5205e-01	4.7665e-02	1.1755e-36	1.4108e-01	8.5892e-01	8.7182e-13	1.1755e-36	1.1755e-36	1.1755e-36	4.9780e-21	0.00e+00	0.00e+00	1.5441e+01
3.60456e+18	7.3313e+03	1.513e-19	2.1544e+02	1.8736e+02	9.8283e-12	1.3281e-01	8.6719e-01	1.0000e+00	1.2159e-06	1.1281e-21	6.7280e-14	2.8026e-04	9.5633e-01	4.3387e-02	1.1755e-36	1.5980e-01	8.4020e-01	6.8224e-13	1.1755e-36	1.1755e-36	1.1755e-36	7.3282e-21	0.00e+00	0.00e+00	1.5989e+01
3.60805e+18	7.2633e+03	1.462e-19	2.1544e+02	1.8244e+02	1.4093e-11	1.5426e-01	8.4574e-01	1.0000e+00	1.0514e-06	9.8305e-22	9.1110e-14	2.7527e-04	9.6109e-01	3.8631e-02	1.1755e-36	1.8493e-01	8.1507e-01	5.0768e-13	1.1755e-36	1.1755e-36	1.1755e-36	1.1452e-20	0.00e+00	0.00e+00	1.6817e+01
3.61185e+18	7.1719e+03	1.390e-19	2.1544e+02	1.7579e+02	2.2018e-11	1.8499e-01	8.1501e-01	1.0000e+00	8.4243e-07	8.0028e-22	1.3141e-13	2.6782e-04	9.6631e-01	3.3422e-02	1.1755e-36	2.2048e-01	7.7952e-01	3.5864e-13	1.1755e-36	1.1755e-36	1.1755e-36	1.9666e-20	0.00e+00	0.00e+00	1.7738e+01
3.61538e+18	7.0552e+03	1.296e-19	2.1544e+02	1.6748e+02	3.5753e-11	2.2354e-01	7.7646e-01	1.0000e+00	6.8495e-07	6.6805e-22	1.9175e-13	2.5775e-04	9.7128e-01	2.8463e-02	1.1755e-36	2.6437e-01	7.3563e-01	2.4965e-13	1.1755e-36	1.1755e-36	1.1755e-36	3.4320e-20	0.00e+00	0.00e+00	1.8774e+01
3.61846e+18	6.9154e+03	1.187e-19	2.1544e+02	1.5795e+02	5.8547e-11	2.6826e-01	7.3174e-01	1.0000e+00	5.4924e-07	5.5569e-22	2.7477e-13	2.4552e-04	9.7563e-01	2.4128e-02	1.1755e-36	3.1431e-01	6.8569e-01	1.7554e-13	1.1755e-36	1.1755e-36	1.1755e-36	5.8234e-20	0.00e+00	0.00e+00	1.9775e+01
3.62074e+18	6.7757e+03	1.085e-19	2.1544e+02	1.4877e+02	8.9290e-11	3.1037e-01	6.8963e-01	1.0000e+00	4.5646e-07	4.8117e-22	3.6437e-13	2.3324e-04	9.7882e-01	2.0947e-02	1.1755e-36	3.6042e-01	6.3958e-01	1.3165e-13	1.1755e-36	1.1755e-36	1.1755e-36	8.7895e-20	0.00e+00	0.00e+00	2.0543e+01
3.62224e+18	6.6600e+03	1.008e-19	2.1544e+02	1.4177e+02	1.2159e-10	3.4292e-01	6.5708e-01	1.0000e+00	4.0591e-07	4.4260e-22	4.4087e-13	2.2369e-04	9.8090e-01	1.8881e-02	1.1755e-36	3.9546e-01	6.0454e-01	1.0742e-13	1.1755e-36	1.1755e-36	1.1755e-36	1.1583e-19	0.00e+00	0.00e+00	2.1093e+01
3.62331e+18	6.5622e+03	9.485e-20	2.1544e+02	1.3626e+02	1.5409e-10	3.6842e-01	6.3158e-01	1.0000e+00	3.7643e-07	4.2207e-22	5.0465e-13	2.1610e-04	9.8235e-01	1.7437e-02	1.1755e-36	4.2255e-01	5.7745e-01	9.2222e-14	1.1755e-36	1.1755e-36	1.1755e-36	1.4060e-19	0.00e+00	0.00e+00	2.1572e+01
3.62426e+18	6.4617e+03	8.921e-20	2.1544e+02	1.3097e+02	1.9312e-10	3.9291e-01	6.0709e-01	1.0000e+00	3.4957e-07	4.0297e-22	5.6884e-13	2.0874e-04	9.8362e-01	1.6170e-02	1.1755e-36	4.4829e-01	5.5171e-01	8.0023e-14	1.1755e-36	1.1755e-36	1.1755e-36	1.6668e-19	0.00e+00	0.00e+00	2.2077e+01
3.62520e+18	6.3493e+03	8.337e-20	2.1544e+02	1.2538e+02	2.4496e-10	4.1880e-01	5.8120e-01	1.0000e+00	3.2056e-07	3.8104e-22	6.3943e-13	2.0088e-04	9.8485e-01	1.4947e-02	1.1755e-36	4.7518e-01	5.2482e-01	6.9214e-14	1.1755e-36	1.1755e-36	1.1755e-36	1.9649e-19	0.00e+00	0.00e+00	2.2610e+01
3.62608e+18	6.2306e+03	7.768e-20	2.1544e+02	1.1978e+02	3.1105e-10	4.4470e-01	5.5530e-01	1.0000e+00	2.9315e-07	3.5987e-22	7.1249e-13	1.9295e-04	9.8598e-01	1.3828e-02	1.1755e-36	5.0178e-01	4.9822e-01	6.0129e-14	1.1755e-36	1.1755e-36	1.1755e-36	2.2836e-19	0.00e+00	0.00e+00	2.3118e+01
3.62686e+18	6.1140e+03	7.258e-20	2.1544e+02	1.1461e+02	3.8906e-10	4.6862e-01	5.3138e-01	1.0000e+00	2.7124e-07	3.4346e-22	7.8179e-13	1.8557e-04	9.8694e-01	1.2873e-02	1.1755e-36	5.2609e-01	4.7391e-01	5.2965e-14	1.1755e-36	1.1755e-36	1.1755e-36	2.5933e-19	0.00e+00	0.00e+00	2.3576e+01
3.62754e+18	6.0013e+03	6.806e-20	2.1544e+02	1.0992e+02	4.7895e-10	4.9035e-01	5.0965e-01	1.0000e+00	2.5408e-07	3.3126e-22	8.4602e-13	1.7884e-04	9.8776e-01	1.2060e-02	1.1755e-36	5.4794e-01	4.5206e-01	4.7284e-14	1.1755e-36	1.1755e-36	1.1755e-36	2.8853e-19	0.00e+00	0.00e+00	2.4001e+01
3.62816e+18	5.8889e+03	6.389e-20	2.1544e+02	1.0549e+02	5.8569e-10	5.1083e-01	4.8917e-01	1.0000e+00	2.3914e-07	3.2079e-22	9.0746e-13	1.7245e-04	9.8849e-01	1.1337e-02	1.1755e-36	5.6835e-01	4.3165e-01	4.2532e-14	1.1755e-36	1.1755e-36	1.1755e-36	3.1680e-19	0.00e+00	0.00e+00	2.4415e+01
3.62874e+18	5.7703e+03	5.998e-20	2.1544e+02	1.0122e+02	7.1921e-10	5.3092e-01	4.6908e-01	1.0000e+00	2.2487e-07	3.1017e-22	9.6911e-13	1.6634e-04	9.8917e-01	1.0665e-02	1.1755e-36	5.8820e-01	4.1180e-01	3.8383e-14	1.1755e-36	1.1755e-36	1.1755e-36	3.4559e-19	0.00e+00	0.00e+00	2.4826e+01
3.62921e+18	5.6768e+03	5.691e-20	2.1544e+02	9.7768e+01	8.4560e-10	5.4665e-01	4.5335e-01	1.0000e+00	2.1119e-07	2.9843e-22	1.0169e-12	1.6126e-04	9.8967e-01	1.0164e-02	1.1755e-36	6.0361e-01	3.9639e-01	3.5430e-14	1.1755e-36	1.1755e-36	1.1755e-36	3.6794e-19	0.00e+00	0.00e+00	2.5099e+01
3.62954e+18	5.6022e+03	5.471e-20	2.1544e+02	9.5248e+01	9.5910e-10	5.5834e-01	4.4166e-01	1.0000e+00	2.0613e-07	2.9644e-22	1.0531e-12	1.5760e-04	9.9004e-01	9.8036e-03	1.1755e-36	6.1500e-01	3.8500e-01	3.3390e-14	1.1755e-36	1.1755e-36	1.1755e-36	3.8509e-19	0.00e+00	0.00e+00	2.5327e+01
3.62985e+18	5.5279e+03	5.261e-20	2.1544e+02	9.2826e+01	1.0860e-09	5.6963e-01	4.3037e-01	1.0000e+00	2.0068e-07	2.9358e-22	1.0885e-12	1.5407e-04	9.9038e-01	9.4642e-03	1.1755e-36	6.2595e-01	3.7405e-01	3.1521e-14	1.1755e-36	1.1755e-36	1.1755e-36	4.0206e-19	0.00e+00	0.00e+00	2.5578e+01
3.63020e+18	5.4391e+03	5.033e-20	2.1544e+02	9.0147e+01	1.2566e-09	5.8233e-01	4.1767e-01	1.0000e+00	1.9302e-07	2.8776e-22	1.1293e-12	1.5020e-04	9.9076e-01	9.0936e-03	1.1755e-36	6.3821e-01	3.6179e-01	2.9554e-14	1.1755e-36	1.1755e-36	1.1755e-36	4.2199e-19	0.00e+00	0.00e+00	2.5865e+01
3.63056e+18	5.3459e+03	4.799e-20	2.1544e+02	8.7325e+01	1.4648e-09	5.9546e-01	4.0454e-01	1.0000e+00	1.8452e-07	2.8084e-22	1.1715e-12	1.4608e-04	9.9113e-01	8.7222e-03	1.1755e-36	6.5081e-01	3.4919e-01	2.7640e-14	1.1755e-36	1.1755e-36	1.1755e-36	4.4297e-19	0.00e+00	0.00e+00	2.6154e+01
3.63090e+18	5.2515e+03	4.576e-20	2.1544e+02	8.4585e+01	1.7082e-09	6.0822e-01	3.9178e-01	1.0000e+00	1.7701e-07	2.7502e-22	1.2134e-12	1.4207e-04	9.9149e-01	8.3719e-03	1.1755e-36	6.6299e-01	3.3701e-01	2.5895e-14	1.1755e-36	1.1755e-36	1.1755e-36	4.6439e-19	0.00e+00	0.00e+00	2.6433e+01
3.63123e+18	5.1545e+03	4.365e-20	2.1544e+02	8.1924e+01	1.9957e-09	6.2054e-01	3.7946e-01	1.0000e+00	1.7034e-07	2.7005e-22	1.2547e-12	1.3820e-04	9.9182e-01	8.0443e-03	1.1755e-36	6.7468e-01	3.2532e-01	2.4317e-14	1.1755e-36	1.1755e-36	1.1755e-36	4.8628e-19	0.00e+00	0.00e+00	2.6708e+01
3.63156e+18	5.0574e+03	4.163e-20	2.1544e+02	7.9328e+01	2.3303e-09	6.3260e-01	3.6740e-01	1.0000e+00	1.6401e-07	2.6532e-22	1.2967e-12	1.3441e-04	9.9213e-01	7.7318e-03	1.1755e-36	6.8607e-01	3.1393e-01	2.2853e-14	1.1755e-36	1.1755e-36	1.1755e-36	5.0964e-19	0.00e+00	0.00e+00	2.6984e+01
3.63188e+18	4.9549e+03	3.967e-20	2.1544e+02	7.6750e+01	2.7351e-09	6.4468e-01	3.5532e-01	1.0000e+00	1.5774e-07	2.6037e-22	1.3397e-12	1.3068e-04	9.9245e-01	7.4194e-03	1.1755e-36	6.9744e-01	3.0256e-01	2.1470e-14	1.1755e-36	1.1755e-36	1.1755e-36	5.3407e-19	0.00e+00	0.00e+00	2.7265e+01
3.63220e+18	4.8488e+03	3.777e-20	2.1544e+02	7.4181e+01	3.2149e-09	6.5659e-01	3.4341e-01	1.0000e+00	1.5162e-07	2.5545e-22	1.3811e-12	1.2695e-04	9.9276e-01	7.1086e-03	1.1755e-36	7.0858e-01	2.9142e-01	2.0182e-14	1.1755e-36	1.1755e-36	1.1755e-36	5.5728e-19	0.00e+00	0.00e+00	2.7545e+01
3.63251e+18	4.7454e+03	3.593e-20	2.1544e+02	7.1653e+01	3.7552e-09	6.6807e-01	3.3193e-01	1.0000e+00	1.4598e-07	2.5121e-22	1.4204e-12	1.2326e-04	9.9306e-01	6.8153e-03	1.1755e-36	7.1927e-01	2.8073e-01	1.8995e-14	1.1755e-36	1.1755e-36	1.1755e-36	5.8009e-19	0.00e+00	0.00e+00	2.7824e+01
3.63281e+18	4.6337e+03	3.417e-20	2.1544e+02	6.9159e+01	4.4169e-09	6.7965e-01	3.2035e-01	1.0000e+00	1.4049e-07	2.4678e-22	1.4614e-12	1.1967e-04	9.9336e-01	6.5253e-03	1.1755e-36	7.3000e-01	2.7000e-01	1.7868e-14	1.1755e-36	1.1755e-36	1.1755e-36	6.0525e-19	0.00e+00	0.00e+00	2.8108e+01
3.63312e+18	4.5201e+03	3.247e-20	2.1544e+02	6.6711e+01	5.1786e-09	6.9101e-01	3.0899e-01	1.0000e+00	1.3502e-07	2.4210e-22	1.5017e-12	1.1617e-04	9.9364e-01	6.2461e-03	1.1755e-36	7.4048e-01	2.5952e-01	1.6816e-14	1.1755e-36	1.1755e-36	1.1755e-36	6.3106e-19	0.00e+00	0.00e+00	2.8389e+01
3.63341e+18	4.4055e+03	3.086e-20	2.1544e+02	6.4334e+01	6.0322e-09	7.0205e-01	2.9795e-01	1.0000e+00	1.2994e-07	2.3776e-22	1.5403e-12	1.1279e-04	9.9391e-01	5.9802e-03	1.1755e-36	7.5062e-01	2.4938e-01	1.5843e-14	1.1755e-36	1.1755e-36	1.1755e-36	6.5665e-19	0.00e+00	0.00e+00	2.8667e+01
3.63370e+18	4.2895e+03	2.933e-20	2.1544e+02	6.2016e+01	6.9683e-09	7.1281e-01	2.8719e-01	1.0000e+00	1.2512e-07	2.3359e-22	1.5766e-12	1.0952e-04	9.9416e-01	5.7256e-03	1.1755e-36	7.6047e-01	2.3953e-01	1.4936e-14	1.1755e-36	1.1755e-36	1.1755e-36	6.8106e-19	0.00e+00	0.00e+00	2.8944e+01
3.63398e+18	4.1716e+03	2.786e-20	2.1544e+02	5.9746e+01	7.9667e-09	7.2335e-01	2.7665e-01	1.0000e+00	1.2047e-07	2.2944e-22	1.6098e-12	1.0636e-04	9.9441e-01	5.4807e-03	1.1755e-36	7.7007e-01	2.2993e-01	1.4086e-14	1.1755e-36	1.1755e-36	1.1755e-36	7.0285e-19	0.00e+00	0.00e+00	2.9222e+01
3.63426e+18	4.0483e+03	2.646e-20	2.1544e+02	5.7513e+01	9.0171e-09	7.3378e-01	2.6622e-01	1.0000e+00	1.1592e-07	2.2511e-22	1.6391e-12	1.0331e-04	9.9465e-01	5.2432e-03	1.1755e-36	7.7953e-01	2.2047e-01	1.3286e-14	1.1755e-36	1.1755e-36	1.1755e-36	7.2033e-19	0.00e+00	0.00e+00	2.9500e+01
3.63454e+18	3.9276e+03	2.513e-20	2.1544e+02	5.5352e+01	1.0003e-08	7.4381e-01	2.5619e-01	1.0000e+00	1.1159e-07	2.2100e-22	1.6616e-12	1.0038e-04	9.9488e-01	5.0187e-03	1.1755e-36	7.8860e-01	2.1140e-01	1.2543e-14	1.1755e-36	1.1755e-36	1.1755e-36	7.3011e-19	0.00e+00	0.00e+00	2.9774e+01
###########################
2.58735e+13	6.8120e+03	1.492e-19	2.1544e+02	2.3422e+02	2.6038e-16	5.8690e-04	9.9941e-01	3.1675e-03	9.8657e-01	1.0261e-02	1.1734e-20	9.1101e-06	5.5637e-02	9.3970e-01	4.6498e-03	6.4785e-05	1.5772e-01	8.3794e-01	4.2709e-03	1.1755e-36	1.1755e-36	9.8220e-29	0.00e+00	0.00e+00	4.1305e-05
1.55241e+14	6.8104e+03	1.492e-19	2.1544e+02	2.3421e+02	2.5976e-16	5.8690e-04	9.9941e-01	3.1677e-03	9.8658e-01	1.0253e-02	1.1685e-20	9.1072e-06	5.5642e-02	9.3969e-01	4.6561e-03	6.4749e-05	1.5764e-01	8.3804e-01	4.2557e-03	1.1755e-36	1.1755e-36	9.7414e-29	0.00e+00	0.00e+00	2.0653e-04
6.72710e+14	6.8087e+03	1.492e-19	2.1544e+02	2.3421e+02	2.5994e-16	5.8676e-04	9.9941e-01	3.1681e-03	9.8664e-01	1.0189e-02	1.1672e-20	9.1052e-06	5.5653e-02	9.3969e-01	4.6464e-03	6.4700e-05	1.5756e-01	8.3818e-01	4.1943e-03	1.1755e-36	1.1755e-36	9.7252e-29	0.00e+00	0.00e+00	8.6725e-04
2.74259e+15	6.8033e+03	1.491e-19	2.1544e+02	2.3421e+02	2.5450e-16	5.8671e-04	9.9941e-01	3.1711e-03	9.8698e-01	9.8522e-03	1.1383e-20	9.1125e-06	5.5715e-02	9.3966e-01	4.6123e-03	6.4695e-05	1.5750e-01	8.3848e-01	3.9574e-03	1.1755e-36	1.1755e-36	9.2221e-29	0.00e+00	0.00e+00	3.5099e-03
6.55116e+15	6.7900e+03	1.486e-19	2.1544e+02	2.3420e+02	2.5734e-16	5.8471e-04	9.9942e-01	3.1700e-03	9.8717e-01	9.6635e-03	1.1366e-20	9.0735e-06	5.5693e-02	9.3971e-01	4.5852e-03	6.4379e-05	1.5712e-01	8.3918e-01	3.6360e-03	1.1755e-36	1.1755e-36	9.2511e-29	0.00e+00	0.00e+00	6.9337e-03
1.15023e+16	6.7748e+03	1.481e-19	2.1544e+02	2.3419e+02	2.5948e-16	5.8290e-04	9.9942e-01	3.1713e-03	9.8770e-01	9.1271e-03	1.1318e-20	9.0553e-06	5.5708e-02	9.3975e-01	4.5312e-03	6.4149e-05	1.5687e-01	8.3982e-01	3.2469e-03	1.1755e-36	1.1755e-36	9.2023e-29	0.00e+00	0.00e+00	1.1371e-02
1.79388e+16	6.7601e+03	1.474e-19	2.1544e+02	2.3418e+02	2.6005e-16	5.8084e-04	9.9942e-01	3.1737e-03	9.8857e-01	8.2613e-03	1.1215e-20	9.0400e-06	5.5722e-02	9.3982e-01	4.4513e-03	6.3973e-05	1.5676e-01	8.4038e-01	2.7938e-03	1.1755e-36	1.1755e-36	9.0581e-29	0.00e+00	0.00e+00	1.7119e-02
2.63062e+16	6.7401e+03	1.467e-19	2.1544e+02	2.3416e+02	2.6206e-16	5.7880e-04	9.9942e-01	3.1791e-03	9.8975e-01	7.0752e-03	1.1158e-20	9.0341e-06	5.5769e-02	9.3988e-01	4.3438e-03	6.3945e-05	1.5695e-01	8.4069e-01	2.2889e-03	1.1755e-36	1.1755e-36	8.9569e-29	0.00e+00	0.00e+00	2.4565e-02
3.71839e+16	6.7182e+03	1.458e-19	2.1544e+02	2.3414e+02	2.6279e-16	5.7658e-04	9.9942e-01	3.1866e-03	9.9117e-01	5.6402e-03	1.1058e-20	9.0327e-06	5.5840e-02	9.3994e-01	4.2145e-03	6.4078e-05	1.5751e-01	8.4066e-01	1.7593e-03	1.1755e-36	1.1755e-36	8.7608e-29	0.00e+00	0.00e+00	3.4207e-02
5.13249e+16	6.6910e+03	1.448e-19	2.1544e+02	2.3411e+02	2.6480e-16	5.7440e-04	9.9943e-01	3.1972e-03	9.9271e-01	4.0976e-03	1.1013e-20	9.0394e-06	5.5961e-02	9.3996e-01	4.0701e-03	6.4454e-05	1.5856e-01	8.4013e-01	1.2448e-03	1.1755e-36	1.1755e-36	8.6053e-29	0.00e+00	0.00e+00	4.6695e-02
6.97081e+16	6.6603e+03	1.436e-19	2.1544e+02	2.3408e+02	2.6680e-16	5.7221e-04	9.9943e-01	3.2107e-03	9.9414e-01	2.6475e-03	1.0981e-20	9.0533e-06	5.6137e-02	9.3993e-01	3.9236e-03	6.5079e-05	1.6010e-01	8.3904e-01	7.9251e-04	1.1755e-36	1.1755e-36	8.4268e-29	0.00e+00	0.00e+00	6.2868e-02
9.36064e+16	6.6232e+03	1.422e-19	2.1544e+02	2.3406e+02	2.6940e-16	5.7030e-04	9.9943e-01	3.2283e-03	9.9529e-01	1.4787e-03	1.0963e-20	9.0823e-06	5.6402e-02	9.3981e-01	3.7840e-03	6.5992e-05	1.6212e-01	8.3738e-01	4.4179e-04	1.1755e-36	1.1755e-36	8.2145e-29	0.00e+00	0.00e+00	8.3822e-02
1.24674e+17	6.5808e+03	1.407e-19	2.1544e+02	2.3404e+02	2.7276e-16	5.6880e-04	9.9943e-01	3.2509e-03	9.9606e-01	6.9182e-04	1.0972e-20	9.1325e-06	5.6774e-02	9.3956e-01	3.6558e-03	6.7191e-05	1.6454e-01	8.3519e-01	2.0905e-04	1.1755e-36	1.1755e-36	7.9874e-29	0.00e+00	0.00e+00	1.1099e-01
1.65062e+17	6.5353e+03	1.389e-19	2.1544e+02	2.3403e+02	2.7698e-16	5.6788e-04	9.9943e-01	3.2802e-03	9.9646e-01	2.6202e-04	1.1030e-20	9.2159e-06	5.7279e-02	9.3918e-01	3.5347e-03	6.8723e-05	1.6736e-01	8.3249e-01	8.1180e-05	1.1755e-36	1.1755e-36	7.7766e-29	0.00e+00	0.00e+00	1.4625e-01
2.17567e+17	6.4810e+03	1.371e-19	2.1544e+02	2.3402e+02	2.8068e-16	5.6844e-04	9.9943e-01	3.3225e-03	9.9660e-01	7.7570e-05	1.1059e-20	9.3512e-06	5.8043e-02	9.3854e-01	3.4068e-03	7.0821e-05	1.7083e-01	8.2908e-01	2.5034e-05	1.1755e-36	1.1755e-36	7.4143e-29	0.00e+00	0.00e+00	1.9214e-01
2.85822e+17	6.4220e+03	1.350e-19	2.1544e+02	2.3402e+02	2.8913e-16	5.7106e-04	9.9943e-01	3.3827e-03	9.9660e-01	1.7512e-05	1.1325e-20	9.5572e-06	5.9117e-02	9.3761e-01	3.2610e-03	7.3734e-05	1.7522e-01	8.2470e-01	5.9987e-06	1.1755e-36	1.1755e-36	7.2447e-29	0.00e+00	0.00e+00	2.5207e-01
3.74555e+17	6.3606e+03	1.328e-19	2.1544e+02	2.3401e+02	2.9916e-16	5.7695e-04	9.9942e-01	3.4697e-03	9.9653e-01	3.0288e-06	1.1763e-20	9.8696e-06	6.0641e-02	9.3626e-01	3.0871e-03	7.7894e-05	1.8099e-01	8.1893e-01	1.1243e-06	1.1755e-36	1.1755e-36	7.0981e-29	0.00e+00	0.00e+00	3.3078e-01
4.89907e+17	6.3002e+03	1.305e-19	2.1544e+02	2.3401e+02	3.1399e-16	5.8790e-04	9.9941e-01	3.5978e-03	9.9640e-01	4.2275e-07	1.2606e-20	1.0336e-05	6.2816e-02	9.3430e-01	2.8781e-03	8.3958e-05	1.8871e-01	8.1121e-01	1.7436e-07	1.1755e-36	1.1755e-36	7.1513e-29	0.00e+00	0.00e+00	4.3504e-01
6.39865e+17	6.2489e+03	1.283e-19	2.1544e+02	2.3400e+02	3.3275e-16	6.0696e-04	9.9939e-01	3.7891e-03	9.9621e-01	5.0887e-08	1.4088e-20	1.1079e-05	6.6035e-02	9.3133e-01	2.6275e-03	9.3180e-05	1.9941e-01	8.0050e-01	1.1755e-36	1.1755e-36	1.1755e-36	7.4432e-29	0.00e+00	0.00e+00	5.7498e-01
8.34810e+17	6.2095e+03	1.262e-19	2.1544e+02	2.3398e+02	3.6346e-16	6.3977e-04	9.9936e-01	4.0877e-03	9.9591e-01	5.3948e-09	1.6993e-20	1.2263e-05	7.0936e-02	9.2672e-01	2.3290e-03	1.0789e-04	2.1470e-01	7.8519e-01	1.1755e-36	1.1755e-36	1.1755e-36	8.3635e-29	0.00e+00	0.00e+00	7.6673e-01
9.92247e+17	6.1664e+03	1.242e-19	2.1544e+02	2.3397e+02	3.7018e-16	6.5880e-04	9.9934e-01	4.2974e-03	9.9570e-01	1.0397e-09	1.7971e-20	1.3061e-05	7.4397e-02	9.2346e-01	2.1280e-03	1.1877e-04	2.2616e-01	7.7372e-01	1.1755e-36	1.1755e-36	1.1755e-36	8.0385e-29	0.00e+00	0.00e+00	8.5140e-01
1.09147e+18	6.1856e+03	1.236e-19	2.1544e+02	2.3396e+02	3.8380e-16	6.8114e-04	9.9932e-01	4.4946e-03	9.9551e-01	4.3010e-10	2.0376e-20	1.3859e-05	7.7502e-02	9.2048e-01	2.0015e-03	1.2883e-04	2.3515e-01	7.6473e-01	1.1755e-36	1.1755e-36	1.1755e-36	8.9769e-29	0.00e+00	0.00e+00	9.4770e-01
1.20062e+18	6.2071e+03	1.233e-19	2.1544e+02	2.3395e+02	4.0438e-16	7.0951e-04	9.9929e-01	4.7424e-03	9.9526e-01	1.7432e-10	2.3817e-20	1.4859e-05	8.1327e-02	9.1679e-01	1.8665e-03	1.4171e-04	2.4597e-01	7.5389e-01	1.1755e-36	1.1755e-36	1.1755e-36	1.0377e-28	0.00e+00	0.00e+00	1.0580e+00
1.32068e+18	6.2391e+03	1.231e-19	2.1544e+02	2.3394e+02	4.3067e-16	7.4514e-04	9.9925e-01	5.0567e-03	9.9494e-01	6.9311e-11	2.8843e-20	1.6143e-05	8.6119e-02	9.1214e-01	1.7237e-03	1.5843e-04	2.5908e-01	7.4076e-01	1.1755e-36	1.1755e-36	1.1755e-36	1.2483e-28	0.00e+00	0.00e+00	1.1855e+00
1.45275e+18	6.2869e+03	1.230e-19	2.1544e+02	2.3391e+02	4.6421e-16	7.9009e-04	9.9921e-01	5.4588e-03	9.9454e-01	2.7081e-11	3.6502e-20	1.7797e-05	9.2146e-02	9.0626e-01	1.5734e-03	1.8053e-04	2.7516e-01	7.2466e-01	1.1755e-36	1.1755e-36	1.1755e-36	1.5820e-28	0.00e+00	0.00e+00	1.3342e+00
1.59802e+18	6.3440e+03	1.233e-19	2.1544e+02	2.3389e+02	5.1353e-16	8.4883e-04	9.9915e-01	5.9987e-03	9.9400e-01	1.0419e-11	4.8983e-20	1.9999e-05	1.0002e-01	8.9855e-01	1.4133e-03	2.1109e-04	2.9550e-01	7.0429e-01	1.1755e-36	1.1755e-36	1.1755e-36	2.1428e-28	0.00e+00	0.00e+00	1.5099e+00
1.75783e+18	6.4382e+03	1.236e-19	2.1544e+02	2.3385e+02	5.6915e-16	9.2442e-04	9.9908e-01	6.7306e-03	9.9327e-01	3.9861e-12	6.9905e-20	2.2967e-05	1.1037e-01	8.8836e-01	1.2473e-03	2.5393e-04	3.2126e-01	6.7849e-01	1.1755e-36	1.1755e-36	1.1755e-36	3.1074e-28	0.00e+00	0.00e+00	1.7204e+00
1.93361e+18	6.5519e+03	1.244e-19	2.1544e+02	2.3381e+02	6.5329e-16	1.0276e-03	9.9897e-01	7.7934e-03	9.9221e-01	1.5344e-12	1.0929e-19	2.7180e-05	1.2474e-01	8.7416e-01	1.0708e-03	3.1819e-04	3.5544e-01	6.4425e-01	1.1755e-36	1.1755e-36	1.1755e-36	4.9710e-28	0.00e+00	0.00e+00	1.9778e+00
2.09969e+18	6.6844e+03	1.256e-19	2.1544e+02	2.3375e+02	7.4892e-16	1.1484e-03	9.9885e-01	9.1600e-03	9.9084e-01	6.9232e-13	1.7474e-19	3.2404e-05	1.4223e-01	8.5682e-01	9.1466e-04	4.0274e-04	3.9504e-01	6.0456e-01	1.1755e-36	1.1755e-36	1.1755e-36	8.1220e-28	0.00e+00	0.00e+00	2.2089e+00
2.23015e+18	6.8066e+03	1.267e-19	2.1544e+02	2.3369e+02	8.4610e-16	1.2674e-03	9.9873e-01	1.0669e-02	9.8933e-01	4.0064e-13	2.6644e-19	3.7875e-05	1.6026e-01	8.3890e-01	7.9391e-04	4.9570e-04	4.3341e-01	5.6610e-01	1.1755e-36	1.1755e-36	1.1755e-36	1.2592e-27	0.00e+00	0.00e+00	2.4036e+00
2.33031e+18	6.9109e+03	1.278e-19	2.1544e+02	2.3363e+02	9.4039e-16	1.3774e-03	9.9862e-01	1.2213e-02	9.8779e-01	2.7482e-13	3.8211e-19	4.3216e-05	1.7768e-01	8.2158e-01	7.0177e-04	5.9009e-04	4.6828e-01	5.3113e-01	1.1755e-36	1.1755e-36	1.1755e-36	1.8273e-27	0.00e+00	0.00e+00	2.5673e+00
2.41410e+18	7.0027e+03	1.288e-19	2.1544e+02	2.3357e+02	1.0426e-15	1.4856e-03	9.9851e-01	1.3897e-02	9.8610e-01	2.0517e-13	5.3331e-19	4.8735e-05	1.9549e-01	8.0384e-01	6.2373e-04	6.9029e-04	5.0162e-01	4.9769e-01	1.1755e-36	1.1755e-36	1.1755e-36	2.5787e-27	0.00e+00	0.00e+00	2.7294e+00
2.50632e+18	7.1041e+03	1.298e-19	2.1544e+02	2.3349e+02	1.1908e-15	1.6264e-03	9.9837e-01	1.6350e-02	9.8365e-01	1.5160e-13	7.9716e-19	5.6264e-05	2.1948e-01	7.7992e-01	5.3583e-04	8.3017e-04	5.4285e-01	4.5632e-01	1.1755e-36	1.1755e-36	1.1755e-36	3.8961e-27	0.00e+00	0.00e+00	2.9600e+00
2.60074e+18	7.2231e+03	1.312e-19	2.1544e+02	2.3338e+02	1.3665e-15	1.7968e-03	9.9820e-01	1.9866e-02	9.8013e-01	1.1248e-13	1.2346e-18	6.5969e-05	2.5027e-01	7.4922e-01	4.5065e-04	1.0159e-03	5.9185e-01	4.0713e-01	1.1755e-36	1.1755e-36	1.1755e-36	6.0517e-27	0.00e+00	0.00e+00	3.1667e+00
2.67314e+18	7.3219e+03	1.324e-19	2.1544e+02	2.3327e+02	1.5382e-15	1.9541e-03	9.9805e-01	2.3814e-02	9.7619e-01	9.1050e-14	1.7894e-18	7.5608e-05	2.8070e-01	7.1884e-01	3.8471e-04	1.2021e-03	6.3559e-01	3.6321e-01	1.1755e-36	1.1755e-36	1.1755e-36	8.7440e-27	0.00e+00	0.00e+00	3.3268e+00
2.72815e+18	7.4045e+03	1.333e-19	2.1544e+02	2.3318e+02	1.6887e-15	2.0915e-03	9.9791e-01	2.8073e-02	9.7193e-01	7.8094e-14	2.4175e-18	8.4600e-05	3.0888e-01	6.9070e-01	3.3392e-04	1.3752e-03	6.7227e-01	3.2636e-01	1.1755e-36	1.1755e-36	1.1755e-36	1.1724e-26	0.00e+00	0.00e+00	3.4685e+00
2.77394e+18	7.4615e+03	1.342e-19	2.1544e+02	2.3303e+02	1.8646e-15	2.2235e-03	9.9778e-01	3.2731e-02	9.6727e-01	6.8101e-14	3.1758e-18	9.3566e-05	3.3702e-01	6.6259e-01	2.9101e-04	1.5483e-03	7.0542e-01	2.9303e-01	1.1755e-36	1.1755e-36	1.1755e-36	1.5291e-26	0.00e+00	0.00e+00	3.5948e+00
2.81370e+18	7.5191e+03	1.350e-19	2.1544e+02	2.3292e+02	2.0274e-15	2.3499e-03	9.9765e-01	3.8221e-02	9.6178e-01	6.0392e-14	4.0580e-18	1.0267e-04	3.6521e-01	6.3444e-01	2.5395e-04	1.7213e-03	7.3598e-01	2.6230e-01	1.1755e-36	1.1755e-36	1.1755e-36	1.9340e-26	0.00e+00	0.00e+00	3.7155e+00
2.84947e+18	7.5695e+03	1.357e-19	2.1544e+02	2.3277e+02	2.2024e-15	2.4759e-03	9.9752e-01	4.4826e-02	9.5517e-01	5.3779e-14	5.1190e-18	1.1204e-04	3.9436e-01	6.0531e-01	2.2068e-04	1.8999e-03	7.6514e-01	2.3296e-01	1.1755e-36	1.1755e-36	1.1755e-36	2.4142e-26	0.00e+00	0.00e+00	3.8292e+00
2.88101e+18	7.6137e+03	1.364e-19	2.1544e+02	2.3259e+02	2.3769e-15	2.5980e-03	9.9740e-01	5.2681e-02	9.4732e-01	4.8198e-14	6.3293e-18	1.2148e-04	4.2366e-01	5.7603e-01	1.9149e-04	2.0786e-03	7.9227e-01	2.0565e-01	1.1755e-36	1.1755e-36	1.1755e-36	2.9457e-26	0.00e+00	0.00e+00	3.9328e+00
2.90822e+18	7.6518e+03	1.369e-19	2.1544e+02	2.3240e+02	2.5501e-15	2.7125e-03	9.9729e-01	6.1821e-02	9.3818e-01	4.3521e-14	7.6634e-18	1.3065e-04	4.5211e-01	5.4759e-01	1.6645e-04	2.2512e-03	8.1680e-01	1.8095e-01	1.1755e-36	1.1755e-36	1.1755e-36	3.5228e-26	0.00e+00	0.00e+00	4.0254e+00
2.93161e+18	7.6839e+03	1.374e-19	2.1544e+02	2.3218e+02	2.7171e-15	2.8188e-03	9.9718e-01	7.2364e-02	9.2764e-01	3.9536e-14	9.0813e-18	1.3939e-04	4.7923e-01	5.2049e-01	1.4507e-04	2.4150e-03	8.3872e-01	1.5886e-01	1.1755e-36	1.1755e-36	1.1755e-36	4.1225e-26	0.00e+00	0.00e+00	4.1086e+00
2.95200e+18	7.7115e+03	1.379e-19	2.1544e+02	2.3194e+02	2.8788e-15	2.9176e-03	9.9708e-01	8.4619e-02	9.1538e-01	3.6023e-14	1.0575e-17	1.4770e-04	5.0503e-01	4.9470e-01	1.2662e-04	2.5707e-03	8.5846e-01	1.3897e-01	1.1755e-36	1.1755e-36	1.1755e-36	4.7429e-26	0.00e+00	0.00e+00	4.1843e+00
2.96999e+18	7.7317e+03	1.383e-19	2.1544e+02	2.3171e+02	3.0416e-15	3.0114e-03	9.9699e-01	9.9183e-02	9.0082e-01	3.2871e-14	1.2137e-17	1.5563e-04	5.2963e-01	4.7011e-01	1.1048e-04	2.7202e-03	8.7642e-01	1.2086e-01	1.1755e-36	1.1755e-36	1.1755e-36	5.3751e-26	0.00e+00	0.00e+00	4.2536e+00
2.98580e+18	7.7542e+03	1.385e-19	2.1544e+02	2.3134e+02	3.1880e-15	3.0958e-03	9.9690e-01	1.1592e-01	8.8408e-01	2.9913e-14	1.3728e-17	1.6297e-04	5.5261e-01	4.4713e-01	9.6630e-05	2.8588e-03	8.9253e-01	1.0462e-01	1.1755e-36	1.1755e-36	1.1755e-36	6.0131e-26	0.00e+00	0.00e+00	4.3156e+00
2.99971e+18	7.7719e+03	1.387e-19	2.1544e+02	2.3103e+02	3.3284e-15	3.1742e-03	9.9683e-01	1.3562e-01	8.6438e-01	2.7270e-14	1.5322e-17	1.6976e-04	5.7384e-01	4.2590e-01	8.4613e-05	2.9887e-03	9.0698e-01	9.0033e-02	1.1755e-36	1.1755e-36	1.1755e-36	6.6382e-26	0.00e+00	0.00e+00	4.3721e+00
3.01204e+18	7.7877e+03	1.388e-19	2.1544e+02	2.3063e+02	3.4607e-15	3.2457e-03	9.9675e-01	1.5853e-01	8.4147e-01	2.4754e-14	1.6908e-17	1.7594e-04	5.9338e-01	4.0637e-01	7.4196e-05	3.1089e-03	9.1992e-01	7.6971e-02	1.1755e-36	1.1755e-36	1.1755e-36	7.2504e-26	0.00e+00	0.00e+00	4.4231e+00
3.02294e+18	7.7984e+03	1.388e-19	2.1544e+02	2.3016e+02	3.5935e-15	3.3111e-03	9.9669e-01	1.8504e-01	8.1496e-01	2.2368e-14	1.8470e-17	1.8149e-04	6.1108e-01	3.8867e-01	6.5165e-05	3.2198e-03	9.3141e-01	6.5371e-02	1.1755e-36	1.1755e-36	1.1755e-36	7.8453e-26	0.00e+00	0.00e+00	4.4694e+00
3.03268e+18	7.8110e+03	1.386e-19	2.1544e+02	2.2962e+02	3.7066e-15	3.3692e-03	9.9663e-01	2.1561e-01	7.8439e-01	2.0089e-14	1.9961e-17	1.8636e-04	6.2694e-01	3.7281e-01	5.7343e-05	3.3200e-03	9.4158e-01	5.5098e-02	1.1755e-36	1.1755e-36	1.1755e-36	8.3995e-26	0.00e+00	0.00e+00	4.5115e+00
3.04146e+18	7.8152e+03	1.384e-19	2.1544e+02	2.2899e+02	3.8334e-15	3.4239e-03	9.9658e-01	2.5109e-01	7.4891e-01	1.7871e-14	2.1436e-17	1.9068e-04	6.4125e-01	3.5851e-01	5.0430e-05	3.4135e-03	9.5059e-01	4.5994e-02	1.1755e-36	1.1755e-36	1.1755e-36	8.9395e-26	0.00e+00	0.00e+00	4.5505e+00
3.04945e+18	7.8242e+03	1.379e-19	2.1544e+02	2.2826e+02	3.9334e-15	3.4714e-03	9.9653e-01	2.9192e-01	7.0808e-01	1.5720e-14	2.2808e-17	1.9435e-04	6.5386e-01	3.4590e-01	4.4376e-05	3.4967e-03	9.5852e-01	3.7983e-02	1.1755e-36	1.1755e-36	1.1755e-36	9.4218e-26	0.00e+00	0.00e+00	4.5864e+00
3.05677e+18	7.8204e+03	1.375e-19	2.1544e+02	2.2743e+02	4.0631e-15	3.5182e-03	9.9648e-01	3.3895e-01	6.6105e-01	1.3612e-14	2.4177e-17	1.9756e-04	6.6514e-01	3.3462e-01	3.8939e-05	3.5756e-03	9.6543e-01	3.0990e-02	1.1755e-36	1.1755e-36	1.1755e-36	9.8901e-26	0.00e+00	0.00e+00	4.6201e+00
3.06355e+18	7.8289e+03	1.366e-19	2.1544e+02	2.2648e+02	4.1455e-15	3.5558e-03	9.9644e-01	3.9211e-01	6.0789e-01	1.1586e-14	2.5402e-17	2.0005e-04	6.7475e-01	3.2502e-01	3.4160e-05	3.6424e-03	9.7141e-01	2.4952e-02	1.1755e-36	1.1755e-36	1.1755e-36	1.0289e-25	0.00e+00	0.00e+00	4.6517e+00
3.06995e+18	7.8205e+03	1.358e-19	2.1544e+02	2.2542e+02	4.2755e-15	3.5957e-03	9.9640e-01	4.5245e-01	5.4755e-01	9.6136e-15	2.6663e-17	2.0218e-04	6.8329e-01	3.1647e-01	2.9761e-05	3.7082e-03	9.7652e-01	1.9773e-02	1.1755e-36	1.1755e-36	1.1755e-36	1.0689e-25	0.00e+00	0.00e+00	4.6823e+00
3.07613e+18	7.8163e+03	1.347e-19	2.1544e+02	2.2422e+02	4.3890e-15	3.6314e-03	9.9637e-01	5.1969e-01	4.8031e-01	7.6636e-15	2.7856e-17	2.0381e-04	6.9059e-01	3.0919e-01	2.5742e-05	3.7673e-03	9.8087e-01	1.5361e-02	1.1755e-36	1.1755e-36	1.1755e-36	1.1048e-25	0.00e+00	0.00e+00	4.7125e+00
3.08315e+18	7.8060e+03	1.331e-19	2.1544e+02	2.2248e+02	4.5232e-15	3.6692e-03	9.9633e-01	6.0399e-01	3.9601e-01	5.6759e-15	2.9088e-17	2.0490e-04	6.9749e-01	3.0228e-01	2.1433e-05	3.8286e-03	9.8496e-01	1.1215e-02	1.1755e-36	1.1755e-36	1.1755e-36	1.1358e-25	0.00e+00	0.00e+00	4.7520e+00
3.09078e+18	7.7867e+03	1.316e-19	2.1544e+02	2.2102e+02	4.7158e-15	3.7209e-03	9.9628e-01	7.0085e-01	2.9915e-01	3.7385e-15	3.0631e-17	2.0622e-04	7.0402e-01	2.9576e-01	1.7202e-05	3.9029e-03	9.8845e-01	7.6472e-03	1.1755e-36	1.1755e-36	1.1755e-36	1.1806e-25	0.00e+00	0.00e+00	4.7892e+00
3.09788e+18	7.7721e+03	1.299e-19	2.1544e+02	2.1939e+02	4.8648e-15	3.7643e-03	9.9624e-01	7.8557e-01	2.1443e-01	2.3703e-15	3.1785e-17	2.0667e-04	7.0843e-01	2.9135e-01	1.3741e-05	3.9644e-03	9.9083e-01	5.2008e-03	1.1755e-36	1.1755e-36	1.1755e-36	1.2069e-25	0.00e+00	0.00e+00	4.8243e+00
3.10576e+18	7.7560e+03	1.284e-19	2.1544e+02	2.1786e+02	5.0277e-15	3.8183e-03	9.9618e-01	8.6121e-01	1.3879e-01	1.3596e-15	3.2940e-17	2.0708e-04	7.1222e-01	2.8756e-01	1.0426e-05	4.0356e-03	9.9261e-01	3.3555e-03	1.1755e-36	1.1755e-36	1.1755e-36	1.2326e-25	0.00e+00	0.00e+00	4.8706e+00
3.11602e+18	7.7427e+03	1.272e-19	2.1544e+02	2.1654e+02	5.1949e-15	3.8983e-03	9.9610e-01	9.2631e-01	7.3689e-02	6.1660e-16	3.4161e-17	2.0783e-04	7.1606e-01	2.8372e-01	7.1220e-06	4.1356e-03	9.9398e-01	1.8886e-03	1.1755e-36	1.1755e-36	1.1755e-36	1.2559e-25	0.00e+00	0.00e+00	4.9321e+00
3.12935e+18	7.7369e+03	1.265e-19	2.1544e+02	2.1547e+02	5.3081e-15	4.0123e-03	9.9599e-01	9.6895e-01	3.1046e-02	2.1702e-16	3.5107e-17	2.0901e-04	7.2000e-01	2.7978e-01	4.2440e-06	4.2739e-03	9.9483e-01	8.9886e-04	1.1755e-36	1.1755e-36	1.1755e-36	1.2536e-25	0.00e+00	0.00e+00	5.0143e+00
3.14667e+18	7.7428e+03	1.267e-19	2.1544e+02	2.1494e+02	5.4019e-15	4.1797e-03	9.9582e-01	9.8955e-01	1.0448e-02	6.0932e-17	3.6206e-17	2.1115e-04	7.2476e-01	2.7502e-01	2.1352e-06	4.4727e-03	9.9518e-01	3.5161e-04	1.1755e-36	1.1755e-36	1.1755e-36	1.2503e-25	0.00e+00	0.00e+00	5.1257e+00
3.16920e+18	7.7591e+03	1.276e-19	2.1544e+02	2.1472e+02	5.6243e-15	4.4214e-03	9.9558e-01	9.9708e-01	2.9235e-03	1.4245e-17	3.8503e-17	2.1430e-04	7.3089e-01	2.6890e-01	8.7467e-07	4.7582e-03	9.9513e-01	1.0990e-04	1.1755e-36	1.1755e-36	1.1755e-36	1.3063e-25	0.00e+00	0.00e+00	5.2789e+00
3.19849e+18	7.7838e+03	1.291e-19	2.1544e+02	2.1463e+02	6.2207e-15	4.7768e-03	9.9522e-01	9.9925e-01	7.4860e-04	3.0547e-18	4.3865e-17	2.1866e-04	7.3908e-01	2.6070e-01	2.7702e-07	5.1783e-03	9.9480e-01	2.6602e-05	1.1755e-36	1.1755e-36	1.1755e-36	1.5293e-25	0.00e+00	0.00e+00	5.4940e+00
3.23656e+18	7.8164e+03	1.313e-19	2.1544e+02	2.1455e+02	7.4615e-15	5.3205e-03	9.9468e-01	9.9977e-01	2.2622e-04	7.6778e-19	5.4711e-17	2.2459e-04	7.5031e-01	2.4947e-01	1.1755e-36	5.8239e-03	9.9417e-01	4.8016e-06	1.1755e-36	1.1755e-36	1.1755e-36	2.0678e-25	0.00e+00	0.00e+00	5.8055e+00
3.28605e+18	7.8562e+03	1.343e-19	2.1544e+02	2.1440e+02	1.0049e-14	6.2076e-03	9.9379e-01	9.9990e-01	1.0456e-04	2.8782e-19	7.7485e-17	2.3272e-04	7.6602e-01	2.3374e-01	1.1755e-36	6.8839e-03	9.9312e-01	6.1143e-07	1.1755e-36	1.1755e-36	1.1755e-36	3.4043e-25	0.00e+00	0.00e+00	6.2779e+00
3.33459e+18	7.8966e+03	1.378e-19	2.1544e+02	2.1421e+02	1.4359e-14	7.4195e-03	9.9258e-01	9.9993e-01	6.6338e-05	1.5263e-19	1.1643e-16	2.4110e-04	7.8254e-01	2.1722e-01	1.1755e-36	8.3418e-03	9.9166e-01	7.9897e-08	1.1755e-36	1.1755e-36	1.1755e-36	6.1615e-25	0.00e+00	0.00e+00	6.6931e+00
3.36804e+18	7.9189e+03	1.405e-19	2.1544e+02	2.1386e+02	1.9841e-14	8.5783e-03	9.9142e-01	9.9995e-01	4.7982e-05	9.8259e-20	1.6617e-16	2.4759e-04	7.9529e-01	2.0446e-01	1.1755e-36	9.7437e-03	9.9026e-01	2.1117e-08	1.1755e-36	1.1755e-36	1.1755e-36	1.0515e-24	0.00e+00	0.00e+00	6.9937e+00
3.39124e+18	7.9306e+03	1.425e-19	2.1544e+02	2.1363e+02	2.5370e-14	9.5925e-03	9.9041e-01	9.9996e-01	3.9135e-05	7.3715e-20	2.1725e-16	2.5234e-04	8.0511e-01	1.9464e-01	1.1755e-36	1.0975e-02	9.8902e-01	8.6063e-09	1.1755e-36	1.1755e-36	1.1755e-36	1.5671e-24	0.00e+00	0.00e+00	7.2629e+00
3.41495e+18	7.9365e+03	1.446e-19	2.1544e+02	2.1336e+02	3.3371e-14	1.0845e-02	9.8916e-01	9.9997e-01	3.1695e-05	5.4437e-20	2.9179e-16	2.5750e-04	8.1615e-01	1.8360e-01	1.1755e-36	1.2500e-02	9.8750e-01	3.3983e-09	1.1755e-36	1.1755e-36	1.1755e-36	2.4281e-24	0.00e+00	0.00e+00	7.6584e+00
3.44579e+18	7.9349e+03	1.475e-19	2.1544e+02	2.1291e+02	4.9572e-14	1.2943e-02	9.8706e-01	9.9998e-01	2.3344e-05	3.5581e-20	4.4347e-16	2.6449e-04	8.3147e-01	1.6826e-01	1.1755e-36	1.5063e-02	9.8494e-01	1.0265e-09	1.1755e-36	1.1755e-36	1.1755e-36	4.5109e-24	0.00e+00	0.00e+00	8.2721e+00
3.47532e+18	7.9225e+03	1.509e-19	2.1544e+02	2.1238e+02	7.8369e-14	1.5910e-02	9.8409e-01	9.9998e-01	1.6328e-05	2.2440e-20	7.1285e-16	2.7174e-04	8.4738e-01	1.5235e-01	1.1755e-36	1.8696e-02	9.8130e-01	3.2289e-10	1.1755e-36	1.1755e-36	1.1755e-36	9.0964e-24	0.00e+00	0.00e+00	8.7962e+00
3.49505e+18	7.9038e+03	1.533e-19	2.1544e+02	2.1165e+02	1.1396e-13	1.8795e-02	9.8121e-01	9.9999e-01	1.2594e-05	1.6193e-20	1.0425e-15	2.7676e-04	8.5941e-01	1.4032e-01	1.1755e-36	2.2235e-02	9.7776e-01	1.4940e-10	1.1755e-36	1.1755e-36	1.1755e-36	1.5956e-23	0.00e+00	0.00e+00	9.1857e+00
3.50934e+18	7.8803e+03	1.552e-19	2.1544e+02	2.1112e+02	1.5491e-13	2.1545e-02	9.7846e-01	9.9999e-01	1.0523e-05	1.2848e-20	1.4172e-15	2.8080e-04	8.6912e-01	1.3060e-01	1.1755e-36	2.5612e-02	9.7439e-01	8.3858e-11	1.1755e-36	1.1755e-36	1.1755e-36	2.5064e-23	0.00e+00	0.00e+00	9.5770e+00
3.52469e+18	7.8535e+03	1.569e-19	2.1544e+02	2.1024e+02	2.2146e-13	2.5267e-02	9.7473e-01	9.9999e-01	8.5212e-06	9.8192e-21	2.0236e-15	2.8492e-04	8.8025e-01	1.1947e-01	1.1755e-36	3.0185e-02	9.6981e-01	4.3742e-11	1.1755e-36	1.1755e-36	1.1755e-36	4.2306e-23	0.00e+00	0.00e+00	1.0174e+01
3.54091e+18	7.7964e+03	1.591e-19	2.1544e+02	2.0905e+02	3.4874e-13	3.0819e-02	9.6918e-01	9.9999e-01	6.4077e-06	6.9665e-21	3.1301e-15	2.8947e-04	8.9275e-01	1.0696e-01	1.1755e-36	3.7004e-02	9.6300e-01	2.1888e-11	1.1755e-36	1.1755e-36	1.1755e-36	8.0173e-23	0.00e+00	0.00e+00	1.0805e+01
3.55443e+18	7.7419e+03	1.607e-19	2.1544e+02	2.0759e+02	5.4742e-13	3.7601e-02	9.6240e-01	1.0000e+00	4.9703e-06	5.1607e-21	4.8176e-15	2.9305e-04	9.0426e-01	9.5448e-02	1.1755e-36	4.5323e-02	9.5468e-01	1.1967e-11	1.1755e-36	1.1755e-36	1.1755e-36	1.5093e-22	0.00e+00	0.00e+00	1.1418e+01
3.56531e+18	7.6849e+03	1.619e-19	2.1544e+02	2.0614e+02	8.4296e-13	4.5463e-02	9.5454e-01	1.0000e+00	3.9633e-06	3.9657e-21	7.2479e-15	2.9596e-04	9.1446e-01	8.5245e-02	1.1755e-36	5.4947e-02	9.4505e-01	7.1436e-12	1.1755e-36	1.1755e-36	1.1755e-36	2.7496e-22	0.00e+00	0.00e+00	1.2023e+01
3.57455e+18	7.6251e+03	1.626e-19	2.1544e+02	2.0457e+02	1.2944e-12	5.4880e-02	9.4512e-01	1.0000e+00	3.1978e-06	3.1014e-21	1.0835e-14	2.9817e-04	9.2387e-01	7.5836e-02	1.1755e-36	6.6439e-02	9.3356e-01	4.4600e-12	1.1755e-36	1.1755e-36	1.1755e-36	4.9661e-22	0.00e+00	0.00e+00	1.2673e+01
3.58302e+18	7.5632e+03	1.619e-19	2.1544e+02	2.0178e+02	2.0251e-12	6.6784e-02	9.3322e-01	1.0000e+00	2.5644e-06	2.4314e-21	1.6368e-14	2.9843e-04	9.3282e-01	6.6881e-02	1.1755e-36	8.0910e-02	9.1909e-01	2.8056e-12	1.1755e-36	1.1755e-36	1.1755e-36	9.1019e-22	0.00e+00	0.00e+00	1.3420e+01
3.59091e+18	7.4935e+03	1.600e-19	2.1544e+02	1.9813e+02	3.3030e-12	8.2688e-02	9.1731e-01	1.0000e+00	2.0168e-06	1.8809e-21	2.5549e-14	2.9742e-04	9.4165e-01	5.8051e-02	1.1755e-36	1.0013e-01	8.9987e-01	1.7539e-12	1.1755e-36	1.1755e-36	1.1755e-36	1.7522e-21	0.00e+00	0.00e+00	1.4270e+01
3.59707e+18	7.4272e+03	1.576e-19	2.1544e+02	1.9447e+02	5.2476e-12	1.0120e-01	8.9880e-01	1.0000e+00	1.5807e-06	1.4624e-21	3.8841e-14	2.9539e-04	9.4902e-01	5.0685e-02	1.1755e-36	1.2232e-01	8.7768e-01	1.1752e-12	1.1755e-36	1.1755e-36	1.1755e-36	3.2538e-21	0.00e+00	0.00e+00	1.4925e+01
3.60104e+18	7.3777e+03	1.542e-19	2.1544e+02	1.9046e+02	7.3685e-12	1.1719e-01	8.8281e-01	1.0000e+00	1.3585e-06	1.2609e-21	5.2367e-14	2.9184e-04	9.5392e-01	4.5791e-02	1.1755e-36	1.4135e-01	8.5865e-01	8.8541e-13	1.1755e-36	1.1755e-36	1.1755e-36	5.0534e-21	0.00e+00	0.00e+00	1.5434e+01
3.60415e+18	7.3263e+03	1.511e-19	2.1544e+02	1.8730e+02	9.9431e-12	1.3306e-01	8.6694e-01	1.0000e+00	1.2068e-06	1.1213e-21	6.7986e-14	2.8904e-04	9.5804e-01	4.1668e-02	1.1755e-36	1.6010e-01	8.3990e-01	6.9302e-13	1.1755e-36	1.1755e-36	1.1755e-36	7.4351e-21	0.00e+00	0.00e+00	1.5981e+01
3.60763e+18	7.2644e+03	1.459e-19	2.1544e+02	1.8235e+02	1.4185e-11	1.5448e-01	8.4552e-01	1.0000e+00	1.0429e-06	9.7714e-22	9.1916e-14	2.8370e-04	9.6264e-01	3.7074e-02	1.1755e-36	1.8518e-01	8.1482e-01	5.1570e-13	1.1755e-36	1.1755e-36	1.1755e-36	1.1598e-20	0.00e+00	0.00e+00	1.6808e+01
3.61143e+18	7.1665e+03	1.388e-19	2.1544e+02	1.7570e+02	2.2292e-11	1.8541e-01	8.1459e-01	1.0000e+00	8.3582e-07	7.9529e-22	1.3276e-13	2.7607e-04	9.6769e-01	3.2035e-02	1.1755e-36	2.2096e-01	7.7904e-01	3.6402e-13	1.1755e-36	1.1755e-36	1.1755e-36	1.9952e-20	0.00e+00	0.00e+00	1.7733e+01
3.61496e+18	7.0492e+03	1.294e-19	2.1544e+02	1.6735e+02	3.6247e-11	2.2416e-01	7.7584e-01	1.0000e+00	6.7878e-07	6.6325e-22	1.9380e-13	2.6563e-04	9.7248e-01	2.7255e-02	1.1755e-36	2.6508e-01	7.3492e-01	2.5321e-13	1.1755e-36	1.1755e-36	1.1755e-36	3.4843e-20	0.00e+00	0.00e+00	1.8769e+01
3.61802e+18	6.9096e+03	1.185e-19	2.1544e+02	1.5773e+02	5.9248e-11	2.6878e-01	7.3122e-01	1.0000e+00	5.4496e-07	5.5277e-22	2.7692e-13	2.5290e-04	9.7662e-01	2.3124e-02	1.1755e-36	3.1490e-01	6.8510e-01	1.7832e-13	1.1755e-36	1.1755e-36	1.1755e-36	5.8856e-20	0.00e+00	0.00e+00	1.9764e+01
3.62027e+18	6.7714e+03	1.084e-19	2.1544e+02	1.4873e+02	8.9988e-11	3.1059e-01	6.8941e-01	1.0000e+00	4.5306e-07	4.7839e-22	3.6637e-13	2.4051e-04	9.7965e-01	2.0113e-02	1.1755e-36	3.6066e-01	6.3934e-01	1.3412e-13	1.1755e-36	1.1755e-36	1.1755e-36	8.8571e-20	0.00e+00	0.00e+00	2.0518e+01
3.62176e+18	6.6569e+03	1.008e-19	2.1544e+02	1.4180e+02	1.2213e-10	3.4280e-01	6.5720e-01	1.0000e+00	4.0413e-07	4.4124e-22	4.4225e-13	2.3079e-04	9.8161e-01	1.8162e-02	1.1755e-36	3.9533e-01	6.0467e-01	1.0967e-13	1.1755e-36	1.1755e-36	1.1755e-36	1.1633e-19	0.00e+00	0.00e+00	2.1068e+01
3.62283e+18	6.5586e+03	9.479e-20	2.1544e+02	1.3626e+02	1.5495e-10	3.6843e-01	6.3157e-01	1.0000e+00	3.7419e-07	4.2016e-22	5.0648e-13	2.2291e-04	9.8301e-01	1.6770e-02	1.1755e-36	4.2257e-01	5.7743e-01	9.4077e-14	1.1755e-36	1.1755e-36	1.1755e-36	1.4130e-19	0.00e+00	0.00e+00	2.1553e+01
3.62379e+18	6.4572e+03	8.910e-20	2.1544e+02	1.3092e+02	1.9457e-10	3.9315e-01	6.0685e-01	1.0000e+00	3.4693e-07	4.0061e-22	5.7139e-13	2.1526e-04	9.8425e-01	1.5539e-02	1.1755e-36	4.4854e-01	5.5146e-01	8.1529e-14	1.1755e-36	1.1755e-36	1.1755e-36	1.6771e-19	0.00e+00	0.00e+00	2.2060e+01
3.62473e+18	6.3446e+03	8.326e-20	2.1544e+02	1.2532e+02	2.4691e-10	4.1910e-01	5.8090e-01	1.0000e+00	3.1796e-07	3.7863e-22	6.4226e-13	2.0714e-04	9.8543e-01	1.4361e-02	1.1755e-36	4.7550e-01	5.2450e-01	7.0501e-14	1.1755e-36	1.1755e-36	1.1755e-36	1.9767e-19	0.00e+00	0.00e+00	2.2592e+01
3.62561e+18	6.2264e+03	7.760e-20	2.1544e+02	1.1974e+02	3.1320e-10	4.4490e-01	5.5510e-01	1.0000e+00	2.9094e-07	3.5776e-22	7.1514e-13	1.9899e-04	9.8651e-01	1.3292e-02	1.1755e-36	5.0199e-01	4.9801e-01	6.1286e-14	1.1755e-36	1.1755e-36	1.1755e-36	2.2950e-19	0.00e+00	0.00e+00	2.3096e+01
3.62639e+18	6.1103e+03	7.252e-20	2.1544e+02	1.1459e+02	3.9137e-10	4.6872e-01	5.3128e-01	1.0000e+00	2.6931e-07	3.4156e-22	7.8424e-13	1.9142e-04	9.8743e-01	1.2380e-02	1.1755e-36	5.2619e-01	4.7381e-01	5.4014e-14	1.1755e-36	1.1755e-36	1.1755e-36	2.6041e-19	0.00e+00	0.00e+00	2.3553e+01
3.62706e+18	5.9977e+03	6.800e-20	2.1544e+02	1.0990e+02	4.8173e-10	4.9044e-01	5.0956e-01	1.0000e+00	2.5220e-07	3.2934e-22	8.4850e-13	1.8449e-04	9.8822e-01	1.1600e-02	1.1755e-36	5.4804e-01	4.5196e-01	4.8223e-14	1.1755e-36	1.1755e-36	1.1755e-36	2.8965e-19	0.00e+00	0.00e+00	2.3978e+01
3.62768e+18	5.8851e+03	6.383e-20	2.1544e+02	1.0546e+02	5.8926e-10	5.1096e-01	4.8904e-01	1.0000e+00	2.3723e-07	3.1876e-22	9.1010e-13	1.7790e-04	9.8892e-01	1.0905e-02	1.1755e-36	5.6848e-01	4.3152e-01	4.3371e-14	1.1755e-36	1.1755e-36	1.1755e-36	3.1802e-19	0.00e+00	0.00e+00	2.4393e+01
3.62826e+18	5.7664e+03	5.992e-20	2.1544e+02	1.0119e+02	7.2373e-10	5.3106e-01	4.6894e-01	1.0000e+00	2.2298e-07	3.0807e-22	9.7188e-13	1.7156e-04	9.8957e-01	1.0258e-02	1.1755e-36	5.8834e-01	4.1166e-01	3.9137e-14	1.1755e-36	1.1755e-36	1.1755e-36	3.4690e-19	0.00e+00	0.00e+00	2.4803e+01
3.62873e+18	5.6732e+03	5.686e-20	2.1544e+02	9.7743e+01	8.5066e-10	5.4677e-01	4.5323e-01	1.0000e+00	2.0934e-07	2.9630e-22	1.0196e-12	1.6637e-04	9.9005e-01	9.7833e-03	1.1755e-36	6.0373e-01	3.9627e-01	3.6132e-14	1.1755e-36	1.1755e-36	1.1755e-36	3.6926e-19	0.00e+00	0.00e+00	2.5076e+01
3.62906e+18	5.5987e+03	5.467e-20	2.1544e+02	9.5225e+01	9.6474e-10	5.5845e-01	4.4155e-01	1.0000e+00	2.0428e-07	2.9426e-22	1.0558e-12	1.6260e-04	9.9040e-01	9.4383e-03	1.1755e-36	6.1511e-01	3.8489e-01	3.4054e-14	1.1755e-36	1.1755e-36	1.1755e-36	3.8644e-19	0.00e+00	0.00e+00	2.5304e+01
3.62937e+18	5.5243e+03	5.257e-20	2.1544e+02	9.2800e+01	1.0926e-09	5.6975e-01	4.3025e-01	1.0000e+00	1.9880e-07	2.9133e-22	1.0913e-12	1.5896e-04	9.9073e-01	9.1105e-03	1.1755e-36	6.2608e-01	3.7392e-01	3.2146e-14	1.1755e-36	1.1755e-36	1.1755e-36	4.0348e-19	0.00e+00	0.00e+00	2.5555e+01
3.62972e+18	5.4355e+03	5.028e-20	2.1544e+02	9.0118e+01	1.2645e-09	5.8246e-01	4.1754e-01	1.0000e+00	1.9114e-07	2.8544e-22	1.1322e-12	1.5495e-04	9.9109e-01	8.7523e-03	1.1755e-36	6.3834e-01	3.6166e-01	3.0138e-14	1.1755e-36	1.1755e-36	1.1755e-36	4.2350e-19	0.00e+00	0.00e+00	2.5841e+01
3.63008e+18	5.3423e+03	4.794e-20	2.1544e+02	8.7298e+01	1.4738e-09	5.9559e-01	4.0441e-01	1.0000e+00	1.8264e-07	2.7846e-22	1.1745e-12	1.5070e-04	9.9145e-01	8.3951e-03	1.1755e-36	6.5093e-01	3.4907e-01	2.8187e-14	1.1755e-36	1.1755e-36	1.1755e-36	4.4453e-19	0.00e+00	0.00e+00	2.6129e+01
3.63042e+18	5.2480e+03	4.571e-20	2.1544e+02	8.4560e+01	1.7186e-09	6.0834e-01	3.9166e-01	1.0000e+00	1.7513e-07	2.7256e-22	1.2164e-12	1.4658e-04	9.9179e-01	8.0588e-03	1.1755e-36	6.6310e-01	3.3690e-01	2.6409e-14	1.1755e-36	1.1755e-36	1.1755e-36	4.6603e-19	0.00e+00	0.00e+00	2.6409e+01
3.63075e+18	5.1510e+03	4.361e-20	2.1544e+02	8.1900e+01	2.0078e-09	6.2065e-01	3.7935e-01	1.0000e+00	1.6843e-07	2.6747e-22	1.2579e-12	1.4259e-04	9.9211e-01	7.7439e-03	1.1755e-36	6.7479e-01	3.2521e-01	2.4801e-14	1.1755e-36	1.1755e-36	1.1755e-36	4.8803e-19	0.00e+00	0.00e+00	2.6683e+01
3.63108e+18	5.0540e+03	4.159e-20	2.1544e+02	7.9304e+01	2.3447e-09	6.3271e-01	3.6729e-01	1.0000e+00	1.6205e-07	2.6260e-22	1.3000e-12	1.3868e-04	9.9242e-01	7.4432e-03	1.1755e-36	6.8619e-01	3.1381e-01	2.3307e-14	1.1755e-36	1.1755e-36	1.1755e-36	5.1153e-19	0.00e+00	0.00e+00	2.6960e+01
3.63140e+18	4.9514e+03	3.963e-20	2.1544e+02	7.6726e+01	2.7522e-09	6.4480e-01	3.5520e-01	1.0000e+00	1.5572e-07	2.5747e-22	1.3430e-12	1.3482e-04	9.9272e-01	7.1418e-03	1.1755e-36	6.9755e-01	3.0245e-01	2.1896e-14	1.1755e-36	1.1755e-36	1.1755e-36	5.3599e-19	0.00e+00	0.00e+00	2.7240e+01
3.63171e+18	4.8453e+03	3.773e-20	2.1544e+02	7.4156e+01	3.2346e-09	6.5670e-01	3.4330e-01	1.0000e+00	1.4953e-07	2.5235e-22	1.3844e-12	1.3098e-04	9.9303e-01	6.8430e-03	1.1755e-36	7.0869e-01	2.9131e-01	2.0584e-14	1.1755e-36	1.1755e-36	1.1755e-36	5.5928e-19	0.00e+00	0.00e+00	2.7519e+01
3.63202e+18	4.7420e+03	3.590e-20	2.1544e+02	7.1630e+01	3.7777e-09	6.6818e-01	3.3182e-01	1.0000e+00	1.4379e-07	2.4786e-22	1.4238e-12	1.2719e-04	9.9331e-01	6.5609e-03	1.1755e-36	7.1937e-01	2.8063e-01	1.9373e-14	1.1755e-36	1.1755e-36	1.1755e-36	5.8220e-19	0.00e+00	0.00e+00	2.7798e+01
3.63233e+18	4.6303e+03	3.413e-20	2.1544e+02	6.9136e+01	4.4431e-09	6.7975e-01	3.2025e-01	1.0000e+00	1.3817e-07	2.4312e-22	1.4649e-12	1.2349e-04	9.9359e-01	6.2818e-03	1.1755e-36	7.3010e-01	2.6990e-01	1.8224e-14	1.1755e-36	1.1755e-36	1.1755e-36	6.0750e-19	0.00e+00	0.00e+00	2.8081e+01
3.63263e+18	4.5168e+03	3.244e-20	2.1544e+02	6.6688e+01	5.2085e-09	6.9112e-01	3.0888e-01	1.0000e+00	1.3253e-07	2.3804e-22	1.5053e-12	1.1988e-04	9.9387e-01	6.0132e-03	1.1755e-36	7.4059e-01	2.5941e-01	1.7151e-14	1.1755e-36	1.1755e-36	1.1755e-36	6.3343e-19	0.00e+00	0.00e+00	2.8362e+01
3.63293e+18	4.4022e+03	3.083e-20	2.1544e+02	6.4311e+01	6.0657e-09	7.0215e-01	2.9785e-01	1.0000e+00	1.2723e-07	2.3321e-22	1.5439e-12	1.1639e-04	9.9413e-01	5.7574e-03	1.1755e-36	7.5072e-01	2.4928e-01	1.6158e-14	1.1755e-36	1.1755e-36	1.1755e-36	6.5912e-19	0.00e+00	0.00e+00	2.8640e+01
3.63322e+18	4.2863e+03	2.930e-20	2.1544e+02	6.1994e+01	7.0051e-09	7.1291e-01	2.8709e-01	1.0000e+00	1.2213e-07	2.2839e-22	1.5803e-12	1.1303e-04	9.9437e-01	5.5125e-03	1.1755e-36	7.6056e-01	2.3944e-01	1.5234e-14	1.1755e-36	1.1755e-36	1.1755e-36	6.8361e-19	0.00e+00	0.00e+00	2.8917e+01
3.63350e+18	4.1684e+03	2.783e-20	2.1544e+02	5.9724e+01	8.0062e-09	7.2345e-01	2.7655e-01	1.0000e+00	1.1708e-07	2.2337e-22	1.6135e-12	1.0976e-04	9.9461e-01	5.2769e-03	1.1755e-36	7.7017e-01	2.2983e-01	1.4367e-14	1.1755e-36	1.1755e-36	1.1755e-36	7.0544e-19	0.00e+00	0.00e+00	2.9195e+01
3.63378e+18	4.0451e+03	2.643e-20	2.1544e+02	5.7492e+01	9.0586e-09	7.3388e-01	2.6612e-01	1.0000e+00	1.1196e-07	2.1780e-22	1.6428e-12	1.0662e-04	9.9485e-01	5.0484e-03	1.1755e-36	7.7963e-01	2.2037e-01	1.3551e-14	1.1755e-36	1.1755e-36	1.1755e-36	7.2291e-19	0.00e+00	0.00e+00	2.9472e+01
3.63405e+18	3.9245e+03	2.510e-20	2.1544e+02	5.5331e+01	1.0045e-08	7.4390e-01	2.5610e-01	1.0000e+00	1.0675e-07	2.1177e-22	1.6653e-12	1.0360e-04	9.9506e-01	4.8325e-03	1.1755e-36	7.8869e-01	2.1131e-01	1.2793e-14	1.1755e-36	1.1755e-36	1.1755e-36	7.3266e-19	0.00e+00	0.00e+00	2.9746e+01
###########################
2.58735e+13	6.8121e+03	1.492e-19	2.1544e+02	2.3422e+02	2.6018e-16	5.8690e-04	9.9941e-01	3.1675e-03	9.8657e-01	1.0261e-02	1.1725e-20	9.1100e-06	5.5636e-02	9.3970e-01	4.6498e-03	6.4784e-05	1.5772e-01	8.3794e-01	4.2709e-03	1.1755e-36	1.1755e-36	9.8078e-29	0.00e+00	0.00e+00	4.1305e-05
1.55241e+14	6.8105e+03	1.492e-19	2.1544e+02	2.3421e+02	2.5956e-16	5.8689e-04	9.9941e-01	3.1677e-03	9.8658e-01	1.0253e-02	1.1676e-20	9.1071e-06	5.5642e-02	9.3969e-01	4.6561e-03	6.4748e-05	1.5764e-01	8.3804e-01	4.2557e-03	1.1755e-36	1.1755e-36	9.7270e-29	0.00e+00	0.00e+00	2.0652e-04
6.72710e+14	6.8088e+03	1.492e-19	2.1544e+02	2.3421e+02	2.5974e-16	5.8676e-04	9.9941e-01	3.1680e-03	9.8664e-01	1.0189e-02	1.1663e-20	9.1051e-06	5.5652e-02	9.3969e-01	4.6465e-03	6.4700e-05	1.5756e-01	8.3818e-01	4.1943e-03	1.1755e-36	1.1755e-36	9.7109e-29	0.00e+00	0.00e+00	8.6724e-04
2.74259e+15	6.8033e+03	1.491e-19	2.1544e+02	2.3421e+02	2.5428e-16	5.8670e-04	9.9941e-01	3.1711e-03	9.8698e-01	9.8523e-03	1.1373e-20	9.1125e-06	5.5714e-02	9.3966e-01	4.6123e-03	6.4695e-05	1.5750e-01	8.3848e-01	3.9574e-03	1.1755e-36	1.1755e-36	9.2069e-29	0.00e+00	0.00e+00	3.5099e-03
6.55116e+15	6.7901e+03	1.486e-19	2.1544e+02	2.3420e+02	2.5712e-16	5.8470e-04	9.9942e-01	3.1699e-03	9.8717e-01	9.6636e-03	1.1357e-20	9.0734e-06	5.5692e-02	9.3971e-01	4.5852e-03	6.4378e-05	1.5712e-01	8.3918e-01	3.6360e-03	1.1755e-36	1.1755e-36	9.2363e-29	0.00e+00	0.00e+00	6.9336e-03
1.15023e+16	6.7749e+03	1.481e-19	2.1544e+02	2.3419e+02	2.5927e-16	5.8289e-04	9.9942e-01	3.1713e-03	9.8770e-01	9.1271e-03	1.1309e-20	9.0552e-06	5.5707e-02	9.3975e-01	4.5313e-03	6.4148e-05	1.5687e-01	8.3982e-01	3.2469e-03	1.1755e-36	1.1755e-36	9.1881e-29	0.00e+00	0.00e+00	1.1371e-02
1.79388e+16	6.7602e+03	1.474e-19	2.1544e+02	2.3418e+02	2.5984e-16	5.8084e-04	9.9942e-01	3.1737e-03	9.8856e-01	8.2614e-03	1.1206e-20	9.0399e-06	5.5722e-02	9.3982e-01	4.4514e-03	6.3973e-05	1.5676e-01	8.4038e-01	2.7938e-03	1.1755e-36	1.1755e-36	9.0443e-29	0.00e+00	0.00e+00	1.7118e-02
2.63062e+16	6.7402e+03	1.467e-19	2.1544e+02	2.3416e+02	2.6185e-16	5.7880e-04	9.9942e-01	3.1791e-03	9.8975e-01	7.0753e-03	1.1149e-20	9.0340e-06	5.5769e-02	9.3988e-01	4.3438e-03	6.3944e-05	1.5695e-01	8.4069e-01	2.2890e-03	1.1755e-36	1.1755e-36	8.9434e-29	0.00e+00	0.00e+00	2.4564e-02
3.71839e+16	6.7183e+03	1.458e-19	2.1544e+02	2.3414e+02	2.6258e-16	5.7658e-04	9.9942e-01	3.1865e-03	9.9117e-01	5.6403e-03	1.1050e-20	9.0326e-06	5.5839e-02	9.3994e-01	4.2145e-03	6.4077e-05	1.5751e-01	8.4067e-01	1.7593e-03	1.1755e-36	1.1755e-36	8.7476e-29	0.00e+00	0.00e+00	3.4207e-02
5.13249e+16	6.6911e+03	1.448e-19	2.1544e+02	2.3411e+02	2.6459e-16	5.7439e-04	9.9943e-01	3.1972e-03	9.9271e-01	4.0976e-03	1.1004e-20	9.0393e-06	5.5961e-02	9.3996e-01	4.0702e-03	6.4453e-05	1.5856e-01	8.4013e-01	1.2448e-03	1.1755e-36	1.1755e-36	8.5923e-29	0.00e+00	0.00e+00	4.6695e-02
6.97081e+16	6.6604e+03	1.436e-19	2.1544e+02	2.3408e+02	2.6659e-16	5.7220e-04	9.9943e-01	3.2106e-03	9.9414e-01	2.6475e-03	1.0972e-20	9.0532e-06	5.6137e-02	9.3993e-01	3.9237e-03	6.5078e-05	1.6010e-01	8.3904e-01	7.9251e-04	1.1755e-36	1.1755e-36	8.4139e-29	0.00e+00	0.00e+00	6.2867e-02
9.36064e+16	6.6232e+03	1.422e-19	2.1544e+02	2.3406e+02	2.6918e-16	5.7030e-04	9.9943e-01	3.2282e-03	9.9529e-01	1.4787e-03	1.0955e-20	9.0822e-06	5.6401e-02	9.3981e-01	3.7841e-03	6.5991e-05	1.6212e-01	8.3738e-01	4.4179e-04	1.1755e-36	1.1755e-36	8.2018e-29	0.00e+00	0.00e+00	8.3821e-02
1.24674e+17	6.5809e+03	1.407e-19	2.1544e+02	2.3404e+02	2.7253e-16	5.6879e-04	9.9943e-01	3.2508e-03	9.9606e-01	6.9182e-04	1.0963e-20	9.1323e-06	5.6774e-02	9.3956e-01	3.6558e-03	6.7189e-05	1.6453e-01	8.3519e-01	2.0905e-04	1.1755e-36	1.1755e-36	7.9750e-29	0.00e+00	0.00e+00	1.1099e-01
1.65062e+17	6.5354e+03	1.389e-19	2.1544e+02	2.3403e+02	2.7674e-16	5.6787e-04	9.9943e-01	3.2802e-03	9.9646e-01	2.6203e-04	1.1021e-20	9.2158e-06	5.7278e-02	9.3918e-01	3.5348e-03	6.8722e-05	1.6736e-01	8.3249e-01	8.1180e-05	1.1755e-36	1.1755e-36	7.7641e-29	0.00e+00	0.00e+00	1.4625e-01
2.17567e+17	6.4811e+03	1.371e-19	2.1544e+02	2.3402e+02	2.8043e-16	5.6843e-04	9.9943e-01	3.3224e-03	9.9660e-01	7.7571e-05	1.1050e-20	9.3511e-06	5.8042e-02	9.3854e-01	3.4069e-03	7.0820e-05	1.7082e-01	8.2908e-01	2.5034e-05	1.1755e-36	1.1755e-36	7.4020e-29	0.00e+00	0.00e+00	1.9214e-01
2.85822e+17	6.4221e+03	1.350e-19	2.1544e+02	2.3402e+02	2.8886e-16	5.7106e-04	9.9943e-01	3.3826e-03	9.9660e-01	1.7512e-05	1.1316e-20	9.5571e-06	5.9117e-02	9.3761e-01	3.2611e-03	7.3732e-05	1.7522e-01	8.2470e-01	5.9987e-06	1.1755e-36	1.1755e-36	7.2324e-29	0.00e+00	0.00e+00	2.5206e-01
3.74555e+17	6.3607e+03	1.328e-19	2.1544e+02	2.3401e+02	2.9888e-16	5.7694e-04	9.9942e-01	3.4696e-03	9.9653e-01	3.0288e-06	1.1752e-20	9.8694e-06	6.0640e-02	9.3626e-01	3.0872e-03	7.7892e-05	1.8099e-01	8.1894e-01	1.1243e-06	1.1755e-36	1.1755e-36	7.0857e-29	0.00e+00	0.00e+00	3.3077e-01
4.89907e+17	6.3003e+03	1.305e-19	2.1544e+02	2.3401e+02	3.1369e-16	5.8789e-04	9.9941e-01	3.5977e-03	9.9640e-01	4.2275e-07	1.2594e-20	1.0336e-05	6.2815e-02	9.3430e-01	2.8781e-03	8.3956e-05	1.8870e-01	8.1121e-01	1.7436e-07	1.1755e-36	1.1755e-36	7.1387e-29	0.00e+00	0.00e+00	4.3503e-01
6.39865e+17	6.2491e+03	1.282e-19	2.1544e+02	2.3400e+02	3.3242e-16	6.0695e-04	9.9939e-01	3.7891e-03	9.9621e-01	5.0888e-08	1.4074e-20	1.1079e-05	6.6034e-02	9.3133e-01	2.6275e-03	9.3177e-05	1.9940e-01	8.0050e-01	1.1755e-36	1.1755e-36	1.1755e-36	7.4295e-29	0.00e+00	0.00e+00	5.7497e-01
8.34810e+17	6.2096e+03	1.262e-19	2.1544e+02	2.3398e+02	3.6309e-16	6.3975e-04	9.9936e-01	4.0876e-03	9.9591e-01	5.3949e-09	1.6977e-20	1.2263e-05	7.0935e-02	9.2672e-01	2.3291e-03	1.0789e-04	2.1470e-01	7.8519e-01	1.1755e-36	1.1755e-36	1.1755e-36	8.3476e-29	0.00e+00	0.00e+00	7.6672e-01
9.92247e+17	6.1665e+03	1.242e-19	2.1544e+02	2.3397e+02	3.6976e-16	6.5878e-04	9.9934e-01	4.2973e-03	9.9570e-01	1.0397e-09	1.7952e-20	1.3061e-05	7.4395e-02	9.2346e-01	2.1280e-03	1.1877e-04	2.2616e-01	7.7373e-01	1.1755e-36	1.1755e-36	1.1755e-36	8.0220e-29	0.00e+00	0.00e+00	8.5139e-01
1.09147e+18	6.1858e+03	1.236e-19	2.1544e+02	2.3396e+02	3.8336e-16	6.8113e-04	9.9932e-01	4.4945e-03	9.9551e-01	4.3011e-10	2.0354e-20	1.3859e-05	7.7500e-02	9.2048e-01	2.0016e-03	1.2882e-04	2.3514e-01	7.6473e-01	1.1755e-36	1.1755e-36	1.1755e-36	8.9582e-29	0.00e+00	0.00e+00	9.4769e-01
1.20062e+18	6.2073e+03	1.233e-19	2.1544e+02	2.3395e+02	4.0392e-16	7.0949e-04	9.9929e-01	4.7423e-03	9.9526e-01	1.7432e-10	2.3792e-20	1.4858e-05	8.1325e-02	9.1679e-01	1.8666e-03	1.4171e-04	2.4596e-01	7.5390e-01	1.1755e-36	1.1755e-36	1.1755e-36	1.0355e-28	0.00e+00	0.00e+00	1.0580e+00
1.32068e+18	6.2393e+03	1.231e-19	2.1544e+02	2.3394e+02	4.3103e-16	7.4512e-04	9.9925e-01	5.0565e-03	9.9494e-01	6.9312e-11	2.8872e-20	1.6143e-05	8.6117e-02	9.1214e-01	1.7237e-03	1.5842e-04	2.5907e-01	7.4077e-01	1.1755e-36	1.1755e-36	1.1755e-36	1.2510e-28	0.00e+00	0.00e+00	1.1855e+00
1.45275e+18	6.2871e+03	1.230e-19	2.1544e+02	2.3391e+02	4.6367e-16	7.9006e-04	9.9921e-01	5.4587e-03	9.9454e-01	2.7081e-11	3.6461e-20	1.7796e-05	9.2143e-02	9.0627e-01	1.5735e-03	1.8053e-04	2.7516e-01	7.2466e-01	1.1755e-36	1.1755e-36	1.1755e-36	1.5786e-28	0.00e+00	0.00e+00	1.3342e+00
1.59802e+18	6.3442e+03	1.233e-19	2.1544e+02	2.3389e+02	5.1292e-16	8.4880e-04	9.9915e-01	5.9985e-03	9.9400e-01	1.0420e-11	4.8927e-20	1.9998e-05	1.0001e-01	8.9855e-01	1.4133e-03	2.1108e-04	2.9549e-01	7.0430e-01	1.1755e-36	1.1755e-36	1.1755e-36	2.1381e-28	0.00e+00	0.00e+00	1.5099e+00
1.75783e+18	6.4384e+03	1.236e-19	2.1544e+02	2.3385e+02	5.6969e-16	9.2438e-04	9.9908e-01	6.7304e-03	9.9327e-01	3.9862e-12	6.9978e-20	2.2966e-05	1.1036e-01	8.8837e-01	1.2474e-03	2.5391e-04	3.2125e-01	6.7849e-01	1.1755e-36	1.1755e-36	1.1755e-36	3.1146e-28	0.00e+00	0.00e+00	1.7203e+00
1.93361e+18	6.5521e+03	1.244e-19	2.1544e+02	2.3381e+02	6.5248e-16	1.0276e-03	9.9897e-01	7.7930e-03	9.9221e-01	1.5345e-12	1.0916e-19	2.7178e-05	1.2474e-01	8.7416e-01	1.0709e-03	3.1817e-04	3.5543e-01	6.4426e-01	1.1755e-36	1.1755e-36	1.1755e-36	4.9594e-28	0.00e+00	0.00e+00	1.9777e+00
2.09969e+18	6.6846e+03	1.256e-19	2.1544e+02	2.3375e+02	7.4797e-16	1.1484e-03	9.9885e-01	9.1595e-03	9.9084e-01	6.9232e-13	1.7451e-19	3.2402e-05	1.4222e-01	8.5683e-01	9.1470e-04	4.0271e-04	3.9503e-01	6.0457e-01	1.1755e-36	1.1755e-36	1.1755e-36	8.1022e-28	0.00e+00	0.00e+00	2.2089e+00
2.23016e+18	6.8068e+03	1.267e-19	2.1544e+02	2.3369e+02	8.4505e-16	1.2674e-03	9.9873e-01	1.0668e-02	9.8933e-01	4.0063e-13	2.6611e-19	3.7873e-05	1.6026e-01	8.3891e-01	7.9395e-04	4.9566e-04	4.3340e-01	5.6611e-01	1.1755e-36	1.1755e-36	1.1755e-36	1.2562e-27	0.00e+00	0.00e+00	2.4036e+00
2.33033e+18	6.9110e+03	1.278e-19	2.1544e+02	2.3363e+02	9.4033e-16	1.3773e-03	9.9862e-01	1.2212e-02	9.8779e-01	2.7481e-13	3.8209e-19	4.3214e-05	1.7767e-01	8.2159e-01	7.0180e-04	5.9005e-04	4.6827e-01	5.3114e-01	1.1755e-36	1.1755e-36	1.1755e-36	1.8275e-27	0.00e+00	0.00e+00	2.5673e+00
2.41412e+18	7.0028e+03	1.288e-19	2.1544e+02	2.3357e+02	1.0413e-15	1.4855e-03	9.9851e-01	1.3897e-02	9.8610e-01	2.0516e-13	5.3259e-19	4.8733e-05	1.9548e-01	8.0385e-01	6.2375e-04	6.9024e-04	5.0161e-01	4.9770e-01	1.1755e-36	1.1755e-36	1.1755e-36	2.5720e-27	0.00e+00	0.00e+00	2.7293e+00
2.50634e+18	7.1042e+03	1.298e-19	2.1544e+02	2.3349e+02	1.1892e-15	1.6264e-03	9.9837e-01	1.6349e-02	9.8365e-01	1.5159e-13	7.9607e-19	5.6261e-05	2.1947e-01	7.7993e-01	5.3585e-04	8.3012e-04	5.4284e-01	4.5633e-01	1.1755e-36	1.1755e-36	1.1755e-36	3.8858e-27	0.00e+00	0.00e+00	2.9600e+00
2.60076e+18	7.2232e+03	1.312e-19	2.1544e+02	2.3338e+02	1.3647e-15	1.7967e-03	9.9820e-01	1.9865e-02	9.8014e-01	1.1248e-13	1.2329e-18	6.5966e-05	2.5025e-01	7.4923e-01	4.5068e-04	1.0158e-03	5.9184e-01	4.0714e-01	1.1755e-36	1.1755e-36	1.1755e-36	6.0356e-27	0.00e+00	0.00e+00	3.1667e+00
2.67317e+18	7.3219e+03	1.324e-19	2.1544e+02	2.3327e+02	1.5361e-15	1.9541e-03	9.9805e-01	2.3813e-02	9.7619e-01	9.1047e-14	1.7869e-18	7.5604e-05	2.8068e-01	7.1885e-01	3.8473e-04	1.2020e-03	6.3558e-01	3.6322e-01	1.1755e-36	1.1755e-36	1.1755e-36	8.7205e-27	0.00e+00	0.00e+00	3.3268e+00
2.72818e+18	7.4046e+03	1.333e-19	2.1544e+02	2.3318e+02	1.6866e-15	2.0914e-03	9.9791e-01	2.8072e-02	9.7193e-01	7.8091e-14	2.4143e-18	8.4595e-05	3.0886e-01	6.9072e-01	3.3394e-04	1.3751e-03	6.7225e-01	3.2637e-01	1.1755e-36	1.1755e-36	1.1755e-36	1.1694e-26	0.00e+00	0.00e+00	3.4684e+00
2.77397e+18	7.4615e+03	1.342e-19	2.1544e+02	2.3303e+02	1.8622e-15	2.2234e-03	9.9778e-01	3.2729e-02	9.6727e-01	6.8099e-14	3.1715e-18	9.3561e-05	3.3700e-01	6.6261e-01	2.9102e-04	1.5482e-03	7.0541e-01	2.9304e-01	1.1755e-36	1.1755e-36	1.1755e-36	1.5252e-26	0.00e+00	0.00e+00	3.5947e+00
2.81374e+18	7.5191e+03	1.350e-19	2.1544e+02	2.3292e+02	2.0270e-15	2.3498e-03	9.9765e-01	3.8219e-02	9.6178e-01	6.0390e-14	4.0570e-18	1.0266e-04	3.6519e-01	6.3446e-01	2.5396e-04	1.7212e-03	7.3597e-01	2.6231e-01	1.1755e-36	1.1755e-36	1.1755e-36	1.9334e-26	0.00e+00	0.00e+00	3.7155e+00
2.84951e+18	7.5696e+03	1.357e-19	2.1544e+02	2.3277e+02	2.2000e-15	2.4758e-03	9.9752e-01	4.4823e-02	9.5518e-01	5.3777e-14	5.1130e-18	1.1204e-04	3.9434e-01	6.0533e-01	2.2070e-04	1.8998e-03	7.6513e-01	2.3297e-01	1.1755e-36	1.1755e-36	1.1755e-36	2.4088e-26	0.00e+00	0.00e+00	3.8292e+00
2.88105e+18	7.6137e+03	1.364e-19	2.1544e+02	2.3259e+02	2.3745e-15	2.5979e-03	9.9740e-01	5.2678e-02	9.4732e-01	4.8196e-14	6.3222e-18	1.2148e-04	4.2364e-01	5.7604e-01	1.9150e-04	2.0785e-03	7.9226e-01	2.0566e-01	1.1755e-36	1.1755e-36	1.1755e-36	2.9394e-26	0.00e+00	0.00e+00	3.9328e+00
2.90825e+18	7.6518e+03	1.369e-19	2.1544e+02	2.3240e+02	2.5477e-15	2.7125e-03	9.9729e-01	6.1817e-02	9.3818e-01	4.3519e-14	7.6556e-18	1.3065e-04	4.5210e-01	5.4761e-01	1.6646e-04	2.2511e-03	8.1679e-01	1.8096e-01	1.1755e-36	1.1755e-36	1.1755e-36	3.5159e-26	0.00e+00	0.00e+00	4.0254e+00
2.93165e+18	7.6839e+03	1.374e-19	2.1544e+02	2.3218e+02	2.7147e-15	2.8187e-03	9.9718e-01	7.2360e-02	9.2764e-01	3.9535e-14	9.0729e-18	1.3939e-04	4.7921e-01	5.2050e-01	1.4508e-04	2.4149e-03	8.3872e-01	1.5887e-01	1.1755e-36	1.1755e-36	1.1755e-36	4.1151e-26	0.00e+00	0.00e+00	4.1086e+00
2.95204e+18	7.7115e+03	1.379e-19	2.1544e+02	2.3194e+02	2.8764e-15	2.9176e-03	9.9708e-01	8.4614e-02	9.1539e-01	3.6021e-14	1.0566e-17	1.4770e-04	5.0501e-01	4.9471e-01	1.2663e-04	2.5706e-03	8.5845e-01	1.3898e-01	1.1755e-36	1.1755e-36	1.1755e-36	4.7346e-26	0.00e+00	0.00e+00	4.1843e+00
2.97003e+18	7.7317e+03	1.383e-19	2.1544e+02	2.3171e+02	3.0404e-15	3.0113e-03	9.9699e-01	9.9177e-02	9.0082e-01	3.2869e-14	1.2132e-17	1.5563e-04	5.2961e-01	4.7012e-01	1.1049e-04	2.7201e-03	8.7641e-01	1.2086e-01	1.1755e-36	1.1755e-36	1.1755e-36	5.3707e-26	0.00e+00	0.00e+00	4.2535e+00
2.98584e+18	7.7542e+03	1.385e-19	2.1544e+02	2.3134e+02	3.1869e-15	3.0957e-03	9.9690e-01	1.1591e-01	8.8409e-01	2.9912e-14	1.3723e-17	1.6297e-04	5.5260e-01	4.4714e-01	9.6635e-05	2.8587e-03	8.9252e-01	1.0462e-01	1.1755e-36	1.1755e-36	1.1755e-36	6.0092e-26	0.00e+00	0.00e+00	4.3156e+00
2.99976e+18	7.7719e+03	1.387e-19	2.1544e+02	2.3103e+02	3.3265e-15	3.1742e-03	9.9683e-01	1.3562e-01	8.6438e-01	2.7269e-14	1.5313e-17	1.6976e-04	5.7383e-01	4.2591e-01	8.4616e-05	2.9886e-03	9.0697e-01	9.0038e-02	1.1755e-36	1.1755e-36	1.1755e-36	6.6299e-26	0.00e+00	0.00e+00	4.3721e+00
3.01208e+18	7.7878e+03	1.388e-19	2.1544e+02	2.3063e+02	3.4603e-15	3.2456e-03	9.9675e-01	1.5852e-01	8.4148e-01	2.4754e-14	1.6906e-17	1.7594e-04	5.9337e-01	4.0638e-01	7.4200e-05	3.1088e-03	9.1992e-01	7.6976e-02	1.1755e-36	1.1755e-36	1.1755e-36	7.2491e-26	0.00e+00	0.00e+00	4.4231e+00
3.02299e+18	7.7982e+03	1.388e-19	2.1544e+02	2.3016e+02	3.5921e-15	3.3111e-03	9.9669e-01	1.8503e-01	8.1497e-01	2.2367e-14	1.8461e-17	1.8149e-04	6.1108e-01	3.8868e-01	6.5166e-05	3.2198e-03	9.3141e-01	6.5375e-02	1.1755e-36	1.1755e-36	1.1755e-36	7.8372e-26	0.00e+00	0.00e+00	4.4693e+00
3.03272e+18	7.8111e+03	1.386e-19	2.1544e+02	2.2962e+02	3.7041e-15	3.3691e-03	9.9663e-01	2.1559e-01	7.8441e-01	2.0089e-14	1.9948e-17	1.8636e-04	6.2694e-01	3.7282e-01	5.7346e-05	3.3199e-03	9.4158e-01	5.5102e-02	1.1755e-36	1.1755e-36	1.1755e-36	8.3887e-26	0.00e+00	0.00e+00	4.5115e+00
3.04150e+18	7.8146e+03	1.384e-19	2.1544e+02	2.2899e+02	3.8330e-15	3.4240e-03	9.9658e-01	2.5108e-01	7.4892e-01	1.7870e-14	2.1426e-17	1.9069e-04	6.4125e-01	3.5850e-01	5.0427e-05	3.4137e-03	9.5059e-01	4.5997e-02	1.1755e-36	1.1755e-36	1.1755e-36	8.9296e-26	0.00e+00	0.00e+00	4.5504e+00
3.04949e+18	7.8246e+03	1.379e-19	2.1544e+02	2.2826e+02	3.9300e-15	3.4712e-03	9.9653e-01	2.9189e-01	7.0811e-01	1.5722e-14	2.2792e-17	1.9435e-04	6.5385e-01	3.4591e-01	4.4381e-05	3.4965e-03	9.5852e-01	3.7987e-02	1.1755e-36	1.1755e-36	1.1755e-36	9.4094e-26	0.00e+00	0.00e+00	4.5864e+00
3.05681e+18	7.8245e+03	1.374e-19	2.1544e+02	2.2743e+02	4.0491e-15	3.5166e-03	9.9648e-01	3.3884e-01	6.6116e-01	1.3621e-14	2.4147e-17	1.9751e-04	6.6506e-01	3.3470e-01	3.8966e-05	3.5741e-03	9.6543e-01	3.0995e-02	1.1755e-36	1.1755e-36	1.1755e-36	9.8758e-26	0.00e+00	0.00e+00	4.6200e+00
3.06361e+18	7.8272e+03	1.367e-19	2.1544e+02	2.2649e+02	4.1487e-15	3.5564e-03	9.9644e-01	3.9216e-01	6.0784e-01	1.1586e-14	2.5398e-17	2.0007e-04	6.7478e-01	3.2499e-01	3.4149e-05	3.6430e-03	9.7141e-01	2.4950e-02	1.1755e-36	1.1755e-36	1.1755e-36	1.0282e-25	0.00e+00	0.00e+00	4.6517e+00
3.07001e+18	7.8205e+03	1.358e-19	2.1544e+02	2.2542e+02	4.2752e-15	3.5957e-03	9.9640e-01	4.5250e-01	5.4750e-01	9.6140e-15	2.6662e-17	2.0219e-04	6.8330e-01	3.1647e-01	2.9757e-05	3.7082e-03	9.7652e-01	1.9769e-02	1.1755e-36	1.1755e-36	1.1755e-36	1.0687e-25	0.00e+00	0.00e+00	4.6823e+00
3.07618e+18	7.8164e+03	1.347e-19	2.1544e+02	2.2422e+02	4.3860e-15	3.6313e-03	9.9637e-01	5.1966e-01	4.8034e-01	7.6680e-15	2.7837e-17	2.0381e-04	6.9058e-01	3.0919e-01	2.5744e-05	3.7671e-03	9.8087e-01	1.5362e-02	1.1755e-36	1.1755e-36	1.1755e-36	1.1034e-25	0.00e+00	0.00e+00	4.7124e+00
3.08318e+18	7.8060e+03	1.331e-19	2.1544e+02	2.2249e+02	4.5210e-15	3.6691e-03	9.9633e-01	6.0384e-01	3.9616e-01	5.6828e-15	2.9072e-17	2.0490e-04	6.9748e-01	3.0229e-01	2.1440e-05	3.8284e-03	9.8495e-01	1.1221e-02	1.1755e-36	1.1755e-36	1.1755e-36	1.1347e-25	0.00e+00	0.00e+00	4.7519e+00
3.09081e+18	7.7865e+03	1.316e-19	2.1544e+02	2.2103e+02	4.7168e-15	3.7208e-03	9.9628e-01	7.0064e-01	2.9936e-01	3.7463e-15	3.0634e-17	2.0622e-04	7.0401e-01	2.9577e-01	1.7211e-05	3.9028e-03	9.8844e-01	7.6542e-03	1.1755e-36	1.1755e-36	1.1755e-36	1.1809e-25	0.00e+00	0.00e+00	4.7890e+00
3.09791e+18	7.7722e+03	1.299e-19	2.1544e+02	2.1940e+02	4.8640e-15	3.7641e-03	9.9624e-01	7.8538e-01	2.1462e-01	2.3765e-15	3.1780e-17	2.0667e-04	7.0842e-01	2.9136e-01	1.3748e-05	3.9641e-03	9.9083e-01	5.2056e-03	1.1755e-36	1.1755e-36	1.1755e-36	1.2067e-25	0.00e+00	0.00e+00	4.8242e+00
3.10580e+18	7.7561e+03	1.284e-19	2.1544e+02	2.1787e+02	5.0294e-15	3.8182e-03	9.9618e-01	8.6110e-01	1.3890e-01	1.3636e-15	3.2951e-17	2.0708e-04	7.1222e-01	2.8756e-01	1.0431e-05	4.0355e-03	9.9261e-01	3.3581e-03	1.1755e-36	1.1755e-36	1.1755e-36	1.2336e-25	0.00e+00	0.00e+00	4.8705e+00
3.11605e+18	7.7427e+03	1.272e-19	2.1544e+02	2.1655e+02	5.1954e-15	3.8981e-03	9.9610e-01	9.2626e-01	7.3735e-02	6.1855e-16	3.4166e-17	2.0784e-04	7.1606e-01	2.8373e-01	7.1244e-06	4.1355e-03	9.9397e-01	1.8896e-03	1.1755e-36	1.1755e-36	1.1755e-36	1.2563e-25	0.00e+00	0.00e+00	4.9320e+00
3.12939e+18	7.7369e+03	1.265e-19	2.1544e+02	2.1547e+02	5.3093e-15	4.0123e-03	9.9599e-01	9.6894e-01	3.1055e-02	2.1772e-16	3.5115e-17	2.0901e-04	7.2000e-01	2.7979e-01	4.2445e-06	4.2738e-03	9.9483e-01	8.9907e-04	1.1755e-36	1.1755e-36	1.1755e-36	1.2542e-25	0.00e+00	0.00e+00	5.0143e+00
3.14673e+18	7.7428e+03	1.267e-19	2.1544e+02	2.1494e+02	5.4033e-15	4.1796e-03	9.9582e-01	9.8955e-01	1.0446e-02	6.0918e-17	3.6216e-17	2.1115e-04	7.2476e-01	2.7502e-01	2.1349e-06	4.4726e-03	9.9518e-01	3.5156e-04	1.1755e-36	1.1755e-36	1.1755e-36	1.2509e-25	0.00e+00	0.00e+00	5.1257e+00
3.16926e+18	7.7591e+03	1.276e-19	2.1544e+02	2.1472e+02	5.6287e-15	4.4215e-03	9.9558e-01	9.9708e-01	2.9217e-03	1.4220e-17	3.8535e-17	2.1431e-04	7.3089e-01	2.6890e-01	8.7423e-07	4.7583e-03	9.9513e-01	1.0983e-04	1.1755e-36	1.1755e-36	1.1755e-36	1.3084e-25	0.00e+00	0.00e+00	5.2789e+00
3.19856e+18	7.7839e+03	1.291e-19	2.1544e+02	2.1463e+02	6.2230e-15	4.7770e-03	9.9522e-01	9.9925e-01	7.4788e-04	3.0490e-18	4.3883e-17	2.1866e-04	7.3909e-01	2.6070e-01	2.7675e-07	5.1786e-03	9.9479e-01	2.6572e-05	1.1755e-36	1.1755e-36	1.1755e-36	1.5305e-25	0.00e+00	0.00e+00	5.4941e+00
3.23665e+18	7.8165e+03	1.313e-19	2.1544e+02	2.1455e+02	7.4653e-15	5.3210e-03	9.9468e-01	9.9977e-01	2.2600e-04	7.6660e-19	5.4741e-17	2.2460e-04	7.5032e-01	2.4946e-01	1.1755e-36	5.8245e-03	9.9417e-01	4.7935e-06	1.1755e-36	1.1755e-36	1.1755e-36	2.0699e-25	0.00e+00	0.00e+00	5.8058e+00
3.28616e+18	7.8563e+03	1.343e-19	2.1544e+02	2.1440e+02	1.0059e-14	6.2087e-03	9.9379e-01	9.9990e-01	1.0447e-04	2.8744e-19	7.7563e-17	2.3274e-04	7.6604e-01	2.3372e-01	1.1755e-36	6.8852e-03	9.9311e-01	6.0998e-07	1.1755e-36	1.1755e-36	1.1755e-36	3.4105e-25	0.00e+00	0.00e+00	6.2785e+00
3.33471e+18	7.8966e+03	1.378e-19	2.1544e+02	2.1421e+02	1.4370e-14	7.4213e-03	9.9258e-01	9.9993e-01	6.6281e-05	1.5243e-19	1.1653e-16	2.4111e-04	7.8256e-01	2.1719e-01	1.1755e-36	8.3439e-03	9.9166e-01	7.9679e-08	1.1755e-36	1.1755e-36	1.1755e-36	6.1707e-25	0.00e+00	0.00e+00	6.6938e+00
3.36815e+18	7.9189e+03	1.405e-19	2.1544e+02	2.1386e+02	1.9858e-14	8.5803e-03	9.9142e-01	9.9995e-01	4.7948e-05	9.8152e-20	1.6634e-16	2.4760e-04	7.9531e-01	2.0444e-01	1.1755e-36	9.7461e-03	9.9025e-01	2.1069e-08	1.1755e-36	1.1755e-36	1.1755e-36	1.0533e-24	0.00e+00	0.00e+00	6.9943e+00
3.39133e+18	7.9306e+03	1.425e-19	2.1544e+02	2.1363e+02	2.5397e-14	9.5943e-03	9.9041e-01	9.9996e-01	3.9106e-05	7.3635e-20	2.1750e-16	2.5235e-04	8.0513e-01	1.9462e-01	1.1755e-36	1.0977e-02	9.8902e-01	8.5912e-09	1.1755e-36	1.1755e-36	1.1755e-36	1.5703e-24	0.00e+00	0.00e+00	7.2633e+00
3.41504e+18	7.9365e+03	1.446e-19	2.1544e+02	2.1336e+02	3.3396e-14	1.0847e-02	9.8915e-01	9.9997e-01	3.1678e-05	5.4392e-20	2.9203e-16	2.5751e-04	8.1616e-01	1.8358e-01	1.1755e-36	1.2502e-02	9.8750e-01	3.3937e-09	1.1755e-36	1.1755e-36	1.1755e-36	2.4316e-24	0.00e+00	0.00e+00	7.6587e+00
3.44585e+18	7.9349e+03	1.475e-19	2.1544e+02	2.1291e+02	4.9603e-14	1.2945e-02	9.8706e-01	9.9998e-01	2.3335e-05	3.5558e-20	4.4376e-16	2.6450e-04	8.3148e-01	1.6825e-01	1.1755e-36	1.5064e-02	9.8494e-01	1.0256e-09	1.1755e-36	1.1755e-36	1.1755e-36	4.5165e-24	0.00e+00	0.00e+00	8.2722e+00
3.47538e+18	7.9224e+03	1.509e-19	2.1544e+02	2.1238e+02	7.8408e-14	1.5911e-02	9.8409e-01	9.9998e-01	1.6324e-05	2.2430e-20	7.1322e-16	2.7175e-04	8.4738e-01	1.5234e-01	1.1755e-36	1.8696e-02	9.8130e-01	3.2274e-10	1.1755e-36	1.1755e-36	1.1755e-36	9.1056e-24	0.00e+00	0.00e+00	8.7963e+00
3.49511e+18	7.9038e+03	1.533e-19	2.1544e+02	2.1165e+02	1.1401e-13	1.8796e-02	9.8120e-01	9.9999e-01	1.2590e-05	1.6185e-20	1.0430e-15	2.7676e-04	8.5941e-01	1.4031e-01	1.1755e-36	2.2236e-02	9.7776e-01	1.4932e-10	1.1755e-36	1.1755e-36	1.1755e-36	1.5972e-23	0.00e+00	0.00e+00	9.1859e+00
3.50940e+18	7.8802e+03	1.552e-19	2.1544e+02	2.1112e+02	1.5498e-13	2.1547e-02	9.7845e-01	9.9999e-01	1.0520e-05	1.2841e-20	1.4179e-15	2.8081e-04	8.6912e-01	1.3060e-01	1.1755e-36	2.5614e-02	9.7439e-01	8.3801e-11	1.1755e-36	1.1755e-36	1.1755e-36	2.5085e-23	0.00e+00	0.00e+00	9.5774e+00
3.52476e+18	7.8535e+03	1.569e-19	2.1544e+02	2.1024e+02	2.2157e-13	2.5271e-02	9.7473e-01	9.9999e-01	8.5189e-06	9.8142e-21	2.0247e-15	2.8493e-04	8.8026e-01	1.1946e-01	1.1755e-36	3.0190e-02	9.6981e-01	4.3706e-11	1.1755e-36	1.1755e-36	1.1755e-36	4.2341e-23	0.00e+00	0.00e+00	1.0174e+01
3.54098e+18	7.7963e+03	1.591e-19	2.1544e+02	2.0905e+02	3.4892e-13	3.0825e-02	9.6917e-01	9.9999e-01	6.4058e-06	6.9627e-21	3.1317e-15	2.8947e-04	8.9276e-01	1.0695e-01	1.1755e-36	3.7011e-02	9.6299e-01	2.1869e-11	1.1755e-36	1.1755e-36	1.1755e-36	8.0240e-23	0.00e+00	0.00e+00	1.0806e+01
3.55450e+18	7.7418e+03	1.607e-19	2.1544e+02	2.0759e+02	5.4769e-13	3.7608e-02	9.6239e-01	1.0000e+00	4.9690e-06	5.1582e-21	4.8198e-15	2.9306e-04	9.0427e-01	9.5438e-02	1.1755e-36	4.5331e-02	9.5467e-01	1.1957e-11	1.1755e-36	1.1755e-36	1.1755e-36	1.5104e-22	0.00e+00	0.00e+00	1.1418e+01
3.56537e+18	7.6848e+03	1.619e-19	2.1544e+02	2.0614e+02	8.4328e-13	4.5470e-02	9.5453e-01	1.0000e+00	3.9626e-06	3.9641e-21	7.2506e-15	2.9596e-04	9.1447e-01	8.5237e-02	1.1755e-36	5.4955e-02	9.4504e-01	7.1390e-12	1.1755e-36	1.1755e-36	1.1755e-36	2.7512e-22	0.00e+00	0.00e+00	1.2023e+01
3.57461e+18	7.6250e+03	1.626e-19	2.1544e+02	2.0457e+02	1.2949e-12	5.4888e-02	9.4511e-01	1.0000e+00	3.1974e-06	3.1003e-21	1.0838e-14	2.9818e-04	9.2387e-01	7.5830e-02	1.1755e-36	6.6448e-02	9.3355e-01	4.4573e-12	1.1755e-36	1.1755e-36	1.1755e-36	4.9685e-22	0.00e+00	0.00e+00	1.2674e+01
3.58308e+18	7.5632e+03	1.619e-19	2.1544e+02	2.0178e+02	2.0258e-12	6.6795e-02	9.3321e-01	1.0000e+00	2.5640e-06	2.4305e-21	1.6374e-14	2.9844e-04	9.3283e-01	6.6874e-02	1.1755e-36	8.0923e-02	9.1908e-01	2.8039e-12	1.1755e-36	1.1755e-36	1.1755e-36	9.1066e-22	0.00e+00	0.00e+00	1.3421e+01
3.59097e+18	7.4935e+03	1.600e-19	2.1544e+02	1.9813e+02	3.3044e-12	8.2703e-02	9.1730e-01	1.0000e+00	2.0164e-06	1.8801e-21	2.5559e-14	2.9742e-04	9.4166e-01	5.8043e-02	1.1755e-36	1.0015e-01	8.9985e-01	1.7527e-12	1.1755e-36	1.1755e-36	1.1755e-36	1.7532e-21	0.00e+00	0.00e+00	1.4271e+01
3.59713e+18	7.4271e+03	1.576e-19	2.1544e+02	1.9447e+02	5.2499e-12	1.0122e-01	8.9878e-01	1.0000e+00	1.5804e-06	1.4618e-21	3.8856e-14	2.9539e-04	9.4903e-01	5.0678e-02	1.1755e-36	1.2235e-01	8.7765e-01	1.1744e-12	1.1755e-36	1.1755e-36	1.1755e-36	3.2557e-21	0.00e+00	0.00e+00	1.4926e+01
3.60110e+18	7.3776e+03	1.542e-19	2.1544e+02	1.9045e+02	7.3716e-12	1.1721e-01	8.8279e-01	1.0000e+00	1.3582e-06	1.2604e-21	5.2387e-14	2.9184e-04	9.5392e-01	4.5784e-02	1.1755e-36	1.4138e-01	8.5862e-01	8.8485e-13	1.1755e-36	1.1755e-36	1.1755e-36	5.0562e-21	0.00e+00	0.00e+00	1.5434e+01
3.60421e+18	7.3263e+03	1.511e-19	2.1544e+02	1.8730e+02	9.9471e-12	1.3309e-01	8.6691e-01	1.0000e+00	1.2066e-06	1.1208e-21	6.8010e-14	2.8903e-04	9.5805e-01	4.1662e-02	1.1755e-36	1.6013e-01	8.3987e-01	6.9260e-13	1.1755e-36	1.1755e-36	1.1755e-36	7.4390e-21	0.00e+00	0.00e+00	1.5982e+01
3.60769e+18	7.2582e+03	1.460e-19	2.1544e+02	1.8235e+02	1.4265e-11	1.5459e-01	8.4541e-01	1.0000e+00	1.0425e-06	9.7603e-22	9.2064e-14	2.8377e-04	9.6267e-01	3.7050e-02	1.1755e-36	1.8532e-01	8.1468e-01	5.1530e-13	1.1755e-36	1.1755e-36	1.1755e-36	1.1619e-20	0.00e+00	0.00e+00	1.6809e+01
3.61148e+18	7.1666e+03	1.388e-19	2.1544e+02	1.7571e+02	2.2289e-11	1.8540e-01	8.1460e-01	1.0000e+00	8.3564e-07	7.9498e-22	1.3275e-13	2.7608e-04	9.6769e-01	3.2038e-02	1.1755e-36	2.2096e-01	7.7904e-01	3.6404e-13	1.1755e-36	1.1755e-36	1.1755e-36	1.9948e-20	0.00e+00	0.00e+00	1.7730e+01
3.61500e+18	7.0497e+03	1.294e-19	2.1544e+02	1.6738e+02	3.6185e-11	2.2402e-01	7.7598e-01	1.0000e+00	6.7942e-07	6.6369e-22	1.9355e-13	2.6567e-04	9.7246e-01	2.7271e-02	1.1755e-36	2.6492e-01	7.3508e-01	2.5349e-13	1.1755e-36	1.1755e-36	1.1755e-36	3.4778e-20	0.00e+00	0.00e+00	1.8764e+01
3.61806e+18	6.9101e+03	1.185e-19	2.1544e+02	1.5777e+02	5.9138e-11	2.6860e-01	7.3140e-01	1.0000e+00	5.4553e-07	5.5315e-22	2.7656e-13	2.5295e-04	9.7661e-01	2.3138e-02	1.1755e-36	3.1470e-01	6.8530e-01	1.7852e-13	1.1755e-36	1.1755e-36	1.1755e-36	5.8743e-20	0.00e+00	0.00e+00	1.9761e+01
3.62032e+18	6.7717e+03	1.084e-19	2.1544e+02	1.4875e+02	8.9907e-11	3.1050e-01	6.8950e-01	1.0000e+00	4.5321e-07	4.7841e-22	3.6616e-13	2.4054e-04	9.7964e-01	2.0119e-02	1.1755e-36	3.6056e-01	6.3944e-01	1.3417e-13	1.1755e-36	1.1755e-36	1.1755e-36	8.8495e-20	0.00e+00	0.00e+00	2.0518e+01
3.62181e+18	6.6569e+03	1.008e-19	2.1544e+02	1.4180e+02	1.2212e-10	3.4279e-01	6.5721e-01	1.0000e+00	4.0405e-07	4.4106e-22	4.4222e-13	2.3079e-04	9.8161e-01	1.8162e-02	1.1755e-36	3.9532e-01	6.0468e-01	1.0965e-13	1.1755e-36	1.1755e-36	1.1755e-36	1.1632e-19	0.00e+00	0.00e+00	2.1069e+01
3.62288e+18	6.5586e+03	9.479e-20	2.1544e+02	1.3626e+02	1.5494e-10	3.6844e-01	6.3156e-01	1.0000e+00	3.7411e-07	4.1999e-22	5.0648e-13	2.2291e-04	9.8301e-01	1.6769e-02	1.1755e-36	4.2257e-01	5.7743e-01	9.4059e-14	1.1755e-36	1.1755e-36	1.1755e-36	1.4130e-19	0.00e+00	0.00e+00	2.1552e+01
3.62384e+18	6.4573e+03	8.911e-20	2.1544e+02	1.3093e+02	1.9452e-10	3.9313e-01	6.0687e-01	1.0000e+00	3.4692e-07	4.0051e-22	5.7131e-13	2.1527e-04	9.8424e-01	1.5540e-02	1.1755e-36	4.4851e-01	5.5149e-01	8.1528e-14	1.1755e-36	1.1755e-36	1.1755e-36	1.6767e-19	0.00e+00	0.00e+00	2.2060e+01
3.62478e+18	6.3449e+03	8.327e-20	2.1544e+02	1.2533e+02	2.4679e-10	4.1905e-01	5.8095e-01	1.0000e+00	3.1799e-07	3.7858e-22	6.4211e-13	2.0716e-04	9.8543e-01	1.4363e-02	1.1755e-36	4.7544e-01	5.2456e-01	7.0508e-14	1.1755e-36	1.1755e-36	1.1755e-36	1.9761e-19	0.00e+00	0.00e+00	2.2591e+01
3.62566e+18	6.2266e+03	7.761e-20	2.1544e+02	1.1975e+02	3.1306e-10	4.4486e-01	5.5514e-01	1.0000e+00	2.9094e-07	3.5768e-22	7.1500e-13	1.9901e-04	9.8651e-01	1.3293e-02	1.1755e-36	5.0195e-01	4.9805e-01	6.1290e-14	1.1755e-36	1.1755e-36	1.1755e-36	2.2943e-19	0.00e+00	0.00e+00	2.3095e+01
3.62644e+18	6.1104e+03	7.252e-20	2.1544e+02	1.1460e+02	3.9124e-10	4.6869e-01	5.3131e-01	1.0000e+00	2.6927e-07	3.4143e-22	7.8414e-13	1.9144e-04	9.8743e-01	1.2381e-02	1.1755e-36	5.2616e-01	4.7384e-01	5.4013e-14	1.1755e-36	1.1755e-36	1.1755e-36	2.6037e-19	0.00e+00	0.00e+00	2.3552e+01
3.62711e+18	5.9978e+03	6.800e-20	2.1544e+02	1.0990e+02	4.8161e-10	4.9042e-01	5.0958e-01	1.0000e+00	2.5214e-07	3.2919e-22	8.4842e-13	1.8450e-04	9.8821e-01	1.1601e-02	1.1755e-36	5.4801e-01	4.5199e-01	4.8221e-14	1.1755e-36	1.1755e-36	1.1755e-36	2.8961e-19	0.00e+00	0.00e+00	2.3977e+01
3.62773e+18	5.8852e+03	6.384e-20	2.1544e+02	1.0547e+02	5.8911e-10	5.1093e-01	4.8907e-01	1.0000e+00	2.3716e-07	3.1860e-22	9.1002e-13	1.7791e-04	9.8892e-01	1.0905e-02	1.1755e-36	5.6846e-01	4.3154e-01	4.3369e-14	1.1755e-36	1.1755e-36	1.1755e-36	3.1798e-19	0.00e+00	0.00e+00	2.4392e+01
3.62831e+18	5.7666e+03	5.992e-20	2.1544e+02	1.0120e+02	7.2351e-10	5.3104e-01	4.6896e-01	1.0000e+00	2.2291e-07	3.0791e-22	9.7178e-13	1.7157e-04	9.8957e-01	1.0259e-02	1.1755e-36	5.8831e-01	4.1169e-01	3.9136e-14	1.1755e-36	1.1755e-36	1.1755e-36	3.4685e-19	0.00e+00	0.00e+00	2.4803e+01
3.62878e+18	5.6734e+03	5.687e-20	2.1544e+02	9.7749e+01	8.5039e-10	5.4674e-01	4.5326e-01	1.0000e+00	2.0925e-07	2.9611e-22	1.0195e-12	1.6638e-04	9.9005e-01	9.7841e-03	1.1755e-36	6.0370e-01	3.9630e-01	3.6131e-14	1.1755e-36	1.1755e-36	1.1755e-36	3.6921e-19	0.00e+00	0.00e+00	2.5075e+01
3.62911e+18	5.5988e+03	5.467e-20	2.1544e+02	9.5231e+01	9.6445e-10	5.5842e-01	4.4158e-01	1.0000e+00	2.0418e-07	2.9405e-22	1.0558e-12	1.6261e-04	9.9040e-01	9.4391e-03	1.1755e-36	6.1509e-01	3.8491e-01	3.4053e-14	1.1755e-36	1.1755e-36	1.1755e-36	3.8639e-19	0.00e+00	0.00e+00	2.5303e+01
3.62943e+18	5.5245e+03	5.257e-20	2.1544e+02	9.2805e+01	1.0923e-09	5.6972e-01	4.3028e-01	1.0000e+00	1.9869e-07	2.9110e-22	1.0912e-12	1.5897e-04	9.9073e-01	9.1112e-03	1.1755e-36	6.2605e-01	3.7395e-01	3.2144e-14	1.1755e-36	1.1755e-36	1.1755e-36	4.0343e-19	0.00e+00	0.00e+00	2.5554e+01
3.62977e+18	5.4357e+03	5.029e-20	2.1544e+02	9.0124e+01	1.2641e-09	5.8244e-01	4.1756e-01	1.0000e+00	1.9101e-07	2.8518e-22	1.1321e-12	1.5496e-04	9.9109e-01	8.7530e-03	1.1755e-36	6.3832e-01	3.6168e-01	3.0137e-14	1.1755e-36	1.1755e-36	1.1755e-36	4.2344e-19	0.00e+00	0.00e+00	2.5841e+01
3.63013e+18	5.3425e+03	4.795e-20	2.1544e+02	8.7304e+01	1.4734e-09	5.9556e-01	4.0444e-01	1.0000e+00	1.8249e-07	2.7817e-22	1.1744e-12	1.5072e-04	9.9145e-01	8.3958e-03	1.1755e-36	6.5091e-01	3.4909e-01	2.8186e-14	1.1755e-36	1.1755e-36	1.1755e-36	4.4448e-19	0.00e+00	0.00e+00	2.6129e+01
3.63047e+18	5.2482e+03	4.572e-20	2.1544e+02	8.4566e+01	1.7180e-09	6.0831e-01	3.9169e-01	1.0000e+00	1.7496e-07	2.7224e-22	1.2163e-12	1.4660e-04	9.9179e-01	8.0595e-03	1.1755e-36	6.6308e-01	3.3692e-01	2.6409e-14	1.1755e-36	1.1755e-36	1.1755e-36	4.6597e-19	0.00e+00	0.00e+00	2.6408e+01
3.63081e+18	5.1512e+03	4.362e-20	2.1544e+02	8.1905e+01	2.0072e-09	6.2062e-01	3.7938e-01	1.0000e+00	1.6824e-07	2.6711e-22	1.2578e-12	1.4260e-04	9.9211e-01	7.7445e-03	1.1755e-36	6.7477e-01	3.2523e-01	2.4800e-14	1.1755e-36	1.1755e-36	1.1755e-36	4.8797e-19	0.00e+00	0.00e+00	2.6683e+01
3.63113e+18	5.0542e+03	4.160e-20	2.1544e+02	7.9309e+01	2.3439e-09	6.3269e-01	3.6731e-01	1.0000e+00	1.6182e-07	2.6217e-22	1.2999e-12	1.3870e-04	9.9242e-01	7.4438e-03	1.1755e-36	6.8616e-01	3.1384e-01	2.3306e-14	1.1755e-36	1.1755e-36	1.1755e-36	5.1146e-19	0.00e+00	0.00e+00	2.6959e+01
3.63145e+18	4.9516e+03	3.963e-20	2.1544e+02	7.6731e+01	2.7513e-09	6.4477e-01	3.5523e-01	1.0000e+00	1.5546e-07	2.5698e-22	1.3429e-12	1.3484e-04	9.9272e-01	7.1424e-03	1.1755e-36	6.9753e-01	3.0247e-01	2.1896e-14	1.1755e-36	1.1755e-36	1.1755e-36	5.3593e-19	0.00e+00	0.00e+00	2.7239e+01
3.63176e+18	4.8455e+03	3.773e-20	2.1544e+02	7.4162e+01	3.2335e-09	6.5668e-01	3.4332e-01	1.0000e+00	1.4922e-07	2.5177e-22	1.3843e-12	1.3100e-04	9.9303e-01	6.8436e-03	1.1755e-36	7.0867e-01	2.9133e-01	2.0583e-14	1.1755e-36	1.1755e-36	1.1755e-36	5.5922e-19	0.00e+00	0.00e+00	2.7519e+01
3.63207e+18	4.7422e+03	3.590e-20	2.1544e+02	7.1635e+01	3.7765e-09	6.6815e-01	3.3185e-01	1.0000e+00	1.4342e-07	2.4717e-22	1.4237e-12	1.2720e-04	9.9331e-01	6.5615e-03	1.1755e-36	7.1935e-01	2.8065e-01	1.9372e-14	1.1755e-36	1.1755e-36	1.1755e-36	5.8213e-19	0.00e+00	0.00e+00	2.7797e+01
3.63238e+18	4.6305e+03	3.414e-20	2.1544e+02	6.9141e+01	4.4416e-09	6.7973e-01	3.2027e-01	1.0000e+00	1.3772e-07	2.4227e-22	1.4648e-12	1.2351e-04	9.9359e-01	6.2823e-03	1.1755e-36	7.3008e-01	2.6992e-01	1.8223e-14	1.1755e-36	1.1755e-36	1.1755e-36	6.0743e-19	0.00e+00	0.00e+00	2.8081e+01
3.63268e+18	4.5170e+03	3.244e-20	2.1544e+02	6.6693e+01	5.2069e-09	6.9109e-01	3.0891e-01	1.0000e+00	1.3197e-07	2.3698e-22	1.5052e-12	1.1990e-04	9.9387e-01	6.0138e-03	1.1755e-36	7.4057e-01	2.5943e-01	1.7150e-14	1.1755e-36	1.1755e-36	1.1755e-36	6.3336e-19	0.00e+00	0.00e+00	2.8362e+01
3.63298e+18	4.4024e+03	3.084e-20	2.1544e+02	6.4316e+01	6.0639e-09	7.0213e-01	2.9787e-01	1.0000e+00	1.2652e-07	2.3184e-22	1.5438e-12	1.1641e-04	9.9413e-01	5.7579e-03	1.1755e-36	7.5070e-01	2.4930e-01	1.6158e-14	1.1755e-36	1.1755e-36	1.1755e-36	6.5905e-19	0.00e+00	0.00e+00	2.8639e+01
3.63327e+18	4.2865e+03	2.930e-20	2.1544e+02	6.1999e+01	7.0031e-09	7.1289e-01	2.8711e-01	1.0000e+00	1.2118e-07	2.2658e-22	1.5802e-12	1.1305e-04	9.9437e-01	5.5130e-03	1.1755e-36	7.6054e-01	2.3946e-01	1.5233e-14	1.1755e-36	1.1755e-36	1.1755e-36	6.8355e-19	0.00e+00	0.00e+00	2.8917e+01
3.63355e+18	4.1686e+03	2.784e-20	2.1544e+02	5.9729e+01	8.0042e-09	7.2343e-01	2.7657e-01	1.0000e+00	1.1577e-07	2.2082e-22	1.6134e-12	1.0978e-04	9.9461e-01	5.2774e-03	1.1755e-36	7.7015e-01	2.2985e-01	1.4366e-14	1.1755e-36	1.1755e-36	1.1755e-36	7.0538e-19	0.00e+00	0.00e+00	2.9194e+01
3.63383e+18	4.0454e+03	2.644e-20	2.1544e+02	5.7496e+01	9.0565e-09	7.3386e-01	2.6614e-01	1.0000e+00	1.0998e-07	2.1390e-22	1.6427e-12	1.0664e-04	9.9484e-01	5.0488e-03	1.1755e-36	7.7961e-01	2.2039e-01	1.3550e-14	1.1755e-36	1.1755e-36	1.1755e-36	7.2287e-19	0.00e+00	0.00e+00	2.9471e+01
3.63410e+18	3.9247e+03	2.510e-20	2.1544e+02	5.5336e+01	1.0044e-08	7.4388e-01	2.5612e-01	1.0000e+00	1.0315e-07	2.0457e-22	1.6653e-12	1.0363e-04	9.9506e-01	4.8330e-03	1.1755e-36	7.8867e-01	2.1133e-01	1.2792e-14	1.1755e-36	1.1755e-36	1.1755e-36	7.3263e-19	0.00e+00	0.00e+00	2.9745e+01
