#depth	Te	Htot	hden	eden	2H_2/H	HI	HII	HeI	HeII	HeIII	CO/C	C1	C2	C3	C4	O1	O2	O3	O4	O5	O6	H2O/O	AV(point)	AV(extend)	Tau912
9.70194e+12	5.9514e+03	1.401e-19	2.1544e+02	2.1819e+02	1.0940e-10	5.6805e-02	9.4319e-01	2.4773e-01	7.5220e-01	7.6814e-05	4.1100e-13	1.3682e-02	8.4719e-01	1.3913e-01	1.2654e-06	6.9462e-02	9.2520e-01	5.3378e-03	1.1755e-36	1.1755e-36	1.1755e-36	5.5739e-21	0.00e+00	0.00e+00	1.4997e-03
5.82117e+13	5.9432e+03	1.394e-19	2.1544e+02	2.1738e+02	1.0955e-10	5.6590e-02	9.4341e-01	2.4729e-01	7.5263e-01	7.7026e-05	4.0583e-13	1.3587e-02	8.4701e-01	1.3940e-01	1.2737e-06	6.9206e-02	9.2544e-01	5.3569e-03	1.1755e-36	1.1755e-36	1.1755e-36	5.4611e-21	0.00e+00	0.00e+00	7.4758e-03
2.52251e+14	5.9229e+03	1.386e-19	2.1544e+02	2.1725e+02	1.1227e-10	5.6656e-02	9.4334e-01	2.4831e-01	7.5162e-01	7.6525e-05	4.0728e-13	1.3566e-02	8.4772e-01	1.3871e-01	1.2627e-06	6.9301e-02	9.2537e-01	5.3324e-03	1.1755e-36	1.1755e-36	1.1755e-36	5.4607e-21	0.00e+00	0.00e+00	3.1408e-02
1.02841e+15	5.8627e+03	1.365e-19	2.1544e+02	2.1698e+02	1.2371e-10	5.7477e-02	9.4252e-01	2.5308e-01	7.4684e-01	7.4369e-05	4.2304e-13	1.3679e-02	8.5070e-01	1.3562e-01	1.2053e-06	7.0351e-02	9.2447e-01	5.1793e-03	1.1755e-36	1.1755e-36	1.1755e-36	5.6646e-21	0.00e+00	0.00e+00	1.2852e-01
2.45653e+15	5.6643e+03	1.306e-19	2.1544e+02	2.1695e+02	1.5235e-10	5.7148e-02	9.4285e-01	2.5946e-01	7.4047e-01	7.1107e-05	4.2115e-13	1.3653e-02	8.5502e-01	1.3133e-01	1.1510e-06	7.0082e-02	9.2481e-01	5.1083e-03	1.1755e-36	1.1755e-36	1.1755e-36	5.3998e-21	0.00e+00	0.00e+00	2.5405e-01
3.85903e+15	5.4891e+03	1.257e-19	2.1544e+02	2.1690e+02	1.8510e-10	5.6882e-02	9.4312e-01	2.6495e-01	7.3498e-01	6.8432e-05	4.1923e-13	1.3646e-02	8.5867e-01	1.2769e-01	1.1044e-06	6.9875e-02	9.2508e-01	5.0396e-03	1.1755e-36	1.1755e-36	1.1755e-36	5.1769e-21	0.00e+00	0.00e+00	3.4619e-01
4.98039e+15	5.4009e+03	1.233e-19	2.1544e+02	2.1667e+02	2.1154e-10	5.7554e-02	9.4245e-01	2.7029e-01	7.2965e-01	6.6295e-05	4.3265e-13	1.3774e-02	8.6177e-01	1.2446e-01	1.0508e-06	7.0766e-02	9.2434e-01	4.8927e-03	1.1755e-36	1.1755e-36	1.1755e-36	5.3005e-21	0.00e+00	0.00e+00	4.2858e-01
6.19035e+15	5.3441e+03	1.218e-19	2.1544e+02	2.1638e+02	2.4150e-10	5.9178e-02	9.4082e-01	2.7762e-01	7.2231e-01	6.3770e-05	4.6418e-13	1.4046e-02	8.6557e-01	1.2038e-01	9.7626e-07	7.2807e-02	9.2254e-01	4.6499e-03	1.1755e-36	1.1755e-36	1.1755e-36	5.7504e-21	0.00e+00	0.00e+00	5.3871e-01
7.76330e+15	5.2899e+03	1.202e-19	2.1544e+02	2.1579e+02	2.8367e-10	6.1686e-02	9.3831e-01	2.8773e-01	7.1221e-01	6.0638e-05	5.1478e-13	1.4448e-02	8.7044e-01	1.1512e-01	8.8151e-07	7.5933e-02	9.1975e-01	4.3198e-03	1.1755e-36	1.1755e-36	1.1755e-36	6.5196e-21	0.00e+00	0.00e+00	6.8795e-01
9.80814e+15	5.2447e+03	1.186e-19	2.1544e+02	2.1484e+02	3.4533e-10	6.5656e-02	9.3434e-01	3.0203e-01	6.9792e-01	5.6733e-05	6.0084e-13	1.5045e-02	8.7671e-01	1.0825e-01	7.6297e-07	8.0847e-02	9.1527e-01	3.8787e-03	1.1755e-36	1.1755e-36	1.1755e-36	7.9213e-21	0.00e+00	0.00e+00	8.9444e-01
1.24664e+16	5.2209e+03	1.167e-19	2.1544e+02	2.1260e+02	4.3629e-10	7.1907e-02	9.2809e-01	3.2218e-01	6.7777e-01	5.2006e-05	7.5015e-13	1.5878e-02	8.8449e-01	9.9634e-02	6.2383e-07	8.8531e-02	9.0815e-01	3.3169e-03	1.1755e-36	1.1755e-36	1.1755e-36	1.0538e-20	0.00e+00	0.00e+00	1.1884e+00
1.54948e+16	5.2210e+03	1.156e-19	2.1544e+02	2.1018e+02	5.7005e-10	8.1127e-02	9.1887e-01	3.4802e-01	6.5193e-01	4.7039e-05	1.0095e-12	1.6968e-02	8.9316e-01	8.9873e-02	4.8303e-07	9.9784e-02	8.9751e-01	2.7091e-03	1.1755e-36	1.1755e-36	1.1755e-36	1.5595e-20	0.00e+00	0.00e+00	1.5253e+00
1.84804e+16	5.2687e+03	1.150e-19	2.1544e+02	2.0704e+02	7.3228e-10	9.3351e-02	9.0665e-01	3.7731e-01	6.2265e-01	4.2477e-05	1.4273e-12	1.8176e-02	9.0151e-01	8.0309e-02	3.6225e-07	1.1457e-01	8.8329e-01	2.1419e-03	1.1755e-36	1.1755e-36	1.1755e-36	2.4839e-20	0.00e+00	0.00e+00	1.8961e+00
2.13932e+16	5.3475e+03	1.145e-19	2.1544e+02	2.0297e+02	9.4711e-10	1.0953e-01	8.9047e-01	4.1067e-01	5.8930e-01	3.8138e-05	2.1242e-12	1.9443e-02	9.0960e-01	7.0958e-02	2.6228e-07	1.3396e-01	8.6440e-01	1.6368e-03	1.1755e-36	1.1755e-36	1.1755e-36	4.2530e-20	0.00e+00	0.00e+00	2.3291e+00
2.41042e+16	5.4484e+03	1.139e-19	2.1544e+02	1.9787e+02	1.2261e-09	1.2980e-01	8.7020e-01	4.4571e-01	5.5425e-01	3.4374e-05	3.2504e-12	2.0596e-02	9.1689e-01	6.2510e-02	1.8700e-07	1.5801e-01	8.4077e-01	1.2260e-03	1.1755e-36	1.1755e-36	1.1755e-36	7.5888e-20	0.00e+00	0.00e+00	2.7734e+00
2.63816e+16	5.5479e+03	1.130e-19	2.1544e+02	1.9236e+02	1.5733e-09	1.5258e-01	8.4742e-01	4.7867e-01	5.2130e-01	3.1374e-05	4.8970e-12	2.1487e-02	9.2298e-01	5.5533e-02	1.3574e-07	1.8472e-01	8.1435e-01	9.2715e-04	1.1755e-36	1.1755e-36	1.1755e-36	1.3297e-19	0.00e+00	0.00e+00	3.1967e+00
2.82725e+16	5.6307e+03	1.115e-19	2.1544e+02	1.8664e+02	2.0087e-09	1.7687e-01	8.2313e-01	5.0876e-01	4.9122e-01	2.8942e-05	7.1650e-12	2.2093e-02	9.2809e-01	4.9820e-02	1.1755e-36	2.1287e-01	7.8642e-01	7.1397e-04	1.1755e-36	1.1755e-36	1.1755e-36	2.2416e-19	0.00e+00	0.00e+00	3.6160e+00
2.99648e+16	5.6960e+03	1.092e-19	2.1544e+02	1.8046e+02	2.5981e-09	2.0380e-01	7.9620e-01	5.3792e-01	4.6206e-01	2.6779e-05	1.0402e-11	2.2463e-02	9.3274e-01	4.4797e-02	1.1755e-36	2.4370e-01	7.5575e-01	5.5150e-04	1.1755e-36	1.1755e-36	1.1755e-36	3.7418e-19	0.00e+00	0.00e+00	4.0712e+00
3.15945e+16	5.7452e+03	1.057e-19	2.1544e+02	1.7298e+02	3.4539e-09	2.3500e-01	7.6500e-01	5.6757e-01	4.3240e-01	2.4777e-05	1.5238e-11	2.2555e-02	9.3726e-01	4.0181e-02	1.1755e-36	2.7891e-01	7.2066e-01	4.2119e-04	1.1755e-36	1.1755e-36	1.1755e-36	6.3280e-19	0.00e+00	0.00e+00	4.5883e+00
3.31516e+16	5.7807e+03	1.012e-19	2.1544e+02	1.6467e+02	4.6930e-09	2.7082e-01	7.2918e-01	5.9721e-01	4.0277e-01	2.2947e-05	2.2544e-11	2.2388e-02	9.4166e-01	3.5955e-02	1.1755e-36	3.1870e-01	6.8098e-01	3.1841e-04	1.1755e-36	1.1755e-36	1.1755e-36	1.0897e-18	0.00e+00	0.00e+00	5.1397e+00
3.44932e+16	5.7888e+03	9.607e-20	2.1544e+02	1.5633e+02	6.3771e-09	3.0731e-01	6.9269e-01	6.2307e-01	3.7690e-01	2.1520e-05	3.2296e-11	2.1988e-02	9.4551e-01	3.2498e-02	1.1755e-36	3.5856e-01	6.4120e-01	2.4569e-04	1.1755e-36	1.1755e-36	1.1755e-36	1.8081e-18	0.00e+00	0.00e+00	5.6358e+00
3.55312e+16	5.7759e+03	9.123e-20	2.1544e+02	1.4907e+02	8.3324e-09	3.3929e-01	6.6071e-01	6.4325e-01	3.5673e-01	2.0494e-05	4.3220e-11	2.1495e-02	9.4856e-01	2.9943e-02	1.1755e-36	3.9293e-01	6.0687e-01	1.9870e-04	1.1755e-36	1.1755e-36	1.1755e-36	2.7430e-18	0.00e+00	0.00e+00	6.0464e+00
3.63411e+16	5.7501e+03	8.692e-20	2.1544e+02	1.4298e+02	1.0489e-08	3.6646e-01	6.3354e-01	6.5928e-01	3.4070e-01	1.9697e-05	5.4730e-11	2.1004e-02	9.5099e-01	2.8003e-02	1.1755e-36	4.2175e-01	5.7808e-01	1.6717e-04	1.1755e-36	1.1755e-36	1.1755e-36	3.8629e-18	0.00e+00	0.00e+00	6.4104e+00
3.68839e+16	5.7280e+03	8.387e-20	2.1544e+02	1.3869e+02	1.2282e-08	3.8523e-01	6.1477e-01	6.6911e-01	3.3087e-01	1.9280e-05	6.3930e-11	2.0613e-02	9.5256e-01	2.6827e-02	1.1755e-36	4.4146e-01	5.5839e-01	1.4911e-04	1.1755e-36	1.1755e-36	1.1755e-36	4.8647e-18	0.00e+00	0.00e+00	6.5966e+00
3.71831e+16	5.7139e+03	8.206e-20	2.1544e+02	1.3624e+02	1.3430e-08	3.9585e-01	6.0415e-01	6.7469e-01	3.2529e-01	1.9040e-05	6.9726e-11	2.0376e-02	9.5344e-01	2.6179e-02	1.1755e-36	4.5253e-01	5.4733e-01	1.3976e-04	1.1755e-36	1.1755e-36	1.1755e-36	5.5353e-18	0.00e+00	0.00e+00	6.7276e+00
3.74471e+16	5.6929e+03	8.042e-20	2.1544e+02	1.3406e+02	1.4720e-08	4.0592e-01	5.9408e-01	6.8014e-01	3.1984e-01	1.8771e-05	7.5814e-11	2.0169e-02	9.5428e-01	2.5547e-02	1.1755e-36	4.6300e-01	5.3687e-01	1.3151e-04	1.1755e-36	1.1755e-36	1.1755e-36	6.2746e-18	0.00e+00	0.00e+00	6.8848e+00
3.77518e+16	5.6643e+03	7.848e-20	2.1544e+02	1.3145e+02	1.6446e-08	4.1773e-01	5.8227e-01	6.8652e-01	3.1346e-01	1.8448e-05	8.3590e-11	1.9911e-02	9.5525e-01	2.4834e-02	1.1755e-36	4.7519e-01	5.2468e-01	1.2257e-04	1.1755e-36	1.1755e-36	1.1755e-36	7.2703e-18	0.00e+00	0.00e+00	7.0693e+00
3.80690e+16	5.6400e+03	7.641e-20	2.1544e+02	1.2879e+02	1.8328e-08	4.3005e-01	5.6995e-01	6.9278e-01	3.0720e-01	1.8158e-05	9.2395e-11	1.9636e-02	9.5624e-01	2.4128e-02	1.1755e-36	4.8785e-01	5.1204e-01	1.1392e-04	1.1755e-36	1.1755e-36	1.1755e-36	8.4707e-18	0.00e+00	0.00e+00	7.2504e+00
3.83744e+16	5.6134e+03	7.435e-20	2.1544e+02	1.2608e+02	2.0413e-08	4.4202e-01	5.5798e-01	6.9870e-01	3.0128e-01	1.7901e-05	1.0172e-10	1.9344e-02	9.5718e-01	2.3473e-02	1.1755e-36	5.0008e-01	4.9981e-01	1.0612e-04	1.1755e-36	1.1755e-36	1.1755e-36	9.8259e-18	0.00e+00	0.00e+00	7.4316e+00
3.86726e+16	5.5846e+03	7.229e-20	2.1544e+02	1.2339e+02	2.2762e-08	4.5392e-01	5.4608e-01	7.0445e-01	2.9553e-01	1.7654e-05	1.1190e-10	1.9048e-02	9.5811e-01	2.2842e-02	1.1755e-36	5.1218e-01	4.8772e-01	9.8952e-05	1.1755e-36	1.1755e-36	1.1755e-36	1.1406e-17	0.00e+00	0.00e+00	7.6138e+00
3.89630e+16	5.5535e+03	7.026e-20	2.1544e+02	1.2075e+02	2.5413e-08	4.6573e-01	5.3427e-01	7.1005e-01	2.8993e-01	1.7415e-05	1.2304e-10	1.8751e-02	9.5901e-01	2.2236e-02	1.1755e-36	5.2412e-01	4.7579e-01	9.2366e-05	1.1755e-36	1.1755e-36	1.1755e-36	1.3257e-17	0.00e+00	0.00e+00	7.7949e+00
3.92430e+16	5.5187e+03	6.829e-20	2.1544e+02	1.1815e+02	2.8435e-08	4.7731e-01	5.2269e-01	7.1544e-01	2.8455e-01	1.7186e-05	1.3513e-10	1.8454e-02	9.5989e-01	2.1659e-02	1.1755e-36	5.3578e-01	4.6413e-01	8.6383e-05	1.1755e-36	1.1755e-36	1.1755e-36	1.5417e-17	0.00e+00	0.00e+00	7.9729e+00
3.95090e+16	5.4844e+03	6.639e-20	2.1544e+02	1.1564e+02	3.1687e-08	4.8836e-01	5.1164e-01	7.2045e-01	2.7953e-01	1.6982e-05	1.4779e-10	1.8159e-02	9.6071e-01	2.1127e-02	1.1755e-36	5.4685e-01	4.5307e-01	8.1040e-05	1.1755e-36	1.1755e-36	1.1755e-36	1.7844e-17	0.00e+00	0.00e+00	8.1442e+00
3.97636e+16	5.4500e+03	6.454e-20	2.1544e+02	1.1322e+02	3.5229e-08	4.9907e-01	5.0093e-01	7.2524e-01	2.7475e-01	1.6789e-05	1.6131e-10	1.7870e-02	9.6151e-01	2.0623e-02	1.1755e-36	5.5751e-01	4.4241e-01	7.6180e-05	1.1755e-36	1.1755e-36	1.1755e-36	2.0620e-17	0.00e+00	0.00e+00	8.3148e+00
4.00142e+16	5.4146e+03	6.272e-20	2.1544e+02	1.1084e+02	3.9201e-08	5.0973e-01	4.9027e-01	7.2994e-01	2.7004e-01	1.6601e-05	1.7618e-10	1.7581e-02	9.6229e-01	2.0133e-02	1.1755e-36	5.6808e-01	4.3184e-01	7.1633e-05	1.1755e-36	1.1755e-36	1.1755e-36	2.3898e-17	0.00e+00	0.00e+00	8.4881e+00
4.02625e+16	5.3749e+03	6.090e-20	2.1544e+02	1.0841e+02	4.3831e-08	5.2034e-01	4.7966e-01	7.3456e-01	2.6542e-01	1.6419e-05	1.9264e-10	1.7283e-02	9.6306e-01	1.9659e-02	1.1755e-36	5.7857e-01	4.2137e-01	6.7389e-05	1.1755e-36	1.1755e-36	1.1755e-36	2.7825e-17	0.00e+00	0.00e+00	8.6627e+00
4.05026e+16	5.3352e+03	5.916e-20	2.1544e+02	1.0613e+02	4.8968e-08	5.3083e-01	4.6917e-01	7.3904e-01	2.6094e-01	1.6236e-05	2.1081e-10	1.7001e-02	9.6380e-01	1.9198e-02	1.1755e-36	5.8886e-01	4.1107e-01	6.3464e-05	1.1755e-36	1.1755e-36	1.1755e-36	3.2503e-17	0.00e+00	0.00e+00	8.8314e+00
4.07307e+16	5.2967e+03	5.749e-20	2.1544e+02	1.0390e+02	5.4446e-08	5.4067e-01	4.5933e-01	7.4316e-01	2.5682e-01	1.6082e-05	2.2965e-10	1.6719e-02	9.6450e-01	1.8778e-02	1.1755e-36	5.9850e-01	4.0144e-01	5.9960e-05	1.1755e-36	1.1755e-36	1.1755e-36	3.7749e-17	0.00e+00	0.00e+00	8.9951e+00
4.09526e+16	5.2573e+03	5.586e-20	2.1544e+02	1.0173e+02	6.0558e-08	5.5035e-01	4.4965e-01	7.4720e-01	2.5279e-01	1.5928e-05	2.5034e-10	1.6443e-02	9.6519e-01	1.8371e-02	1.1755e-36	6.0793e-01	3.9202e-01	5.6697e-05	1.1755e-36	1.1755e-36	1.1755e-36	4.3966e-17	0.00e+00	0.00e+00	9.1607e+00
4.11728e+16	5.2177e+03	5.425e-20	2.1544e+02	9.9551e+01	6.7346e-08	5.5987e-01	4.4013e-01	7.5111e-01	2.4888e-01	1.5787e-05	2.7292e-10	1.6162e-02	9.6586e-01	1.7981e-02	1.1755e-36	6.1717e-01	3.8278e-01	5.3637e-05	1.1755e-36	1.1755e-36	1.1755e-36	5.1302e-17	0.00e+00	0.00e+00	9.3277e+00
4.13912e+16	5.1723e+03	5.267e-20	2.1544e+02	9.7416e+01	7.5569e-08	5.6960e-01	4.3040e-01	7.5510e-01	2.4489e-01	1.5628e-05	2.9940e-10	1.5887e-02	9.6653e-01	1.7587e-02	1.1755e-36	6.2655e-01	3.7340e-01	5.0722e-05	1.1755e-36	1.1755e-36	1.1755e-36	6.0696e-17	0.00e+00	0.00e+00	9.4962e+00
4.15998e+16	5.1286e+03	5.118e-20	2.1544e+02	9.5388e+01	8.4416e-08	5.7883e-01	4.2117e-01	7.5880e-01	2.4118e-01	1.5487e-05	3.2766e-10	1.5622e-02	9.6716e-01	1.7221e-02	1.1755e-36	6.3544e-01	3.6451e-01	4.8083e-05	1.1755e-36	1.1755e-36	1.1755e-36	7.1612e-17	0.00e+00	0.00e+00	9.6536e+00
4.17951e+16	5.0942e+03	4.975e-20	2.1544e+02	9.3437e+01	9.2698e-08	5.8707e-01	4.1293e-01	7.6203e-01	2.3795e-01	1.5391e-05	3.5478e-10	1.5360e-02	9.6774e-01	1.6905e-02	1.1755e-36	6.4334e-01	3.5661e-01	4.5768e-05	1.1755e-36	1.1755e-36	1.1755e-36	8.2838e-17	0.00e+00	0.00e+00	9.8059e+00
4.19972e+16	5.0464e+03	4.830e-20	2.1544e+02	9.1422e+01	1.0416e-07	5.9610e-01	4.0390e-01	7.6567e-01	2.3432e-01	1.5250e-05	3.9022e-10	1.5094e-02	9.6835e-01	1.6553e-02	1.1755e-36	6.5196e-01	3.4800e-01	4.3415e-05	1.1755e-36	1.1755e-36	1.1755e-36	9.8965e-17	0.00e+00	0.00e+00	9.9789e+00
4.22009e+16	5.0005e+03	4.687e-20	2.1544e+02	8.9431e+01	1.1677e-07	6.0503e-01	3.9497e-01	7.6914e-01	2.3085e-01	1.5126e-05	4.2958e-10	1.4827e-02	9.6895e-01	1.6219e-02	1.1755e-36	6.6045e-01	3.3951e-01	4.1193e-05	1.1755e-36	1.1755e-36	1.1755e-36	1.1855e-16	0.00e+00	0.00e+00	1.0139e+01
4.23877e+16	4.9511e+03	4.558e-20	2.1544e+02	8.7600e+01	1.3117e-07	6.1342e-01	3.8658e-01	7.7241e-01	2.2757e-01	1.4997e-05	4.6818e-10	1.4585e-02	9.6952e-01	1.5890e-02	1.1755e-36	6.6841e-01	3.3155e-01	3.9229e-05	1.1755e-36	1.1755e-36	1.1755e-36	1.3927e-16	0.00e+00	0.00e+00	1.0288e+01
4.25593e+16	4.9140e+03	4.438e-20	2.1544e+02	8.5919e+01	1.4411e-07	6.2074e-01	3.7926e-01	7.7517e-01	2.2482e-01	1.4914e-05	5.0395e-10	1.4354e-02	9.7003e-01	1.5614e-02	1.1755e-36	6.7531e-01	3.2465e-01	3.7533e-05	1.1755e-36	1.1755e-36	1.1755e-36	1.5980e-16	0.00e+00	0.00e+00	1.0427e+01
4.27322e+16	4.8622e+03	4.320e-20	2.1544e+02	8.4202e+01	1.6229e-07	6.2860e-01	3.7140e-01	7.7830e-01	2.2169e-01	1.4782e-05	5.4944e-10	1.4127e-02	9.7057e-01	1.5305e-02	1.1755e-36	6.8273e-01	3.1723e-01	3.5835e-05	1.1755e-36	1.1755e-36	1.1755e-36	1.8838e-16	0.00e+00	0.00e+00	1.0582e+01
4.29047e+16	4.8157e+03	4.205e-20	2.1544e+02	8.2557e+01	1.8140e-07	6.3627e-01	3.6373e-01	7.8125e-01	2.1874e-01	1.4665e-05	5.9789e-10	1.3905e-02	9.7108e-01	1.5014e-02	1.1755e-36	6.8993e-01	3.1004e-01	3.4237e-05	1.1755e-36	1.1755e-36	1.1755e-36	2.2126e-16	0.00e+00	0.00e+00	1.0723e+01
4.30632e+16	4.7781e+03	4.098e-20	2.1544e+02	8.1003e+01	1.9923e-07	6.4294e-01	3.5706e-01	7.8375e-01	2.1623e-01	1.4591e-05	6.4329e-10	1.3689e-02	9.7154e-01	1.4768e-02	1.1755e-36	6.9617e-01	3.0379e-01	3.2851e-05	1.1755e-36	1.1755e-36	1.1755e-36	2.5437e-16	0.00e+00	0.00e+00	1.0858e+01
4.32266e+16	4.7266e+03	3.989e-20	2.1544e+02	7.9385e+01	2.2437e-07	6.5026e-01	3.4974e-01	7.8660e-01	2.1339e-01	1.4476e-05	7.0206e-10	1.3471e-02	9.7204e-01	1.4488e-02	1.1755e-36	7.0300e-01	2.9697e-01	3.1437e-05	1.1755e-36	1.1755e-36	1.1755e-36	3.0141e-16	0.00e+00	0.00e+00	1.1011e+01
4.33899e+16	4.6787e+03	3.884e-20	2.1544e+02	7.7851e+01	2.5153e-07	6.5747e-01	3.4253e-01	7.8934e-01	2.1064e-01	1.4366e-05	7.6608e-10	1.3262e-02	9.7252e-01	1.4221e-02	1.1755e-36	7.0971e-01	2.9026e-01	3.0092e-05	1.1755e-36	1.1755e-36	1.1755e-36	3.5693e-16	0.00e+00	0.00e+00	1.1149e+01
4.35382e+16	4.6425e+03	3.787e-20	2.1544e+02	7.6405e+01	2.7553e-07	6.6354e-01	3.3646e-01	7.9153e-01	2.0845e-01	1.4313e-05	8.2327e-10	1.3058e-02	9.7294e-01	1.4004e-02	1.1755e-36	7.1533e-01	2.8465e-01	2.8953e-05	1.1755e-36	1.1755e-36	1.1755e-36	4.1036e-16	0.00e+00	0.00e+00	1.1277e+01
4.36913e+16	4.5940e+03	3.688e-20	2.1544e+02	7.4915e+01	3.0894e-07	6.7021e-01	3.2979e-01	7.9412e-01	2.0587e-01	1.4212e-05	8.9780e-10	1.2855e-02	9.7339e-01	1.3754e-02	1.1755e-36	7.2151e-01	2.7847e-01	2.7774e-05	1.1755e-36	1.1755e-36	1.1755e-36	4.8624e-16	0.00e+00	0.00e+00	1.1427e+01
4.38489e+16	4.5471e+03	3.589e-20	2.1544e+02	7.3418e+01	3.4600e-07	6.7689e-01	3.2311e-01	7.9660e-01	2.0339e-01	1.4127e-05	9.8008e-10	1.2647e-02	9.7384e-01	1.3513e-02	1.1755e-36	7.2766e-01	2.7231e-01	2.6632e-05	1.1755e-36	1.1755e-36	1.1755e-36	5.7750e-16	0.00e+00	0.00e+00	1.1566e+01
4.39953e+16	4.5010e+03	3.499e-20	2.1544e+02	7.2035e+01	3.8656e-07	6.8312e-01	3.1688e-01	7.9893e-01	2.0105e-01	1.4041e-05	1.0676e-09	1.2457e-02	9.7426e-01	1.3288e-02	1.1755e-36	7.3340e-01	2.6658e-01	2.5605e-05	1.1755e-36	1.1755e-36	1.1755e-36	6.8352e-16	0.00e+00	0.00e+00	1.1697e+01
4.41333e+16	4.4486e+03	3.417e-20	2.1544e+02	7.0777e+01	4.3685e-07	6.8939e-01	3.1061e-01	8.0139e-01	1.9860e-01	1.3918e-05	1.1714e-09	1.2289e-02	9.7465e-01	1.3056e-02	1.1755e-36	7.3916e-01	2.6082e-01	2.4638e-05	1.1755e-36	1.1755e-36	1.1755e-36	8.2157e-16	0.00e+00	0.00e+00	1.1824e+01
4.42591e+16	4.4134e+03	3.341e-20	2.1544e+02	6.9614e+01	4.7736e-07	6.9449e-01	3.0551e-01	8.0324e-01	1.9675e-01	1.3864e-05	1.2585e-09	1.2126e-02	9.7500e-01	1.2878e-02	1.1755e-36	7.4382e-01	2.5616e-01	2.3828e-05	1.1755e-36	1.1755e-36	1.1755e-36	9.4587e-16	0.00e+00	0.00e+00	1.1934e+01
4.43866e+16	4.3647e+03	3.265e-20	2.1544e+02	6.8387e+01	5.3528e-07	7.0001e-01	2.9999e-01	8.0539e-01	1.9460e-01	1.3772e-05	1.3727e-09	1.1960e-02	9.7537e-01	1.2674e-02	1.1755e-36	7.4887e-01	2.5111e-01	2.3002e-05	1.1755e-36	1.1755e-36	1.1755e-36	1.1249e-15	0.00e+00	0.00e+00	1.2065e+01
4.45192e+16	4.3251e+03	3.187e-20	2.1544e+02	6.7144e+01	5.9099e-07	7.0527e-01	2.9473e-01	8.0729e-01	1.9269e-01	1.3719e-05	1.4863e-09	1.1784e-02	9.7573e-01	1.2491e-02	1.1755e-36	7.5367e-01	2.4631e-01	2.2206e-05	1.1755e-36	1.1755e-36	1.1755e-36	1.3164e-15	0.00e+00	0.00e+00	1.2188e+01
4.46505e+16	4.2823e+03	3.110e-20	2.1544e+02	6.5920e+01	6.5687e-07	7.1061e-01	2.8939e-01	8.0928e-01	1.9071e-01	1.3654e-05	1.6173e-09	1.1613e-02	9.7609e-01	1.2301e-02	1.1755e-36	7.5851e-01	2.4147e-01	2.1429e-05	1.1755e-36	1.1755e-36	1.1755e-36	1.5564e-15	0.00e+00	0.00e+00	1.2318e+01
4.47855e+16	4.2339e+03	3.034e-20	2.1544e+02	6.4727e+01	7.3979e-07	7.1634e-01	2.8366e-01	8.1150e-01	1.8849e-01	1.3554e-05	1.7794e-09	1.1451e-02	9.7645e-01	1.2095e-02	1.1755e-36	7.6371e-01	2.3627e-01	2.0636e-05	1.1755e-36	1.1755e-36	1.1755e-36	1.8801e-15	0.00e+00	0.00e+00	1.2450e+01
4.49131e+16	4.1907e+03	2.962e-20	2.1544e+02	6.3533e+01	8.2299e-07	7.2132e-01	2.7868e-01	8.1328e-01	1.8671e-01	1.3504e-05	1.9367e-09	1.1284e-02	9.7679e-01	1.1923e-02	1.1755e-36	7.6822e-01	2.3176e-01	1.9949e-05	1.1755e-36	1.1755e-36	1.1755e-36	2.2268e-15	0.00e+00	0.00e+00	1.2568e+01
4.50327e+16	4.1450e+03	2.897e-20	2.1544e+02	6.2454e+01	9.2018e-07	7.2627e-01	2.7373e-01	8.1517e-01	1.8481e-01	1.3424e-05	2.1168e-09	1.1138e-02	9.7711e-01	1.1747e-02	1.1755e-36	7.7270e-01	2.2728e-01	1.9299e-05	1.1755e-36	1.1755e-36	1.1755e-36	2.6583e-15	0.00e+00	0.00e+00	1.2685e+01
4.51484e+16	4.0975e+03	2.836e-20	2.1544e+02	6.1450e+01	1.0334e-06	7.3122e-01	2.6878e-01	8.1712e-01	1.8287e-01	1.3325e-05	2.3226e-09	1.1005e-02	9.7742e-01	1.1570e-02	1.1755e-36	7.7717e-01	2.2281e-01	1.8676e-05	1.1755e-36	1.1755e-36	1.1755e-36	3.1975e-15	0.00e+00	0.00e+00	1.2797e+01
4.52561e+16	4.0662e+03	2.777e-20	2.1544e+02	6.0469e+01	1.1202e-06	7.3512e-01	2.6488e-01	8.1846e-01	1.8153e-01	1.3305e-05	2.4854e-09	1.0863e-02	9.7770e-01	1.1439e-02	1.1755e-36	7.8067e-01	2.1931e-01	1.8156e-05	1.1755e-36	1.1755e-36	1.1755e-36	3.6560e-15	0.00e+00	0.00e+00	1.2900e+01
4.53739e+16	4.0192e+03	2.714e-20	2.1544e+02	5.9401e+01	1.2573e-06	7.3988e-01	2.6011e-01	8.2035e-01	1.7963e-01	1.3223e-05	2.7280e-09	1.0719e-02	9.7801e-01	1.1266e-02	1.1755e-36	7.8496e-01	2.1503e-01	1.7562e-05	1.1755e-36	1.1755e-36	1.1755e-36	4.3991e-15	0.00e+00	0.00e+00	1.3034e+01
4.55010e+16	3.9698e+03	2.649e-20	2.1544e+02	5.8320e+01	1.4218e-06	7.4503e-01	2.5497e-01	8.2234e-01	1.7764e-01	1.3131e-05	3.0181e-09	1.0575e-02	9.7834e-01	1.1086e-02	1.1755e-36	7.8957e-01	2.1042e-01	1.6946e-05	1.1755e-36	1.1755e-36	1.1755e-36	5.3741e-15	0.00e+00	0.00e+00	1.3157e+01
###########################
9.70194e+12	5.9525e+03	1.401e-19	2.1544e+02	2.1819e+02	1.0917e-10	5.6793e-02	9.4321e-01	2.4770e-01	7.5223e-01	7.6826e-05	4.1048e-13	1.3490e-02	8.4733e-01	1.3918e-01	1.2678e-06	6.9446e-02	9.2521e-01	5.3389e-03	1.1755e-36	1.1755e-36	1.1755e-36	5.5658e-21	0.00e+00	0.00e+00	1.4994e-03
5.82117e+13	5.9447e+03	1.394e-19	2.1544e+02	2.1738e+02	1.0928e-10	5.6574e-02	9.4343e-01	2.4726e-01	7.5266e-01	7.7040e-05	4.0527e-13	1.3403e-02	8.4714e-01	1.3945e-01	1.2755e-06	6.9185e-02	9.2546e-01	5.3586e-03	1.1755e-36	1.1755e-36	1.1755e-36	5.4523e-21	0.00e+00	0.00e+00	7.4737e-03
2.52251e+14	5.9249e+03	1.386e-19	2.1544e+02	2.1726e+02	1.1187e-10	5.6629e-02	9.4337e-01	2.4826e-01	7.5166e-01	7.6545e-05	4.0659e-13	1.3405e-02	8.4783e-01	1.3877e-01	1.2637e-06	6.9267e-02	9.2540e-01	5.3352e-03	1.1755e-36	1.1755e-36	1.1755e-36	5.4495e-21	0.00e+00	0.00e+00	3.1394e-02
1.02841e+15	5.8657e+03	1.366e-19	2.1544e+02	2.1700e+02	1.2305e-10	5.7432e-02	9.4257e-01	2.5302e-01	7.4691e-01	7.4397e-05	4.2207e-13	1.3551e-02	8.5079e-01	1.3566e-01	1.2061e-06	7.0293e-02	9.2452e-01	5.1844e-03	1.1755e-36	1.1755e-36	1.1755e-36	5.6480e-21	0.00e+00	0.00e+00	1.2843e-01
2.45653e+15	5.6660e+03	1.306e-19	2.1544e+02	2.1696e+02	1.5177e-10	5.7113e-02	9.4289e-01	2.5942e-01	7.4051e-01	7.1124e-05	4.2043e-13	1.3568e-02	8.5514e-01	1.3129e-01	1.1507e-06	7.0038e-02	9.2485e-01	5.1132e-03	1.1755e-36	1.1755e-36	1.1755e-36	5.3866e-21	0.00e+00	0.00e+00	2.5388e-01
3.85371e+15	5.4897e+03	1.257e-19	2.1544e+02	2.1691e+02	1.8461e-10	5.6842e-02	9.4316e-01	2.6487e-01	7.3506e-01	6.8455e-05	4.1845e-13	1.3582e-02	8.5879e-01	1.2762e-01	1.1039e-06	6.9826e-02	9.2513e-01	5.0455e-03	1.1755e-36	1.1755e-36	1.1755e-36	5.1623e-21	0.00e+00	0.00e+00	3.4514e-01
4.95941e+15	5.4017e+03	1.233e-19	2.1544e+02	2.1669e+02	2.1075e-10	5.7492e-02	9.4251e-01	2.7012e-01	7.2982e-01	6.6350e-05	4.3147e-13	1.3718e-02	8.6185e-01	1.2443e-01	1.0511e-06	7.0689e-02	9.2441e-01	4.9016e-03	1.1755e-36	1.1755e-36	1.1755e-36	5.2796e-21	0.00e+00	0.00e+00	4.2582e-01
6.14558e+15	5.3457e+03	1.218e-19	2.1544e+02	2.1640e+02	2.4001e-10	5.9077e-02	9.4092e-01	2.7730e-01	7.2264e-01	6.3873e-05	4.6219e-13	1.3991e-02	8.6559e-01	1.2042e-01	9.7795e-07	7.2681e-02	9.2266e-01	4.6634e-03	1.1755e-36	1.1755e-36	1.1755e-36	5.7167e-21	0.00e+00	0.00e+00	5.3360e-01
7.68760e+15	5.2915e+03	1.202e-19	2.1544e+02	2.1583e+02	2.8134e-10	6.1522e-02	9.3848e-01	2.8718e-01	7.1275e-01	6.0793e-05	5.1139e-13	1.4392e-02	8.7037e-01	1.1524e-01	8.8478e-07	7.5730e-02	9.1993e-01	4.3394e-03	1.1755e-36	1.1755e-36	1.1755e-36	6.4616e-21	0.00e+00	0.00e+00	6.7951e-01
9.69223e+15	5.2458e+03	1.186e-19	2.1544e+02	2.1490e+02	3.4155e-10	6.5378e-02	9.3462e-01	3.0115e-01	6.9880e-01	5.6953e-05	5.9462e-13	1.4985e-02	8.7653e-01	1.0849e-01	7.6819e-07	8.0504e-02	9.1559e-01	3.9064e-03	1.1755e-36	1.1755e-36	1.1755e-36	7.8115e-21	0.00e+00	0.00e+00	8.8109e-01
1.22982e+16	5.2157e+03	1.169e-19	2.1544e+02	2.1275e+02	4.3336e-10	7.1482e-02	9.2852e-01	3.2092e-01	6.7902e-01	5.2272e-05	7.3942e-13	1.5819e-02	8.8423e-01	9.9951e-02	6.3023e-07	8.8013e-02	9.0863e-01	3.3529e-03	1.1755e-36	1.1755e-36	1.1755e-36	1.0332e-20	0.00e+00	0.00e+00	1.1676e+00
1.53062e+16	5.2182e+03	1.156e-19	2.1544e+02	2.1035e+02	5.6193e-10	8.0472e-02	9.1953e-01	3.4639e-01	6.5356e-01	4.7309e-05	9.8985e-13	1.6910e-02	8.9283e-01	9.0262e-02	4.8966e-07	9.8989e-02	8.9827e-01	2.7459e-03	1.1755e-36	1.1755e-36	1.1755e-36	1.5182e-20	0.00e+00	0.00e+00	1.5037e+00
1.82996e+16	5.2614e+03	1.150e-19	2.1544e+02	2.0735e+02	7.2509e-10	9.2553e-02	9.0745e-01	3.7552e-01	6.2443e-01	4.2726e-05	1.3984e-12	1.8137e-02	9.0122e-01	8.0637e-02	3.6741e-07	1.1361e-01	8.8421e-01	2.1740e-03	1.1755e-36	1.1755e-36	1.1755e-36	2.4152e-20	0.00e+00	0.00e+00	1.8710e+00
2.12154e+16	5.3398e+03	1.145e-19	2.1544e+02	2.0325e+02	9.3479e-10	1.0842e-01	8.9158e-01	4.0858e-01	5.9138e-01	3.8383e-05	2.0721e-12	1.9419e-02	9.0928e-01	7.1300e-02	2.6669e-07	1.3265e-01	8.6569e-01	1.6652e-03	1.1755e-36	1.1755e-36	1.1755e-36	4.1099e-20	0.00e+00	0.00e+00	2.3009e+00
2.39476e+16	5.4397e+03	1.139e-19	2.1544e+02	1.9819e+02	1.2113e-09	1.2849e-01	8.7151e-01	4.4366e-01	5.5631e-01	3.4571e-05	3.1704e-12	2.0609e-02	9.1662e-01	6.2773e-02	1.9003e-07	1.5647e-01	8.4228e-01	1.2476e-03	1.1755e-36	1.1755e-36	1.1755e-36	7.3313e-20	0.00e+00	0.00e+00	2.7467e+00
2.62559e+16	5.5398e+03	1.130e-19	2.1544e+02	1.9268e+02	1.5566e-09	1.5122e-01	8.4878e-01	4.7685e-01	5.2312e-01	3.1525e-05	4.7899e-12	2.1542e-02	9.2276e-01	5.5699e-02	1.3759e-07	1.8314e-01	8.1591e-01	9.4187e-04	1.1755e-36	1.1755e-36	1.1755e-36	1.2895e-19	0.00e+00	0.00e+00	3.1718e+00
2.81651e+16	5.6240e+03	1.115e-19	2.1544e+02	1.8693e+02	1.9865e-09	1.7541e-01	8.2459e-01	5.0711e-01	4.9286e-01	2.9062e-05	7.0163e-12	2.2178e-02	9.2788e-01	4.9944e-02	1.1755e-36	2.1119e-01	7.8809e-01	7.2476e-04	1.1755e-36	1.1755e-36	1.1755e-36	2.1767e-19	0.00e+00	0.00e+00	3.5899e+00
2.98627e+16	5.6898e+03	1.093e-19	2.1544e+02	1.8084e+02	2.5685e-09	2.0217e-01	7.9783e-01	5.3623e-01	4.6374e-01	2.6893e-05	1.0191e-11	2.2585e-02	9.3252e-01	4.4892e-02	1.1755e-36	2.4185e-01	7.5759e-01	5.5995e-04	1.1755e-36	1.1755e-36	1.1755e-36	3.6371e-19	0.00e+00	0.00e+00	4.0419e+00
3.14919e+16	5.7407e+03	1.059e-19	2.1544e+02	1.7343e+02	3.4033e-09	2.3303e-01	7.6697e-01	5.6574e-01	4.3423e-01	2.4896e-05	1.4904e-11	2.2699e-02	9.3702e-01	4.0278e-02	1.1755e-36	2.7671e-01	7.2286e-01	4.2819e-04	1.1755e-36	1.1755e-36	1.1755e-36	6.1370e-19	0.00e+00	0.00e+00	4.5540e+00
3.30557e+16	5.7763e+03	1.014e-19	2.1544e+02	1.6516e+02	4.6270e-09	2.6869e-01	7.3131e-01	5.9549e-01	4.0449e-01	2.3046e-05	2.2070e-11	2.2571e-02	9.4141e-01	3.6022e-02	1.1755e-36	3.1636e-01	6.8332e-01	3.2365e-04	1.1755e-36	1.1755e-36	1.1755e-36	1.0580e-18	0.00e+00	0.00e+00	5.1067e+00
3.44164e+16	5.7858e+03	9.629e-20	2.1544e+02	1.5676e+02	6.3024e-09	3.0542e-01	6.9458e-01	6.2170e-01	3.7828e-01	2.1593e-05	3.1753e-11	2.2192e-02	9.4529e-01	3.2516e-02	1.1755e-36	3.5651e-01	6.4324e-01	2.4902e-04	1.1755e-36	1.1755e-36	1.1755e-36	1.7656e-18	0.00e+00	0.00e+00	5.6091e+00
3.54721e+16	5.7739e+03	9.141e-20	2.1544e+02	1.4941e+02	8.2613e-09	3.3780e-01	6.6220e-01	6.4219e-01	3.5779e-01	2.0549e-05	4.2689e-11	2.1707e-02	9.4837e-01	2.9922e-02	1.1755e-36	3.9134e-01	6.0846e-01	2.0076e-04	1.1755e-36	1.1755e-36	1.1755e-36	2.6962e-18	0.00e+00	0.00e+00	6.0238e+00
3.62901e+16	5.7486e+03	8.709e-20	2.1544e+02	1.4327e+02	1.0414e-08	3.6516e-01	6.3484e-01	6.5837e-01	3.4161e-01	1.9745e-05	5.4176e-11	2.1220e-02	9.5081e-01	2.7967e-02	1.1755e-36	4.2039e-01	5.7944e-01	1.6865e-04	1.1755e-36	1.1755e-36	1.1755e-36	3.8088e-18	0.00e+00	0.00e+00	6.3881e+00
3.68342e+16	5.7271e+03	8.406e-20	2.1544e+02	1.3902e+02	1.2197e-08	3.8400e-01	6.1600e-01	6.6842e-01	3.3156e-01	1.9301e-05	6.3379e-11	2.0840e-02	9.5237e-01	2.6787e-02	1.1755e-36	4.4018e-01	5.5967e-01	1.5036e-04	1.1755e-36	1.1755e-36	1.1755e-36	4.8047e-18	0.00e+00	0.00e+00	6.5735e+00
3.71329e+16	5.7134e+03	8.224e-20	2.1544e+02	1.3654e+02	1.3324e-08	3.9453e-01	6.0547e-01	6.7383e-01	3.2615e-01	1.9082e-05	6.9033e-11	2.0601e-02	9.5325e-01	2.6148e-02	1.1755e-36	4.5116e-01	5.4870e-01	1.4100e-04	1.1755e-36	1.1755e-36	1.1755e-36	5.4578e-18	0.00e+00	0.00e+00	6.7037e+00
3.73977e+16	5.6924e+03	8.061e-20	2.1544e+02	1.3436e+02	1.4609e-08	4.0462e-01	5.9538e-01	6.7928e-01	3.2070e-01	1.8814e-05	7.5081e-11	2.0394e-02	9.5409e-01	2.5513e-02	1.1755e-36	4.6165e-01	5.3822e-01	1.3265e-04	1.1755e-36	1.1755e-36	1.1755e-36	6.1895e-18	0.00e+00	0.00e+00	6.8616e+00
3.77042e+16	5.6676e+03	7.867e-20	2.1544e+02	1.3182e+02	1.6263e-08	4.1650e-01	5.8350e-01	6.8566e-01	3.1432e-01	1.8493e-05	8.2844e-11	2.0145e-02	9.5506e-01	2.4794e-02	1.1755e-36	4.7393e-01	5.2595e-01	1.2354e-04	1.1755e-36	1.1755e-36	1.1755e-36	7.1785e-18	0.00e+00	0.00e+00	7.0464e+00
3.80277e+16	5.6392e+03	7.657e-20	2.1544e+02	1.2905e+02	1.8247e-08	4.2912e-01	5.7088e-01	6.9214e-01	3.0784e-01	1.8187e-05	9.1827e-11	1.9862e-02	9.5607e-01	2.4071e-02	1.1755e-36	4.8691e-01	5.1298e-01	1.1464e-04	1.1755e-36	1.1755e-36	1.1755e-36	8.4008e-18	0.00e+00	0.00e+00	7.2337e+00
3.83356e+16	5.6121e+03	7.449e-20	2.1544e+02	1.2629e+02	2.0338e-08	4.4110e-01	5.5890e-01	6.9803e-01	3.0195e-01	1.7936e-05	1.0107e-10	1.9565e-02	9.5701e-01	2.3421e-02	1.1755e-36	4.9915e-01	5.0074e-01	1.0680e-04	1.1755e-36	1.1755e-36	1.1755e-36	9.7424e-18	0.00e+00	0.00e+00	7.4107e+00
3.86266e+16	5.5843e+03	7.248e-20	2.1544e+02	1.2366e+02	2.2608e-08	4.5267e-01	5.4733e-01	7.0362e-01	2.9636e-01	1.7698e-05	1.1088e-10	1.9275e-02	9.5792e-01	2.2810e-02	1.1755e-36	5.1092e-01	4.8898e-01	9.9772e-05	1.1755e-36	1.1755e-36	1.1755e-36	1.1260e-17	0.00e+00	0.00e+00	7.5874e+00
3.89130e+16	5.5549e+03	7.047e-20	2.1544e+02	1.2105e+02	2.5166e-08	4.6428e-01	5.3572e-01	7.0914e-01	2.9084e-01	1.7465e-05	1.2170e-10	1.8981e-02	9.5880e-01	2.2214e-02	1.1755e-36	5.2267e-01	4.7723e-01	9.3217e-05	1.1755e-36	1.1755e-36	1.1755e-36	1.3047e-17	0.00e+00	0.00e+00	7.7679e+00
3.91965e+16	5.5160e+03	6.848e-20	2.1544e+02	1.1837e+02	2.8325e-08	4.7604e-01	5.2396e-01	7.1466e-01	2.8532e-01	1.7226e-05	1.3390e-10	1.8677e-02	9.5969e-01	2.1629e-02	1.1755e-36	5.3452e-01	4.6540e-01	8.7118e-05	1.1755e-36	1.1755e-36	1.1755e-36	1.5222e-17	0.00e+00	0.00e+00	7.9500e+00
3.94631e+16	5.4895e+03	6.654e-20	2.1544e+02	1.1586e+02	3.1236e-08	4.8682e-01	5.1318e-01	7.1948e-01	2.8051e-01	1.7049e-05	1.4587e-10	1.8377e-02	9.6050e-01	2.1118e-02	1.1755e-36	5.4531e-01	4.5461e-01	8.1780e-05	1.1755e-36	1.1755e-36	1.1755e-36	1.7484e-17	0.00e+00	0.00e+00	8.1170e+00
3.97244e+16	5.4507e+03	6.466e-20	2.1544e+02	1.1336e+02	3.5000e-08	4.9797e-01	5.0203e-01	7.2453e-01	2.7545e-01	1.6835e-05	1.5992e-10	1.8082e-02	9.6133e-01	2.0588e-02	1.1755e-36	5.5643e-01	4.4350e-01	7.6700e-05	1.1755e-36	1.1755e-36	1.1755e-36	2.0358e-17	0.00e+00	0.00e+00	8.3002e+00
3.99854e+16	5.4113e+03	6.280e-20	2.1544e+02	1.1097e+02	3.9283e-08	5.0931e-01	4.9069e-01	7.2956e-01	2.7042e-01	1.6616e-05	1.7588e-10	1.7795e-02	9.6214e-01	2.0064e-02	1.1755e-36	5.6768e-01	4.3225e-01	7.1898e-05	1.1755e-36	1.1755e-36	1.1755e-36	2.3878e-17	0.00e+00	0.00e+00	8.4745e+00
4.02265e+16	5.3756e+03	6.104e-20	2.1544e+02	1.0864e+02	4.3619e-08	5.1956e-01	4.8044e-01	7.3395e-01	2.6604e-01	1.6450e-05	1.9157e-10	1.7506e-02	9.6288e-01	1.9612e-02	1.1755e-36	5.7779e-01	4.2214e-01	6.7777e-05	1.1755e-36	1.1755e-36	1.1755e-36	2.7611e-17	0.00e+00	0.00e+00	8.6375e+00
4.04579e+16	5.3415e+03	5.932e-20	2.1544e+02	1.0634e+02	4.8213e-08	5.2933e-01	4.7067e-01	7.3817e-01	2.6181e-01	1.6294e-05	2.0800e-10	1.7218e-02	9.6359e-01	1.9188e-02	1.1755e-36	5.8740e-01	4.1254e-01	6.4024e-05	1.1755e-36	1.1755e-36	1.1755e-36	3.1787e-17	0.00e+00	0.00e+00	8.8046e+00
4.06957e+16	5.2978e+03	5.758e-20	2.1544e+02	1.0402e+02	5.4144e-08	5.3980e-01	4.6020e-01	7.4259e-01	2.5740e-01	1.6119e-05	2.2805e-10	1.6927e-02	9.6434e-01	1.8737e-02	1.1755e-36	5.9765e-01	4.0229e-01	6.0295e-05	1.1755e-36	1.1755e-36	1.1755e-36	3.7352e-17	0.00e+00	0.00e+00	8.9835e+00
4.09287e+16	5.2544e+03	5.591e-20	2.1544e+02	1.0183e+02	6.0769e-08	5.5018e-01	4.4982e-01	7.4692e-01	2.5306e-01	1.5938e-05	2.5045e-10	1.6649e-02	9.6505e-01	1.8300e-02	1.1755e-36	6.0777e-01	3.9217e-01	5.6828e-05	1.1755e-36	1.1755e-36	1.1755e-36	4.4090e-17	0.00e+00	0.00e+00	9.1499e+00
4.11418e+16	5.2206e+03	5.433e-20	2.1544e+02	9.9679e+01	6.6871e-08	5.5913e-01	4.4087e-01	7.5050e-01	2.4948e-01	1.5831e-05	2.7106e-10	1.6368e-02	9.6569e-01	1.7944e-02	1.1755e-36	6.1644e-01	3.8351e-01	5.3914e-05	1.1755e-36	1.1755e-36	1.1755e-36	5.0760e-17	0.00e+00	0.00e+00	9.3050e+00
4.13556e+16	5.1739e+03	5.277e-20	2.1544e+02	9.7561e+01	7.5099e-08	5.6872e-01	4.3128e-01	7.5447e-01	2.4551e-01	1.5670e-05	2.9715e-10	1.6095e-02	9.6635e-01	1.7551e-02	1.1755e-36	6.2571e-01	3.7423e-01	5.1019e-05	1.1755e-36	1.1755e-36	1.1755e-36	6.0000e-17	0.00e+00	0.00e+00	9.4779e+00
4.15693e+16	5.1286e+03	5.126e-20	2.1544e+02	9.5525e+01	8.4231e-08	5.7831e-01	4.2169e-01	7.5835e-01	2.4163e-01	1.5512e-05	3.2647e-10	1.5829e-02	9.6700e-01	1.7171e-02	1.1755e-36	6.3495e-01	3.6500e-01	4.8280e-05	1.1755e-36	1.1755e-36	1.1755e-36	7.1276e-17	0.00e+00	0.00e+00	9.6384e+00
4.17654e+16	5.0937e+03	4.983e-20	2.1544e+02	9.3558e+01	9.2578e-08	5.8658e-01	4.1342e-01	7.6158e-01	2.3841e-01	1.5418e-05	3.5358e-10	1.5564e-02	9.6758e-01	1.6857e-02	1.1755e-36	6.4288e-01	3.5708e-01	4.5956e-05	1.1755e-36	1.1755e-36	1.1755e-36	8.2511e-17	0.00e+00	0.00e+00	9.7886e+00
4.19638e+16	5.0441e+03	4.841e-20	2.1544e+02	9.1577e+01	1.0423e-07	5.9556e-01	4.0444e-01	7.6519e-01	2.3480e-01	1.5273e-05	3.8908e-10	1.5303e-02	9.6819e-01	1.6508e-02	1.1755e-36	6.5145e-01	3.4851e-01	4.3627e-05	1.1755e-36	1.1755e-36	1.1755e-36	9.8730e-17	0.00e+00	0.00e+00	9.9577e+00
4.21615e+16	4.9977e+03	4.703e-20	2.1544e+02	8.9690e+01	1.1689e-07	6.0442e-01	3.9558e-01	7.6869e-01	2.3130e-01	1.5133e-05	4.2833e-10	1.5051e-02	9.6877e-01	1.6174e-02	1.1755e-36	6.5988e-01	3.4007e-01	4.1432e-05	1.1755e-36	1.1755e-36	1.1755e-36	1.1822e-16	0.00e+00	0.00e+00	1.0111e+01
4.23411e+16	4.9599e+03	4.576e-20	2.1544e+02	8.7892e+01	1.2867e-07	6.1203e-01	3.8797e-01	7.7158e-01	2.2841e-01	1.5049e-05	4.6143e-10	1.4805e-02	9.6931e-01	1.5886e-02	1.1755e-36	6.6710e-01	3.3286e-01	3.9575e-05	1.1755e-36	1.1755e-36	1.1755e-36	1.3573e-16	0.00e+00	0.00e+00	1.0255e+01
4.25213e+16	4.9100e+03	4.451e-20	2.1544e+02	8.6094e+01	1.4455e-07	6.2016e-01	3.7984e-01	7.7478e-01	2.2521e-01	1.4922e-05	5.0264e-10	1.4564e-02	9.6987e-01	1.5568e-02	1.1755e-36	6.7478e-01	3.2518e-01	3.7729e-05	1.1755e-36	1.1755e-36	1.1755e-36	1.5950e-16	0.00e+00	0.00e+00	1.0413e+01
4.27011e+16	4.8625e+03	4.330e-20	2.1544e+02	8.4377e+01	1.6199e-07	6.2822e-01	3.7178e-01	7.7791e-01	2.2208e-01	1.4796e-05	5.4798e-10	1.4332e-02	9.7041e-01	1.5261e-02	1.1755e-36	6.8237e-01	3.1759e-01	3.5976e-05	1.1755e-36	1.1755e-36	1.1755e-36	1.8777e-16	0.00e+00	0.00e+00	1.0560e+01
4.28664e+16	4.8238e+03	4.216e-20	2.1544e+02	8.2732e+01	1.7833e-07	6.3517e-01	3.6483e-01	7.8050e-01	2.1949e-01	1.4724e-05	5.9008e-10	1.4104e-02	9.7089e-01	1.5004e-02	1.1755e-36	6.8891e-01	3.1105e-01	3.4472e-05	1.1755e-36	1.1755e-36	1.1755e-36	2.1613e-16	0.00e+00	0.00e+00	1.0697e+01
4.30328e+16	4.7739e+03	4.104e-20	2.1544e+02	8.1086e+01	2.0027e-07	6.4263e-01	3.5737e-01	7.8341e-01	2.1658e-01	1.4608e-05	6.4293e-10	1.3881e-02	9.7140e-01	1.4720e-02	1.1755e-36	6.9588e-01	3.0408e-01	3.2969e-05	1.1755e-36	1.1755e-36	1.1755e-36	2.5495e-16	0.00e+00	0.00e+00	1.0849e+01
4.31989e+16	4.7265e+03	3.996e-20	2.1544e+02	7.9513e+01	2.2429e-07	6.5000e-01	3.4999e-01	7.8623e-01	2.1376e-01	1.4495e-05	7.0089e-10	1.3666e-02	9.7189e-01	1.4446e-02	1.1755e-36	7.0277e-01	2.9720e-01	3.1536e-05	1.1755e-36	1.1755e-36	1.1755e-36	3.0107e-16	0.00e+00	0.00e+00	1.0989e+01
4.33523e+16	4.6868e+03	3.894e-20	2.1544e+02	7.8008e+01	2.4721e-07	6.5642e-01	3.4358e-01	7.8859e-01	2.1139e-01	1.4427e-05	7.5558e-10	1.3455e-02	9.7233e-01	1.4214e-02	1.1755e-36	7.0875e-01	2.9122e-01	3.0296e-05	1.1755e-36	1.1755e-36	1.1755e-36	3.4818e-16	0.00e+00	0.00e+00	1.1122e+01
4.35061e+16	4.6353e+03	3.796e-20	2.1544e+02	7.6549e+01	2.7864e-07	6.6344e-01	3.3656e-01	7.9136e-01	2.0863e-01	1.4301e-05	8.2653e-10	1.3258e-02	9.7279e-01	1.3949e-02	1.1755e-36	7.1525e-01	2.8472e-01	2.9041e-05	1.1755e-36	1.1755e-36	1.1755e-36	4.1483e-16	0.00e+00	0.00e+00	1.1266e+01
4.36568e+16	4.5970e+03	3.698e-20	2.1544e+02	7.5073e+01	3.0661e-07	6.6955e-01	3.3045e-01	7.9354e-01	2.0645e-01	1.4251e-05	8.9088e-10	1.3048e-02	9.7322e-01	1.3735e-02	1.1755e-36	7.2090e-01	2.7907e-01	2.7930e-05	1.1755e-36	1.1755e-36	1.1755e-36	4.8023e-16	0.00e+00	0.00e+00	1.1395e+01
4.38052e+16	4.5465e+03	3.605e-20	2.1544e+02	7.3635e+01	3.4500e-07	6.7608e-01	3.2392e-01	7.9606e-01	2.0392e-01	1.4147e-05	9.7342e-10	1.2851e-02	9.7366e-01	1.3493e-02	1.1755e-36	7.2693e-01	2.7304e-01	2.6822e-05	1.1755e-36	1.1755e-36	1.1755e-36	5.7188e-16	0.00e+00	0.00e+00	1.1538e+01
4.39525e+16	4.5000e+03	3.515e-20	2.1544e+02	7.2274e+01	3.8600e-07	6.8246e-01	3.1754e-01	7.9847e-01	2.0152e-01	1.4051e-05	1.0622e-09	1.2663e-02	9.7407e-01	1.3264e-02	1.1755e-36	7.3280e-01	2.6717e-01	2.5772e-05	1.1755e-36	1.1755e-36	1.1755e-36	6.7897e-16	0.00e+00	0.00e+00	1.1667e+01
4.40879e+16	4.4626e+03	3.431e-20	2.1544e+02	7.0991e+01	4.2380e-07	6.8796e-01	3.1204e-01	8.0047e-01	1.9952e-01	1.3996e-05	1.1446e-09	1.2480e-02	9.7445e-01	1.3071e-02	1.1755e-36	7.3784e-01	2.6213e-01	2.4864e-05	1.1755e-36	1.1755e-36	1.1755e-36	7.8620e-16	0.00e+00	0.00e+00	1.1790e+01
4.42271e+16	4.4116e+03	3.347e-20	2.1544e+02	6.9656e+01	4.7793e-07	6.9402e-01	3.0598e-01	8.0281e-01	1.9718e-01	1.3897e-05	1.2540e-09	1.2298e-02	9.7485e-01	1.2850e-02	1.1755e-36	7.4340e-01	2.5658e-01	2.3928e-05	1.1755e-36	1.1755e-36	1.1755e-36	9.4268e-16	0.00e+00	0.00e+00	1.1929e+01
4.43657e+16	4.3650e+03	3.265e-20	2.1544e+02	6.8396e+01	5.3529e-07	6.9992e-01	3.0008e-01	8.0503e-01	1.9496e-01	1.3807e-05	1.3711e-09	1.2124e-02	9.7524e-01	1.2641e-02	1.1755e-36	7.4879e-01	2.5118e-01	2.3040e-05	1.1755e-36	1.1755e-36	1.1755e-36	1.1249e-15	0.00e+00	0.00e+00	1.2053e+01
4.44914e+16	4.3287e+03	3.191e-20	2.1544e+02	6.7221e+01	5.8664e-07	7.0490e-01	2.9510e-01	8.0681e-01	1.9317e-01	1.3761e-05	1.4767e-09	1.1955e-02	9.7558e-01	1.2469e-02	1.1755e-36	7.5332e-01	2.4666e-01	2.2284e-05	1.1755e-36	1.1755e-36	1.1755e-36	1.3024e-15	0.00e+00	0.00e+00	1.2169e+01
4.46214e+16	4.2784e+03	3.116e-20	2.1544e+02	6.5997e+01	6.6147e-07	7.1047e-01	2.8953e-01	8.0898e-01	1.9101e-01	1.3667e-05	1.6202e-09	1.1789e-02	9.7594e-01	1.2267e-02	1.1755e-36	7.5840e-01	2.4158e-01	2.1492e-05	1.1755e-36	1.1755e-36	1.1755e-36	1.5672e-15	0.00e+00	0.00e+00	1.2303e+01
4.47519e+16	4.2322e+03	3.042e-20	2.1544e+02	6.4835e+01	7.4107e-07	7.1595e-01	2.8405e-01	8.1105e-01	1.8894e-01	1.3580e-05	1.7745e-09	1.1628e-02	9.7630e-01	1.2075e-02	1.1755e-36	7.6337e-01	2.3661e-01	2.0733e-05	1.1755e-36	1.1755e-36	1.1755e-36	1.8774e-15	0.00e+00	0.00e+00	1.2422e+01
4.48702e+16	4.1965e+03	2.975e-20	2.1544e+02	6.3749e+01	8.1139e-07	7.2052e-01	2.7948e-01	8.1268e-01	1.8731e-01	1.3540e-05	1.9118e-09	1.1473e-02	9.7661e-01	1.1920e-02	1.1755e-36	7.6750e-01	2.3248e-01	2.0089e-05	1.1755e-36	1.1755e-36	1.1755e-36	2.1758e-15	0.00e+00	0.00e+00	1.2534e+01
4.49930e+16	4.1505e+03	2.907e-20	2.1544e+02	6.2616e+01	9.0817e-07	7.2556e-01	2.7444e-01	8.1462e-01	1.8537e-01	1.3462e-05	2.0917e-09	1.1316e-02	9.7694e-01	1.1740e-02	1.1755e-36	7.7206e-01	2.2792e-01	1.9414e-05	1.1755e-36	1.1755e-36	1.1755e-36	2.6020e-15	0.00e+00	0.00e+00	1.2664e+01
4.51206e+16	4.1045e+03	2.837e-20	2.1544e+02	6.1469e+01	1.0182e-06	7.3069e-01	2.6930e-01	8.1652e-01	1.8346e-01	1.3392e-05	2.2944e-09	1.1157e-02	9.7728e-01	1.1564e-02	1.1755e-36	7.7669e-01	2.2329e-01	1.8745e-05	1.1755e-36	1.1755e-36	1.1755e-36	3.1278e-15	0.00e+00	0.00e+00	1.2787e+01
4.52395e+16	4.0600e+03	2.774e-20	2.1544e+02	6.0409e+01	1.1369e-06	7.3551e-01	2.6449e-01	8.1831e-01	1.8168e-01	1.3322e-05	2.5093e-09	1.1011e-02	9.7759e-01	1.1399e-02	1.1755e-36	7.8102e-01	2.1896e-01	1.8138e-05	1.1755e-36	1.1755e-36	1.1755e-36	3.7376e-15	0.00e+00	0.00e+00	1.2901e+01
4.53513e+16	4.0133e+03	2.715e-20	2.1544e+02	5.9440e+01	1.2756e-06	7.4028e-01	2.5972e-01	8.2015e-01	1.7984e-01	1.3231e-05	2.7544e-09	1.0883e-02	9.7788e-01	1.1234e-02	1.1755e-36	7.8532e-01	2.1467e-01	1.7563e-05	1.1755e-36	1.1755e-36	1.1755e-36	4.4989e-15	0.00e+00	0.00e+00	1.3011e+01
4.54564e+16	3.9791e+03	2.659e-20	2.1544e+02	5.8468e+01	1.3919e-06	7.4424e-01	2.5575e-01	8.2145e-01	1.7854e-01	1.3212e-05	2.9627e-09	1.0744e-02	9.7815e-01	1.1110e-02	1.1755e-36	7.8886e-01	2.1112e-01	1.7068e-05	1.1755e-36	1.1755e-36	1.1755e-36	5.2009e-15	0.00e+00	0.00e+00	1.3113e+01
###########################
9.70194e+12	5.9525e+03	1.401e-19	2.1544e+02	2.1819e+02	1.0917e-10	5.6793e-02	9.4321e-01	2.4770e-01	7.5223e-01	7.6826e-05	4.1048e-13	1.3490e-02	8.4733e-01	1.3918e-01	1.2678e-06	6.9446e-02	9.2521e-01	5.3389e-03	1.1755e-36	1.1755e-36	1.1755e-36	5.5658e-21	0.00e+00	0.00e+00	1.4994e-03
5.82117e+13	5.9447e+03	1.394e-19	2.1544e+02	2.1738e+02	1.0928e-10	5.6574e-02	9.4343e-01	2.4726e-01	7.5266e-01	7.7040e-05	4.0527e-13	1.3403e-02	8.4714e-01	1.3945e-01	1.2755e-06	6.9185e-02	9.2546e-01	5.3586e-03	1.1755e-36	1.1755e-36	1.1755e-36	5.4523e-21	0.00e+00	0.00e+00	7.4737e-03
2.52251e+14	5.9249e+03	1.386e-19	2.1544e+02	2.1726e+02	1.1187e-10	5.6629e-02	9.4337e-01	2.4826e-01	7.5166e-01	7.6545e-05	4.0658e-13	1.3405e-02	8.4783e-01	1.3877e-01	1.2637e-06	6.9267e-02	9.2540e-01	5.3352e-03	1.1755e-36	1.1755e-36	1.1755e-36	5.4495e-21	0.00e+00	0.00e+00	3.1394e-02
1.02841e+15	5.8657e+03	1.366e-19	2.1544e+02	2.1700e+02	1.2305e-10	5.7432e-02	9.4257e-01	2.5302e-01	7.4691e-01	7.4397e-05	4.2207e-13	1.3551e-02	8.5079e-01	1.3566e-01	1.2061e-06	7.0293e-02	9.2452e-01	5.1844e-03	1.1755e-36	1.1755e-36	1.1755e-36	5.6480e-21	0.00e+00	0.00e+00	1.2843e-01
2.45653e+15	5.6660e+03	1.306e-19	2.1544e+02	2.1696e+02	1.5177e-10	5.7113e-02	9.4289e-01	2.5942e-01	7.4051e-01	7.1124e-05	4.2043e-13	1.3568e-02	8.5514e-01	1.3129e-01	1.1507e-06	7.0038e-02	9.2485e-01	5.1132e-03	1.1755e-36	1.1755e-36	1.1755e-36	5.3866e-21	0.00e+00	0.00e+00	2.5388e-01
3.85371e+15	5.4897e+03	1.257e-19	2.1544e+02	2.1691e+02	1.8461e-10	5.6842e-02	9.4316e-01	2.6487e-01	7.3506e-01	6.8455e-05	4.1845e-13	1.3582e-02	8.5879e-01	1.2762e-01	1.1039e-06	6.9826e-02	9.2513e-01	5.0455e-03	1.1755e-36	1.1755e-36	1.1755e-36	5.1623e-21	0.00e+00	0.00e+00	3.4514e-01
4.95941e+15	5.4017e+03	1.233e-19	2.1544e+02	2.1669e+02	2.1075e-10	5.7492e-02	9.4251e-01	2.7012e-01	7.2982e-01	6.6350e-05	4.3147e-13	1.3718e-02	8.6185e-01	1.2443e-01	1.0511e-06	7.0689e-02	9.2441e-01	4.9016e-03	1.1755e-36	1.1755e-36	1.1755e-36	5.2796e-21	0.00e+00	0.00e+00	4.2582e-01
6.14558e+15	5.3457e+03	1.218e-19	2.1544e+02	2.1640e+02	2.4001e-10	5.9077e-02	9.4092e-01	2.7730e-01	7.2264e-01	6.3873e-05	4.6219e-13	1.3991e-02	8.6559e-01	1.2042e-01	9.7795e-07	7.2681e-02	9.2266e-01	4.6634e-03	1.1755e-36	1.1755e-36	1.1755e-36	5.7167e-21	0.00e+00	0.00e+00	5.3360e-01
7.68759e+15	5.2915e+03	1.202e-19	2.1544e+02	2.1583e+02	2.8134e-10	6.1522e-02	9.3848e-01	2.8718e-01	7.1275e-01	6.0793e-05	5.1139e-13	1.4392e-02	8.7037e-01	1.1524e-01	8.8478e-07	7.5730e-02	9.1993e-01	4.3394e-03	1.1755e-36	1.1755e-36	1.1755e-36	6.4616e-21	0.00e+00	0.00e+00	6.7951e-01
9.69221e+15	5.2458e+03	1.186e-19	2.1544e+02	2.1490e+02	3.4154e-10	6.5378e-02	9.3462e-01	3.0115e-01	6.9880e-01	5.6953e-05	5.9462e-13	1.4985e-02	8.7653e-01	1.0849e-01	7.6819e-07	8.0504e-02	9.1559e-01	3.9065e-03	1.1755e-36	1.1755e-36	1.1755e-36	7.8114e-21	0.00e+00	0.00e+00	8.8108e-01
1.22982e+16	5.2157e+03	1.169e-19	2.1544e+02	2.1275e+02	4.3336e-10	7.1481e-02	9.2852e-01	3.2092e-01	6.7902e-01	5.2272e-05	7.3942e-13	1.5819e-02	8.8423e-01	9.9951e-02	6.3023e-07	8.8013e-02	9.0863e-01	3.3529e-03	1.1755e-36	1.1755e-36	1.1755e-36	1.0332e-20	0.00e+00	0.00e+00	1.1676e+00
1.53061e+16	5.2182e+03	1.156e-19	2.1544e+02	2.1035e+02	5.6195e-10	8.0472e-02	9.1953e-01	3.4639e-01	6.5356e-01	4.7309e-05	9.8985e-13	1.6910e-02	8.9283e-01	9.0262e-02	4.8966e-07	9.8989e-02	8.9826e-01	2.7459e-03	1.1755e-36	1.1755e-36	1.1755e-36	1.5182e-20	0.00e+00	0.00e+00	1.5037e+00
1.82996e+16	5.2614e+03	1.150e-19	2.1544e+02	2.0735e+02	7.2509e-10	9.2553e-02	9.0745e-01	3.7552e-01	6.2443e-01	4.2726e-05	1.3984e-12	1.8137e-02	9.0122e-01	8.0637e-02	3.6741e-07	1.1361e-01	8.8421e-01	2.1740e-03	1.1755e-36	1.1755e-36	1.1755e-36	2.4152e-20	0.00e+00	0.00e+00	1.8710e+00
2.12154e+16	5.3398e+03	1.145e-19	2.1544e+02	2.0325e+02	9.3479e-10	1.0842e-01	8.9158e-01	4.0858e-01	5.9138e-01	3.8383e-05	2.0721e-12	1.9419e-02	9.0928e-01	7.1300e-02	2.6669e-07	1.3265e-01	8.6569e-01	1.6652e-03	1.1755e-36	1.1755e-36	1.1755e-36	4.1099e-20	0.00e+00	0.00e+00	2.3009e+00
2.39477e+16	5.4397e+03	1.139e-19	2.1544e+02	1.9819e+02	1.2113e-09	1.2849e-01	8.7151e-01	4.4366e-01	5.5631e-01	3.4571e-05	3.1704e-12	2.0609e-02	9.1662e-01	6.2773e-02	1.9003e-07	1.5647e-01	8.4228e-01	1.2476e-03	1.1755e-36	1.1755e-36	1.1755e-36	7.3314e-20	0.00e+00	0.00e+00	2.7467e+00
2.62559e+16	5.5398e+03	1.130e-19	2.1544e+02	1.9268e+02	1.5566e-09	1.5122e-01	8.4878e-01	4.7685e-01	5.2312e-01	3.1525e-05	4.7899e-12	2.1542e-02	9.2276e-01	5.5699e-02	1.3758e-07	1.8314e-01	8.1591e-01	9.4187e-04	1.1755e-36	1.1755e-36	1.1755e-36	1.2895e-19	0.00e+00	0.00e+00	3.1719e+00
2.81651e+16	5.6240e+03	1.115e-19	2.1544e+02	1.8693e+02	1.9865e-09	1.7541e-01	8.2459e-01	5.0711e-01	4.9286e-01	2.9062e-05	7.0163e-12	2.2178e-02	9.2788e-01	4.9944e-02	1.1755e-36	2.1119e-01	7.8809e-01	7.2475e-04	1.1755e-36	1.1755e-36	1.1755e-36	2.1767e-19	0.00e+00	0.00e+00	3.5899e+00
2.98627e+16	5.6898e+03	1.093e-19	2.1544e+02	1.8084e+02	2.5685e-09	2.0217e-01	7.9783e-01	5.3623e-01	4.6374e-01	2.6893e-05	1.0191e-11	2.2585e-02	9.3252e-01	4.4892e-02	1.1755e-36	2.4185e-01	7.5759e-01	5.5994e-04	1.1755e-36	1.1755e-36	1.1755e-36	3.6371e-19	0.00e+00	0.00e+00	4.0419e+00
3.14920e+16	5.7407e+03	1.059e-19	2.1544e+02	1.7343e+02	3.4033e-09	2.3303e-01	7.6697e-01	5.6574e-01	4.3423e-01	2.4896e-05	1.4904e-11	2.2700e-02	9.3702e-01	4.0278e-02	1.1755e-36	2.7671e-01	7.2286e-01	4.2819e-04	1.1755e-36	1.1755e-36	1.1755e-36	6.1370e-19	0.00e+00	0.00e+00	4.5540e+00
3.30557e+16	5.7763e+03	1.014e-19	2.1544e+02	1.6516e+02	4.6270e-09	2.6869e-01	7.3131e-01	5.9549e-01	4.0449e-01	2.3046e-05	2.2070e-11	2.2571e-02	9.4141e-01	3.6022e-02	1.1755e-36	3.1636e-01	6.8332e-01	3.2365e-04	1.1755e-36	1.1755e-36	1.1755e-36	1.0580e-18	0.00e+00	0.00e+00	5.1068e+00
3.44164e+16	5.7858e+03	9.629e-20	2.1544e+02	1.5676e+02	6.3024e-09	3.0542e-01	6.9458e-01	6.2170e-01	3.7828e-01	2.1593e-05	3.1753e-11	2.2192e-02	9.4529e-01	3.2516e-02	1.1755e-36	3.5651e-01	6.4324e-01	2.4902e-04	1.1755e-36	1.1755e-36	1.1755e-36	1.7656e-18	0.00e+00	0.00e+00	5.6091e+00
3.54721e+16	5.7739e+03	9.141e-20	2.1544e+02	1.4941e+02	8.2613e-09	3.3780e-01	6.6220e-01	6.4219e-01	3.5779e-01	2.0549e-05	4.2689e-11	2.1707e-02	9.4837e-01	2.9922e-02	1.1755e-36	3.9134e-01	6.0846e-01	2.0076e-04	1.1755e-36	1.1755e-36	1.1755e-36	2.6962e-18	0.00e+00	0.00e+00	6.0238e+00
3.62901e+16	5.7486e+03	8.709e-20	2.1544e+02	1.4327e+02	1.0414e-08	3.6517e-01	6.3483e-01	6.5837e-01	3.4161e-01	1.9745e-05	5.4176e-11	2.1220e-02	9.5081e-01	2.7967e-02	1.1755e-36	4.2040e-01	5.7944e-01	1.6865e-04	1.1755e-36	1.1755e-36	1.1755e-36	3.8087e-18	0.00e+00	0.00e+00	6.3881e+00
3.68342e+16	5.7271e+03	8.406e-20	2.1544e+02	1.3902e+02	1.2197e-08	3.8401e-01	6.1599e-01	6.6842e-01	3.3156e-01	1.9301e-05	6.3379e-11	2.0840e-02	9.5237e-01	2.6787e-02	1.1755e-36	4.4018e-01	5.5967e-01	1.5036e-04	1.1755e-36	1.1755e-36	1.1755e-36	4.8046e-18	0.00e+00	0.00e+00	6.5735e+00
3.71329e+16	5.7134e+03	8.224e-20	2.1544e+02	1.3654e+02	1.3324e-08	3.9453e-01	6.0547e-01	6.7383e-01	3.2615e-01	1.9082e-05	6.9033e-11	2.0601e-02	9.5325e-01	2.6148e-02	1.1755e-36	4.5116e-01	5.4870e-01	1.4100e-04	1.1755e-36	1.1755e-36	1.1755e-36	5.4578e-18	0.00e+00	0.00e+00	6.7037e+00
3.73977e+16	5.6924e+03	8.061e-20	2.1544e+02	1.3435e+02	1.4609e-08	4.0462e-01	5.9538e-01	6.7928e-01	3.2070e-01	1.8814e-05	7.5080e-11	2.0394e-02	9.5409e-01	2.5513e-02	1.1755e-36	4.6165e-01	5.3822e-01	1.3265e-04	1.1755e-36	1.1755e-36	1.1755e-36	6.1895e-18	0.00e+00	0.00e+00	6.8616e+00
3.77042e+16	5.6676e+03	7.867e-20	2.1544e+02	1.3182e+02	1.6263e-08	4.1650e-01	5.8350e-01	6.8566e-01	3.1432e-01	1.8493e-05	8.2844e-11	2.0146e-02	9.5506e-01	2.4794e-02	1.1755e-36	4.7393e-01	5.2595e-01	1.2354e-04	1.1755e-36	1.1755e-36	1.1755e-36	7.1785e-18	0.00e+00	0.00e+00	7.0465e+00
3.80277e+16	5.6392e+03	7.657e-20	2.1544e+02	1.2905e+02	1.8247e-08	4.2912e-01	5.7088e-01	6.9214e-01	3.0784e-01	1.8187e-05	9.1827e-11	1.9862e-02	9.5607e-01	2.4071e-02	1.1755e-36	4.8691e-01	5.1298e-01	1.1464e-04	1.1755e-36	1.1755e-36	1.1755e-36	8.4007e-18	0.00e+00	0.00e+00	7.2337e+00
3.83356e+16	5.6121e+03	7.449e-20	2.1544e+02	1.2629e+02	2.0338e-08	4.4110e-01	5.5890e-01	6.9803e-01	3.0195e-01	1.7936e-05	1.0107e-10	1.9565e-02	9.5701e-01	2.3421e-02	1.1755e-36	4.9916e-01	5.0074e-01	1.0680e-04	1.1755e-36	1.1755e-36	1.1755e-36	9.7423e-18	0.00e+00	0.00e+00	7.4107e+00
3.86266e+16	5.5843e+03	7.248e-20	2.1544e+02	1.2366e+02	2.2608e-08	4.5267e-01	5.4733e-01	7.0362e-01	2.9636e-01	1.7698e-05	1.1088e-10	1.9275e-02	9.5792e-01	2.2810e-02	1.1755e-36	5.1093e-01	4.8898e-01	9.9772e-05	1.1755e-36	1.1755e-36	1.1755e-36	1.1260e-17	0.00e+00	0.00e+00	7.5874e+00
3.89130e+16	5.5549e+03	7.047e-20	2.1544e+02	1.2105e+02	2.5165e-08	4.6428e-01	5.3572e-01	7.0914e-01	2.9084e-01	1.7465e-05	1.2170e-10	1.8982e-02	9.5880e-01	2.2214e-02	1.1755e-36	5.2267e-01	4.7723e-01	9.3217e-05	1.1755e-36	1.1755e-36	1.1755e-36	1.3047e-17	0.00e+00	0.00e+00	7.7679e+00
3.91965e+16	5.5160e+03	6.848e-20	2.1544e+02	1.1837e+02	2.8325e-08	4.7604e-01	5.2396e-01	7.1466e-01	2.8532e-01	1.7226e-05	1.3390e-10	1.8677e-02	9.5969e-01	2.1629e-02	1.1755e-36	5.3452e-01	4.6540e-01	8.7118e-05	1.1755e-36	1.1755e-36	1.1755e-36	1.5222e-17	0.00e+00	0.00e+00	7.9500e+00
3.94631e+16	5.4894e+03	6.654e-20	2.1544e+02	1.1586e+02	3.1237e-08	4.8682e-01	5.1318e-01	7.1948e-01	2.8051e-01	1.7049e-05	1.4587e-10	1.8378e-02	9.6050e-01	2.1118e-02	1.1755e-36	5.4531e-01	4.5461e-01	8.1780e-05	1.1755e-36	1.1755e-36	1.1755e-36	1.7484e-17	0.00e+00	0.00e+00	8.1170e+00
3.97244e+16	5.4507e+03	6.466e-20	2.1544e+02	1.1336e+02	3.5000e-08	4.9797e-01	5.0203e-01	7.2453e-01	2.7545e-01	1.6835e-05	1.5992e-10	1.8082e-02	9.6133e-01	2.0588e-02	1.1755e-36	5.5643e-01	4.4350e-01	7.6701e-05	1.1755e-36	1.1755e-36	1.1755e-36	2.0358e-17	0.00e+00	0.00e+00	8.3002e+00
3.99853e+16	5.4114e+03	6.280e-20	2.1544e+02	1.1097e+02	3.9282e-08	5.0931e-01	4.9069e-01	7.2956e-01	2.7042e-01	1.6616e-05	1.7588e-10	1.7795e-02	9.6214e-01	2.0064e-02	1.1755e-36	5.6768e-01	4.3225e-01	7.1899e-05	1.1755e-36	1.1755e-36	1.1755e-36	2.3878e-17	0.00e+00	0.00e+00	8.4745e+00
4.02265e+16	5.3756e+03	6.104e-20	2.1544e+02	1.0864e+02	4.3618e-08	5.1956e-01	4.8044e-01	7.3395e-01	2.6604e-01	1.6450e-05	1.9156e-10	1.7507e-02	9.6288e-01	1.9612e-02	1.1755e-36	5.7779e-01	4.2214e-01	6.7777e-05	1.1755e-36	1.1755e-36	1.1755e-36	2.7611e-17	0.00e+00	0.00e+00	8.6375e+00
4.04579e+16	5.3414e+03	5.932e-20	2.1544e+02	1.0634e+02	4.8221e-08	5.2933e-01	4.7067e-01	7.3818e-01	2.6181e-01	1.6294e-05	2.0801e-10	1.7218e-02	9.6359e-01	1.9188e-02	1.1755e-36	5.8740e-01	4.1253e-01	6.4023e-05	1.1755e-36	1.1755e-36	1.1755e-36	3.1791e-17	0.00e+00	0.00e+00	8.8047e+00
4.06955e+16	5.2979e+03	5.758e-20	2.1544e+02	1.0402e+02	5.4137e-08	5.3979e-01	4.6021e-01	7.4258e-01	2.5740e-01	1.6119e-05	2.2803e-10	1.6928e-02	9.6434e-01	1.8737e-02	1.1755e-36	5.9764e-01	4.0230e-01	6.0298e-05	1.1755e-36	1.1755e-36	1.1755e-36	3.7346e-17	0.00e+00	0.00e+00	8.9832e+00
4.09284e+16	5.2545e+03	5.591e-20	2.1544e+02	1.0183e+02	6.0758e-08	5.5017e-01	4.4983e-01	7.4692e-01	2.5307e-01	1.5939e-05	2.5042e-10	1.6650e-02	9.6505e-01	1.8301e-02	1.1755e-36	6.0776e-01	3.9219e-01	5.6832e-05	1.1755e-36	1.1755e-36	1.1755e-36	4.4079e-17	0.00e+00	0.00e+00	9.1498e+00
4.11417e+16	5.2203e+03	5.433e-20	2.1544e+02	9.9679e+01	6.6892e-08	5.5912e-01	4.4088e-01	7.5051e-01	2.4948e-01	1.5829e-05	2.7108e-10	1.6368e-02	9.6569e-01	1.7943e-02	1.1755e-36	6.1645e-01	3.8350e-01	5.3911e-05	1.1755e-36	1.1755e-36	1.1755e-36	5.0767e-17	0.00e+00	0.00e+00	9.3051e+00
4.13552e+16	5.1739e+03	5.278e-20	2.1544e+02	9.7563e+01	7.5085e-08	5.6870e-01	4.3130e-01	7.5446e-01	2.4552e-01	1.5671e-05	2.9709e-10	1.6095e-02	9.6635e-01	1.7552e-02	1.1755e-36	6.2569e-01	3.7426e-01	5.1026e-05	1.1755e-36	1.1755e-36	1.1755e-36	5.9978e-17	0.00e+00	0.00e+00	9.4773e+00
4.15685e+16	5.1288e+03	5.126e-20	2.1544e+02	9.5532e+01	8.4194e-08	5.7828e-01	4.2172e-01	7.5834e-01	2.4165e-01	1.5513e-05	3.2634e-10	1.5830e-02	9.6700e-01	1.7172e-02	1.1755e-36	6.3492e-01	3.6504e-01	4.8290e-05	1.1755e-36	1.1755e-36	1.1755e-36	7.1227e-17	0.00e+00	0.00e+00	9.6379e+00
4.17649e+16	5.0932e+03	4.983e-20	2.1544e+02	9.3561e+01	9.2643e-08	5.8658e-01	4.1342e-01	7.6158e-01	2.3840e-01	1.5416e-05	3.5367e-10	1.5565e-02	9.6758e-01	1.6857e-02	1.1755e-36	6.4288e-01	3.5708e-01	4.5960e-05	1.1755e-36	1.1755e-36	1.1755e-36	8.2564e-17	0.00e+00	0.00e+00	9.7884e+00
4.19626e+16	5.0445e+03	4.842e-20	2.1544e+02	9.1590e+01	1.0414e-07	5.9550e-01	4.0450e-01	7.6516e-01	2.3482e-01	1.5274e-05	3.8881e-10	1.5305e-02	9.6818e-01	1.6511e-02	1.1755e-36	6.5139e-01	3.4856e-01	4.3642e-05	1.1755e-36	1.1755e-36	1.1755e-36	9.8604e-17	0.00e+00	0.00e+00	9.9559e+00
4.21597e+16	4.9981e+03	4.705e-20	2.1544e+02	8.9708e+01	1.1676e-07	6.0434e-01	3.9566e-01	7.6866e-01	2.3133e-01	1.5134e-05	4.2797e-10	1.5054e-02	9.6877e-01	1.6177e-02	1.1755e-36	6.5981e-01	3.4015e-01	4.1451e-05	1.1755e-36	1.1755e-36	1.1755e-36	1.1804e-16	0.00e+00	0.00e+00	1.0110e+01
4.23401e+16	4.9602e+03	4.577e-20	2.1544e+02	8.7903e+01	1.2858e-07	6.1199e-01	3.8801e-01	7.7157e-01	2.2841e-01	1.5048e-05	4.6124e-10	1.4807e-02	9.6931e-01	1.5887e-02	1.1755e-36	6.6706e-01	3.3290e-01	3.9584e-05	1.1755e-36	1.1755e-36	1.1755e-36	1.3561e-16	0.00e+00	0.00e+00	1.0254e+01
4.25210e+16	4.9101e+03	4.451e-20	2.1544e+02	8.6097e+01	1.4453e-07	6.2015e-01	3.7985e-01	7.7477e-01	2.2521e-01	1.4922e-05	5.0257e-10	1.4565e-02	9.6987e-01	1.5569e-02	1.1755e-36	6.7477e-01	3.2519e-01	3.7732e-05	1.1755e-36	1.1755e-36	1.1755e-36	1.5946e-16	0.00e+00	0.00e+00	1.0413e+01
4.27007e+16	4.8626e+03	4.330e-20	2.1544e+02	8.4381e+01	1.6194e-07	6.2819e-01	3.7181e-01	7.7790e-01	2.2209e-01	1.4797e-05	5.4783e-10	1.4333e-02	9.7040e-01	1.5262e-02	1.1755e-36	6.8235e-01	3.1761e-01	3.5981e-05	1.1755e-36	1.1755e-36	1.1755e-36	1.8768e-16	0.00e+00	0.00e+00	1.0559e+01
4.28655e+16	4.8243e+03	4.216e-20	2.1544e+02	8.2740e+01	1.7816e-07	6.3514e-01	3.6486e-01	7.8048e-01	2.1951e-01	1.4725e-05	5.8977e-10	1.4105e-02	9.7089e-01	1.5007e-02	1.1755e-36	6.8887e-01	3.1110e-01	3.4482e-05	1.1755e-36	1.1755e-36	1.1755e-36	2.1591e-16	0.00e+00	0.00e+00	1.0697e+01
4.30323e+16	4.7742e+03	4.105e-20	2.1544e+02	8.1093e+01	2.0019e-07	6.4261e-01	3.5739e-01	7.8340e-01	2.1658e-01	1.4607e-05	6.4280e-10	1.3882e-02	9.7140e-01	1.4721e-02	1.1755e-36	6.9587e-01	3.0410e-01	3.2972e-05	1.1755e-36	1.1755e-36	1.1755e-36	2.5483e-16	0.00e+00	0.00e+00	1.0849e+01
4.31989e+16	4.7265e+03	3.996e-20	2.1544e+02	7.9515e+01	2.2429e-07	6.5001e-01	3.4999e-01	7.8623e-01	2.1376e-01	1.4494e-05	7.0091e-10	1.3666e-02	9.7189e-01	1.4446e-02	1.1755e-36	7.0277e-01	2.9720e-01	3.1536e-05	1.1755e-36	1.1755e-36	1.1755e-36	3.0108e-16	0.00e+00	0.00e+00	1.0989e+01
4.33520e+16	4.6875e+03	3.894e-20	2.1544e+02	7.8011e+01	2.4689e-07	6.5638e-01	3.4362e-01	7.8857e-01	2.1141e-01	1.4430e-05	7.5503e-10	1.3455e-02	9.7233e-01	1.4216e-02	1.1755e-36	7.0871e-01	2.9126e-01	3.0301e-05	1.1755e-36	1.1755e-36	1.1755e-36	3.4765e-16	0.00e+00	0.00e+00	1.1121e+01
4.35064e+16	4.6342e+03	3.796e-20	2.1544e+02	7.6550e+01	2.7923e-07	6.6351e-01	3.3649e-01	7.9140e-01	2.0858e-01	1.4295e-05	8.2762e-10	1.3259e-02	9.7279e-01	1.3946e-02	1.1755e-36	7.1532e-01	2.8465e-01	2.9033e-05	1.1755e-36	1.1755e-36	1.1755e-36	4.1593e-16	0.00e+00	0.00e+00	1.1267e+01
4.36567e+16	4.6002e+03	3.698e-20	2.1544e+02	7.5076e+01	3.0485e-07	6.6943e-01	3.3057e-01	7.9345e-01	2.0653e-01	1.4263e-05	8.8812e-10	1.3046e-02	9.7321e-01	1.3742e-02	1.1755e-36	7.2078e-01	2.7919e-01	2.7939e-05	1.1755e-36	1.1755e-36	1.1755e-36	4.7707e-16	0.00e+00	0.00e+00	1.1394e+01
4.38092e+16	4.5509e+03	3.601e-20	2.1544e+02	7.3598e+01	3.4260e-07	6.7607e-01	3.2393e-01	7.9603e-01	2.0395e-01	1.4161e-05	9.7070e-10	1.2842e-02	9.7366e-01	1.3495e-02	1.1755e-36	7.2691e-01	2.7306e-01	2.6798e-05	1.1755e-36	1.1755e-36	1.1755e-36	5.6804e-16	0.00e+00	0.00e+00	1.1546e+01
4.39672e+16	4.5019e+03	3.504e-20	2.1544e+02	7.2108e+01	3.8557e-07	6.8279e-01	3.1721e-01	7.9853e-01	2.0146e-01	1.4072e-05	1.0637e-09	1.2635e-02	9.7411e-01	1.3256e-02	1.1755e-36	7.3309e-01	2.6688e-01	2.5687e-05	1.1755e-36	1.1755e-36	1.1755e-36	6.8017e-16	0.00e+00	0.00e+00	1.1686e+01
4.41098e+16	4.4506e+03	3.418e-20	2.1544e+02	7.0767e+01	4.3502e-07	6.8903e-01	3.1097e-01	8.0090e-01	1.9909e-01	1.3971e-05	1.1653e-09	1.2453e-02	9.7452e-01	1.3031e-02	1.1755e-36	7.3883e-01	2.6114e-01	2.4710e-05	1.1755e-36	1.1755e-36	1.1755e-36	8.1546e-16	0.00e+00	0.00e+00	1.1812e+01
4.42366e+16	4.4167e+03	3.341e-20	2.1544e+02	6.9593e+01	4.7419e-07	6.9411e-01	3.0589e-01	8.0271e-01	1.9727e-01	1.3924e-05	1.2502e-09	1.2284e-02	9.7486e-01	1.2855e-02	1.1755e-36	7.4347e-01	2.5650e-01	2.3895e-05	1.1755e-36	1.1755e-36	1.1755e-36	9.3614e-16	0.00e+00	0.00e+00	1.1924e+01
4.43678e+16	4.3701e+03	3.262e-20	2.1544e+02	6.8348e+01	5.3017e-07	6.9974e-01	3.0026e-01	8.0490e-01	1.9508e-01	1.3834e-05	1.3632e-09	1.2112e-02	9.7524e-01	1.2649e-02	1.1755e-36	7.4862e-01	2.5136e-01	2.3041e-05	1.1755e-36	1.1755e-36	1.1755e-36	1.1112e-15	0.00e+00	0.00e+00	1.2061e+01
4.45077e+16	4.3215e+03	3.181e-20	2.1544e+02	6.7084e+01	5.9673e-07	7.0571e-01	2.9429e-01	8.0719e-01	1.9280e-01	1.3735e-05	1.4970e-09	1.1939e-02	9.7562e-01	1.2437e-02	1.1755e-36	7.5406e-01	2.4592e-01	2.2169e-05	1.1755e-36	1.1755e-36	1.1755e-36	1.3375e-15	0.00e+00	0.00e+00	1.2192e+01
4.46367e+16	4.2739e+03	3.107e-20	2.1544e+02	6.5865e+01	6.6897e-07	7.1105e-01	2.8895e-01	8.0916e-01	1.9083e-01	1.3663e-05	1.6350e-09	1.1770e-02	9.7598e-01	1.2250e-02	1.1755e-36	7.5893e-01	2.4105e-01	2.1411e-05	1.1755e-36	1.1755e-36	1.1755e-36	1.5960e-15	0.00e+00	0.00e+00	1.2310e+01
4.47542e+16	4.2363e+03	3.041e-20	2.1544e+02	6.4801e+01	7.3497e-07	7.1578e-01	2.8421e-01	8.1089e-01	1.8909e-01	1.3606e-05	1.7649e-09	1.1620e-02	9.7629e-01	1.2087e-02	1.1755e-36	7.6321e-01	2.3676e-01	2.0740e-05	1.1755e-36	1.1755e-36	1.1755e-36	1.8569e-15	0.00e+00	0.00e+00	1.2420e+01
4.48736e+16	4.1873e+03	2.974e-20	2.1544e+02	6.3733e+01	8.2725e-07	7.2102e-01	2.7898e-01	8.1298e-01	1.8700e-01	1.3499e-05	1.9373e-09	1.1477e-02	9.7663e-01	1.1896e-02	1.1755e-36	7.6796e-01	2.3202e-01	2.0044e-05	1.1755e-36	1.1755e-36	1.1755e-36	2.2353e-15	0.00e+00	0.00e+00	1.2543e+01
4.49929e+16	4.1506e+03	2.908e-20	2.1544e+02	6.2629e+01	9.0795e-07	7.2555e-01	2.7445e-01	8.1457e-01	1.8541e-01	1.3465e-05	2.0909e-09	1.1319e-02	9.7694e-01	1.1745e-02	1.1755e-36	7.7205e-01	2.2793e-01	1.9421e-05	1.1755e-36	1.1755e-36	1.1755e-36	2.6010e-15	0.00e+00	0.00e+00	1.2654e+01
4.51127e+16	4.1029e+03	2.842e-20	2.1544e+02	6.1525e+01	1.0200e-06	7.3051e-01	2.6949e-01	8.1649e-01	1.8350e-01	1.3384e-05	2.2933e-09	1.1168e-02	9.7726e-01	1.1569e-02	1.1755e-36	7.7653e-01	2.2345e-01	1.8780e-05	1.1755e-36	1.1755e-36	1.1755e-36	3.1275e-15	0.00e+00	0.00e+00	1.2780e+01
4.52339e+16	4.0572e+03	2.778e-20	2.1544e+02	6.0480e+01	1.1433e-06	7.3556e-01	2.6444e-01	8.1839e-01	1.8159e-01	1.3298e-05	2.5181e-09	1.1026e-02	9.7758e-01	1.1395e-02	1.1755e-36	7.8107e-01	2.1891e-01	1.8147e-05	1.1755e-36	1.1755e-36	1.1755e-36	3.7647e-15	0.00e+00	0.00e+00	1.2896e+01
4.53453e+16	4.0196e+03	2.718e-20	2.1544e+02	5.9465e+01	1.2572e-06	7.3983e-01	2.6016e-01	8.1989e-01	1.8010e-01	1.3261e-05	2.7240e-09	1.0882e-02	9.7786e-01	1.1255e-02	1.1755e-36	7.8492e-01	2.1506e-01	1.7604e-05	1.1755e-36	1.1755e-36	1.1755e-36	4.4009e-15	0.00e+00	0.00e+00	1.3004e+01
4.54579e+16	3.9734e+03	2.657e-20	2.1544e+02	5.8415e+01	1.4091e-06	7.4453e-01	2.5547e-01	8.2156e-01	1.7842e-01	1.3200e-05	2.9873e-09	1.0740e-02	9.7816e-01	1.1100e-02	1.1755e-36	7.8912e-01	2.1086e-01	1.7043e-05	1.1755e-36	1.1755e-36	1.1755e-36	5.2918e-15	0.00e+00	0.00e+00	1.3124e+01
