#depth	Te	Htot	hden	eden	2H_2/H	HI	HII	HeI	HeII	HeIII	CO/C	C1	C2	C3	C4	O1	O2	O3	O4	O5	O6	H2O/O	AV(point)	AV(extend)	Tau912
3.23553e+12	7.6697e+03	8.075e-18	1.6681e+03	1.8001e+03	2.0379e-14	5.3322e-03	9.9467e-01	2.8564e-02	9.7034e-01	1.1003e-03	4.8475e-16	5.6467e-04	3.5175e-01	6.4743e-01	2.5175e-04	4.6272e-03	7.6236e-01	2.3296e-01	5.6018e-05	1.1755e-36	1.1755e-36	3.0871e-24	0.00e+00	0.00e+00	3.6343e-04
1.94132e+13	7.6668e+03	8.070e-18	1.6681e+03	1.7998e+03	2.0397e-14	5.3294e-03	9.9467e-01	2.8566e-02	9.7033e-01	1.0993e-03	4.8411e-16	5.6369e-04	3.5177e-01	6.4741e-01	2.5232e-04	4.6246e-03	7.6230e-01	2.3302e-01	5.5848e-05	1.1755e-36	1.1755e-36	3.0802e-24	0.00e+00	0.00e+00	1.8164e-03
8.41237e+13	7.6596e+03	8.055e-18	1.6681e+03	1.7998e+03	2.0465e-14	5.3268e-03	9.9467e-01	2.8598e-02	9.7031e-01	1.0917e-03	4.8413e-16	5.6278e-04	3.5206e-01	6.4713e-01	2.5164e-04	4.6247e-03	7.6254e-01	2.3278e-01	5.4997e-05	1.1755e-36	1.1755e-36	3.0746e-24	0.00e+00	0.00e+00	7.6254e-03
3.42966e+14	7.6459e+03	8.005e-18	1.6681e+03	1.7997e+03	2.0629e-14	5.3275e-03	9.9467e-01	2.8742e-02	9.7020e-01	1.0538e-03	4.8649e-16	5.6338e-04	3.5329e-01	6.4589e-01	2.4852e-04	4.6366e-03	7.6378e-01	2.3153e-01	5.1619e-05	1.1755e-36	1.1755e-36	3.0741e-24	0.00e+00	0.00e+00	3.0865e-02
8.19236e+14	7.5856e+03	7.840e-18	1.6681e+03	1.7998e+03	2.0723e-14	5.2481e-03	9.9475e-01	2.8782e-02	9.7019e-01	1.0269e-03	4.7200e-16	5.5794e-04	3.5396e-01	6.4524e-01	2.4593e-04	4.5769e-03	7.6429e-01	2.3109e-01	4.7734e-05	1.1755e-36	1.1755e-36	2.9141e-24	0.00e+00	0.00e+00	6.0625e-02
1.43839e+15	7.5255e+03	7.682e-18	1.6681e+03	1.7999e+03	2.0983e-14	5.1910e-03	9.9481e-01	2.8930e-02	9.7011e-01	9.6383e-04	4.6313e-16	5.5650e-04	3.5549e-01	6.4372e-01	2.4083e-04	4.5438e-03	7.6578e-01	2.2963e-01	4.2628e-05	1.1755e-36	1.1755e-36	2.7968e-24	0.00e+00	0.00e+00	9.8894e-02
2.24328e+15	7.4621e+03	7.520e-18	1.6681e+03	1.7999e+03	2.1446e-14	5.1531e-03	9.9485e-01	2.9207e-02	9.6993e-01	8.6668e-04	4.5929e-16	5.5824e-04	3.5803e-01	6.4118e-01	2.3319e-04	4.5358e-03	7.6839e-01	2.2704e-01	3.6433e-05	1.1755e-36	1.1755e-36	2.7130e-24	0.00e+00	0.00e+00	1.4828e-01
3.28965e+15	7.3923e+03	7.354e-18	1.6681e+03	1.7999e+03	2.2216e-14	5.1404e-03	9.9486e-01	2.9666e-02	9.6960e-01	7.3750e-04	4.6189e-16	5.6360e-04	3.6199e-01	6.3722e-01	2.2270e-04	4.5607e-03	7.7245e-01	2.2296e-01	2.9391e-05	1.1755e-36	1.1755e-36	2.6673e-24	0.00e+00	0.00e+00	2.1232e-01
4.64992e+15	7.3219e+03	7.183e-18	1.6681e+03	1.7998e+03	2.3313e-14	5.1603e-03	9.9484e-01	3.0369e-02	9.6905e-01	5.8462e-04	4.7313e-16	5.7430e-04	3.6783e-01	6.3138e-01	2.0943e-04	4.6288e-03	7.7838e-01	2.1697e-01	2.1987e-05	1.1755e-36	1.1755e-36	2.6724e-24	0.00e+00	0.00e+00	2.9590e-01
6.41828e+15	7.2490e+03	7.014e-18	1.6681e+03	1.7995e+03	2.4991e-14	5.2328e-03	9.9477e-01	3.1455e-02	9.6812e-01	4.2295e-04	4.9851e-16	5.9286e-04	3.7648e-01	6.2274e-01	1.9331e-04	4.7639e-03	7.8682e-01	2.0840e-01	1.4885e-05	1.1755e-36	1.1755e-36	2.7578e-24	0.00e+00	0.00e+00	4.0608e-01
8.71714e+15	7.1789e+03	6.854e-18	1.6681e+03	1.7991e+03	2.7539e-14	5.3860e-03	9.9461e-01	3.3138e-02	9.6659e-01	2.7276e-04	5.4747e-16	6.2339e-04	3.8924e-01	6.0996e-01	1.7450e-04	5.0009e-03	7.9853e-01	1.9646e-01	8.8403e-06	1.1755e-36	1.1755e-36	2.9778e-24	0.00e+00	0.00e+00	5.5351e-01
1.17057e+16	7.1127e+03	6.718e-18	1.6681e+03	1.7983e+03	3.1710e-14	5.6758e-03	9.9432e-01	3.5835e-02	9.6401e-01	1.5249e-04	6.4112e-16	6.7358e-04	4.0842e-01	5.9075e-01	1.5276e-04	5.4080e-03	8.1457e-01	1.8002e-01	4.4164e-06	1.1755e-36	1.1755e-36	3.4561e-24	0.00e+00	0.00e+00	7.5548e-01
1.55907e+16	7.0503e+03	6.629e-18	1.6681e+03	1.7963e+03	3.9245e-14	6.2096e-03	9.9379e-01	4.0344e-02	9.5959e-01	7.1491e-05	8.2968e-16	7.5741e-04	4.3789e-01	5.6123e-01	1.2739e-04	6.1189e-03	8.3628e-01	1.5760e-01	1.7516e-06	1.1755e-36	1.1755e-36	4.4980e-24	0.00e+00	0.00e+00	1.0427e+00
1.95299e+16	7.0228e+03	6.579e-18	1.6681e+03	1.7944e+03	4.8509e-14	6.8796e-03	9.9312e-01	4.6084e-02	9.5388e-01	3.2950e-05	1.0973e-15	8.5738e-04	4.7113e-01	5.2791e-01	1.0516e-04	6.9991e-03	8.5744e-01	1.3556e-01	6.7703e-07	1.1755e-36	1.1755e-36	6.0576e-24	0.00e+00	0.00e+00	1.2954e+00
2.25802e+16	7.0233e+03	6.614e-18	1.6681e+03	1.7923e+03	5.9090e-14	7.6217e-03	9.9238e-01	5.2277e-02	9.4771e-01	1.8391e-05	1.4433e-15	9.5927e-04	5.0259e-01	4.9636e-01	8.8277e-05	7.9517e-03	8.7458e-01	1.1747e-01	3.1613e-07	1.1755e-36	1.1755e-36	8.2314e-24	0.00e+00	0.00e+00	1.5052e+00
2.49845e+16	7.0367e+03	6.681e-18	1.6681e+03	1.7901e+03	7.0864e-14	8.3998e-03	9.9160e-01	5.8775e-02	9.4121e-01	1.1733e-05	1.8691e-15	1.0590e-03	5.3169e-01	4.6718e-01	7.5020e-05	8.9422e-03	8.8846e-01	1.0259e-01	1.6886e-07	1.1755e-36	1.1755e-36	1.1081e-23	0.00e+00	0.00e+00	1.6994e+00
2.71120e+16	7.0546e+03	6.767e-18	1.6681e+03	1.7877e+03	8.5223e-14	9.2722e-03	9.9073e-01	6.6203e-02	9.3379e-01	7.9187e-06	2.4289e-15	1.1643e-03	5.6097e-01	4.3780e-01	6.3436e-05	1.0050e-02	9.0075e-01	8.9201e-02	1.1755e-36	1.1755e-36	1.1755e-36	1.5060e-23	0.00e+00	0.00e+00	1.9006e+00
2.91313e+16	7.0714e+03	6.871e-18	1.6681e+03	1.7844e+03	1.0413e-13	1.0305e-02	9.8969e-01	7.5171e-02	9.2482e-01	5.4610e-06	3.2041e-15	1.2799e-03	5.9186e-01	4.0681e-01	5.2774e-05	1.1359e-02	9.1210e-01	7.6543e-02	1.1755e-36	1.1755e-36	1.1755e-36	2.0908e-23	0.00e+00	0.00e+00	2.1154e+00
3.10448e+16	7.0954e+03	6.991e-18	1.6681e+03	1.7807e+03	1.2836e-13	1.1526e-02	9.8847e-01	8.6166e-02	9.1383e-01	3.8572e-06	4.2855e-15	1.4057e-03	6.2417e-01	3.7438e-01	4.3123e-05	1.2904e-02	9.2236e-01	6.4739e-02	1.1755e-36	1.1755e-36	1.1755e-36	2.9643e-23	0.00e+00	0.00e+00	2.3398e+00
3.28181e+16	7.1231e+03	7.120e-18	1.6681e+03	1.7764e+03	1.5933e-13	1.2946e-02	9.8705e-01	9.9460e-02	9.0054e-01	2.7992e-06	5.7774e-15	1.5382e-03	6.5701e-01	3.4142e-01	3.4661e-05	1.4698e-02	9.3123e-01	5.4075e-02	1.1755e-36	1.1755e-36	1.1755e-36	4.2597e-23	0.00e+00	0.00e+00	2.5713e+00
3.44557e+16	7.1527e+03	7.256e-18	1.6681e+03	1.7714e+03	1.9919e-13	1.4594e-02	9.8541e-01	1.1560e-01	8.8440e-01	2.0795e-06	7.8414e-15	1.6756e-03	6.8996e-01	3.0833e-01	2.7365e-05	1.6777e-02	9.3864e-01	4.4581e-02	1.1755e-36	1.1755e-36	1.1755e-36	6.1920e-23	0.00e+00	0.00e+00	2.8138e+00
3.59948e+16	7.1905e+03	7.397e-18	1.6681e+03	1.7662e+03	2.5091e-13	1.6543e-02	9.8346e-01	1.3582e-01	8.6417e-01	1.5730e-06	1.0786e-14	1.8195e-03	7.2325e-01	2.7491e-01	2.1082e-05	1.9233e-02	9.4468e-01	3.6092e-02	1.1755e-36	1.1755e-36	1.1755e-36	9.1901e-23	0.00e+00	0.00e+00	3.0753e+00
3.74537e+16	7.2228e+03	7.553e-18	1.6681e+03	1.7604e+03	3.2426e-13	1.8909e-02	9.8109e-01	1.6175e-01	8.3825e-01	1.1996e-06	1.5186e-14	1.9674e-03	7.5689e-01	2.4113e-01	1.5722e-05	2.2206e-02	9.4925e-01	2.8549e-02	1.1755e-36	1.1755e-36	1.1755e-36	1.4115e-22	0.00e+00	0.00e+00	3.3576e+00
3.87822e+16	7.2411e+03	7.698e-18	1.6681e+03	1.7487e+03	4.2155e-13	2.1661e-02	9.7834e-01	1.9307e-01	8.0693e-01	9.2005e-07	2.1193e-14	2.1106e-03	7.8873e-01	2.0915e-01	1.1483e-05	2.5655e-02	9.5208e-01	2.2265e-02	1.1755e-36	1.1755e-36	1.1755e-36	2.1260e-22	0.00e+00	0.00e+00	3.6405e+00
3.99375e+16	7.2651e+03	7.847e-18	1.6681e+03	1.7413e+03	5.4727e-13	2.4767e-02	9.7523e-01	2.3068e-01	7.6932e-01	7.2661e-07	2.9704e-14	2.2470e-03	8.1761e-01	1.8014e-01	8.2859e-06	2.9533e-02	9.5322e-01	1.7244e-02	1.1755e-36	1.1755e-36	1.1755e-36	3.2450e-22	0.00e+00	0.00e+00	3.9198e+00
4.09321e+16	7.2856e+03	7.969e-18	1.6681e+03	1.7307e+03	7.0252e-13	2.8124e-02	9.7188e-01	2.7320e-01	7.2680e-01	5.8264e-07	4.0888e-14	2.3637e-03	8.4257e-01	1.5506e-01	5.9799e-06	3.3715e-02	9.5292e-01	1.3364e-02	1.1755e-36	1.1755e-36	1.1755e-36	4.8296e-22	0.00e+00	0.00e+00	4.1919e+00
4.18048e+16	7.3015e+03	8.067e-18	1.6681e+03	1.7183e+03	8.9673e-13	3.1783e-02	9.6822e-01	3.2098e-01	6.7902e-01	4.7014e-07	5.5707e-14	2.4646e-03	8.6417e-01	1.3337e-01	4.3051e-06	3.8260e-02	9.5140e-01	1.0340e-02	1.1755e-36	1.1755e-36	1.1755e-36	7.0780e-22	0.00e+00	0.00e+00	4.4687e+00
4.26026e+16	7.3130e+03	8.150e-18	1.6681e+03	1.7045e+03	1.1500e-12	3.5930e-02	9.6407e-01	3.7559e-01	6.2441e-01	3.7715e-07	7.6185e-14	2.5539e-03	8.8329e-01	1.1415e-01	3.0585e-06	4.3397e-02	9.4869e-01	7.9143e-03	1.1755e-36	1.1755e-36	1.1755e-36	1.0393e-21	0.00e+00	0.00e+00	4.7597e+00
4.33437e+16	7.3231e+03	8.212e-18	1.6681e+03	1.6885e+03	1.4834e-12	4.0688e-02	9.5931e-01	4.3722e-01	5.6278e-01	2.9907e-07	1.0496e-13	2.6306e-03	9.0011e-01	9.7253e-02	2.1399e-06	4.9270e-02	9.4476e-01	5.9730e-03	1.1755e-36	1.1755e-36	1.1755e-36	1.5348e-21	0.00e+00	0.00e+00	5.0654e+00
4.40295e+16	7.3294e+03	8.254e-18	1.6681e+03	1.6705e+03	1.9266e-12	4.6153e-02	9.5385e-01	5.0423e-01	4.9577e-01	2.3370e-07	1.4562e-13	2.6940e-03	9.1458e-01	8.2727e-02	1.4797e-06	5.5993e-02	9.3956e-01	4.4521e-03	1.1755e-36	1.1755e-36	1.1755e-36	2.2789e-21	0.00e+00	0.00e+00	5.3854e+00
4.46659e+16	7.3322e+03	8.275e-18	1.6681e+03	1.6506e+03	2.5215e-12	5.2461e-02	9.4754e-01	5.7400e-01	4.2600e-01	1.7947e-07	2.0342e-13	2.7443e-03	9.2679e-01	7.0462e-02	1.0139e-06	6.3725e-02	9.3300e-01	3.2800e-03	1.1755e-36	1.1755e-36	1.1755e-36	3.4079e-21	0.00e+00	0.00e+00	5.7250e+00
4.52668e+16	7.3334e+03	8.254e-18	1.6681e+03	1.6247e+03	3.3160e-12	5.9746e-02	9.4025e-01	6.4342e-01	3.5658e-01	1.3477e-07	2.8431e-13	2.7743e-03	9.3694e-01	6.0282e-02	6.9029e-07	7.2622e-02	9.2499e-01	2.3864e-03	1.1755e-36	1.1755e-36	1.1755e-36	5.0866e-21	0.00e+00	0.00e+00	6.0945e+00
4.58519e+16	7.3289e+03	8.229e-18	1.6681e+03	1.5997e+03	4.4875e-12	6.8799e-02	9.3120e-01	7.1166e-01	2.8834e-01	9.8252e-08	4.0855e-13	2.7998e-03	9.4573e-01	5.1465e-02	4.5872e-07	8.3626e-02	9.1468e-01	1.6929e-03	1.1755e-36	1.1755e-36	1.1755e-36	7.9235e-21	0.00e+00	0.00e+00	6.5171e+00
4.64269e+16	7.3219e+03	8.181e-18	1.6681e+03	1.5720e+03	6.2508e-12	8.0231e-02	9.1977e-01	7.7472e-01	2.2528e-01	6.9597e-08	6.0131e-13	2.8142e-03	9.5324e-01	4.3945e-02	2.9782e-07	9.7448e-02	9.0138e-01	1.1683e-03	1.1755e-36	1.1755e-36	1.1755e-36	1.2865e-20	0.00e+00	0.00e+00	6.9962e+00
4.69811e+16	7.3129e+03	8.087e-18	1.6681e+03	1.5386e+03	8.9216e-12	9.4495e-02	9.0550e-01	8.2813e-01	1.7187e-01	4.8491e-08	8.9638e-13	2.8104e-03	9.5947e-01	3.7715e-02	1.9108e-07	1.1459e-01	8.8462e-01	7.9056e-04	1.1755e-36	1.1755e-36	1.1755e-36	2.1572e-20	0.00e+00	0.00e+00	7.5349e+00
4.75105e+16	7.2955e+03	7.956e-18	1.6681e+03	1.5024e+03	1.3153e-11	1.1267e-01	8.8733e-01	8.7082e-01	1.2918e-01	3.3626e-08	1.3597e-12	2.7946e-03	9.6477e-01	3.2433e-02	1.1755e-36	1.3624e-01	8.6323e-01	5.2503e-04	1.1755e-36	1.1755e-36	1.1755e-36	3.7756e-20	0.00e+00	0.00e+00	8.1491e+00
4.80104e+16	7.2696e+03	7.748e-18	1.6681e+03	1.4576e+03	1.9958e-11	1.3553e-01	8.6447e-01	9.0316e-01	9.6839e-02	2.3521e-08	2.0823e-12	2.7564e-03	9.6927e-01	2.7976e-02	1.1755e-36	1.6324e-01	8.3642e-01	3.4427e-04	1.1755e-36	1.1755e-36	1.1755e-36	6.8242e-20	0.00e+00	0.00e+00	8.8376e+00
4.84711e+16	7.2291e+03	7.463e-18	1.6681e+03	1.4064e+03	3.1148e-11	1.6410e-01	8.3590e-01	9.2653e-01	7.3466e-02	1.6899e-08	3.2140e-12	2.6992e-03	9.7316e-01	2.4140e-02	1.1755e-36	1.9655e-01	8.0322e-01	2.2443e-04	1.1755e-36	1.1755e-36	1.1755e-36	1.2701e-19	0.00e+00	0.00e+00	9.5966e+00
4.88845e+16	7.1708e+03	7.084e-18	1.6681e+03	1.3467e+03	4.9542e-11	1.9861e-01	8.0139e-01	9.4289e-01	5.7109e-02	1.2639e-08	4.9440e-12	2.6193e-03	9.7652e-01	2.0862e-02	1.1755e-36	2.3621e-01	7.6364e-01	1.4702e-04	1.1755e-36	1.1755e-36	1.1755e-36	2.3874e-19	0.00e+00	0.00e+00	1.0408e+01
4.92477e+16	7.0914e+03	6.613e-18	1.6681e+03	1.2781e+03	7.9412e-11	2.3859e-01	7.6141e-01	9.5419e-01	4.5809e-02	9.9117e-09	7.4827e-12	2.5162e-03	9.7940e-01	1.8080e-02	1.1755e-36	2.8136e-01	7.1854e-01	9.7693e-05	1.1755e-36	1.1755e-36	1.1755e-36	4.4287e-19	0.00e+00	0.00e+00	1.1258e+01
4.95431e+16	6.9975e+03	6.109e-18	1.6681e+03	1.2077e+03	1.2369e-10	2.8043e-01	7.1957e-01	9.6153e-01	3.8468e-02	8.2674e-09	1.0819e-11	2.4023e-03	9.8172e-01	1.5880e-02	1.1755e-36	3.2773e-01	6.7220e-01	6.7917e-05	1.1755e-36	1.1755e-36	1.1755e-36	7.7347e-19	0.00e+00	0.00e+00	1.2004e+01
4.97558e+16	6.9058e+03	5.665e-18	1.6681e+03	1.1459e+03	1.7710e-10	3.1684e-01	6.8316e-01	9.6585e-01	3.4145e-02	7.3709e-09	1.4342e-11	2.2980e-03	9.8337e-01	1.4336e-02	1.1755e-36	3.6736e-01	6.3259e-01	5.1262e-05	1.1755e-36	1.1755e-36	1.1755e-36	1.1896e-18	0.00e+00	0.00e+00	1.2581e+01
4.99064e+16	6.8251e+03	5.311e-18	1.6681e+03	1.0968e+03	2.3337e-10	3.4601e-01	6.5399e-01	9.6859e-01	3.1415e-02	6.8316e-09	1.7632e-11	2.2131e-03	9.8453e-01	1.3258e-02	1.1755e-36	3.9865e-01	6.0131e-01	4.1547e-05	1.1755e-36	1.1755e-36	1.1755e-36	1.6335e-18	0.00e+00	0.00e+00	1.3049e+01
5.00279e+16	6.7460e+03	5.004e-18	1.6681e+03	1.0543e+03	2.9638e-10	3.7171e-01	6.2829e-01	9.7060e-01	2.9399e-02	6.4441e-09	2.0911e-11	2.1385e-03	9.8547e-01	1.2390e-02	1.1755e-36	4.2586e-01	5.7410e-01	3.4798e-05	1.1755e-36	1.1755e-36	1.1755e-36	2.1247e-18	0.00e+00	0.00e+00	1.3497e+01
5.01421e+16	6.6641e+03	4.694e-18	1.6681e+03	1.0107e+03	3.7467e-10	3.9732e-01	6.0268e-01	9.7237e-01	2.7634e-02	6.1242e-09	2.4553e-11	2.0611e-03	9.8634e-01	1.1597e-02	1.1755e-36	4.5268e-01	5.4729e-01	2.9305e-05	1.1755e-36	1.1755e-36	1.1755e-36	2.7237e-18	0.00e+00	0.00e+00	1.3973e+01
5.02517e+16	6.5728e+03	4.386e-18	1.6681e+03	9.6658e+02	4.7625e-10	4.2359e-01	5.7641e-01	9.7391e-01	2.6094e-02	5.8598e-09	2.8713e-11	1.9818e-03	9.8717e-01	1.0852e-02	1.1755e-36	4.7987e-01	5.2010e-01	2.4732e-05	1.1755e-36	1.1755e-36	1.1755e-36	3.4728e-18	0.00e+00	0.00e+00	1.4444e+01
5.03507e+16	6.4796e+03	4.097e-18	1.6681e+03	9.2449e+02	5.9933e-10	4.4866e-01	5.5134e-01	9.7515e-01	2.4845e-02	5.6632e-09	3.3117e-11	1.9055e-03	9.8790e-01	1.0195e-02	1.1755e-36	5.0551e-01	4.9446e-01	2.1134e-05	1.1755e-36	1.1755e-36	1.1755e-36	4.3377e-18	0.00e+00	0.00e+00	1.4881e+01
5.04376e+16	6.3882e+03	3.839e-18	1.6681e+03	8.8593e+02	7.4183e-10	4.7164e-01	5.2836e-01	9.7616e-01	2.3838e-02	5.5174e-09	3.7562e-11	1.8349e-03	9.8853e-01	9.6305e-03	1.1755e-36	5.2878e-01	4.7120e-01	1.8347e-05	1.1755e-36	1.1755e-36	1.1755e-36	5.2819e-18	0.00e+00	0.00e+00	1.5285e+01
5.05156e+16	6.2975e+03	3.603e-18	1.6681e+03	8.5011e+02	9.0785e-10	4.9301e-01	5.0699e-01	9.7701e-01	2.2993e-02	5.4049e-09	4.2073e-11	1.7689e-03	9.8910e-01	9.1320e-03	1.1755e-36	5.5020e-01	4.4979e-01	1.6112e-05	1.1755e-36	1.1755e-36	1.1755e-36	6.3103e-18	0.00e+00	0.00e+00	1.5673e+01
5.05884e+16	6.2050e+03	3.381e-18	1.6681e+03	8.1573e+02	1.1070e-09	5.1351e-01	4.8649e-01	9.7775e-01	2.2254e-02	5.3156e-09	4.6776e-11	1.7052e-03	9.8962e-01	8.6752e-03	1.1755e-36	5.7056e-01	4.2943e-01	1.4238e-05	1.1755e-36	1.1755e-36	1.1755e-36	7.4552e-18	0.00e+00	0.00e+00	1.6056e+01
5.06574e+16	6.1097e+03	3.172e-18	1.6681e+03	7.8238e+02	1.3491e-09	5.3340e-01	4.6660e-01	9.7840e-01	2.1599e-02	5.2462e-09	5.1717e-11	1.6431e-03	9.9011e-01	8.2512e-03	1.1755e-36	5.9014e-01	4.0984e-01	1.2637e-05	1.1755e-36	1.1755e-36	1.1755e-36	8.7369e-18	0.00e+00	0.00e+00	1.6434e+01
5.07130e+16	6.0295e+03	3.008e-18	1.6681e+03	7.5562e+02	1.5883e-09	5.4942e-01	4.5058e-01	9.7885e-01	2.1146e-02	5.2123e-09	5.5997e-11	1.5930e-03	9.9048e-01	7.9300e-03	1.1755e-36	6.0579e-01	3.9419e-01	1.1496e-05	1.1755e-36	1.1755e-36	1.1755e-36	9.9148e-18	0.00e+00	0.00e+00	1.6688e+01
5.07525e+16	5.9598e+03	2.894e-18	1.6681e+03	7.3710e+02	1.8137e-09	5.6159e-01	4.3841e-01	9.7921e-01	2.0792e-02	5.1701e-09	5.9567e-11	1.5590e-03	9.9076e-01	7.6853e-03	1.1755e-36	6.1762e-01	3.8237e-01	1.0711e-05	1.1755e-36	1.1755e-36	1.1755e-36	1.0947e-17	0.00e+00	0.00e+00	1.6896e+01
5.07884e+16	5.9135e+03	2.783e-18	1.6681e+03	7.1825e+02	2.0046e-09	5.7161e-01	4.2839e-01	9.7947e-01	2.0534e-02	5.1718e-09	6.2385e-11	1.5224e-03	9.9099e-01	7.4916e-03	1.1755e-36	6.2728e-01	3.7271e-01	1.0064e-05	1.1755e-36	1.1755e-36	1.1755e-36	1.1784e-17	0.00e+00	0.00e+00	1.7116e+01
5.08294e+16	5.8372e+03	2.660e-18	1.6681e+03	6.9732e+02	2.3148e-09	5.8422e-01	4.1578e-01	9.7983e-01	2.0170e-02	5.1393e-09	6.6319e-11	1.4833e-03	9.9127e-01	7.2452e-03	1.1755e-36	6.3941e-01	3.6058e-01	9.3317e-06	1.1755e-36	1.1755e-36	1.1755e-36	1.2997e-17	0.00e+00	0.00e+00	1.7397e+01
5.08749e+16	5.7561e+03	2.528e-18	1.6681e+03	6.7436e+02	2.7060e-09	5.9790e-01	4.0210e-01	9.8018e-01	1.9823e-02	5.1226e-09	7.0816e-11	1.4399e-03	9.9157e-01	6.9880e-03	1.1755e-36	6.5250e-01	3.4749e-01	8.5927e-06	1.1755e-36	1.1755e-36	1.1755e-36	1.4455e-17	0.00e+00	0.00e+00	1.7682e+01
5.09182e+16	5.6753e+03	2.405e-18	1.6681e+03	6.5257e+02	3.1576e-09	6.1092e-01	3.8908e-01	9.8049e-01	1.9514e-02	5.1136e-09	7.5367e-11	1.3986e-03	9.9185e-01	6.7500e-03	1.1755e-36	6.6488e-01	3.3512e-01	7.9434e-06	1.1755e-36	1.1755e-36	1.1755e-36	1.6005e-17	0.00e+00	0.00e+00	1.7947e+01
5.09582e+16	5.5962e+03	2.293e-18	1.6681e+03	6.3232e+02	3.6671e-09	6.2303e-01	3.7697e-01	9.8076e-01	1.9237e-02	5.1084e-09	7.9864e-11	1.3601e-03	9.9211e-01	6.5328e-03	1.1755e-36	6.7633e-01	3.2366e-01	7.3806e-06	1.1755e-36	1.1755e-36	1.1755e-36	1.7614e-17	0.00e+00	0.00e+00	1.8202e+01
5.09970e+16	5.5158e+03	2.186e-18	1.6681e+03	6.1256e+02	4.2700e-09	6.3482e-01	3.6518e-01	9.8103e-01	1.8975e-02	5.1067e-09	8.4576e-11	1.3225e-03	9.9235e-01	6.3249e-03	1.1755e-36	6.8742e-01	3.1257e-01	6.8665e-06	1.1755e-36	1.1755e-36	1.1755e-36	1.9394e-17	0.00e+00	0.00e+00	1.8461e+01
5.10362e+16	5.4318e+03	2.080e-18	1.6681e+03	5.9263e+02	5.0068e-09	6.4668e-01	3.5332e-01	9.8128e-01	1.8721e-02	5.1095e-09	8.9634e-11	1.2845e-03	9.9260e-01	6.1197e-03	1.1755e-36	6.9852e-01	3.0147e-01	6.3816e-06	1.1755e-36	1.1755e-36	1.1755e-36	2.1413e-17	0.00e+00	0.00e+00	1.8730e+01
5.10755e+16	5.3397e+03	1.977e-18	1.6681e+03	5.7295e+02	5.9514e-09	6.5881e-01	3.4119e-01	9.8154e-01	1.8458e-02	5.1060e-09	9.5298e-11	1.2473e-03	9.9284e-01	5.9133e-03	1.1755e-36	7.0981e-01	2.9018e-01	5.9220e-06	1.1755e-36	1.1755e-36	1.1755e-36	2.3825e-17	0.00e+00	0.00e+00	1.9002e+01
5.11140e+16	5.2493e+03	1.878e-18	1.6681e+03	5.5359e+02	7.0656e-09	6.7040e-01	3.2960e-01	9.8177e-01	1.8227e-02	5.1146e-09	1.0109e-10	1.2103e-03	9.9307e-01	5.7206e-03	1.1755e-36	7.2056e-01	2.7943e-01	5.5066e-06	1.1755e-36	1.1755e-36	1.1755e-36	2.6464e-17	0.00e+00	0.00e+00	1.9269e+01
5.11514e+16	5.1574e+03	1.785e-18	1.6681e+03	5.3482e+02	8.4174e-09	6.8166e-01	3.1834e-01	9.8199e-01	1.8007e-02	5.1254e-09	1.0723e-10	1.1745e-03	9.9329e-01	5.5367e-03	1.1755e-36	7.3094e-01	2.6905e-01	5.1274e-06	1.1755e-36	1.1755e-36	1.1755e-36	2.9476e-17	0.00e+00	0.00e+00	1.9535e+01
5.11886e+16	5.0626e+03	1.694e-18	1.6681e+03	5.1629e+02	1.0098e-08	6.9276e-01	3.0724e-01	9.8220e-01	1.7795e-02	5.1383e-09	1.1391e-10	1.1391e-03	9.9350e-01	5.3583e-03	1.1755e-36	7.4114e-01	2.5886e-01	4.7748e-06	1.1755e-36	1.1755e-36	1.1755e-36	3.3035e-17	0.00e+00	0.00e+00	1.9806e+01
5.12183e+16	4.9878e+03	1.627e-18	1.6681e+03	5.0210e+02	1.1672e-08	7.0123e-01	2.9877e-01	9.8234e-01	1.7656e-02	5.1578e-09	1.1952e-10	1.1120e-03	9.9366e-01	5.2253e-03	1.1755e-36	7.4888e-01	2.5111e-01	4.5222e-06	1.1755e-36	1.1755e-36	1.1755e-36	3.6238e-17	0.00e+00	0.00e+00	1.9971e+01
5.12377e+16	4.9302e+03	1.584e-18	1.6681e+03	4.9277e+02	1.3013e-08	7.0704e-01	2.9296e-01	9.8245e-01	1.7548e-02	5.1611e-09	1.2382e-10	1.0946e-03	9.9378e-01	5.1264e-03	1.1755e-36	7.5419e-01	2.4581e-01	4.3584e-06	1.1755e-36	1.1755e-36	1.1755e-36	3.8729e-17	0.00e+00	0.00e+00	2.0094e+01
5.12540e+16	4.8925e+03	1.546e-18	1.6681e+03	4.8446e+02	1.4032e-08	7.1144e-01	2.8856e-01	9.8251e-01	1.7488e-02	5.1855e-09	1.2688e-10	1.0782e-03	9.9387e-01	5.0527e-03	1.1755e-36	7.5819e-01	2.4181e-01	4.2286e-06	1.1755e-36	1.1755e-36	1.1755e-36	4.0575e-17	0.00e+00	0.00e+00	2.0214e+01
5.12724e+16	4.8364e+03	1.503e-18	1.6681e+03	4.7522e+02	1.5635e-08	7.1705e-01	2.8295e-01	9.8263e-01	1.7374e-02	5.1886e-09	1.3139e-10	1.0608e-03	9.9398e-01	4.9567e-03	1.1755e-36	7.6328e-01	2.3672e-01	4.0751e-06	1.1755e-36	1.1755e-36	1.1755e-36	4.3417e-17	0.00e+00	0.00e+00	2.0372e+01
5.12930e+16	4.7790e+03	1.458e-18	1.6681e+03	4.6517e+02	1.7514e-08	7.2295e-01	2.7705e-01	9.8273e-01	1.7271e-02	5.2027e-09	1.3632e-10	1.0417e-03	9.9410e-01	4.8572e-03	1.1755e-36	7.6863e-01	2.3137e-01	3.9163e-06	1.1755e-36	1.1755e-36	1.1755e-36	4.6702e-17	0.00e+00	0.00e+00	2.0527e+01
5.13127e+16	4.7175e+03	1.416e-18	1.6681e+03	4.5592e+02	1.9760e-08	7.2883e-01	2.7117e-01	9.8285e-01	1.7153e-02	5.2034e-09	1.4181e-10	1.0245e-03	9.9422e-01	4.7580e-03	1.1755e-36	7.7395e-01	2.2605e-01	3.7671e-06	1.1755e-36	1.1755e-36	1.1755e-36	5.0584e-17	0.00e+00	0.00e+00	2.0672e+01
5.13305e+16	4.6654e+03	1.378e-18	1.6681e+03	4.4723e+02	2.1923e-08	7.3379e-01	2.6621e-01	9.8292e-01	1.7075e-02	5.2202e-09	1.4654e-10	1.0079e-03	9.9432e-01	4.6756e-03	1.1755e-36	7.7842e-01	2.2158e-01	3.6416e-06	1.1755e-36	1.1755e-36	1.1755e-36	5.4127e-17	0.00e+00	0.00e+00	2.0801e+01
5.13473e+16	4.6145e+03	1.343e-18	1.6681e+03	4.3917e+02	2.4289e-08	7.3859e-01	2.6141e-01	9.8301e-01	1.6991e-02	5.2310e-09	1.5148e-10	9.9266e-04	9.9441e-01	4.5955e-03	1.1755e-36	7.8274e-01	2.1726e-01	3.5236e-06	1.1755e-36	1.1755e-36	1.1755e-36	5.8036e-17	0.00e+00	0.00e+00	2.0933e+01
5.13644e+16	4.5586e+03	1.308e-18	1.6681e+03	4.3117e+02	2.7187e-08	7.4364e-01	2.5636e-01	9.8311e-01	1.6891e-02	5.2328e-09	1.5722e-10	9.7783e-04	9.9451e-01	4.5110e-03	1.1755e-36	7.8728e-01	2.1272e-01	3.4045e-06	1.1755e-36	1.1755e-36	1.1755e-36	6.2839e-17	0.00e+00	0.00e+00	2.1069e+01
5.13813e+16	4.5075e+03	1.274e-18	1.6681e+03	4.2304e+02	3.0178e-08	7.4823e-01	2.5177e-01	9.8318e-01	1.6821e-02	5.2511e-09	1.6256e-10	9.6238e-04	9.9460e-01	4.4355e-03	1.1755e-36	7.9139e-01	2.0861e-01	3.2963e-06	1.1755e-36	1.1755e-36	1.1755e-36	6.7597e-17	0.00e+00	0.00e+00	2.1197e+01
5.13976e+16	4.4530e+03	1.241e-18	1.6681e+03	4.1557e+02	3.3754e-08	7.5301e-01	2.4699e-01	9.8327e-01	1.6726e-02	5.2523e-09	1.6883e-10	9.4862e-04	9.9470e-01	4.3562e-03	1.1755e-36	7.9566e-01	2.0433e-01	3.1890e-06	1.1755e-36	1.1755e-36	1.1755e-36	7.3498e-17	0.00e+00	0.00e+00	2.1328e+01
5.14136e+16	4.4041e+03	1.210e-18	1.6681e+03	4.0790e+02	3.7361e-08	7.5725e-01	2.4275e-01	9.8334e-01	1.6665e-02	5.2730e-09	1.7450e-10	9.3403e-04	9.9478e-01	4.2868e-03	1.1755e-36	7.9945e-01	2.0054e-01	3.0929e-06	1.1755e-36	1.1755e-36	1.1755e-36	7.9205e-17	0.00e+00	0.00e+00	2.1451e+01
5.14294e+16	4.3487e+03	1.180e-18	1.6681e+03	4.0079e+02	4.1913e-08	7.6186e-01	2.3814e-01	9.8343e-01	1.6569e-02	5.2716e-09	1.8159e-10	9.2111e-04	9.9487e-01	4.2105e-03	1.1755e-36	8.0357e-01	1.9643e-01	2.9945e-06	1.1755e-36	1.1755e-36	1.1755e-36	8.6717e-17	0.00e+00	0.00e+00	2.1580e+01
5.14448e+16	4.2973e+03	1.151e-18	1.6681e+03	3.9367e+02	4.6675e-08	7.6607e-01	2.3393e-01	9.8350e-01	1.6498e-02	5.2827e-09	1.8838e-10	9.0792e-04	9.9495e-01	4.1417e-03	1.1755e-36	8.0732e-01	1.9268e-01	2.9051e-06	1.1755e-36	1.1755e-36	1.1755e-36	9.4441e-17	0.00e+00	0.00e+00	2.1700e+01
5.14595e+16	4.2476e+03	1.124e-18	1.6681e+03	3.8696e+02	5.1816e-08	7.7008e-01	2.2992e-01	9.8357e-01	1.6427e-02	5.2920e-09	1.9539e-10	8.9555e-04	9.9503e-01	4.0762e-03	1.1755e-36	8.1088e-01	1.8911e-01	2.8216e-06	1.1755e-36	1.1755e-36	1.1755e-36	1.0289e-16	0.00e+00	0.00e+00	2.1817e+01
5.14740e+16	4.1977e+03	1.098e-18	1.6681e+03	3.8034e+02	5.7581e-08	7.7406e-01	2.2594e-01	9.8364e-01	1.6356e-02	5.3008e-09	2.0289e-10	8.8340e-04	9.9511e-01	4.0114e-03	1.1755e-36	8.1441e-01	1.8559e-01	2.7404e-06	1.1755e-36	1.1755e-36	1.1755e-36	1.1249e-16	0.00e+00	0.00e+00	2.1936e+01
5.14886e+16	4.1471e+03	1.072e-18	1.6681e+03	3.7375e+02	6.4100e-08	7.7802e-01	2.2198e-01	9.8371e-01	1.6286e-02	5.3096e-09	2.1096e-10	8.7135e-04	9.9518e-01	3.9471e-03	1.1755e-36	8.1792e-01	1.8208e-01	2.6612e-06	1.1755e-36	1.1755e-36	1.1755e-36	1.2349e-16	0.00e+00	0.00e+00	2.2056e+01
5.15031e+16	4.0966e+03	1.046e-18	1.6681e+03	3.6729e+02	7.1348e-08	7.8191e-01	2.1809e-01	9.8378e-01	1.6216e-02	5.3184e-09	2.1955e-10	8.5959e-04	9.9526e-01	3.8841e-03	1.1755e-36	8.2136e-01	1.7864e-01	2.5850e-06	1.1755e-36	1.1755e-36	1.1755e-36	1.3594e-16	0.00e+00	0.00e+00	2.2174e+01
5.15174e+16	4.0462e+03	1.022e-18	1.6681e+03	3.6096e+02	7.9383e-08	7.8571e-01	2.1429e-01	9.8385e-01	1.6148e-02	5.3272e-09	2.2863e-10	8.4811e-04	9.9533e-01	3.8228e-03	1.1755e-36	8.2472e-01	1.7528e-01	2.5120e-06	1.1755e-36	1.1755e-36	1.1755e-36	1.4994e-16	0.00e+00	0.00e+00	2.2291e+01
5.15314e+16	3.9961e+03	9.978e-19	1.6681e+03	3.5477e+02	8.8233e-08	7.8943e-01	2.1057e-01	9.8392e-01	1.6081e-02	5.3356e-09	2.3821e-10	8.3697e-04	9.9540e-01	3.7629e-03	1.1755e-36	8.2800e-01	1.7200e-01	2.4417e-06	1.1755e-36	1.1755e-36	1.1755e-36	1.6570e-16	0.00e+00	0.00e+00	2.2407e+01
###########################
3.23553e+12	7.6700e+03	8.076e-18	1.6681e+03	1.8001e+03	2.0138e-14	5.3301e-03	9.9467e-01	2.8557e-02	9.7034e-01	1.1003e-03	4.7864e-16	5.5432e-04	3.5168e-01	6.4751e-01	2.5239e-04	4.6246e-03	7.6230e-01	2.3302e-01	5.6046e-05	1.1755e-36	1.1755e-36	3.0126e-24	0.00e+00	0.00e+00	3.6329e-04
1.94132e+13	7.6672e+03	8.071e-18	1.6681e+03	1.7998e+03	2.0103e-14	5.3271e-03	9.9467e-01	2.8558e-02	9.7034e-01	1.0994e-03	4.7680e-16	5.5347e-04	3.5170e-01	6.4749e-01	2.5269e-04	4.6217e-03	7.6223e-01	2.3309e-01	5.5881e-05	1.1755e-36	1.1755e-36	2.9908e-24	0.00e+00	0.00e+00	1.8156e-03
8.41237e+13	7.6602e+03	8.056e-18	1.6681e+03	1.7998e+03	2.0180e-14	5.3243e-03	9.9468e-01	2.8590e-02	9.7032e-01	1.0917e-03	4.7712e-16	5.5307e-04	3.5198e-01	6.4721e-01	2.5176e-04	4.6214e-03	7.6243e-01	2.3289e-01	5.5040e-05	1.1755e-36	1.1755e-36	2.9896e-24	0.00e+00	0.00e+00	7.6219e-03
3.42966e+14	7.6473e+03	8.008e-18	1.6681e+03	1.7997e+03	2.0338e-14	5.3240e-03	9.9468e-01	2.8732e-02	9.7021e-01	1.0540e-03	4.7952e-16	5.5475e-04	3.5322e-01	6.4598e-01	2.4854e-04	4.6315e-03	7.6356e-01	2.3175e-01	5.1689e-05	1.1755e-36	1.1755e-36	2.9913e-24	0.00e+00	0.00e+00	3.0846e-02
8.19236e+14	7.5883e+03	7.845e-18	1.6681e+03	1.7998e+03	2.0391e-14	5.2420e-03	9.9476e-01	2.8768e-02	9.7021e-01	1.0272e-03	4.6460e-16	5.5030e-04	3.5388e-01	6.4532e-01	2.4593e-04	4.5681e-03	7.6389e-01	2.3149e-01	4.7849e-05	1.1755e-36	1.1755e-36	2.8302e-24	0.00e+00	0.00e+00	6.0572e-02
1.43839e+15	7.5280e+03	7.686e-18	1.6681e+03	1.7999e+03	2.0646e-14	5.1851e-03	9.9481e-01	2.8916e-02	9.7012e-01	9.6407e-04	4.5588e-16	5.4972e-04	3.5545e-01	6.4376e-01	2.4078e-04	4.5348e-03	7.6530e-01	2.3012e-01	4.2746e-05	1.1755e-36	1.1755e-36	2.7158e-24	0.00e+00	0.00e+00	9.8797e-02
2.24328e+15	7.4640e+03	7.523e-18	1.6681e+03	1.7999e+03	2.1113e-14	5.1480e-03	9.9485e-01	2.9194e-02	9.6994e-01	8.6685e-04	4.5228e-16	5.5233e-04	3.5804e-01	6.4117e-01	2.3306e-04	4.5276e-03	7.6790e-01	2.2754e-01	3.6533e-05	1.1755e-36	1.1755e-36	2.6351e-24	0.00e+00	0.00e+00	1.4813e-01
3.28965e+15	7.3932e+03	7.356e-18	1.6681e+03	1.7999e+03	2.1893e-14	5.1362e-03	9.9486e-01	2.9655e-02	9.6961e-01	7.3758e-04	4.5512e-16	5.5828e-04	3.6207e-01	6.3715e-01	2.2251e-04	4.5538e-03	7.7201e-01	2.2341e-01	2.9464e-05	1.1755e-36	1.1755e-36	2.5920e-24	0.00e+00	0.00e+00	2.1212e-01
4.64992e+15	7.3228e+03	7.184e-18	1.6681e+03	1.7998e+03	2.2984e-14	5.1565e-03	9.9484e-01	3.0359e-02	9.6906e-01	5.8469e-04	4.6653e-16	5.6968e-04	3.6796e-01	6.3126e-01	2.0922e-04	4.6229e-03	7.7803e-01	2.1733e-01	2.2033e-05	1.1755e-36	1.1755e-36	2.5991e-24	0.00e+00	0.00e+00	2.9564e-01
6.41828e+15	7.2493e+03	7.014e-18	1.6681e+03	1.7995e+03	2.4646e-14	5.2293e-03	9.9477e-01	3.1447e-02	9.6813e-01	4.2298e-04	4.9168e-16	5.8894e-04	3.7667e-01	6.2255e-01	1.9306e-04	4.7591e-03	7.8658e-01	2.0864e-01	1.4908e-05	1.1755e-36	1.1755e-36	2.6816e-24	0.00e+00	0.00e+00	4.0575e-01
8.71714e+15	7.1788e+03	6.853e-18	1.6681e+03	1.7991e+03	2.7183e-14	5.3827e-03	9.9462e-01	3.3132e-02	9.6660e-01	2.7277e-04	5.4053e-16	6.2016e-04	3.8951e-01	6.0969e-01	1.7424e-04	4.9969e-03	7.9841e-01	1.9658e-01	8.8491e-06	1.1755e-36	1.1755e-36	2.8998e-24	0.00e+00	0.00e+00	5.5308e-01
1.17057e+16	7.1124e+03	6.717e-18	1.6681e+03	1.7983e+03	3.1330e-14	5.6724e-03	9.9433e-01	3.5830e-02	9.6402e-01	1.5249e-04	6.3364e-16	6.7106e-04	4.0878e-01	5.9040e-01	1.5249e-04	5.4046e-03	8.1454e-01	1.8005e-01	4.4188e-06	1.1755e-36	1.1755e-36	3.3705e-24	0.00e+00	0.00e+00	7.5493e-01
1.55907e+16	7.0565e+03	6.622e-18	1.6681e+03	1.7964e+03	3.8636e-14	6.2017e-03	9.9380e-01	4.0321e-02	9.5961e-01	7.1554e-05	8.2082e-16	7.5574e-04	4.3823e-01	5.6089e-01	1.2725e-04	6.1111e-03	8.3626e-01	1.5762e-01	1.7533e-06	1.1755e-36	1.1755e-36	4.4021e-24	0.00e+00	0.00e+00	1.0418e+00
1.95155e+16	7.0138e+03	6.580e-18	1.6681e+03	1.7943e+03	4.8504e-14	6.8766e-03	9.9312e-01	4.6060e-02	9.5391e-01	3.2994e-05	1.0913e-15	8.5708e-04	4.7167e-01	5.2736e-01	1.0491e-04	6.9958e-03	8.5741e-01	1.3559e-01	6.7931e-07	1.1755e-36	1.1755e-36	5.9728e-24	0.00e+00	0.00e+00	1.2923e+00
2.25333e+16	7.0210e+03	6.609e-18	1.6681e+03	1.7924e+03	5.8820e-14	7.6042e-03	9.9240e-01	5.2153e-02	9.4783e-01	1.8552e-05	1.4346e-15	9.5857e-04	5.0272e-01	4.9623e-01	8.8311e-05	7.9309e-03	8.7434e-01	1.1773e-01	3.2013e-07	1.1755e-36	1.1755e-36	8.1441e-24	0.00e+00	0.00e+00	1.4987e+00
2.49142e+16	7.0338e+03	6.675e-18	1.6681e+03	1.7901e+03	7.0692e-14	8.3710e-03	9.9163e-01	5.8557e-02	9.4143e-01	1.1886e-05	1.8602e-15	1.0581e-03	5.3155e-01	4.6731e-01	7.5180e-05	8.9072e-03	8.8810e-01	1.0300e-01	1.7208e-07	1.1755e-36	1.1755e-36	1.1018e-23	0.00e+00	0.00e+00	1.6913e+00
2.70416e+16	7.0512e+03	6.759e-18	1.6681e+03	1.7878e+03	8.5293e-14	9.2377e-03	9.9076e-01	6.5932e-02	9.3406e-01	8.0194e-06	2.4249e-15	1.1643e-03	5.6081e-01	4.3796e-01	6.3593e-05	1.0008e-02	9.0039e-01	8.9600e-02	1.1755e-36	1.1755e-36	1.1755e-36	1.5071e-23	0.00e+00	0.00e+00	1.8928e+00
2.90727e+16	7.0741e+03	6.861e-18	1.6681e+03	1.7850e+03	1.0410e-13	1.0265e-02	9.8973e-01	7.4908e-02	9.2509e-01	5.5285e-06	3.2110e-15	1.2814e-03	5.9181e-01	4.0686e-01	5.2902e-05	1.1310e-02	9.1182e-01	7.6871e-02	1.1755e-36	1.1755e-36	1.1755e-36	2.1092e-23	0.00e+00	0.00e+00	2.1082e+00
3.09967e+16	7.1034e+03	6.976e-18	1.6681e+03	1.7815e+03	1.2824e-13	1.1478e-02	9.8852e-01	8.5894e-02	9.1410e-01	3.9045e-06	4.3099e-15	1.4093e-03	6.2421e-01	3.7434e-01	4.3230e-05	1.2846e-02	9.2214e-01	6.5014e-02	1.1755e-36	1.1755e-36	1.1755e-36	3.0133e-23	0.00e+00	0.00e+00	2.3326e+00
3.27767e+16	7.1356e+03	7.106e-18	1.6681e+03	1.7781e+03	1.5938e-13	1.2891e-02	9.8711e-01	9.9248e-02	9.0075e-01	2.8366e-06	5.8421e-15	1.5421e-03	6.5721e-01	3.4121e-01	3.4731e-05	1.4632e-02	9.3108e-01	5.4291e-02	1.1755e-36	1.1755e-36	1.1755e-36	4.3779e-23	0.00e+00	0.00e+00	2.5639e+00
3.44204e+16	7.1527e+03	7.244e-18	1.6681e+03	1.7715e+03	2.0173e-13	1.4543e-02	9.8546e-01	1.1524e-01	8.8476e-01	2.0955e-06	7.9543e-15	1.6834e-03	6.9037e-01	3.0791e-01	2.7382e-05	1.6716e-02	9.3852e-01	4.4761e-02	1.1755e-36	1.1755e-36	1.1755e-36	6.3886e-23	0.00e+00	0.00e+00	2.8065e+00
3.59663e+16	7.1870e+03	7.387e-18	1.6681e+03	1.7663e+03	2.5580e-13	1.6497e-02	9.8350e-01	1.3545e-01	8.6455e-01	1.5815e-06	1.0993e-14	1.8304e-03	7.2386e-01	2.7429e-01	2.1064e-05	1.9177e-02	9.4460e-01	3.6222e-02	1.1755e-36	1.1755e-36	1.1755e-36	9.5568e-23	0.00e+00	0.00e+00	3.0686e+00
3.74296e+16	7.2182e+03	7.543e-18	1.6681e+03	1.7605e+03	3.3084e-13	1.8862e-02	9.8114e-01	1.6133e-01	8.3866e-01	1.2050e-06	1.5480e-14	1.9802e-03	7.5765e-01	2.4036e-01	1.5691e-05	2.2149e-02	9.4920e-01	2.8648e-02	1.1755e-36	1.1755e-36	1.1755e-36	1.4673e-22	0.00e+00	0.00e+00	3.3504e+00
3.87581e+16	7.2372e+03	7.694e-18	1.6681e+03	1.7504e+03	4.3324e-13	2.1622e-02	9.7838e-01	1.9284e-01	8.0715e-01	9.2739e-07	2.1808e-14	2.1298e-03	7.8970e-01	2.0816e-01	1.1437e-05	2.5608e-02	9.5206e-01	2.2334e-02	1.1755e-36	1.1755e-36	1.1755e-36	2.2496e-22	0.00e+00	0.00e+00	3.6325e+00
3.99079e+16	7.2606e+03	7.839e-18	1.6681e+03	1.7420e+03	5.6235e-13	2.4694e-02	9.7531e-01	2.2997e-01	7.7003e-01	7.3194e-07	3.0513e-14	2.2661e-03	8.1840e-01	1.7932e-01	8.2682e-06	2.9444e-02	9.5322e-01	1.7332e-02	1.1755e-36	1.1755e-36	1.1755e-36	3.4294e-22	0.00e+00	0.00e+00	3.9085e+00
4.08990e+16	7.2803e+03	7.959e-18	1.6681e+03	1.7312e+03	7.2242e-13	2.8019e-02	9.7198e-01	2.7200e-01	7.2800e-01	5.8694e-07	4.1990e-14	2.3849e-03	8.4327e-01	1.5434e-01	5.9736e-06	3.3587e-02	9.5296e-01	1.3457e-02	1.1755e-36	1.1755e-36	1.1755e-36	5.1096e-22	0.00e+00	0.00e+00	4.1803e+00
4.17771e+16	7.2964e+03	8.058e-18	1.6681e+03	1.7187e+03	9.2432e-13	3.1680e-02	9.6832e-01	3.1973e-01	6.8027e-01	4.7304e-07	5.7362e-14	2.4888e-03	8.6500e-01	1.3251e-01	4.2908e-06	3.8135e-02	9.5146e-01	1.0405e-02	1.1755e-36	1.1755e-36	1.1755e-36	7.5239e-22	0.00e+00	0.00e+00	4.4590e+00
4.25817e+16	7.3081e+03	8.141e-18	1.6681e+03	1.7048e+03	1.1887e-12	3.5843e-02	9.6416e-01	3.7451e-01	6.2549e-01	3.7901e-07	7.8696e-14	2.5810e-03	8.8428e-01	1.1313e-01	3.0378e-06	4.3291e-02	9.4876e-01	7.9528e-03	1.1755e-36	1.1755e-36	1.1755e-36	1.1103e-21	0.00e+00	0.00e+00	4.7512e+00
4.33253e+16	7.3181e+03	8.204e-18	1.6681e+03	1.6887e+03	1.5361e-12	4.0605e-02	9.5939e-01	4.3617e-01	5.6383e-01	3.0046e-07	1.0863e-13	2.6603e-03	9.0117e-01	9.6171e-02	2.1200e-06	4.9170e-02	9.4483e-01	5.9993e-03	1.1755e-36	1.1755e-36	1.1755e-36	1.6454e-21	0.00e+00	0.00e+00	5.0562e+00
4.40099e+16	7.3245e+03	8.246e-18	1.6681e+03	1.6708e+03	1.9959e-12	4.6050e-02	9.5395e-01	5.0293e-01	4.9707e-01	2.3500e-07	1.5075e-13	2.7258e-03	9.1560e-01	8.1668e-02	1.4643e-06	5.5869e-02	9.3966e-01	4.4757e-03	1.1755e-36	1.1755e-36	1.1755e-36	2.4463e-21	0.00e+00	0.00e+00	5.3745e+00
4.46450e+16	7.3274e+03	8.267e-18	1.6681e+03	1.6510e+03	2.6124e-12	5.2327e-02	9.4767e-01	5.7244e-01	4.2756e-01	1.8069e-07	2.1056e-13	2.7779e-03	9.2779e-01	6.9435e-02	1.0023e-06	6.3564e-02	9.3314e-01	3.3011e-03	1.1755e-36	1.1755e-36	1.1755e-36	3.6604e-21	0.00e+00	0.00e+00	5.7128e+00
4.52458e+16	7.3286e+03	8.247e-18	1.6681e+03	1.6251e+03	3.4424e-12	5.9591e-02	9.4041e-01	6.4182e-01	3.5818e-01	1.3579e-07	2.9492e-13	2.8100e-03	9.3793e-01	5.9263e-02	6.8106e-07	7.2435e-02	9.2516e-01	2.4029e-03	1.1755e-36	1.1755e-36	1.1755e-36	5.4888e-21	0.00e+00	0.00e+00	6.0818e+00
4.58316e+16	7.3242e+03	8.223e-18	1.6681e+03	1.6002e+03	4.6623e-12	6.8626e-02	9.3137e-01	7.1020e-01	2.8980e-01	9.9042e-08	4.2419e-13	2.8371e-03	9.4670e-01	5.0459e-02	4.5142e-07	8.3419e-02	9.1488e-01	1.7048e-03	1.1755e-36	1.1755e-36	1.1755e-36	8.5651e-21	0.00e+00	0.00e+00	6.5037e+00
4.64067e+16	7.3173e+03	8.175e-18	1.6681e+03	1.5725e+03	6.4973e-12	8.0025e-02	9.1997e-01	7.7340e-01	2.2660e-01	7.0206e-08	6.2474e-13	2.8529e-03	9.5417e-01	4.2974e-02	2.9242e-07	9.7203e-02	9.0162e-01	1.1770e-03	1.1755e-36	1.1755e-36	1.1755e-36	1.3924e-20	0.00e+00	0.00e+00	6.9812e+00
4.69601e+16	7.3053e+03	8.095e-18	1.6681e+03	1.5415e+03	9.3151e-12	9.4387e-02	9.0561e-01	8.2711e-01	1.7289e-01	4.8949e-08	9.3551e-13	2.8553e-03	9.6040e-01	3.6740e-02	1.8671e-07	1.1446e-01	8.8475e-01	7.9596e-04	1.1755e-36	1.1755e-36	1.1755e-36	2.3509e-20	0.00e+00	0.00e+00	7.5185e+00
4.74863e+16	7.2885e+03	7.967e-18	1.6681e+03	1.5059e+03	1.3717e-11	1.1248e-01	8.8752e-01	8.6974e-01	1.3026e-01	3.4032e-08	1.4185e-12	2.8417e-03	9.6562e-01	3.1543e-02	1.1755e-36	1.3603e-01	8.6344e-01	5.2976e-04	1.1755e-36	1.1755e-36	1.1755e-36	4.1154e-20	0.00e+00	0.00e+00	8.1250e+00
4.79814e+16	7.2648e+03	7.759e-18	1.6681e+03	1.4610e+03	2.0693e-11	1.3503e-01	8.6497e-01	9.0190e-01	9.8100e-02	2.3947e-08	2.1613e-12	2.8033e-03	9.6999e-01	2.7208e-02	1.1755e-36	1.6265e-01	8.3700e-01	3.4895e-04	1.1755e-36	1.1755e-36	1.1755e-36	7.3846e-20	0.00e+00	0.00e+00	8.8053e+00
4.84410e+16	7.2262e+03	7.466e-18	1.6681e+03	1.4081e+03	3.2125e-11	1.6316e-01	8.3684e-01	9.2558e-01	7.4418e-02	1.7184e-08	3.3177e-12	2.7429e-03	9.7377e-01	2.3486e-02	1.1755e-36	1.9547e-01	8.0430e-01	2.2816e-04	1.1755e-36	1.1755e-36	1.1755e-36	1.3615e-19	0.00e+00	0.00e+00	9.5629e+00
4.88583e+16	7.1681e+03	7.087e-18	1.6681e+03	1.3481e+03	5.1197e-11	1.9769e-01	8.0231e-01	9.4228e-01	5.7718e-02	1.2814e-08	5.1146e-12	2.6627e-03	9.7708e-01	2.0258e-02	1.1755e-36	2.3517e-01	7.6468e-01	1.4904e-04	1.1755e-36	1.1755e-36	1.1755e-36	2.5658e-19	0.00e+00	0.00e+00	1.0383e+01
4.92261e+16	7.0885e+03	6.614e-18	1.6681e+03	1.2791e+03	8.2470e-11	2.3804e-01	7.6196e-01	9.5385e-01	4.6150e-02	1.0010e-08	7.7795e-12	2.5586e-03	9.7993e-01	1.7515e-02	1.1755e-36	2.8076e-01	7.1915e-01	9.8564e-05	1.1755e-36	1.1755e-36	1.1755e-36	4.7937e-19	0.00e+00	0.00e+00	1.1240e+01
4.95238e+16	6.9942e+03	6.108e-18	1.6681e+03	1.2081e+03	1.2885e-10	2.8018e-01	7.1982e-01	9.6130e-01	3.8702e-02	8.3375e-09	1.1279e-11	2.4432e-03	9.8219e-01	1.5370e-02	1.1755e-36	3.2746e-01	6.7247e-01	6.8336e-05	1.1755e-36	1.1755e-36	1.1755e-36	8.4057e-19	0.00e+00	0.00e+00	1.1988e+01
4.97368e+16	6.9026e+03	5.663e-18	1.6681e+03	1.1461e+03	1.8456e-10	3.1668e-01	6.8332e-01	9.6567e-01	3.4334e-02	7.4299e-09	1.4955e-11	2.3377e-03	9.8378e-01	1.3879e-02	1.1755e-36	3.6720e-01	6.3275e-01	5.1547e-05	1.1755e-36	1.1755e-36	1.1755e-36	1.2929e-18	0.00e+00	0.00e+00	1.2564e+01
4.98869e+16	6.8222e+03	5.310e-18	1.6681e+03	1.0972e+03	2.4294e-10	3.4578e-01	6.5422e-01	9.6839e-01	3.1605e-02	6.8900e-09	1.8371e-11	2.2522e-03	9.8491e-01	1.2843e-02	1.1755e-36	3.9840e-01	6.0156e-01	4.1801e-05	1.1755e-36	1.1755e-36	1.1755e-36	1.7730e-18	0.00e+00	0.00e+00	1.3029e+01
5.00080e+16	6.7435e+03	5.004e-18	1.6681e+03	1.0548e+03	3.0830e-10	3.7140e-01	6.2860e-01	9.7042e-01	2.9582e-02	6.5001e-09	2.1776e-11	2.1771e-03	9.8582e-01	1.2005e-02	1.1755e-36	4.2554e-01	5.7442e-01	3.5027e-05	1.1755e-36	1.1755e-36	1.1755e-36	2.3044e-18	0.00e+00	0.00e+00	1.3476e+01
5.01222e+16	6.6617e+03	4.695e-18	1.6681e+03	1.0112e+03	3.8956e-10	3.9703e-01	6.0297e-01	9.7220e-01	2.7804e-02	6.1767e-09	2.5556e-11	2.0986e-03	9.8667e-01	1.1235e-02	1.1755e-36	4.5238e-01	5.4759e-01	2.9494e-05	1.1755e-36	1.1755e-36	1.1755e-36	2.9509e-18	0.00e+00	0.00e+00	1.3953e+01
5.02320e+16	6.5704e+03	4.386e-18	1.6681e+03	9.6699e+02	4.9527e-10	4.2336e-01	5.7664e-01	9.7375e-01	2.6250e-02	5.9093e-09	2.9889e-11	2.0182e-03	9.8747e-01	1.0512e-02	1.1755e-36	4.7964e-01	5.2034e-01	2.4882e-05	1.1755e-36	1.1755e-36	1.1755e-36	3.7624e-18	0.00e+00	0.00e+00	1.4424e+01
5.03311e+16	6.4772e+03	4.097e-18	1.6681e+03	9.2484e+02	6.2320e-10	4.4846e-01	5.5154e-01	9.7501e-01	2.4992e-02	5.7109e-09	3.4467e-11	1.9407e-03	9.8818e-01	9.8778e-03	1.1755e-36	5.0532e-01	4.9466e-01	2.1258e-05	1.1755e-36	1.1755e-36	1.1755e-36	4.6974e-18	0.00e+00	0.00e+00	1.4861e+01
5.04179e+16	6.3859e+03	3.839e-18	1.6681e+03	8.8627e+02	7.7107e-10	4.7145e-01	5.2855e-01	9.7602e-01	2.3979e-02	5.5640e-09	3.9080e-11	1.8692e-03	9.8880e-01	9.3330e-03	1.1755e-36	5.2859e-01	4.7139e-01	1.8455e-05	1.1755e-36	1.1755e-36	1.1755e-36	5.7160e-18	0.00e+00	0.00e+00	1.5264e+01
5.04957e+16	6.2954e+03	3.603e-18	1.6681e+03	8.5046e+02	9.4322e-10	4.9281e-01	5.0719e-01	9.7687e-01	2.3128e-02	5.4504e-09	4.3758e-11	1.8023e-03	9.8935e-01	8.8518e-03	1.1755e-36	5.5000e-01	4.4998e-01	1.6208e-05	1.1755e-36	1.1755e-36	1.1755e-36	6.8242e-18	0.00e+00	0.00e+00	1.5651e+01
5.05685e+16	6.2030e+03	3.382e-18	1.6681e+03	8.1607e+02	1.1498e-09	5.1331e-01	4.8669e-01	9.7762e-01	2.2385e-02	5.3604e-09	4.8635e-11	1.7377e-03	9.8985e-01	8.4102e-03	1.1755e-36	5.7037e-01	4.2961e-01	1.4323e-05	1.1755e-36	1.1755e-36	1.1755e-36	8.0579e-18	0.00e+00	0.00e+00	1.6034e+01
5.06375e+16	6.1078e+03	3.172e-18	1.6681e+03	7.8270e+02	1.4010e-09	5.3322e-01	4.6678e-01	9.7827e-01	2.1726e-02	5.2903e-09	5.3761e-11	1.6746e-03	9.9033e-01	8.0002e-03	1.1755e-36	5.8997e-01	4.1002e-01	1.2711e-05	1.1755e-36	1.1755e-36	1.1755e-36	9.4391e-18	0.00e+00	0.00e+00	1.6412e+01
5.06931e+16	6.0278e+03	3.009e-18	1.6681e+03	7.5595e+02	1.6487e-09	5.4924e-01	4.5076e-01	9.7873e-01	2.1270e-02	5.2561e-09	5.8195e-11	1.6238e-03	9.9068e-01	7.6934e-03	1.1755e-36	6.0562e-01	3.9437e-01	1.1564e-05	1.1755e-36	1.1755e-36	1.1755e-36	1.0706e-17	0.00e+00	0.00e+00	1.6665e+01
5.07326e+16	5.9583e+03	2.895e-18	1.6681e+03	7.3742e+02	1.8822e-09	5.6140e-01	4.3860e-01	9.7909e-01	2.0913e-02	5.2137e-09	6.1893e-11	1.5890e-03	9.9095e-01	7.4582e-03	1.1755e-36	6.1744e-01	3.8255e-01	1.0775e-05	1.1755e-36	1.1755e-36	1.1755e-36	1.1817e-17	0.00e+00	0.00e+00	1.6873e+01
5.07684e+16	5.9118e+03	2.784e-18	1.6681e+03	7.1856e+02	2.0805e-09	5.7144e-01	4.2856e-01	9.7935e-01	2.0654e-02	5.2151e-09	6.4819e-11	1.5522e-03	9.9118e-01	7.2702e-03	1.1755e-36	6.2712e-01	3.7287e-01	1.0123e-05	1.1755e-36	1.1755e-36	1.1755e-36	1.2718e-17	0.00e+00	0.00e+00	1.7093e+01
5.08094e+16	5.8357e+03	2.661e-18	1.6681e+03	6.9761e+02	2.4019e-09	5.8405e-01	4.1595e-01	9.7971e-01	2.0288e-02	5.1825e-09	6.8896e-11	1.5123e-03	9.9146e-01	7.0303e-03	1.1755e-36	6.3926e-01	3.6073e-01	9.3867e-06	1.1755e-36	1.1755e-36	1.1755e-36	1.4024e-17	0.00e+00	0.00e+00	1.7373e+01
5.08548e+16	5.7548e+03	2.529e-18	1.6681e+03	6.7467e+02	2.8070e-09	5.9773e-01	4.0227e-01	9.8006e-01	1.9939e-02	5.1657e-09	7.3555e-11	1.4682e-03	9.9175e-01	6.7818e-03	1.1755e-36	6.5234e-01	3.4766e-01	8.6441e-06	1.1755e-36	1.1755e-36	1.1755e-36	1.5591e-17	0.00e+00	0.00e+00	1.7658e+01
5.08980e+16	5.6741e+03	2.406e-18	1.6681e+03	6.5289e+02	3.2744e-09	6.1074e-01	3.8926e-01	9.8037e-01	1.9628e-02	5.1566e-09	7.8268e-11	1.4263e-03	9.9202e-01	6.5524e-03	1.1755e-36	6.6471e-01	3.3528e-01	7.9914e-06	1.1755e-36	1.1755e-36	1.1755e-36	1.7257e-17	0.00e+00	0.00e+00	1.7922e+01
5.09380e+16	5.5951e+03	2.294e-18	1.6681e+03	6.3264e+02	3.8023e-09	6.2285e-01	3.7715e-01	9.8065e-01	1.9349e-02	5.1513e-09	8.2931e-11	1.3872e-03	9.9227e-01	6.3426e-03	1.1755e-36	6.7616e-01	3.2383e-01	7.4252e-06	1.1755e-36	1.1755e-36	1.1755e-36	1.8990e-17	0.00e+00	0.00e+00	1.8177e+01
5.09768e+16	5.5148e+03	2.187e-18	1.6681e+03	6.1286e+02	4.4241e-09	6.3465e-01	3.6535e-01	9.8092e-01	1.9085e-02	5.1497e-09	8.7756e-11	1.3489e-03	9.9251e-01	6.1414e-03	1.1755e-36	6.8727e-01	3.1273e-01	6.9080e-06	1.1755e-36	1.1755e-36	1.1755e-36	2.0875e-17	0.00e+00	0.00e+00	1.8436e+01
5.10159e+16	5.4308e+03	2.081e-18	1.6681e+03	5.9293e+02	5.1834e-09	6.4651e-01	3.5349e-01	9.8117e-01	1.8830e-02	5.1525e-09	9.2926e-11	1.3102e-03	9.9275e-01	5.9428e-03	1.1755e-36	6.9837e-01	3.0162e-01	6.4201e-06	1.1755e-36	1.1755e-36	1.1755e-36	2.3009e-17	0.00e+00	0.00e+00	1.8705e+01
5.10552e+16	5.3388e+03	1.978e-18	1.6681e+03	5.7325e+02	6.1562e-09	6.5864e-01	3.4136e-01	9.8143e-01	1.8565e-02	5.1490e-09	9.8720e-11	1.2723e-03	9.9298e-01	5.7433e-03	1.1755e-36	7.0966e-01	2.9033e-01	5.9579e-06	1.1755e-36	1.1755e-36	1.1755e-36	2.5561e-17	0.00e+00	0.00e+00	1.8977e+01
5.10936e+16	5.2485e+03	1.879e-18	1.6681e+03	5.5388e+02	7.3035e-09	6.7024e-01	3.2976e-01	9.8167e-01	1.8333e-02	5.1578e-09	1.0465e-10	1.2347e-03	9.9321e-01	5.5571e-03	1.1755e-36	7.2041e-01	2.7958e-01	5.5401e-06	1.1755e-36	1.1755e-36	1.1755e-36	2.8353e-17	0.00e+00	0.00e+00	1.9242e+01
5.11310e+16	5.1567e+03	1.785e-18	1.6681e+03	5.3510e+02	8.6957e-09	6.8149e-01	3.1851e-01	9.8189e-01	1.8112e-02	5.1686e-09	1.1094e-10	1.1983e-03	9.9342e-01	5.3792e-03	1.1755e-36	7.3080e-01	2.6920e-01	5.1586e-06	1.1755e-36	1.1755e-36	1.1755e-36	3.1542e-17	0.00e+00	0.00e+00	1.9509e+01
5.11681e+16	5.0619e+03	1.695e-18	1.6681e+03	5.1656e+02	1.0427e-08	6.9260e-01	3.0740e-01	9.8210e-01	1.7899e-02	5.1817e-09	1.1779e-10	1.1622e-03	9.9363e-01	5.2067e-03	1.1755e-36	7.4099e-01	2.5900e-01	4.8039e-06	1.1755e-36	1.1755e-36	1.1755e-36	3.5313e-17	0.00e+00	0.00e+00	1.9779e+01
5.11978e+16	4.9873e+03	1.628e-18	1.6681e+03	5.0237e+02	1.2047e-08	7.0108e-01	2.9892e-01	9.8224e-01	1.7758e-02	5.2012e-09	1.2355e-10	1.1347e-03	9.9379e-01	5.0800e-03	1.1755e-36	7.4874e-01	2.5125e-01	4.5497e-06	1.1755e-36	1.1755e-36	1.1755e-36	3.8708e-17	0.00e+00	0.00e+00	1.9944e+01
5.12173e+16	4.9294e+03	1.584e-18	1.6681e+03	4.9301e+02	1.3434e-08	7.0691e-01	2.9309e-01	9.8235e-01	1.7648e-02	5.2042e-09	1.2799e-10	1.1168e-03	9.9390e-01	4.9846e-03	1.1755e-36	7.5407e-01	2.4592e-01	4.3842e-06	1.1755e-36	1.1755e-36	1.1755e-36	4.1362e-17	0.00e+00	0.00e+00	2.0068e+01
5.12336e+16	4.8916e+03	1.546e-18	1.6681e+03	4.8467e+02	1.4490e-08	7.1133e-01	2.8867e-01	9.8241e-01	1.7588e-02	5.2289e-09	1.3115e-10	1.1002e-03	9.9399e-01	4.9131e-03	1.1755e-36	7.5809e-01	2.4190e-01	4.2532e-06	1.1755e-36	1.1755e-36	1.1755e-36	4.3331e-17	0.00e+00	0.00e+00	2.0188e+01
5.12521e+16	4.8355e+03	1.504e-18	1.6681e+03	4.7539e+02	1.6146e-08	7.1695e-01	2.8305e-01	9.8253e-01	1.7473e-02	5.2323e-09	1.3579e-10	1.0824e-03	9.9410e-01	4.8193e-03	1.1755e-36	7.6320e-01	2.3680e-01	4.0984e-06	1.1755e-36	1.1755e-36	1.1755e-36	4.6356e-17	0.00e+00	0.00e+00	2.0346e+01
5.12728e+16	4.7779e+03	1.458e-18	1.6681e+03	4.6531e+02	1.8089e-08	7.2287e-01	2.7712e-01	9.8263e-01	1.7370e-02	5.2467e-09	1.4088e-10	1.0628e-03	9.9421e-01	4.7229e-03	1.1755e-36	7.6856e-01	2.3143e-01	3.9383e-06	1.1755e-36	1.1755e-36	1.1755e-36	4.9857e-17	0.00e+00	0.00e+00	2.0501e+01
5.12925e+16	4.7164e+03	1.416e-18	1.6681e+03	4.5604e+02	2.0413e-08	7.2877e-01	2.7123e-01	9.8275e-01	1.7251e-02	5.2474e-09	1.4656e-10	1.0452e-03	9.9433e-01	4.6269e-03	1.1755e-36	7.7389e-01	2.2610e-01	3.7879e-06	1.1755e-36	1.1755e-36	1.1755e-36	5.4000e-17	0.00e+00	0.00e+00	2.0647e+01
5.13103e+16	4.6643e+03	1.378e-18	1.6681e+03	4.4734e+02	2.2646e-08	7.3373e-01	2.6627e-01	9.8283e-01	1.7172e-02	5.2643e-09	1.5142e-10	1.0283e-03	9.9442e-01	4.5474e-03	1.1755e-36	7.7837e-01	2.2163e-01	3.6617e-06	1.1755e-36	1.1755e-36	1.1755e-36	5.7773e-17	0.00e+00	0.00e+00	2.0776e+01
5.13271e+16	4.6134e+03	1.343e-18	1.6681e+03	4.3928e+02	2.5088e-08	7.3853e-01	2.6147e-01	9.8291e-01	1.7088e-02	5.2753e-09	1.5652e-10	1.0128e-03	9.9452e-01	4.4699e-03	1.1755e-36	7.8269e-01	2.1731e-01	3.5430e-06	1.1755e-36	1.1755e-36	1.1755e-36	6.1936e-17	0.00e+00	0.00e+00	2.0907e+01
5.13442e+16	4.5575e+03	1.308e-18	1.6681e+03	4.3126e+02	2.8086e-08	7.4359e-01	2.5641e-01	9.8301e-01	1.6987e-02	5.2771e-09	1.6245e-10	9.9764e-04	9.9461e-01	4.3880e-03	1.1755e-36	7.8723e-01	2.1276e-01	3.4231e-06	1.1755e-36	1.1755e-36	1.1755e-36	6.7062e-17	0.00e+00	0.00e+00	2.1043e+01
5.13610e+16	4.5064e+03	1.274e-18	1.6681e+03	4.2313e+02	3.1176e-08	7.4818e-01	2.5182e-01	9.8308e-01	1.6916e-02	5.2956e-09	1.6796e-10	9.8191e-04	9.9470e-01	4.3150e-03	1.1755e-36	7.9135e-01	2.0865e-01	3.3143e-06	1.1755e-36	1.1755e-36	1.1755e-36	7.2136e-17	0.00e+00	0.00e+00	2.1172e+01
5.13774e+16	4.4519e+03	1.242e-18	1.6681e+03	4.1566e+02	3.4870e-08	7.5296e-01	2.4704e-01	9.8318e-01	1.6820e-02	5.2968e-09	1.7444e-10	9.6787e-04	9.9479e-01	4.2382e-03	1.1755e-36	7.9562e-01	2.0437e-01	3.2065e-06	1.1755e-36	1.1755e-36	1.1755e-36	7.8431e-17	0.00e+00	0.00e+00	2.1302e+01
5.13933e+16	4.4030e+03	1.210e-18	1.6681e+03	4.0799e+02	3.8597e-08	7.5720e-01	2.4280e-01	9.8324e-01	1.6759e-02	5.3177e-09	1.8030e-10	9.5302e-04	9.9488e-01	4.1712e-03	1.1755e-36	7.9942e-01	2.0058e-01	3.1099e-06	1.1755e-36	1.1755e-36	1.1755e-36	8.4521e-17	0.00e+00	0.00e+00	2.1425e+01
5.14091e+16	4.3477e+03	1.180e-18	1.6681e+03	4.0088e+02	4.3300e-08	7.6181e-01	2.3819e-01	9.8334e-01	1.6663e-02	5.3164e-09	1.8762e-10	9.3983e-04	9.9496e-01	4.0974e-03	1.1755e-36	8.0353e-01	1.9647e-01	3.0109e-06	1.1755e-36	1.1755e-36	1.1755e-36	9.2539e-17	0.00e+00	0.00e+00	2.1554e+01
5.14245e+16	4.2963e+03	1.151e-18	1.6681e+03	3.9376e+02	4.8218e-08	7.6602e-01	2.3398e-01	9.8341e-01	1.6591e-02	5.3275e-09	1.9465e-10	9.2638e-04	9.9504e-01	4.0310e-03	1.1755e-36	8.0728e-01	1.9272e-01	2.9210e-06	1.1755e-36	1.1755e-36	1.1755e-36	1.0078e-16	0.00e+00	0.00e+00	2.1673e+01
5.14391e+16	4.2467e+03	1.124e-18	1.6681e+03	3.8705e+02	5.3531e-08	7.7003e-01	2.2997e-01	9.8348e-01	1.6520e-02	5.3370e-09	2.0189e-10	9.1376e-04	9.9512e-01	3.9676e-03	1.1755e-36	8.1084e-01	1.8915e-01	2.8371e-06	1.1755e-36	1.1755e-36	1.1755e-36	1.0980e-16	0.00e+00	0.00e+00	2.1791e+01
5.14537e+16	4.1969e+03	1.098e-18	1.6681e+03	3.8043e+02	5.9488e-08	7.7401e-01	2.2599e-01	9.8355e-01	1.6449e-02	5.3458e-09	2.0965e-10	9.0137e-04	9.9519e-01	3.9050e-03	1.1755e-36	8.1437e-01	1.8562e-01	2.7555e-06	1.1755e-36	1.1755e-36	1.1755e-36	1.2006e-16	0.00e+00	0.00e+00	2.1910e+01
5.14683e+16	4.1464e+03	1.072e-18	1.6681e+03	3.7386e+02	6.6214e-08	7.7798e-01	2.2202e-01	9.8362e-01	1.6378e-02	5.3547e-09	2.1802e-10	8.8911e-04	9.9527e-01	3.8428e-03	1.1755e-36	8.1788e-01	1.8212e-01	2.6759e-06	1.1755e-36	1.1755e-36	1.1755e-36	1.3182e-16	0.00e+00	0.00e+00	2.2029e+01
5.14827e+16	4.0958e+03	1.046e-18	1.6681e+03	3.6737e+02	7.3725e-08	7.8187e-01	2.1813e-01	9.8369e-01	1.6308e-02	5.3638e-09	2.2691e-10	8.7707e-04	9.9534e-01	3.7819e-03	1.1755e-36	8.2132e-01	1.7867e-01	2.5992e-06	1.1755e-36	1.1755e-36	1.1755e-36	1.4513e-16	0.00e+00	0.00e+00	2.2147e+01
5.14969e+16	4.0455e+03	1.022e-18	1.6681e+03	3.6104e+02	8.2024e-08	7.8566e-01	2.1434e-01	9.8376e-01	1.6240e-02	5.3728e-09	2.3630e-10	8.6538e-04	9.9541e-01	3.7227e-03	1.1755e-36	8.2468e-01	1.7532e-01	2.5258e-06	1.1755e-36	1.1755e-36	1.1755e-36	1.6010e-16	0.00e+00	0.00e+00	2.2264e+01
5.15109e+16	3.9955e+03	9.980e-19	1.6681e+03	3.5485e+02	9.1169e-08	7.8939e-01	2.1061e-01	9.8383e-01	1.6173e-02	5.3816e-09	2.4624e-10	8.5401e-04	9.9548e-01	3.6650e-03	1.1755e-36	8.2796e-01	1.7203e-01	2.4551e-06	1.1755e-36	1.1755e-36	1.1755e-36	1.7695e-16	0.00e+00	0.00e+00	2.2380e+01
###########################
3.23553e+12	7.6700e+03	8.076e-18	1.6681e+03	1.8001e+03	2.0137e-14	5.3301e-03	9.9467e-01	2.8557e-02	9.7034e-01	1.1003e-03	4.7862e-16	5.5432e-04	3.5168e-01	6.4751e-01	2.5239e-04	4.6246e-03	7.6230e-01	2.3302e-01	5.6046e-05	1.1755e-36	1.1755e-36	3.0124e-24	0.00e+00	0.00e+00	3.6329e-04
1.94132e+13	7.6672e+03	8.071e-18	1.6681e+03	1.7998e+03	2.0103e-14	5.3271e-03	9.9467e-01	2.8558e-02	9.7034e-01	1.0994e-03	4.7678e-16	5.5347e-04	3.5170e-01	6.4749e-01	2.5269e-04	4.6217e-03	7.6223e-01	2.3309e-01	5.5881e-05	1.1755e-36	1.1755e-36	2.9906e-24	0.00e+00	0.00e+00	1.8156e-03
8.41237e+13	7.6602e+03	8.056e-18	1.6681e+03	1.7998e+03	2.0179e-14	5.3243e-03	9.9468e-01	2.8590e-02	9.7032e-01	1.0917e-03	4.7711e-16	5.5307e-04	3.5198e-01	6.4721e-01	2.5176e-04	4.6214e-03	7.6243e-01	2.3289e-01	5.5040e-05	1.1755e-36	1.1755e-36	2.9894e-24	0.00e+00	0.00e+00	7.6219e-03
3.42966e+14	7.6473e+03	8.008e-18	1.6681e+03	1.7997e+03	2.0337e-14	5.3240e-03	9.9468e-01	2.8732e-02	9.7021e-01	1.0540e-03	4.7951e-16	5.5475e-04	3.5322e-01	6.4598e-01	2.4854e-04	4.6315e-03	7.6356e-01	2.3175e-01	5.1689e-05	1.1755e-36	1.1755e-36	2.9911e-24	0.00e+00	0.00e+00	3.0846e-02
8.19236e+14	7.5883e+03	7.845e-18	1.6681e+03	1.7998e+03	2.0390e-14	5.2420e-03	9.9476e-01	2.8768e-02	9.7021e-01	1.0272e-03	4.6459e-16	5.5030e-04	3.5388e-01	6.4532e-01	2.4593e-04	4.5681e-03	7.6389e-01	2.3149e-01	4.7849e-05	1.1755e-36	1.1755e-36	2.8301e-24	0.00e+00	0.00e+00	6.0572e-02
1.43839e+15	7.5280e+03	7.686e-18	1.6681e+03	1.7999e+03	2.0646e-14	5.1851e-03	9.9481e-01	2.8916e-02	9.7012e-01	9.6407e-04	4.5586e-16	5.4972e-04	3.5545e-01	6.4376e-01	2.4078e-04	4.5348e-03	7.6530e-01	2.3012e-01	4.2746e-05	1.1755e-36	1.1755e-36	2.7156e-24	0.00e+00	0.00e+00	9.8797e-02
2.24328e+15	7.4640e+03	7.523e-18	1.6681e+03	1.7999e+03	2.1113e-14	5.1480e-03	9.9485e-01	2.9194e-02	9.6994e-01	8.6685e-04	4.5227e-16	5.5233e-04	3.5804e-01	6.4117e-01	2.3306e-04	4.5276e-03	7.6790e-01	2.2754e-01	3.6533e-05	1.1755e-36	1.1755e-36	2.6349e-24	0.00e+00	0.00e+00	1.4813e-01
3.28965e+15	7.3932e+03	7.356e-18	1.6681e+03	1.7999e+03	2.1892e-14	5.1362e-03	9.9486e-01	2.9655e-02	9.6961e-01	7.3758e-04	4.5511e-16	5.5828e-04	3.6207e-01	6.3715e-01	2.2251e-04	4.5538e-03	7.7201e-01	2.2341e-01	2.9464e-05	1.1755e-36	1.1755e-36	2.5918e-24	0.00e+00	0.00e+00	2.1212e-01
4.64992e+15	7.3228e+03	7.184e-18	1.6681e+03	1.7998e+03	2.2983e-14	5.1565e-03	9.9484e-01	3.0359e-02	9.6906e-01	5.8469e-04	4.6651e-16	5.6968e-04	3.6796e-01	6.3126e-01	2.0922e-04	4.6229e-03	7.7803e-01	2.1733e-01	2.2033e-05	1.1755e-36	1.1755e-36	2.5989e-24	0.00e+00	0.00e+00	2.9564e-01
6.41828e+15	7.2493e+03	7.014e-18	1.6681e+03	1.7995e+03	2.4645e-14	5.2293e-03	9.9477e-01	3.1447e-02	9.6813e-01	4.2298e-04	4.9166e-16	5.8894e-04	3.7667e-01	6.2255e-01	1.9306e-04	4.7591e-03	7.8658e-01	2.0864e-01	1.4908e-05	1.1755e-36	1.1755e-36	2.6814e-24	0.00e+00	0.00e+00	4.0575e-01
8.71714e+15	7.1788e+03	6.853e-18	1.6681e+03	1.7991e+03	2.7182e-14	5.3827e-03	9.9462e-01	3.3132e-02	9.6660e-01	2.7277e-04	5.4051e-16	6.2016e-04	3.8951e-01	6.0969e-01	1.7424e-04	4.9969e-03	7.9841e-01	1.9658e-01	8.8491e-06	1.1755e-36	1.1755e-36	2.8996e-24	0.00e+00	0.00e+00	5.5308e-01
1.17057e+16	7.1124e+03	6.717e-18	1.6681e+03	1.7983e+03	3.1328e-14	5.6724e-03	9.9433e-01	3.5830e-02	9.6402e-01	1.5249e-04	6.3362e-16	6.7106e-04	4.0878e-01	5.9040e-01	1.5249e-04	5.4046e-03	8.1454e-01	1.8005e-01	4.4188e-06	1.1755e-36	1.1755e-36	3.3702e-24	0.00e+00	0.00e+00	7.5493e-01
1.55907e+16	7.0565e+03	6.622e-18	1.6681e+03	1.7964e+03	3.8634e-14	6.2017e-03	9.9380e-01	4.0321e-02	9.5961e-01	7.1554e-05	8.2077e-16	7.5575e-04	4.3823e-01	5.6089e-01	1.2725e-04	6.1111e-03	8.3626e-01	1.5762e-01	1.7533e-06	1.1755e-36	1.1755e-36	4.4016e-24	0.00e+00	0.00e+00	1.0418e+00
1.95155e+16	7.0138e+03	6.580e-18	1.6681e+03	1.7943e+03	4.8501e-14	6.8766e-03	9.9312e-01	4.6060e-02	9.5391e-01	3.2994e-05	1.0912e-15	8.5708e-04	4.7167e-01	5.2736e-01	1.0491e-04	6.9958e-03	8.5741e-01	1.3559e-01	6.7931e-07	1.1755e-36	1.1755e-36	5.9719e-24	0.00e+00	0.00e+00	1.2923e+00
2.25333e+16	7.0210e+03	6.609e-18	1.6681e+03	1.7924e+03	5.8814e-14	7.6042e-03	9.9240e-01	5.2153e-02	9.4783e-01	1.8552e-05	1.4345e-15	9.5858e-04	5.0272e-01	4.9623e-01	8.8311e-05	7.9309e-03	8.7434e-01	1.1773e-01	3.2013e-07	1.1755e-36	1.1755e-36	8.1426e-24	0.00e+00	0.00e+00	1.4987e+00
2.49142e+16	7.0338e+03	6.675e-18	1.6681e+03	1.7901e+03	7.0685e-14	8.3710e-03	9.9163e-01	5.8557e-02	9.4143e-01	1.1886e-05	1.8600e-15	1.0581e-03	5.3155e-01	4.6731e-01	7.5180e-05	8.9072e-03	8.8810e-01	1.0300e-01	1.7208e-07	1.1755e-36	1.1755e-36	1.1015e-23	0.00e+00	0.00e+00	1.6913e+00
2.70416e+16	7.0512e+03	6.759e-18	1.6681e+03	1.7878e+03	8.5283e-14	9.2377e-03	9.9076e-01	6.5932e-02	9.3406e-01	8.0194e-06	2.4246e-15	1.1643e-03	5.6081e-01	4.3796e-01	6.3593e-05	1.0008e-02	9.0039e-01	8.9600e-02	1.1755e-36	1.1755e-36	1.1755e-36	1.5067e-23	0.00e+00	0.00e+00	1.8928e+00
2.90727e+16	7.0741e+03	6.861e-18	1.6681e+03	1.7850e+03	1.0408e-13	1.0265e-02	9.8973e-01	7.4908e-02	9.2509e-01	5.5285e-06	3.2105e-15	1.2814e-03	5.9181e-01	4.0686e-01	5.2903e-05	1.1310e-02	9.1182e-01	7.6871e-02	1.1755e-36	1.1755e-36	1.1755e-36	2.1086e-23	0.00e+00	0.00e+00	2.1082e+00
3.09967e+16	7.1034e+03	6.976e-18	1.6681e+03	1.7815e+03	1.2822e-13	1.1478e-02	9.8852e-01	8.5894e-02	9.1410e-01	3.9045e-06	4.3092e-15	1.4093e-03	6.2421e-01	3.7434e-01	4.3230e-05	1.2846e-02	9.2214e-01	6.5014e-02	1.1755e-36	1.1755e-36	1.1755e-36	3.0124e-23	0.00e+00	0.00e+00	2.3326e+00
3.27767e+16	7.1356e+03	7.106e-18	1.6681e+03	1.7781e+03	1.5936e-13	1.2891e-02	9.8711e-01	9.9249e-02	9.0075e-01	2.8366e-06	5.8412e-15	1.5421e-03	6.5721e-01	3.4121e-01	3.4731e-05	1.4632e-02	9.3108e-01	5.4291e-02	1.1755e-36	1.1755e-36	1.1755e-36	4.3765e-23	0.00e+00	0.00e+00	2.5639e+00
3.44204e+16	7.1527e+03	7.244e-18	1.6681e+03	1.7715e+03	2.0169e-13	1.4543e-02	9.8546e-01	1.1524e-01	8.8476e-01	2.0955e-06	7.9528e-15	1.6834e-03	6.9037e-01	3.0791e-01	2.7382e-05	1.6716e-02	9.3852e-01	4.4761e-02	1.1755e-36	1.1755e-36	1.1755e-36	6.3862e-23	0.00e+00	0.00e+00	2.8065e+00
3.59663e+16	7.1870e+03	7.387e-18	1.6681e+03	1.7663e+03	2.5576e-13	1.6497e-02	9.8350e-01	1.3545e-01	8.6455e-01	1.5815e-06	1.0991e-14	1.8304e-03	7.2386e-01	2.7429e-01	2.1064e-05	1.9177e-02	9.4460e-01	3.6222e-02	1.1755e-36	1.1755e-36	1.1755e-36	9.5531e-23	0.00e+00	0.00e+00	3.0686e+00
3.74296e+16	7.2182e+03	7.543e-18	1.6681e+03	1.7605e+03	3.3079e-13	1.8862e-02	9.8114e-01	1.6133e-01	8.3866e-01	1.2050e-06	1.5477e-14	1.9802e-03	7.5765e-01	2.4036e-01	1.5691e-05	2.2149e-02	9.4920e-01	2.8648e-02	1.1755e-36	1.1755e-36	1.1755e-36	1.4668e-22	0.00e+00	0.00e+00	3.3504e+00
3.87581e+16	7.2372e+03	7.694e-18	1.6681e+03	1.7504e+03	4.3316e-13	2.1622e-02	9.7838e-01	1.9284e-01	8.0715e-01	9.2739e-07	2.1804e-14	2.1299e-03	7.8970e-01	2.0816e-01	1.1437e-05	2.5608e-02	9.5206e-01	2.2334e-02	1.1755e-36	1.1755e-36	1.1755e-36	2.2487e-22	0.00e+00	0.00e+00	3.6325e+00
3.99079e+16	7.2606e+03	7.839e-18	1.6681e+03	1.7419e+03	5.6225e-13	2.4694e-02	9.7531e-01	2.2997e-01	7.7003e-01	7.3194e-07	3.0507e-14	2.2661e-03	8.1840e-01	1.7932e-01	8.2682e-06	2.9444e-02	9.5322e-01	1.7332e-02	1.1755e-36	1.1755e-36	1.1755e-36	3.4281e-22	0.00e+00	0.00e+00	3.9085e+00
4.08990e+16	7.2803e+03	7.959e-18	1.6681e+03	1.7312e+03	7.2231e-13	2.8019e-02	9.7198e-01	2.7200e-01	7.2800e-01	5.8694e-07	4.1983e-14	2.3849e-03	8.4327e-01	1.5434e-01	5.9736e-06	3.3587e-02	9.5296e-01	1.3457e-02	1.1755e-36	1.1755e-36	1.1755e-36	5.1079e-22	0.00e+00	0.00e+00	4.1803e+00
4.17771e+16	7.2964e+03	8.058e-18	1.6681e+03	1.7187e+03	9.2418e-13	3.1680e-02	9.6832e-01	3.1973e-01	6.8027e-01	4.7304e-07	5.7353e-14	2.4888e-03	8.6500e-01	1.3251e-01	4.2908e-06	3.8135e-02	9.5146e-01	1.0405e-02	1.1755e-36	1.1755e-36	1.1755e-36	7.5217e-22	0.00e+00	0.00e+00	4.4590e+00
4.25817e+16	7.3081e+03	8.141e-18	1.6681e+03	1.7048e+03	1.1885e-12	3.5843e-02	9.6416e-01	3.7451e-01	6.2549e-01	3.7901e-07	7.8685e-14	2.5810e-03	8.8428e-01	1.1313e-01	3.0378e-06	4.3291e-02	9.4876e-01	7.9528e-03	1.1755e-36	1.1755e-36	1.1755e-36	1.1100e-21	0.00e+00	0.00e+00	4.7513e+00
4.33253e+16	7.3181e+03	8.204e-18	1.6681e+03	1.6887e+03	1.5359e-12	4.0605e-02	9.5939e-01	4.3617e-01	5.6383e-01	3.0046e-07	1.0862e-13	2.6603e-03	9.0117e-01	9.6171e-02	2.1200e-06	4.9170e-02	9.4483e-01	5.9993e-03	1.1755e-36	1.1755e-36	1.1755e-36	1.6450e-21	0.00e+00	0.00e+00	5.0562e+00
4.40099e+16	7.3245e+03	8.246e-18	1.6681e+03	1.6708e+03	1.9957e-12	4.6050e-02	9.5395e-01	5.0293e-01	4.9707e-01	2.3500e-07	1.5073e-13	2.7258e-03	9.1560e-01	8.1668e-02	1.4643e-06	5.5869e-02	9.3966e-01	4.4756e-03	1.1755e-36	1.1755e-36	1.1755e-36	2.4457e-21	0.00e+00	0.00e+00	5.3745e+00
4.46450e+16	7.3274e+03	8.267e-18	1.6681e+03	1.6510e+03	2.6121e-12	5.2327e-02	9.4767e-01	5.7244e-01	4.2756e-01	1.8069e-07	2.1053e-13	2.7780e-03	9.2779e-01	6.9435e-02	1.0023e-06	6.3564e-02	9.3314e-01	3.3011e-03	1.1755e-36	1.1755e-36	1.1755e-36	3.6596e-21	0.00e+00	0.00e+00	5.7128e+00
4.52458e+16	7.3286e+03	8.247e-18	1.6681e+03	1.6251e+03	3.4420e-12	5.9591e-02	9.4041e-01	6.4182e-01	3.5818e-01	1.3579e-07	2.9489e-13	2.8100e-03	9.3793e-01	5.9263e-02	6.8106e-07	7.2435e-02	9.2516e-01	2.4028e-03	1.1755e-36	1.1755e-36	1.1755e-36	5.4876e-21	0.00e+00	0.00e+00	6.0818e+00
4.58316e+16	7.3242e+03	8.223e-18	1.6681e+03	1.6002e+03	4.6618e-12	6.8626e-02	9.3137e-01	7.1020e-01	2.8980e-01	9.9042e-08	4.2415e-13	2.8372e-03	9.4670e-01	5.0459e-02	4.5142e-07	8.3419e-02	9.1488e-01	1.7048e-03	1.1755e-36	1.1755e-36	1.1755e-36	8.5633e-21	0.00e+00	0.00e+00	6.5037e+00
4.64067e+16	7.3173e+03	8.175e-18	1.6681e+03	1.5725e+03	6.4966e-12	8.0025e-02	9.1997e-01	7.7340e-01	2.2660e-01	7.0206e-08	6.2468e-13	2.8530e-03	9.5417e-01	4.2974e-02	2.9242e-07	9.7203e-02	9.0162e-01	1.1770e-03	1.1755e-36	1.1755e-36	1.1755e-36	1.3922e-20	0.00e+00	0.00e+00	6.9812e+00
4.69602e+16	7.3053e+03	8.095e-18	1.6681e+03	1.5415e+03	9.3140e-12	9.4387e-02	9.0561e-01	8.2711e-01	1.7289e-01	4.8948e-08	9.3541e-13	2.8553e-03	9.6040e-01	3.6740e-02	1.8671e-07	1.1446e-01	8.8475e-01	7.9595e-04	1.1755e-36	1.1755e-36	1.1755e-36	2.3504e-20	0.00e+00	0.00e+00	7.5185e+00
4.74863e+16	7.2885e+03	7.967e-18	1.6681e+03	1.5059e+03	1.3716e-11	1.1248e-01	8.8752e-01	8.6974e-01	1.3026e-01	3.4032e-08	1.4184e-12	2.8418e-03	9.6562e-01	3.1543e-02	1.1755e-36	1.3603e-01	8.6344e-01	5.2976e-04	1.1755e-36	1.1755e-36	1.1755e-36	4.1144e-20	0.00e+00	0.00e+00	8.1250e+00
4.79814e+16	7.2649e+03	7.759e-18	1.6681e+03	1.4610e+03	2.0691e-11	1.3503e-01	8.6497e-01	9.0190e-01	9.8100e-02	2.3947e-08	2.1611e-12	2.8034e-03	9.6999e-01	2.7208e-02	1.1755e-36	1.6265e-01	8.3700e-01	3.4895e-04	1.1755e-36	1.1755e-36	1.1755e-36	7.3829e-20	0.00e+00	0.00e+00	8.8053e+00
4.84410e+16	7.2262e+03	7.466e-18	1.6681e+03	1.4081e+03	3.2124e-11	1.6316e-01	8.3684e-01	9.2558e-01	7.4418e-02	1.7184e-08	3.3175e-12	2.7430e-03	9.7377e-01	2.3486e-02	1.1755e-36	1.9547e-01	8.0430e-01	2.2816e-04	1.1755e-36	1.1755e-36	1.1755e-36	1.3614e-19	0.00e+00	0.00e+00	9.5629e+00
4.88583e+16	7.1682e+03	7.087e-18	1.6681e+03	1.3481e+03	5.1197e-11	1.9769e-01	8.0231e-01	9.4228e-01	5.7718e-02	1.2814e-08	5.1147e-12	2.6628e-03	9.7708e-01	2.0258e-02	1.1755e-36	2.3517e-01	7.6468e-01	1.4904e-04	1.1755e-36	1.1755e-36	1.1755e-36	2.5659e-19	0.00e+00	0.00e+00	1.0383e+01
4.92261e+16	7.0885e+03	6.614e-18	1.6681e+03	1.2791e+03	8.2472e-11	2.3804e-01	7.6196e-01	9.5385e-01	4.6150e-02	1.0010e-08	7.7798e-12	2.5587e-03	9.7993e-01	1.7515e-02	1.1755e-36	2.8076e-01	7.1915e-01	9.8564e-05	1.1755e-36	1.1755e-36	1.1755e-36	4.7940e-19	0.00e+00	0.00e+00	1.1240e+01
4.95238e+16	6.9942e+03	6.108e-18	1.6681e+03	1.2081e+03	1.2885e-10	2.8018e-01	7.1982e-01	9.6130e-01	3.8702e-02	8.3375e-09	1.1279e-11	2.4432e-03	9.8219e-01	1.5370e-02	1.1755e-36	3.2746e-01	6.7247e-01	6.8335e-05	1.1755e-36	1.1755e-36	1.1755e-36	8.4067e-19	0.00e+00	0.00e+00	1.1988e+01
4.97368e+16	6.9026e+03	5.663e-18	1.6681e+03	1.1461e+03	1.8456e-10	3.1668e-01	6.8332e-01	9.6567e-01	3.4334e-02	7.4299e-09	1.4956e-11	2.3377e-03	9.8378e-01	1.3879e-02	1.1755e-36	3.6720e-01	6.3275e-01	5.1546e-05	1.1755e-36	1.1755e-36	1.1755e-36	1.2931e-18	0.00e+00	0.00e+00	1.2564e+01
4.98870e+16	6.8223e+03	5.310e-18	1.6681e+03	1.0972e+03	2.4295e-10	3.4578e-01	6.5422e-01	9.6839e-01	3.1605e-02	6.8899e-09	1.8372e-11	2.2522e-03	9.8491e-01	1.2843e-02	1.1755e-36	3.9840e-01	6.0156e-01	4.1801e-05	1.1755e-36	1.1755e-36	1.1755e-36	1.7733e-18	0.00e+00	0.00e+00	1.3029e+01
5.00080e+16	6.7435e+03	5.004e-18	1.6681e+03	1.0548e+03	3.0832e-10	3.7140e-01	6.2860e-01	9.7042e-01	2.9582e-02	6.5000e-09	2.1778e-11	2.1772e-03	9.8582e-01	1.2005e-02	1.1755e-36	4.2554e-01	5.7442e-01	3.5027e-05	1.1755e-36	1.1755e-36	1.1755e-36	2.3048e-18	0.00e+00	0.00e+00	1.3476e+01
5.01222e+16	6.6617e+03	4.695e-18	1.6681e+03	1.0112e+03	3.8958e-10	3.9703e-01	6.0297e-01	9.7220e-01	2.7803e-02	6.1767e-09	2.5559e-11	2.0986e-03	9.8667e-01	1.1235e-02	1.1755e-36	4.5238e-01	5.4759e-01	2.9494e-05	1.1755e-36	1.1755e-36	1.1755e-36	2.9514e-18	0.00e+00	0.00e+00	1.3953e+01
5.02320e+16	6.5704e+03	4.386e-18	1.6681e+03	9.6699e+02	4.9530e-10	4.2336e-01	5.7664e-01	9.7375e-01	2.6250e-02	5.9093e-09	2.9891e-11	2.0182e-03	9.8747e-01	1.0512e-02	1.1755e-36	4.7964e-01	5.2034e-01	2.4882e-05	1.1755e-36	1.1755e-36	1.1755e-36	3.7630e-18	0.00e+00	0.00e+00	1.4424e+01
5.03311e+16	6.4772e+03	4.097e-18	1.6681e+03	9.2484e+02	6.2324e-10	4.4846e-01	5.5154e-01	9.7501e-01	2.4992e-02	5.7109e-09	3.4470e-11	1.9407e-03	9.8818e-01	9.8778e-03	1.1755e-36	5.0532e-01	4.9466e-01	2.1258e-05	1.1755e-36	1.1755e-36	1.1755e-36	4.6983e-18	0.00e+00	0.00e+00	1.4861e+01
5.04179e+16	6.3859e+03	3.839e-18	1.6681e+03	8.8627e+02	7.7113e-10	4.7145e-01	5.2855e-01	9.7602e-01	2.3979e-02	5.5639e-09	3.9084e-11	1.8692e-03	9.8880e-01	9.3331e-03	1.1755e-36	5.2859e-01	4.7139e-01	1.8455e-05	1.1755e-36	1.1755e-36	1.1755e-36	5.7171e-18	0.00e+00	0.00e+00	1.5264e+01
5.04958e+16	6.2954e+03	3.603e-18	1.6681e+03	8.5046e+02	9.4329e-10	4.9281e-01	5.0719e-01	9.7687e-01	2.3128e-02	5.4504e-09	4.3762e-11	1.8023e-03	9.8935e-01	8.8518e-03	1.1755e-36	5.5000e-01	4.4998e-01	1.6208e-05	1.1755e-36	1.1755e-36	1.1755e-36	6.8256e-18	0.00e+00	0.00e+00	1.5651e+01
5.05685e+16	6.2030e+03	3.382e-18	1.6681e+03	8.1607e+02	1.1499e-09	5.1331e-01	4.8669e-01	9.7762e-01	2.2385e-02	5.3604e-09	4.8640e-11	1.7377e-03	9.8985e-01	8.4102e-03	1.1755e-36	5.7037e-01	4.2961e-01	1.4322e-05	1.1755e-36	1.1755e-36	1.1755e-36	8.0595e-18	0.00e+00	0.00e+00	1.6034e+01
5.06376e+16	6.1078e+03	3.172e-18	1.6681e+03	7.8270e+02	1.4011e-09	5.3322e-01	4.6678e-01	9.7827e-01	2.1726e-02	5.2903e-09	5.3767e-11	1.6746e-03	9.9033e-01	8.0002e-03	1.1755e-36	5.8997e-01	4.1002e-01	1.2711e-05	1.1755e-36	1.1755e-36	1.1755e-36	9.4411e-18	0.00e+00	0.00e+00	1.6412e+01
5.06931e+16	6.0278e+03	3.009e-18	1.6681e+03	7.5595e+02	1.6489e-09	5.4924e-01	4.5076e-01	9.7873e-01	2.1270e-02	5.2561e-09	5.8201e-11	1.6238e-03	9.9068e-01	7.6934e-03	1.1755e-36	6.0562e-01	3.9437e-01	1.1564e-05	1.1755e-36	1.1755e-36	1.1755e-36	1.0708e-17	0.00e+00	0.00e+00	1.6665e+01
5.07326e+16	5.9583e+03	2.895e-18	1.6681e+03	7.3742e+02	1.8823e-09	5.6140e-01	4.3860e-01	9.7909e-01	2.0913e-02	5.2137e-09	6.1900e-11	1.5891e-03	9.9095e-01	7.4582e-03	1.1755e-36	6.1744e-01	3.8255e-01	1.0775e-05	1.1755e-36	1.1755e-36	1.1755e-36	1.1819e-17	0.00e+00	0.00e+00	1.6873e+01
5.07684e+16	5.9119e+03	2.784e-18	1.6681e+03	7.1856e+02	2.0807e-09	5.7144e-01	4.2856e-01	9.7935e-01	2.0653e-02	5.2151e-09	6.4826e-11	1.5522e-03	9.9118e-01	7.2702e-03	1.1755e-36	6.2712e-01	3.7287e-01	1.0123e-05	1.1755e-36	1.1755e-36	1.1755e-36	1.2721e-17	0.00e+00	0.00e+00	1.7093e+01
5.08094e+16	5.8357e+03	2.661e-18	1.6681e+03	6.9761e+02	2.4021e-09	5.8405e-01	4.1595e-01	9.7971e-01	2.0288e-02	5.1825e-09	6.8904e-11	1.5123e-03	9.9146e-01	7.0303e-03	1.1755e-36	6.3926e-01	3.6073e-01	9.3866e-06	1.1755e-36	1.1755e-36	1.1755e-36	1.4027e-17	0.00e+00	0.00e+00	1.7373e+01
5.08548e+16	5.7548e+03	2.529e-18	1.6681e+03	6.7467e+02	2.8073e-09	5.9773e-01	4.0227e-01	9.8006e-01	1.9939e-02	5.1657e-09	7.3563e-11	1.4682e-03	9.9175e-01	6.7818e-03	1.1755e-36	6.5234e-01	3.4766e-01	8.6440e-06	1.1755e-36	1.1755e-36	1.1755e-36	1.5595e-17	0.00e+00	0.00e+00	1.7658e+01
5.08980e+16	5.6741e+03	2.406e-18	1.6681e+03	6.5289e+02	3.2747e-09	6.1074e-01	3.8926e-01	9.8037e-01	1.9628e-02	5.1566e-09	7.8276e-11	1.4263e-03	9.9202e-01	6.5524e-03	1.1755e-36	6.6471e-01	3.3528e-01	7.9914e-06	1.1755e-36	1.1755e-36	1.1755e-36	1.7261e-17	0.00e+00	0.00e+00	1.7922e+01
5.09380e+16	5.5951e+03	2.294e-18	1.6681e+03	6.3264e+02	3.8026e-09	6.2285e-01	3.7715e-01	9.8065e-01	1.9349e-02	5.1513e-09	8.2940e-11	1.3872e-03	9.9227e-01	6.3427e-03	1.1755e-36	6.7616e-01	3.2383e-01	7.4252e-06	1.1755e-36	1.1755e-36	1.1755e-36	1.8994e-17	0.00e+00	0.00e+00	1.8177e+01
5.09768e+16	5.5148e+03	2.187e-18	1.6681e+03	6.1286e+02	4.4244e-09	6.3465e-01	3.6535e-01	9.8092e-01	1.9085e-02	5.1496e-09	8.7765e-11	1.3489e-03	9.9251e-01	6.1414e-03	1.1755e-36	6.8727e-01	3.1273e-01	6.9079e-06	1.1755e-36	1.1755e-36	1.1755e-36	2.0879e-17	0.00e+00	0.00e+00	1.8436e+01
5.10159e+16	5.4308e+03	2.081e-18	1.6681e+03	5.9293e+02	5.1838e-09	6.4651e-01	3.5349e-01	9.8117e-01	1.8830e-02	5.1525e-09	9.2935e-11	1.3103e-03	9.9275e-01	5.9428e-03	1.1755e-36	6.9837e-01	3.0162e-01	6.4201e-06	1.1755e-36	1.1755e-36	1.1755e-36	2.3014e-17	0.00e+00	0.00e+00	1.8705e+01
5.10552e+16	5.3388e+03	1.978e-18	1.6681e+03	5.7325e+02	6.1567e-09	6.5864e-01	3.4136e-01	9.8143e-01	1.8565e-02	5.1490e-09	9.8730e-11	1.2723e-03	9.9298e-01	5.7433e-03	1.1755e-36	7.0966e-01	2.9033e-01	5.9578e-06	1.1755e-36	1.1755e-36	1.1755e-36	2.5567e-17	0.00e+00	0.00e+00	1.8977e+01
5.10936e+16	5.2485e+03	1.879e-18	1.6681e+03	5.5388e+02	7.3041e-09	6.7024e-01	3.2976e-01	9.8167e-01	1.8333e-02	5.1578e-09	1.0466e-10	1.2347e-03	9.9321e-01	5.5571e-03	1.1755e-36	7.2041e-01	2.7958e-01	5.5401e-06	1.1755e-36	1.1755e-36	1.1755e-36	2.8359e-17	0.00e+00	0.00e+00	1.9242e+01
5.11310e+16	5.1567e+03	1.785e-18	1.6681e+03	5.3510e+02	8.6964e-09	6.8149e-01	3.1851e-01	9.8189e-01	1.8112e-02	5.1686e-09	1.1095e-10	1.1983e-03	9.9342e-01	5.3793e-03	1.1755e-36	7.3080e-01	2.6920e-01	5.1586e-06	1.1755e-36	1.1755e-36	1.1755e-36	3.1549e-17	0.00e+00	0.00e+00	1.9509e+01
5.11681e+16	5.0619e+03	1.695e-18	1.6681e+03	5.1656e+02	1.0428e-08	6.9260e-01	3.0740e-01	9.8210e-01	1.7898e-02	5.1817e-09	1.1780e-10	1.1623e-03	9.9363e-01	5.2067e-03	1.1755e-36	7.4099e-01	2.5900e-01	4.8039e-06	1.1755e-36	1.1755e-36	1.1755e-36	3.5320e-17	0.00e+00	0.00e+00	1.9779e+01
5.11978e+16	4.9873e+03	1.628e-18	1.6681e+03	5.0237e+02	1.2048e-08	7.0108e-01	2.9892e-01	9.8224e-01	1.7758e-02	5.2012e-09	1.2357e-10	1.1347e-03	9.9379e-01	5.0800e-03	1.1755e-36	7.4874e-01	2.5125e-01	4.5496e-06	1.1755e-36	1.1755e-36	1.1755e-36	3.8716e-17	0.00e+00	0.00e+00	1.9944e+01
5.12173e+16	4.9294e+03	1.584e-18	1.6681e+03	4.9301e+02	1.3435e-08	7.0691e-01	2.9309e-01	9.8235e-01	1.7648e-02	5.2041e-09	1.2800e-10	1.1168e-03	9.9390e-01	4.9846e-03	1.1755e-36	7.5407e-01	2.4592e-01	4.3842e-06	1.1755e-36	1.1755e-36	1.1755e-36	4.1371e-17	0.00e+00	0.00e+00	2.0068e+01
5.12337e+16	4.8916e+03	1.546e-18	1.6681e+03	4.8467e+02	1.4491e-08	7.1133e-01	2.8867e-01	9.8241e-01	1.7587e-02	5.2289e-09	1.3116e-10	1.1002e-03	9.9399e-01	4.9132e-03	1.1755e-36	7.5809e-01	2.4190e-01	4.2532e-06	1.1755e-36	1.1755e-36	1.1755e-36	4.3340e-17	0.00e+00	0.00e+00	2.0188e+01
5.12521e+16	4.8355e+03	1.504e-18	1.6681e+03	4.7539e+02	1.6147e-08	7.1695e-01	2.8305e-01	9.8253e-01	1.7473e-02	5.2323e-09	1.3580e-10	1.0824e-03	9.9410e-01	4.8193e-03	1.1755e-36	7.6320e-01	2.3680e-01	4.0983e-06	1.1755e-36	1.1755e-36	1.1755e-36	4.6365e-17	0.00e+00	0.00e+00	2.0346e+01
5.12728e+16	4.7779e+03	1.458e-18	1.6681e+03	4.6531e+02	1.8090e-08	7.2288e-01	2.7712e-01	9.8263e-01	1.7369e-02	5.2467e-09	1.4090e-10	1.0628e-03	9.9421e-01	4.7230e-03	1.1755e-36	7.6856e-01	2.3143e-01	3.9382e-06	1.1755e-36	1.1755e-36	1.1755e-36	4.9867e-17	0.00e+00	0.00e+00	2.0501e+01
5.12925e+16	4.7164e+03	1.416e-18	1.6681e+03	4.5604e+02	2.0414e-08	7.2877e-01	2.7123e-01	9.8275e-01	1.7251e-02	5.2474e-09	1.4657e-10	1.0452e-03	9.9433e-01	4.6269e-03	1.1755e-36	7.7389e-01	2.2610e-01	3.7879e-06	1.1755e-36	1.1755e-36	1.1755e-36	5.4011e-17	0.00e+00	0.00e+00	2.0647e+01
5.13103e+16	4.6643e+03	1.378e-18	1.6681e+03	4.4734e+02	2.2648e-08	7.3373e-01	2.6627e-01	9.8283e-01	1.7172e-02	5.2643e-09	1.5144e-10	1.0283e-03	9.9442e-01	4.5474e-03	1.1755e-36	7.7837e-01	2.2163e-01	3.6616e-06	1.1755e-36	1.1755e-36	1.1755e-36	5.7784e-17	0.00e+00	0.00e+00	2.0776e+01
5.13271e+16	4.6134e+03	1.343e-18	1.6681e+03	4.3928e+02	2.5091e-08	7.3853e-01	2.6147e-01	9.8291e-01	1.7088e-02	5.2752e-09	1.5654e-10	1.0128e-03	9.9452e-01	4.4699e-03	1.1755e-36	7.8269e-01	2.1731e-01	3.5430e-06	1.1755e-36	1.1755e-36	1.1755e-36	6.1949e-17	0.00e+00	0.00e+00	2.0907e+01
5.13442e+16	4.5575e+03	1.308e-18	1.6681e+03	4.3126e+02	2.8088e-08	7.4359e-01	2.5641e-01	9.8301e-01	1.6987e-02	5.2771e-09	1.6247e-10	9.9766e-04	9.9461e-01	4.3880e-03	1.1755e-36	7.8723e-01	2.1276e-01	3.4231e-06	1.1755e-36	1.1755e-36	1.1755e-36	6.7075e-17	0.00e+00	0.00e+00	2.1043e+01
5.13610e+16	4.5064e+03	1.274e-18	1.6681e+03	4.2313e+02	3.1178e-08	7.4818e-01	2.5182e-01	9.8308e-01	1.6916e-02	5.2956e-09	1.6798e-10	9.8192e-04	9.9470e-01	4.3150e-03	1.1755e-36	7.9135e-01	2.0865e-01	3.3143e-06	1.1755e-36	1.1755e-36	1.1755e-36	7.2150e-17	0.00e+00	0.00e+00	2.1172e+01
5.13774e+16	4.4519e+03	1.242e-18	1.6681e+03	4.1566e+02	3.4873e-08	7.5296e-01	2.4704e-01	9.8318e-01	1.6820e-02	5.2968e-09	1.7446e-10	9.6789e-04	9.9479e-01	4.2382e-03	1.1755e-36	7.9562e-01	2.0437e-01	3.2064e-06	1.1755e-36	1.1755e-36	1.1755e-36	7.8446e-17	0.00e+00	0.00e+00	2.1302e+01
5.13933e+16	4.4030e+03	1.210e-18	1.6681e+03	4.0799e+02	3.8600e-08	7.5720e-01	2.4280e-01	9.8324e-01	1.6759e-02	5.3177e-09	1.8032e-10	9.5303e-04	9.9488e-01	4.1712e-03	1.1755e-36	7.9942e-01	2.0058e-01	3.1098e-06	1.1755e-36	1.1755e-36	1.1755e-36	8.4537e-17	0.00e+00	0.00e+00	2.1425e+01
5.14091e+16	4.3477e+03	1.180e-18	1.6681e+03	4.0088e+02	4.3304e-08	7.6181e-01	2.3819e-01	9.8334e-01	1.6663e-02	5.3163e-09	1.8764e-10	9.3984e-04	9.9496e-01	4.0974e-03	1.1755e-36	8.0353e-01	1.9647e-01	3.0109e-06	1.1755e-36	1.1755e-36	1.1755e-36	9.2557e-17	0.00e+00	0.00e+00	2.1554e+01
5.14245e+16	4.2964e+03	1.151e-18	1.6681e+03	3.9376e+02	4.8222e-08	7.6602e-01	2.3398e-01	9.8341e-01	1.6591e-02	5.3275e-09	1.9467e-10	9.2640e-04	9.9504e-01	4.0310e-03	1.1755e-36	8.0728e-01	1.9272e-01	2.9210e-06	1.1755e-36	1.1755e-36	1.1755e-36	1.0080e-16	0.00e+00	0.00e+00	2.1673e+01
5.14392e+16	4.2467e+03	1.124e-18	1.6681e+03	3.8705e+02	5.3535e-08	7.7003e-01	2.2997e-01	9.8348e-01	1.6520e-02	5.3369e-09	2.0191e-10	9.1378e-04	9.9512e-01	3.9677e-03	1.1755e-36	8.1084e-01	1.8915e-01	2.8371e-06	1.1755e-36	1.1755e-36	1.1755e-36	1.0982e-16	0.00e+00	0.00e+00	2.1791e+01
5.14537e+16	4.1969e+03	1.098e-18	1.6681e+03	3.8043e+02	5.9494e-08	7.7401e-01	2.2599e-01	9.8355e-01	1.6449e-02	5.3458e-09	2.0967e-10	9.0139e-04	9.9519e-01	3.9050e-03	1.1755e-36	8.1437e-01	1.8562e-01	2.7555e-06	1.1755e-36	1.1755e-36	1.1755e-36	1.2008e-16	0.00e+00	0.00e+00	2.1910e+01
5.14683e+16	4.1464e+03	1.072e-18	1.6681e+03	3.7385e+02	6.6220e-08	7.7798e-01	2.2202e-01	9.8362e-01	1.6377e-02	5.3547e-09	2.1804e-10	8.8912e-04	9.9527e-01	3.8428e-03	1.1755e-36	8.1788e-01	1.8211e-01	2.6759e-06	1.1755e-36	1.1755e-36	1.1755e-36	1.3184e-16	0.00e+00	0.00e+00	2.2029e+01
5.14827e+16	4.0958e+03	1.046e-18	1.6681e+03	3.6737e+02	7.3732e-08	7.8187e-01	2.1813e-01	9.8369e-01	1.6308e-02	5.3638e-09	2.2693e-10	8.7708e-04	9.9534e-01	3.7820e-03	1.1755e-36	8.2133e-01	1.7867e-01	2.5992e-06	1.1755e-36	1.1755e-36	1.1755e-36	1.4516e-16	0.00e+00	0.00e+00	2.2147e+01
5.14970e+16	4.0455e+03	1.022e-18	1.6681e+03	3.6103e+02	8.2034e-08	7.8567e-01	2.1433e-01	9.8376e-01	1.6240e-02	5.3729e-09	2.3633e-10	8.6539e-04	9.9541e-01	3.7228e-03	1.1755e-36	8.2468e-01	1.7531e-01	2.5257e-06	1.1755e-36	1.1755e-36	1.1755e-36	1.6015e-16	0.00e+00	0.00e+00	2.2264e+01
5.15109e+16	3.9955e+03	9.979e-19	1.6681e+03	3.5483e+02	9.1185e-08	7.8940e-01	2.1060e-01	9.8383e-01	1.6174e-02	5.3819e-09	2.4628e-10	8.5399e-04	9.9548e-01	3.6652e-03	1.1755e-36	8.2797e-01	1.7203e-01	2.4550e-06	1.1755e-36	1.1755e-36	1.1755e-36	1.7702e-16	0.00e+00	0.00e+00	2.2380e+01
