#depth	Te	Htot	hden	eden	2H_2/H	HI	HII	HeI	HeII	HeIII	CO/C	C1	C2	C3	C4	O1	O2	O3	O4	O5	O6	H2O/O	AV(point)	AV(extend)	Tau912
7.19563e+13	6.4584e+03	2.000e-20	7.7426e+01	8.4172e+01	5.7679e-16	6.1016e-04	9.9939e-01	3.2908e-03	9.8680e-01	9.9069e-03	1.6700e-20	9.8375e-06	5.7750e-02	9.3785e-01	4.3892e-03	6.8849e-05	1.6242e-01	8.3330e-01	4.2136e-03	1.1755e-36	1.1755e-36	1.6853e-28	0.00e+00	0.00e+00	4.2919e-05
4.31738e+14	6.4575e+03	2.000e-20	7.7426e+01	8.4167e+01	5.7699e-16	6.1007e-04	9.9939e-01	3.2906e-03	9.8681e-01	9.8993e-03	1.6682e-20	9.8312e-06	5.7744e-02	9.3785e-01	4.4005e-03	6.8805e-05	1.6234e-01	8.3339e-01	4.1988e-03	1.1755e-36	1.1755e-36	1.6832e-28	0.00e+00	0.00e+00	2.1457e-04
1.87087e+15	6.4558e+03	1.999e-20	7.7426e+01	8.4166e+01	5.7747e-16	6.0991e-04	9.9939e-01	3.2910e-03	9.8687e-01	9.8369e-03	1.6665e-20	9.8223e-06	5.7743e-02	9.3785e-01	4.3969e-03	6.8777e-05	1.6232e-01	8.3347e-01	4.1378e-03	1.1755e-36	1.1755e-36	1.6808e-28	0.00e+00	0.00e+00	9.0100e-04
7.62737e+15	6.4506e+03	1.998e-20	7.7426e+01	8.4164e+01	5.7949e-16	6.0978e-04	9.9939e-01	3.2941e-03	9.8720e-01	9.5092e-03	1.6670e-20	9.8121e-06	5.7780e-02	9.3784e-01	4.3686e-03	6.8821e-05	1.6240e-01	8.3363e-01	3.9030e-03	1.1755e-36	1.1755e-36	1.6787e-28	0.00e+00	0.00e+00	3.6461e-03
1.82193e+16	6.4371e+03	1.991e-20	7.7426e+01	8.4162e+01	5.8173e-16	6.0784e-04	9.9939e-01	3.2937e-03	9.8739e-01	9.3194e-03	1.6542e-20	9.7648e-06	5.7779e-02	9.3787e-01	4.3444e-03	6.8649e-05	1.6233e-01	8.3402e-01	3.5828e-03	1.1755e-36	1.1755e-36	1.6574e-28	0.00e+00	0.00e+00	7.2034e-03
3.19889e+16	6.4205e+03	1.983e-20	7.7426e+01	8.4159e+01	5.8423e-16	6.0612e-04	9.9939e-01	3.2960e-03	9.8791e-01	8.7939e-03	1.6406e-20	9.7359e-06	5.7808e-02	9.3789e-01	4.2916e-03	6.8577e-05	1.6241e-01	8.3432e-01	3.1962e-03	1.1755e-36	1.1755e-36	1.6299e-28	0.00e+00	0.00e+00	1.1815e-02
4.98894e+16	6.3990e+03	1.976e-20	7.7426e+01	8.4155e+01	5.8833e-16	6.0450e-04	9.9940e-01	3.3014e-03	9.8875e-01	7.9475e-03	1.6275e-20	9.7177e-06	5.7873e-02	9.3790e-01	4.2122e-03	6.8612e-05	1.6267e-01	8.3451e-01	2.7468e-03	1.1755e-36	1.1755e-36	1.5987e-28	0.00e+00	0.00e+00	1.7794e-02
7.31599e+16	6.3798e+03	1.965e-20	7.7426e+01	8.4149e+01	5.9117e-16	6.0243e-04	9.9940e-01	3.3073e-03	9.8989e-01	6.8014e-03	1.6151e-20	9.6985e-06	5.7937e-02	9.3794e-01	4.1104e-03	6.8675e-05	1.6305e-01	8.3463e-01	2.2486e-03	1.1755e-36	1.1755e-36	1.5698e-28	0.00e+00	0.00e+00	2.5539e-02
1.03412e+17	6.3516e+03	1.955e-20	7.7426e+01	8.4141e+01	5.9930e-16	6.0063e-04	9.9940e-01	3.3178e-03	9.9127e-01	5.4138e-03	1.6099e-20	9.6932e-06	5.8067e-02	9.3794e-01	3.9841e-03	6.8944e-05	1.6378e-01	8.3442e-01	1.7266e-03	1.1755e-36	1.1755e-36	1.5464e-28	0.00e+00	0.00e+00	3.5579e-02
1.42739e+17	6.3246e+03	1.941e-20	7.7426e+01	8.4131e+01	6.0310e-16	5.9847e-04	9.9940e-01	3.3295e-03	9.9274e-01	3.9302e-03	1.5976e-20	9.6903e-06	5.8217e-02	9.3793e-01	3.8471e-03	6.9342e-05	1.6481e-01	8.3390e-01	1.2211e-03	1.1755e-36	1.1755e-36	1.5069e-28	0.00e+00	0.00e+00	4.8583e-02
1.93864e+17	6.2914e+03	1.926e-20	7.7426e+01	8.4119e+01	6.1244e-16	5.9646e-04	9.9940e-01	3.3450e-03	9.9412e-01	2.5370e-03	1.5972e-20	9.7019e-06	5.8438e-02	9.3785e-01	3.7065e-03	6.9990e-05	1.6627e-01	8.3288e-01	7.7713e-04	1.1755e-36	1.1755e-36	1.4821e-28	0.00e+00	0.00e+00	6.5432e-02
2.60327e+17	6.2513e+03	1.908e-20	7.7426e+01	8.4110e+01	6.2078e-16	5.9486e-04	9.9941e-01	3.3655e-03	9.9522e-01	1.4158e-03	1.5908e-20	9.7331e-06	5.8763e-02	9.3766e-01	3.5720e-03	7.0950e-05	1.6821e-01	8.3129e-01	4.3314e-04	1.1755e-36	1.1755e-36	1.4353e-28	0.00e+00	0.00e+00	8.7277e-02
3.46729e+17	6.2050e+03	1.889e-20	7.7426e+01	8.4104e+01	6.3610e-16	5.9383e-04	9.9941e-01	3.3924e-03	9.9595e-01	6.6184e-04	1.6002e-20	9.7922e-06	5.9219e-02	9.3732e-01	3.4473e-03	7.2267e-05	1.7064e-01	8.2909e-01	2.0494e-04	1.1755e-36	1.1755e-36	1.4059e-28	0.00e+00	0.00e+00	1.1563e-01
4.59052e+17	6.1523e+03	1.867e-20	7.7426e+01	8.4101e+01	6.5387e-16	5.9376e-04	9.9941e-01	3.4286e-03	9.9632e-01	2.5043e-04	1.6136e-20	9.8896e-06	5.9851e-02	9.3681e-01	3.3277e-03	7.4041e-05	1.7362e-01	8.2623e-01	7.9577e-05	1.1755e-36	1.1755e-36	1.3690e-28	0.00e+00	0.00e+00	1.5248e-01
6.05071e+17	6.0941e+03	1.844e-20	7.7426e+01	8.4099e+01	6.7342e-16	5.9520e-04	9.9940e-01	3.4784e-03	9.9645e-01	7.4101e-05	1.6320e-20	1.0042e-05	6.0728e-02	9.3606e-01	3.2025e-03	7.6461e-05	1.7734e-01	8.2256e-01	2.4544e-05	1.1755e-36	1.1755e-36	1.3220e-28	0.00e+00	0.00e+00	2.0050e-01
7.94897e+17	6.0318e+03	1.817e-20	7.7426e+01	8.4098e+01	7.0309e-16	5.9905e-04	9.9940e-01	3.5488e-03	9.9643e-01	1.6726e-05	1.6819e-20	1.0278e-05	6.1950e-02	9.3498e-01	3.0600e-03	7.9846e-05	1.8210e-01	8.1781e-01	5.8816e-06	1.1755e-36	1.1755e-36	1.3004e-28	0.00e+00	0.00e+00	2.6333e-01
1.04167e+18	5.9666e+03	1.790e-20	7.7426e+01	8.4096e+01	7.3577e-16	6.0674e-04	9.9939e-01	3.6503e-03	9.9635e-01	2.8937e-06	1.7534e-20	1.0633e-05	6.3686e-02	9.3341e-01	2.8903e-03	8.4699e-05	1.8839e-01	8.1153e-01	1.1001e-06	1.1755e-36	1.1755e-36	1.2730e-28	0.00e+00	0.00e+00	3.4605e-01
1.36247e+18	5.9118e+03	1.760e-20	7.7426e+01	8.4095e+01	7.7463e-16	6.1969e-04	9.9938e-01	3.7950e-03	9.9620e-01	4.0451e-07	1.8863e-20	1.1170e-05	6.6110e-02	9.3119e-01	2.6898e-03	9.1674e-05	1.9671e-01	8.0320e-01	1.6773e-07	1.1755e-36	1.1755e-36	1.2838e-28	0.00e+00	0.00e+00	4.5590e-01
1.77952e+18	5.8632e+03	1.731e-20	7.7426e+01	8.4090e+01	8.1863e-16	6.4216e-04	9.9936e-01	4.0123e-03	9.9599e-01	4.8735e-08	2.1001e-20	1.2015e-05	6.9700e-02	9.2784e-01	2.4485e-03	1.0236e-04	2.0830e-01	7.9160e-01	1.1755e-36	1.1755e-36	1.1755e-36	1.3118e-28	0.00e+00	0.00e+00	6.0387e-01
2.32168e+18	5.8469e+03	1.702e-20	7.7426e+01	8.4083e+01	8.7465e-16	6.7900e-04	9.9932e-01	4.3465e-03	9.9565e-01	5.1826e-09	2.5260e-20	1.3350e-05	7.5076e-02	9.2274e-01	2.1669e-03	1.1918e-04	2.2459e-01	7.7529e-01	1.1755e-36	1.1755e-36	1.1755e-36	1.4559e-28	0.00e+00	0.00e+00	8.0727e-01
2.75952e+18	5.8151e+03	1.676e-20	7.7426e+01	8.4079e+01	8.7697e-16	7.0243e-04	9.9930e-01	4.5931e-03	9.9541e-01	9.9998e-10	2.6541e-20	1.4293e-05	7.9033e-02	9.1898e-01	1.9746e-03	1.3216e-04	2.3716e-01	7.6271e-01	1.1755e-36	1.1755e-36	1.1755e-36	1.3650e-28	0.00e+00	0.00e+00	8.9751e-01
3.03548e+18	5.8489e+03	1.667e-20	7.7426e+01	8.4075e+01	8.8777e-16	7.2765e-04	9.9927e-01	4.8166e-03	9.9518e-01	4.1434e-10	2.9885e-20	1.5205e-05	8.2474e-02	9.1566e-01	1.8554e-03	1.4385e-04	2.4681e-01	7.5305e-01	1.1755e-36	1.1755e-36	1.1755e-36	1.4961e-28	0.00e+00	0.00e+00	1.0003e+00
3.33902e+18	5.8855e+03	1.662e-20	7.7426e+01	8.4071e+01	9.0906e-16	7.5981e-04	9.9924e-01	5.0999e-03	9.9490e-01	1.6815e-10	3.4567e-20	1.6357e-05	8.6750e-02	9.1151e-01	1.7277e-03	1.5894e-04	2.5848e-01	7.4136e-01	1.1755e-36	1.1755e-36	1.1755e-36	1.6812e-28	0.00e+00	0.00e+00	1.1184e+00
3.67293e+18	5.9393e+03	1.657e-20	7.7426e+01	8.4064e+01	9.3874e-16	7.9983e-04	9.9920e-01	5.4570e-03	9.9454e-01	6.6938e-11	4.1618e-20	1.7828e-05	9.2065e-02	9.0632e-01	1.5934e-03	1.7848e-04	2.7260e-01	7.2722e-01	1.1755e-36	1.1755e-36	1.1755e-36	1.9869e-28	0.00e+00	0.00e+00	1.2552e+00
4.04022e+18	6.0020e+03	1.656e-20	7.7426e+01	8.4056e+01	9.8506e-16	8.5161e-04	9.9915e-01	5.9261e-03	9.9407e-01	2.6114e-11	5.2406e-20	1.9748e-05	9.8899e-02	8.9963e-01	1.4495e-03	2.0493e-04	2.9022e-01	7.0957e-01	1.1755e-36	1.1755e-36	1.1755e-36	2.4592e-28	0.00e+00	0.00e+00	1.4154e+00
4.44424e+18	6.1008e+03	1.655e-20	7.7426e+01	8.4045e+01	1.0317e-15	9.1690e-04	9.9908e-01	6.5459e-03	9.9345e-01	1.0022e-11	6.9659e-20	2.2275e-05	1.0768e-01	8.9100e-01	1.3003e-03	2.4088e-04	3.1211e-01	6.8765e-01	1.1755e-36	1.1755e-36	1.1755e-36	3.2464e-28	0.00e+00	0.00e+00	1.6050e+00
4.88866e+18	6.2186e+03	1.659e-20	7.7426e+01	8.4031e+01	1.1042e-15	1.0043e-03	9.9900e-01	7.4180e-03	9.9258e-01	3.7819e-12	9.9375e-20	2.5765e-05	1.1958e-01	8.7926e-01	1.1407e-03	2.9301e-04	3.4061e-01	6.5910e-01	1.1755e-36	1.1755e-36	1.1755e-36	4.6044e-28	0.00e+00	0.00e+00	1.8336e+00
5.34005e+18	6.3598e+03	1.667e-20	7.7426e+01	8.4013e+01	1.1933e-15	1.1125e-03	9.9889e-01	8.5867e-03	9.9141e-01	1.5229e-12	1.4910e-19	3.0288e-05	1.3474e-01	8.6424e-01	9.8651e-04	3.6455e-04	3.7538e-01	6.2426e-01	1.1755e-36	1.1755e-36	1.1755e-36	6.8905e-28	0.00e+00	0.00e+00	2.0713e+00
5.73973e+18	6.5056e+03	1.677e-20	7.7426e+01	8.3991e+01	1.2953e-15	1.2314e-03	9.9877e-01	9.9950e-03	9.9001e-01	7.2728e-13	2.2489e-19	3.5541e-05	1.5208e-01	8.4703e-01	8.5412e-04	4.5215e-04	4.1304e-01	5.8650e-01	1.1755e-36	1.1755e-36	1.1755e-36	1.0392e-27	0.00e+00	0.00e+00	2.2893e+00
6.05630e+18	6.6366e+03	1.689e-20	7.7426e+01	8.3971e+01	1.3934e-15	1.3463e-03	9.9865e-01	1.1520e-02	9.8848e-01	4.2418e-13	3.2356e-19	4.0882e-05	1.6957e-01	8.2964e-01	7.5101e-04	5.4579e-04	4.4900e-01	5.5046e-01	1.1755e-36	1.1755e-36	1.1755e-36	1.4894e-27	0.00e+00	0.00e+00	2.4677e+00
6.30749e+18	6.7473e+03	1.700e-20	7.7426e+01	8.3950e+01	1.5020e-15	1.4549e-03	9.9855e-01	1.3117e-02	9.8688e-01	2.8234e-13	4.4837e-19	4.6209e-05	1.8683e-01	8.1245e-01	6.6797e-04	6.4218e-04	4.8228e-01	5.1707e-01	1.1755e-36	1.1755e-36	1.1755e-36	2.0623e-27	0.00e+00	0.00e+00	2.6322e+00
6.53626e+18	6.8522e+03	1.710e-20	7.7426e+01	8.3926e+01	1.6324e-15	1.5706e-03	9.9843e-01	1.5002e-02	9.8500e-01	1.9732e-13	6.2199e-19	5.2145e-05	2.0590e-01	7.9345e-01	5.9154e-04	7.5255e-04	5.1670e-01	4.8254e-01	1.1755e-36	1.1755e-36	1.1755e-36	2.8616e-27	0.00e+00	0.00e+00	2.8058e+00
6.75995e+18	6.9602e+03	1.722e-20	7.7426e+01	8.3898e+01	1.7855e-15	1.7022e-03	9.9830e-01	1.7435e-02	9.8256e-01	1.4106e-13	8.7713e-19	5.9239e-05	2.2855e-01	7.7087e-01	5.1700e-04	8.8772e-04	5.5476e-01	4.4435e-01	1.1755e-36	1.1755e-36	1.1755e-36	4.0154e-27	0.00e+00	0.00e+00	2.9899e+00
6.97118e+18	7.0682e+03	1.735e-20	7.7426e+01	8.3864e+01	1.9671e-15	1.8474e-03	9.9815e-01	2.0550e-02	9.7945e-01	1.0423e-13	1.2491e-18	6.7506e-05	2.5482e-01	7.4466e-01	4.4692e-04	1.0485e-03	5.9552e-01	4.0344e-01	1.1755e-36	1.1755e-36	1.1755e-36	5.6839e-27	0.00e+00	0.00e+00	3.1716e+00
7.15929e+18	7.1690e+03	1.747e-20	7.7426e+01	8.3824e+01	2.1621e-15	1.9987e-03	9.9800e-01	2.4395e-02	9.7560e-01	8.0386e-14	1.7524e-18	7.6620e-05	2.8367e-01	7.1587e-01	3.8431e-04	1.2278e-03	6.3642e-01	3.6236e-01	1.1755e-36	1.1755e-36	1.1755e-36	7.8772e-27	0.00e+00	0.00e+00	3.3426e+00
7.32410e+18	7.2596e+03	1.759e-20	7.7426e+01	8.3778e+01	2.3783e-15	2.1526e-03	9.9785e-01	2.9104e-02	9.7090e-01	6.4297e-14	2.4174e-18	8.6418e-05	3.1457e-01	6.8502e-01	3.2904e-04	1.4217e-03	6.7617e-01	3.2241e-01	1.1755e-36	1.1755e-36	1.1755e-36	1.0726e-26	0.00e+00	0.00e+00	3.5053e+00
7.47228e+18	7.3426e+03	1.771e-20	7.7426e+01	8.3727e+01	2.6176e-15	2.3118e-03	9.9769e-01	3.5123e-02	9.6488e-01	5.2637e-14	3.2969e-18	9.7119e-05	3.4819e-01	6.5143e-01	2.7907e-04	1.6331e-03	7.1523e-01	2.8314e-01	1.1755e-36	1.1755e-36	1.1755e-36	1.4404e-26	0.00e+00	0.00e+00	3.6655e+00
7.60921e+18	7.4254e+03	1.782e-20	7.7426e+01	8.3679e+01	2.8929e-15	2.4787e-03	9.9752e-01	4.3237e-02	9.5676e-01	4.3684e-14	4.4991e-18	1.0910e-04	3.8529e-01	6.1437e-01	2.3309e-04	1.8664e-03	7.5429e-01	2.4385e-01	1.1755e-36	1.1755e-36	1.1755e-36	1.9456e-26	0.00e+00	0.00e+00	3.8256e+00
7.71814e+18	7.4829e+03	1.792e-20	7.7426e+01	8.3581e+01	3.1298e-15	2.6306e-03	9.9737e-01	5.2523e-02	9.4748e-01	3.7348e-14	5.7693e-18	1.2029e-04	4.2094e-01	5.7874e-01	1.9674e-04	2.0886e-03	7.8842e-01	2.0949e-01	1.1755e-36	1.1755e-36	1.1755e-36	2.4202e-26	0.00e+00	0.00e+00	3.9359e+00
7.79098e+18	7.5274e+03	1.799e-20	7.7426e+01	8.3519e+01	3.3230e-15	2.7410e-03	9.9726e-01	6.1374e-02	9.3863e-01	3.3693e-14	6.9234e-18	1.2907e-04	4.4826e-01	5.5144e-01	1.7229e-04	2.2567e-03	8.1261e-01	1.8514e-01	1.1755e-36	1.1755e-36	1.1755e-36	2.8647e-26	0.00e+00	0.00e+00	4.0161e+00
7.84760e+18	7.5573e+03	1.804e-20	7.7426e+01	8.3445e+01	3.4941e-15	2.8338e-03	9.9717e-01	7.0176e-02	9.2982e-01	3.0863e-14	7.9950e-18	1.3636e-04	4.7139e-01	5.2832e-01	1.5318e-04	2.3998e-03	8.3187e-01	1.6573e-01	1.1755e-36	1.1755e-36	1.1755e-36	3.2615e-26	0.00e+00	0.00e+00	4.0900e+00
7.90892e+18	7.5901e+03	1.809e-20	7.7426e+01	8.3363e+01	3.7152e-15	2.9422e-03	9.9706e-01	8.2773e-02	9.1723e-01	2.7901e-14	9.4331e-18	1.4513e-04	4.9854e-01	5.0119e-01	1.3242e-04	2.5685e-03	8.5294e-01	1.4449e-01	1.1755e-36	1.1755e-36	1.1755e-36	3.8047e-26	0.00e+00	0.00e+00	4.1897e+00
7.97255e+18	7.6273e+03	1.815e-20	7.7426e+01	8.3270e+01	3.9613e-15	3.0599e-03	9.9694e-01	1.0093e-01	8.9907e-01	2.4764e-14	1.1241e-17	1.5487e-04	5.2885e-01	4.7088e-01	1.1199e-04	2.7579e-03	8.7578e-01	1.2146e-01	1.1755e-36	1.1755e-36	1.1755e-36	4.4852e-26	0.00e+00	0.00e+00	4.2764e+00
8.02132e+18	7.6505e+03	1.818e-20	7.7426e+01	8.3110e+01	4.1479e-15	3.1560e-03	9.9684e-01	1.2063e-01	8.7937e-01	2.2352e-14	1.2796e-17	1.6284e-04	5.5447e-01	4.4527e-01	9.6442e-05	2.9168e-03	8.9419e-01	1.0289e-01	1.1755e-36	1.1755e-36	1.1755e-36	5.0001e-26	0.00e+00	0.00e+00	4.3375e+00
8.05635e+18	7.6705e+03	1.819e-20	7.7426e+01	8.2971e+01	4.2961e-15	3.2264e-03	9.9677e-01	1.3955e-01	8.6045e-01	2.0617e-14	1.4113e-17	1.6883e-04	5.7371e-01	4.2604e-01	8.5408e-05	3.0363e-03	9.0765e-01	8.9310e-02	1.1755e-36	1.1755e-36	1.1755e-36	5.4530e-26	0.00e+00	0.00e+00	4.3855e+00
8.08613e+18	7.6848e+03	1.819e-20	7.7426e+01	8.2828e+01	4.4375e-15	3.2893e-03	9.9671e-01	1.6008e-01	8.3992e-01	1.9066e-14	1.5354e-17	1.7406e-04	5.9053e-01	4.0922e-01	7.6104e-05	3.1428e-03	9.1908e-01	7.7782e-02	1.1755e-36	1.1755e-36	1.1755e-36	5.8725e-26	0.00e+00	0.00e+00	4.4324e+00
8.11962e+18	7.6976e+03	1.819e-20	7.7426e+01	8.2674e+01	4.6471e-15	3.3647e-03	9.9664e-01	1.9009e-01	8.0991e-01	1.7287e-14	1.7028e-17	1.8012e-04	6.0978e-01	3.8997e-01	6.5739e-05	3.2690e-03	9.3173e-01	6.5002e-02	1.1755e-36	1.1755e-36	1.1755e-36	6.4818e-26	0.00e+00	0.00e+00	4.4946e+00
8.15369e+18	7.7146e+03	1.817e-20	7.7426e+01	8.2444e+01	4.8357e-15	3.4398e-03	9.9656e-01	2.3141e-01	7.6859e-01	1.5209e-14	1.8801e-17	1.8608e-04	6.2931e-01	3.7045e-01	5.5905e-05	3.3986e-03	9.4461e-01	5.1993e-02	1.1755e-36	1.1755e-36	1.1755e-36	7.0873e-26	0.00e+00	0.00e+00	4.5456e+00
8.17928e+18	7.7146e+03	1.812e-20	7.7426e+01	8.2103e+01	4.9816e-15	3.4963e-03	9.9650e-01	2.7366e-01	7.2634e-01	1.3454e-14	2.0057e-17	1.9021e-04	6.4396e-01	3.5580e-01	4.8669e-05	3.4975e-03	9.5420e-01	4.2303e-02	1.1755e-36	1.1755e-36	1.1755e-36	7.4133e-26	0.00e+00	0.00e+00	4.5813e+00
8.19832e+18	7.7270e+03	1.803e-20	7.7426e+01	8.1818e+01	5.0689e-15	3.5339e-03	9.9647e-01	3.1319e-01	6.8681e-01	1.2100e-14	2.1093e-17	1.9300e-04	6.5433e-01	3.4544e-01	4.3457e-05	3.5666e-03	9.6104e-01	3.5395e-02	1.1755e-36	1.1755e-36	1.1755e-36	7.7242e-26	0.00e+00	0.00e+00	4.6109e+00
8.21806e+18	7.7289e+03	1.796e-20	7.7426e+01	8.1546e+01	5.2509e-15	3.5798e-03	9.9642e-01	3.6350e-01	6.3650e-01	1.0678e-14	2.2492e-17	1.9599e-04	6.6488e-01	3.3489e-01	3.7993e-05	3.6441e-03	9.6762e-01	2.8738e-02	1.1755e-36	1.1755e-36	1.1755e-36	8.2287e-26	0.00e+00	0.00e+00	4.6500e+00
8.23965e+18	7.7256e+03	1.785e-20	7.7426e+01	8.1167e+01	5.4010e-15	3.6296e-03	9.9637e-01	4.3047e-01	5.6953e-01	8.8730e-15	2.3737e-17	1.9880e-04	6.7545e-01	3.2432e-01	3.2451e-05	3.7270e-03	9.7419e-01	2.2086e-02	1.1755e-36	1.1755e-36	1.1755e-36	8.5360e-26	0.00e+00	0.00e+00	4.6870e+00
8.25855e+18	7.7203e+03	1.770e-20	7.7426e+01	8.0720e+01	5.5666e-15	3.6702e-03	9.9633e-01	5.0182e-01	4.9818e-01	7.2562e-15	2.4945e-17	2.0068e-04	6.8371e-01	3.1606e-01	2.7845e-05	3.7948e-03	9.7933e-01	1.6872e-02	1.1755e-36	1.1755e-36	1.1755e-36	8.8725e-26	0.00e+00	0.00e+00	4.7174e+00
8.27472e+18	7.7114e+03	1.755e-20	7.7426e+01	8.0248e+01	5.7172e-15	3.7036e-03	9.9630e-01	5.7102e-01	4.2898e-01	5.8875e-15	2.5927e-17	2.0181e-04	6.8983e-01	3.0994e-01	2.4088e-05	3.8493e-03	9.8311e-01	1.3042e-02	1.1755e-36	1.1755e-36	1.1755e-36	9.1110e-26	0.00e+00	0.00e+00	4.7452e+00
8.29237e+18	7.6991e+03	1.736e-20	7.7426e+01	7.9733e+01	5.9134e-15	3.7424e-03	9.9626e-01	6.5093e-01	3.4907e-01	4.4964e-15	2.7090e-17	2.0277e-04	6.9557e-01	3.0421e-01	2.0171e-05	3.9088e-03	9.8646e-01	9.6318e-03	1.1755e-36	1.1755e-36	1.1755e-36	9.4259e-26	0.00e+00	0.00e+00	4.7818e+00
8.31533e+18	7.6782e+03	1.713e-20	7.7426e+01	7.9126e+01	6.2048e-15	3.7988e-03	9.9620e-01	7.5164e-01	2.4836e-01	2.9370e-15	2.8640e-17	2.0377e-04	7.0159e-01	2.9819e-01	1.5654e-05	3.9883e-03	9.8970e-01	6.3157e-03	1.1755e-36	1.1755e-36	1.1755e-36	9.8652e-26	0.00e+00	0.00e+00	4.8300e+00
8.34089e+18	7.6587e+03	1.689e-20	7.7426e+01	7.8478e+01	6.5011e-15	3.8623e-03	9.9614e-01	8.4704e-01	1.5296e-01	1.6410e-15	3.0134e-17	2.0433e-04	7.0638e-01	2.9340e-01	1.1526e-05	4.0735e-03	9.9213e-01	3.8004e-03	1.1755e-36	1.1755e-36	1.1755e-36	1.0267e-25	0.00e+00	0.00e+00	4.8775e+00
8.36982e+18	7.6443e+03	1.669e-20	7.7426e+01	7.7903e+01	6.7917e-15	3.9408e-03	9.9606e-01	9.1891e-01	8.1086e-02	7.9322e-16	3.1571e-17	2.0485e-04	7.1029e-01	2.8950e-01	7.8516e-06	4.1732e-03	9.9371e-01	2.1185e-03	1.1755e-36	1.1755e-36	1.1755e-36	1.0659e-25	0.00e+00	0.00e+00	4.9405e+00
8.40744e+18	7.6363e+03	1.659e-20	7.7426e+01	7.7452e+01	7.0160e-15	4.0566e-03	9.9594e-01	9.6621e-01	3.3790e-02	2.9541e-16	3.2735e-17	2.0583e-04	7.1431e-01	2.8548e-01	4.6576e-06	4.3141e-03	9.9469e-01	9.9761e-04	1.1755e-36	1.1755e-36	1.1755e-36	1.0809e-25	0.00e+00	0.00e+00	5.0248e+00
8.45634e+18	7.6409e+03	1.661e-20	7.7426e+01	7.7240e+01	7.4728e-15	4.2289e-03	9.9577e-01	9.8893e-01	1.1066e-02	8.5966e-17	3.5326e-17	2.0789e-04	7.1921e-01	2.8058e-01	2.3229e-06	4.5191e-03	9.9510e-01	3.8460e-04	1.1755e-36	1.1755e-36	1.1755e-36	1.1801e-25	0.00e+00	0.00e+00	5.1391e+00
8.51991e+18	7.6563e+03	1.673e-20	7.7426e+01	7.7156e+01	8.2528e-15	4.4792e-03	9.9552e-01	9.9707e-01	2.9256e-03	2.0011e-17	3.9863e-17	2.1099e-04	7.2552e-01	2.7427e-01	9.4015e-07	4.8148e-03	9.9507e-01	1.1814e-04	1.1755e-36	1.1755e-36	1.1755e-36	1.3889e-25	0.00e+00	0.00e+00	5.2965e+00
8.60255e+18	7.6804e+03	1.693e-20	7.7426e+01	7.7124e+01	9.6463e-15	4.8486e-03	9.9515e-01	9.9936e-01	6.4236e-04	3.8081e-18	4.8020e-17	2.1528e-04	7.3398e-01	2.6580e-01	2.9326e-07	5.2515e-03	9.9472e-01	2.8047e-05	1.1755e-36	1.1755e-36	1.1755e-36	1.8171e-25	0.00e+00	0.00e+00	5.5179e+00
8.70998e+18	7.7119e+03	1.722e-20	7.7426e+01	7.7096e+01	1.2093e-14	5.4161e-03	9.9458e-01	9.9987e-01	1.2569e-04	6.2907e-19	6.2634e-17	2.2114e-04	7.4560e-01	2.5418e-01	1.1755e-36	5.9254e-03	9.9407e-01	4.9565e-06	1.1755e-36	1.1755e-36	1.1755e-36	2.6801e-25	0.00e+00	0.00e+00	5.8395e+00
8.84964e+18	7.7496e+03	1.763e-20	7.7426e+01	7.7039e+01	1.6843e-14	6.3477e-03	9.9365e-01	9.9997e-01	2.8869e-05	1.1726e-19	9.1771e-17	2.2916e-04	7.6190e-01	2.3787e-01	1.1755e-36	7.0389e-03	9.9296e-01	6.1666e-07	1.1755e-36	1.1755e-36	1.1755e-36	4.6953e-25	0.00e+00	0.00e+00	6.3294e+00
8.98505e+18	7.7870e+03	1.810e-20	7.7426e+01	7.6971e+01	2.4764e-14	7.6201e-03	9.9238e-01	9.9999e-01	1.2481e-05	4.2293e-20	1.4195e-16	2.3767e-04	7.7910e-01	2.2066e-01	1.1755e-36	8.5706e-03	9.9143e-01	7.9889e-08	1.1755e-36	1.1755e-36	1.1755e-36	8.9495e-25	0.00e+00	0.00e+00	6.7501e+00
9.07606e+18	7.8052e+03	1.845e-20	7.7426e+01	7.6838e+01	3.3505e-14	8.8153e-03	9.9118e-01	9.9999e-01	8.7993e-06	2.6546e-20	1.9801e-16	2.4350e-04	7.9216e-01	2.0760e-01	1.1755e-36	1.0017e-02	9.8998e-01	2.1758e-08	1.1755e-36	1.1755e-36	1.1755e-36	1.4542e-24	0.00e+00	0.00e+00	7.0479e+00
9.13830e+18	7.8138e+03	1.871e-20	7.7426e+01	7.6756e+01	4.2352e-14	9.8442e-03	9.9016e-01	9.9999e-01	7.2188e-06	2.0049e-20	2.5551e-16	2.4798e-04	8.0203e-01	1.9772e-01	1.1755e-36	1.1267e-02	9.8873e-01	9.1523e-09	1.1755e-36	1.1755e-36	1.1755e-36	2.1117e-24	0.00e+00	0.00e+00	7.3144e+00
9.20198e+18	7.8166e+03	1.898e-20	7.7426e+01	7.6658e+01	5.5563e-14	1.1111e-02	9.8889e-01	9.9999e-01	5.9524e-06	1.5088e-20	3.4190e-16	2.5286e-04	8.1300e-01	1.8674e-01	1.1755e-36	1.2810e-02	9.8719e-01	3.7287e-09	1.1755e-36	1.1755e-36	1.1755e-36	3.2517e-24	0.00e+00	0.00e+00	7.7054e+00
9.28477e+18	7.8107e+03	1.936e-20	7.7426e+01	7.6495e+01	8.1895e-14	1.3225e-02	9.8677e-01	1.0000e+00	4.5751e-06	1.0302e-20	5.1454e-16	2.5946e-04	8.2824e-01	1.7150e-01	1.1755e-36	1.5394e-02	9.8461e-01	1.1720e-09	1.1755e-36	1.1755e-36	1.1755e-36	5.9351e-24	0.00e+00	0.00e+00	8.3106e+00
9.36487e+18	7.7939e+03	1.978e-20	7.7426e+01	7.6264e+01	1.2823e-13	1.6223e-02	9.8378e-01	1.0000e+00	3.3684e-06	6.8392e-21	8.1697e-16	2.6618e-04	8.4434e-01	1.5539e-01	1.1755e-36	1.9066e-02	9.8093e-01	3.7863e-10	1.1755e-36	1.1755e-36	1.1755e-36	1.1683e-23	0.00e+00	0.00e+00	8.8388e+00
9.41946e+18	7.7701e+03	2.011e-20	7.7426e+01	7.6031e+01	1.8577e-13	1.9213e-02	9.8079e-01	1.0000e+00	2.7393e-06	5.1913e-21	1.1878e-15	2.7118e-04	8.5689e-01	1.4284e-01	1.1755e-36	2.2736e-02	9.7726e-01	1.7512e-10	1.1755e-36	1.1755e-36	1.1755e-36	2.0155e-23	0.00e+00	0.00e+00	9.2388e+00
9.45774e+18	7.7441e+03	2.036e-20	7.7426e+01	7.5839e+01	2.5005e-13	2.1983e-02	9.7802e-01	1.0000e+00	2.3706e-06	4.2715e-21	1.5956e-15	2.7497e-04	8.6656e-01	1.3317e-01	1.1755e-36	2.6138e-02	9.7386e-01	1.0060e-10	1.1755e-36	1.1755e-36	1.1755e-36	3.0957e-23	0.00e+00	0.00e+00	9.6038e+00
9.49679e+18	7.7153e+03	2.057e-20	7.7426e+01	7.5538e+01	3.4683e-13	2.5501e-02	9.7450e-01	1.0000e+00	2.0413e-06	3.4833e-21	2.2046e-15	2.7866e-04	8.7707e-01	1.2265e-01	1.1755e-36	3.0463e-02	9.6954e-01	5.5352e-11	1.1755e-36	1.1755e-36	1.1755e-36	4.9499e-23	0.00e+00	0.00e+00	1.0154e+01
9.53956e+18	7.6591e+03	2.084e-20	7.7426e+01	7.5131e+01	5.3057e-13	3.0798e-02	9.6920e-01	1.0000e+00	1.6386e-06	2.6400e-21	3.3097e-15	2.8285e-04	8.8932e-01	1.1040e-01	1.1755e-36	3.6970e-02	9.6303e-01	2.8602e-11	1.1755e-36	1.1755e-36	1.1755e-36	8.9248e-23	0.00e+00	0.00e+00	1.0777e+01
9.57752e+18	7.6017e+03	2.106e-20	7.7426e+01	7.4604e+01	8.3001e-13	3.7604e-02	9.6240e-01	1.0000e+00	1.3272e-06	2.0374e-21	5.0644e-15	2.8634e-04	9.0124e-01	9.8473e-02	1.1755e-36	4.5324e-02	9.5468e-01	1.5520e-11	1.1755e-36	1.1755e-36	1.1755e-36	1.6564e-22	0.00e+00	0.00e+00	1.1412e+01
9.60873e+18	7.5421e+03	2.121e-20	7.7426e+01	7.4017e+01	1.2883e-12	4.5723e-02	9.5428e-01	1.0000e+00	1.0921e-06	1.6131e-21	7.6573e-15	2.8900e-04	9.1200e-01	8.7712e-02	1.1755e-36	5.5268e-02	9.4473e-01	9.1149e-12	1.1755e-36	1.1755e-36	1.1755e-36	3.0248e-22	0.00e+00	0.00e+00	1.2035e+01
9.63463e+18	7.4792e+03	2.131e-20	7.7426e+01	7.3473e+01	1.9887e-12	5.5394e-02	9.4461e-01	1.0000e+00	9.1070e-07	1.3018e-21	1.1479e-14	2.9140e-04	9.2181e-01	7.7899e-02	1.1755e-36	6.7073e-02	9.3293e-01	5.6660e-12	1.1755e-36	1.1755e-36	1.1755e-36	5.4656e-22	0.00e+00	0.00e+00	1.2684e+01
9.65766e+18	7.4178e+03	2.122e-20	7.7426e+01	7.2477e+01	3.0839e-12	6.7243e-02	9.3276e-01	1.0000e+00	7.5916e-07	1.0609e-21	1.7169e-14	2.9149e-04	9.3085e-01	6.8860e-02	1.1755e-36	8.1483e-02	9.1852e-01	3.5964e-12	1.1755e-36	1.1755e-36	1.1755e-36	9.8397e-22	0.00e+00	0.00e+00	1.3411e+01
9.67902e+18	7.3398e+03	2.100e-20	7.7426e+01	7.1190e+01	5.0038e-12	8.2941e-02	9.1706e-01	1.0000e+00	6.2065e-07	8.5212e-22	2.6482e-14	2.9042e-04	9.3977e-01	5.9943e-02	1.1755e-36	1.0046e-01	8.9954e-01	2.2725e-12	1.1755e-36	1.1755e-36	1.1755e-36	1.8543e-21	0.00e+00	0.00e+00	1.4246e+01
9.69811e+18	7.2723e+03	2.060e-20	7.7426e+01	6.9739e+01	8.2838e-12	1.0358e-01	8.9642e-01	1.0000e+00	5.0018e-07	6.7947e-22	4.1861e-14	2.8825e-04	9.4828e-01	5.1435e-02	1.1755e-36	1.2521e-01	8.7479e-01	1.4417e-12	1.1755e-36	1.1755e-36	1.1755e-36	3.6402e-21	0.00e+00	0.00e+00	1.5136e+01
9.71380e+18	7.1952e+03	1.991e-20	7.7426e+01	6.7596e+01	1.3569e-11	1.2803e-01	8.7197e-01	1.0000e+00	4.0383e-07	5.5099e-22	6.4266e-14	2.8274e-04	9.5547e-01	4.4249e-02	1.1755e-36	1.5423e-01	8.4577e-01	9.5244e-13	1.1755e-36	1.1755e-36	1.1755e-36	6.8321e-21	0.00e+00	0.00e+00	1.5999e+01
9.72623e+18	7.1115e+03	1.914e-20	7.7426e+01	6.5544e+01	2.1698e-11	1.5591e-01	8.4409e-01	1.0000e+00	3.3496e-07	4.6048e-22	9.5867e-14	2.7691e-04	9.6159e-01	3.8134e-02	1.1755e-36	1.8692e-01	8.1308e-01	6.5608e-13	1.1755e-36	1.1755e-36	1.1755e-36	1.2330e-20	0.00e+00	0.00e+00	1.6843e+01
9.73642e+18	7.0234e+03	1.817e-20	7.7426e+01	6.3060e+01	3.3686e-11	1.8650e-01	8.1350e-01	1.0000e+00	2.8010e-07	3.9209e-22	1.3712e-13	2.6895e-04	9.6664e-01	3.3088e-02	1.1755e-36	2.2231e-01	7.7769e-01	4.6748e-13	1.1755e-36	1.1755e-36	1.1755e-36	2.0883e-20	0.00e+00	0.00e+00	1.7693e+01
9.74527e+18	6.9175e+03	1.706e-20	7.7426e+01	6.0346e+01	5.2409e-11	2.2153e-01	7.7847e-01	1.0000e+00	2.3552e-07	3.3754e-22	1.9308e-13	2.5968e-04	9.7113e-01	2.8612e-02	1.1755e-36	2.6221e-01	7.3779e-01	3.3692e-13	1.1755e-36	1.1755e-36	1.1755e-36	3.4566e-20	0.00e+00	0.00e+00	1.8600e+01
9.75318e+18	6.7896e+03	1.577e-20	7.7426e+01	5.7219e+01	8.2543e-11	2.6189e-01	7.3811e-01	1.0000e+00	1.9654e-07	2.9093e-22	2.6836e-13	2.4846e-04	9.7514e-01	2.4610e-02	1.1755e-36	3.0740e-01	6.9260e-01	2.4374e-13	1.1755e-36	1.1755e-36	1.1755e-36	5.6042e-20	0.00e+00	0.00e+00	1.9553e+01
9.75963e+18	6.6515e+03	1.447e-20	7.7426e+01	5.4045e+01	1.2636e-10	3.0343e-01	6.9657e-01	1.0000e+00	1.6400e-07	2.5201e-22	3.5740e-13	2.3662e-04	9.7840e-01	2.1368e-02	1.1755e-36	3.5304e-01	6.4696e-01	1.8244e-13	1.1755e-36	1.1755e-36	1.1755e-36	8.5215e-20	0.00e+00	0.00e+00	2.0362e+01
9.76421e+18	6.5260e+03	1.338e-20	7.7426e+01	5.1297e+01	1.7738e-10	3.3834e-01	6.6166e-01	1.0000e+00	1.4425e-07	2.2981e-22	4.3989e-13	2.2611e-04	9.8066e-01	1.9113e-02	1.1755e-36	3.9073e-01	6.0927e-01	1.4625e-13	1.1755e-36	1.1755e-36	1.1755e-36	1.1511e-19	0.00e+00	0.00e+00	2.0976e+01
9.76746e+18	6.4191e+03	1.254e-20	7.7426e+01	4.9154e+01	2.3051e-10	3.6602e-01	6.3398e-01	1.0000e+00	1.3230e-07	2.1707e-22	5.1034e-13	2.1782e-04	9.8224e-01	1.7539e-02	1.1755e-36	4.2020e-01	5.7980e-01	1.2395e-13	1.1755e-36	1.1755e-36	1.1755e-36	1.4254e-19	0.00e+00	0.00e+00	2.1473e+01
9.77012e+18	6.3169e+03	1.180e-20	7.7426e+01	4.7246e+01	2.9054e-10	3.9062e-01	6.0938e-01	1.0000e+00	1.2325e-07	2.0782e-22	5.7617e-13	2.1039e-04	9.8352e-01	1.6266e-02	1.1755e-36	4.4609e-01	5.5391e-01	1.0753e-13	1.1755e-36	1.1755e-36	1.1755e-36	1.6947e-19	0.00e+00	0.00e+00	2.1958e+01
9.77265e+18	6.2062e+03	1.106e-20	7.7426e+01	4.5300e+01	3.6792e-10	4.1569e-01	5.8431e-01	1.0000e+00	1.1400e-07	1.9785e-22	6.4608e-13	2.0274e-04	9.8472e-01	1.5078e-02	1.1755e-36	4.7218e-01	5.2782e-01	9.3444e-14	1.1755e-36	1.1755e-36	1.1755e-36	1.9925e-19	0.00e+00	0.00e+00	2.2470e+01
9.77508e+18	6.0867e+03	1.033e-20	7.7426e+01	4.3315e+01	4.6870e-10	4.4123e-01	5.5877e-01	1.0000e+00	1.0468e-07	1.8737e-22	7.1992e-13	1.9488e-04	9.8584e-01	1.3969e-02	1.1755e-36	4.9847e-01	5.0153e-01	8.1339e-14	1.1755e-36	1.1755e-36	1.1755e-36	2.3185e-19	0.00e+00	0.00e+00	2.2977e+01
9.77728e+18	5.9662e+03	9.649e-21	7.7426e+01	4.1427e+01	5.9212e-10	4.6553e-01	5.3447e-01	1.0000e+00	9.6703e-08	1.7847e-22	7.9232e-13	1.8735e-04	9.8682e-01	1.2995e-02	1.1755e-36	5.2319e-01	4.7681e-01	7.1523e-14	1.1755e-36	1.1755e-36	1.1755e-36	2.6482e-19	0.00e+00	0.00e+00	2.3443e+01
9.77920e+18	5.8487e+03	9.045e-21	7.7426e+01	3.9701e+01	7.3713e-10	4.8775e-01	5.1225e-01	1.0000e+00	9.0352e-08	1.7166e-22	8.6026e-13	1.8043e-04	9.8766e-01	1.2163e-02	1.1755e-36	5.4559e-01	4.5441e-01	6.3717e-14	1.1755e-36	1.1755e-36	1.1755e-36	2.9654e-19	0.00e+00	0.00e+00	2.3871e+01
9.78093e+18	5.7297e+03	8.499e-21	7.7426e+01	3.8104e+01	9.1262e-10	5.0863e-01	4.9137e-01	1.0000e+00	8.4918e-08	1.6579e-22	9.2596e-13	1.7405e-04	9.8840e-01	1.1426e-02	1.1755e-36	5.6642e-01	4.3358e-01	5.7258e-14	1.1755e-36	1.1755e-36	1.1755e-36	3.2802e-19	0.00e+00	0.00e+00	2.4282e+01
9.78254e+18	5.6102e+03	7.983e-21	7.7426e+01	3.6553e+01	1.1264e-09	5.2867e-01	4.7133e-01	1.0000e+00	7.9968e-08	1.6049e-22	9.9002e-13	1.6779e-04	9.8908e-01	1.0757e-02	1.1755e-36	5.8625e-01	4.1375e-01	5.1701e-14	1.1755e-36	1.1755e-36	1.1755e-36	3.5940e-19	0.00e+00	0.00e+00	2.4690e+01
9.78384e+18	5.5110e+03	7.582e-21	7.7426e+01	3.5311e+01	1.3383e-09	5.4470e-01	4.5530e-01	1.0000e+00	7.5037e-08	1.5409e-22	1.0422e-12	1.6276e-04	9.8959e-01	1.0248e-02	1.1755e-36	6.0199e-01	3.9801e-01	4.7698e-14	1.1755e-36	1.1755e-36	1.1755e-36	3.8563e-19	0.00e+00	0.00e+00	2.4963e+01
9.78476e+18	5.4372e+03	7.292e-21	7.7426e+01	3.4392e+01	1.5192e-09	5.5622e-01	4.4378e-01	1.0000e+00	7.3247e-08	1.5309e-22	1.0796e-12	1.5900e-04	9.8995e-01	9.8941e-03	1.1755e-36	6.1323e-01	3.8677e-01	4.4994e-14	1.1755e-36	1.1755e-36	1.1755e-36	4.0472e-19	0.00e+00	0.00e+00	2.5186e+01
9.78562e+18	5.3568e+03	7.019e-21	7.7426e+01	3.3528e+01	1.7375e-09	5.6775e-01	4.3225e-01	1.0000e+00	7.1285e-08	1.5136e-22	1.1193e-12	1.5554e-04	9.9030e-01	9.5486e-03	1.1755e-36	6.2443e-01	3.7557e-01	4.2469e-14	1.1755e-36	1.1755e-36	1.1755e-36	4.2583e-19	0.00e+00	0.00e+00	2.5436e+01
9.78657e+18	5.2699e+03	6.721e-21	7.7426e+01	3.2570e+01	2.0100e-09	5.8029e-01	4.1971e-01	1.0000e+00	6.8528e-08	1.4820e-22	1.1629e-12	1.5165e-04	9.9067e-01	9.1830e-03	1.1755e-36	6.3656e-01	3.6344e-01	3.9856e-14	1.1755e-36	1.1755e-36	1.1755e-36	4.4969e-19	0.00e+00	0.00e+00	2.5715e+01
9.78755e+18	5.1724e+03	6.415e-21	7.7426e+01	3.1544e+01	2.3585e-09	5.9338e-01	4.0662e-01	1.0000e+00	6.5577e-08	1.4469e-22	1.2091e-12	1.4751e-04	9.9104e-01	8.8151e-03	1.1755e-36	6.4913e-01	3.5087e-01	3.7315e-14	1.1755e-36	1.1755e-36	1.1755e-36	4.7575e-19	0.00e+00	0.00e+00	2.6000e+01
9.78851e+18	5.0745e+03	6.122e-21	7.7426e+01	3.0550e+01	2.7669e-09	6.0624e-01	3.9376e-01	1.0000e+00	6.2853e-08	1.4146e-22	1.2565e-12	1.4349e-04	9.9139e-01	8.4636e-03	1.1755e-36	6.6143e-01	3.3857e-01	3.4968e-14	1.1755e-36	1.1755e-36	1.1755e-36	5.0409e-19	0.00e+00	0.00e+00	2.6277e+01
9.78943e+18	4.9753e+03	5.845e-21	7.7426e+01	2.9594e+01	3.2423e-09	6.1866e-01	3.8134e-01	1.0000e+00	6.0412e-08	1.3861e-22	1.3038e-12	1.3963e-04	9.9173e-01	8.1298e-03	1.1755e-36	6.7325e-01	3.2675e-01	3.2839e-14	1.1755e-36	1.1755e-36	1.1755e-36	5.3351e-19	0.00e+00	0.00e+00	2.6548e+01
9.79031e+18	4.8727e+03	5.581e-21	7.7426e+01	2.8654e+01	3.8006e-09	6.3082e-01	3.6918e-01	1.0000e+00	5.8110e-08	1.3589e-22	1.3489e-12	1.3586e-04	9.9207e-01	7.7986e-03	1.1755e-36	6.8476e-01	3.1524e-01	3.0878e-14	1.1755e-36	1.1755e-36	1.1755e-36	5.6120e-19	0.00e+00	0.00e+00	2.6820e+01
9.79119e+18	4.7668e+03	5.325e-21	7.7426e+01	2.7724e+01	4.4625e-09	6.4287e-01	3.5713e-01	1.0000e+00	5.5858e-08	1.3315e-22	1.3945e-12	1.3214e-04	9.9239e-01	7.4774e-03	1.1755e-36	6.9612e-01	3.0388e-01	2.9041e-14	1.1755e-36	1.1755e-36	1.1755e-36	5.9050e-19	0.00e+00	0.00e+00	2.7093e+01
9.79205e+18	4.6638e+03	5.075e-21	7.7426e+01	2.6798e+01	5.2016e-09	6.5454e-01	3.4546e-01	1.0000e+00	5.3722e-08	1.3067e-22	1.4377e-12	1.2840e-04	9.9270e-01	7.1736e-03	1.1755e-36	7.0705e-01	2.9295e-01	2.7340e-14	1.1755e-36	1.1755e-36	1.1755e-36	6.1940e-19	0.00e+00	0.00e+00	2.7367e+01
9.79291e+18	4.5512e+03	4.834e-21	7.7426e+01	2.5880e+01	6.1054e-09	6.6640e-01	3.3360e-01	1.0000e+00	5.1631e-08	1.2806e-22	1.4831e-12	1.2476e-04	9.9300e-01	6.8709e-03	1.1755e-36	7.1812e-01	2.8188e-01	2.5716e-14	1.1755e-36	1.1755e-36	1.1755e-36	6.5141e-19	0.00e+00	0.00e+00	2.7647e+01
9.79375e+18	4.4370e+03	4.601e-21	7.7426e+01	2.4978e+01	7.1294e-09	6.7806e-01	3.2194e-01	1.0000e+00	4.9542e-08	1.2531e-22	1.5274e-12	1.2120e-04	9.9330e-01	6.5795e-03	1.1755e-36	7.2894e-01	2.7106e-01	2.4201e-14	1.1755e-36	1.1755e-36	1.1755e-36	6.8391e-19	0.00e+00	0.00e+00	2.7923e+01
9.79457e+18	4.3220e+03	4.381e-21	7.7426e+01	2.4103e+01	8.2518e-09	6.8936e-01	3.1064e-01	1.0000e+00	4.7616e-08	1.2277e-22	1.5693e-12	1.1778e-04	9.9358e-01	6.3027e-03	1.1755e-36	7.3939e-01	2.6061e-01	2.2803e-14	1.1755e-36	1.1755e-36	1.1755e-36	7.1538e-19	0.00e+00	0.00e+00	2.8195e+01
9.79538e+18	4.2057e+03	4.171e-21	7.7426e+01	2.3250e+01	9.4518e-09	7.0038e-01	2.9962e-01	1.0000e+00	4.5793e-08	1.2033e-22	1.6081e-12	1.1448e-04	9.9385e-01	6.0381e-03	1.1755e-36	7.4954e-01	2.5046e-01	2.1503e-14	1.1755e-36	1.1755e-36	1.1755e-36	7.4439e-19	0.00e+00	0.00e+00	2.8467e+01
9.79616e+18	4.0838e+03	3.969e-21	7.7426e+01	2.2410e+01	1.0730e-08	7.1131e-01	2.8869e-01	1.0000e+00	4.4004e-08	1.1779e-22	1.6433e-12	1.1130e-04	9.9411e-01	5.7809e-03	1.1755e-36	7.5956e-01	2.4044e-01	2.0278e-14	1.1755e-36	1.1755e-36	1.1755e-36	7.6953e-19	0.00e+00	0.00e+00	2.8739e+01
9.79688e+18	3.9777e+03	3.792e-21	7.7426e+01	2.1662e+01	1.1821e-08	7.2089e-01	2.7911e-01	1.0000e+00	4.2263e-08	1.1513e-22	1.6692e-12	1.0846e-04	9.9433e-01	5.5590e-03	1.1755e-36	7.6830e-01	2.3170e-01	1.9238e-14	1.1755e-36	1.1755e-36	1.1755e-36	7.8522e-19	0.00e+00	0.00e+00	2.8971e+01
###########################
7.19563e+13	6.5031e+03	1.991e-20	7.7426e+01	8.4173e+01	5.0518e-16	6.0640e-04	9.9939e-01	3.2734e-03	9.8677e-01	9.9520e-03	1.4975e-20	9.4254e-06	5.7371e-02	9.3819e-01	4.4336e-03	6.8131e-05	1.6168e-01	8.3403e-01	4.2228e-03	1.1755e-36	1.1755e-36	1.3912e-28	0.00e+00	0.00e+00	4.2655e-05
4.31738e+14	6.5022e+03	1.991e-20	7.7426e+01	8.4168e+01	5.0504e-16	6.0634e-04	9.9939e-01	3.2733e-03	9.8678e-01	9.9444e-03	1.4951e-20	9.4252e-06	5.7381e-02	9.3817e-01	4.4399e-03	6.8085e-05	1.6159e-01	8.3413e-01	4.2080e-03	1.1755e-36	1.1755e-36	1.3873e-28	0.00e+00	0.00e+00	2.1326e-04
1.87087e+15	6.5001e+03	1.991e-20	7.7426e+01	8.4166e+01	5.0584e-16	6.0628e-04	9.9939e-01	3.2738e-03	9.8684e-01	9.8816e-03	1.4947e-20	9.4295e-06	5.7409e-02	9.3815e-01	4.4305e-03	6.8050e-05	1.6151e-01	8.3427e-01	4.1470e-03	1.1755e-36	1.1755e-36	1.3860e-28	0.00e+00	0.00e+00	8.9560e-04
7.62737e+15	6.4944e+03	1.989e-20	7.7426e+01	8.4165e+01	5.0397e-16	6.0632e-04	9.9939e-01	3.2772e-03	9.8717e-01	9.5522e-03	1.4835e-20	9.4480e-06	5.7483e-02	9.3811e-01	4.3975e-03	6.8066e-05	1.6147e-01	8.3455e-01	3.9122e-03	1.1755e-36	1.1755e-36	1.3611e-28	0.00e+00	0.00e+00	3.6251e-03
1.82193e+16	6.4816e+03	1.982e-20	7.7426e+01	8.4163e+01	5.0709e-16	6.0429e-04	9.9940e-01	3.2761e-03	9.8736e-01	9.3633e-03	1.4734e-20	9.4264e-06	5.7480e-02	9.3814e-01	4.3716e-03	6.7731e-05	1.6107e-01	8.3527e-01	3.5930e-03	1.1755e-36	1.1755e-36	1.3497e-28	0.00e+00	0.00e+00	7.1616e-03
3.19889e+16	6.4655e+03	1.976e-20	7.7426e+01	8.4160e+01	5.0994e-16	6.0248e-04	9.9940e-01	3.2780e-03	9.8789e-01	8.8366e-03	1.4611e-20	9.4205e-06	5.7502e-02	9.3817e-01	4.3180e-03	6.7521e-05	1.6086e-01	8.3586e-01	3.2068e-03	1.1755e-36	1.1755e-36	1.3300e-28	0.00e+00	0.00e+00	1.1745e-02
4.98894e+16	6.4446e+03	1.968e-20	7.7426e+01	8.4156e+01	5.1344e-16	6.0075e-04	9.9940e-01	3.2829e-03	9.8873e-01	7.9877e-03	1.4480e-20	9.4079e-06	5.7560e-02	9.3819e-01	4.2381e-03	6.7437e-05	1.6090e-01	8.3628e-01	2.7570e-03	1.1755e-36	1.1755e-36	1.3047e-28	0.00e+00	0.00e+00	1.7687e-02
7.31599e+16	6.4256e+03	1.958e-20	7.7426e+01	8.4150e+01	5.1592e-16	5.9863e-04	9.9940e-01	3.2885e-03	9.8987e-01	6.8367e-03	1.4360e-20	9.4129e-06	5.7620e-02	9.3824e-01	4.1354e-03	6.7421e-05	1.6112e-01	8.3655e-01	2.2576e-03	1.1755e-36	1.1755e-36	1.2810e-28	0.00e+00	0.00e+00	2.5384e-02
1.03412e+17	6.3974e+03	1.947e-20	7.7426e+01	8.4141e+01	5.2296e-16	5.9681e-04	9.9940e-01	3.2989e-03	9.9126e-01	5.4426e-03	1.4314e-20	9.4315e-06	5.7748e-02	9.3823e-01	4.0081e-03	6.7665e-05	1.6182e-01	8.3638e-01	1.7338e-03	1.1755e-36	1.1755e-36	1.2622e-28	0.00e+00	0.00e+00	3.5359e-02
1.42739e+17	6.3709e+03	1.934e-20	7.7426e+01	8.4132e+01	5.2586e-16	5.9461e-04	9.9941e-01	3.3104e-03	9.9274e-01	3.9519e-03	1.4212e-20	9.4479e-06	5.7896e-02	9.3822e-01	3.8704e-03	6.8092e-05	1.6293e-01	8.3577e-01	1.2261e-03	1.1755e-36	1.1755e-36	1.2308e-28	0.00e+00	0.00e+00	4.8280e-02
1.93864e+17	6.3376e+03	1.918e-20	7.7426e+01	8.4120e+01	5.3376e-16	5.9264e-04	9.9941e-01	3.3260e-03	9.9412e-01	2.5513e-03	1.4227e-20	9.4807e-06	5.8115e-02	9.3815e-01	3.7287e-03	6.8826e-05	1.6460e-01	8.3455e-01	7.8022e-04	1.1755e-36	1.1755e-36	1.2118e-28	0.00e+00	0.00e+00	6.5021e-02
2.60327e+17	6.2974e+03	1.901e-20	7.7426e+01	8.4111e+01	5.4221e-16	5.9107e-04	9.9941e-01	3.3465e-03	9.9523e-01	1.4239e-03	1.4231e-20	9.5237e-06	5.8442e-02	9.3795e-01	3.5933e-03	6.9886e-05	1.6677e-01	8.3272e-01	4.3476e-04	1.1755e-36	1.1755e-36	1.1815e-28	0.00e+00	0.00e+00	8.6726e-02
3.46729e+17	6.2505e+03	1.881e-20	7.7426e+01	8.4105e+01	5.5419e-16	5.9010e-04	9.9941e-01	3.3735e-03	9.9596e-01	6.6566e-04	1.4301e-20	9.5941e-06	5.8901e-02	9.3762e-01	3.4676e-03	7.1296e-05	1.6941e-01	8.3031e-01	2.0566e-04	1.1755e-36	1.1755e-36	1.1526e-28	0.00e+00	0.00e+00	1.1490e-01
4.59052e+17	6.1969e+03	1.860e-20	7.7426e+01	8.4102e+01	5.6985e-16	5.9009e-04	9.9941e-01	3.4097e-03	9.9634e-01	2.5186e-04	1.4438e-20	9.7021e-06	5.9537e-02	9.3711e-01	3.3469e-03	7.3134e-05	1.7255e-01	8.2730e-01	7.9842e-05	1.1755e-36	1.1755e-36	1.1233e-28	0.00e+00	0.00e+00	1.5152e-01
6.05071e+17	6.1372e+03	1.836e-20	7.7426e+01	8.4100e+01	5.9254e-16	5.9159e-04	9.9941e-01	3.4595e-03	9.9647e-01	7.4518e-05	1.4752e-20	9.8648e-06	6.0418e-02	9.3635e-01	3.2206e-03	7.5588e-05	1.7635e-01	8.2355e-01	2.4621e-05	1.1755e-36	1.1755e-36	1.1057e-28	0.00e+00	0.00e+00	1.9925e-01
7.94897e+17	6.0728e+03	1.810e-20	7.7426e+01	8.4098e+01	6.1745e-16	5.9549e-04	9.9940e-01	3.5297e-03	9.9645e-01	1.6816e-05	1.5164e-20	1.0109e-05	6.1647e-02	9.3527e-01	3.0767e-03	7.8984e-05	1.8118e-01	8.1874e-01	5.8989e-06	1.1755e-36	1.1755e-36	1.0805e-28	0.00e+00	0.00e+00	2.6171e-01
1.04167e+18	6.0039e+03	1.783e-20	7.7426e+01	8.4097e+01	6.5186e-16	6.0325e-04	9.9940e-01	3.6313e-03	9.9637e-01	2.9079e-06	1.5919e-20	1.0469e-05	6.3393e-02	9.3369e-01	2.9051e-03	8.3832e-05	1.8750e-01	8.1241e-01	1.1030e-06	1.1755e-36	1.1755e-36	1.0707e-28	0.00e+00	0.00e+00	3.4396e-01
1.36247e+18	5.9430e+03	1.754e-20	7.7426e+01	8.4095e+01	6.9268e-16	6.1644e-04	9.9938e-01	3.7765e-03	9.9622e-01	4.0616e-07	1.7224e-20	1.1025e-05	6.5853e-02	9.3143e-01	2.7014e-03	9.0855e-05	1.9595e-01	8.0396e-01	1.6813e-07	1.1755e-36	1.1755e-36	1.0884e-28	0.00e+00	0.00e+00	4.5323e-01
1.77952e+18	5.8918e+03	1.725e-20	7.7426e+01	8.4091e+01	7.4493e-16	6.3879e-04	9.9936e-01	3.9939e-03	9.9601e-01	4.8918e-08	1.9496e-20	1.1870e-05	6.9455e-02	9.2807e-01	2.4587e-03	1.0147e-04	2.0753e-01	7.9237e-01	1.1755e-36	1.1755e-36	1.1755e-36	1.1484e-28	0.00e+00	0.00e+00	6.0042e-01
2.32168e+18	5.8564e+03	1.699e-20	7.7426e+01	8.4084e+01	8.1940e-16	6.7674e-04	9.9932e-01	4.3334e-03	9.9567e-01	5.1894e-09	2.3784e-20	1.3236e-05	7.4963e-02	9.2285e-01	2.1704e-03	1.1852e-04	2.2413e-01	7.7575e-01	1.1755e-36	1.1755e-36	1.1755e-36	1.2986e-28	0.00e+00	0.00e+00	8.0315e-01
2.75952e+18	5.8234e+03	1.674e-20	7.7426e+01	8.4080e+01	8.3223e-16	7.0003e-04	9.9930e-01	4.5784e-03	9.9542e-01	1.0011e-09	2.5312e-20	1.4189e-05	7.8945e-02	9.1906e-01	1.9776e-03	1.3146e-04	2.3670e-01	7.6317e-01	1.1755e-36	1.1755e-36	1.1755e-36	1.2480e-28	0.00e+00	0.00e+00	8.9307e-01
3.03548e+18	5.8493e+03	1.666e-20	7.7426e+01	8.4076e+01	8.5994e-16	7.2576e-04	9.9927e-01	4.8051e-03	9.9519e-01	4.1440e-10	2.8914e-20	1.5119e-05	8.2454e-02	9.1567e-01	1.8563e-03	1.4327e-04	2.4648e-01	7.5337e-01	1.1755e-36	1.1755e-36	1.1755e-36	1.4029e-28	0.00e+00	0.00e+00	9.9563e-01
3.33902e+18	5.8807e+03	1.661e-20	7.7426e+01	8.4071e+01	8.9827e-16	7.5823e-04	9.9924e-01	5.0901e-03	9.9491e-01	1.6806e-10	3.3993e-20	1.6284e-05	8.6785e-02	9.1147e-01	1.7272e-03	1.5843e-04	2.5825e-01	7.4159e-01	1.1755e-36	1.1755e-36	1.1755e-36	1.6253e-28	0.00e+00	0.00e+00	1.1135e+00
3.67293e+18	5.9284e+03	1.658e-20	7.7426e+01	8.4064e+01	9.4414e-16	7.9866e-04	9.9920e-01	5.4495e-03	9.9455e-01	6.6856e-11	4.1483e-20	1.7775e-05	9.2169e-02	9.0622e-01	1.5916e-03	1.7809e-04	2.7248e-01	7.2735e-01	1.1755e-36	1.1755e-36	1.1755e-36	1.9682e-28	0.00e+00	0.00e+00	1.2500e+00
4.04022e+18	5.9852e+03	1.658e-20	7.7426e+01	8.4056e+01	1.0092e-15	8.5091e-04	9.9915e-01	5.9212e-03	9.9408e-01	2.6064e-11	5.3006e-20	1.9720e-05	9.9087e-02	8.9945e-01	1.4466e-03	2.0468e-04	2.9021e-01	7.0959e-01	1.1755e-36	1.1755e-36	1.1755e-36	2.5022e-28	0.00e+00	0.00e+00	1.4101e+00
4.44424e+18	6.0785e+03	1.658e-20	7.7426e+01	8.4045e+01	1.0737e-15	9.1671e-04	9.9908e-01	6.5439e-03	9.9346e-01	9.9968e-12	7.1348e-20	2.2282e-05	1.0796e-01	8.9072e-01	1.2966e-03	2.4081e-04	3.1221e-01	6.8755e-01	1.1755e-36	1.1755e-36	1.1755e-36	3.3790e-28	0.00e+00	0.00e+00	1.5997e+00
4.88866e+18	6.1913e+03	1.662e-20	7.7426e+01	8.4031e+01	1.1727e-15	1.0047e-03	9.9900e-01	7.4192e-03	9.9258e-01	3.7703e-12	1.0363e-19	2.5814e-05	1.1998e-01	8.7886e-01	1.1366e-03	2.9316e-04	3.4080e-01	6.5890e-01	1.1755e-36	1.1755e-36	1.1755e-36	4.9594e-28	0.00e+00	0.00e+00	1.8284e+00
5.33976e+18	6.3284e+03	1.670e-20	7.7426e+01	8.4012e+01	1.2944e-15	1.1136e-03	9.9889e-01	8.5892e-03	9.9141e-01	1.5185e-12	1.5866e-19	3.0421e-05	1.3531e-01	8.6368e-01	9.8233e-04	3.6499e-04	3.7564e-01	6.2399e-01	1.1755e-36	1.1755e-36	1.1755e-36	7.7145e-28	0.00e+00	0.00e+00	2.0660e+00
5.73873e+18	6.4716e+03	1.682e-20	7.7426e+01	8.3991e+01	1.4244e-15	1.2329e-03	9.9877e-01	1.0001e-02	9.9000e-01	7.2606e-13	2.4261e-19	3.5747e-05	1.5276e-01	8.4635e-01	8.5032e-04	4.5274e-04	4.1328e-01	5.8626e-01	1.1755e-36	1.1755e-36	1.1755e-36	1.1954e-27	0.00e+00	0.00e+00	2.2838e+00
6.05442e+18	6.6015e+03	1.693e-20	7.7426e+01	8.3971e+01	1.5529e-15	1.3478e-03	9.9865e-01	1.1523e-02	9.8848e-01	4.2409e-13	3.5400e-19	4.1170e-05	1.7036e-01	8.2885e-01	7.4774e-04	5.4636e-04	4.4914e-01	5.5031e-01	1.1755e-36	1.1755e-36	1.1755e-36	1.7632e-27	0.00e+00	0.00e+00	2.4617e+00
6.30488e+18	6.7123e+03	1.704e-20	7.7426e+01	8.3950e+01	1.6884e-15	1.4564e-03	9.9854e-01	1.3116e-02	9.8688e-01	2.8259e-13	4.9539e-19	4.6578e-05	1.8772e-01	8.1157e-01	6.6520e-04	6.4260e-04	4.8230e-01	5.1706e-01	1.1755e-36	1.1755e-36	1.1755e-36	2.4918e-27	0.00e+00	0.00e+00	2.6260e+00
6.53338e+18	6.8181e+03	1.714e-20	7.7426e+01	8.3926e+01	1.8398e-15	1.5720e-03	9.9843e-01	1.4996e-02	9.8500e-01	1.9756e-13	6.9020e-19	5.2611e-05	2.0691e-01	7.9245e-01	5.8914e-04	7.5287e-04	5.1663e-01	4.8262e-01	1.1755e-36	1.1755e-36	1.1755e-36	3.4885e-27	0.00e+00	0.00e+00	2.7998e+00
6.75725e+18	6.9278e+03	1.726e-20	7.7426e+01	8.3898e+01	2.0251e-15	1.7037e-03	9.9830e-01	1.7426e-02	9.8257e-01	1.4120e-13	9.8216e-19	5.9839e-05	2.2974e-01	7.6968e-01	5.1485e-04	8.8810e-04	5.5464e-01	4.4448e-01	1.1755e-36	1.1755e-36	1.1755e-36	4.9843e-27	0.00e+00	0.00e+00	2.9844e+00
6.96879e+18	7.0381e+03	1.738e-20	7.7426e+01	8.3864e+01	2.2340e-15	1.8492e-03	9.9815e-01	2.0538e-02	9.7946e-01	1.0430e-13	1.4048e-18	6.8279e-05	2.5626e-01	7.4323e-01	4.4497e-04	1.0490e-03	5.9537e-01	4.0358e-01	1.1755e-36	1.1755e-36	1.1755e-36	7.1133e-27	0.00e+00	0.00e+00	3.1665e+00
7.15711e+18	7.1414e+03	1.750e-20	7.7426e+01	8.3824e+01	2.4693e-15	2.0005e-03	9.9800e-01	2.4379e-02	9.7562e-01	8.0428e-14	1.9880e-18	7.7594e-05	2.8538e-01	7.1416e-01	3.8255e-04	1.2285e-03	6.3624e-01	3.6253e-01	1.1755e-36	1.1755e-36	1.1755e-36	1.0030e-26	0.00e+00	0.00e+00	3.3378e+00
7.32206e+18	7.2345e+03	1.761e-20	7.7426e+01	8.3778e+01	2.7194e-15	2.1544e-03	9.9785e-01	2.9080e-02	9.7092e-01	6.4333e-14	2.7532e-18	8.7616e-05	3.1658e-01	6.8301e-01	3.2745e-04	1.4223e-03	6.7596e-01	3.2262e-01	1.1755e-36	1.1755e-36	1.1755e-36	1.3761e-26	0.00e+00	0.00e+00	3.5007e+00
7.47035e+18	7.3194e+03	1.772e-20	7.7426e+01	8.3724e+01	2.9959e-15	2.3136e-03	9.9769e-01	3.5038e-02	9.6496e-01	5.2638e-14	3.7655e-18	9.8553e-05	3.5048e-01	6.4914e-01	2.7763e-04	1.6338e-03	7.1497e-01	2.8340e-01	1.1755e-36	1.1755e-36	1.1755e-36	1.8586e-26	0.00e+00	0.00e+00	3.6612e+00
7.60742e+18	7.4015e+03	1.783e-20	7.7426e+01	8.3666e+01	3.3040e-15	2.4816e-03	9.9752e-01	4.3083e-02	9.5692e-01	4.3656e-14	5.1306e-18	1.1083e-04	3.8820e-01	6.1146e-01	2.3161e-04	1.8681e-03	7.5400e-01	2.4413e-01	1.1755e-36	1.1755e-36	1.1755e-36	2.4957e-26	0.00e+00	0.00e+00	3.8216e+00
7.71676e+18	7.4624e+03	1.794e-20	7.7426e+01	8.3592e+01	3.6051e-15	2.6339e-03	9.9737e-01	5.2550e-02	9.4745e-01	3.7391e-14	6.6609e-18	1.2252e-04	4.2429e-01	5.7539e-01	1.9528e-04	2.0909e-03	7.8822e-01	2.0969e-01	1.1755e-36	1.1755e-36	1.1755e-36	3.1818e-26	0.00e+00	0.00e+00	3.9329e+00
7.78945e+18	7.5104e+03	1.800e-20	7.7426e+01	8.3515e+01	3.8111e-15	2.7428e-03	9.9726e-01	6.1236e-02	9.3876e-01	3.3701e-14	7.9735e-18	1.3129e-04	4.5174e-01	5.4796e-01	1.7107e-04	2.2576e-03	8.1233e-01	1.8541e-01	1.1755e-36	1.1755e-36	1.1755e-36	3.7529e-26	0.00e+00	0.00e+00	4.0120e+00
7.84570e+18	7.5357e+03	1.805e-20	7.7426e+01	8.3445e+01	4.0342e-15	2.8367e-03	9.9716e-01	6.9909e-02	9.3009e-01	3.0863e-14	9.2448e-18	1.3888e-04	4.7508e-01	5.2463e-01	1.5199e-04	2.4012e-03	8.3146e-01	1.6614e-01	1.1755e-36	1.1755e-36	1.1755e-36	4.3046e-26	0.00e+00	0.00e+00	4.0862e+00
7.90726e+18	7.5715e+03	1.810e-20	7.7426e+01	8.3365e+01	4.2769e-15	2.9451e-03	9.9705e-01	8.2504e-02	9.1750e-01	2.7911e-14	1.0902e-17	1.4791e-04	5.0266e-01	4.9706e-01	1.3125e-04	2.5702e-03	8.5257e-01	1.4486e-01	1.1755e-36	1.1755e-36	1.1755e-36	5.0126e-26	0.00e+00	0.00e+00	4.1864e+00
7.97103e+18	7.6190e+03	1.814e-20	7.7426e+01	8.3271e+01	4.5087e-15	3.0601e-03	9.9694e-01	1.0053e-01	8.9947e-01	2.4799e-14	1.2926e-17	1.5782e-04	5.3333e-01	4.6641e-01	1.1099e-04	2.7574e-03	8.7540e-01	1.2185e-01	1.1755e-36	1.1755e-36	1.1755e-36	5.8570e-26	0.00e+00	0.00e+00	4.2731e+00
8.01988e+18	7.6414e+03	1.818e-20	7.7426e+01	8.3113e+01	4.7536e-15	3.1568e-03	9.9684e-01	1.2014e-01	8.7986e-01	2.2386e-14	1.4821e-17	1.6616e-04	5.5934e-01	4.4040e-01	9.5435e-05	2.9169e-03	8.9382e-01	1.0326e-01	1.1755e-36	1.1755e-36	1.1755e-36	6.6199e-26	0.00e+00	0.00e+00	4.3344e+00
8.05506e+18	7.6608e+03	1.819e-20	7.7426e+01	8.2974e+01	4.9290e-15	3.2280e-03	9.9677e-01	1.3903e-01	8.6097e-01	2.0643e-14	1.6367e-17	1.7239e-04	5.7897e-01	4.2077e-01	8.4382e-05	3.0373e-03	9.0734e-01	8.9627e-02	1.1755e-36	1.1755e-36	1.1755e-36	7.2305e-26	0.00e+00	0.00e+00	4.3827e+00
8.08494e+18	7.6758e+03	1.819e-20	7.7426e+01	8.2832e+01	5.0940e-15	3.2909e-03	9.9671e-01	1.5950e-01	8.4050e-01	1.9089e-14	1.7831e-17	1.7781e-04	5.9611e-01	4.0363e-01	7.5095e-05	3.1441e-03	9.1879e-01	7.8065e-02	1.1755e-36	1.1755e-36	1.1755e-36	7.8042e-26	0.00e+00	0.00e+00	4.4296e+00
8.11850e+18	7.6900e+03	1.819e-20	7.7426e+01	8.2678e+01	5.3084e-15	3.3663e-03	9.9663e-01	1.8938e-01	8.1062e-01	1.7310e-14	1.9694e-17	1.8405e-04	6.1573e-01	3.8402e-01	6.4772e-05	3.2704e-03	9.3147e-01	6.5260e-02	1.1755e-36	1.1755e-36	1.1755e-36	8.5385e-26	0.00e+00	0.00e+00	4.4921e+00
8.15265e+18	7.7071e+03	1.816e-20	7.7426e+01	8.2449e+01	5.5183e-15	3.4417e-03	9.9656e-01	2.3054e-01	7.6945e-01	1.5228e-14	2.1733e-17	1.9024e-04	6.3564e-01	3.6412e-01	5.4984e-05	3.4006e-03	9.4438e-01	5.2218e-02	1.1755e-36	1.1755e-36	1.1755e-36	9.3184e-26	0.00e+00	0.00e+00	4.5432e+00
8.17832e+18	7.7093e+03	1.811e-20	7.7426e+01	8.2109e+01	5.7114e-15	3.4979e-03	9.9650e-01	2.7263e-01	7.2737e-01	1.3471e-14	2.3341e-17	1.9456e-04	6.5055e-01	3.4921e-01	4.7809e-05	3.4993e-03	9.5400e-01	4.2497e-02	1.1755e-36	1.1755e-36	1.1755e-36	9.8817e-26	0.00e+00	0.00e+00	4.5790e+00
8.19741e+18	7.7208e+03	1.804e-20	7.7426e+01	8.1868e+01	5.8230e-15	3.5378e-03	9.9646e-01	3.1237e-01	6.8763e-01	1.2160e-14	2.4608e-17	1.9761e-04	6.6129e-01	3.3847e-01	4.2592e-05	3.5709e-03	9.6089e-01	3.5539e-02	1.1755e-36	1.1755e-36	1.1755e-36	1.0332e-25	0.00e+00	0.00e+00	4.6088e+00
8.21721e+18	7.7213e+03	1.796e-20	7.7426e+01	8.1568e+01	5.9977e-15	3.5834e-03	9.9642e-01	3.6256e-01	6.3744e-01	1.0707e-14	2.6053e-17	2.0063e-04	6.7205e-01	3.2771e-01	3.7189e-05	3.6484e-03	9.6749e-01	2.8859e-02	1.1755e-36	1.1755e-36	1.1755e-36	1.0842e-25	0.00e+00	0.00e+00	4.6480e+00
8.23886e+18	7.7196e+03	1.784e-20	7.7426e+01	8.1178e+01	6.1967e-15	3.6326e-03	9.9637e-01	4.2939e-01	5.7061e-01	8.8803e-15	2.7656e-17	2.0351e-04	6.8283e-01	3.1694e-01	3.1728e-05	3.7308e-03	9.7409e-01	2.2180e-02	1.1755e-36	1.1755e-36	1.1755e-36	1.1384e-25	0.00e+00	0.00e+00	4.6851e+00
8.25781e+18	7.7152e+03	1.770e-20	7.7426e+01	8.0728e+01	6.3801e-15	3.6730e-03	9.9633e-01	5.0071e-01	4.9929e-01	7.2528e-15	2.9054e-17	2.0546e-04	6.9125e-01	3.0851e-01	2.7194e-05	3.7986e-03	9.7926e-01	1.6942e-02	1.1755e-36	1.1755e-36	1.1755e-36	1.1822e-25	0.00e+00	0.00e+00	4.7157e+00
8.27400e+18	7.7067e+03	1.754e-20	7.7426e+01	8.0252e+01	6.5525e-15	3.7062e-03	9.9629e-01	5.6987e-01	4.3013e-01	5.8802e-15	3.0207e-17	2.0662e-04	6.9750e-01	3.0227e-01	2.3508e-05	3.8530e-03	9.8305e-01	1.3097e-02	1.1755e-36	1.1755e-36	1.1755e-36	1.2147e-25	0.00e+00	0.00e+00	4.7435e+00
8.29166e+18	7.6940e+03	1.735e-20	7.7426e+01	7.9738e+01	6.7645e-15	3.7455e-03	9.9625e-01	6.4979e-01	3.5021e-01	4.4885e-15	3.1500e-17	2.0764e-04	7.0339e-01	2.9639e-01	1.9667e-05	3.9129e-03	9.8641e-01	9.6743e-03	1.1755e-36	1.1755e-36	1.1755e-36	1.2512e-25	0.00e+00	0.00e+00	4.7801e+00
8.31463e+18	7.6735e+03	1.712e-20	7.7426e+01	7.9132e+01	7.0769e-15	3.8020e-03	9.9620e-01	7.5063e-01	2.4937e-01	2.9308e-15	3.3213e-17	2.0869e-04	7.0955e-01	2.9023e-01	1.5249e-05	3.9927e-03	9.8966e-01	6.3441e-03	1.1755e-36	1.1755e-36	1.1755e-36	1.3020e-25	0.00e+00	0.00e+00	4.8283e+00
8.34015e+18	7.6542e+03	1.688e-20	7.7426e+01	7.8483e+01	7.3864e-15	3.8655e-03	9.9613e-01	8.4621e-01	1.5379e-01	1.6385e-15	3.4815e-17	2.0928e-04	7.1442e-01	2.8536e-01	1.1227e-05	4.0780e-03	9.9210e-01	3.8198e-03	1.1755e-36	1.1755e-36	1.1755e-36	1.3447e-25	0.00e+00	0.00e+00	4.8758e+00
8.36901e+18	7.6397e+03	1.668e-20	7.7426e+01	7.7908e+01	7.6877e-15	3.9440e-03	9.9606e-01	9.1830e-01	8.1701e-02	7.9371e-16	3.6333e-17	2.0982e-04	7.1838e-01	2.8141e-01	7.6511e-06	4.1777e-03	9.9369e-01	2.1322e-03	1.1755e-36	1.1755e-36	1.1755e-36	1.3849e-25	0.00e+00	0.00e+00	4.9386e+00
8.40652e+18	7.6316e+03	1.658e-20	7.7426e+01	7.7454e+01	8.0161e-15	4.0596e-03	9.9594e-01	9.6588e-01	3.4121e-02	2.9658e-16	3.8041e-17	2.1089e-04	7.2242e-01	2.7737e-01	4.5420e-06	4.3186e-03	9.9468e-01	1.0057e-03	1.1755e-36	1.1755e-36	1.1755e-36	1.4331e-25	0.00e+00	0.00e+00	5.0228e+00
8.45529e+18	7.6362e+03	1.660e-20	7.7426e+01	7.7241e+01	8.4619e-15	4.2319e-03	9.9577e-01	9.8881e-01	1.1194e-02	8.6679e-17	4.0654e-17	2.1304e-04	7.2729e-01	2.7250e-01	2.2673e-06	4.5235e-03	9.9509e-01	3.8839e-04	1.1755e-36	1.1755e-36	1.1755e-36	1.5343e-25	0.00e+00	0.00e+00	5.1369e+00
8.51869e+18	7.6515e+03	1.671e-20	7.7426e+01	7.7156e+01	9.2455e-15	4.4821e-03	9.9552e-01	9.9704e-01	2.9621e-03	2.0246e-17	4.5339e-17	2.1628e-04	7.3354e-01	2.6625e-01	9.1858e-07	4.8192e-03	9.9506e-01	1.1953e-04	1.1755e-36	1.1755e-36	1.1755e-36	1.7635e-25	0.00e+00	0.00e+00	5.2939e+00
8.60110e+18	7.6754e+03	1.692e-20	7.7426e+01	7.7124e+01	1.0687e-14	4.8514e-03	9.9515e-01	9.9935e-01	6.4998e-04	3.8566e-18	5.3960e-17	2.2077e-04	7.4190e-01	2.5788e-01	2.8684e-07	5.2557e-03	9.9472e-01	2.8432e-05	1.1755e-36	1.1755e-36	1.1755e-36	2.2520e-25	0.00e+00	0.00e+00	5.5149e+00
8.70824e+18	7.7068e+03	1.721e-20	7.7426e+01	7.7096e+01	1.3265e-14	5.4186e-03	9.9458e-01	9.9987e-01	1.2645e-04	6.3408e-19	6.9609e-17	2.2690e-04	7.5337e-01	2.4640e-01	1.1755e-36	5.9293e-03	9.9407e-01	5.0337e-06	1.1755e-36	1.1755e-36	1.1755e-36	3.2500e-25	0.00e+00	0.00e+00	5.8357e+00
8.84752e+18	7.7444e+03	1.762e-20	7.7426e+01	7.7039e+01	1.8272e-14	6.3495e-03	9.9365e-01	9.9997e-01	2.8572e-05	1.1636e-19	1.0076e-16	2.3530e-04	7.6944e-01	2.3032e-01	1.1755e-36	7.0422e-03	9.9296e-01	6.2709e-07	1.1755e-36	1.1755e-36	1.1755e-36	5.5597e-25	0.00e+00	0.00e+00	6.3244e+00
8.98264e+18	7.7818e+03	1.808e-20	7.7426e+01	7.6970e+01	2.6431e-14	7.6210e-03	9.9238e-01	9.9999e-01	1.2268e-05	4.1694e-20	1.5306e-16	2.4390e-04	7.8617e-01	2.1359e-01	1.1755e-36	8.5727e-03	9.9143e-01	8.1523e-08	1.1755e-36	1.1755e-36	1.1755e-36	1.0233e-24	0.00e+00	0.00e+00	6.7446e+00
9.07358e+18	7.8000e+03	1.844e-20	7.7426e+01	7.6838e+01	3.5736e-14	8.8166e-03	9.9118e-01	9.9999e-01	8.5908e-06	2.5996e-20	2.1321e-16	2.5038e-04	7.9884e-01	2.0091e-01	1.1755e-36	1.0020e-02	9.8998e-01	2.2232e-08	1.1755e-36	1.1755e-36	1.1755e-36	1.6598e-24	0.00e+00	0.00e+00	7.0425e+00
9.13583e+18	7.8087e+03	1.870e-20	7.7426e+01	7.6756e+01	4.4996e-14	9.8473e-03	9.9015e-01	9.9999e-01	7.0527e-06	1.9646e-20	2.7388e-16	2.5509e-04	8.0846e-01	1.9129e-01	1.1755e-36	1.1272e-02	9.8873e-01	9.3470e-09	1.1755e-36	1.1755e-36	1.1755e-36	2.3895e-24	0.00e+00	0.00e+00	7.3091e+00
9.19953e+18	7.8113e+03	1.897e-20	7.7426e+01	7.6657e+01	5.8191e-14	1.1117e-02	9.8888e-01	9.9999e-01	5.8485e-06	1.4868e-20	3.6080e-16	2.6019e-04	8.1926e-01	1.8048e-01	1.1755e-36	1.2819e-02	9.8718e-01	3.8004e-09	1.1755e-36	1.1755e-36	1.1755e-36	3.5656e-24	0.00e+00	0.00e+00	7.7005e+00
9.28234e+18	7.8053e+03	1.934e-20	7.7426e+01	7.6494e+01	8.4499e-14	1.3237e-02	9.8676e-01	1.0000e+00	4.5211e-06	1.0210e-20	5.3416e-16	2.6709e-04	8.3423e-01	1.6550e-01	1.1755e-36	1.5410e-02	9.8459e-01	1.1911e-09	1.1755e-36	1.1755e-36	1.1755e-36	6.2973e-24	0.00e+00	0.00e+00	8.3063e+00
9.36238e+18	7.7885e+03	1.977e-20	7.7426e+01	7.6263e+01	1.3097e-13	1.6242e-02	9.8376e-01	1.0000e+00	3.3396e-06	6.8008e-21	8.3834e-16	2.7414e-04	8.4983e-01	1.4990e-01	1.1755e-36	1.9091e-02	9.8091e-01	3.8522e-10	1.1755e-36	1.1755e-36	1.1755e-36	1.2121e-23	0.00e+00	0.00e+00	8.8342e+00
9.41687e+18	7.7647e+03	2.010e-20	7.7426e+01	7.6029e+01	1.8889e-13	1.9236e-02	9.8076e-01	1.0000e+00	2.7195e-06	5.1698e-21	1.2123e-15	2.7938e-04	8.6193e-01	1.3779e-01	1.1755e-36	2.2766e-02	9.7723e-01	1.7857e-10	1.1755e-36	1.1755e-36	1.1755e-36	2.0706e-23	0.00e+00	0.00e+00	9.2337e+00
9.45502e+18	7.7388e+03	2.034e-20	7.7426e+01	7.5837e+01	2.5363e-13	2.2007e-02	9.7799e-01	1.0000e+00	2.3548e-06	4.2569e-21	1.6236e-15	2.8332e-04	8.7129e-01	1.2843e-01	1.1755e-36	2.6170e-02	9.7383e-01	1.0276e-10	1.1755e-36	1.1755e-36	1.1755e-36	3.1638e-23	0.00e+00	0.00e+00	9.5977e+00
9.49393e+18	7.7099e+03	2.056e-20	7.7426e+01	7.5536e+01	3.5105e-13	2.5524e-02	9.7448e-01	1.0000e+00	2.0291e-06	3.4745e-21	2.2374e-15	2.8715e-04	8.8154e-01	1.1818e-01	1.1755e-36	3.0492e-02	9.6951e-01	5.6599e-11	1.1755e-36	1.1755e-36	1.1755e-36	5.0372e-23	0.00e+00	0.00e+00	1.0146e+01
9.53656e+18	7.6538e+03	2.083e-20	7.7426e+01	7.5130e+01	5.3592e-13	3.0817e-02	9.6918e-01	1.0000e+00	1.6297e-06	2.6352e-21	3.3499e-15	2.9151e-04	8.9339e-01	1.0632e-01	1.1755e-36	3.6996e-02	9.6300e-01	2.9290e-11	1.1755e-36	1.1755e-36	1.1755e-36	9.0443e-23	0.00e+00	0.00e+00	1.0768e+01
9.57446e+18	7.5964e+03	2.105e-20	7.7426e+01	7.4602e+01	8.3759e-13	3.7627e-02	9.6237e-01	1.0000e+00	1.3198e-06	2.0335e-21	5.1181e-15	2.9516e-04	9.0491e-01	9.4791e-02	1.1755e-36	4.5354e-02	9.5465e-01	1.5905e-11	1.1755e-36	1.1755e-36	1.1755e-36	1.6751e-22	0.00e+00	0.00e+00	1.1403e+01
9.60565e+18	7.5369e+03	2.120e-20	7.7426e+01	7.4015e+01	1.3000e-12	4.5759e-02	9.5424e-01	1.0000e+00	1.0855e-06	1.6094e-21	7.7337e-15	2.9796e-04	9.1531e-01	8.4397e-02	1.1755e-36	5.5313e-02	9.4469e-01	9.3437e-12	1.1755e-36	1.1755e-36	1.1755e-36	3.0575e-22	0.00e+00	0.00e+00	1.2027e+01
9.63153e+18	7.4739e+03	2.130e-20	7.7426e+01	7.3470e+01	2.0068e-12	5.5447e-02	9.4455e-01	1.0000e+00	9.0505e-07	1.2986e-21	1.1588e-14	3.0032e-04	9.2478e-01	7.4915e-02	1.1755e-36	6.7140e-02	9.3286e-01	5.8091e-12	1.1755e-36	1.1755e-36	1.1755e-36	5.5231e-22	0.00e+00	0.00e+00	1.2675e+01
9.65452e+18	7.4126e+03	2.121e-20	7.7426e+01	7.2472e+01	3.1124e-12	6.7314e-02	9.3269e-01	1.0000e+00	7.5423e-07	1.0580e-21	1.7328e-14	3.0051e-04	9.3352e-01	6.6181e-02	1.1755e-36	8.1571e-02	9.1843e-01	3.6882e-12	1.1755e-36	1.1755e-36	1.1755e-36	9.9442e-22	0.00e+00	0.00e+00	1.3401e+01
9.67583e+18	7.3350e+03	2.099e-20	7.7426e+01	7.1183e+01	5.0480e-12	8.3024e-02	9.1698e-01	1.0000e+00	6.1674e-07	8.5010e-22	2.6712e-14	2.9957e-04	9.4212e-01	5.7577e-02	1.1755e-36	1.0057e-01	8.9943e-01	2.3315e-12	1.1755e-36	1.1755e-36	1.1755e-36	1.8734e-21	0.00e+00	0.00e+00	1.4235e+01
9.69487e+18	7.2672e+03	2.059e-20	7.7426e+01	6.9733e+01	8.3558e-12	1.0366e-01	8.9634e-01	1.0000e+00	4.9704e-07	6.7790e-22	4.2191e-14	2.9726e-04	9.5031e-01	4.9391e-02	1.1755e-36	1.2531e-01	8.7469e-01	1.4805e-12	1.1755e-36	1.1755e-36	1.1755e-36	3.6749e-21	0.00e+00	0.00e+00	1.5123e+01
9.71049e+18	7.1897e+03	1.993e-20	7.7426e+01	6.7706e+01	1.3717e-11	1.2827e-01	8.7173e-01	1.0000e+00	4.0200e-07	5.4971e-22	6.5000e-14	2.9219e-04	9.5728e-01	4.2430e-02	1.1755e-36	1.5451e-01	8.4549e-01	9.7787e-13	1.1755e-36	1.1755e-36	1.1755e-36	6.9429e-21	0.00e+00	0.00e+00	1.5984e+01
9.72284e+18	7.1084e+03	1.911e-20	7.7426e+01	6.5459e+01	2.1749e-11	1.5567e-01	8.4433e-01	1.0000e+00	3.3349e-07	4.6105e-22	9.5917e-14	2.8529e-04	9.6302e-01	3.6697e-02	1.1755e-36	1.8664e-01	8.1336e-01	6.7694e-13	1.1755e-36	1.1755e-36	1.1755e-36	1.2312e-20	0.00e+00	0.00e+00	1.6818e+01
9.73301e+18	7.0194e+03	1.817e-20	7.7426e+01	6.3074e+01	3.3819e-11	1.8632e-01	8.1368e-01	1.0000e+00	2.7905e-07	3.9216e-22	1.3753e-13	2.7762e-04	9.6792e-01	3.1804e-02	1.1755e-36	2.2210e-01	7.7790e-01	4.8207e-13	1.1755e-36	1.1755e-36	1.1755e-36	2.0953e-20	0.00e+00	0.00e+00	1.7674e+01
9.74190e+18	6.9132e+03	1.705e-20	7.7426e+01	6.0347e+01	5.2726e-11	2.2151e-01	7.7849e-01	1.0000e+00	2.3405e-07	3.3681e-22	1.9395e-13	2.6805e-04	9.7226e-01	2.7476e-02	1.1755e-36	2.6220e-01	7.3780e-01	3.4692e-13	1.1755e-36	1.1755e-36	1.1755e-36	3.4762e-20	0.00e+00	0.00e+00	1.8581e+01
9.74980e+18	6.7855e+03	1.576e-20	7.7426e+01	5.7221e+01	8.3015e-11	2.6185e-01	7.3815e-01	1.0000e+00	1.9541e-07	2.9043e-22	2.6943e-13	2.5651e-04	9.7611e-01	2.3631e-02	1.1755e-36	3.0736e-01	6.9264e-01	2.5106e-13	1.1755e-36	1.1755e-36	1.1755e-36	5.6323e-20	0.00e+00	0.00e+00	1.9530e+01
9.75622e+18	6.6480e+03	1.447e-20	7.7426e+01	5.4059e+01	1.2687e-10	3.0324e-01	6.9676e-01	1.0000e+00	1.6319e-07	2.5177e-22	3.5834e-13	2.4441e-04	9.7922e-01	2.0538e-02	1.1755e-36	3.5284e-01	6.4716e-01	1.8814e-13	1.1755e-36	1.1755e-36	1.1755e-36	8.5483e-20	0.00e+00	0.00e+00	2.0335e+01
9.76079e+18	6.5229e+03	1.338e-20	7.7426e+01	5.1319e+01	1.7792e-10	3.3806e-01	6.6194e-01	1.0000e+00	1.4358e-07	2.2961e-22	4.4071e-13	2.3364e-04	9.8138e-01	1.8388e-02	1.1755e-36	3.9043e-01	6.0957e-01	1.5091e-13	1.1755e-36	1.1755e-36	1.1755e-36	1.1535e-19	0.00e+00	0.00e+00	2.0949e+01
9.76404e+18	6.4160e+03	1.254e-20	7.7426e+01	4.9173e+01	2.3126e-10	3.6577e-01	6.3423e-01	1.0000e+00	1.3162e-07	2.1679e-22	5.1132e-13	2.2511e-04	9.8290e-01	1.6879e-02	1.1755e-36	4.1994e-01	5.8006e-01	1.2787e-13	1.1755e-36	1.1755e-36	1.1755e-36	1.4286e-19	0.00e+00	0.00e+00	2.1446e+01
9.76670e+18	6.3136e+03	1.180e-20	7.7426e+01	4.7259e+01	2.9171e-10	3.9045e-01	6.0955e-01	1.0000e+00	1.2255e-07	2.0743e-22	5.7744e-13	2.1743e-04	9.8413e-01	1.5651e-02	1.1755e-36	4.4591e-01	5.5409e-01	1.1088e-13	1.1755e-36	1.1755e-36	1.1755e-36	1.6992e-19	0.00e+00	0.00e+00	2.1933e+01
9.76924e+18	6.2027e+03	1.106e-20	7.7426e+01	4.5310e+01	3.6954e-10	4.1556e-01	5.8444e-01	1.0000e+00	1.1330e-07	1.9741e-22	6.4756e-13	2.0955e-04	9.8529e-01	1.4505e-02	1.1755e-36	4.7205e-01	5.2795e-01	9.6333e-14	1.1755e-36	1.1755e-36	1.1755e-36	1.9980e-19	0.00e+00	0.00e+00	2.2445e+01
9.77167e+18	6.0834e+03	1.033e-20	7.7426e+01	4.3325e+01	4.7070e-10	4.4110e-01	5.5890e-01	1.0000e+00	1.0402e-07	1.8693e-22	7.2145e-13	2.0146e-04	9.8636e-01	1.3439e-02	1.1755e-36	4.9833e-01	5.0167e-01	8.3860e-14	1.1755e-36	1.1755e-36	1.1755e-36	2.3244e-19	0.00e+00	0.00e+00	2.2950e+01
9.77386e+18	5.9630e+03	9.649e-21	7.7426e+01	4.1440e+01	5.9449e-10	4.6537e-01	5.3463e-01	1.0000e+00	9.6086e-08	1.7802e-22	7.9385e-13	1.9371e-04	9.8730e-01	1.2506e-02	1.1755e-36	5.2303e-01	4.7697e-01	7.3752e-14	1.1755e-36	1.1755e-36	1.1755e-36	2.6542e-19	0.00e+00	0.00e+00	2.3415e+01
9.77578e+18	5.8456e+03	9.045e-21	7.7426e+01	3.9714e+01	7.4007e-10	4.8759e-01	5.1241e-01	1.0000e+00	8.9747e-08	1.7117e-22	8.6185e-13	1.8659e-04	9.8811e-01	1.1707e-02	1.1755e-36	5.4543e-01	4.5457e-01	6.5703e-14	1.1755e-36	1.1755e-36	1.1755e-36	2.9719e-19	0.00e+00	0.00e+00	2.3843e+01
9.77751e+18	5.7266e+03	8.499e-21	7.7426e+01	3.8115e+01	9.1643e-10	5.0848e-01	4.9152e-01	1.0000e+00	8.4310e-08	1.6524e-22	9.2768e-13	1.8000e-04	9.8882e-01	1.0999e-02	1.1755e-36	5.6628e-01	4.3372e-01	5.9038e-14	1.1755e-36	1.1755e-36	1.1755e-36	3.2875e-19	0.00e+00	0.00e+00	2.4254e+01
9.77912e+18	5.6071e+03	7.983e-21	7.7426e+01	3.6563e+01	1.1313e-09	5.2854e-01	4.7146e-01	1.0000e+00	7.9355e-08	1.5988e-22	9.9187e-13	1.7355e-04	9.8947e-01	1.0355e-02	1.1755e-36	5.8614e-01	4.1386e-01	5.3305e-14	1.1755e-36	1.1755e-36	1.1755e-36	3.6023e-19	0.00e+00	0.00e+00	2.4662e+01
9.78042e+18	5.5080e+03	7.582e-21	7.7426e+01	3.5322e+01	1.3439e-09	5.4456e-01	4.5544e-01	1.0000e+00	7.4422e-08	1.5342e-22	1.0440e-12	1.6838e-04	9.8996e-01	9.8711e-03	1.1755e-36	6.0186e-01	3.9814e-01	4.9182e-14	1.1755e-36	1.1755e-36	1.1755e-36	3.8650e-19	0.00e+00	0.00e+00	2.4934e+01
9.78134e+18	5.4344e+03	7.292e-21	7.7426e+01	3.4403e+01	1.5255e-09	5.5607e-01	4.4393e-01	1.0000e+00	7.2618e-08	1.5236e-22	1.0815e-12	1.6452e-04	9.9030e-01	9.5324e-03	1.1755e-36	6.1310e-01	3.8690e-01	4.6396e-14	1.1755e-36	1.1755e-36	1.1755e-36	4.0564e-19	0.00e+00	0.00e+00	2.5157e+01
9.78220e+18	5.3539e+03	7.020e-21	7.7426e+01	3.3538e+01	1.7450e-09	5.6762e-01	4.3238e-01	1.0000e+00	7.0646e-08	1.5058e-22	1.1214e-12	1.6094e-04	9.9064e-01	9.1982e-03	1.1755e-36	6.2431e-01	3.7569e-01	4.3790e-14	1.1755e-36	1.1755e-36	1.1755e-36	4.2684e-19	0.00e+00	0.00e+00	2.5407e+01
9.78315e+18	5.2669e+03	6.722e-21	7.7426e+01	3.2580e+01	2.0190e-09	5.8017e-01	4.1983e-01	1.0000e+00	6.7879e-08	1.4737e-22	1.1651e-12	1.5694e-04	9.9100e-01	8.8451e-03	1.1755e-36	6.3645e-01	3.6355e-01	4.1093e-14	1.1755e-36	1.1755e-36	1.1755e-36	4.5081e-19	0.00e+00	0.00e+00	2.5685e+01
9.78413e+18	5.1695e+03	6.416e-21	7.7426e+01	3.1554e+01	2.3691e-09	5.9325e-01	4.0675e-01	1.0000e+00	6.4921e-08	1.4380e-22	1.2113e-12	1.5266e-04	9.9136e-01	8.4909e-03	1.1755e-36	6.4902e-01	3.5098e-01	3.8475e-14	1.1755e-36	1.1755e-36	1.1755e-36	4.7697e-19	0.00e+00	0.00e+00	2.5970e+01
9.78509e+18	5.0717e+03	6.122e-21	7.7426e+01	3.0561e+01	2.7790e-09	6.0611e-01	3.9389e-01	1.0000e+00	6.2184e-08	1.4049e-22	1.2589e-12	1.4852e-04	9.9170e-01	8.1531e-03	1.1755e-36	6.6131e-01	3.3869e-01	3.6057e-14	1.1755e-36	1.1755e-36	1.1755e-36	5.0542e-19	0.00e+00	0.00e+00	2.6247e+01
9.78600e+18	4.9725e+03	5.846e-21	7.7426e+01	2.9604e+01	3.2567e-09	6.1853e-01	3.8146e-01	1.0000e+00	5.9720e-08	1.3755e-22	1.3062e-12	1.4454e-04	9.9202e-01	7.8315e-03	1.1755e-36	6.7313e-01	3.2687e-01	3.3862e-14	1.1755e-36	1.1755e-36	1.1755e-36	5.3487e-19	0.00e+00	0.00e+00	2.6518e+01
9.78689e+18	4.8699e+03	5.582e-21	7.7426e+01	2.8664e+01	3.8175e-09	6.3069e-01	3.6931e-01	1.0000e+00	5.7391e-08	1.3472e-22	1.3514e-12	1.4065e-04	9.9235e-01	7.5126e-03	1.1755e-36	6.8465e-01	3.1535e-01	3.1840e-14	1.1755e-36	1.1755e-36	1.1755e-36	5.6267e-19	0.00e+00	0.00e+00	2.6789e+01
9.78776e+18	4.7641e+03	5.326e-21	7.7426e+01	2.7734e+01	4.4825e-09	6.4275e-01	3.5725e-01	1.0000e+00	5.5105e-08	1.3185e-22	1.3971e-12	1.3681e-04	9.9266e-01	7.2033e-03	1.1755e-36	6.9601e-01	3.0399e-01	2.9946e-14	1.1755e-36	1.1755e-36	1.1755e-36	5.9211e-19	0.00e+00	0.00e+00	2.7062e+01
9.78863e+18	4.6610e+03	5.076e-21	7.7426e+01	2.6808e+01	5.2247e-09	6.5442e-01	3.4558e-01	1.0000e+00	5.2925e-08	1.2922e-22	1.4404e-12	1.3296e-04	9.9296e-01	6.9108e-03	1.1755e-36	7.0694e-01	2.9306e-01	2.8191e-14	1.1755e-36	1.1755e-36	1.1755e-36	6.2114e-19	0.00e+00	0.00e+00	2.7336e+01
9.78948e+18	4.5485e+03	4.835e-21	7.7426e+01	2.5889e+01	6.1320e-09	6.6628e-01	3.3372e-01	1.0000e+00	5.0780e-08	1.2643e-22	1.4859e-12	1.2920e-04	9.9325e-01	6.6193e-03	1.1755e-36	7.1802e-01	2.8198e-01	2.6518e-14	1.1755e-36	1.1755e-36	1.1755e-36	6.5330e-19	0.00e+00	0.00e+00	2.7615e+01
9.79033e+18	4.4343e+03	4.602e-21	7.7426e+01	2.4987e+01	7.1597e-09	6.7794e-01	3.2206e-01	1.0000e+00	4.8621e-08	1.2344e-22	1.5303e-12	1.2553e-04	9.9354e-01	6.3390e-03	1.1755e-36	7.2884e-01	2.7116e-01	2.4955e-14	1.1755e-36	1.1755e-36	1.1755e-36	6.8593e-19	0.00e+00	0.00e+00	2.7891e+01
9.79115e+18	4.3194e+03	4.382e-21	7.7426e+01	2.4112e+01	8.2856e-09	6.8925e-01	3.1075e-01	1.0000e+00	4.6601e-08	1.2061e-22	1.5723e-12	1.2201e-04	9.9381e-01	6.0726e-03	1.1755e-36	7.3929e-01	2.6071e-01	2.3514e-14	1.1755e-36	1.1755e-36	1.1755e-36	7.1753e-19	0.00e+00	0.00e+00	2.8163e+01
9.79195e+18	4.2031e+03	4.172e-21	7.7426e+01	2.3259e+01	9.4890e-09	7.0027e-01	2.9973e-01	1.0000e+00	4.4655e-08	1.1779e-22	1.6111e-12	1.1860e-04	9.9406e-01	5.8179e-03	1.1755e-36	7.4944e-01	2.5056e-01	2.2173e-14	1.1755e-36	1.1755e-36	1.1755e-36	7.4664e-19	0.00e+00	0.00e+00	2.8434e+01
9.79273e+18	4.0813e+03	3.971e-21	7.7426e+01	2.2418e+01	1.0770e-08	7.1120e-01	2.8880e-01	1.0000e+00	4.2695e-08	1.1472e-22	1.6464e-12	1.1532e-04	9.9431e-01	5.5702e-03	1.1755e-36	7.5947e-01	2.4053e-01	2.0911e-14	1.1755e-36	1.1755e-36	1.1755e-36	7.7186e-19	0.00e+00	0.00e+00	2.8706e+01
9.79345e+18	3.9752e+03	3.794e-21	7.7426e+01	2.1670e+01	1.1863e-08	7.2078e-01	2.7922e-01	1.0000e+00	4.0704e-08	1.1130e-22	1.6723e-12	1.1239e-04	9.9453e-01	5.3575e-03	1.1755e-36	7.6821e-01	2.3179e-01	1.9838e-14	1.1755e-36	1.1755e-36	1.1755e-36	7.8760e-19	0.00e+00	0.00e+00	2.8938e+01
###########################
7.19563e+13	6.5032e+03	1.991e-20	7.7426e+01	8.4173e+01	5.0499e-16	6.0639e-04	9.9939e-01	3.2733e-03	9.8677e-01	9.9522e-03	1.4970e-20	9.4252e-06	5.7371e-02	9.3819e-01	4.4337e-03	6.8129e-05	1.6168e-01	8.3403e-01	4.2228e-03	1.1755e-36	1.1755e-36	1.3905e-28	0.00e+00	0.00e+00	4.2654e-05
4.31738e+14	6.5023e+03	1.991e-20	7.7426e+01	8.4168e+01	5.0485e-16	6.0633e-04	9.9939e-01	3.2732e-03	9.8678e-01	9.9446e-03	1.4947e-20	9.4251e-06	5.7380e-02	9.3817e-01	4.4400e-03	6.8084e-05	1.6159e-01	8.3413e-01	4.2080e-03	1.1755e-36	1.1755e-36	1.3866e-28	0.00e+00	0.00e+00	2.1325e-04
1.87087e+15	6.5003e+03	1.991e-20	7.7426e+01	8.4166e+01	5.0565e-16	6.0627e-04	9.9939e-01	3.2738e-03	9.8684e-01	9.8817e-03	1.4943e-20	9.4294e-06	5.7408e-02	9.3815e-01	4.4305e-03	6.8048e-05	1.6151e-01	8.3427e-01	4.1471e-03	1.1755e-36	1.1755e-36	1.3853e-28	0.00e+00	0.00e+00	8.9559e-04
7.62737e+15	6.4946e+03	1.989e-20	7.7426e+01	8.4165e+01	5.0377e-16	6.0631e-04	9.9939e-01	3.2771e-03	9.8717e-01	9.5523e-03	1.4830e-20	9.4479e-06	5.7482e-02	9.3811e-01	4.3976e-03	6.8064e-05	1.6147e-01	8.3455e-01	3.9122e-03	1.1755e-36	1.1755e-36	1.3603e-28	0.00e+00	0.00e+00	3.6251e-03
1.82193e+16	6.4818e+03	1.982e-20	7.7426e+01	8.4163e+01	5.0689e-16	6.0428e-04	9.9940e-01	3.2761e-03	9.8736e-01	9.3634e-03	1.4729e-20	9.4263e-06	5.7480e-02	9.3814e-01	4.3717e-03	6.7729e-05	1.6106e-01	8.3528e-01	3.5930e-03	1.1755e-36	1.1755e-36	1.3489e-28	0.00e+00	0.00e+00	7.1615e-03
3.19889e+16	6.4656e+03	1.975e-20	7.7426e+01	8.4160e+01	5.0974e-16	6.0247e-04	9.9940e-01	3.2780e-03	9.8789e-01	8.8367e-03	1.4606e-20	9.4204e-06	5.7502e-02	9.3817e-01	4.3180e-03	6.7519e-05	1.6086e-01	8.3586e-01	3.2068e-03	1.1755e-36	1.1755e-36	1.3292e-28	0.00e+00	0.00e+00	1.1745e-02
4.98894e+16	6.4448e+03	1.968e-20	7.7426e+01	8.4156e+01	5.1324e-16	6.0074e-04	9.9940e-01	3.2828e-03	9.8873e-01	7.9878e-03	1.4476e-20	9.4078e-06	5.7560e-02	9.3819e-01	4.2382e-03	6.7436e-05	1.6090e-01	8.3628e-01	2.7570e-03	1.1755e-36	1.1755e-36	1.3039e-28	0.00e+00	0.00e+00	1.7687e-02
7.31599e+16	6.4257e+03	1.958e-20	7.7426e+01	8.4150e+01	5.1572e-16	5.9862e-04	9.9940e-01	3.2885e-03	9.8987e-01	6.8368e-03	1.4356e-20	9.4127e-06	5.7619e-02	9.3824e-01	4.1355e-03	6.7420e-05	1.6112e-01	8.3655e-01	2.2576e-03	1.1755e-36	1.1755e-36	1.2803e-28	0.00e+00	0.00e+00	2.5384e-02
1.03412e+17	6.3975e+03	1.947e-20	7.7426e+01	8.4141e+01	5.2275e-16	5.9680e-04	9.9940e-01	3.2988e-03	9.9126e-01	5.4427e-03	1.4309e-20	9.4313e-06	5.7747e-02	9.3823e-01	4.0082e-03	6.7664e-05	1.6182e-01	8.3638e-01	1.7338e-03	1.1755e-36	1.1755e-36	1.2615e-28	0.00e+00	0.00e+00	3.5359e-02
1.42739e+17	6.3710e+03	1.934e-20	7.7426e+01	8.4132e+01	5.2565e-16	5.9460e-04	9.9941e-01	3.3103e-03	9.9274e-01	3.9519e-03	1.4207e-20	9.4477e-06	5.7895e-02	9.3823e-01	3.8704e-03	6.8090e-05	1.6293e-01	8.3577e-01	1.2261e-03	1.1755e-36	1.1755e-36	1.2301e-28	0.00e+00	0.00e+00	4.8279e-02
1.93864e+17	6.3378e+03	1.918e-20	7.7426e+01	8.4120e+01	5.3354e-16	5.9263e-04	9.9941e-01	3.3259e-03	9.9412e-01	2.5514e-03	1.4223e-20	9.4806e-06	5.8114e-02	9.3815e-01	3.7288e-03	6.8825e-05	1.6460e-01	8.3455e-01	7.8023e-04	1.1755e-36	1.1755e-36	1.2111e-28	0.00e+00	0.00e+00	6.5020e-02
2.60327e+17	6.2976e+03	1.901e-20	7.7426e+01	8.4111e+01	5.4198e-16	5.9106e-04	9.9941e-01	3.3465e-03	9.9523e-01	1.4239e-03	1.4227e-20	9.5235e-06	5.8441e-02	9.3796e-01	3.5933e-03	6.9884e-05	1.6677e-01	8.3272e-01	4.3477e-04	1.1755e-36	1.1755e-36	1.1808e-28	0.00e+00	0.00e+00	8.6725e-02
3.46729e+17	6.2507e+03	1.881e-20	7.7426e+01	8.4105e+01	5.5395e-16	5.9009e-04	9.9941e-01	3.3735e-03	9.9596e-01	6.6567e-04	1.4296e-20	9.5939e-06	5.8900e-02	9.3762e-01	3.4677e-03	7.1294e-05	1.6941e-01	8.3031e-01	2.0566e-04	1.1755e-36	1.1755e-36	1.1519e-28	0.00e+00	0.00e+00	1.1490e-01
4.59052e+17	6.1971e+03	1.860e-20	7.7426e+01	8.4102e+01	5.6959e-16	5.9008e-04	9.9941e-01	3.4096e-03	9.9634e-01	2.5187e-04	1.4433e-20	9.7019e-06	5.9536e-02	9.3711e-01	3.3470e-03	7.3132e-05	1.7254e-01	8.2730e-01	7.9842e-05	1.1755e-36	1.1755e-36	1.1226e-28	0.00e+00	0.00e+00	1.5152e-01
6.05071e+17	6.1373e+03	1.836e-20	7.7426e+01	8.4100e+01	5.9226e-16	5.9158e-04	9.9941e-01	3.4594e-03	9.9647e-01	7.4520e-05	1.4746e-20	9.8645e-06	6.0417e-02	9.3635e-01	3.2206e-03	7.5586e-05	1.7635e-01	8.2355e-01	2.4621e-05	1.1755e-36	1.1755e-36	1.1050e-28	0.00e+00	0.00e+00	1.9925e-01
7.94897e+17	6.0730e+03	1.810e-20	7.7426e+01	8.4098e+01	6.1715e-16	5.9548e-04	9.9940e-01	3.5296e-03	9.9645e-01	1.6816e-05	1.5159e-20	1.0109e-05	6.1645e-02	9.3527e-01	3.0768e-03	7.8981e-05	1.8118e-01	8.1874e-01	5.8990e-06	1.1755e-36	1.1755e-36	1.0798e-28	0.00e+00	0.00e+00	2.6170e-01
1.04167e+18	6.0041e+03	1.783e-20	7.7426e+01	8.4097e+01	6.5152e-16	6.0324e-04	9.9940e-01	3.6312e-03	9.9637e-01	2.9079e-06	1.5913e-20	1.0469e-05	6.3392e-02	9.3369e-01	2.9052e-03	8.3828e-05	1.8750e-01	8.1242e-01	1.1030e-06	1.1755e-36	1.1755e-36	1.0700e-28	0.00e+00	0.00e+00	3.4395e-01
1.36247e+18	5.9433e+03	1.754e-20	7.7426e+01	8.4095e+01	6.9226e-16	6.1642e-04	9.9938e-01	3.7763e-03	9.9622e-01	4.0617e-07	1.7217e-20	1.1025e-05	6.5851e-02	9.3144e-01	2.7015e-03	9.0850e-05	1.9594e-01	8.0397e-01	1.6813e-07	1.1755e-36	1.1755e-36	1.0876e-28	0.00e+00	0.00e+00	4.5321e-01
1.77952e+18	5.8920e+03	1.725e-20	7.7426e+01	8.4091e+01	7.4449e-16	6.3877e-04	9.9936e-01	3.9938e-03	9.9601e-01	4.8920e-08	1.9487e-20	1.1869e-05	6.9452e-02	9.2808e-01	2.4588e-03	1.0146e-04	2.0752e-01	7.9238e-01	1.1755e-36	1.1755e-36	1.1755e-36	1.1476e-28	0.00e+00	0.00e+00	6.0041e-01
2.32168e+18	5.8567e+03	1.699e-20	7.7426e+01	8.4084e+01	8.1888e-16	6.7671e-04	9.9932e-01	4.3333e-03	9.9567e-01	5.1896e-09	2.3773e-20	1.3235e-05	7.4960e-02	9.2286e-01	2.1705e-03	1.1852e-04	2.2412e-01	7.7576e-01	1.1755e-36	1.1755e-36	1.1755e-36	1.2976e-28	0.00e+00	0.00e+00	8.0312e-01
2.75952e+18	5.8237e+03	1.673e-20	7.7426e+01	8.4080e+01	8.3158e-16	6.9999e-04	9.9930e-01	4.5781e-03	9.9542e-01	1.0011e-09	2.5297e-20	1.4188e-05	7.8941e-02	9.1907e-01	1.9777e-03	1.3144e-04	2.3669e-01	7.6318e-01	1.1755e-36	1.1755e-36	1.1755e-36	1.2468e-28	0.00e+00	0.00e+00	8.9304e-01
3.03548e+18	5.8496e+03	1.666e-20	7.7426e+01	8.4076e+01	8.5923e-16	7.2572e-04	9.9927e-01	4.8048e-03	9.9520e-01	4.1442e-10	2.8896e-20	1.5117e-05	8.2450e-02	9.1568e-01	1.8564e-03	1.4325e-04	2.4647e-01	7.5338e-01	1.1755e-36	1.1755e-36	1.1755e-36	1.4015e-28	0.00e+00	0.00e+00	9.9559e-01
3.33902e+18	5.8810e+03	1.661e-20	7.7426e+01	8.4071e+01	8.9749e-16	7.5818e-04	9.9924e-01	5.0898e-03	9.9491e-01	1.6807e-10	3.3970e-20	1.6283e-05	8.6780e-02	9.1148e-01	1.7274e-03	1.5841e-04	2.5824e-01	7.4160e-01	1.1755e-36	1.1755e-36	1.1755e-36	1.6235e-28	0.00e+00	0.00e+00	1.1134e+00
3.67293e+18	5.9287e+03	1.658e-20	7.7426e+01	8.4064e+01	9.4327e-16	7.9861e-04	9.9920e-01	5.4491e-03	9.9455e-01	6.6859e-11	4.1453e-20	1.7774e-05	9.2164e-02	9.0623e-01	1.5917e-03	1.7807e-04	2.7246e-01	7.2736e-01	1.1755e-36	1.1755e-36	1.1755e-36	1.9659e-28	0.00e+00	0.00e+00	1.2500e+00
4.04022e+18	5.9856e+03	1.658e-20	7.7426e+01	8.4056e+01	1.0083e-15	8.5085e-04	9.9915e-01	5.9207e-03	9.9408e-01	2.6065e-11	5.2964e-20	1.9718e-05	9.9081e-02	8.9945e-01	1.4467e-03	2.0465e-04	2.9019e-01	7.0960e-01	1.1755e-36	1.1755e-36	1.1755e-36	2.4989e-28	0.00e+00	0.00e+00	1.4100e+00
4.44424e+18	6.0789e+03	1.658e-20	7.7426e+01	8.4045e+01	1.0726e-15	9.1664e-04	9.9908e-01	6.5434e-03	9.9346e-01	9.9972e-12	7.1286e-20	2.2280e-05	1.0796e-01	8.9072e-01	1.2967e-03	2.4078e-04	3.1219e-01	6.8757e-01	1.1755e-36	1.1755e-36	1.1755e-36	3.3741e-28	0.00e+00	0.00e+00	1.5996e+00
4.88866e+18	6.1916e+03	1.662e-20	7.7426e+01	8.4031e+01	1.1766e-15	1.0046e-03	9.9900e-01	7.4185e-03	9.9258e-01	3.7704e-12	1.0401e-19	2.5811e-05	1.1997e-01	8.7887e-01	1.1367e-03	2.9312e-04	3.4078e-01	6.5892e-01	1.1755e-36	1.1755e-36	1.1755e-36	4.9980e-28	0.00e+00	0.00e+00	1.8283e+00
5.33978e+18	6.3287e+03	1.670e-20	7.7426e+01	8.4012e+01	1.2929e-15	1.1135e-03	9.9889e-01	8.5883e-03	9.9141e-01	1.5185e-12	1.5850e-19	3.0418e-05	1.3530e-01	8.6369e-01	9.8242e-04	3.6493e-04	3.7562e-01	6.2402e-01	1.1755e-36	1.1755e-36	1.1755e-36	7.7005e-28	0.00e+00	0.00e+00	2.0659e+00
5.73879e+18	6.4719e+03	1.682e-20	7.7426e+01	8.3991e+01	1.4228e-15	1.2327e-03	9.9877e-01	9.9996e-03	9.9000e-01	7.2600e-13	2.4234e-19	3.5743e-05	1.5275e-01	8.4636e-01	8.5039e-04	4.5268e-04	4.1326e-01	5.8629e-01	1.1755e-36	1.1755e-36	1.1755e-36	1.1931e-27	0.00e+00	0.00e+00	2.2837e+00
6.05452e+18	6.6018e+03	1.693e-20	7.7426e+01	8.3971e+01	1.5511e-15	1.3477e-03	9.9865e-01	1.1522e-02	9.8848e-01	4.2403e-13	3.5360e-19	4.1166e-05	1.7035e-01	8.2886e-01	7.4780e-04	5.4629e-04	4.4912e-01	5.5033e-01	1.1755e-36	1.1755e-36	1.1755e-36	1.7597e-27	0.00e+00	0.00e+00	2.4616e+00
6.30500e+18	6.7126e+03	1.704e-20	7.7426e+01	8.3950e+01	1.6864e-15	1.4563e-03	9.9854e-01	1.3115e-02	9.8689e-01	2.8255e-13	4.9483e-19	4.6574e-05	1.8770e-01	8.1159e-01	6.6526e-04	6.4251e-04	4.8228e-01	5.1708e-01	1.1755e-36	1.1755e-36	1.1755e-36	2.4868e-27	0.00e+00	0.00e+00	2.6259e+00
6.53351e+18	6.8184e+03	1.714e-20	7.7426e+01	8.3926e+01	1.8377e-15	1.5719e-03	9.9843e-01	1.4994e-02	9.8501e-01	1.9753e-13	6.8944e-19	5.2606e-05	2.0689e-01	7.9247e-01	5.8919e-04	7.5277e-04	5.1661e-01	4.8264e-01	1.1755e-36	1.1755e-36	1.1755e-36	3.4818e-27	0.00e+00	0.00e+00	2.7997e+00
6.75738e+18	6.9280e+03	1.726e-20	7.7426e+01	8.3898e+01	2.0228e-15	1.7036e-03	9.9830e-01	1.7424e-02	9.8258e-01	1.4118e-13	9.8105e-19	5.9833e-05	2.2972e-01	7.6970e-01	5.1490e-04	8.8798e-04	5.5461e-01	4.4450e-01	1.1755e-36	1.1755e-36	1.1755e-36	4.9745e-27	0.00e+00	0.00e+00	2.9842e+00
6.96894e+18	7.0383e+03	1.738e-20	7.7426e+01	8.3864e+01	2.2346e-15	1.8490e-03	9.9815e-01	2.0536e-02	9.7946e-01	1.0428e-13	1.4052e-18	6.8273e-05	2.5623e-01	7.4325e-01	4.4501e-04	1.0488e-03	5.9535e-01	4.0360e-01	1.1755e-36	1.1755e-36	1.1755e-36	7.1202e-27	0.00e+00	0.00e+00	3.1664e+00
7.15727e+18	7.1416e+03	1.750e-20	7.7426e+01	8.3824e+01	2.4669e-15	2.0004e-03	9.9800e-01	2.4376e-02	9.7562e-01	8.0415e-14	1.9860e-18	7.7587e-05	2.8536e-01	7.1418e-01	3.8259e-04	1.2283e-03	6.3622e-01	3.6255e-01	1.1755e-36	1.1755e-36	1.1755e-36	1.0012e-26	0.00e+00	0.00e+00	3.3377e+00
7.32223e+18	7.2347e+03	1.761e-20	7.7426e+01	8.3778e+01	2.7169e-15	2.1542e-03	9.9785e-01	2.9076e-02	9.7092e-01	6.4322e-14	2.7505e-18	8.7608e-05	3.1655e-01	6.8304e-01	3.2748e-04	1.4222e-03	6.7593e-01	3.2264e-01	1.1755e-36	1.1755e-36	1.1755e-36	1.3738e-26	0.00e+00	0.00e+00	3.5006e+00
7.47053e+18	7.3195e+03	1.772e-20	7.7426e+01	8.3724e+01	2.9933e-15	2.3134e-03	9.9769e-01	3.5033e-02	9.6497e-01	5.2629e-14	3.7620e-18	9.8545e-05	3.5045e-01	6.4917e-01	2.7765e-04	1.6336e-03	7.1494e-01	2.8342e-01	1.1755e-36	1.1755e-36	1.1755e-36	1.8556e-26	0.00e+00	0.00e+00	3.6611e+00
7.60761e+18	7.4016e+03	1.783e-20	7.7426e+01	8.3666e+01	3.3014e-15	2.4814e-03	9.9752e-01	4.3077e-02	9.5692e-01	4.3649e-14	5.1261e-18	1.1082e-04	3.8817e-01	6.1149e-01	2.3163e-04	1.8679e-03	7.5398e-01	2.4416e-01	1.1755e-36	1.1755e-36	1.1755e-36	2.4920e-26	0.00e+00	0.00e+00	3.8215e+00
7.71695e+18	7.4625e+03	1.794e-20	7.7426e+01	8.3592e+01	3.6025e-15	2.6337e-03	9.9737e-01	5.2542e-02	9.4746e-01	3.7384e-14	6.6554e-18	1.2251e-04	4.2426e-01	5.7542e-01	1.9530e-04	2.0907e-03	7.8820e-01	2.0971e-01	1.1755e-36	1.1755e-36	1.1755e-36	3.1773e-26	0.00e+00	0.00e+00	3.9328e+00
7.78965e+18	7.5105e+03	1.800e-20	7.7426e+01	8.3515e+01	3.8085e-15	2.7426e-03	9.9726e-01	6.1226e-02	9.3877e-01	3.3695e-14	7.9674e-18	1.3128e-04	4.5171e-01	5.4799e-01	1.7109e-04	2.2574e-03	8.1231e-01	1.8543e-01	1.1755e-36	1.1755e-36	1.1755e-36	3.7479e-26	0.00e+00	0.00e+00	4.0118e+00
7.84591e+18	7.5358e+03	1.805e-20	7.7426e+01	8.3445e+01	4.0315e-15	2.8366e-03	9.9716e-01	6.9899e-02	9.3010e-01	3.0858e-14	9.2379e-18	1.3887e-04	4.7505e-01	5.2466e-01	1.5201e-04	2.4010e-03	8.3144e-01	1.6616e-01	1.1755e-36	1.1755e-36	1.1755e-36	4.2990e-26	0.00e+00	0.00e+00	4.0861e+00
7.90748e+18	7.5715e+03	1.810e-20	7.7426e+01	8.3366e+01	4.2745e-15	2.9450e-03	9.9706e-01	8.2492e-02	9.1751e-01	2.7906e-14	1.0895e-17	1.4790e-04	5.0264e-01	4.9708e-01	1.3126e-04	2.5700e-03	8.5256e-01	1.4487e-01	1.1755e-36	1.1755e-36	1.1755e-36	5.0066e-26	0.00e+00	0.00e+00	4.1863e+00
7.97125e+18	7.6190e+03	1.814e-20	7.7426e+01	8.3271e+01	4.5062e-15	3.0600e-03	9.9694e-01	1.0052e-01	8.9948e-01	2.4794e-14	1.2918e-17	1.5782e-04	5.3330e-01	4.6643e-01	1.1100e-04	2.7572e-03	8.7538e-01	1.2186e-01	1.1755e-36	1.1755e-36	1.1755e-36	5.8503e-26	0.00e+00	0.00e+00	4.2730e+00
8.02012e+18	7.6413e+03	1.818e-20	7.7426e+01	8.3113e+01	4.7511e-15	3.1567e-03	9.9684e-01	1.2013e-01	8.7987e-01	2.2382e-14	1.4811e-17	1.6615e-04	5.5932e-01	4.4042e-01	9.5444e-05	2.9167e-03	8.9381e-01	1.0327e-01	1.1755e-36	1.1755e-36	1.1755e-36	6.6123e-26	0.00e+00	0.00e+00	4.3344e+00
8.05530e+18	7.6608e+03	1.819e-20	7.7426e+01	8.2974e+01	4.9264e-15	3.2278e-03	9.9677e-01	1.3901e-01	8.6099e-01	2.0639e-14	1.6357e-17	1.7239e-04	5.7895e-01	4.2079e-01	8.4390e-05	3.0371e-03	9.0732e-01	8.9640e-02	1.1755e-36	1.1755e-36	1.1755e-36	7.2223e-26	0.00e+00	0.00e+00	4.3826e+00
8.08518e+18	7.6758e+03	1.819e-20	7.7426e+01	8.2832e+01	5.0915e-15	3.2908e-03	9.9671e-01	1.5948e-01	8.4052e-01	1.9086e-14	1.7821e-17	1.7781e-04	5.9610e-01	4.0365e-01	7.5102e-05	3.1440e-03	9.1878e-01	7.8076e-02	1.1755e-36	1.1755e-36	1.1755e-36	7.7958e-26	0.00e+00	0.00e+00	4.4296e+00
8.11874e+18	7.6899e+03	1.819e-20	7.7426e+01	8.2678e+01	5.3058e-15	3.3662e-03	9.9663e-01	1.8935e-01	8.1065e-01	1.7307e-14	1.9683e-17	1.8405e-04	6.1572e-01	3.8404e-01	6.4778e-05	3.2703e-03	9.3146e-01	6.5270e-02	1.1755e-36	1.1755e-36	1.1755e-36	8.5296e-26	0.00e+00	0.00e+00	4.4920e+00
8.15290e+18	7.7071e+03	1.816e-20	7.7426e+01	8.2449e+01	5.5156e-15	3.4416e-03	9.9656e-01	2.3051e-01	7.6949e-01	1.5225e-14	2.1720e-17	1.9024e-04	6.3563e-01	3.6413e-01	5.4989e-05	3.4004e-03	9.4437e-01	5.2226e-02	1.1755e-36	1.1755e-36	1.1755e-36	9.3085e-26	0.00e+00	0.00e+00	4.5431e+00
8.17857e+18	7.7093e+03	1.811e-20	7.7426e+01	8.2109e+01	5.7082e-15	3.4978e-03	9.9650e-01	2.7260e-01	7.2740e-01	1.3469e-14	2.3327e-17	1.9456e-04	6.5054e-01	3.4922e-01	4.7813e-05	3.4991e-03	9.5400e-01	4.2504e-02	1.1755e-36	1.1755e-36	1.1755e-36	9.8702e-26	0.00e+00	0.00e+00	4.5789e+00
8.19766e+18	7.7208e+03	1.804e-20	7.7426e+01	8.1869e+01	5.8201e-15	3.5377e-03	9.9646e-01	3.1233e-01	6.8767e-01	1.2159e-14	2.4594e-17	1.9761e-04	6.6128e-01	3.3848e-01	4.2596e-05	3.5708e-03	9.6088e-01	3.5545e-02	1.1755e-36	1.1755e-36	1.1755e-36	1.0321e-25	0.00e+00	0.00e+00	4.6087e+00
8.21746e+18	7.7218e+03	1.796e-20	7.7426e+01	8.1568e+01	5.9922e-15	3.5831e-03	9.9642e-01	3.6250e-01	6.3750e-01	1.0706e-14	2.6034e-17	2.0063e-04	6.7204e-01	3.2773e-01	3.7196e-05	3.6481e-03	9.6749e-01	2.8864e-02	1.1755e-36	1.1755e-36	1.1755e-36	1.0829e-25	0.00e+00	0.00e+00	4.6479e+00
8.23911e+18	7.7193e+03	1.784e-20	7.7426e+01	8.1179e+01	6.1945e-15	3.6326e-03	9.9637e-01	4.2935e-01	5.7065e-01	8.8795e-15	2.7641e-17	2.0352e-04	6.8282e-01	3.1694e-01	3.1729e-05	3.7308e-03	9.7409e-01	2.2184e-02	1.1755e-36	1.1755e-36	1.1755e-36	1.1371e-25	0.00e+00	0.00e+00	4.6851e+00
8.25807e+18	7.7153e+03	1.770e-20	7.7426e+01	8.0729e+01	6.3759e-15	3.6729e-03	9.9633e-01	5.0066e-01	4.9934e-01	7.2528e-15	2.9034e-17	2.0546e-04	6.9125e-01	3.0852e-01	2.7197e-05	3.7984e-03	9.7926e-01	1.6945e-02	1.1755e-36	1.1755e-36	1.1755e-36	1.1807e-25	0.00e+00	0.00e+00	4.7156e+00
8.27425e+18	7.7068e+03	1.754e-20	7.7426e+01	8.0252e+01	6.5493e-15	3.7061e-03	9.9629e-01	5.6981e-01	4.3019e-01	5.8809e-15	3.0192e-17	2.0662e-04	6.9749e-01	3.0228e-01	2.3510e-05	3.8528e-03	9.8305e-01	1.3100e-02	1.1755e-36	1.1755e-36	1.1755e-36	1.2136e-25	0.00e+00	0.00e+00	4.7434e+00
8.29192e+18	7.6941e+03	1.735e-20	7.7426e+01	7.9738e+01	6.7624e-15	3.7453e-03	9.9625e-01	6.4971e-01	3.5029e-01	4.4897e-15	3.1490e-17	2.0764e-04	7.0338e-01	2.9639e-01	1.9670e-05	3.9128e-03	9.8641e-01	9.6770e-03	1.1755e-36	1.1755e-36	1.1755e-36	1.2505e-25	0.00e+00	0.00e+00	4.7800e+00
8.31488e+18	7.6735e+03	1.712e-20	7.7426e+01	7.9132e+01	7.0761e-15	3.8018e-03	9.9620e-01	7.5055e-01	2.4945e-01	2.9322e-15	3.3208e-17	2.0869e-04	7.0954e-01	2.9023e-01	1.5253e-05	3.9925e-03	9.8966e-01	6.3464e-03	1.1755e-36	1.1755e-36	1.1755e-36	1.3018e-25	0.00e+00	0.00e+00	4.8282e+00
8.34040e+18	7.6542e+03	1.688e-20	7.7426e+01	7.8483e+01	7.3865e-15	3.8653e-03	9.9613e-01	8.4614e-01	1.5386e-01	1.6397e-15	3.4815e-17	2.0928e-04	7.1441e-01	2.8537e-01	1.1230e-05	4.0778e-03	9.9210e-01	3.8215e-03	1.1755e-36	1.1755e-36	1.1755e-36	1.3448e-25	0.00e+00	0.00e+00	4.8757e+00
8.36925e+18	7.6397e+03	1.668e-20	7.7426e+01	7.7908e+01	7.6886e-15	3.9438e-03	9.9606e-01	9.1824e-01	8.1756e-02	7.9456e-16	3.6337e-17	2.0983e-04	7.1837e-01	2.8141e-01	7.6540e-06	4.1775e-03	9.9369e-01	2.1334e-03	1.1755e-36	1.1755e-36	1.1755e-36	1.3853e-25	0.00e+00	0.00e+00	4.9385e+00
8.40675e+18	7.6316e+03	1.658e-20	7.7426e+01	7.7455e+01	8.0177e-15	4.0594e-03	9.9594e-01	9.6585e-01	3.4150e-02	2.9697e-16	3.8049e-17	2.1089e-04	7.2241e-01	2.7737e-01	4.5443e-06	4.3183e-03	9.9468e-01	1.0064e-03	1.1755e-36	1.1755e-36	1.1755e-36	1.4338e-25	0.00e+00	0.00e+00	5.0227e+00
8.45551e+18	7.6361e+03	1.660e-20	7.7426e+01	7.7241e+01	8.4637e-15	4.2316e-03	9.9577e-01	9.8879e-01	1.1205e-02	8.6756e-17	4.0663e-17	2.1304e-04	7.2728e-01	2.7250e-01	2.2687e-06	4.5231e-03	9.9509e-01	3.8873e-04	1.1755e-36	1.1755e-36	1.1755e-36	1.5351e-25	0.00e+00	0.00e+00	5.1367e+00
8.51890e+18	7.6515e+03	1.671e-20	7.7426e+01	7.7156e+01	9.2502e-15	4.4818e-03	9.9552e-01	9.9703e-01	2.9655e-03	2.0259e-17	4.5363e-17	2.1628e-04	7.3353e-01	2.6625e-01	9.1933e-07	4.8187e-03	9.9506e-01	1.1965e-04	1.1755e-36	1.1755e-36	1.1755e-36	1.7656e-25	0.00e+00	0.00e+00	5.2937e+00
8.60129e+18	7.6754e+03	1.692e-20	7.7426e+01	7.7124e+01	1.0689e-14	4.8509e-03	9.9515e-01	9.9935e-01	6.5080e-04	3.8599e-18	5.3969e-17	2.2077e-04	7.4189e-01	2.5789e-01	2.8714e-07	5.2552e-03	9.9472e-01	2.8467e-05	1.1755e-36	1.1755e-36	1.1755e-36	2.2531e-25	0.00e+00	0.00e+00	5.5146e+00
8.70841e+18	7.7068e+03	1.721e-20	7.7426e+01	7.7096e+01	1.3267e-14	5.4178e-03	9.9458e-01	9.9987e-01	1.2661e-04	6.3470e-19	6.9616e-17	2.2690e-04	7.5336e-01	2.4642e-01	1.1755e-36	5.9285e-03	9.9407e-01	5.0412e-06	1.1755e-36	1.1755e-36	1.1755e-36	3.2513e-25	0.00e+00	0.00e+00	5.8353e+00
8.84767e+18	7.7443e+03	1.762e-20	7.7426e+01	7.7039e+01	1.8273e-14	6.3484e-03	9.9365e-01	9.9997e-01	2.8598e-05	1.1644e-19	1.0076e-16	2.3529e-04	7.6942e-01	2.3034e-01	1.1755e-36	7.0408e-03	9.9296e-01	6.2821e-07	1.1755e-36	1.1755e-36	1.1755e-36	5.5612e-25	0.00e+00	0.00e+00	6.3239e+00
8.98278e+18	7.7818e+03	1.808e-20	7.7426e+01	7.6971e+01	2.6429e-14	7.6192e-03	9.9238e-01	9.9999e-01	1.2274e-05	4.1707e-20	1.5305e-16	2.4389e-04	7.8615e-01	2.1361e-01	1.1755e-36	8.5706e-03	9.9143e-01	8.1675e-08	1.1755e-36	1.1755e-36	1.1755e-36	1.0234e-24	0.00e+00	0.00e+00	6.7441e+00
9.07374e+18	7.8000e+03	1.844e-20	7.7426e+01	7.6838e+01	3.5736e-14	8.8147e-03	9.9119e-01	9.9999e-01	8.5928e-06	2.5996e-20	2.1320e-16	2.5037e-04	7.9882e-01	2.0093e-01	1.1755e-36	1.0018e-02	9.8998e-01	2.2265e-08	1.1755e-36	1.1755e-36	1.1755e-36	1.6601e-24	0.00e+00	0.00e+00	7.0420e+00
9.13601e+18	7.8086e+03	1.870e-20	7.7426e+01	7.6756e+01	4.4997e-14	9.8453e-03	9.9015e-01	9.9999e-01	7.0537e-06	1.9644e-20	2.7388e-16	2.5508e-04	8.0844e-01	1.9130e-01	1.1755e-36	1.1270e-02	9.8873e-01	9.3576e-09	1.1755e-36	1.1755e-36	1.1755e-36	2.3901e-24	0.00e+00	0.00e+00	7.3087e+00
9.19973e+18	7.8113e+03	1.897e-20	7.7426e+01	7.6658e+01	5.8188e-14	1.1115e-02	9.8889e-01	9.9999e-01	5.8493e-06	1.4866e-20	3.6078e-16	2.6019e-04	8.1924e-01	1.8050e-01	1.1755e-36	1.2816e-02	9.8718e-01	3.8036e-09	1.1755e-36	1.1755e-36	1.1755e-36	3.5661e-24	0.00e+00	0.00e+00	7.7001e+00
9.28257e+18	7.8053e+03	1.934e-20	7.7426e+01	7.6494e+01	8.4493e-14	1.3236e-02	9.8676e-01	1.0000e+00	4.5216e-06	1.0208e-20	5.3412e-16	2.6709e-04	8.3422e-01	1.6551e-01	1.1755e-36	1.5408e-02	9.8459e-01	1.1916e-09	1.1755e-36	1.1755e-36	1.1755e-36	6.2974e-24	0.00e+00	0.00e+00	8.3060e+00
9.36264e+18	7.7885e+03	1.977e-20	7.7426e+01	7.6263e+01	1.3096e-13	1.6240e-02	9.8376e-01	1.0000e+00	3.3398e-06	6.7989e-21	8.3826e-16	2.7414e-04	8.4982e-01	1.4991e-01	1.1755e-36	1.9089e-02	9.8091e-01	3.8529e-10	1.1755e-36	1.1755e-36	1.1755e-36	1.2120e-23	0.00e+00	0.00e+00	8.8339e+00
9.41712e+18	7.7647e+03	2.010e-20	7.7426e+01	7.6029e+01	1.8886e-13	1.9234e-02	9.8077e-01	1.0000e+00	2.7198e-06	5.1687e-21	1.2120e-15	2.7938e-04	8.6193e-01	1.3779e-01	1.1755e-36	2.2763e-02	9.7724e-01	1.7861e-10	1.1755e-36	1.1755e-36	1.1755e-36	2.0702e-23	0.00e+00	0.00e+00	9.2333e+00
9.45527e+18	7.7388e+03	2.034e-20	7.7426e+01	7.5837e+01	2.5355e-13	2.2004e-02	9.7800e-01	1.0000e+00	2.3551e-06	4.2562e-21	1.6231e-15	2.8332e-04	8.7128e-01	1.2844e-01	1.1755e-36	2.6165e-02	9.7383e-01	1.0279e-10	1.1755e-36	1.1755e-36	1.1755e-36	3.1627e-23	0.00e+00	0.00e+00	9.5972e+00
9.49417e+18	7.7099e+03	2.055e-20	7.7426e+01	7.5537e+01	3.5091e-13	2.5519e-02	9.7448e-01	1.0000e+00	2.0295e-06	3.4741e-21	2.2366e-15	2.8715e-04	8.8152e-01	1.1819e-01	1.1755e-36	3.0486e-02	9.6951e-01	5.6621e-11	1.1755e-36	1.1755e-36	1.1755e-36	5.0345e-23	0.00e+00	0.00e+00	1.0146e+01
9.53680e+18	7.6538e+03	2.083e-20	7.7426e+01	7.5130e+01	5.3566e-13	3.0810e-02	9.6919e-01	1.0000e+00	1.6301e-06	2.6350e-21	3.3483e-15	2.9151e-04	8.9338e-01	1.0633e-01	1.1755e-36	3.6987e-02	9.6301e-01	2.9301e-11	1.1755e-36	1.1755e-36	1.1755e-36	9.0384e-23	0.00e+00	0.00e+00	1.0768e+01
9.57471e+18	7.5965e+03	2.105e-20	7.7426e+01	7.4603e+01	8.3718e-13	3.7618e-02	9.6238e-01	1.0000e+00	1.3201e-06	2.0333e-21	5.1157e-15	2.9516e-04	9.0490e-01	9.4803e-02	1.1755e-36	4.5343e-02	9.5466e-01	1.5909e-11	1.1755e-36	1.1755e-36	1.1755e-36	1.6740e-22	0.00e+00	0.00e+00	1.1403e+01
9.60591e+18	7.5370e+03	2.120e-20	7.7426e+01	7.4015e+01	1.2994e-12	4.5749e-02	9.5425e-01	1.0000e+00	1.0858e-06	1.6092e-21	7.7304e-15	2.9797e-04	9.1530e-01	8.4407e-02	1.1755e-36	5.5302e-02	9.4470e-01	9.3451e-12	1.1755e-36	1.1755e-36	1.1755e-36	3.0556e-22	0.00e+00	0.00e+00	1.2026e+01
9.63180e+18	7.4740e+03	2.130e-20	7.7426e+01	7.3470e+01	2.0059e-12	5.5436e-02	9.4456e-01	1.0000e+00	9.0521e-07	1.2984e-21	1.1583e-14	3.0033e-04	9.2478e-01	7.4924e-02	1.1755e-36	6.7127e-02	9.3287e-01	5.8097e-12	1.1755e-36	1.1755e-36	1.1755e-36	5.5198e-22	0.00e+00	0.00e+00	1.2674e+01
9.65479e+18	7.4127e+03	2.121e-20	7.7426e+01	7.2473e+01	3.1108e-12	6.7300e-02	9.3270e-01	1.0000e+00	7.5438e-07	1.0578e-21	1.7320e-14	3.0052e-04	9.3351e-01	6.6190e-02	1.1755e-36	8.1554e-02	9.1845e-01	3.6887e-12	1.1755e-36	1.1755e-36	1.1755e-36	9.9375e-22	0.00e+00	0.00e+00	1.3400e+01
9.67611e+18	7.3352e+03	2.099e-20	7.7426e+01	7.1184e+01	5.0450e-12	8.3004e-02	9.1700e-01	1.0000e+00	6.1689e-07	8.5000e-22	2.6698e-14	2.9958e-04	9.4211e-01	5.7586e-02	1.1755e-36	1.0054e-01	8.9946e-01	2.3319e-12	1.1755e-36	1.1755e-36	1.1755e-36	1.8719e-21	0.00e+00	0.00e+00	1.4234e+01
9.69514e+18	7.2673e+03	2.059e-20	7.7426e+01	6.9735e+01	8.3510e-12	1.0364e-01	8.9636e-01	1.0000e+00	4.9716e-07	6.7781e-22	4.2169e-14	2.9727e-04	9.5030e-01	4.9400e-02	1.1755e-36	1.2528e-01	8.7472e-01	1.4807e-12	1.1755e-36	1.1755e-36	1.1755e-36	3.6721e-21	0.00e+00	0.00e+00	1.5122e+01
9.71077e+18	7.1888e+03	1.993e-20	7.7426e+01	6.7708e+01	1.3722e-11	1.2825e-01	8.7175e-01	1.0000e+00	4.0204e-07	5.4951e-22	6.4983e-14	2.9221e-04	9.5727e-01	4.2434e-02	1.1755e-36	1.5450e-01	8.4550e-01	9.7789e-13	1.1755e-36	1.1755e-36	1.1755e-36	6.9395e-21	0.00e+00	0.00e+00	1.5983e+01
9.72312e+18	7.1086e+03	1.911e-20	7.7426e+01	6.5461e+01	2.1735e-11	1.5563e-01	8.4437e-01	1.0000e+00	3.3355e-07	4.6096e-22	9.5869e-14	2.8530e-04	9.6301e-01	3.6704e-02	1.1755e-36	1.8660e-01	8.1340e-01	6.7701e-13	1.1755e-36	1.1755e-36	1.1755e-36	1.2303e-20	0.00e+00	0.00e+00	1.6817e+01
9.73329e+18	7.0196e+03	1.817e-20	7.7426e+01	6.3078e+01	3.3795e-11	1.8627e-01	8.1373e-01	1.0000e+00	2.7914e-07	3.9211e-22	1.3746e-13	2.7763e-04	9.6791e-01	3.1811e-02	1.1755e-36	2.2204e-01	7.7796e-01	4.8216e-13	1.1755e-36	1.1755e-36	1.1755e-36	2.0936e-20	0.00e+00	0.00e+00	1.7672e+01
9.74218e+18	6.9134e+03	1.706e-20	7.7426e+01	6.0365e+01	5.2709e-11	2.2150e-01	7.7850e-01	1.0000e+00	2.3391e-07	3.3637e-22	1.9397e-13	2.6813e-04	9.7226e-01	2.7476e-02	1.1755e-36	2.6218e-01	7.3782e-01	3.4688e-13	1.1755e-36	1.1755e-36	1.1755e-36	3.4773e-20	0.00e+00	0.00e+00	1.8580e+01
9.75010e+18	6.7851e+03	1.576e-20	7.7426e+01	5.7215e+01	8.3086e-11	2.6193e-01	7.3807e-01	1.0000e+00	1.9542e-07	2.9035e-22	2.6958e-13	2.5650e-04	9.7612e-01	2.3622e-02	1.1755e-36	3.0745e-01	6.9255e-01	2.5081e-13	1.1755e-36	1.1755e-36	1.1755e-36	5.6368e-20	0.00e+00	0.00e+00	1.9535e+01
9.75654e+18	6.6473e+03	1.446e-20	7.7426e+01	5.4042e+01	1.2714e-10	3.0346e-01	6.9654e-01	1.0000e+00	1.6293e-07	2.5132e-22	3.5883e-13	2.4435e-04	9.7923e-01	2.0523e-02	1.1755e-36	3.5308e-01	6.4692e-01	1.8780e-13	1.1755e-36	1.1755e-36	1.1755e-36	8.5655e-20	0.00e+00	0.00e+00	2.0340e+01
9.76110e+18	6.5224e+03	1.338e-20	7.7426e+01	5.1307e+01	1.7815e-10	3.3820e-01	6.6180e-01	1.0000e+00	1.4347e-07	2.2938e-22	4.4106e-13	2.3360e-04	9.8139e-01	1.8380e-02	1.1755e-36	3.9059e-01	6.0941e-01	1.5073e-13	1.1755e-36	1.1755e-36	1.1755e-36	1.1549e-19	0.00e+00	0.00e+00	2.0950e+01
9.76433e+18	6.4160e+03	1.254e-20	7.7426e+01	4.9171e+01	2.3132e-10	3.6580e-01	6.3420e-01	1.0000e+00	1.3161e-07	2.1669e-22	5.1138e-13	2.2511e-04	9.8290e-01	1.6878e-02	1.1755e-36	4.1997e-01	5.8003e-01	1.2781e-13	1.1755e-36	1.1755e-36	1.1755e-36	1.4288e-19	0.00e+00	0.00e+00	2.1446e+01
9.76700e+18	6.3137e+03	1.180e-20	7.7426e+01	4.7260e+01	2.9168e-10	3.9044e-01	6.0956e-01	1.0000e+00	1.2255e-07	2.0736e-22	5.7741e-13	2.1744e-04	9.8413e-01	1.5651e-02	1.1755e-36	4.4590e-01	5.5410e-01	1.1085e-13	1.1755e-36	1.1755e-36	1.1755e-36	1.6990e-19	0.00e+00	0.00e+00	2.1933e+01
9.76953e+18	6.2026e+03	1.106e-20	7.7426e+01	4.5307e+01	3.6962e-10	4.1559e-01	5.8441e-01	1.0000e+00	1.1327e-07	1.9728e-22	6.4762e-13	2.0954e-04	9.8529e-01	1.4503e-02	1.1755e-36	4.7208e-01	5.2792e-01	9.6285e-14	1.1755e-36	1.1755e-36	1.1755e-36	1.9982e-19	0.00e+00	0.00e+00	2.2446e+01
9.77197e+18	6.0831e+03	1.032e-20	7.7426e+01	4.3320e+01	4.7097e-10	4.4116e-01	5.5884e-01	1.0000e+00	1.0396e-07	1.8676e-22	7.2162e-13	2.0144e-04	9.8636e-01	1.3436e-02	1.1755e-36	4.9840e-01	5.0160e-01	8.3803e-14	1.1755e-36	1.1755e-36	1.1755e-36	2.3251e-19	0.00e+00	0.00e+00	2.2951e+01
9.77416e+18	5.9627e+03	9.647e-21	7.7426e+01	4.1435e+01	5.9485e-10	4.6543e-01	5.3457e-01	1.0000e+00	9.6020e-08	1.7785e-22	7.9403e-13	1.9370e-04	9.8730e-01	1.2503e-02	1.1755e-36	5.2310e-01	4.7690e-01	7.3702e-14	1.1755e-36	1.1755e-36	1.1755e-36	2.6550e-19	0.00e+00	0.00e+00	2.3416e+01
9.77608e+18	5.8454e+03	9.044e-21	7.7426e+01	3.9710e+01	7.4039e-10	4.8764e-01	5.1236e-01	1.0000e+00	8.9689e-08	1.7100e-22	8.6198e-13	1.8659e-04	9.8811e-01	1.1706e-02	1.1755e-36	5.4547e-01	4.5453e-01	6.5666e-14	1.1755e-36	1.1755e-36	1.1755e-36	2.9725e-19	0.00e+00	0.00e+00	2.3844e+01
9.77780e+18	5.7264e+03	8.498e-21	7.7426e+01	3.8113e+01	9.1673e-10	5.0852e-01	4.9148e-01	1.0000e+00	8.4253e-08	1.6507e-22	9.2778e-13	1.8000e-04	9.8882e-01	1.0998e-02	1.1755e-36	5.6632e-01	4.3368e-01	5.9008e-14	1.1755e-36	1.1755e-36	1.1755e-36	3.2879e-19	0.00e+00	0.00e+00	2.4255e+01
9.77942e+18	5.6068e+03	7.982e-21	7.7426e+01	3.6560e+01	1.1317e-09	5.2858e-01	4.7142e-01	1.0000e+00	7.9289e-08	1.5969e-22	9.9197e-13	1.7355e-04	9.8947e-01	1.0353e-02	1.1755e-36	5.8617e-01	4.1383e-01	5.3277e-14	1.1755e-36	1.1755e-36	1.1755e-36	3.6027e-19	0.00e+00	0.00e+00	2.4663e+01
9.78072e+18	5.5078e+03	7.581e-21	7.7426e+01	3.5319e+01	1.3445e-09	5.4459e-01	4.5541e-01	1.0000e+00	7.4343e-08	1.5321e-22	1.0442e-12	1.6837e-04	9.8996e-01	9.8699e-03	1.1755e-36	6.0190e-01	3.9810e-01	4.9156e-14	1.1755e-36	1.1755e-36	1.1755e-36	3.8655e-19	0.00e+00	0.00e+00	2.4935e+01
9.78164e+18	5.4341e+03	7.291e-21	7.7426e+01	3.4400e+01	1.5262e-09	5.5611e-01	4.4389e-01	1.0000e+00	7.2531e-08	1.5213e-22	1.0816e-12	1.6452e-04	9.9030e-01	9.5312e-03	1.1755e-36	6.1314e-01	3.8686e-01	4.6371e-14	1.1755e-36	1.1755e-36	1.1755e-36	4.0569e-19	0.00e+00	0.00e+00	2.5158e+01
9.78250e+18	5.3536e+03	7.019e-21	7.7426e+01	3.3535e+01	1.7458e-09	5.6766e-01	4.3234e-01	1.0000e+00	7.0551e-08	1.5033e-22	1.1215e-12	1.6094e-04	9.9064e-01	9.1971e-03	1.1755e-36	6.2435e-01	3.7565e-01	4.3766e-14	1.1755e-36	1.1755e-36	1.1755e-36	4.2690e-19	0.00e+00	0.00e+00	2.5408e+01
9.78344e+18	5.2667e+03	6.721e-21	7.7426e+01	3.2577e+01	2.0199e-09	5.8021e-01	4.1979e-01	1.0000e+00	6.7775e-08	1.4710e-22	1.1652e-12	1.5694e-04	9.9100e-01	8.8440e-03	1.1755e-36	6.3648e-01	3.6352e-01	4.1072e-14	1.1755e-36	1.1755e-36	1.1755e-36	4.5087e-19	0.00e+00	0.00e+00	2.5686e+01
9.78442e+18	5.1693e+03	6.415e-21	7.7426e+01	3.1551e+01	2.3701e-09	5.9329e-01	4.0671e-01	1.0000e+00	6.4805e-08	1.4350e-22	1.2114e-12	1.5266e-04	9.9136e-01	8.4898e-03	1.1755e-36	6.4906e-01	3.5094e-01	3.8455e-14	1.1755e-36	1.1755e-36	1.1755e-36	4.7703e-19	0.00e+00	0.00e+00	2.5971e+01
9.78538e+18	5.0714e+03	6.122e-21	7.7426e+01	3.0558e+01	2.7803e-09	6.0615e-01	3.9385e-01	1.0000e+00	6.2052e-08	1.4015e-22	1.2590e-12	1.4852e-04	9.9170e-01	8.1521e-03	1.1755e-36	6.6135e-01	3.3865e-01	3.6038e-14	1.1755e-36	1.1755e-36	1.1755e-36	5.0549e-19	0.00e+00	0.00e+00	2.6248e+01
9.78630e+18	4.9722e+03	5.846e-21	7.7426e+01	2.9601e+01	3.2582e-09	6.1857e-01	3.8143e-01	1.0000e+00	5.9568e-08	1.3715e-22	1.3063e-12	1.4454e-04	9.9202e-01	7.8305e-03	1.1755e-36	6.7317e-01	3.2683e-01	3.3844e-14	1.1755e-36	1.1755e-36	1.1755e-36	5.3494e-19	0.00e+00	0.00e+00	2.6519e+01
9.78718e+18	4.8696e+03	5.582e-21	7.7426e+01	2.8661e+01	3.8192e-09	6.3073e-01	3.6927e-01	1.0000e+00	5.7215e-08	1.3427e-22	1.3515e-12	1.4065e-04	9.9235e-01	7.5116e-03	1.1755e-36	6.8468e-01	3.1532e-01	3.1823e-14	1.1755e-36	1.1755e-36	1.1755e-36	5.6273e-19	0.00e+00	0.00e+00	2.6790e+01
9.78806e+18	4.7637e+03	5.326e-21	7.7426e+01	2.7731e+01	4.4846e-09	6.4279e-01	3.5721e-01	1.0000e+00	5.4898e-08	1.3132e-22	1.3972e-12	1.3681e-04	9.9266e-01	7.2024e-03	1.1755e-36	6.9604e-01	3.0396e-01	2.9930e-14	1.1755e-36	1.1755e-36	1.1755e-36	5.9218e-19	0.00e+00	0.00e+00	2.7063e+01
9.78892e+18	4.6607e+03	5.076e-21	7.7426e+01	2.6805e+01	5.2270e-09	6.5446e-01	3.4554e-01	1.0000e+00	5.2678e-08	1.2858e-22	1.4405e-12	1.3296e-04	9.9296e-01	6.9099e-03	1.1755e-36	7.0698e-01	2.9302e-01	2.8177e-14	1.1755e-36	1.1755e-36	1.1755e-36	6.2121e-19	0.00e+00	0.00e+00	2.7337e+01
9.78978e+18	4.5482e+03	4.834e-21	7.7426e+01	2.5886e+01	6.1348e-09	6.6632e-01	3.3368e-01	1.0000e+00	5.0478e-08	1.2564e-22	1.4860e-12	1.2921e-04	9.9325e-01	6.6185e-03	1.1755e-36	7.1805e-01	2.8195e-01	2.6504e-14	1.1755e-36	1.1755e-36	1.1755e-36	6.5337e-19	0.00e+00	0.00e+00	2.7616e+01
9.79062e+18	4.4340e+03	4.602e-21	7.7426e+01	2.4984e+01	7.1627e-09	6.7798e-01	3.2202e-01	1.0000e+00	4.8240e-08	1.2244e-22	1.5304e-12	1.2554e-04	9.9354e-01	6.3382e-03	1.1755e-36	7.2887e-01	2.7113e-01	2.4943e-14	1.1755e-36	1.1755e-36	1.1755e-36	6.8601e-19	0.00e+00	0.00e+00	2.7892e+01
9.79144e+18	4.3190e+03	4.381e-21	7.7426e+01	2.4109e+01	8.2890e-09	6.8928e-01	3.1072e-01	1.0000e+00	4.6104e-08	1.1928e-22	1.5724e-12	1.2201e-04	9.9381e-01	6.0718e-03	1.1755e-36	7.3932e-01	2.6068e-01	2.3502e-14	1.1755e-36	1.1755e-36	1.1755e-36	7.1760e-19	0.00e+00	0.00e+00	2.8163e+01
9.79224e+18	4.2028e+03	4.171e-21	7.7426e+01	2.3256e+01	9.4926e-09	7.0030e-01	2.9970e-01	1.0000e+00	4.3972e-08	1.1595e-22	1.6112e-12	1.1861e-04	9.9406e-01	5.8171e-03	1.1755e-36	7.4947e-01	2.5053e-01	2.2162e-14	1.1755e-36	1.1755e-36	1.1755e-36	7.4670e-19	0.00e+00	0.00e+00	2.8435e+01
9.79303e+18	4.0809e+03	3.970e-21	7.7426e+01	2.2416e+01	1.0774e-08	7.1124e-01	2.8876e-01	1.0000e+00	4.1673e-08	1.1193e-22	1.6465e-12	1.1533e-04	9.9432e-01	5.5695e-03	1.1755e-36	7.5950e-01	2.4050e-01	2.0900e-14	1.1755e-36	1.1755e-36	1.1755e-36	7.7190e-19	0.00e+00	0.00e+00	2.8707e+01
9.79375e+18	3.9748e+03	3.793e-21	7.7426e+01	2.1668e+01	1.1867e-08	7.2082e-01	2.7918e-01	1.0000e+00	3.8848e-08	1.0619e-22	1.6724e-12	1.1240e-04	9.9453e-01	5.3568e-03	1.1755e-36	7.6824e-01	2.3176e-01	1.9828e-14	1.1755e-36	1.1755e-36	1.1755e-36	7.8762e-19	0.00e+00	0.00e+00	2.8938e+01
