#depth	Te	Htot	hden	eden	2H_2/H	HI	HII	HeI	HeII	HeIII	CO/C	C1	C2	C3	C4	O1	O2	O3	O4	O5	O6	H2O/O	AV(point)	AV(extend)	Tau912
1.85100e+11	7.2424e+03	4.457e-16	1.2916e+04	1.3185e+04	2.6506e-12	5.0177e-02	9.4982e-01	2.2485e-01	7.7506e-01	8.9447e-05	3.0793e-13	1.2566e-02	8.3152e-01	1.5592e-01	1.5840e-06	6.1110e-02	9.3336e-01	5.5268e-03	1.1755e-36	1.1755e-36	1.1755e-36	4.4096e-21	0.00e+00	0.00e+00	1.5151e-03
1.11060e+12	7.2322e+03	4.437e-16	1.2916e+04	1.3148e+04	2.6540e-12	5.0020e-02	9.4998e-01	2.2459e-01	7.7532e-01	8.9590e-05	3.0491e-13	1.2490e-02	8.3141e-01	1.5610e-01	1.5922e-06	6.0924e-02	9.3353e-01	5.5425e-03	1.1755e-36	1.1755e-36	1.1755e-36	4.3386e-21	0.00e+00	0.00e+00	7.5566e-03
4.81259e+12	7.2258e+03	4.401e-16	1.2916e+04	1.3136e+04	2.6594e-12	4.9953e-02	9.5005e-01	2.2516e-01	7.7475e-01	8.9216e-05	3.0416e-13	1.2453e-02	8.3191e-01	1.5563e-01	1.5846e-06	6.0853e-02	9.3362e-01	5.5235e-03	1.1755e-36	1.1755e-36	1.1755e-36	4.3105e-21	0.00e+00	0.00e+00	3.1690e-02
1.96206e+13	7.1693e+03	4.328e-16	1.2916e+04	1.3124e+04	2.8345e-12	5.0542e-02	9.4946e-01	2.2937e-01	7.7054e-01	8.6742e-05	3.1428e-13	1.2552e-02	8.3503e-01	1.5242e-01	1.5172e-06	6.1606e-02	9.3302e-01	5.3695e-03	1.1755e-36	1.1755e-36	1.1755e-36	4.4450e-21	0.00e+00	0.00e+00	1.2936e-01
4.68672e+13	7.0082e+03	4.097e-16	1.2916e+04	1.3130e+04	3.0592e-12	4.9640e-02	9.5036e-01	2.3367e-01	7.6624e-01	8.3740e-05	3.0502e-13	1.2475e-02	8.3864e-01	1.4888e-01	1.4758e-06	6.0600e-02	9.3407e-01	5.3288e-03	1.1755e-36	1.1755e-36	1.1755e-36	4.1267e-21	0.00e+00	0.00e+00	2.5407e-01
8.22879e+13	6.8693e+03	3.915e-16	1.2916e+04	1.3118e+04	3.4492e-12	5.0067e-02	9.4993e-01	2.4124e-01	7.5868e-01	7.9498e-05	3.1453e-13	1.2626e-02	8.4406e-01	1.4331e-01	1.3735e-06	6.1208e-02	9.3369e-01	5.0995e-03	1.1755e-36	1.1755e-36	1.1755e-36	4.1666e-21	0.00e+00	0.00e+00	4.1759e-01
1.28335e+14	6.7463e+03	3.763e-16	1.2916e+04	1.3080e+04	4.1023e-12	5.2000e-02	9.4800e-01	2.5325e-01	7.4667e-01	7.3841e-05	3.4707e-13	1.3014e-02	8.5168e-01	1.3530e-01	1.2116e-06	6.3652e-02	9.3167e-01	4.6768e-03	1.1755e-36	1.1755e-36	1.1755e-36	4.6089e-21	0.00e+00	0.00e+00	6.3837e-01
1.88196e+14	6.6439e+03	3.641e-16	1.2916e+04	1.3006e+04	5.2453e-12	5.6237e-02	9.4376e-01	2.7241e-01	7.2752e-01	6.6530e-05	4.2148e-13	1.3738e-02	8.6223e-01	1.2404e-01	9.8931e-07	6.8907e-02	9.2706e-01	4.0324e-03	1.1755e-36	1.1755e-36	1.1755e-36	5.7950e-21	0.00e+00	0.00e+00	9.4877e-01
2.54574e+14	6.5716e+03	3.563e-16	1.2916e+04	1.2935e+04	7.0414e-12	6.2905e-02	9.3710e-01	2.9740e-01	7.0254e-01	5.9067e-05	5.5516e-13	1.4741e-02	8.7397e-01	1.1129e-01	7.6218e-07	7.7097e-02	9.1959e-01	3.3159e-03	1.1755e-36	1.1755e-36	1.1755e-36	8.1702e-21	0.00e+00	0.00e+00	1.2827e+00
3.16214e+14	6.5590e+03	3.517e-16	1.2916e+04	1.2746e+04	9.3978e-12	7.1682e-02	9.2832e-01	3.2494e-01	6.7501e-01	5.2578e-05	7.5868e-13	1.5800e-02	8.8471e-01	9.9488e-02	5.7501e-07	8.7791e-02	9.0955e-01	2.6597e-03	1.1755e-36	1.1755e-36	1.1755e-36	1.2176e-20	0.00e+00	0.00e+00	1.6229e+00
3.74130e+14	6.5783e+03	3.511e-16	1.2916e+04	1.2558e+04	1.2926e-11	8.3793e-02	9.1621e-01	3.5754e-01	6.4241e-01	4.6400e-05	1.1088e-12	1.7035e-02	8.9538e-01	8.7588e-02	4.1561e-07	1.0244e-01	8.9550e-01	2.0597e-03	1.1755e-36	1.1755e-36	1.1755e-36	1.9962e-20	0.00e+00	0.00e+00	2.0169e+00
4.31287e+14	6.6238e+03	3.511e-16	1.2916e+04	1.2295e+04	1.8490e-11	1.0055e-01	8.9945e-01	3.9589e-01	6.0407e-01	4.0570e-05	1.7320e-12	1.8341e-02	9.0580e-01	7.5858e-02	2.8630e-07	1.2253e-01	8.7594e-01	1.5276e-03	1.1755e-36	1.1755e-36	1.1755e-36	3.5839e-20	0.00e+00	0.00e+00	2.4817e+00
4.84850e+14	6.6905e+03	3.508e-16	1.2916e+04	1.1959e+04	2.7250e-11	1.2294e-01	8.7706e-01	4.3816e-01	5.6180e-01	3.5405e-05	2.8465e-12	1.9567e-02	9.1538e-01	6.5057e-02	1.9093e-07	1.4910e-01	8.4981e-01	1.0958e-03	1.1755e-36	1.1755e-36	1.1755e-36	6.9066e-20	0.00e+00	0.00e+00	2.9876e+00
5.31361e+14	6.7622e+03	3.485e-16	1.2916e+04	1.1555e+04	4.0463e-11	1.5050e-01	8.4950e-01	4.8012e-01	5.1985e-01	3.1249e-05	4.7212e-12	2.0508e-02	9.2355e-01	5.5942e-02	1.2742e-07	1.8139e-01	8.1783e-01	7.7936e-04	1.1755e-36	1.1755e-36	1.1755e-36	1.3519e-19	0.00e+00	0.00e+00	3.5101e+00
5.71054e+14	6.8271e+03	3.427e-16	1.2916e+04	1.1095e+04	5.9863e-11	1.8265e-01	8.1735e-01	5.1983e-01	4.8014e-01	2.7931e-05	7.7256e-12	2.1078e-02	9.3046e-01	4.8463e-02	1.1755e-36	2.1851e-01	7.8094e-01	5.5652e-04	1.1755e-36	1.1755e-36	1.1755e-36	2.6055e-19	0.00e+00	0.00e+00	4.0585e+00
6.06197e+14	6.8747e+03	3.324e-16	1.2916e+04	1.0571e+04	8.9313e-11	2.2007e-01	7.7993e-01	5.5839e-01	4.4159e-01	2.5082e-05	1.2556e-11	2.1275e-02	9.3658e-01	4.2142e-02	1.1755e-36	2.6100e-01	7.3860e-01	3.9690e-04	1.1755e-36	1.1755e-36	1.1755e-36	4.9752e-19	0.00e+00	0.00e+00	4.6592e+00
6.36414e+14	6.9060e+03	3.182e-16	1.2916e+04	1.0005e+04	1.3152e-10	2.6089e-01	7.3911e-01	5.9258e-01	4.0739e-01	2.2930e-05	1.9752e-11	2.1098e-02	9.4184e-01	3.7061e-02	1.1755e-36	3.0651e-01	6.9321e-01	2.8722e-04	1.1755e-36	1.1755e-36	1.1755e-36	9.1352e-19	0.00e+00	0.00e+00	5.2330e+00
6.59445e+14	6.9163e+03	3.029e-16	1.2916e+04	9.4916e+03	1.8232e-10	2.9839e-01	7.0161e-01	6.1904e-01	3.8094e-01	2.1473e-05	2.8495e-11	2.0691e-02	9.4588e-01	3.3427e-02	1.1755e-36	3.4755e-01	6.5223e-01	2.1967e-04	1.1755e-36	1.1755e-36	1.1755e-36	1.4979e-18	0.00e+00	0.00e+00	5.6976e+00
6.76047e+14	6.9107e+03	2.891e-16	1.2916e+04	9.0770e+03	2.3487e-10	3.2886e-01	6.7114e-01	6.3817e-01	3.6181e-01	2.0507e-05	3.7411e-11	2.0240e-02	9.4883e-01	3.0930e-02	1.1755e-36	3.8037e-01	6.1945e-01	1.7908e-04	1.1755e-36	1.1755e-36	1.1755e-36	2.1647e-18	0.00e+00	0.00e+00	6.0760e+00
6.89279e+14	6.8952e+03	2.763e-16	1.2916e+04	8.7207e+03	2.9075e-10	3.5511e-01	6.4489e-01	6.5353e-01	3.4645e-01	1.9766e-05	4.6652e-11	1.9785e-02	9.5121e-01	2.9001e-02	1.1755e-36	4.0829e-01	5.9156e-01	1.5115e-04	1.1755e-36	1.1755e-36	1.1755e-36	2.9168e-18	0.00e+00	0.00e+00	6.4338e+00
7.01506e+14	6.8724e+03	2.631e-16	1.2916e+04	8.3717e+03	3.5714e-10	3.8087e-01	6.1913e-01	6.6766e-01	3.3232e-01	1.9120e-05	5.7336e-11	1.9287e-02	9.5344e-01	2.7275e-02	1.1755e-36	4.3539e-01	5.6449e-01	1.2854e-04	1.1755e-36	1.1755e-36	1.1755e-36	3.8546e-18	0.00e+00	0.00e+00	6.8096e+00
7.13359e+14	6.8401e+03	2.493e-16	1.2916e+04	8.0177e+03	4.4004e-10	4.0720e-01	5.9280e-01	6.8117e-01	3.1881e-01	1.8537e-05	7.0144e-11	1.8738e-02	9.5560e-01	2.5662e-02	1.1755e-36	4.6274e-01	5.3715e-01	1.0941e-04	1.1755e-36	1.1755e-36	1.1755e-36	5.0653e-18	0.00e+00	0.00e+00	7.1951e+00
7.24423e+14	6.8035e+03	2.357e-16	1.2916e+04	7.6739e+03	5.3752e-10	4.3272e-01	5.6728e-01	6.9353e-01	3.0645e-01	1.8042e-05	8.4647e-11	1.8165e-02	9.5761e-01	2.4223e-02	1.1755e-36	4.8895e-01	5.1096e-01	9.3854e-05	1.1755e-36	1.1755e-36	1.1755e-36	6.5383e-18	0.00e+00	0.00e+00	7.5663e+00
7.34377e+14	6.7634e+03	2.228e-16	1.2916e+04	7.3553e+03	6.4730e-10	4.5642e-01	5.4358e-01	7.0444e-01	2.9554e-01	1.7630e-05	1.0025e-10	1.7606e-02	9.5942e-01	2.2976e-02	1.1755e-36	5.1302e-01	4.8689e-01	8.1537e-05	1.1755e-36	1.1755e-36	1.1755e-36	8.2311e-18	0.00e+00	0.00e+00	7.9158e+00
7.43407e+14	6.7179e+03	2.109e-16	1.2916e+04	7.0610e+03	7.7231e-10	4.7859e-01	5.2141e-01	7.1426e-01	2.8572e-01	1.7271e-05	1.1704e-10	1.7071e-02	9.6106e-01	2.1868e-02	1.1755e-36	5.3533e-01	4.6460e-01	7.1565e-05	1.1755e-36	1.1755e-36	1.1755e-36	1.0166e-17	0.00e+00	0.00e+00	8.2542e+00
7.51904e+14	6.6688e+03	1.994e-16	1.2916e+04	6.7845e+03	9.1761e-10	5.0006e-01	4.9994e-01	7.2350e-01	2.7648e-01	1.6932e-05	1.3575e-10	1.6555e-02	9.6260e-01	2.0840e-02	1.1755e-36	5.5671e-01	4.4323e-01	6.3109e-05	1.1755e-36	1.1755e-36	1.1755e-36	1.2455e-17	0.00e+00	0.00e+00	8.5936e+00
7.60149e+14	6.6180e+03	1.880e-16	1.2916e+04	6.5054e+03	1.0857e-09	5.2085e-01	4.7915e-01	7.3209e-01	2.6789e-01	1.6656e-05	1.5611e-10	1.6013e-02	9.6409e-01	1.9897e-02	1.1755e-36	5.7722e-01	4.2272e-01	5.5823e-05	1.1755e-36	1.1755e-36	1.1755e-36	1.5079e-17	0.00e+00	0.00e+00	8.9405e+00
7.68040e+14	6.5653e+03	1.772e-16	1.2916e+04	6.2375e+03	1.2783e-09	5.4076e-01	4.5924e-01	7.4009e-01	2.5990e-01	1.6417e-05	1.7814e-10	1.5479e-02	9.6549e-01	1.9029e-02	1.1755e-36	5.9669e-01	4.0326e-01	4.9611e-05	1.1755e-36	1.1755e-36	1.1755e-36	1.8074e-17	0.00e+00	0.00e+00	9.2763e+00
7.74324e+14	6.5290e+03	1.688e-16	1.2916e+04	6.0237e+03	1.4415e-09	5.5571e-01	4.4429e-01	7.4581e-01	2.5418e-01	1.6298e-05	1.9611e-10	1.5035e-02	9.6655e-01	1.8412e-02	1.1755e-36	6.1119e-01	3.8877e-01	4.5352e-05	1.1755e-36	1.1755e-36	1.1755e-36	2.0629e-17	0.00e+00	0.00e+00	9.5008e+00
7.78915e+14	6.4916e+03	1.626e-16	1.2916e+04	5.8709e+03	1.5934e-09	5.6734e-01	4.3266e-01	7.5031e-01	2.4968e-01	1.6168e-05	2.1171e-10	1.4722e-02	9.6735e-01	1.7928e-02	1.1755e-36	6.2241e-01	3.7755e-01	4.2318e-05	1.1755e-36	1.1755e-36	1.1755e-36	2.2926e-17	0.00e+00	0.00e+00	9.6964e+00
7.83321e+14	6.4579e+03	1.566e-16	1.2916e+04	5.7205e+03	1.7518e-09	5.7852e-01	4.2148e-01	7.5462e-01	2.4536e-01	1.6054e-05	2.2778e-10	1.4408e-02	9.6812e-01	1.7470e-02	1.1755e-36	6.3314e-01	3.6682e-01	3.9533e-05	1.1755e-36	1.1755e-36	1.1755e-36	2.5362e-17	0.00e+00	0.00e+00	9.9127e+00
7.88178e+14	6.4113e+03	1.501e-16	1.2916e+04	5.5541e+03	1.9618e-09	5.9100e-01	4.0900e-01	7.5945e-01	2.4054e-01	1.5914e-05	2.4724e-10	1.4061e-02	9.6897e-01	1.6965e-02	1.1755e-36	6.4509e-01	3.5488e-01	3.6642e-05	1.1755e-36	1.1755e-36	1.1755e-36	2.8384e-17	0.00e+00	0.00e+00	1.0160e+01
7.93303e+14	6.3623e+03	1.433e-16	1.2916e+04	5.3825e+03	2.2092e-09	6.0401e-01	3.9599e-01	7.6434e-01	2.3564e-01	1.5782e-05	2.6925e-10	1.3697e-02	9.6985e-01	1.6449e-02	1.1755e-36	6.5743e-01	3.4254e-01	3.3841e-05	1.1755e-36	1.1755e-36	1.1755e-36	3.1944e-17	0.00e+00	0.00e+00	1.0412e+01
7.98292e+14	6.3132e+03	1.370e-16	1.2916e+04	5.2204e+03	2.4834e-09	6.1666e-01	3.8334e-01	7.6910e-01	2.3089e-01	1.5649e-05	2.9283e-10	1.3351e-02	9.7070e-01	1.5954e-02	1.1755e-36	6.6937e-01	3.3060e-01	3.1300e-05	1.1755e-36	1.1755e-36	1.1755e-36	3.5913e-17	0.00e+00	0.00e+00	1.0657e+01
8.03068e+14	6.2728e+03	1.309e-16	1.2916e+04	5.0591e+03	2.7549e-09	6.2811e-01	3.7189e-01	7.7323e-01	2.2675e-01	1.5583e-05	3.1517e-10	1.2996e-02	9.7148e-01	1.5519e-02	1.1755e-36	6.8014e-01	3.1983e-01	2.9085e-05	1.1755e-36	1.1755e-36	1.1755e-36	3.9787e-17	0.00e+00	0.00e+00	1.0897e+01
8.07881e+14	6.2180e+03	1.249e-16	1.2916e+04	4.9001e+03	3.1054e-09	6.4013e-01	3.5987e-01	7.7765e-01	2.2234e-01	1.5475e-05	3.4118e-10	1.2649e-02	9.7229e-01	1.5063e-02	1.1755e-36	6.9137e-01	3.0860e-01	2.6955e-05	1.1755e-36	1.1755e-36	1.1755e-36	4.4445e-17	0.00e+00	0.00e+00	1.1154e+01
8.12790e+14	6.1629e+03	1.190e-16	1.2916e+04	4.7448e+03	3.5076e-09	6.5230e-01	3.4770e-01	7.8214e-01	2.1785e-01	1.5356e-05	3.7033e-10	1.2308e-02	9.7309e-01	1.4604e-02	1.1755e-36	7.0269e-01	2.9729e-01	2.4930e-05	1.1755e-36	1.1755e-36	1.1755e-36	4.9894e-17	0.00e+00	0.00e+00	1.1414e+01
8.17589e+14	6.1106e+03	1.133e-16	1.2916e+04	4.5904e+03	3.9402e-09	6.6371e-01	3.3629e-01	7.8623e-01	2.1375e-01	1.5280e-05	3.9942e-10	1.1963e-02	9.7385e-01	1.4183e-02	1.1755e-36	7.1325e-01	2.8673e-01	2.3122e-05	1.1755e-36	1.1755e-36	1.1755e-36	5.5521e-17	0.00e+00	0.00e+00	1.1669e+01
8.22326e+14	6.0559e+03	1.079e-16	1.2916e+04	4.4401e+03	4.4350e-09	6.7493e-01	3.2507e-01	7.9027e-01	2.0972e-01	1.5203e-05	4.3062e-10	1.1625e-02	9.7460e-01	1.3773e-02	1.1755e-36	7.2357e-01	2.7640e-01	2.1450e-05	1.1755e-36	1.1755e-36	1.1755e-36	6.1783e-17	0.00e+00	0.00e+00	1.1931e+01
8.27118e+14	5.9996e+03	1.025e-16	1.2916e+04	4.2900e+03	5.0035e-09	6.8605e-01	3.1395e-01	7.9425e-01	2.0573e-01	1.5133e-05	4.6423e-10	1.1284e-02	9.7535e-01	1.3370e-02	1.1755e-36	7.3377e-01	2.6621e-01	1.9881e-05	1.1755e-36	1.1755e-36	1.1755e-36	6.8788e-17	0.00e+00	0.00e+00	1.2201e+01
8.31944e+14	5.9374e+03	9.733e-17	1.2916e+04	4.1443e+03	5.6888e-09	6.9731e-01	3.0269e-01	7.9835e-01	2.0164e-01	1.5040e-05	5.0216e-10	1.0954e-02	9.7608e-01	1.2963e-02	1.1755e-36	7.4403e-01	2.5595e-01	1.8399e-05	1.1755e-36	1.1755e-36	1.1755e-36	7.7048e-17	0.00e+00	0.00e+00	1.2476e+01
8.36709e+14	5.8766e+03	9.237e-17	1.2916e+04	4.0002e+03	6.4482e-09	7.0797e-01	2.9203e-01	8.0215e-01	1.9783e-01	1.4980e-05	5.4070e-10	1.0623e-02	9.7679e-01	1.2583e-02	1.1755e-36	7.5371e-01	2.4627e-01	1.7061e-05	1.1755e-36	1.1755e-36	1.1755e-36	8.5787e-17	0.00e+00	0.00e+00	1.2747e+01
8.41418e+14	5.8154e+03	8.764e-17	1.2916e+04	3.8612e+03	7.3137e-09	7.1837e-01	2.8163e-01	8.0589e-01	1.9410e-01	1.4918e-05	5.8206e-10	1.0302e-02	9.7748e-01	1.2214e-02	1.1755e-36	7.6311e-01	2.3688e-01	1.5824e-05	1.1755e-36	1.1755e-36	1.1755e-36	9.5598e-17	0.00e+00	0.00e+00	1.3024e+01
8.46159e+14	5.7453e+03	8.306e-17	1.2916e+04	3.7231e+03	8.3861e-09	7.2877e-01	2.7123e-01	8.0967e-01	1.9031e-01	1.4844e-05	6.2778e-10	9.9826e-03	9.7817e-01	1.1848e-02	1.1755e-36	7.7246e-01	2.2753e-01	1.4666e-05	1.1755e-36	1.1755e-36	1.1755e-36	1.0695e-16	0.00e+00	0.00e+00	1.3307e+01
8.50888e+14	5.6811e+03	7.869e-17	1.2916e+04	3.5904e+03	9.5579e-09	7.3879e-01	2.6121e-01	8.1330e-01	1.8668e-01	1.4785e-05	6.7621e-10	9.6722e-03	9.7883e-01	1.1496e-02	1.1755e-36	7.8144e-01	2.1855e-01	1.3595e-05	1.1755e-36	1.1755e-36	1.1755e-36	1.1964e-16	0.00e+00	0.00e+00	1.3590e+01
8.55585e+14	5.6165e+03	7.449e-17	1.2916e+04	3.4588e+03	1.0895e-08	7.4838e-01	2.5162e-01	8.1673e-01	1.8325e-01	1.4748e-05	7.2640e-10	9.3613e-03	9.7948e-01	1.1162e-02	1.1755e-36	7.8998e-01	2.1001e-01	1.2616e-05	1.1755e-36	1.1755e-36	1.1755e-36	1.3347e-16	0.00e+00	0.00e+00	1.3876e+01
8.59846e+14	5.5534e+03	7.096e-17	1.2916e+04	3.3475e+03	1.2344e-08	7.5698e-01	2.4302e-01	8.1990e-01	1.8009e-01	1.4686e-05	7.7740e-10	9.0997e-03	9.8004e-01	1.0865e-02	1.1755e-36	7.9762e-01	2.0237e-01	1.1796e-05	1.1755e-36	1.1755e-36	1.1755e-36	1.4836e-16	0.00e+00	0.00e+00	1.4112e+01
8.63389e+14	5.5075e+03	6.807e-17	1.2916e+04	3.2533e+03	1.3579e-08	7.6365e-01	2.3635e-01	8.2225e-01	1.7773e-01	1.4681e-05	8.1842e-10	8.8734e-03	9.8049e-01	1.0635e-02	1.1755e-36	8.0352e-01	1.9647e-01	1.1167e-05	1.1755e-36	1.1755e-36	1.1755e-36	1.6089e-16	0.00e+00	0.00e+00	1.4316e+01
8.66812e+14	5.4457e+03	6.534e-17	1.2916e+04	3.1647e+03	1.5259e-08	7.7067e-01	2.2933e-01	8.2496e-01	1.7503e-01	1.4604e-05	8.6871e-10	8.6662e-03	9.8094e-01	1.0392e-02	1.1755e-36	8.0972e-01	1.9027e-01	1.0554e-05	1.1755e-36	1.1755e-36	1.1755e-36	1.7704e-16	0.00e+00	0.00e+00	1.4541e+01
8.70231e+14	5.3991e+03	6.272e-17	1.2916e+04	3.0770e+03	1.6801e-08	7.7691e-01	2.2309e-01	8.2720e-01	1.7278e-01	1.4598e-05	9.1418e-10	8.4543e-03	9.8137e-01	1.0177e-02	1.1755e-36	8.1521e-01	1.8478e-01	1.0005e-05	1.1755e-36	1.1755e-36	1.1755e-36	1.9236e-16	0.00e+00	0.00e+00	1.4747e+01
8.73631e+14	5.3392e+03	6.018e-17	1.2916e+04	2.9905e+03	1.8851e-08	7.8342e-01	2.1658e-01	8.2969e-01	1.7029e-01	1.4546e-05	9.6831e-10	8.2493e-03	9.8180e-01	9.9525e-03	1.1755e-36	8.2094e-01	1.7905e-01	9.4673e-06	1.1755e-36	1.1755e-36	1.1755e-36	2.1161e-16	0.00e+00	0.00e+00	1.4974e+01
8.77035e+14	5.2830e+03	5.777e-17	1.2916e+04	2.9089e+03	2.1067e-08	7.8973e-01	2.1027e-01	8.3211e-01	1.6788e-01	1.4495e-05	1.0259e-09	8.0543e-03	9.8221e-01	9.7366e-03	1.1755e-36	8.2645e-01	1.7354e-01	8.9653e-06	1.1755e-36	1.1755e-36	1.1755e-36	2.3332e-16	0.00e+00	0.00e+00	1.5184e+01
8.80215e+14	5.2337e+03	5.558e-17	1.2916e+04	2.8323e+03	2.3282e-08	7.9532e-01	2.0468e-01	8.3421e-01	1.6577e-01	1.4473e-05	1.0803e-09	7.8692e-03	9.8259e-01	9.5448e-03	1.1755e-36	8.3134e-01	1.6865e-01	8.5248e-06	1.1755e-36	1.1755e-36	1.1755e-36	2.5496e-16	0.00e+00	0.00e+00	1.5385e+01
8.83395e+14	5.1752e+03	5.344e-17	1.2916e+04	2.7577e+03	2.6103e-08	8.0114e-01	1.9886e-01	8.3651e-01	1.6347e-01	1.4414e-05	1.1451e-09	7.6909e-03	9.8296e-01	9.3464e-03	1.1755e-36	8.3640e-01	1.6359e-01	8.0941e-06	1.1755e-36	1.1755e-36	1.1755e-36	2.8238e-16	0.00e+00	0.00e+00	1.5598e+01
8.86533e+14	5.1268e+03	5.143e-17	1.2916e+04	2.6849e+03	2.8843e-08	8.0637e-01	1.9363e-01	8.3849e-01	1.6149e-01	1.4400e-05	1.2062e-09	7.5138e-03	9.8332e-01	9.1678e-03	1.1755e-36	8.4095e-01	1.5904e-01	7.7049e-06	1.1755e-36	1.1755e-36	1.1755e-36	3.0975e-16	0.00e+00	0.00e+00	1.5796e+01
8.89628e+14	5.0700e+03	4.948e-17	1.2916e+04	2.6137e+03	3.2287e-08	8.1167e-01	1.8833e-01	8.4058e-01	1.5940e-01	1.4361e-05	1.2769e-09	7.3420e-03	9.8367e-01	8.9877e-03	1.1755e-36	8.4555e-01	1.5444e-01	7.3304e-06	1.1755e-36	1.1755e-36	1.1755e-36	3.4367e-16	0.00e+00	0.00e+00	1.6006e+01
8.92703e+14	5.0149e+03	4.764e-17	1.2916e+04	2.5470e+03	3.6099e-08	8.1686e-01	1.8314e-01	8.4267e-01	1.5732e-01	1.4309e-05	1.3547e-09	7.1811e-03	9.8401e-01	8.8121e-03	1.1755e-36	8.5003e-01	1.4996e-01	6.9774e-06	1.1755e-36	1.1755e-36	1.1755e-36	3.8332e-16	0.00e+00	0.00e+00	1.6204e+01
8.95600e+14	4.9635e+03	4.596e-17	1.2916e+04	2.4836e+03	4.0069e-08	8.2152e-01	1.7848e-01	8.4451e-01	1.5547e-01	1.4280e-05	1.4316e-09	7.0273e-03	9.8433e-01	8.6401e-03	1.1755e-36	8.5406e-01	1.4594e-01	6.6647e-06	1.1755e-36	1.1755e-36	1.1755e-36	4.2359e-16	0.00e+00	0.00e+00	1.6393e+01
8.98432e+14	4.9122e+03	4.436e-17	1.2916e+04	2.4231e+03	4.4502e-08	8.2605e-01	1.7395e-01	8.4636e-01	1.5363e-01	1.4243e-05	1.5150e-09	6.8806e-03	9.8465e-01	8.4655e-03	1.1755e-36	8.5796e-01	1.4203e-01	6.3690e-06	1.1755e-36	1.1755e-36	1.1755e-36	4.6903e-16	0.00e+00	0.00e+00	1.6585e+01
9.01282e+14	4.8534e+03	4.281e-17	1.2916e+04	2.3628e+03	5.0070e-08	8.3065e-01	1.6935e-01	8.4827e-01	1.5171e-01	1.4188e-05	1.6114e-09	6.7366e-03	9.8498e-01	8.2878e-03	1.1755e-36	8.6191e-01	1.3808e-01	6.0836e-06	1.1755e-36	1.1755e-36	1.1755e-36	5.2526e-16	0.00e+00	0.00e+00	1.6778e+01
9.03993e+14	4.8132e+03	4.139e-17	1.2916e+04	2.3075e+03	5.4681e-08	8.3453e-01	1.6547e-01	8.4979e-01	1.5019e-01	1.4190e-05	1.6933e-09	6.5985e-03	9.8526e-01	8.1380e-03	1.1755e-36	8.6525e-01	1.3475e-01	5.8337e-06	1.1755e-36	1.1755e-36	1.1755e-36	5.7577e-16	0.00e+00	0.00e+00	1.6953e+01
9.06799e+14	4.7565e+03	3.992e-17	1.2916e+04	2.2493e+03	6.1482e-08	8.3887e-01	1.6113e-01	8.5164e-01	1.4835e-01	1.4143e-05	1.8026e-09	6.4582e-03	9.8557e-01	7.9674e-03	1.1755e-36	8.6897e-01	1.3103e-01	5.5727e-06	1.1755e-36	1.1755e-36	1.1755e-36	6.4779e-16	0.00e+00	0.00e+00	1.7161e+01
9.09698e+14	4.7013e+03	3.851e-17	1.2916e+04	2.1925e+03	6.9090e-08	8.4311e-01	1.5689e-01	8.5342e-01	1.4657e-01	1.4103e-05	1.9207e-09	6.3202e-03	9.8588e-01	7.8017e-03	1.1755e-36	8.7260e-01	1.2739e-01	5.3237e-06	1.1755e-36	1.1755e-36	1.1755e-36	7.3142e-16	0.00e+00	0.00e+00	1.7350e+01
9.12324e+14	4.6513e+03	3.727e-17	1.2916e+04	2.1421e+03	7.6898e-08	8.4687e-01	1.5313e-01	8.5502e-01	1.4497e-01	1.4066e-05	2.0375e-09	6.1977e-03	9.8615e-01	7.6539e-03	1.1755e-36	8.7581e-01	1.2418e-01	5.1078e-06	1.1755e-36	1.1755e-36	1.1755e-36	8.2001e-16	0.00e+00	0.00e+00	1.7523e+01
9.14805e+14	4.5972e+03	3.613e-17	1.2916e+04	2.0945e+03	8.6202e-08	8.5049e-01	1.4951e-01	8.5661e-01	1.4337e-01	1.4014e-05	2.1671e-09	6.0837e-03	9.8641e-01	7.5109e-03	1.1755e-36	8.7890e-01	1.2110e-01	4.9090e-06	1.1755e-36	1.1755e-36	1.1755e-36	9.2590e-16	0.00e+00	0.00e+00	1.7694e+01
9.17177e+14	4.5506e+03	3.507e-17	1.2916e+04	2.0510e+03	9.5477e-08	8.5381e-01	1.4619e-01	8.5807e-01	1.4191e-01	1.3970e-05	2.2962e-09	5.9782e-03	9.8664e-01	7.3794e-03	1.1755e-36	8.8172e-01	1.1827e-01	4.7277e-06	1.1755e-36	1.1755e-36	1.1755e-36	1.0383e-15	0.00e+00	0.00e+00	1.7853e+01
9.19491e+14	4.5044e+03	3.406e-17	1.2916e+04	2.0084e+03	1.0573e-07	8.5699e-01	1.4301e-01	8.5948e-01	1.4050e-01	1.3932e-05	2.4330e-09	5.8746e-03	9.8687e-01	7.2521e-03	1.1755e-36	8.8443e-01	1.1557e-01	4.5560e-06	1.1755e-36	1.1755e-36	1.1755e-36	1.1658e-15	0.00e+00	0.00e+00	1.8017e+01
9.21876e+14	4.4542e+03	3.304e-17	1.2916e+04	1.9652e+03	1.1819e-07	8.6026e-01	1.3974e-01	8.6097e-01	1.3902e-01	1.3883e-05	2.5927e-09	5.7708e-03	9.8711e-01	7.1209e-03	1.1755e-36	8.8720e-01	1.1279e-01	4.3849e-06	1.1755e-36	1.1755e-36	1.1755e-36	1.3256e-15	0.00e+00	0.00e+00	1.8187e+01
9.24236e+14	4.4065e+03	3.208e-17	1.2916e+04	1.9236e+03	1.3167e-07	8.6336e-01	1.3664e-01	8.6237e-01	1.3761e-01	1.3842e-05	2.7607e-09	5.6699e-03	9.8733e-01	6.9960e-03	1.1755e-36	8.8984e-01	1.1016e-01	4.2243e-06	1.1755e-36	1.1755e-36	1.1755e-36	1.5064e-15	0.00e+00	0.00e+00	1.8348e+01
9.26507e+14	4.3607e+03	3.117e-17	1.2916e+04	1.8839e+03	1.4621e-07	8.6628e-01	1.3372e-01	8.6370e-01	1.3629e-01	1.3806e-05	2.9367e-09	5.5737e-03	9.8755e-01	6.8779e-03	1.1755e-36	8.9231e-01	1.0769e-01	4.0754e-06	1.1755e-36	1.1755e-36	1.1755e-36	1.7100e-15	0.00e+00	0.00e+00	1.8507e+01
9.28757e+14	4.3144e+03	3.030e-17	1.2916e+04	1.8455e+03	1.6276e-07	8.6916e-01	1.3084e-01	8.6504e-01	1.3495e-01	1.3763e-05	3.1322e-09	5.4809e-03	9.8776e-01	6.7608e-03	1.1755e-36	8.9474e-01	1.0525e-01	3.9319e-06	1.1755e-36	1.1755e-36	1.1755e-36	1.9529e-15	0.00e+00	0.00e+00	1.8667e+01
9.30993e+14	4.2672e+03	2.945e-17	1.2916e+04	1.8080e+03	1.8177e-07	8.7198e-01	1.2802e-01	8.6637e-01	1.3362e-01	1.3716e-05	3.3497e-09	5.3907e-03	9.8796e-01	6.6458e-03	1.1755e-36	8.9713e-01	1.0287e-01	3.7945e-06	1.1755e-36	1.1755e-36	1.1755e-36	2.2444e-15	0.00e+00	0.00e+00	1.8825e+01
9.33163e+14	4.2217e+03	2.866e-17	1.2916e+04	1.7720e+03	2.0242e-07	8.7463e-01	1.2537e-01	8.6761e-01	1.3237e-01	1.3676e-05	3.5788e-09	5.3040e-03	9.8816e-01	6.5374e-03	1.1755e-36	8.9936e-01	1.0063e-01	3.6671e-06	1.1755e-36	1.1755e-36	1.1755e-36	2.5763e-15	0.00e+00	0.00e+00	1.8976e+01
9.35263e+14	4.1777e+03	2.791e-17	1.2916e+04	1.7378e+03	2.2494e-07	8.7715e-01	1.2285e-01	8.6882e-01	1.3117e-01	1.3636e-05	3.8238e-09	5.2216e-03	9.8834e-01	6.4335e-03	1.1755e-36	9.0149e-01	9.8502e-02	3.5473e-06	1.1755e-36	1.1755e-36	1.1755e-36	2.9583e-15	0.00e+00	0.00e+00	1.9125e+01
9.37342e+14	4.1337e+03	2.719e-17	1.2916e+04	1.7046e+03	2.5030e-07	8.7963e-01	1.2037e-01	8.7002e-01	1.2996e-01	1.3592e-05	4.0948e-09	5.1420e-03	9.8853e-01	6.3312e-03	1.1755e-36	9.0358e-01	9.6418e-02	3.4323e-06	1.1755e-36	1.1755e-36	1.1755e-36	3.4136e-15	0.00e+00	0.00e+00	1.9274e+01
9.39405e+14	4.0891e+03	2.649e-17	1.2916e+04	1.6722e+03	2.7917e-07	8.8206e-01	1.1794e-01	8.7122e-01	1.2877e-01	1.3545e-05	4.3957e-09	5.0647e-03	9.8870e-01	6.2307e-03	1.1755e-36	9.0562e-01	9.4379e-02	3.3218e-06	1.1755e-36	1.1755e-36	1.1755e-36	3.9603e-15	0.00e+00	0.00e+00	1.9421e+01
9.41421e+14	4.0457e+03	2.583e-17	1.2916e+04	1.6409e+03	3.1086e-07	8.8436e-01	1.1564e-01	8.7235e-01	1.2763e-01	1.3502e-05	4.7188e-09	4.9900e-03	9.8888e-01	6.1348e-03	1.1755e-36	9.0756e-01	9.2439e-02	3.2179e-06	1.1755e-36	1.1755e-36	1.1755e-36	4.5957e-15	0.00e+00	0.00e+00	1.9564e+01
9.43385e+14	4.0035e+03	2.520e-17	1.2916e+04	1.6109e+03	3.4559e-07	8.8657e-01	1.1343e-01	8.7346e-01	1.2653e-01	1.3460e-05	5.0672e-09	4.9186e-03	9.8904e-01	6.0425e-03	1.1755e-36	9.0942e-01	9.0581e-02	3.1197e-06	1.1755e-36	1.1755e-36	1.1755e-36	5.3358e-15	0.00e+00	0.00e+00	1.9705e+01
9.45325e+14	3.9614e+03	2.459e-17	1.2916e+04	1.5819e+03	3.8457e-07	8.8874e-01	1.1126e-01	8.7456e-01	1.2543e-01	1.3414e-05	5.4524e-09	4.8496e-03	9.8920e-01	5.9519e-03	1.1755e-36	9.1123e-01	8.8768e-02	3.0254e-06	1.1755e-36	1.1755e-36	1.1755e-36	6.2202e-15	0.00e+00	0.00e+00	1.9845e+01
###########################
1.85100e+11	7.2419e+03	4.457e-16	1.2916e+04	1.3186e+04	2.6495e-12	5.0167e-02	9.4983e-01	2.2482e-01	7.7509e-01	8.9446e-05	3.0747e-13	1.2384e-02	8.3167e-01	1.5595e-01	1.5868e-06	6.1099e-02	9.3337e-01	5.5284e-03	1.1755e-36	1.1755e-36	1.1755e-36	4.4006e-21	0.00e+00	0.00e+00	1.5148e-03
1.11060e+12	7.2321e+03	4.437e-16	1.2916e+04	1.3148e+04	2.6511e-12	5.0005e-02	9.4999e-01	2.2455e-01	7.7536e-01	8.9593e-05	3.0437e-13	1.2313e-02	8.3155e-01	1.5614e-01	1.5943e-06	6.0906e-02	9.3355e-01	5.5446e-03	1.1755e-36	1.1755e-36	1.1755e-36	4.3280e-21	0.00e+00	0.00e+00	7.5545e-03
4.81259e+12	7.2202e+03	4.405e-16	1.2916e+04	1.3136e+04	2.6680e-12	4.9957e-02	9.5004e-01	2.2522e-01	7.7469e-01	8.9159e-05	3.0394e-13	1.2303e-02	8.3211e-01	1.5559e-01	1.5841e-06	6.0857e-02	9.3362e-01	5.5256e-03	1.1755e-36	1.1755e-36	1.1755e-36	4.3030e-21	0.00e+00	0.00e+00	3.1690e-02
1.96206e+13	7.1718e+03	4.330e-16	1.2916e+04	1.3125e+04	2.8217e-12	5.0491e-02	9.4951e-01	2.2930e-01	7.7061e-01	8.6765e-05	3.1330e-13	1.2428e-02	8.3512e-01	1.5245e-01	1.5183e-06	6.1542e-02	9.3308e-01	5.3754e-03	1.1755e-36	1.1755e-36	1.1755e-36	4.4257e-21	0.00e+00	0.00e+00	1.2927e-01
4.68672e+13	7.0098e+03	4.098e-16	1.2916e+04	1.3130e+04	3.0473e-12	4.9596e-02	9.5040e-01	2.3362e-01	7.6630e-01	8.3763e-05	3.0415e-13	1.2391e-02	8.3876e-01	1.4884e-01	1.4757e-06	6.0545e-02	9.3412e-01	5.3353e-03	1.1755e-36	1.1755e-36	1.1755e-36	4.1088e-21	0.00e+00	0.00e+00	2.5386e-01
8.22531e+13	6.8696e+03	3.915e-16	1.2916e+04	1.3119e+04	3.4405e-12	5.0032e-02	9.4997e-01	2.4119e-01	7.5873e-01	7.9511e-05	3.1381e-13	1.2564e-02	8.4421e-01	1.4323e-01	1.3725e-06	6.1165e-02	9.3373e-01	5.1052e-03	1.1755e-36	1.1755e-36	1.1755e-36	4.1507e-21	0.00e+00	0.00e+00	4.1698e-01
1.28220e+14	6.7459e+03	3.763e-16	1.2916e+04	1.3083e+04	4.0962e-12	5.1978e-02	9.4802e-01	2.5326e-01	7.4666e-01	7.3859e-05	3.4660e-13	1.2974e-02	8.5188e-01	1.3514e-01	1.2097e-06	6.3626e-02	9.3169e-01	4.6807e-03	1.1755e-36	1.1755e-36	1.1755e-36	4.5967e-21	0.00e+00	0.00e+00	6.3728e-01
1.87977e+14	6.6431e+03	3.640e-16	1.2916e+04	1.3007e+04	5.2361e-12	5.6196e-02	9.4380e-01	2.7233e-01	7.2760e-01	6.6556e-05	4.2050e-13	1.3710e-02	8.6240e-01	1.2389e-01	9.8813e-07	6.8857e-02	9.2711e-01	4.0370e-03	1.1755e-36	1.1755e-36	1.1755e-36	5.7711e-21	0.00e+00	0.00e+00	9.4692e-01
2.54321e+14	6.5699e+03	3.562e-16	1.2916e+04	1.2936e+04	7.0358e-12	6.2860e-02	9.3714e-01	2.9732e-01	7.0262e-01	5.9082e-05	5.5398e-13	1.4724e-02	8.7415e-01	1.1112e-01	7.6098e-07	7.7043e-02	9.1964e-01	3.3197e-03	1.1755e-36	1.1755e-36	1.1755e-36	8.1383e-21	0.00e+00	0.00e+00	1.2809e+00
3.16006e+14	6.5568e+03	3.515e-16	1.2916e+04	1.2747e+04	9.3974e-12	7.1634e-02	9.2837e-01	3.2486e-01	6.7509e-01	5.2586e-05	7.5743e-13	1.5807e-02	8.8489e-01	9.9297e-02	5.7382e-07	8.7735e-02	9.0960e-01	2.6624e-03	1.1755e-36	1.1755e-36	1.1755e-36	1.2137e-20	0.00e+00	0.00e+00	1.6211e+00
3.73961e+14	6.5756e+03	3.508e-16	1.2916e+04	1.2559e+04	1.2939e-11	8.3749e-02	9.1625e-01	3.5748e-01	6.4247e-01	4.6403e-05	1.1078e-12	1.7060e-02	8.9556e-01	8.7383e-02	4.1451e-07	1.0239e-01	8.9555e-01	2.0614e-03	1.1755e-36	1.1755e-36	1.1755e-36	1.9923e-20	0.00e+00	0.00e+00	2.0151e+00
4.31101e+14	6.6204e+03	3.509e-16	1.2916e+04	1.2298e+04	1.8536e-11	1.0052e-01	8.9948e-01	3.9578e-01	6.0418e-01	4.0589e-05	1.7322e-12	1.8389e-02	9.0596e-01	7.5646e-02	2.8538e-07	1.2250e-01	8.7597e-01	1.5288e-03	1.1755e-36	1.1755e-36	1.1755e-36	3.5837e-20	0.00e+00	0.00e+00	2.4791e+00
4.84561e+14	6.6872e+03	3.506e-16	1.2916e+04	1.1960e+04	2.7309e-11	1.2285e-01	8.7715e-01	4.3798e-01	5.6199e-01	3.5422e-05	2.8457e-12	1.9635e-02	9.1549e-01	6.4876e-02	1.9043e-07	1.4900e-01	8.4991e-01	1.0974e-03	1.1755e-36	1.1755e-36	1.1755e-36	6.9052e-20	0.00e+00	0.00e+00	2.9833e+00
5.30990e+14	6.7585e+03	3.483e-16	1.2916e+04	1.1558e+04	4.0562e-11	1.5035e-01	8.4965e-01	4.7985e-01	5.2012e-01	3.1271e-05	4.7193e-12	2.0599e-02	9.2362e-01	5.5779e-02	1.2712e-07	1.8122e-01	8.1800e-01	7.8100e-04	1.1755e-36	1.1755e-36	1.1755e-36	1.3521e-19	0.00e+00	0.00e+00	3.5049e+00
5.70677e+14	6.8233e+03	3.424e-16	1.2916e+04	1.1098e+04	6.0039e-11	1.8247e-01	8.1753e-01	5.1952e-01	4.8045e-01	2.7954e-05	7.7262e-12	2.1182e-02	9.3051e-01	4.8309e-02	1.1755e-36	2.1831e-01	7.8114e-01	5.5774e-04	1.1755e-36	1.1755e-36	1.1755e-36	2.6088e-19	0.00e+00	0.00e+00	4.0531e+00
6.05837e+14	6.8709e+03	3.321e-16	1.2916e+04	1.0573e+04	8.9663e-11	2.1990e-01	7.8010e-01	5.5808e-01	4.4190e-01	2.5102e-05	1.2569e-11	2.1407e-02	9.3660e-01	4.1990e-02	1.1755e-36	2.6082e-01	7.3878e-01	3.9770e-04	1.1755e-36	1.1755e-36	1.1755e-36	4.9904e-19	0.00e+00	0.00e+00	4.6536e+00
6.36068e+14	6.9023e+03	3.179e-16	1.2916e+04	1.0007e+04	1.3214e-10	2.6076e-01	7.3924e-01	5.9227e-01	4.0770e-01	2.2951e-05	1.9791e-11	2.1244e-02	9.4184e-01	3.6916e-02	1.1755e-36	3.0636e-01	6.9335e-01	2.8773e-04	1.1755e-36	1.1755e-36	1.1755e-36	9.1786e-19	0.00e+00	0.00e+00	5.2273e+00
6.59104e+14	6.9128e+03	3.027e-16	1.2916e+04	9.4932e+03	1.8329e-10	2.9830e-01	7.0170e-01	6.1872e-01	3.8126e-01	2.1495e-05	2.8571e-11	2.0846e-02	9.4586e-01	3.3291e-02	1.1755e-36	3.4745e-01	6.5233e-01	2.2000e-04	1.1755e-36	1.1755e-36	1.1755e-36	1.5070e-18	0.00e+00	0.00e+00	5.6918e+00
6.75700e+14	6.9073e+03	2.889e-16	1.2916e+04	9.0783e+03	2.3620e-10	3.2878e-01	6.7122e-01	6.3784e-01	3.6214e-01	2.0531e-05	3.7523e-11	2.0400e-02	9.4880e-01	3.0802e-02	1.1755e-36	3.8029e-01	6.1953e-01	1.7934e-04	1.1755e-36	1.1755e-36	1.1755e-36	2.1794e-18	0.00e+00	0.00e+00	6.0699e+00
6.88920e+14	6.8919e+03	2.761e-16	1.2916e+04	8.7221e+03	2.9242e-10	3.5503e-01	6.4497e-01	6.5318e-01	3.4680e-01	1.9792e-05	4.6796e-11	1.9948e-02	9.5117e-01	2.8880e-02	1.1755e-36	4.0822e-01	5.9163e-01	1.5138e-04	1.1755e-36	1.1755e-36	1.1755e-36	2.9378e-18	0.00e+00	0.00e+00	6.4272e+00
7.01133e+14	6.8687e+03	2.629e-16	1.2916e+04	8.3731e+03	3.5937e-10	3.8081e-01	6.1919e-01	6.6730e-01	3.3268e-01	1.9146e-05	5.7524e-11	1.9451e-02	9.5339e-01	2.7160e-02	1.1755e-36	4.3532e-01	5.6455e-01	1.2874e-04	1.1755e-36	1.1755e-36	1.1755e-36	3.8839e-18	0.00e+00	0.00e+00	6.8025e+00
7.12976e+14	6.8370e+03	2.492e-16	1.2916e+04	8.0190e+03	4.4265e-10	4.0713e-01	5.9287e-01	6.8079e-01	3.1919e-01	1.8566e-05	7.0369e-11	1.8902e-02	9.5554e-01	2.5554e-02	1.1755e-36	4.6267e-01	5.3722e-01	1.0959e-04	1.1755e-36	1.1755e-36	1.1755e-36	5.1045e-18	0.00e+00	0.00e+00	7.1876e+00
7.24029e+14	6.8005e+03	2.355e-16	1.2916e+04	7.6752e+03	5.4073e-10	4.3266e-01	5.6734e-01	6.9313e-01	3.0685e-01	1.8072e-05	8.4923e-11	1.8330e-02	9.5755e-01	2.4122e-02	1.1755e-36	4.8889e-01	5.1101e-01	9.4005e-05	1.1755e-36	1.1755e-36	1.1755e-36	6.5905e-18	0.00e+00	0.00e+00	7.5584e+00
7.33974e+14	6.7605e+03	2.227e-16	1.2916e+04	7.3565e+03	6.5119e-10	4.5636e-01	5.4364e-01	7.0403e-01	2.9595e-01	1.7662e-05	1.0058e-10	1.7770e-02	9.5935e-01	2.2881e-02	1.1755e-36	5.1297e-01	4.8695e-01	8.1670e-05	1.1755e-36	1.1755e-36	1.1755e-36	8.2982e-18	0.00e+00	0.00e+00	7.9075e+00
7.42996e+14	6.7152e+03	2.108e-16	1.2916e+04	7.0621e+03	7.7697e-10	4.7854e-01	5.2146e-01	7.1384e-01	2.8615e-01	1.7305e-05	1.1742e-10	1.7234e-02	9.6099e-01	2.1779e-02	1.1755e-36	5.3528e-01	4.6465e-01	7.1683e-05	1.1755e-36	1.1755e-36	1.1755e-36	1.0250e-17	0.00e+00	0.00e+00	8.2456e+00
7.51484e+14	6.6661e+03	1.993e-16	1.2916e+04	6.7856e+03	9.2316e-10	5.0002e-01	4.9998e-01	7.2307e-01	2.7691e-01	1.6967e-05	1.3620e-10	1.6715e-02	9.6253e-01	2.0756e-02	1.1755e-36	5.5667e-01	4.4326e-01	6.3215e-05	1.1755e-36	1.1755e-36	1.1755e-36	1.2560e-17	0.00e+00	0.00e+00	8.5846e+00
7.59721e+14	6.6155e+03	1.880e-16	1.2916e+04	6.5064e+03	1.0922e-09	5.2081e-01	4.7919e-01	7.3165e-01	2.6833e-01	1.6692e-05	1.5661e-10	1.6172e-02	9.6401e-01	1.9817e-02	1.1755e-36	5.7719e-01	4.2276e-01	5.5919e-05	1.1755e-36	1.1755e-36	1.1755e-36	1.5206e-17	0.00e+00	0.00e+00	8.9312e+00
7.67603e+14	6.5629e+03	1.771e-16	1.2916e+04	6.2384e+03	1.2859e-09	5.4072e-01	4.5928e-01	7.3964e-01	2.6034e-01	1.6454e-05	1.7871e-10	1.5636e-02	9.6541e-01	1.8953e-02	1.1755e-36	5.9666e-01	4.0329e-01	4.9698e-05	1.1755e-36	1.1755e-36	1.1755e-36	1.8227e-17	0.00e+00	0.00e+00	9.2665e+00
7.73880e+14	6.5267e+03	1.687e-16	1.2916e+04	6.0248e+03	1.4498e-09	5.5567e-01	4.4433e-01	7.4535e-01	2.5463e-01	1.6336e-05	1.9670e-10	1.5193e-02	9.6646e-01	1.8342e-02	1.1755e-36	6.1115e-01	3.8881e-01	4.5434e-05	1.1755e-36	1.1755e-36	1.1755e-36	2.0800e-17	0.00e+00	0.00e+00	9.4908e+00
7.78467e+14	6.4891e+03	1.626e-16	1.2916e+04	5.8720e+03	1.6029e-09	5.6730e-01	4.3270e-01	7.4986e-01	2.5013e-01	1.6206e-05	2.1236e-10	1.4879e-02	9.6726e-01	1.7860e-02	1.1755e-36	6.2238e-01	3.7758e-01	4.2395e-05	1.1755e-36	1.1755e-36	1.1755e-36	2.3119e-17	0.00e+00	0.00e+00	9.6862e+00
7.82868e+14	6.4565e+03	1.566e-16	1.2916e+04	5.7216e+03	1.7604e-09	5.7846e-01	4.2154e-01	7.5415e-01	2.4584e-01	1.6096e-05	2.2841e-10	1.4563e-02	9.6803e-01	1.7406e-02	1.1755e-36	6.3308e-01	3.6688e-01	3.9607e-05	1.1755e-36	1.1755e-36	1.1755e-36	2.5566e-17	0.00e+00	0.00e+00	9.9022e+00
7.87725e+14	6.4091e+03	1.500e-16	1.2916e+04	5.5549e+03	1.9731e-09	5.9097e-01	4.0903e-01	7.5899e-01	2.4100e-01	1.5954e-05	2.4796e-10	1.4213e-02	9.6889e-01	1.6901e-02	1.1755e-36	6.4506e-01	3.5490e-01	3.6708e-05	1.1755e-36	1.1755e-36	1.1755e-36	2.8620e-17	0.00e+00	0.00e+00	1.0150e+01
7.92847e+14	6.3602e+03	1.433e-16	1.2916e+04	5.3832e+03	2.2219e-09	6.0399e-01	3.9601e-01	7.6388e-01	2.3610e-01	1.5824e-05	2.7005e-10	1.3848e-02	9.6976e-01	1.6388e-02	1.1755e-36	6.5741e-01	3.4255e-01	3.3901e-05	1.1755e-36	1.1755e-36	1.1755e-36	3.2213e-17	0.00e+00	0.00e+00	1.0401e+01
7.97826e+14	6.3112e+03	1.370e-16	1.2916e+04	5.2213e+03	2.4972e-09	6.1662e-01	3.8338e-01	7.6863e-01	2.3136e-01	1.5691e-05	2.9365e-10	1.3499e-02	9.7060e-01	1.5896e-02	1.1755e-36	6.6934e-01	3.3062e-01	3.1360e-05	1.1755e-36	1.1755e-36	1.1755e-36	3.6208e-17	0.00e+00	0.00e+00	1.0645e+01
8.02594e+14	6.2718e+03	1.308e-16	1.2916e+04	5.0602e+03	2.7672e-09	6.2804e-01	3.7196e-01	7.7275e-01	2.2724e-01	1.5628e-05	3.1593e-10	1.3144e-02	9.7139e-01	1.5465e-02	1.1755e-36	6.8008e-01	3.1989e-01	2.9143e-05	1.1755e-36	1.1755e-36	1.1755e-36	4.0095e-17	0.00e+00	0.00e+00	1.0885e+01
8.07407e+14	6.2160e+03	1.249e-16	1.2916e+04	4.9008e+03	3.1226e-09	6.4010e-01	3.5990e-01	7.7718e-01	2.2281e-01	1.5518e-05	3.4210e-10	1.2795e-02	9.7220e-01	1.5010e-02	1.1755e-36	6.9135e-01	3.0862e-01	2.7007e-05	1.1755e-36	1.1755e-36	1.1755e-36	4.4805e-17	0.00e+00	0.00e+00	1.1143e+01
8.12315e+14	6.1609e+03	1.190e-16	1.2916e+04	4.7455e+03	3.5273e-09	6.5228e-01	3.4772e-01	7.8167e-01	2.1831e-01	1.5399e-05	3.7134e-10	1.2451e-02	9.7300e-01	1.4553e-02	1.1755e-36	7.0268e-01	2.9730e-01	2.4976e-05	1.1755e-36	1.1755e-36	1.1755e-36	5.0304e-17	0.00e+00	0.00e+00	1.1402e+01
8.17103e+14	6.1089e+03	1.133e-16	1.2916e+04	4.5913e+03	3.9607e-09	6.6368e-01	3.3632e-01	7.8576e-01	2.1423e-01	1.5325e-05	4.0040e-10	1.2104e-02	9.7376e-01	1.4136e-02	1.1755e-36	7.1322e-01	2.8676e-01	2.3169e-05	1.1755e-36	1.1755e-36	1.1755e-36	5.5956e-17	0.00e+00	0.00e+00	1.1657e+01
8.21832e+14	6.0542e+03	1.079e-16	1.2916e+04	4.4410e+03	4.4578e-09	6.7489e-01	3.2511e-01	7.8979e-01	2.1020e-01	1.5248e-05	4.3163e-10	1.1764e-02	9.7451e-01	1.3728e-02	1.1755e-36	7.2354e-01	2.7644e-01	2.1495e-05	1.1755e-36	1.1755e-36	1.1755e-36	6.2259e-17	0.00e+00	0.00e+00	1.1919e+01
8.26621e+14	5.9988e+03	1.025e-16	1.2916e+04	4.2910e+03	5.0245e-09	6.8599e-01	3.1401e-01	7.9377e-01	2.0622e-01	1.5181e-05	4.6521e-10	1.1422e-02	9.7525e-01	1.3327e-02	1.1755e-36	7.3372e-01	2.6626e-01	1.9923e-05	1.1755e-36	1.1755e-36	1.1755e-36	6.9297e-17	0.00e+00	0.00e+00	1.2188e+01
8.31448e+14	5.9370e+03	9.733e-17	1.2916e+04	4.1453e+03	5.7106e-09	6.9727e-01	3.0273e-01	7.9787e-01	2.0212e-01	1.5089e-05	5.0326e-10	1.1089e-02	9.7599e-01	1.2922e-02	1.1755e-36	7.4400e-01	2.5598e-01	1.8436e-05	1.1755e-36	1.1755e-36	1.1755e-36	7.7636e-17	0.00e+00	0.00e+00	1.2463e+01
8.36215e+14	5.8751e+03	9.238e-17	1.2916e+04	4.0012e+03	6.4818e-09	7.0799e-01	2.9201e-01	8.0170e-01	1.9828e-01	1.5024e-05	5.4213e-10	1.0756e-02	9.7670e-01	1.2542e-02	1.1755e-36	7.5373e-01	2.4626e-01	1.7092e-05	1.1755e-36	1.1755e-36	1.1755e-36	8.6498e-17	0.00e+00	0.00e+00	1.2735e+01
8.40912e+14	5.8135e+03	8.766e-17	1.2916e+04	3.8621e+03	7.3532e-09	7.1836e-01	2.8164e-01	8.0542e-01	1.9456e-01	1.4964e-05	5.8339e-10	1.0432e-02	9.7739e-01	1.2177e-02	1.1755e-36	7.6310e-01	2.3689e-01	1.5858e-05	1.1755e-36	1.1755e-36	1.1755e-36	9.6338e-17	0.00e+00	0.00e+00	1.3010e+01
8.45634e+14	5.7506e+03	8.308e-17	1.2916e+04	3.7259e+03	8.3630e-09	7.2862e-01	2.7138e-01	8.0913e-01	1.9085e-01	1.4902e-05	6.2840e-10	1.0113e-02	9.7807e-01	1.1816e-02	1.1755e-36	7.7233e-01	2.2766e-01	1.4700e-05	1.1755e-36	1.1755e-36	1.1755e-36	1.0760e-16	0.00e+00	0.00e+00	1.3292e+01
8.50382e+14	5.6883e+03	7.865e-17	1.2916e+04	3.5893e+03	9.5042e-09	7.3850e-01	2.6150e-01	8.1265e-01	1.8734e-01	1.4869e-05	6.7495e-10	9.7897e-03	9.7874e-01	1.1474e-02	1.1755e-36	7.8116e-01	2.1883e-01	1.3634e-05	1.1755e-36	1.1755e-36	1.1755e-36	1.1980e-16	0.00e+00	0.00e+00	1.3578e+01
8.55165e+14	5.6221e+03	7.439e-17	1.2916e+04	3.4564e+03	1.0866e-08	7.4834e-01	2.5166e-01	8.1621e-01	1.8378e-01	1.4823e-05	7.2681e-10	9.4738e-03	9.7939e-01	1.1131e-02	1.1755e-36	7.8995e-01	2.1004e-01	1.2628e-05	1.1755e-36	1.1755e-36	1.1755e-36	1.3414e-16	0.00e+00	0.00e+00	1.3872e+01
8.59496e+14	5.5553e+03	7.081e-17	1.2916e+04	3.3419e+03	1.2369e-08	7.5706e-01	2.4294e-01	8.1940e-01	1.8059e-01	1.4764e-05	7.7820e-10	9.2029e-03	9.7996e-01	1.0833e-02	1.1755e-36	7.9769e-01	2.0230e-01	1.1800e-05	1.1755e-36	1.1755e-36	1.1755e-36	1.4920e-16	0.00e+00	0.00e+00	1.4109e+01
8.63000e+14	5.4989e+03	6.801e-17	1.2916e+04	3.2515e+03	1.3790e-08	7.6403e-01	2.3597e-01	8.2199e-01	1.7799e-01	1.4709e-05	8.2354e-10	8.9880e-03	9.8042e-01	1.0594e-02	1.1755e-36	8.0386e-01	1.9613e-01	1.1165e-05	1.1755e-36	1.1755e-36	1.1755e-36	1.6319e-16	0.00e+00	0.00e+00	1.4306e+01
8.66117e+14	5.4597e+03	6.552e-17	1.2916e+04	3.1703e+03	1.4991e-08	7.6986e-01	2.3014e-01	8.2409e-01	1.7589e-01	1.4702e-05	8.6254e-10	8.7907e-03	9.8082e-01	1.0393e-02	1.1755e-36	8.0900e-01	1.9099e-01	1.0629e-05	1.1755e-36	1.1755e-36	1.1755e-36	1.7571e-16	0.00e+00	0.00e+00	1.4499e+01
8.69570e+14	5.3982e+03	6.280e-17	1.2916e+04	3.0796e+03	1.6857e-08	7.7675e-01	2.2325e-01	8.2674e-01	1.7325e-01	1.4643e-05	9.1499e-10	8.5746e-03	9.8127e-01	1.0155e-02	1.1755e-36	8.1508e-01	1.8491e-01	1.0037e-05	1.1755e-36	1.1755e-36	1.1755e-36	1.9339e-16	0.00e+00	0.00e+00	1.4742e+01
8.73218e+14	5.3402e+03	6.013e-17	1.2916e+04	2.9893e+03	1.8906e-08	7.8354e-01	2.1646e-01	8.2928e-01	1.7070e-01	1.4602e-05	9.7080e-10	8.3568e-03	9.8172e-01	9.9236e-03	1.1755e-36	8.2104e-01	1.7895e-01	9.4730e-06	1.1755e-36	1.1755e-36	1.1755e-36	2.1335e-16	0.00e+00	0.00e+00	1.4963e+01
8.76547e+14	5.2815e+03	5.777e-17	1.2916e+04	2.9094e+03	2.1186e-08	7.8981e-01	2.1019e-01	8.3171e-01	1.6828e-01	1.4541e-05	1.0289e-09	8.1650e-03	9.8212e-01	9.7108e-03	1.1755e-36	8.2652e-01	1.7347e-01	8.9792e-06	1.1755e-36	1.1755e-36	1.1755e-36	2.3544e-16	0.00e+00	0.00e+00	1.5169e+01
8.79629e+14	5.2376e+03	5.564e-17	1.2916e+04	2.8346e+03	2.3208e-08	7.9510e-01	2.0490e-01	8.3365e-01	1.6634e-01	1.4539e-05	1.0792e-09	7.9813e-03	9.8249e-01	9.5309e-03	1.1755e-36	8.3114e-01	1.6886e-01	8.5571e-06	1.1755e-36	1.1755e-36	1.1755e-36	2.5549e-16	0.00e+00	0.00e+00	1.5361e+01
8.82817e+14	5.1774e+03	5.348e-17	1.2916e+04	2.7577e+03	2.6076e-08	8.0092e-01	1.9908e-01	8.3595e-01	1.6404e-01	1.4486e-05	1.1433e-09	7.7960e-03	9.8287e-01	9.3326e-03	1.1755e-36	8.3622e-01	1.6378e-01	8.1215e-06	1.1755e-36	1.1755e-36	1.1755e-36	2.8273e-16	0.00e+00	0.00e+00	1.5584e+01
8.86070e+14	5.1210e+03	5.141e-17	1.2916e+04	2.6845e+03	2.9198e-08	8.0661e-01	1.9339e-01	8.3819e-01	1.6179e-01	1.4433e-05	1.2129e-09	7.6180e-03	9.8324e-01	9.1401e-03	1.1755e-36	8.4116e-01	1.5883e-01	7.7093e-06	1.1755e-36	1.1755e-36	1.1755e-36	3.1414e-16	0.00e+00	0.00e+00	1.5788e+01
8.89067e+14	5.0727e+03	4.954e-17	1.2916e+04	2.6162e+03	3.2242e-08	8.1154e-01	1.8846e-01	8.4009e-01	1.5989e-01	1.4416e-05	1.2770e-09	7.4505e-03	9.8358e-01	8.9731e-03	1.1755e-36	8.4544e-01	1.5455e-01	7.3538e-06	1.1755e-36	1.1755e-36	1.1755e-36	3.4494e-16	0.00e+00	0.00e+00	1.5980e+01
8.92050e+14	5.0153e+03	4.773e-17	1.2916e+04	2.5502e+03	3.6149e-08	8.1670e-01	1.8330e-01	8.4220e-01	1.5779e-01	1.4356e-05	1.3552e-09	7.2904e-03	9.8391e-01	8.7994e-03	1.1755e-36	8.4990e-01	1.5010e-01	7.0042e-06	1.1755e-36	1.1755e-36	1.1755e-36	3.8505e-16	0.00e+00	0.00e+00	1.6184e+01
8.95004e+14	4.9643e+03	4.602e-17	1.2916e+04	2.4855e+03	4.0120e-08	8.2140e-01	1.7859e-01	8.4404e-01	1.5594e-01	1.4334e-05	1.4321e-09	7.1310e-03	9.8424e-01	8.6272e-03	1.1755e-36	8.5396e-01	1.4603e-01	6.6863e-06	1.1755e-36	1.1755e-36	1.1755e-36	4.2548e-16	0.00e+00	0.00e+00	1.6374e+01
8.97859e+14	4.9111e+03	4.440e-17	1.2916e+04	2.4242e+03	4.4693e-08	8.2602e-01	1.7398e-01	8.4592e-01	1.5406e-01	1.4294e-05	1.5173e-09	6.9817e-03	9.8457e-01	8.4514e-03	1.1755e-36	8.5792e-01	1.4207e-01	6.3876e-06	1.1755e-36	1.1755e-36	1.1755e-36	4.7221e-16	0.00e+00	0.00e+00	1.6567e+01
9.00695e+14	4.8571e+03	4.286e-17	1.2916e+04	2.3650e+03	4.9907e-08	8.3050e-01	1.6950e-01	8.4778e-01	1.5220e-01	1.4248e-05	1.6097e-09	6.8370e-03	9.8488e-01	8.2782e-03	1.1755e-36	8.6179e-01	1.3820e-01	6.1031e-06	1.1755e-36	1.1755e-36	1.1755e-36	5.2615e-16	0.00e+00	0.00e+00	1.6757e+01
9.03438e+14	4.8071e+03	4.142e-17	1.2916e+04	2.3083e+03	5.5378e-08	8.3466e-01	1.6534e-01	8.4948e-01	1.5050e-01	1.4220e-05	1.7024e-09	6.6972e-03	9.8518e-01	8.1182e-03	1.1755e-36	8.6536e-01	1.3464e-01	5.8441e-06	1.1755e-36	1.1755e-36	1.1755e-36	5.8383e-16	0.00e+00	0.00e+00	1.6940e+01
9.06138e+14	4.7567e+03	4.003e-17	1.2916e+04	2.2539e+03	6.1581e-08	8.3874e-01	1.6126e-01	8.5120e-01	1.4879e-01	1.4181e-05	1.8041e-09	6.5636e-03	9.8548e-01	7.9596e-03	1.1755e-36	8.6886e-01	1.3114e-01	5.5965e-06	1.1755e-36	1.1755e-36	1.1755e-36	6.5118e-16	0.00e+00	0.00e+00	1.7126e+01
9.08845e+14	4.7037e+03	3.869e-17	1.2916e+04	2.2006e+03	6.8852e-08	8.4279e-01	1.5721e-01	8.5293e-01	1.4705e-01	1.4134e-05	1.9175e-09	6.4331e-03	9.8577e-01	7.8017e-03	1.1755e-36	8.7232e-01	1.2767e-01	5.3587e-06	1.1755e-36	1.1755e-36	1.1755e-36	7.3155e-16	0.00e+00	0.00e+00	1.7311e+01
9.11470e+14	4.6517e+03	3.744e-17	1.2916e+04	2.1494e+03	7.6895e-08	8.4660e-01	1.5340e-01	8.5456e-01	1.4542e-01	1.4094e-05	2.0363e-09	6.3079e-03	9.8604e-01	7.6530e-03	1.1755e-36	8.7558e-01	1.2442e-01	5.1404e-06	1.1755e-36	1.1755e-36	1.1755e-36	8.2194e-16	0.00e+00	0.00e+00	1.7487e+01
9.13968e+14	4.6034e+03	3.629e-17	1.2916e+04	2.1015e+03	8.5352e-08	8.5011e-01	1.4989e-01	8.5606e-01	1.4393e-01	1.4064e-05	2.1566e-09	6.1897e-03	9.8630e-01	7.5153e-03	1.1755e-36	8.7857e-01	1.2143e-01	4.9420e-06	1.1755e-36	1.1755e-36	1.1755e-36	9.1997e-16	0.00e+00	0.00e+00	1.7657e+01
9.16421e+14	4.5551e+03	3.518e-17	1.2916e+04	2.0555e+03	9.4851e-08	8.5354e-01	1.4646e-01	8.5757e-01	1.4242e-01	1.4024e-05	2.2883e-09	6.0767e-03	9.8654e-01	7.3793e-03	1.1755e-36	8.8149e-01	1.1850e-01	4.7521e-06	1.1755e-36	1.1755e-36	1.1755e-36	1.0345e-15	0.00e+00	0.00e+00	1.7828e+01
9.18883e+14	4.5055e+03	3.410e-17	1.2916e+04	2.0104e+03	1.0582e-07	8.5695e-01	1.4305e-01	8.5909e-01	1.4090e-01	1.3979e-05	2.4350e-09	5.9662e-03	9.8679e-01	7.2441e-03	1.1755e-36	8.8439e-01	1.1560e-01	4.5686e-06	1.1755e-36	1.1755e-36	1.1755e-36	1.1713e-15	0.00e+00	0.00e+00	1.8000e+01
9.21300e+14	4.4561e+03	3.308e-17	1.2916e+04	1.9667e+03	1.1813e-07	8.6021e-01	1.3979e-01	8.6055e-01	1.3943e-01	1.3937e-05	2.5927e-09	5.8593e-03	9.8703e-01	7.1144e-03	1.1755e-36	8.8716e-01	1.1284e-01	4.3968e-06	1.1755e-36	1.1755e-36	1.1755e-36	1.3298e-15	0.00e+00	0.00e+00	1.8167e+01
9.23625e+14	4.4092e+03	3.212e-17	1.2916e+04	1.9252e+03	1.3131e-07	8.6325e-01	1.3675e-01	8.6192e-01	1.3807e-01	1.3902e-05	2.7564e-09	5.7575e-03	9.8725e-01	6.9927e-03	1.1755e-36	8.8974e-01	1.1025e-01	4.2384e-06	1.1755e-36	1.1755e-36	1.1755e-36	1.5065e-15	0.00e+00	0.00e+00	1.8327e+01
9.25899e+14	4.3628e+03	3.121e-17	1.2916e+04	1.8856e+03	1.4601e-07	8.6620e-01	1.3380e-01	8.6327e-01	1.3672e-01	1.3862e-05	2.9344e-09	5.6602e-03	9.8747e-01	6.8740e-03	1.1755e-36	8.9224e-01	1.0775e-01	4.0879e-06	1.1755e-36	1.1755e-36	1.1755e-36	1.7127e-15	0.00e+00	0.00e+00	1.8487e+01
9.28161e+14	4.3159e+03	3.033e-17	1.2916e+04	1.8469e+03	1.6273e-07	8.6911e-01	1.3089e-01	8.6462e-01	1.3537e-01	1.3818e-05	3.1314e-09	5.5657e-03	9.8768e-01	6.7570e-03	1.1755e-36	8.9470e-01	1.0530e-01	3.9433e-06	1.1755e-36	1.1755e-36	1.1755e-36	1.9582e-15	0.00e+00	0.00e+00	1.8647e+01
9.30385e+14	4.2694e+03	2.950e-17	1.2916e+04	1.8094e+03	1.8144e-07	8.7190e-01	1.2810e-01	8.6593e-01	1.3406e-01	1.3775e-05	3.3451e-09	5.4743e-03	9.8788e-01	6.6441e-03	1.1755e-36	8.9705e-01	1.0294e-01	3.8067e-06	1.1755e-36	1.1755e-36	1.1755e-36	2.2455e-15	0.00e+00	0.00e+00	1.8803e+01
9.32546e+14	4.2243e+03	2.870e-17	1.2916e+04	1.7735e+03	2.0187e-07	8.7454e-01	1.2545e-01	8.6717e-01	1.3281e-01	1.3736e-05	3.5725e-09	5.3867e-03	9.8808e-01	6.5366e-03	1.1755e-36	8.9929e-01	1.0071e-01	3.6789e-06	1.1755e-36	1.1755e-36	1.1755e-36	2.5752e-15	0.00e+00	0.00e+00	1.8955e+01
9.34660e+14	4.1799e+03	2.795e-17	1.2916e+04	1.7390e+03	2.2455e-07	8.7710e-01	1.2290e-01	8.6840e-01	1.3159e-01	1.3694e-05	3.8198e-09	5.3027e-03	9.8827e-01	6.4322e-03	1.1755e-36	9.0145e-01	9.8547e-02	3.5575e-06	1.1755e-36	1.1755e-36	1.1755e-36	2.9613e-15	0.00e+00	0.00e+00	1.9105e+01
9.36752e+14	4.1354e+03	2.722e-17	1.2916e+04	1.7055e+03	2.5011e-07	8.7960e-01	1.2040e-01	8.6961e-01	1.3038e-01	1.3651e-05	4.0924e-09	5.2213e-03	9.8845e-01	6.3301e-03	1.1755e-36	9.0355e-01	9.6443e-02	3.4412e-06	1.1755e-36	1.1755e-36	1.1755e-36	3.4205e-15	0.00e+00	0.00e+00	1.9254e+01
9.38811e+14	4.0913e+03	2.652e-17	1.2916e+04	1.6729e+03	2.7870e-07	8.8202e-01	1.1798e-01	8.7078e-01	1.2920e-01	1.3608e-05	4.3904e-09	5.1425e-03	9.8863e-01	6.2312e-03	1.1755e-36	9.0559e-01	9.4406e-02	3.3305e-06	1.1755e-36	1.1755e-36	1.1755e-36	3.9636e-15	0.00e+00	0.00e+00	1.9401e+01
9.40821e+14	4.0481e+03	2.585e-17	1.2916e+04	1.6414e+03	3.1024e-07	8.8436e-01	1.1564e-01	8.7191e-01	1.2808e-01	1.3570e-05	4.7130e-09	5.0663e-03	9.8880e-01	6.1367e-03	1.1755e-36	9.0755e-01	9.2447e-02	3.2257e-06	1.1755e-36	1.1755e-36	1.1755e-36	4.5997e-15	0.00e+00	0.00e+00	1.9544e+01
9.42790e+14	4.0055e+03	2.521e-17	1.2916e+04	1.6108e+03	3.4532e-07	8.8663e-01	1.1337e-01	8.7299e-01	1.2700e-01	1.3534e-05	5.0656e-09	4.9924e-03	9.8896e-01	6.0457e-03	1.1755e-36	9.0946e-01	9.0540e-02	3.1253e-06	1.1755e-36	1.1755e-36	1.1755e-36	5.3524e-15	0.00e+00	0.00e+00	1.9685e+01
9.44727e+14	3.9630e+03	2.459e-17	1.2916e+04	1.5805e+03	3.8488e-07	8.8889e-01	1.1111e-01	8.7401e-01	1.2597e-01	1.3506e-05	5.4568e-09	4.9192e-03	9.8912e-01	5.9584e-03	1.1755e-36	9.1136e-01	8.8641e-02	3.0276e-06	1.1755e-36	1.1755e-36	1.1755e-36	6.2602e-15	0.00e+00	0.00e+00	1.9824e+01
###########################
1.85100e+11	7.2419e+03	4.457e-16	1.2916e+04	1.3186e+04	2.6495e-12	5.0167e-02	9.4983e-01	2.2482e-01	7.7509e-01	8.9446e-05	3.0747e-13	1.2384e-02	8.3167e-01	1.5595e-01	1.5868e-06	6.1099e-02	9.3337e-01	5.5284e-03	1.1755e-36	1.1755e-36	1.1755e-36	4.4006e-21	0.00e+00	0.00e+00	1.5148e-03
1.11060e+12	7.2321e+03	4.437e-16	1.2916e+04	1.3148e+04	2.6511e-12	5.0005e-02	9.4999e-01	2.2455e-01	7.7536e-01	8.9593e-05	3.0437e-13	1.2313e-02	8.3155e-01	1.5614e-01	1.5943e-06	6.0906e-02	9.3355e-01	5.5446e-03	1.1755e-36	1.1755e-36	1.1755e-36	4.3280e-21	0.00e+00	0.00e+00	7.5545e-03
4.81259e+12	7.2202e+03	4.405e-16	1.2916e+04	1.3136e+04	2.6680e-12	4.9957e-02	9.5004e-01	2.2522e-01	7.7469e-01	8.9159e-05	3.0394e-13	1.2303e-02	8.3211e-01	1.5559e-01	1.5841e-06	6.0857e-02	9.3362e-01	5.5256e-03	1.1755e-36	1.1755e-36	1.1755e-36	4.3030e-21	0.00e+00	0.00e+00	3.1690e-02
1.96206e+13	7.1718e+03	4.330e-16	1.2916e+04	1.3125e+04	2.8217e-12	5.0491e-02	9.4951e-01	2.2930e-01	7.7061e-01	8.6765e-05	3.1330e-13	1.2428e-02	8.3512e-01	1.5245e-01	1.5183e-06	6.1542e-02	9.3308e-01	5.3754e-03	1.1755e-36	1.1755e-36	1.1755e-36	4.4257e-21	0.00e+00	0.00e+00	1.2927e-01
4.68672e+13	7.0098e+03	4.098e-16	1.2916e+04	1.3130e+04	3.0473e-12	4.9596e-02	9.5040e-01	2.3362e-01	7.6630e-01	8.3763e-05	3.0415e-13	1.2391e-02	8.3876e-01	1.4884e-01	1.4757e-06	6.0545e-02	9.3412e-01	5.3353e-03	1.1755e-36	1.1755e-36	1.1755e-36	4.1088e-21	0.00e+00	0.00e+00	2.5386e-01
8.22531e+13	6.8696e+03	3.915e-16	1.2916e+04	1.3119e+04	3.4405e-12	5.0032e-02	9.4997e-01	2.4119e-01	7.5873e-01	7.9511e-05	3.1381e-13	1.2564e-02	8.4421e-01	1.4323e-01	1.3725e-06	6.1165e-02	9.3373e-01	5.1052e-03	1.1755e-36	1.1755e-36	1.1755e-36	4.1507e-21	0.00e+00	0.00e+00	4.1698e-01
1.28220e+14	6.7459e+03	3.763e-16	1.2916e+04	1.3083e+04	4.0962e-12	5.1978e-02	9.4802e-01	2.5326e-01	7.4666e-01	7.3859e-05	3.4660e-13	1.2974e-02	8.5188e-01	1.3514e-01	1.2097e-06	6.3626e-02	9.3169e-01	4.6807e-03	1.1755e-36	1.1755e-36	1.1755e-36	4.5966e-21	0.00e+00	0.00e+00	6.3728e-01
1.87977e+14	6.6431e+03	3.640e-16	1.2916e+04	1.3007e+04	5.2361e-12	5.6196e-02	9.4380e-01	2.7233e-01	7.2760e-01	6.6556e-05	4.2050e-13	1.3710e-02	8.6240e-01	1.2389e-01	9.8813e-07	6.8857e-02	9.2711e-01	4.0370e-03	1.1755e-36	1.1755e-36	1.1755e-36	5.7711e-21	0.00e+00	0.00e+00	9.4691e-01
2.54321e+14	6.5699e+03	3.562e-16	1.2916e+04	1.2936e+04	7.0357e-12	6.2860e-02	9.3714e-01	2.9732e-01	7.0262e-01	5.9082e-05	5.5398e-13	1.4724e-02	8.7415e-01	1.1112e-01	7.6098e-07	7.7043e-02	9.1964e-01	3.3197e-03	1.1755e-36	1.1755e-36	1.1755e-36	8.1382e-21	0.00e+00	0.00e+00	1.2809e+00
3.16006e+14	6.5568e+03	3.515e-16	1.2916e+04	1.2747e+04	9.3973e-12	7.1634e-02	9.2837e-01	3.2486e-01	6.7509e-01	5.2587e-05	7.5742e-13	1.5807e-02	8.8489e-01	9.9298e-02	5.7382e-07	8.7735e-02	9.0960e-01	2.6624e-03	1.1755e-36	1.1755e-36	1.1755e-36	1.2137e-20	0.00e+00	0.00e+00	1.6211e+00
3.73961e+14	6.5756e+03	3.508e-16	1.2916e+04	1.2559e+04	1.2939e-11	8.3749e-02	9.1625e-01	3.5748e-01	6.4247e-01	4.6403e-05	1.1078e-12	1.7060e-02	8.9556e-01	8.7383e-02	4.1451e-07	1.0239e-01	8.9555e-01	2.0614e-03	1.1755e-36	1.1755e-36	1.1755e-36	1.9922e-20	0.00e+00	0.00e+00	2.0151e+00
4.31101e+14	6.6204e+03	3.509e-16	1.2916e+04	1.2298e+04	1.8536e-11	1.0052e-01	8.9948e-01	3.9578e-01	6.0418e-01	4.0589e-05	1.7322e-12	1.8390e-02	9.0596e-01	7.5646e-02	2.8538e-07	1.2250e-01	8.7597e-01	1.5288e-03	1.1755e-36	1.1755e-36	1.1755e-36	3.5836e-20	0.00e+00	0.00e+00	2.4791e+00
4.84561e+14	6.6872e+03	3.506e-16	1.2916e+04	1.1960e+04	2.7309e-11	1.2285e-01	8.7715e-01	4.3798e-01	5.6199e-01	3.5422e-05	2.8456e-12	1.9635e-02	9.1549e-01	6.4876e-02	1.9043e-07	1.4900e-01	8.4991e-01	1.0974e-03	1.1755e-36	1.1755e-36	1.1755e-36	6.9050e-20	0.00e+00	0.00e+00	2.9833e+00
5.30990e+14	6.7585e+03	3.483e-16	1.2916e+04	1.1558e+04	4.0561e-11	1.5035e-01	8.4965e-01	4.7985e-01	5.2012e-01	3.1271e-05	4.7192e-12	2.0599e-02	9.2362e-01	5.5780e-02	1.2712e-07	1.8122e-01	8.1800e-01	7.8100e-04	1.1755e-36	1.1755e-36	1.1755e-36	1.3520e-19	0.00e+00	0.00e+00	3.5049e+00
5.70677e+14	6.8233e+03	3.424e-16	1.2916e+04	1.1098e+04	6.0038e-11	1.8247e-01	8.1753e-01	5.1952e-01	4.8045e-01	2.7954e-05	7.7261e-12	2.1182e-02	9.3051e-01	4.8309e-02	1.1755e-36	2.1831e-01	7.8114e-01	5.5774e-04	1.1755e-36	1.1755e-36	1.1755e-36	2.6087e-19	0.00e+00	0.00e+00	4.0531e+00
6.05837e+14	6.8709e+03	3.321e-16	1.2916e+04	1.0573e+04	8.9662e-11	2.1990e-01	7.8010e-01	5.5808e-01	4.4190e-01	2.5103e-05	1.2569e-11	2.1407e-02	9.3660e-01	4.1990e-02	1.1755e-36	2.6082e-01	7.3878e-01	3.9770e-04	1.1755e-36	1.1755e-36	1.1755e-36	4.9902e-19	0.00e+00	0.00e+00	4.6536e+00
6.36068e+14	6.9023e+03	3.179e-16	1.2916e+04	1.0007e+04	1.3214e-10	2.6076e-01	7.3924e-01	5.9227e-01	4.0770e-01	2.2951e-05	1.9790e-11	2.1244e-02	9.4184e-01	3.6916e-02	1.1755e-36	3.0636e-01	6.9335e-01	2.8773e-04	1.1755e-36	1.1755e-36	1.1755e-36	9.1783e-19	0.00e+00	0.00e+00	5.2273e+00
6.59104e+14	6.9128e+03	3.027e-16	1.2916e+04	9.4932e+03	1.8329e-10	2.9830e-01	7.0170e-01	6.1872e-01	3.8126e-01	2.1495e-05	2.8570e-11	2.0846e-02	9.4586e-01	3.3291e-02	1.1755e-36	3.4745e-01	6.5233e-01	2.2000e-04	1.1755e-36	1.1755e-36	1.1755e-36	1.5070e-18	0.00e+00	0.00e+00	5.6918e+00
6.75700e+14	6.9073e+03	2.889e-16	1.2916e+04	9.0783e+03	2.3619e-10	3.2878e-01	6.7122e-01	6.3784e-01	3.6214e-01	2.0531e-05	3.7522e-11	2.0400e-02	9.4880e-01	3.0802e-02	1.1755e-36	3.8029e-01	6.1953e-01	1.7934e-04	1.1755e-36	1.1755e-36	1.1755e-36	2.1794e-18	0.00e+00	0.00e+00	6.0699e+00
6.88920e+14	6.8919e+03	2.761e-16	1.2916e+04	8.7221e+03	2.9242e-10	3.5503e-01	6.4497e-01	6.5318e-01	3.4680e-01	1.9792e-05	4.6795e-11	1.9948e-02	9.5117e-01	2.8880e-02	1.1755e-36	4.0822e-01	5.9163e-01	1.5138e-04	1.1755e-36	1.1755e-36	1.1755e-36	2.9377e-18	0.00e+00	0.00e+00	6.4272e+00
7.01134e+14	6.8687e+03	2.629e-16	1.2916e+04	8.3731e+03	3.5936e-10	3.8081e-01	6.1919e-01	6.6730e-01	3.3268e-01	1.9146e-05	5.7523e-11	1.9452e-02	9.5339e-01	2.7160e-02	1.1755e-36	4.3532e-01	5.6455e-01	1.2874e-04	1.1755e-36	1.1755e-36	1.1755e-36	3.8837e-18	0.00e+00	0.00e+00	6.8025e+00
7.12976e+14	6.8370e+03	2.492e-16	1.2916e+04	8.0190e+03	4.4264e-10	4.0713e-01	5.9287e-01	6.8079e-01	3.1919e-01	1.8566e-05	7.0368e-11	1.8903e-02	9.5554e-01	2.5554e-02	1.1755e-36	4.6267e-01	5.3722e-01	1.0959e-04	1.1755e-36	1.1755e-36	1.1755e-36	5.1044e-18	0.00e+00	0.00e+00	7.1876e+00
7.24030e+14	6.8005e+03	2.355e-16	1.2916e+04	7.6752e+03	5.4072e-10	4.3266e-01	5.6734e-01	6.9313e-01	3.0685e-01	1.8072e-05	8.4922e-11	1.8330e-02	9.5755e-01	2.4122e-02	1.1755e-36	4.8889e-01	5.1101e-01	9.4005e-05	1.1755e-36	1.1755e-36	1.1755e-36	6.5903e-18	0.00e+00	0.00e+00	7.5584e+00
7.33974e+14	6.7605e+03	2.227e-16	1.2916e+04	7.3565e+03	6.5118e-10	4.5636e-01	5.4364e-01	7.0403e-01	2.9595e-01	1.7662e-05	1.0058e-10	1.7770e-02	9.5935e-01	2.2881e-02	1.1755e-36	5.1297e-01	4.8695e-01	8.1670e-05	1.1755e-36	1.1755e-36	1.1755e-36	8.2979e-18	0.00e+00	0.00e+00	7.9075e+00
7.42996e+14	6.7152e+03	2.108e-16	1.2916e+04	7.0621e+03	7.7695e-10	4.7854e-01	5.2146e-01	7.1384e-01	2.8615e-01	1.7305e-05	1.1742e-10	1.7234e-02	9.6099e-01	2.1779e-02	1.1755e-36	5.3528e-01	4.6465e-01	7.1683e-05	1.1755e-36	1.1755e-36	1.1755e-36	1.0250e-17	0.00e+00	0.00e+00	8.2456e+00
7.51484e+14	6.6661e+03	1.993e-16	1.2916e+04	6.7856e+03	9.2314e-10	5.0002e-01	4.9998e-01	7.2307e-01	2.7691e-01	1.6967e-05	1.3619e-10	1.6715e-02	9.6253e-01	2.0756e-02	1.1755e-36	5.5667e-01	4.4326e-01	6.3215e-05	1.1755e-36	1.1755e-36	1.1755e-36	1.2559e-17	0.00e+00	0.00e+00	8.5846e+00
7.59721e+14	6.6155e+03	1.880e-16	1.2916e+04	6.5064e+03	1.0922e-09	5.2081e-01	4.7919e-01	7.3165e-01	2.6833e-01	1.6692e-05	1.5661e-10	1.6172e-02	9.6401e-01	1.9817e-02	1.1755e-36	5.7719e-01	4.2276e-01	5.5919e-05	1.1755e-36	1.1755e-36	1.1755e-36	1.5206e-17	0.00e+00	0.00e+00	8.9312e+00
7.67603e+14	6.5629e+03	1.771e-16	1.2916e+04	6.2384e+03	1.2859e-09	5.4072e-01	4.5928e-01	7.3964e-01	2.6034e-01	1.6454e-05	1.7870e-10	1.5636e-02	9.6541e-01	1.8953e-02	1.1755e-36	5.9666e-01	4.0329e-01	4.9698e-05	1.1755e-36	1.1755e-36	1.1755e-36	1.8226e-17	0.00e+00	0.00e+00	9.2665e+00
7.73880e+14	6.5267e+03	1.687e-16	1.2916e+04	6.0248e+03	1.4498e-09	5.5567e-01	4.4433e-01	7.4535e-01	2.5463e-01	1.6336e-05	1.9670e-10	1.5193e-02	9.6646e-01	1.8342e-02	1.1755e-36	6.1115e-01	3.8881e-01	4.5434e-05	1.1755e-36	1.1755e-36	1.1755e-36	2.0799e-17	0.00e+00	0.00e+00	9.4908e+00
7.78467e+14	6.4891e+03	1.626e-16	1.2916e+04	5.8720e+03	1.6029e-09	5.6730e-01	4.3270e-01	7.4986e-01	2.5013e-01	1.6206e-05	2.1236e-10	1.4879e-02	9.6726e-01	1.7860e-02	1.1755e-36	6.2238e-01	3.7758e-01	4.2395e-05	1.1755e-36	1.1755e-36	1.1755e-36	2.3118e-17	0.00e+00	0.00e+00	9.6862e+00
7.82869e+14	6.4565e+03	1.566e-16	1.2916e+04	5.7216e+03	1.7604e-09	5.7846e-01	4.2154e-01	7.5415e-01	2.4584e-01	1.6096e-05	2.2840e-10	1.4563e-02	9.6803e-01	1.7406e-02	1.1755e-36	6.3308e-01	3.6688e-01	3.9607e-05	1.1755e-36	1.1755e-36	1.1755e-36	2.5565e-17	0.00e+00	0.00e+00	9.9022e+00
7.87725e+14	6.4091e+03	1.500e-16	1.2916e+04	5.5549e+03	1.9730e-09	5.9097e-01	4.0903e-01	7.5899e-01	2.4100e-01	1.5954e-05	2.4796e-10	1.4214e-02	9.6889e-01	1.6901e-02	1.1755e-36	6.4506e-01	3.5490e-01	3.6708e-05	1.1755e-36	1.1755e-36	1.1755e-36	2.8619e-17	0.00e+00	0.00e+00	1.0150e+01
7.92848e+14	6.3602e+03	1.433e-16	1.2916e+04	5.3832e+03	2.2219e-09	6.0399e-01	3.9601e-01	7.6388e-01	2.3610e-01	1.5824e-05	2.7004e-10	1.3848e-02	9.6976e-01	1.6388e-02	1.1755e-36	6.5741e-01	3.4255e-01	3.3901e-05	1.1755e-36	1.1755e-36	1.1755e-36	3.2212e-17	0.00e+00	0.00e+00	1.0401e+01
7.97826e+14	6.3112e+03	1.370e-16	1.2916e+04	5.2213e+03	2.4972e-09	6.1662e-01	3.8338e-01	7.6863e-01	2.3136e-01	1.5691e-05	2.9364e-10	1.3500e-02	9.7060e-01	1.5896e-02	1.1755e-36	6.6934e-01	3.3062e-01	3.1359e-05	1.1755e-36	1.1755e-36	1.1755e-36	3.6207e-17	0.00e+00	0.00e+00	1.0645e+01
8.02594e+14	6.2718e+03	1.308e-16	1.2916e+04	5.0602e+03	2.7671e-09	6.2804e-01	3.7196e-01	7.7275e-01	2.2724e-01	1.5628e-05	3.1592e-10	1.3144e-02	9.7139e-01	1.5465e-02	1.1755e-36	6.8008e-01	3.1989e-01	2.9143e-05	1.1755e-36	1.1755e-36	1.1755e-36	4.0094e-17	0.00e+00	0.00e+00	1.0885e+01
8.07407e+14	6.2160e+03	1.249e-16	1.2916e+04	4.9008e+03	3.1225e-09	6.4010e-01	3.5990e-01	7.7718e-01	2.2281e-01	1.5518e-05	3.4209e-10	1.2795e-02	9.7220e-01	1.5010e-02	1.1755e-36	6.9135e-01	3.0862e-01	2.7007e-05	1.1755e-36	1.1755e-36	1.1755e-36	4.4804e-17	0.00e+00	0.00e+00	1.1143e+01
8.12316e+14	6.1609e+03	1.190e-16	1.2916e+04	4.7454e+03	3.5273e-09	6.5228e-01	3.4772e-01	7.8167e-01	2.1831e-01	1.5399e-05	3.7133e-10	1.2451e-02	9.7300e-01	1.4553e-02	1.1755e-36	7.0268e-01	2.9730e-01	2.4976e-05	1.1755e-36	1.1755e-36	1.1755e-36	5.0303e-17	0.00e+00	0.00e+00	1.1402e+01
8.17103e+14	6.1089e+03	1.133e-16	1.2916e+04	4.5913e+03	3.9606e-09	6.6368e-01	3.3632e-01	7.8576e-01	2.1423e-01	1.5325e-05	4.0039e-10	1.2104e-02	9.7376e-01	1.4136e-02	1.1755e-36	7.1322e-01	2.8676e-01	2.3169e-05	1.1755e-36	1.1755e-36	1.1755e-36	5.5954e-17	0.00e+00	0.00e+00	1.1657e+01
8.21832e+14	6.0542e+03	1.079e-16	1.2916e+04	4.4410e+03	4.4578e-09	6.7489e-01	3.2511e-01	7.8979e-01	2.1020e-01	1.5248e-05	4.3163e-10	1.1764e-02	9.7451e-01	1.3728e-02	1.1755e-36	7.2354e-01	2.7644e-01	2.1495e-05	1.1755e-36	1.1755e-36	1.1755e-36	6.2257e-17	0.00e+00	0.00e+00	1.1919e+01
8.26621e+14	5.9988e+03	1.025e-16	1.2916e+04	4.2910e+03	5.0243e-09	6.8599e-01	3.1401e-01	7.9377e-01	2.0622e-01	1.5181e-05	4.6520e-10	1.1422e-02	9.7525e-01	1.3327e-02	1.1755e-36	7.3372e-01	2.6626e-01	1.9923e-05	1.1755e-36	1.1755e-36	1.1755e-36	6.9295e-17	0.00e+00	0.00e+00	1.2188e+01
8.31449e+14	5.9371e+03	9.733e-17	1.2916e+04	4.1453e+03	5.7103e-09	6.9727e-01	3.0273e-01	7.9787e-01	2.0212e-01	1.5089e-05	5.0325e-10	1.1089e-02	9.7599e-01	1.2922e-02	1.1755e-36	7.4400e-01	2.5598e-01	1.8436e-05	1.1755e-36	1.1755e-36	1.1755e-36	7.7634e-17	0.00e+00	0.00e+00	1.2463e+01
8.36216e+14	5.8751e+03	9.238e-17	1.2916e+04	4.0012e+03	6.4817e-09	7.0799e-01	2.9201e-01	8.0170e-01	1.9828e-01	1.5024e-05	5.4213e-10	1.0756e-02	9.7670e-01	1.2542e-02	1.1755e-36	7.5373e-01	2.4626e-01	1.7092e-05	1.1755e-36	1.1755e-36	1.1755e-36	8.6497e-17	0.00e+00	0.00e+00	1.2735e+01
8.40912e+14	5.8135e+03	8.766e-17	1.2916e+04	3.8621e+03	7.3533e-09	7.1836e-01	2.8164e-01	8.0543e-01	1.9456e-01	1.4964e-05	5.8339e-10	1.0432e-02	9.7739e-01	1.2177e-02	1.1755e-36	7.6310e-01	2.3689e-01	1.5858e-05	1.1755e-36	1.1755e-36	1.1755e-36	9.6336e-17	0.00e+00	0.00e+00	1.3010e+01
8.45634e+14	5.7505e+03	8.308e-17	1.2916e+04	3.7259e+03	8.3630e-09	7.2862e-01	2.7138e-01	8.0913e-01	1.9085e-01	1.4902e-05	6.2839e-10	1.0113e-02	9.7807e-01	1.1816e-02	1.1755e-36	7.7233e-01	2.2766e-01	1.4700e-05	1.1755e-36	1.1755e-36	1.1755e-36	1.0759e-16	0.00e+00	0.00e+00	1.3292e+01
8.50382e+14	5.6883e+03	7.865e-17	1.2916e+04	3.5893e+03	9.5041e-09	7.3850e-01	2.6150e-01	8.1265e-01	1.8734e-01	1.4869e-05	6.7494e-10	9.7898e-03	9.7874e-01	1.1474e-02	1.1755e-36	7.8116e-01	2.1883e-01	1.3634e-05	1.1755e-36	1.1755e-36	1.1755e-36	1.1980e-16	0.00e+00	0.00e+00	1.3578e+01
8.55165e+14	5.6221e+03	7.439e-17	1.2916e+04	3.4564e+03	1.0866e-08	7.4834e-01	2.5166e-01	8.1621e-01	1.8378e-01	1.4823e-05	7.2680e-10	9.4739e-03	9.7939e-01	1.1131e-02	1.1755e-36	7.8995e-01	2.1004e-01	1.2628e-05	1.1755e-36	1.1755e-36	1.1755e-36	1.3414e-16	0.00e+00	0.00e+00	1.3872e+01
8.59497e+14	5.5553e+03	7.081e-17	1.2916e+04	3.3419e+03	1.2369e-08	7.5706e-01	2.4294e-01	8.1940e-01	1.8059e-01	1.4764e-05	7.7819e-10	9.2029e-03	9.7996e-01	1.0833e-02	1.1755e-36	7.9769e-01	2.0230e-01	1.1800e-05	1.1755e-36	1.1755e-36	1.1755e-36	1.4920e-16	0.00e+00	0.00e+00	1.4109e+01
8.63000e+14	5.4989e+03	6.801e-17	1.2916e+04	3.2514e+03	1.3790e-08	7.6403e-01	2.3597e-01	8.2199e-01	1.7799e-01	1.4709e-05	8.2353e-10	8.9880e-03	9.8042e-01	1.0594e-02	1.1755e-36	8.0386e-01	1.9612e-01	1.1165e-05	1.1755e-36	1.1755e-36	1.1755e-36	1.6319e-16	0.00e+00	0.00e+00	1.4306e+01
8.66118e+14	5.4598e+03	6.551e-17	1.2916e+04	3.1702e+03	1.4990e-08	7.6986e-01	2.3014e-01	8.2409e-01	1.7589e-01	1.4702e-05	8.6252e-10	8.7907e-03	9.8082e-01	1.0393e-02	1.1755e-36	8.0900e-01	1.9099e-01	1.0629e-05	1.1755e-36	1.1755e-36	1.1755e-36	1.7570e-16	0.00e+00	0.00e+00	1.4499e+01
8.69572e+14	5.3982e+03	6.280e-17	1.2916e+04	3.0796e+03	1.6857e-08	7.7675e-01	2.2325e-01	8.2674e-01	1.7325e-01	1.4643e-05	9.1499e-10	8.5746e-03	9.8127e-01	1.0155e-02	1.1755e-36	8.1509e-01	1.8490e-01	1.0037e-05	1.1755e-36	1.1755e-36	1.1755e-36	1.9340e-16	0.00e+00	0.00e+00	1.4742e+01
8.73221e+14	5.3401e+03	6.012e-17	1.2916e+04	2.9892e+03	1.8907e-08	7.8354e-01	2.1646e-01	8.2928e-01	1.7070e-01	1.4602e-05	9.7084e-10	8.3567e-03	9.8172e-01	9.9235e-03	1.1755e-36	8.2105e-01	1.7894e-01	9.4726e-06	1.1755e-36	1.1755e-36	1.1755e-36	2.1336e-16	0.00e+00	0.00e+00	1.4963e+01
8.76550e+14	5.2815e+03	5.777e-17	1.2916e+04	2.9093e+03	2.1187e-08	7.8981e-01	2.1019e-01	8.3171e-01	1.6828e-01	1.4541e-05	1.0290e-09	8.1649e-03	9.8212e-01	9.7107e-03	1.1755e-36	8.2652e-01	1.7347e-01	8.9790e-06	1.1755e-36	1.1755e-36	1.1755e-36	2.3544e-16	0.00e+00	0.00e+00	1.5169e+01
8.79631e+14	5.2376e+03	5.564e-17	1.2916e+04	2.8346e+03	2.3208e-08	7.9510e-01	2.0490e-01	8.3365e-01	1.6634e-01	1.4539e-05	1.0792e-09	7.9813e-03	9.8249e-01	9.5309e-03	1.1755e-36	8.3114e-01	1.6885e-01	8.5570e-06	1.1755e-36	1.1755e-36	1.1755e-36	2.5548e-16	0.00e+00	0.00e+00	1.5362e+01
8.82819e+14	5.1774e+03	5.348e-17	1.2916e+04	2.7577e+03	2.6077e-08	8.0092e-01	1.9908e-01	8.3595e-01	1.6404e-01	1.4486e-05	1.1434e-09	7.7960e-03	9.8287e-01	9.3325e-03	1.1755e-36	8.3622e-01	1.6377e-01	8.1214e-06	1.1755e-36	1.1755e-36	1.1755e-36	2.8273e-16	0.00e+00	0.00e+00	1.5584e+01
8.86071e+14	5.1210e+03	5.140e-17	1.2916e+04	2.6845e+03	2.9199e-08	8.0662e-01	1.9338e-01	8.3820e-01	1.6179e-01	1.4433e-05	1.2129e-09	7.6180e-03	9.8324e-01	9.1400e-03	1.1755e-36	8.4116e-01	1.5883e-01	7.7091e-06	1.1755e-36	1.1755e-36	1.1755e-36	3.1415e-16	0.00e+00	0.00e+00	1.5788e+01
8.89069e+14	5.0727e+03	4.954e-17	1.2916e+04	2.6162e+03	3.2242e-08	8.1155e-01	1.8845e-01	8.4009e-01	1.5989e-01	1.4416e-05	1.2770e-09	7.4505e-03	9.8358e-01	8.9731e-03	1.1755e-36	8.4544e-01	1.5455e-01	7.3536e-06	1.1755e-36	1.1755e-36	1.1755e-36	3.4494e-16	0.00e+00	0.00e+00	1.5980e+01
8.92052e+14	5.0153e+03	4.773e-17	1.2916e+04	2.5502e+03	3.6151e-08	8.1671e-01	1.8329e-01	8.4220e-01	1.5779e-01	1.4356e-05	1.3552e-09	7.2904e-03	9.8391e-01	8.7993e-03	1.1755e-36	8.4990e-01	1.5009e-01	7.0040e-06	1.1755e-36	1.1755e-36	1.1755e-36	3.8507e-16	0.00e+00	0.00e+00	1.6184e+01
8.95006e+14	4.9642e+03	4.602e-17	1.2916e+04	2.4854e+03	4.0121e-08	8.2141e-01	1.7859e-01	8.4405e-01	1.5594e-01	1.4334e-05	1.4321e-09	7.1310e-03	9.8424e-01	8.6272e-03	1.1755e-36	8.5396e-01	1.4603e-01	6.6861e-06	1.1755e-36	1.1755e-36	1.1755e-36	4.2549e-16	0.00e+00	0.00e+00	1.6374e+01
8.97860e+14	4.9111e+03	4.440e-17	1.2916e+04	2.4242e+03	4.4693e-08	8.2602e-01	1.7398e-01	8.4592e-01	1.5406e-01	1.4294e-05	1.5173e-09	6.9817e-03	9.8457e-01	8.4514e-03	1.1755e-36	8.5792e-01	1.4207e-01	6.3875e-06	1.1755e-36	1.1755e-36	1.1755e-36	4.7221e-16	0.00e+00	0.00e+00	1.6567e+01
9.00697e+14	4.8570e+03	4.286e-17	1.2916e+04	2.3650e+03	4.9911e-08	8.3051e-01	1.6949e-01	8.4779e-01	1.5220e-01	1.4247e-05	1.6098e-09	6.8370e-03	9.8488e-01	8.2781e-03	1.1755e-36	8.6180e-01	1.3820e-01	6.1029e-06	1.1755e-36	1.1755e-36	1.1755e-36	5.2619e-16	0.00e+00	0.00e+00	1.6757e+01
9.03440e+14	4.8071e+03	4.142e-17	1.2916e+04	2.3083e+03	5.5380e-08	8.3466e-01	1.6534e-01	8.4948e-01	1.5050e-01	1.4220e-05	1.7024e-09	6.6972e-03	9.8518e-01	8.1182e-03	1.1755e-36	8.6536e-01	1.3463e-01	5.8439e-06	1.1755e-36	1.1755e-36	1.1755e-36	5.8384e-16	0.00e+00	0.00e+00	1.6940e+01
9.06140e+14	4.7567e+03	4.003e-17	1.2916e+04	2.2539e+03	6.1580e-08	8.3874e-01	1.6126e-01	8.5120e-01	1.4879e-01	1.4181e-05	1.8041e-09	6.5636e-03	9.8548e-01	7.9596e-03	1.1755e-36	8.6886e-01	1.3113e-01	5.5964e-06	1.1755e-36	1.1755e-36	1.1755e-36	6.5117e-16	0.00e+00	0.00e+00	1.7126e+01
9.08847e+14	4.7037e+03	3.869e-17	1.2916e+04	2.2005e+03	6.8853e-08	8.4280e-01	1.5720e-01	8.5293e-01	1.4705e-01	1.4134e-05	1.9176e-09	6.4330e-03	9.8577e-01	7.8016e-03	1.1755e-36	8.7233e-01	1.2767e-01	5.3586e-06	1.1755e-36	1.1755e-36	1.1755e-36	7.3156e-16	0.00e+00	0.00e+00	1.7311e+01
9.11473e+14	4.6516e+03	3.744e-17	1.2916e+04	2.1494e+03	7.6904e-08	8.4660e-01	1.5339e-01	8.5456e-01	1.4542e-01	1.4094e-05	2.0364e-09	6.3078e-03	9.8604e-01	7.6528e-03	1.1755e-36	8.7558e-01	1.2441e-01	5.1402e-06	1.1755e-36	1.1755e-36	1.1755e-36	8.2204e-16	0.00e+00	0.00e+00	1.7488e+01
9.13970e+14	4.6033e+03	3.628e-17	1.2916e+04	2.1014e+03	8.5357e-08	8.5011e-01	1.4989e-01	8.5606e-01	1.4392e-01	1.4064e-05	2.1566e-09	6.1896e-03	9.8630e-01	7.5152e-03	1.1755e-36	8.7857e-01	1.2142e-01	4.9418e-06	1.1755e-36	1.1755e-36	1.1755e-36	9.2001e-16	0.00e+00	0.00e+00	1.7657e+01
9.16422e+14	4.5551e+03	3.518e-17	1.2916e+04	2.0555e+03	9.4852e-08	8.5354e-01	1.4646e-01	8.5757e-01	1.4242e-01	1.4024e-05	2.2883e-09	6.0767e-03	9.8654e-01	7.3793e-03	1.1755e-36	8.8150e-01	1.1850e-01	4.7520e-06	1.1755e-36	1.1755e-36	1.1755e-36	1.0345e-15	0.00e+00	0.00e+00	1.7828e+01
9.18885e+14	4.5055e+03	3.410e-17	1.2916e+04	2.0103e+03	1.0583e-07	8.5695e-01	1.4305e-01	8.5909e-01	1.4090e-01	1.3979e-05	2.4351e-09	5.9662e-03	9.8679e-01	7.2441e-03	1.1755e-36	8.8439e-01	1.1560e-01	4.5685e-06	1.1755e-36	1.1755e-36	1.1755e-36	1.1714e-15	0.00e+00	0.00e+00	1.8000e+01
9.21302e+14	4.4560e+03	3.308e-17	1.2916e+04	1.9667e+03	1.1814e-07	8.6021e-01	1.3979e-01	8.6055e-01	1.3943e-01	1.3937e-05	2.5929e-09	5.8593e-03	9.8703e-01	7.1143e-03	1.1755e-36	8.8716e-01	1.1283e-01	4.3966e-06	1.1755e-36	1.1755e-36	1.1755e-36	1.3299e-15	0.00e+00	0.00e+00	1.8167e+01
9.23628e+14	4.4092e+03	3.212e-17	1.2916e+04	1.9252e+03	1.3132e-07	8.6325e-01	1.3675e-01	8.6192e-01	1.3807e-01	1.3902e-05	2.7564e-09	5.7574e-03	9.8725e-01	6.9927e-03	1.1755e-36	8.8974e-01	1.1025e-01	4.2383e-06	1.1755e-36	1.1755e-36	1.1755e-36	1.5066e-15	0.00e+00	0.00e+00	1.8327e+01
9.25901e+14	4.3628e+03	3.121e-17	1.2916e+04	1.8855e+03	1.4601e-07	8.6621e-01	1.3379e-01	8.6327e-01	1.3672e-01	1.3862e-05	2.9344e-09	5.6602e-03	9.8747e-01	6.8740e-03	1.1755e-36	8.9224e-01	1.0775e-01	4.0878e-06	1.1755e-36	1.1755e-36	1.1755e-36	1.7128e-15	0.00e+00	0.00e+00	1.8487e+01
9.28162e+14	4.3159e+03	3.033e-17	1.2916e+04	1.8468e+03	1.6273e-07	8.6911e-01	1.3089e-01	8.6462e-01	1.3537e-01	1.3818e-05	3.1315e-09	5.5657e-03	9.8768e-01	6.7570e-03	1.1755e-36	8.9470e-01	1.0530e-01	3.9432e-06	1.1755e-36	1.1755e-36	1.1755e-36	1.9583e-15	0.00e+00	0.00e+00	1.8647e+01
9.30387e+14	4.2693e+03	2.949e-17	1.2916e+04	1.8093e+03	1.8146e-07	8.7190e-01	1.2810e-01	8.6593e-01	1.3406e-01	1.3775e-05	3.3453e-09	5.4743e-03	9.8788e-01	6.6440e-03	1.1755e-36	8.9706e-01	1.0294e-01	3.8065e-06	1.1755e-36	1.1755e-36	1.1755e-36	2.2458e-15	0.00e+00	0.00e+00	1.8803e+01
9.32547e+14	4.2243e+03	2.870e-17	1.2916e+04	1.7735e+03	2.0188e-07	8.7455e-01	1.2545e-01	8.6717e-01	1.3281e-01	1.3736e-05	3.5727e-09	5.3867e-03	9.8808e-01	6.5366e-03	1.1755e-36	8.9929e-01	1.0070e-01	3.6788e-06	1.1755e-36	1.1755e-36	1.1755e-36	2.5754e-15	0.00e+00	0.00e+00	1.8955e+01
9.34662e+14	4.1799e+03	2.795e-17	1.2916e+04	1.7390e+03	2.2456e-07	8.7711e-01	1.2289e-01	8.6840e-01	1.3159e-01	1.3695e-05	3.8199e-09	5.3027e-03	9.8827e-01	6.4322e-03	1.1755e-36	9.0145e-01	9.8545e-02	3.5574e-06	1.1755e-36	1.1755e-36	1.1755e-36	2.9615e-15	0.00e+00	0.00e+00	1.9105e+01
9.36753e+14	4.1354e+03	2.722e-17	1.2916e+04	1.7054e+03	2.5013e-07	8.7961e-01	1.2039e-01	8.6960e-01	1.3038e-01	1.3651e-05	4.0925e-09	5.2213e-03	9.8845e-01	6.3301e-03	1.1755e-36	9.0356e-01	9.6440e-02	3.4411e-06	1.1755e-36	1.1755e-36	1.1755e-36	3.4209e-15	0.00e+00	0.00e+00	1.9254e+01
9.38812e+14	4.0913e+03	2.652e-17	1.2916e+04	1.6729e+03	2.7874e-07	8.8203e-01	1.1797e-01	8.7078e-01	1.2921e-01	1.3609e-05	4.3908e-09	5.1424e-03	9.8863e-01	6.2314e-03	1.1755e-36	9.0560e-01	9.4401e-02	3.3303e-06	1.1755e-36	1.1755e-36	1.1755e-36	3.9645e-15	0.00e+00	0.00e+00	1.9401e+01
9.40822e+14	4.0481e+03	2.585e-17	1.2916e+04	1.6413e+03	3.1029e-07	8.8437e-01	1.1563e-01	8.7190e-01	1.2809e-01	1.3571e-05	4.7135e-09	5.0660e-03	9.8880e-01	6.1370e-03	1.1755e-36	9.0756e-01	9.2440e-02	3.2254e-06	1.1755e-36	1.1755e-36	1.1755e-36	4.6010e-15	0.00e+00	0.00e+00	1.9544e+01
9.42790e+14	4.0055e+03	2.521e-17	1.2916e+04	1.6107e+03	3.4539e-07	8.8664e-01	1.1336e-01	8.7298e-01	1.2701e-01	1.3536e-05	5.0664e-09	4.9919e-03	9.8896e-01	6.0462e-03	1.1755e-36	9.0947e-01	9.0528e-02	3.1249e-06	1.1755e-36	1.1755e-36	1.1755e-36	5.3549e-15	0.00e+00	0.00e+00	1.9685e+01
9.44725e+14	3.9629e+03	2.459e-17	1.2916e+04	1.5800e+03	3.8510e-07	8.8893e-01	1.1107e-01	8.7398e-01	1.2600e-01	1.3513e-05	5.4596e-09	4.9181e-03	9.8912e-01	5.9596e-03	1.1755e-36	9.1139e-01	8.8607e-02	3.0264e-06	1.1755e-36	1.1755e-36	1.1755e-36	6.2690e-15	0.00e+00	0.00e+00	1.9824e+01
