#depth	Te	Htot	hden	eden	2H_2/H	HI	HII	HeI	HeII	HeIII	CO/C	C1	C2	C3	C4	O1	O2	O3	O4	O5	O6	H2O/O	AV(point)	AV(extend)	Tau912
3.19426e+12	7.4229e+03	8.111e-18	1.6681e+03	1.7860e+03	1.3750e-13	1.1595e-02	9.8841e-01	6.0492e-02	9.3902e-01	4.8737e-04	5.9937e-15	1.8753e-03	5.4165e-01	4.5642e-01	5.8316e-05	1.2678e-02	9.0678e-01	8.0541e-02	5.2961e-06	1.1755e-36	1.1755e-36	4.2934e-23	0.00e+00	0.00e+00	7.8026e-04
1.91656e+13	7.4171e+03	8.097e-18	1.6681e+03	1.7848e+03	1.3773e-13	1.1581e-02	9.8842e-01	6.0488e-02	9.3903e-01	4.8699e-04	5.9752e-15	1.8695e-03	5.4166e-01	4.5642e-01	5.8458e-05	1.2664e-02	9.0674e-01	8.0592e-02	5.2853e-06	1.1755e-36	1.1755e-36	4.2706e-23	0.00e+00	0.00e+00	3.8977e-03
8.30508e+13	7.4077e+03	8.065e-18	1.6681e+03	1.7844e+03	1.3840e-13	1.1574e-02	9.8843e-01	6.0620e-02	9.3890e-01	4.8330e-04	5.9739e-15	1.8662e-03	5.4229e-01	4.5579e-01	5.8211e-05	1.2661e-02	9.0693e-01	8.0403e-02	5.1987e-06	1.1755e-36	1.1755e-36	4.2570e-23	0.00e+00	0.00e+00	1.6359e-02
3.38592e+14	7.3771e+03	7.982e-18	1.6681e+03	1.7842e+03	1.4236e-13	1.1620e-02	9.8838e-01	6.1344e-02	9.3819e-01	4.6488e-04	6.0661e-15	1.8764e-03	5.4550e-01	4.5256e-01	5.6867e-05	1.2739e-02	9.0800e-01	7.9260e-02	4.8202e-06	1.1755e-36	1.1755e-36	4.2989e-23	0.00e+00	0.00e+00	6.6404e-02
8.08787e+14	7.2707e+03	7.705e-18	1.6681e+03	1.7844e+03	1.4663e-13	1.1394e-02	9.8861e-01	6.1854e-02	9.3770e-01	4.4882e-04	5.8484e-15	1.8615e-03	5.4828e-01	4.4980e-01	5.5911e-05	1.2519e-02	9.0861e-01	7.8865e-02	4.4643e-06	1.1755e-36	1.1755e-36	3.9970e-23	0.00e+00	0.00e+00	1.3020e-01
1.42004e+15	7.1694e+03	7.463e-18	1.6681e+03	1.7845e+03	1.5444e-13	1.1309e-02	9.8869e-01	6.2935e-02	9.3665e-01	4.1733e-04	5.8059e-15	1.8706e-03	5.5335e-01	4.4472e-01	5.3847e-05	1.2471e-02	9.1015e-01	7.7372e-02	3.9276e-06	1.1755e-36	1.1755e-36	3.8561e-23	0.00e+00	0.00e+00	2.1252e-01
2.21467e+15	7.0684e+03	7.241e-18	1.6681e+03	1.7842e+03	1.6699e-13	1.1362e-02	9.8864e-01	6.4763e-02	9.3486e-01	3.7161e-04	5.9407e-15	1.9033e-03	5.6126e-01	4.3678e-01	5.0656e-05	1.2596e-02	9.1272e-01	7.4677e-02	3.2465e-06	1.1755e-36	1.1755e-36	3.8589e-23	0.00e+00	0.00e+00	3.2003e-01
3.24769e+15	6.9670e+03	7.039e-18	1.6681e+03	1.7834e+03	1.8690e-13	1.1601e-02	9.8840e-01	6.7678e-02	9.3201e-01	3.1293e-04	6.3235e-15	1.9667e-03	5.7305e-01	4.2493e-01	4.6226e-05	1.2953e-02	9.1655e-01	7.0499e-02	2.4712e-06	1.1755e-36	1.1755e-36	4.0497e-23	0.00e+00	0.00e+00	4.6273e-01
4.59061e+15	6.8686e+03	6.869e-18	1.6681e+03	1.7821e+03	2.1926e-13	1.2124e-02	9.8788e-01	7.2371e-02	9.2738e-01	2.4511e-04	7.1320e-15	2.0775e-03	5.9050e-01	4.0738e-01	4.0444e-05	1.3667e-02	9.2189e-01	6.4440e-02	1.6800e-06	1.1755e-36	1.1755e-36	4.5631e-23	0.00e+00	0.00e+00	6.5660e-01
6.33641e+15	6.7773e+03	6.747e-18	1.6681e+03	1.7795e+03	2.7553e-13	1.3129e-02	9.8687e-01	8.0121e-02	9.1970e-01	1.7481e-04	8.7719e-15	2.2622e-03	6.1622e-01	3.8148e-01	3.3286e-05	1.4985e-02	9.2891e-01	5.6106e-02	9.7537e-07	1.1755e-36	1.1755e-36	5.7286e-23	0.00e+00	0.00e+00	9.2954e-01
8.40258e+15	6.6999e+03	6.697e-18	1.6681e+03	1.7764e+03	3.7192e-13	1.4792e-02	9.8521e-01	9.2120e-02	9.0776e-01	1.1542e-04	1.1851e-14	2.5355e-03	6.5024e-01	3.4719e-01	2.5664e-05	1.7122e-02	9.3668e-01	4.6193e-02	4.8781e-07	1.1755e-36	1.1755e-36	8.1281e-23	0.00e+00	0.00e+00	1.2659e+00
1.03289e+16	6.6685e+03	6.722e-18	1.6681e+03	1.7692e+03	5.0268e-13	1.6964e-02	9.8304e-01	1.0703e-01	8.9289e-01	7.7643e-05	1.6557e-14	2.8463e-03	6.8530e-01	3.1183e-01	1.9426e-05	1.9878e-02	9.4292e-01	3.7200e-02	2.4264e-07	1.1755e-36	1.1755e-36	1.2186e-22	0.00e+00	0.00e+00	1.5686e+00
1.18504e+16	6.6699e+03	6.819e-18	1.6681e+03	1.7625e+03	6.6562e-13	1.9482e-02	9.8052e-01	1.2368e-01	8.7627e-01	5.6322e-05	2.3153e-14	3.1599e-03	7.1716e-01	2.7967e-01	1.4826e-05	2.3042e-02	9.4689e-01	3.0067e-02	1.3047e-07	1.1755e-36	1.1755e-36	1.8524e-22	0.00e+00	0.00e+00	1.8455e+00
1.31291e+16	6.6864e+03	6.940e-18	1.6681e+03	1.7547e+03	8.7376e-13	2.2384e-02	9.7762e-01	1.4253e-01	8.5743e-01	4.2669e-05	3.2386e-14	3.4731e-03	7.4661e-01	2.4990e-01	1.1290e-05	2.6673e-02	9.4908e-01	2.4246e-02	1.1755e-36	1.1755e-36	1.1755e-36	2.8348e-22	0.00e+00	0.00e+00	2.1303e+00
1.43033e+16	6.7101e+03	7.087e-18	1.6681e+03	1.7465e+03	1.1650e-12	2.5966e-02	9.7403e-01	1.6550e-01	8.3447e-01	3.2856e-05	4.6359e-14	3.8036e-03	7.7562e-01	2.2057e-01	8.3885e-06	3.1138e-02	9.4966e-01	1.9198e-02	1.1755e-36	1.1755e-36	1.1755e-36	4.4882e-22	0.00e+00	0.00e+00	2.4422e+00
1.53876e+16	6.7462e+03	7.237e-18	1.6681e+03	1.7340e+03	1.5657e-12	3.0356e-02	9.6964e-01	1.9317e-01	8.0681e-01	2.5521e-05	6.7464e-14	4.1362e-03	8.0345e-01	1.9241e-01	6.0842e-06	3.6592e-02	9.4848e-01	1.4923e-02	1.1755e-36	1.1755e-36	1.1755e-36	7.2765e-22	0.00e+00	0.00e+00	2.7711e+00
1.63513e+16	6.7866e+03	7.400e-18	1.6681e+03	1.7224e+03	2.1218e-12	3.5670e-02	9.6433e-01	2.2583e-01	7.7415e-01	2.0245e-05	9.9582e-14	4.4639e-03	8.2930e-01	1.6623e-01	4.3273e-06	4.3167e-02	9.4538e-01	1.1451e-02	1.1755e-36	1.1755e-36	1.1755e-36	1.2051e-21	0.00e+00	0.00e+00	3.1089e+00
1.71836e+16	6.8299e+03	7.547e-18	1.6681e+03	1.7075e+03	2.8576e-12	4.1792e-02	9.5821e-01	2.6224e-01	7.3774e-01	1.6351e-05	1.4606e-13	4.7577e-03	8.5196e-01	1.4328e-01	3.0658e-06	5.0716e-02	9.4051e-01	8.7697e-03	1.1755e-36	1.1755e-36	1.1755e-36	1.9787e-21	0.00e+00	0.00e+00	3.4459e+00
1.79019e+16	6.8722e+03	7.682e-18	1.6681e+03	1.6934e+03	3.8375e-12	4.8835e-02	9.5116e-01	3.0226e-01	6.9773e-01	1.3404e-05	2.1381e-13	5.0249e-03	8.7171e-01	1.2326e-01	2.1644e-06	5.9366e-02	9.3392e-01	6.7104e-03	1.1755e-36	1.1755e-36	1.1755e-36	3.2413e-21	0.00e+00	0.00e+00	3.7910e+00
1.85360e+16	6.9081e+03	7.792e-18	1.6681e+03	1.6754e+03	5.1649e-12	5.6953e-02	9.4305e-01	3.4575e-01	6.5424e-01	1.1059e-05	3.1205e-13	5.2512e-03	8.8886e-01	1.0589e-01	1.5222e-06	6.9295e-02	9.2558e-01	5.1220e-03	1.1755e-36	1.1755e-36	1.1755e-36	5.2705e-21	0.00e+00	0.00e+00	4.1494e+00
1.91058e+16	6.9499e+03	7.836e-18	1.6681e+03	1.6478e+03	6.8704e-12	6.6104e-02	9.3390e-01	3.9168e-01	6.0831e-01	9.1451e-06	4.4992e-13	5.4143e-03	9.0345e-01	9.1131e-02	1.0724e-06	8.0439e-02	9.1566e-01	3.9037e-03	1.1755e-36	1.1755e-36	1.1755e-36	8.3905e-21	0.00e+00	0.00e+00	4.5268e+00
1.96333e+16	6.9826e+03	7.873e-18	1.6681e+03	1.6218e+03	9.3467e-12	7.7235e-02	9.2276e-01	4.4224e-01	5.5775e-01	7.5245e-06	6.6437e-13	5.5638e-03	9.1667e-01	7.7765e-02	7.3981e-07	9.3922e-02	9.0315e-01	2.9311e-03	1.1755e-36	1.1755e-36	1.1755e-36	1.3758e-20	0.00e+00	0.00e+00	4.9442e+00
2.01212e+16	7.0085e+03	7.885e-18	1.6681e+03	1.5942e+03	1.2958e-11	9.0753e-02	9.0925e-01	4.9601e-01	5.0398e-01	6.1669e-06	1.0004e-12	5.6844e-03	9.2833e-01	6.5986e-02	5.0215e-07	1.1020e-01	8.8763e-01	2.1708e-03	1.1755e-36	1.1755e-36	1.1755e-36	2.3103e-20	0.00e+00	0.00e+00	5.3866e+00
2.05558e+16	7.0308e+03	7.840e-18	1.6681e+03	1.5614e+03	1.7937e-11	1.0629e-01	8.9371e-01	5.4888e-01	4.5112e-01	5.0686e-06	1.4974e-12	5.7534e-03	9.3801e-01	5.6234e-02	3.4269e-07	1.2876e-01	8.6963e-01	1.6083e-03	1.1755e-36	1.1755e-36	1.1755e-36	3.8443e-20	0.00e+00	0.00e+00	5.8414e+00
2.09442e+16	7.0470e+03	7.730e-18	1.6681e+03	1.5223e+03	2.4763e-11	1.2386e-01	8.7614e-01	5.9920e-01	4.0080e-01	4.1775e-06	2.2168e-12	5.7678e-03	9.4601e-01	4.8227e-02	2.3614e-07	1.4960e-01	8.4920e-01	1.1948e-03	1.1755e-36	1.1755e-36	1.1755e-36	6.3010e-20	0.00e+00	0.00e+00	6.3249e+00
2.13068e+16	7.0595e+03	7.557e-18	1.6681e+03	1.4783e+03	3.4517e-11	1.4457e-01	8.5543e-01	6.4800e-01	3.5199e-01	3.4233e-06	3.3044e-12	5.7411e-03	9.5290e-01	4.1356e-02	1.6187e-07	1.7392e-01	8.2520e-01	8.7913e-04	1.1755e-36	1.1755e-36	1.1755e-36	1.0439e-19	0.00e+00	0.00e+00	6.8648e+00
2.16528e+16	7.0402e+03	7.334e-18	1.6681e+03	1.4295e+03	5.0288e-11	1.7012e-01	8.2988e-01	6.9512e-01	3.0488e-01	2.7924e-06	5.0417e-12	5.6806e-03	9.5905e-01	3.5266e-02	1.1755e-36	2.0362e-01	7.9574e-01	6.3514e-04	1.1755e-36	1.1755e-36	1.1755e-36	1.7900e-19	0.00e+00	0.00e+00	7.4696e+00
2.19754e+16	7.0141e+03	7.026e-18	1.6681e+03	1.3730e+03	7.4190e-11	2.0032e-01	7.9968e-01	7.3762e-01	2.6237e-01	2.2898e-06	7.7075e-12	5.5674e-03	9.6430e-01	3.0136e-02	1.1755e-36	2.3827e-01	7.6128e-01	4.5455e-04	1.1755e-36	1.1755e-36	1.1755e-36	3.1032e-19	0.00e+00	0.00e+00	8.1187e+00
2.22690e+16	6.9690e+03	6.642e-18	1.6681e+03	1.3098e+03	1.1074e-10	2.3493e-01	7.6507e-01	7.7410e-01	2.2589e-01	1.9023e-06	1.1663e-11	5.4069e-03	9.6870e-01	2.5895e-02	1.1755e-36	2.7737e-01	7.2231e-01	3.2510e-04	1.1755e-36	1.1755e-36	1.1755e-36	5.3605e-19	0.00e+00	0.00e+00	8.8106e+00
2.25248e+16	6.9070e+03	6.212e-18	1.6681e+03	1.2434e+03	1.6410e-10	2.7219e-01	7.2781e-01	8.0338e-01	1.9662e-01	1.6183e-06	1.7118e-11	5.2113e-03	9.7224e-01	2.2544e-02	1.1755e-36	3.1877e-01	6.8100e-01	2.3643e-04	1.1755e-36	1.1755e-36	1.1755e-36	8.9900e-19	0.00e+00	0.00e+00	9.4753e+00
2.27276e+16	6.8366e+03	5.798e-18	1.6681e+03	1.1818e+03	2.3245e-10	3.0753e-01	6.9247e-01	8.2452e-01	1.7548e-01	1.4287e-06	2.3573e-11	5.0127e-03	9.7488e-01	2.0107e-02	1.1755e-36	3.5738e-01	6.4244e-01	1.8006e-04	1.1755e-36	1.1755e-36	1.1755e-36	1.3961e-18	0.00e+00	0.00e+00	1.0038e+01
2.28811e+16	6.7669e+03	5.438e-18	1.6681e+03	1.1289e+03	3.0964e-10	3.3790e-01	6.6210e-01	8.3904e-01	1.6096e-01	1.3075e-06	3.0221e-11	4.8323e-03	9.7678e-01	1.8384e-02	1.1755e-36	3.9007e-01	6.0979e-01	1.4475e-04	1.1755e-36	1.1755e-36	1.1755e-36	1.9756e-18	0.00e+00	0.00e+00	1.0512e+01
2.30047e+16	6.6945e+03	5.128e-18	1.6681e+03	1.0843e+03	3.9822e-10	3.6507e-01	6.3493e-01	8.5022e-01	1.4978e-01	1.2158e-06	3.7211e-11	4.6768e-03	9.7829e-01	1.7030e-02	1.1755e-36	4.1894e-01	5.8094e-01	1.2026e-04	1.1755e-36	1.1755e-36	1.1755e-36	2.6517e-18	0.00e+00	0.00e+00	1.0950e+01
2.31170e+16	6.6216e+03	4.820e-18	1.6681e+03	1.0394e+03	5.0488e-10	3.9121e-01	6.0879e-01	8.5977e-01	1.4023e-01	1.1419e-06	4.4892e-11	4.5138e-03	9.7962e-01	1.5871e-02	1.1755e-36	4.4638e-01	5.5352e-01	1.0105e-04	1.1755e-36	1.1755e-36	1.1755e-36	3.4642e-18	0.00e+00	0.00e+00	1.1406e+01
2.32235e+16	6.5490e+03	4.507e-18	1.6681e+03	9.9250e+02	6.3517e-10	4.1697e-01	5.8303e-01	8.6811e-01	1.3189e-01	1.0822e-06	5.3417e-11	4.3385e-03	9.8080e-01	1.4860e-02	1.1755e-36	4.7309e-01	5.2682e-01	8.5434e-05	1.1755e-36	1.1755e-36	1.1755e-36	4.4455e-18	0.00e+00	0.00e+00	1.1856e+01
2.33180e+16	6.4650e+03	4.228e-18	1.6681e+03	9.5037e+02	7.9625e-10	4.4168e-01	5.5832e-01	8.7507e-01	1.2493e-01	1.0330e-06	6.2705e-11	4.1803e-03	9.8184e-01	1.3978e-02	1.1755e-36	4.9844e-01	5.0149e-01	7.3209e-05	1.1755e-36	1.1755e-36	1.1755e-36	5.6108e-18	0.00e+00	0.00e+00	1.2259e+01
2.34005e+16	6.3850e+03	3.976e-18	1.6681e+03	9.1203e+02	9.7823e-10	4.6413e-01	5.3587e-01	8.8079e-01	1.1921e-01	9.9466e-07	7.2144e-11	4.0341e-03	9.8273e-01	1.3235e-02	1.1755e-36	5.2124e-01	4.7870e-01	6.3732e-05	1.1755e-36	1.1755e-36	1.1755e-36	6.8905e-18	0.00e+00	0.00e+00	1.2642e+01
2.34768e+16	6.3036e+03	3.740e-18	1.6681e+03	8.7543e+02	1.1942e-09	4.8561e-01	5.1439e-01	8.8581e-01	1.1419e-01	9.6232e-07	8.2161e-11	3.8929e-03	9.8354e-01	1.2569e-02	1.1755e-36	5.4283e-01	4.5711e-01	5.5887e-05	1.1755e-36	1.1755e-36	1.1755e-36	8.3491e-18	0.00e+00	0.00e+00	1.3022e+01
2.35496e+16	6.2184e+03	3.513e-18	1.6681e+03	8.3960e+02	1.4577e-09	5.0666e-01	4.9334e-01	8.9034e-01	1.0966e-01	9.3454e-07	9.3010e-11	3.7533e-03	9.8429e-01	1.1955e-02	1.1755e-36	5.6379e-01	4.3616e-01	4.9186e-05	1.1755e-36	1.1755e-36	1.1755e-36	1.0042e-17	0.00e+00	0.00e+00	1.3402e+01
2.36186e+16	6.1306e+03	3.297e-18	1.6681e+03	8.0497e+02	1.7765e-09	5.2704e-01	4.7296e-01	8.9439e-01	1.0561e-01	9.1107e-07	1.0459e-10	3.6171e-03	9.8499e-01	1.1395e-02	1.1755e-36	5.8390e-01	4.1606e-01	4.3496e-05	1.1755e-36	1.1755e-36	1.1755e-36	1.1978e-17	0.00e+00	0.00e+00	1.3773e+01
2.36733e+16	6.0576e+03	3.132e-18	1.6681e+03	7.7753e+02	2.0864e-09	5.4327e-01	4.5673e-01	8.9721e-01	1.0279e-01	8.9657e-07	1.1461e-10	3.5083e-03	9.8550e-01	1.0987e-02	1.1755e-36	5.9979e-01	4.0017e-01	3.9503e-05	1.1755e-36	1.1755e-36	1.1755e-36	1.3772e-17	0.00e+00	0.00e+00	1.4017e+01
2.37114e+16	6.0050e+03	3.015e-18	1.6681e+03	7.5809e+02	2.3406e-09	5.5470e-01	4.4530e-01	8.9921e-01	1.0079e-01	8.8632e-07	1.2218e-10	3.4308e-03	9.8587e-01	1.0701e-02	1.1755e-36	6.1093e-01	3.8904e-01	3.6876e-05	1.1755e-36	1.1755e-36	1.1755e-36	1.5188e-17	0.00e+00	0.00e+00	1.4214e+01
2.37470e+16	5.9485e+03	2.905e-18	1.6681e+03	7.3961e+02	2.6298e-09	5.6569e-01	4.3431e-01	9.0114e-01	9.8864e-02	8.7599e-07	1.2991e-10	3.3571e-03	9.8622e-01	1.0424e-02	1.1755e-36	6.2155e-01	3.7841e-01	3.4510e-05	1.1755e-36	1.1755e-36	1.1755e-36	1.6683e-17	0.00e+00	0.00e+00	1.4436e+01
2.37871e+16	5.8808e+03	2.783e-18	1.6681e+03	7.1852e+02	3.0148e-09	5.7813e-01	4.2187e-01	9.0328e-01	9.6718e-02	8.6459e-07	1.3920e-10	3.2731e-03	9.8661e-01	1.0116e-02	1.1755e-36	6.3355e-01	3.6642e-01	3.2002e-05	1.1755e-36	1.1755e-36	1.1755e-36	1.8552e-17	0.00e+00	0.00e+00	1.4697e+01
2.38301e+16	5.8129e+03	2.653e-18	1.6681e+03	6.9611e+02	3.4754e-09	5.9129e-01	4.0871e-01	9.0540e-01	9.4602e-02	8.5478e-07	1.4966e-10	3.1827e-03	9.8701e-01	9.8051e-03	1.1755e-36	6.4615e-01	3.5382e-01	2.9521e-05	1.1755e-36	1.1755e-36	1.1755e-36	2.0777e-17	0.00e+00	0.00e+00	1.4966e+01
2.38721e+16	5.7406e+03	2.529e-18	1.6681e+03	6.7415e+02	4.0249e-09	6.0425e-01	3.9575e-01	9.0738e-01	9.2618e-02	8.4597e-07	1.6070e-10	3.0939e-03	9.8740e-01	9.5085e-03	1.1755e-36	6.5849e-01	3.4148e-01	2.7271e-05	1.1755e-36	1.1755e-36	1.1755e-36	2.3247e-17	0.00e+00	0.00e+00	1.5226e+01
2.39121e+16	5.6673e+03	2.414e-18	1.6681e+03	6.5325e+02	4.6590e-09	6.1662e-01	3.8338e-01	9.0922e-01	9.0781e-02	8.3807e-07	1.7203e-10	3.0092e-03	9.8776e-01	9.2319e-03	1.1755e-36	6.7021e-01	3.2976e-01	2.5274e-05	1.1755e-36	1.1755e-36	1.1755e-36	2.5918e-17	0.00e+00	0.00e+00	1.5480e+01
2.39509e+16	5.5932e+03	2.303e-18	1.6681e+03	6.3296e+02	5.3966e-09	6.2861e-01	3.7139e-01	9.1095e-01	8.9048e-02	8.3095e-07	1.8383e-10	2.9268e-03	9.8810e-01	8.9689e-03	1.1755e-36	6.8152e-01	3.1846e-01	2.3462e-05	1.1755e-36	1.1755e-36	1.1755e-36	2.8854e-17	0.00e+00	0.00e+00	1.5735e+01
2.39895e+16	5.5165e+03	2.196e-18	1.6681e+03	6.1278e+02	6.2795e-09	6.4052e-01	3.5948e-01	9.1263e-01	8.7374e-02	8.2446e-07	1.9643e-10	2.8445e-03	9.8844e-01	8.7129e-03	1.1755e-36	6.9269e-01	3.0729e-01	2.1775e-05	1.1755e-36	1.1755e-36	1.1755e-36	3.2175e-17	0.00e+00	0.00e+00	1.5996e+01
2.40281e+16	5.4369e+03	2.090e-18	1.6681e+03	5.9265e+02	7.3484e-09	6.5239e-01	3.4761e-01	9.1424e-01	8.5756e-02	8.1864e-07	2.1001e-10	2.7622e-03	9.8877e-01	8.4632e-03	1.1755e-36	7.0377e-01	2.9621e-01	2.0199e-05	1.1755e-36	1.1755e-36	1.1755e-36	3.5986e-17	0.00e+00	0.00e+00	1.6261e+01
2.40665e+16	5.3508e+03	1.989e-18	1.6681e+03	5.7302e+02	8.6912e-09	6.6435e-01	3.3565e-01	9.1587e-01	8.4127e-02	8.1196e-07	2.2517e-10	2.6825e-03	9.8910e-01	8.2159e-03	1.1755e-36	7.1486e-01	2.8512e-01	1.8726e-05	1.1755e-36	1.1755e-36	1.1755e-36	4.0549e-17	0.00e+00	0.00e+00	1.6528e+01
2.41040e+16	5.2665e+03	1.892e-18	1.6681e+03	5.5376e+02	1.0264e-08	6.7577e-01	3.2423e-01	9.1735e-01	8.2649e-02	8.0715e-07	2.4085e-10	2.6035e-03	9.8941e-01	7.9859e-03	1.1755e-36	7.2541e-01	2.7457e-01	1.7396e-05	1.1755e-36	1.1755e-36	1.1755e-36	4.5632e-17	0.00e+00	0.00e+00	1.6790e+01
2.41344e+16	5.2001e+03	1.817e-18	1.6681e+03	5.3841e+02	1.1720e-08	6.8462e-01	3.1538e-01	9.1836e-01	8.1639e-02	8.0567e-07	2.5385e-10	2.5400e-03	9.8964e-01	7.8184e-03	1.1755e-36	7.3356e-01	2.6643e-01	1.6423e-05	1.1755e-36	1.1755e-36	1.1755e-36	5.0171e-17	0.00e+00	0.00e+00	1.6963e+01
2.41561e+16	5.1433e+03	1.765e-18	1.6681e+03	5.2746e+02	1.3076e-08	6.9122e-01	3.0878e-01	9.1918e-01	8.0824e-02	8.0286e-07	2.6463e-10	2.4955e-03	9.8981e-01	7.6909e-03	1.1755e-36	7.3962e-01	2.6037e-01	1.5740e-05	1.1755e-36	1.1755e-36	1.1755e-36	5.4159e-17	0.00e+00	0.00e+00	1.7104e+01
2.41751e+16	5.1048e+03	1.718e-18	1.6681e+03	5.1802e+02	1.4182e-08	6.9670e-01	3.0330e-01	9.1984e-01	8.0164e-02	8.0190e-07	2.7383e-10	2.4561e-03	9.8996e-01	7.5848e-03	1.1755e-36	7.4462e-01	2.5537e-01	1.5162e-05	1.1755e-36	1.1755e-36	1.1755e-36	5.7708e-17	0.00e+00	0.00e+00	1.7241e+01
2.41964e+16	5.0474e+03	1.667e-18	1.6681e+03	5.0711e+02	1.5875e-08	7.0321e-01	2.9679e-01	9.2070e-01	7.9298e-02	7.9859e-07	2.8594e-10	2.4116e-03	9.9013e-01	7.4556e-03	1.1755e-36	7.5057e-01	2.4941e-01	1.4514e-05	1.1755e-36	1.1755e-36	1.1755e-36	6.2636e-17	0.00e+00	0.00e+00	1.7419e+01
2.42196e+16	4.9899e+03	1.613e-18	1.6681e+03	4.9559e+02	1.7832e-08	7.1000e-01	2.9000e-01	9.2152e-01	7.8483e-02	7.9671e-07	2.9936e-10	2.3641e-03	9.9031e-01	7.3250e-03	1.1755e-36	7.5674e-01	2.4325e-01	1.3863e-05	1.1755e-36	1.1755e-36	1.1755e-36	6.8399e-17	0.00e+00	0.00e+00	1.7586e+01
2.42411e+16	4.9334e+03	1.564e-18	1.6681e+03	4.8501e+02	1.9963e-08	7.1628e-01	2.8372e-01	9.2227e-01	7.7726e-02	7.9473e-07	3.1287e-10	2.3207e-03	9.9048e-01	7.1949e-03	1.1755e-36	7.6243e-01	2.3755e-01	1.3284e-05	1.1755e-36	1.1755e-36	1.1755e-36	7.4298e-17	0.00e+00	0.00e+00	1.7741e+01
2.42609e+16	4.8794e+03	1.520e-18	1.6681e+03	4.7530e+02	2.2254e-08	7.2208e-01	2.7792e-01	9.2298e-01	7.7023e-02	7.9273e-07	3.2631e-10	2.2811e-03	9.9064e-01	7.0745e-03	1.1755e-36	7.6768e-01	2.3230e-01	1.2768e-05	1.1755e-36	1.1755e-36	1.1755e-36	8.0509e-17	0.00e+00	0.00e+00	1.7886e+01
2.42797e+16	4.8238e+03	1.478e-18	1.6681e+03	4.6605e+02	2.4869e-08	7.2766e-01	2.7234e-01	9.2367e-01	7.6334e-02	7.9037e-07	3.4036e-10	2.2435e-03	9.9080e-01	6.9581e-03	1.1755e-36	7.7273e-01	2.2726e-01	1.2289e-05	1.1755e-36	1.1755e-36	1.1755e-36	8.7387e-17	0.00e+00	0.00e+00	1.8029e+01
2.42979e+16	4.7721e+03	1.439e-18	1.6681e+03	4.5742e+02	2.7647e-08	7.3299e-01	2.6701e-01	9.2432e-01	7.5677e-02	7.8805e-07	3.5477e-10	2.2086e-03	9.9094e-01	6.8474e-03	1.1755e-36	7.7753e-01	2.2246e-01	1.1843e-05	1.1755e-36	1.1755e-36	1.1755e-36	9.4849e-17	0.00e+00	0.00e+00	1.8166e+01
2.43156e+16	4.7224e+03	1.402e-18	1.6681e+03	4.4886e+02	3.0640e-08	7.3800e-01	2.6200e-01	9.2492e-01	7.5080e-02	7.8670e-07	3.6907e-10	2.1735e-03	9.9108e-01	6.7436e-03	1.1755e-36	7.8205e-01	2.1794e-01	1.1428e-05	1.1755e-36	1.1755e-36	1.1755e-36	1.0270e-16	0.00e+00	0.00e+00	1.8303e+01
2.43334e+16	4.6719e+03	1.365e-18	1.6681e+03	4.4037e+02	3.4065e-08	7.4308e-01	2.5692e-01	9.2553e-01	7.4469e-02	7.8511e-07	3.8468e-10	2.1389e-03	9.9122e-01	6.6387e-03	1.1755e-36	7.8660e-01	2.1339e-01	1.1020e-05	1.1755e-36	1.1755e-36	1.1755e-36	1.1177e-16	0.00e+00	0.00e+00	1.8444e+01
2.43514e+16	4.6184e+03	1.328e-18	1.6681e+03	4.3190e+02	3.8124e-08	7.4822e-01	2.5178e-01	9.2615e-01	7.3845e-02	7.8316e-07	4.0197e-10	2.1045e-03	9.9136e-01	6.5327e-03	1.1755e-36	7.9119e-01	2.0880e-01	1.0623e-05	1.1755e-36	1.1755e-36	1.1755e-36	1.2247e-16	0.00e+00	0.00e+00	1.8585e+01
2.43687e+16	4.5653e+03	1.293e-18	1.6681e+03	4.2368e+02	4.2643e-08	7.5309e-01	2.4691e-01	9.2673e-01	7.3268e-02	7.8168e-07	4.1971e-10	2.0711e-03	9.9150e-01	6.4329e-03	1.1755e-36	7.9555e-01	2.0444e-01	1.0255e-05	1.1755e-36	1.1755e-36	1.1755e-36	1.3421e-16	0.00e+00	0.00e+00	1.8719e+01
2.43851e+16	4.5171e+03	1.261e-18	1.6681e+03	4.1593e+02	4.7303e-08	7.5753e-01	2.4247e-01	9.2724e-01	7.2760e-02	7.8100e-07	4.3694e-10	2.0395e-03	9.9162e-01	6.3424e-03	1.1755e-36	7.9952e-01	2.0047e-01	9.9224e-06	1.1755e-36	1.1755e-36	1.1755e-36	1.4637e-16	0.00e+00	0.00e+00	1.8845e+01
2.44011e+16	4.4688e+03	1.230e-18	1.6681e+03	4.0852e+02	5.2533e-08	7.6195e-01	2.3805e-01	9.2776e-01	7.2237e-02	7.7977e-07	4.5565e-10	2.0094e-03	9.9174e-01	6.2520e-03	1.1755e-36	8.0344e-01	1.9655e-01	9.6027e-06	1.1755e-36	1.1755e-36	1.1755e-36	1.6036e-16	0.00e+00	0.00e+00	1.8975e+01
2.44173e+16	4.4183e+03	1.199e-18	1.6681e+03	4.0113e+02	5.8678e-08	7.6642e-01	2.3358e-01	9.2830e-01	7.1695e-02	7.7811e-07	4.7645e-10	1.9797e-03	9.9186e-01	6.1601e-03	1.1755e-36	8.0741e-01	1.9258e-01	9.2875e-06	1.1755e-36	1.1755e-36	1.1755e-36	1.7695e-16	0.00e+00	0.00e+00	1.9106e+01
2.44331e+16	4.3678e+03	1.170e-18	1.6681e+03	3.9390e+02	6.5575e-08	7.7073e-01	2.2927e-01	9.2882e-01	7.1184e-02	7.7677e-07	4.9832e-10	1.9506e-03	9.9198e-01	6.0722e-03	1.1755e-36	8.1123e-01	1.8876e-01	8.9913e-06	1.1755e-36	1.1755e-36	1.1755e-36	1.9567e-16	0.00e+00	0.00e+00	1.9231e+01
2.44482e+16	4.3208e+03	1.142e-18	1.6681e+03	3.8700e+02	7.2822e-08	7.7471e-01	2.2529e-01	9.2927e-01	7.0726e-02	7.7608e-07	5.2016e-10	1.9227e-03	9.9209e-01	5.9912e-03	1.1755e-36	8.1477e-01	1.8523e-01	8.7200e-06	1.1755e-36	1.1755e-36	1.1755e-36	2.1565e-16	0.00e+00	0.00e+00	1.9351e+01
2.44630e+16	4.2740e+03	1.115e-18	1.6681e+03	3.8039e+02	8.0928e-08	7.7864e-01	2.2135e-01	9.2974e-01	7.0259e-02	7.7495e-07	5.4376e-10	1.8962e-03	9.9219e-01	5.9109e-03	1.1755e-36	8.1824e-01	1.8175e-01	8.4586e-06	1.1755e-36	1.1755e-36	1.1755e-36	2.3863e-16	0.00e+00	0.00e+00	1.9472e+01
2.44777e+16	4.2258e+03	1.089e-18	1.6681e+03	3.7385e+02	9.0281e-08	7.8258e-01	2.1742e-01	9.3022e-01	6.9782e-02	7.7354e-07	5.6979e-10	1.8701e-03	9.9230e-01	5.8302e-03	1.1755e-36	8.2172e-01	1.7828e-01	8.2034e-06	1.1755e-36	1.1755e-36	1.1755e-36	2.6572e-16	0.00e+00	0.00e+00	1.9594e+01
2.44922e+16	4.1780e+03	1.064e-18	1.6681e+03	3.6744e+02	1.0069e-07	7.8638e-01	2.1362e-01	9.3067e-01	6.9329e-02	7.7239e-07	5.9734e-10	1.8446e-03	9.9240e-01	5.7528e-03	1.1755e-36	8.2507e-01	1.7492e-01	7.9617e-06	1.1755e-36	1.1755e-36	1.1755e-36	2.9648e-16	0.00e+00	0.00e+00	1.9712e+01
2.45063e+16	4.1323e+03	1.041e-18	1.6681e+03	3.6127e+02	1.1190e-07	7.8999e-01	2.1001e-01	9.3109e-01	6.8906e-02	7.7155e-07	6.2583e-10	1.8200e-03	9.9250e-01	5.6795e-03	1.1755e-36	8.2824e-01	1.7175e-01	7.7356e-06	1.1755e-36	1.1755e-36	1.1755e-36	3.3055e-16	0.00e+00	0.00e+00	1.9827e+01
2.45200e+16	4.0866e+03	1.017e-18	1.6681e+03	3.5530e+02	1.2443e-07	7.9354e-01	2.0646e-01	9.3152e-01	6.8479e-02	7.7043e-07	6.5666e-10	1.7964e-03	9.9260e-01	5.6070e-03	1.1755e-36	8.3136e-01	1.6863e-01	7.5173e-06	1.1755e-36	1.1755e-36	1.1755e-36	3.6990e-16	0.00e+00	0.00e+00	1.9942e+01
2.45337e+16	4.0402e+03	9.950e-19	1.6681e+03	3.4941e+02	1.3867e-07	7.9707e-01	2.0293e-01	9.3195e-01	6.8050e-02	7.6915e-07	6.9037e-10	1.7733e-03	9.9269e-01	5.5351e-03	1.1755e-36	8.3446e-01	1.6553e-01	7.3054e-06	1.1755e-36	1.1755e-36	1.1755e-36	4.1601e-16	0.00e+00	0.00e+00	2.0056e+01
2.45472e+16	3.9944e+03	9.733e-19	1.6681e+03	3.4365e+02	1.5437e-07	8.0048e-01	1.9952e-01	9.3236e-01	6.7640e-02	7.6808e-07	7.2614e-10	1.7508e-03	9.9278e-01	5.4657e-03	1.1755e-36	8.3745e-01	1.6255e-01	7.1036e-06	1.1755e-36	1.1755e-36	1.1755e-36	4.6854e-16	0.00e+00	0.00e+00	2.0169e+01
###########################
3.19426e+12	7.4233e+03	8.111e-18	1.6681e+03	1.7860e+03	1.3699e-13	1.1591e-02	9.8841e-01	6.0481e-02	9.3903e-01	4.8739e-04	5.9706e-15	1.8443e-03	5.4162e-01	4.5648e-01	5.8440e-05	1.2674e-02	9.0676e-01	8.0561e-02	5.2985e-06	1.1755e-36	1.1755e-36	4.2636e-23	0.00e+00	0.00e+00	7.8004e-04
1.91656e+13	7.4179e+03	8.098e-18	1.6681e+03	1.7848e+03	1.3711e-13	1.1577e-02	9.8842e-01	6.0476e-02	9.3904e-01	4.8703e-04	5.9484e-15	1.8388e-03	5.4162e-01	4.5649e-01	5.8529e-05	1.2659e-02	9.0672e-01	8.0619e-02	5.2884e-06	1.1755e-36	1.1755e-36	4.2360e-23	0.00e+00	0.00e+00	3.8964e-03
8.30508e+13	7.4089e+03	8.067e-18	1.6681e+03	1.7844e+03	1.3772e-13	1.1568e-02	9.8843e-01	6.0606e-02	9.3891e-01	4.8335e-04	5.9467e-15	1.8383e-03	5.4224e-01	4.5586e-01	5.8236e-05	1.2654e-02	9.0689e-01	8.0449e-02	5.2033e-06	1.1755e-36	1.1755e-36	4.2226e-23	0.00e+00	0.00e+00	1.6352e-02
3.38592e+14	7.3796e+03	7.986e-18	1.6681e+03	1.7842e+03	1.4144e-13	1.1610e-02	9.8839e-01	6.1323e-02	9.3821e-01	4.6498e-04	6.0339e-15	1.8524e-03	5.4545e-01	4.5264e-01	5.6883e-05	1.2726e-02	9.0792e-01	7.9352e-02	4.8287e-06	1.1755e-36	1.1755e-36	4.2601e-23	0.00e+00	0.00e+00	6.6355e-02
8.08787e+14	7.2735e+03	7.708e-18	1.6681e+03	1.7844e+03	1.4556e-13	1.1382e-02	9.8862e-01	6.1829e-02	9.3772e-01	4.4895e-04	5.8150e-15	1.8425e-03	5.4829e-01	4.4981e-01	5.5907e-05	1.2503e-02	9.0849e-01	7.9003e-02	4.4753e-06	1.1755e-36	1.1755e-36	3.9576e-23	0.00e+00	0.00e+00	1.3008e-01
1.42004e+15	7.1711e+03	7.465e-18	1.6681e+03	1.7845e+03	1.5348e-13	1.1300e-02	9.8870e-01	6.2915e-02	9.3667e-01	4.1741e-04	5.7768e-15	1.8551e-03	5.5344e-01	4.4465e-01	5.3816e-05	1.2458e-02	9.1003e-01	7.7510e-02	3.9369e-06	1.1755e-36	1.1755e-36	3.8207e-23	0.00e+00	0.00e+00	2.1233e-01
2.21467e+15	7.0693e+03	7.241e-18	1.6681e+03	1.7842e+03	1.6609e-13	1.1355e-02	9.8864e-01	6.4747e-02	9.3488e-01	3.7165e-04	5.9131e-15	1.8909e-03	5.6144e-01	4.3662e-01	5.0605e-05	1.2586e-02	9.1262e-01	7.4793e-02	3.2531e-06	1.1755e-36	1.1755e-36	3.8239e-23	0.00e+00	0.00e+00	3.1978e-01
3.24769e+15	6.9673e+03	7.038e-18	1.6681e+03	1.7833e+03	1.8600e-13	1.1594e-02	9.8841e-01	6.7653e-02	9.3203e-01	3.1292e-04	6.2958e-15	1.9570e-03	5.7330e-01	4.2470e-01	4.6166e-05	1.2944e-02	9.1647e-01	7.0588e-02	2.4755e-06	1.1755e-36	1.1755e-36	4.0135e-23	0.00e+00	0.00e+00	4.6239e-01
4.59061e+15	6.8684e+03	6.867e-18	1.6681e+03	1.7821e+03	2.1831e-13	1.2118e-02	9.8788e-01	7.2356e-02	9.2740e-01	2.4510e-04	7.1032e-15	2.0706e-03	5.9083e-01	4.0705e-01	4.0375e-05	1.3659e-02	9.2185e-01	6.4491e-02	1.6819e-06	1.1755e-36	1.1755e-36	4.5230e-23	0.00e+00	0.00e+00	6.5617e-01
6.33641e+15	6.7765e+03	6.745e-18	1.6681e+03	1.7795e+03	2.7456e-13	1.3123e-02	9.8688e-01	8.0113e-02	9.1971e-01	1.7480e-04	8.7412e-15	2.2583e-03	6.1665e-01	3.8106e-01	3.3214e-05	1.4978e-02	9.2890e-01	5.6118e-02	9.7593e-07	1.1755e-36	1.1755e-36	5.6815e-23	0.00e+00	0.00e+00	9.2898e-01
8.40306e+15	6.6981e+03	6.694e-18	1.6681e+03	1.7764e+03	3.7131e-13	1.4788e-02	9.8521e-01	9.2124e-02	9.0776e-01	1.1539e-04	1.1825e-14	2.5337e-03	6.5079e-01	3.4665e-01	2.5593e-05	1.7117e-02	9.3669e-01	4.6188e-02	4.8782e-07	1.1755e-36	1.1755e-36	8.0776e-23	0.00e+00	0.00e+00	1.2654e+00
1.03284e+16	6.6664e+03	6.718e-18	1.6681e+03	1.7692e+03	5.0283e-13	1.6959e-02	9.8304e-01	1.0703e-01	8.9289e-01	7.7634e-05	1.6550e-14	2.8500e-03	6.8590e-01	3.1123e-01	1.9365e-05	1.9873e-02	9.4293e-01	3.7194e-02	2.4270e-07	1.1755e-36	1.1755e-36	1.2153e-22	0.00e+00	0.00e+00	1.5675e+00
1.18470e+16	6.6674e+03	6.815e-18	1.6681e+03	1.7625e+03	6.6700e-13	1.9472e-02	9.8053e-01	1.2364e-01	8.7630e-01	5.6350e-05	2.3177e-14	3.1670e-03	7.1774e-01	2.7907e-01	1.4781e-05	2.3031e-02	9.4690e-01	3.0073e-02	1.3064e-07	1.1755e-36	1.1755e-36	1.8533e-22	0.00e+00	0.00e+00	1.8436e+00
1.31233e+16	6.6831e+03	6.936e-18	1.6681e+03	1.7548e+03	8.7750e-13	2.2369e-02	9.7763e-01	1.4246e-01	8.5750e-01	4.2709e-05	3.2472e-14	3.4838e-03	7.4719e-01	2.4932e-01	1.1256e-05	2.6656e-02	9.4908e-01	2.4261e-02	1.1755e-36	1.1755e-36	1.1755e-36	2.8460e-22	0.00e+00	0.00e+00	2.1279e+00
1.42964e+16	6.7068e+03	7.081e-18	1.6681e+03	1.7466e+03	1.1718e-12	2.5945e-02	9.7405e-01	1.6538e-01	8.3459e-01	3.2895e-05	4.6556e-14	3.8185e-03	7.7618e-01	2.1999e-01	8.3624e-06	3.1113e-02	9.4967e-01	1.9216e-02	1.1755e-36	1.1755e-36	1.1755e-36	4.5215e-22	0.00e+00	0.00e+00	2.4394e+00
1.53807e+16	6.7425e+03	7.231e-18	1.6681e+03	1.7340e+03	1.5780e-12	3.0333e-02	9.6967e-01	1.9302e-01	8.0696e-01	2.5552e-05	6.7881e-14	4.1565e-03	8.0403e-01	1.9181e-01	6.0626e-06	3.6564e-02	9.4850e-01	1.4939e-02	1.1755e-36	1.1755e-36	1.1755e-36	7.3593e-22	0.00e+00	0.00e+00	2.7681e+00
1.63446e+16	6.7828e+03	7.394e-18	1.6681e+03	1.7225e+03	2.1428e-12	3.5644e-02	9.6436e-01	2.2564e-01	7.7434e-01	2.0270e-05	1.0039e-13	4.4901e-03	8.2989e-01	1.6561e-01	4.3095e-06	4.3138e-02	9.4540e-01	1.1464e-02	1.1755e-36	1.1755e-36	1.1755e-36	1.2235e-21	0.00e+00	0.00e+00	3.1057e+00
1.71768e+16	6.8259e+03	7.540e-18	1.6681e+03	1.7076e+03	2.8906e-12	4.1764e-02	9.5824e-01	2.6201e-01	7.3797e-01	1.6373e-05	1.4748e-13	4.7899e-03	8.5255e-01	1.4265e-01	3.0514e-06	5.0684e-02	9.4054e-01	8.7785e-03	1.1755e-36	1.1755e-36	1.1755e-36	2.0156e-21	0.00e+00	0.00e+00	3.4424e+00
1.78948e+16	6.8682e+03	7.676e-18	1.6681e+03	1.6935e+03	3.8857e-12	4.8803e-02	9.5120e-01	3.0196e-01	6.9803e-01	1.3424e-05	2.1609e-13	5.0605e-03	8.7229e-01	1.2265e-01	2.1530e-06	5.9329e-02	9.3395e-01	6.7197e-03	1.1755e-36	1.1755e-36	1.1755e-36	3.3084e-21	0.00e+00	0.00e+00	3.7871e+00
1.85288e+16	6.9041e+03	7.785e-18	1.6681e+03	1.6755e+03	5.2354e-12	5.6917e-02	9.4308e-01	3.4537e-01	6.5461e-01	1.1077e-05	3.1573e-13	5.2926e-03	8.8942e-01	1.0528e-01	1.5132e-06	6.9254e-02	9.2562e-01	5.1298e-03	1.1755e-36	1.1755e-36	1.1755e-36	5.3923e-21	0.00e+00	0.00e+00	4.1452e+00
1.90985e+16	6.9463e+03	7.825e-18	1.6681e+03	1.6470e+03	6.9640e-12	6.6031e-02	9.3397e-01	3.9115e-01	6.0884e-01	9.1512e-06	4.5499e-13	5.4599e-03	9.0396e-01	9.0581e-02	1.0663e-06	8.0352e-02	9.1574e-01	3.9122e-03	1.1755e-36	1.1755e-36	1.1755e-36	8.5847e-21	0.00e+00	0.00e+00	4.5222e+00
1.96272e+16	6.9784e+03	7.866e-18	1.6681e+03	1.6219e+03	9.5029e-12	7.7219e-02	9.2278e-01	4.4186e-01	5.5813e-01	7.5329e-06	6.7425e-13	5.6178e-03	9.1723e-01	7.7155e-02	7.3362e-07	9.3905e-02	9.0316e-01	2.9344e-03	1.1755e-36	1.1755e-36	1.1755e-36	1.4158e-20	0.00e+00	0.00e+00	4.9414e+00
2.01158e+16	7.0046e+03	7.878e-18	1.6681e+03	1.5943e+03	1.3194e-11	9.0774e-02	9.0923e-01	4.9566e-01	5.0433e-01	6.1755e-06	1.0170e-12	5.7418e-03	9.2888e-01	6.5380e-02	4.9707e-07	1.1022e-01	8.8761e-01	2.1722e-03	1.1755e-36	1.1755e-36	1.1755e-36	2.3850e-20	0.00e+00	0.00e+00	5.3829e+00
2.05489e+16	7.0266e+03	7.834e-18	1.6681e+03	1.5614e+03	1.8272e-11	1.0628e-01	8.9372e-01	5.4834e-01	4.5165e-01	5.0801e-06	1.5223e-12	5.8146e-03	9.3850e-01	5.5680e-02	3.3919e-07	1.2876e-01	8.6963e-01	1.6107e-03	1.1755e-36	1.1755e-36	1.1755e-36	3.9716e-20	0.00e+00	0.00e+00	5.8357e+00
2.09361e+16	7.0429e+03	7.724e-18	1.6681e+03	1.5225e+03	2.5222e-11	1.2382e-01	8.7618e-01	5.9849e-01	4.0150e-01	4.1906e-06	2.2530e-12	5.8336e-03	9.4645e-01	4.7718e-02	2.3370e-07	1.4955e-01	8.4925e-01	1.1975e-03	1.1755e-36	1.1755e-36	1.1755e-36	6.5118e-20	0.00e+00	0.00e+00	6.3181e+00
2.12984e+16	7.0554e+03	7.552e-18	1.6681e+03	1.4785e+03	3.5170e-11	1.4452e-01	8.5548e-01	6.4726e-01	3.5273e-01	3.4354e-06	3.3593e-12	5.8092e-03	9.5332e-01	4.0874e-02	1.6004e-07	1.7387e-01	8.2525e-01	8.8133e-04	1.1755e-36	1.1755e-36	1.1755e-36	1.0798e-19	0.00e+00	0.00e+00	6.8580e+00
2.16446e+16	7.0362e+03	7.329e-18	1.6681e+03	1.4297e+03	5.1294e-11	1.7010e-01	8.2990e-01	6.9443e-01	3.0557e-01	2.8027e-06	5.1311e-12	5.7507e-03	9.5944e-01	3.4807e-02	1.1755e-36	2.0361e-01	7.9576e-01	6.3657e-04	1.1755e-36	1.1755e-36	1.1755e-36	1.8551e-19	0.00e+00	0.00e+00	7.4631e+00
2.19671e+16	7.0101e+03	7.020e-18	1.6681e+03	1.3729e+03	7.5715e-11	2.0032e-01	7.9968e-01	7.3688e-01	2.6312e-01	2.3009e-06	7.8458e-12	5.6378e-03	9.6465e-01	2.9712e-02	1.1755e-36	2.3827e-01	7.6128e-01	4.5560e-04	1.1755e-36	1.1755e-36	1.1755e-36	3.2186e-19	0.00e+00	0.00e+00	8.1114e+00
2.22604e+16	6.9651e+03	6.637e-18	1.6681e+03	1.3099e+03	1.1308e-10	2.3495e-01	7.6505e-01	7.7344e-01	2.2655e-01	1.9109e-06	1.1882e-11	5.4784e-03	9.6902e-01	2.5504e-02	1.1755e-36	2.7740e-01	7.2228e-01	3.2587e-04	1.1755e-36	1.1755e-36	1.1755e-36	5.5680e-19	0.00e+00	0.00e+00	8.8027e+00
2.25162e+16	6.9036e+03	6.207e-18	1.6681e+03	1.2434e+03	1.6763e-10	2.7227e-01	7.2773e-01	8.0278e-01	1.9721e-01	1.6259e-06	1.7452e-11	5.2822e-03	9.7253e-01	2.2185e-02	1.1755e-36	3.1886e-01	6.8091e-01	2.3690e-04	1.1755e-36	1.1755e-36	1.1755e-36	9.3492e-19	0.00e+00	0.00e+00	9.4689e+00
2.27193e+16	6.8326e+03	5.792e-18	1.6681e+03	1.1816e+03	2.3782e-10	3.0773e-01	6.9227e-01	8.2401e-01	1.7599e-01	1.4353e-06	2.4060e-11	5.0826e-03	9.7514e-01	1.9775e-02	1.1755e-36	3.5760e-01	6.4222e-01	1.8032e-04	1.1755e-36	1.1755e-36	1.1755e-36	1.4543e-18	0.00e+00	0.00e+00	1.0032e+01
2.28726e+16	6.7629e+03	5.433e-18	1.6681e+03	1.1286e+03	3.1686e-10	3.3811e-01	6.6189e-01	8.3853e-01	1.6147e-01	1.3138e-06	3.0849e-11	4.9013e-03	9.7702e-01	1.8079e-02	1.1755e-36	3.9030e-01	6.0955e-01	1.4497e-04	1.1755e-36	1.1755e-36	1.1755e-36	2.0586e-18	0.00e+00	0.00e+00	1.0505e+01
2.29958e+16	6.6907e+03	5.124e-18	1.6681e+03	1.0841e+03	4.0753e-10	3.6524e-01	6.3476e-01	8.4970e-01	1.5030e-01	1.2222e-06	3.7990e-11	4.7443e-03	9.7851e-01	1.6749e-02	1.1755e-36	4.1912e-01	5.8076e-01	1.2049e-04	1.1755e-36	1.1755e-36	1.1755e-36	2.7649e-18	0.00e+00	0.00e+00	1.0942e+01
2.31076e+16	6.6181e+03	4.816e-18	1.6681e+03	1.0392e+03	5.1643e-10	3.9133e-01	6.0867e-01	8.5924e-01	1.4075e-01	1.1483e-06	4.5815e-11	4.5805e-03	9.7981e-01	1.5609e-02	1.1755e-36	4.4651e-01	5.5339e-01	1.0129e-04	1.1755e-36	1.1755e-36	1.1755e-36	3.6103e-18	0.00e+00	0.00e+00	1.1397e+01
2.32139e+16	6.5455e+03	4.504e-18	1.6681e+03	9.9240e+02	6.4923e-10	4.1708e-01	5.8292e-01	8.6760e-01	1.3240e-01	1.0884e-06	5.4473e-11	4.4044e-03	9.8098e-01	1.4614e-02	1.1755e-36	4.7321e-01	5.2671e-01	8.5656e-05	1.1755e-36	1.1755e-36	1.1755e-36	4.6261e-18	0.00e+00	0.00e+00	1.1846e+01
2.33084e+16	6.4614e+03	4.225e-18	1.6681e+03	9.5025e+02	8.1397e-10	4.4179e-01	5.5821e-01	8.7458e-01	1.2542e-01	1.0391e-06	6.3947e-11	4.2448e-03	9.8201e-01	1.3748e-02	1.1755e-36	4.9856e-01	5.0136e-01	7.3400e-05	1.1755e-36	1.1755e-36	1.1755e-36	5.8390e-18	0.00e+00	0.00e+00	1.2249e+01
2.33908e+16	6.3815e+03	3.974e-18	1.6681e+03	9.1188e+02	1.0001e-09	4.6426e-01	5.3574e-01	8.8031e-01	1.1969e-01	1.0006e-06	7.3574e-11	4.0971e-03	9.8289e-01	1.3018e-02	1.1755e-36	5.2137e-01	4.7856e-01	6.3898e-05	1.1755e-36	1.1755e-36	1.1755e-36	7.1710e-18	0.00e+00	0.00e+00	1.2631e+01
2.34670e+16	6.3001e+03	3.737e-18	1.6681e+03	8.7528e+02	1.2208e-09	4.8574e-01	5.1426e-01	8.8534e-01	1.1465e-01	9.6818e-07	8.3786e-11	3.9545e-03	9.8368e-01	1.2363e-02	1.1755e-36	5.4296e-01	4.5698e-01	5.6037e-05	1.1755e-36	1.1755e-36	1.1755e-36	8.6882e-18	0.00e+00	0.00e+00	1.3011e+01
2.35397e+16	6.2151e+03	3.510e-18	1.6681e+03	8.3947e+02	1.4900e-09	5.0678e-01	4.9322e-01	8.8988e-01	1.1012e-01	9.4035e-07	9.4840e-11	3.8135e-03	9.8443e-01	1.1761e-02	1.1755e-36	5.6391e-01	4.3604e-01	4.9324e-05	1.1755e-36	1.1755e-36	1.1755e-36	1.0449e-17	0.00e+00	0.00e+00	1.3391e+01
2.36086e+16	6.1274e+03	3.295e-18	1.6681e+03	8.0486e+02	1.8158e-09	5.2714e-01	4.7286e-01	8.9394e-01	1.0606e-01	9.1682e-07	1.0664e-10	3.6759e-03	9.8511e-01	1.1211e-02	1.1755e-36	5.8401e-01	4.1595e-01	4.3623e-05	1.1755e-36	1.1755e-36	1.1755e-36	1.2462e-17	0.00e+00	0.00e+00	1.3761e+01
2.36632e+16	6.0546e+03	3.130e-18	1.6681e+03	7.7744e+02	2.1319e-09	5.4334e-01	4.5666e-01	8.9677e-01	1.0323e-01	9.0227e-07	1.1683e-10	3.5661e-03	9.8562e-01	1.0814e-02	1.1755e-36	5.9988e-01	4.0008e-01	3.9620e-05	1.1755e-36	1.1755e-36	1.1755e-36	1.4322e-17	0.00e+00	0.00e+00	1.4004e+01
2.37013e+16	6.0000e+03	3.013e-18	1.6681e+03	7.5794e+02	2.3970e-09	5.5485e-01	4.4515e-01	8.9879e-01	1.0121e-01	8.9172e-07	1.2461e-10	3.4876e-03	9.8598e-01	1.0533e-02	1.1755e-36	6.1107e-01	3.8889e-01	3.6984e-05	1.1755e-36	1.1755e-36	1.1755e-36	1.5806e-17	0.00e+00	0.00e+00	1.4201e+01
2.37367e+16	5.9502e+03	2.903e-18	1.6681e+03	7.3954e+02	2.6731e-09	5.6562e-01	4.3438e-01	9.0065e-01	9.9346e-02	8.8254e-07	1.3229e-10	3.4126e-03	9.8632e-01	1.0267e-02	1.1755e-36	6.2149e-01	3.7848e-01	3.4627e-05	1.1755e-36	1.1755e-36	1.1755e-36	1.7329e-17	0.00e+00	0.00e+00	1.4422e+01
2.37770e+16	5.8806e+03	2.780e-18	1.6681e+03	7.1834e+02	3.0723e-09	5.7819e-01	4.2181e-01	9.0285e-01	9.7146e-02	8.7052e-07	1.4188e-10	3.3273e-03	9.8671e-01	9.9600e-03	1.1755e-36	6.3361e-01	3.6635e-01	3.2088e-05	1.1755e-36	1.1755e-36	1.1755e-36	1.9295e-17	0.00e+00	0.00e+00	1.4687e+01
2.38204e+16	5.8088e+03	2.650e-18	1.6681e+03	6.9567e+02	3.5598e-09	5.9158e-01	4.0842e-01	9.0501e-01	9.4989e-02	8.6024e-07	1.5275e-10	3.2349e-03	9.8712e-01	9.6497e-03	1.1755e-36	6.4643e-01	3.5354e-01	2.9578e-05	1.1755e-36	1.1755e-36	1.1755e-36	2.1652e-17	0.00e+00	0.00e+00	1.4957e+01
2.38623e+16	5.7363e+03	2.527e-18	1.6681e+03	6.7380e+02	4.1237e-09	6.0451e-01	3.9549e-01	9.0699e-01	9.3007e-02	8.5141e-07	1.6401e-10	3.1454e-03	9.8749e-01	9.3603e-03	1.1755e-36	6.5874e-01	3.4123e-01	2.7331e-05	1.1755e-36	1.1755e-36	1.1755e-36	2.4226e-17	0.00e+00	0.00e+00	1.5214e+01
2.39018e+16	5.6642e+03	2.412e-18	1.6681e+03	6.5313e+02	4.7642e-09	6.1673e-01	3.8327e-01	9.0881e-01	9.1187e-02	8.4361e-07	1.7545e-10	3.0606e-03	9.8785e-01	9.0923e-03	1.1755e-36	6.7033e-01	3.2965e-01	2.5352e-05	1.1755e-36	1.1755e-36	1.1755e-36	2.6979e-17	0.00e+00	0.00e+00	1.5465e+01
2.39403e+16	5.5906e+03	2.302e-18	1.6681e+03	6.3292e+02	5.5146e-09	6.2867e-01	3.7133e-01	9.1055e-01	8.9454e-02	8.3651e-07	1.8743e-10	2.9773e-03	9.8819e-01	8.8353e-03	1.1755e-36	6.8158e-01	3.1839e-01	2.3541e-05	1.1755e-36	1.1755e-36	1.1755e-36	3.0025e-17	0.00e+00	0.00e+00	1.5720e+01
2.39790e+16	5.5138e+03	2.194e-18	1.6681e+03	6.1267e+02	6.4203e-09	6.4062e-01	3.5938e-01	9.1223e-01	8.7768e-02	8.3000e-07	2.0034e-10	2.8936e-03	9.8852e-01	8.5833e-03	1.1755e-36	6.9279e-01	3.0719e-01	2.1843e-05	1.1755e-36	1.1755e-36	1.1755e-36	3.3500e-17	0.00e+00	0.00e+00	1.5982e+01
2.40177e+16	5.4339e+03	2.089e-18	1.6681e+03	5.9246e+02	7.5183e-09	6.5254e-01	3.4746e-01	9.1386e-01	8.6140e-02	8.2416e-07	2.1427e-10	2.8098e-03	9.8885e-01	8.3379e-03	1.1755e-36	7.0390e-01	2.9608e-01	2.0257e-05	1.1755e-36	1.1755e-36	1.1755e-36	3.7493e-17	0.00e+00	0.00e+00	1.6248e+01
2.40561e+16	5.3479e+03	1.987e-18	1.6681e+03	5.7283e+02	8.8938e-09	6.6449e-01	3.3551e-01	9.1549e-01	8.4507e-02	8.1748e-07	2.2977e-10	2.7288e-03	9.8918e-01	8.0956e-03	1.1755e-36	7.1500e-01	2.8498e-01	1.8780e-05	1.1755e-36	1.1755e-36	1.1755e-36	4.2258e-17	0.00e+00	0.00e+00	1.6514e+01
2.40935e+16	5.2637e+03	1.891e-18	1.6681e+03	5.5361e+02	1.0502e-08	6.7589e-01	3.2411e-01	9.1697e-01	8.3026e-02	8.1267e-07	2.4577e-10	2.6489e-03	9.8948e-01	7.8708e-03	1.1755e-36	7.2553e-01	2.7445e-01	1.7449e-05	1.1755e-36	1.1755e-36	1.1755e-36	4.7561e-17	0.00e+00	0.00e+00	1.6775e+01
2.41239e+16	5.1975e+03	1.816e-18	1.6681e+03	5.3829e+02	1.1989e-08	6.8473e-01	3.1527e-01	9.1799e-01	8.2013e-02	8.1119e-07	2.5905e-10	2.5847e-03	9.8971e-01	7.7086e-03	1.1755e-36	7.3366e-01	2.6633e-01	1.6475e-05	1.1755e-36	1.1755e-36	1.1755e-36	5.2299e-17	0.00e+00	0.00e+00	1.6948e+01
2.41455e+16	5.1408e+03	1.764e-18	1.6681e+03	5.2736e+02	1.3376e-08	6.9132e-01	3.0868e-01	9.1880e-01	8.1196e-02	8.0838e-07	2.7008e-10	2.5397e-03	9.8988e-01	7.5843e-03	1.1755e-36	7.3971e-01	2.6028e-01	1.5791e-05	1.1755e-36	1.1755e-36	1.1755e-36	5.6472e-17	0.00e+00	0.00e+00	1.7089e+01
2.41645e+16	5.1022e+03	1.718e-18	1.6681e+03	5.1791e+02	1.4511e-08	6.9680e-01	3.0320e-01	9.1947e-01	8.0533e-02	8.0739e-07	2.7947e-10	2.4995e-03	9.9002e-01	7.4804e-03	1.1755e-36	7.4471e-01	2.5528e-01	1.5211e-05	1.1755e-36	1.1755e-36	1.1755e-36	6.0171e-17	0.00e+00	0.00e+00	1.7226e+01
2.41858e+16	5.0450e+03	1.666e-18	1.6681e+03	5.0702e+02	1.6240e-08	7.0330e-01	2.9670e-01	9.2033e-01	7.9666e-02	8.0411e-07	2.9185e-10	2.4544e-03	9.9019e-01	7.3534e-03	1.1755e-36	7.5066e-01	2.4933e-01	1.4561e-05	1.1755e-36	1.1755e-36	1.1755e-36	6.5322e-17	0.00e+00	0.00e+00	1.7403e+01
2.42089e+16	4.9876e+03	1.612e-18	1.6681e+03	4.9551e+02	1.8241e-08	7.1008e-01	2.8992e-01	9.2115e-01	7.8848e-02	8.0223e-07	3.0557e-10	2.4063e-03	9.9037e-01	7.2253e-03	1.1755e-36	7.5681e-01	2.4317e-01	1.3909e-05	1.1755e-36	1.1755e-36	1.1755e-36	7.1329e-17	0.00e+00	0.00e+00	1.7570e+01
2.42303e+16	4.9312e+03	1.563e-18	1.6681e+03	4.8494e+02	2.0422e-08	7.1636e-01	2.8364e-01	9.2191e-01	7.8089e-02	8.0025e-07	3.1937e-10	2.3623e-03	9.9054e-01	7.0980e-03	1.1755e-36	7.6251e-01	2.3748e-01	1.3329e-05	1.1755e-36	1.1755e-36	1.1755e-36	7.7492e-17	0.00e+00	0.00e+00	1.7724e+01
2.42501e+16	4.8773e+03	1.519e-18	1.6681e+03	4.7523e+02	2.2765e-08	7.2216e-01	2.7784e-01	9.2262e-01	7.7383e-02	7.9825e-07	3.3311e-10	2.3220e-03	9.9070e-01	6.9803e-03	1.1755e-36	7.6775e-01	2.3223e-01	1.2811e-05	1.1755e-36	1.1755e-36	1.1755e-36	8.3982e-17	0.00e+00	0.00e+00	1.7870e+01
2.42689e+16	4.8219e+03	1.478e-18	1.6681e+03	4.6598e+02	2.5439e-08	7.2773e-01	2.7227e-01	9.2331e-01	7.6692e-02	7.9590e-07	3.4747e-10	2.2839e-03	9.9085e-01	6.8663e-03	1.1755e-36	7.7279e-01	2.2720e-01	1.2331e-05	1.1755e-36	1.1755e-36	1.1755e-36	9.1170e-17	0.00e+00	0.00e+00	1.8012e+01
2.42871e+16	4.7702e+03	1.439e-18	1.6681e+03	4.5735e+02	2.8279e-08	7.3304e-01	2.6696e-01	9.2397e-01	7.6033e-02	7.9357e-07	3.6218e-10	2.2483e-03	9.9099e-01	6.7579e-03	1.1755e-36	7.7759e-01	2.2240e-01	1.1883e-05	1.1755e-36	1.1755e-36	1.1755e-36	9.8948e-17	0.00e+00	0.00e+00	1.8149e+01
2.43047e+16	4.7206e+03	1.401e-18	1.6681e+03	4.4879e+02	3.1342e-08	7.3807e-01	2.6193e-01	9.2456e-01	7.5434e-02	7.9225e-07	3.7682e-10	2.2127e-03	9.9113e-01	6.6564e-03	1.1755e-36	7.8211e-01	2.1788e-01	1.1467e-05	1.1755e-36	1.1755e-36	1.1755e-36	1.0716e-16	0.00e+00	0.00e+00	1.8286e+01
2.43225e+16	4.6701e+03	1.364e-18	1.6681e+03	4.4031e+02	3.4848e-08	7.4315e-01	2.5685e-01	9.2518e-01	7.4821e-02	7.9066e-07	3.9281e-10	2.1774e-03	9.9127e-01	6.5535e-03	1.1755e-36	7.8666e-01	2.1333e-01	1.1058e-05	1.1755e-36	1.1755e-36	1.1755e-36	1.1666e-16	0.00e+00	0.00e+00	1.8427e+01
2.43405e+16	4.6166e+03	1.327e-18	1.6681e+03	4.3184e+02	3.9003e-08	7.4829e-01	2.5171e-01	9.2580e-01	7.4195e-02	7.8872e-07	4.1049e-10	2.1425e-03	9.9141e-01	6.4496e-03	1.1755e-36	7.9126e-01	2.0873e-01	1.0659e-05	1.1755e-36	1.1755e-36	1.1755e-36	1.2785e-16	0.00e+00	0.00e+00	1.8568e+01
2.43578e+16	4.5637e+03	1.293e-18	1.6681e+03	4.2362e+02	4.3626e-08	7.5316e-01	2.4684e-01	9.2638e-01	7.3616e-02	7.8724e-07	4.2862e-10	2.1086e-03	9.9154e-01	6.3521e-03	1.1755e-36	7.9561e-01	2.0438e-01	1.0291e-05	1.1755e-36	1.1755e-36	1.1755e-36	1.4012e-16	0.00e+00	0.00e+00	1.8701e+01
2.43742e+16	4.5156e+03	1.261e-18	1.6681e+03	4.1589e+02	4.8383e-08	7.5759e-01	2.4241e-01	9.2689e-01	7.3107e-02	7.8658e-07	4.4620e-10	2.0765e-03	9.9166e-01	6.2636e-03	1.1755e-36	7.9957e-01	2.0042e-01	9.9573e-06	1.1755e-36	1.1755e-36	1.1755e-36	1.5280e-16	0.00e+00	0.00e+00	1.8828e+01
2.43902e+16	4.4675e+03	1.229e-18	1.6681e+03	4.0847e+02	5.3727e-08	7.6199e-01	2.3801e-01	9.2742e-01	7.2582e-02	7.8534e-07	4.6529e-10	2.0459e-03	9.9178e-01	6.1750e-03	1.1755e-36	8.0349e-01	1.9650e-01	9.6358e-06	1.1755e-36	1.1755e-36	1.1755e-36	1.6740e-16	0.00e+00	0.00e+00	1.8957e+01
2.44063e+16	4.4171e+03	1.199e-18	1.6681e+03	4.0108e+02	6.0000e-08	7.6648e-01	2.3352e-01	9.2796e-01	7.2040e-02	7.8374e-07	4.8657e-10	2.0156e-03	9.9190e-01	6.0851e-03	1.1755e-36	8.0746e-01	1.9253e-01	9.3199e-06	1.1755e-36	1.1755e-36	1.1755e-36	1.8475e-16	0.00e+00	0.00e+00	1.9088e+01
2.44222e+16	4.3662e+03	1.169e-18	1.6681e+03	3.9383e+02	6.7118e-08	7.7080e-01	2.2920e-01	9.2848e-01	7.1520e-02	7.8229e-07	5.0914e-10	1.9861e-03	9.9202e-01	5.9984e-03	1.1755e-36	8.1130e-01	1.8869e-01	9.0214e-06	1.1755e-36	1.1755e-36	1.1755e-36	2.0450e-16	0.00e+00	0.00e+00	1.9214e+01
2.44373e+16	4.3194e+03	1.142e-18	1.6681e+03	3.8693e+02	7.4515e-08	7.7478e-01	2.2522e-01	9.2893e-01	7.1066e-02	7.8170e-07	5.3138e-10	1.9577e-03	9.9212e-01	5.9197e-03	1.1755e-36	8.1482e-01	1.8517e-01	8.7500e-06	1.1755e-36	1.1755e-36	1.1755e-36	2.2532e-16	0.00e+00	0.00e+00	1.9333e+01
2.44519e+16	4.2728e+03	1.115e-18	1.6681e+03	3.8034e+02	8.2768e-08	7.7869e-01	2.2131e-01	9.2940e-01	7.0599e-02	7.8060e-07	5.5540e-10	1.9308e-03	9.9223e-01	5.8414e-03	1.1755e-36	8.1828e-01	1.8171e-01	8.4887e-06	1.1755e-36	1.1755e-36	1.1755e-36	2.4923e-16	0.00e+00	0.00e+00	1.9454e+01
2.44667e+16	4.2247e+03	1.089e-18	1.6681e+03	3.7380e+02	9.2336e-08	7.8264e-01	2.1736e-01	9.2988e-01	7.0120e-02	7.7918e-07	5.8206e-10	1.9043e-03	9.9233e-01	5.7623e-03	1.1755e-36	8.2177e-01	1.7823e-01	8.2322e-06	1.1755e-36	1.1755e-36	1.1755e-36	2.7759e-16	0.00e+00	0.00e+00	1.9576e+01
2.44812e+16	4.1768e+03	1.064e-18	1.6681e+03	3.6738e+02	1.0303e-07	7.8645e-01	2.1355e-01	9.3034e-01	6.9663e-02	7.7801e-07	6.1037e-10	1.8783e-03	9.9244e-01	5.6863e-03	1.1755e-36	8.2513e-01	1.7486e-01	7.9889e-06	1.1755e-36	1.1755e-36	1.1755e-36	3.0992e-16	0.00e+00	0.00e+00	1.9694e+01
2.44952e+16	4.1311e+03	1.040e-18	1.6681e+03	3.6120e+02	1.1448e-07	7.9006e-01	2.0994e-01	9.3076e-01	6.9242e-02	7.7725e-07	6.3946e-10	1.8533e-03	9.9253e-01	5.6150e-03	1.1755e-36	8.2830e-01	1.7169e-01	7.7622e-06	1.1755e-36	1.1755e-36	1.1755e-36	3.4550e-16	0.00e+00	0.00e+00	1.9808e+01
2.45089e+16	4.0856e+03	1.017e-18	1.6681e+03	3.5522e+02	1.2729e-07	7.9361e-01	2.0639e-01	9.3118e-01	6.8817e-02	7.7621e-07	6.7098e-10	1.8292e-03	9.9263e-01	5.5444e-03	1.1755e-36	8.3143e-01	1.6856e-01	7.5430e-06	1.1755e-36	1.1755e-36	1.1755e-36	3.8665e-16	0.00e+00	0.00e+00	1.9923e+01
2.45226e+16	4.0392e+03	9.947e-19	1.6681e+03	3.4931e+02	1.4188e-07	7.9716e-01	2.0284e-01	9.3161e-01	6.8391e-02	7.7504e-07	7.0558e-10	1.8056e-03	9.9272e-01	5.4743e-03	1.1755e-36	8.3454e-01	1.6545e-01	7.3294e-06	1.1755e-36	1.1755e-36	1.1755e-36	4.3506e-16	0.00e+00	0.00e+00	2.0038e+01
2.45361e+16	3.9932e+03	9.728e-19	1.6681e+03	3.4348e+02	1.5806e-07	8.0062e-01	1.9938e-01	9.3201e-01	6.7988e-02	7.7419e-07	7.4254e-10	1.7824e-03	9.9281e-01	5.4071e-03	1.1755e-36	8.3757e-01	1.6242e-01	7.1250e-06	1.1755e-36	1.1755e-36	1.1755e-36	4.9059e-16	0.00e+00	0.00e+00	2.0150e+01
###########################
3.19426e+12	7.4233e+03	8.111e-18	1.6681e+03	1.7860e+03	1.3699e-13	1.1591e-02	9.8841e-01	6.0481e-02	9.3903e-01	4.8739e-04	5.9706e-15	1.8443e-03	5.4162e-01	4.5648e-01	5.8440e-05	1.2674e-02	9.0676e-01	8.0561e-02	5.2985e-06	1.1755e-36	1.1755e-36	4.2635e-23	0.00e+00	0.00e+00	7.8004e-04
1.91656e+13	7.4179e+03	8.098e-18	1.6681e+03	1.7848e+03	1.3711e-13	1.1577e-02	9.8842e-01	6.0476e-02	9.3904e-01	4.8703e-04	5.9484e-15	1.8388e-03	5.4162e-01	4.5649e-01	5.8529e-05	1.2659e-02	9.0672e-01	8.0619e-02	5.2884e-06	1.1755e-36	1.1755e-36	4.2359e-23	0.00e+00	0.00e+00	3.8964e-03
8.30508e+13	7.4089e+03	8.067e-18	1.6681e+03	1.7844e+03	1.3772e-13	1.1568e-02	9.8843e-01	6.0606e-02	9.3891e-01	4.8335e-04	5.9467e-15	1.8383e-03	5.4224e-01	4.5586e-01	5.8236e-05	1.2654e-02	9.0689e-01	8.0449e-02	5.2033e-06	1.1755e-36	1.1755e-36	4.2226e-23	0.00e+00	0.00e+00	1.6352e-02
3.38592e+14	7.3796e+03	7.986e-18	1.6681e+03	1.7842e+03	1.4144e-13	1.1610e-02	9.8839e-01	6.1323e-02	9.3821e-01	4.6498e-04	6.0339e-15	1.8524e-03	5.4545e-01	4.5264e-01	5.6883e-05	1.2726e-02	9.0792e-01	7.9352e-02	4.8287e-06	1.1755e-36	1.1755e-36	4.2600e-23	0.00e+00	0.00e+00	6.6355e-02
8.08787e+14	7.2735e+03	7.708e-18	1.6681e+03	1.7844e+03	1.4556e-13	1.1382e-02	9.8862e-01	6.1829e-02	9.3772e-01	4.4895e-04	5.8149e-15	1.8425e-03	5.4829e-01	4.4981e-01	5.5907e-05	1.2503e-02	9.0849e-01	7.9003e-02	4.4753e-06	1.1755e-36	1.1755e-36	3.9576e-23	0.00e+00	0.00e+00	1.3008e-01
1.42004e+15	7.1711e+03	7.465e-18	1.6681e+03	1.7845e+03	1.5348e-13	1.1300e-02	9.8870e-01	6.2915e-02	9.3667e-01	4.1741e-04	5.7768e-15	1.8551e-03	5.5344e-01	4.4465e-01	5.3816e-05	1.2458e-02	9.1003e-01	7.7510e-02	3.9369e-06	1.1755e-36	1.1755e-36	3.8207e-23	0.00e+00	0.00e+00	2.1233e-01
2.21467e+15	7.0693e+03	7.241e-18	1.6681e+03	1.7842e+03	1.6609e-13	1.1355e-02	9.8864e-01	6.4747e-02	9.3488e-01	3.7165e-04	5.9131e-15	1.8909e-03	5.6144e-01	4.3662e-01	5.0605e-05	1.2586e-02	9.1262e-01	7.4793e-02	3.2531e-06	1.1755e-36	1.1755e-36	3.8239e-23	0.00e+00	0.00e+00	3.1978e-01
3.24769e+15	6.9673e+03	7.038e-18	1.6681e+03	1.7833e+03	1.8600e-13	1.1594e-02	9.8841e-01	6.7653e-02	9.3203e-01	3.1292e-04	6.2958e-15	1.9570e-03	5.7330e-01	4.2470e-01	4.6166e-05	1.2944e-02	9.1647e-01	7.0588e-02	2.4755e-06	1.1755e-36	1.1755e-36	4.0135e-23	0.00e+00	0.00e+00	4.6239e-01
4.59061e+15	6.8684e+03	6.867e-18	1.6681e+03	1.7821e+03	2.1830e-13	1.2118e-02	9.8788e-01	7.2356e-02	9.2740e-01	2.4510e-04	7.1031e-15	2.0706e-03	5.9083e-01	4.0705e-01	4.0375e-05	1.3659e-02	9.2185e-01	6.4491e-02	1.6819e-06	1.1755e-36	1.1755e-36	4.5229e-23	0.00e+00	0.00e+00	6.5617e-01
6.33641e+15	6.7765e+03	6.745e-18	1.6681e+03	1.7795e+03	2.7455e-13	1.3123e-02	9.8688e-01	8.0113e-02	9.1971e-01	1.7480e-04	8.7411e-15	2.2583e-03	6.1665e-01	3.8106e-01	3.3214e-05	1.4978e-02	9.2890e-01	5.6118e-02	9.7593e-07	1.1755e-36	1.1755e-36	5.6813e-23	0.00e+00	0.00e+00	9.2898e-01
8.40306e+15	6.6981e+03	6.694e-18	1.6681e+03	1.7764e+03	3.7130e-13	1.4788e-02	9.8521e-01	9.2124e-02	9.0776e-01	1.1539e-04	1.1825e-14	2.5337e-03	6.5079e-01	3.4665e-01	2.5593e-05	1.7117e-02	9.3669e-01	4.6188e-02	4.8782e-07	1.1755e-36	1.1755e-36	8.0772e-23	0.00e+00	0.00e+00	1.2654e+00
1.03285e+16	6.6664e+03	6.718e-18	1.6681e+03	1.7692e+03	5.0281e-13	1.6959e-02	9.8304e-01	1.0703e-01	8.9289e-01	7.7634e-05	1.6549e-14	2.8500e-03	6.8590e-01	3.1123e-01	1.9365e-05	1.9873e-02	9.4293e-01	3.7194e-02	2.4270e-07	1.1755e-36	1.1755e-36	1.2152e-22	0.00e+00	0.00e+00	1.5675e+00
1.18470e+16	6.6674e+03	6.815e-18	1.6681e+03	1.7625e+03	6.6697e-13	1.9472e-02	9.8053e-01	1.2364e-01	8.7630e-01	5.6350e-05	2.3176e-14	3.1670e-03	7.1774e-01	2.7907e-01	1.4781e-05	2.3031e-02	9.4690e-01	3.0073e-02	1.3064e-07	1.1755e-36	1.1755e-36	1.8531e-22	0.00e+00	0.00e+00	1.8436e+00
1.31233e+16	6.6831e+03	6.936e-18	1.6681e+03	1.7548e+03	8.7746e-13	2.2369e-02	9.7763e-01	1.4246e-01	8.5750e-01	4.2709e-05	3.2471e-14	3.4838e-03	7.4719e-01	2.4932e-01	1.1256e-05	2.6656e-02	9.4908e-01	2.4261e-02	1.1755e-36	1.1755e-36	1.1755e-36	2.8457e-22	0.00e+00	0.00e+00	2.1279e+00
1.42964e+16	6.7068e+03	7.081e-18	1.6681e+03	1.7466e+03	1.1717e-12	2.5945e-02	9.7405e-01	1.6538e-01	8.3459e-01	3.2895e-05	4.6553e-14	3.8186e-03	7.7618e-01	2.1999e-01	8.3624e-06	3.1113e-02	9.4967e-01	1.9216e-02	1.1755e-36	1.1755e-36	1.1755e-36	4.5209e-22	0.00e+00	0.00e+00	2.4394e+00
1.53807e+16	6.7425e+03	7.231e-18	1.6681e+03	1.7340e+03	1.5779e-12	3.0333e-02	9.6967e-01	1.9302e-01	8.0696e-01	2.5552e-05	6.7876e-14	4.1565e-03	8.0403e-01	1.9181e-01	6.0626e-06	3.6564e-02	9.4850e-01	1.4939e-02	1.1755e-36	1.1755e-36	1.1755e-36	7.3582e-22	0.00e+00	0.00e+00	2.7681e+00
1.63446e+16	6.7828e+03	7.394e-18	1.6681e+03	1.7225e+03	2.1426e-12	3.5644e-02	9.6436e-01	2.2564e-01	7.7434e-01	2.0270e-05	1.0039e-13	4.4901e-03	8.2989e-01	1.6561e-01	4.3095e-06	4.3138e-02	9.4540e-01	1.1464e-02	1.1755e-36	1.1755e-36	1.1755e-36	1.2233e-21	0.00e+00	0.00e+00	3.1057e+00
1.71768e+16	6.8259e+03	7.540e-18	1.6681e+03	1.7076e+03	2.8904e-12	4.1764e-02	9.5824e-01	2.6201e-01	7.3797e-01	1.6373e-05	1.4747e-13	4.7899e-03	8.5255e-01	1.4265e-01	3.0514e-06	5.0684e-02	9.4054e-01	8.7785e-03	1.1755e-36	1.1755e-36	1.1755e-36	2.0153e-21	0.00e+00	0.00e+00	3.4424e+00
1.78948e+16	6.8682e+03	7.676e-18	1.6681e+03	1.6935e+03	3.8854e-12	4.8803e-02	9.5120e-01	3.0196e-01	6.9803e-01	1.3424e-05	2.1608e-13	5.0606e-03	8.7229e-01	1.2265e-01	2.1530e-06	5.9329e-02	9.3395e-01	6.7197e-03	1.1755e-36	1.1755e-36	1.1755e-36	3.3080e-21	0.00e+00	0.00e+00	3.7871e+00
1.85288e+16	6.9041e+03	7.785e-18	1.6681e+03	1.6755e+03	5.2351e-12	5.6917e-02	9.4308e-01	3.4537e-01	6.5461e-01	1.1077e-05	3.1571e-13	5.2927e-03	8.8942e-01	1.0528e-01	1.5132e-06	6.9254e-02	9.2562e-01	5.1298e-03	1.1755e-36	1.1755e-36	1.1755e-36	5.3917e-21	0.00e+00	0.00e+00	4.1452e+00
1.90985e+16	6.9463e+03	7.825e-18	1.6681e+03	1.6470e+03	6.9636e-12	6.6030e-02	9.3397e-01	3.9115e-01	6.0884e-01	9.1512e-06	4.5496e-13	5.4600e-03	9.0396e-01	9.0581e-02	1.0663e-06	8.0352e-02	9.1574e-01	3.9122e-03	1.1755e-36	1.1755e-36	1.1755e-36	8.5837e-21	0.00e+00	0.00e+00	4.5222e+00
1.96272e+16	6.9784e+03	7.866e-18	1.6681e+03	1.6219e+03	9.5024e-12	7.7219e-02	9.2278e-01	4.4186e-01	5.5813e-01	7.5329e-06	6.7421e-13	5.6179e-03	9.1723e-01	7.7155e-02	7.3362e-07	9.3905e-02	9.0316e-01	2.9344e-03	1.1755e-36	1.1755e-36	1.1755e-36	1.4157e-20	0.00e+00	0.00e+00	4.9414e+00
2.01158e+16	7.0046e+03	7.878e-18	1.6681e+03	1.5943e+03	1.3194e-11	9.0773e-02	9.0923e-01	4.9566e-01	5.0433e-01	6.1755e-06	1.0170e-12	5.7418e-03	9.2888e-01	6.5380e-02	4.9707e-07	1.1022e-01	8.8761e-01	2.1722e-03	1.1755e-36	1.1755e-36	1.1755e-36	2.3848e-20	0.00e+00	0.00e+00	5.3829e+00
2.05489e+16	7.0267e+03	7.834e-18	1.6681e+03	1.5614e+03	1.8271e-11	1.0628e-01	8.9372e-01	5.4834e-01	4.5165e-01	5.0801e-06	1.5222e-12	5.8146e-03	9.3850e-01	5.5680e-02	3.3919e-07	1.2876e-01	8.6963e-01	1.6107e-03	1.1755e-36	1.1755e-36	1.1755e-36	3.9712e-20	0.00e+00	0.00e+00	5.8357e+00
2.09361e+16	7.0429e+03	7.724e-18	1.6681e+03	1.5225e+03	2.5220e-11	1.2382e-01	8.7618e-01	5.9849e-01	4.0150e-01	4.1906e-06	2.2528e-12	5.8336e-03	9.4645e-01	4.7718e-02	2.3370e-07	1.4955e-01	8.4925e-01	1.1975e-03	1.1755e-36	1.1755e-36	1.1755e-36	6.5111e-20	0.00e+00	0.00e+00	6.3181e+00
2.12984e+16	7.0554e+03	7.552e-18	1.6681e+03	1.4785e+03	3.5168e-11	1.4452e-01	8.5548e-01	6.4726e-01	3.5273e-01	3.4354e-06	3.3592e-12	5.8092e-03	9.5332e-01	4.0874e-02	1.6004e-07	1.7387e-01	8.2525e-01	8.8133e-04	1.1755e-36	1.1755e-36	1.1755e-36	1.0797e-19	0.00e+00	0.00e+00	6.8580e+00
2.16446e+16	7.0362e+03	7.329e-18	1.6681e+03	1.4297e+03	5.1291e-11	1.7010e-01	8.2990e-01	6.9443e-01	3.0557e-01	2.8027e-06	5.1308e-12	5.7507e-03	9.5944e-01	3.4807e-02	1.1755e-36	2.0361e-01	7.9576e-01	6.3657e-04	1.1755e-36	1.1755e-36	1.1755e-36	1.8549e-19	0.00e+00	0.00e+00	7.4631e+00
2.19671e+16	7.0101e+03	7.020e-18	1.6681e+03	1.3729e+03	7.5710e-11	2.0032e-01	7.9968e-01	7.3688e-01	2.6312e-01	2.3009e-06	7.8454e-12	5.6378e-03	9.6465e-01	2.9712e-02	1.1755e-36	2.3827e-01	7.6128e-01	4.5560e-04	1.1755e-36	1.1755e-36	1.1755e-36	3.2183e-19	0.00e+00	0.00e+00	8.1114e+00
2.22604e+16	6.9651e+03	6.637e-18	1.6681e+03	1.3099e+03	1.1307e-10	2.3495e-01	7.6505e-01	7.7345e-01	2.2655e-01	1.9109e-06	1.1882e-11	5.4785e-03	9.6902e-01	2.5504e-02	1.1755e-36	2.7740e-01	7.2228e-01	3.2587e-04	1.1755e-36	1.1755e-36	1.1755e-36	5.5674e-19	0.00e+00	0.00e+00	8.8027e+00
2.25162e+16	6.9029e+03	6.208e-18	1.6681e+03	1.2437e+03	1.6779e-10	2.7233e-01	7.2767e-01	8.0285e-01	1.9715e-01	1.6246e-06	1.7468e-11	5.2836e-03	9.7254e-01	2.2180e-02	1.1755e-36	3.1893e-01	6.8084e-01	2.3683e-04	1.1755e-36	1.1755e-36	1.1755e-36	9.3615e-19	0.00e+00	0.00e+00	9.4691e+00
2.27197e+16	6.8323e+03	5.791e-18	1.6681e+03	1.1814e+03	2.3802e-10	3.0782e-01	6.9218e-01	8.2406e-01	1.7593e-01	1.4347e-06	2.4078e-11	5.0821e-03	9.7515e-01	1.9768e-02	1.1755e-36	3.5769e-01	6.4213e-01	1.8019e-04	1.1755e-36	1.1755e-36	1.1755e-36	1.4557e-18	0.00e+00	0.00e+00	1.0035e+01
2.28733e+16	6.7626e+03	5.431e-18	1.6681e+03	1.1284e+03	3.1728e-10	3.3826e-01	6.6174e-01	8.3860e-01	1.6140e-01	1.3133e-06	3.0883e-11	4.9004e-03	9.7703e-01	1.8071e-02	1.1755e-36	3.9046e-01	6.0939e-01	1.4482e-04	1.1755e-36	1.1755e-36	1.1755e-36	2.0618e-18	0.00e+00	0.00e+00	1.0508e+01
2.29960e+16	6.6906e+03	5.123e-18	1.6681e+03	1.0840e+03	4.0768e-10	3.6530e-01	6.3470e-01	8.4972e-01	1.5028e-01	1.2221e-06	3.8001e-11	4.7439e-03	9.7851e-01	1.6747e-02	1.1755e-36	4.1918e-01	5.8070e-01	1.2045e-04	1.1755e-36	1.1755e-36	1.1755e-36	2.7660e-18	0.00e+00	0.00e+00	1.0942e+01
2.31075e+16	6.6184e+03	4.817e-18	1.6681e+03	1.0392e+03	5.1615e-10	3.9129e-01	6.0871e-01	8.5923e-01	1.4077e-01	1.1485e-06	4.5797e-11	4.5806e-03	9.7981e-01	1.5611e-02	1.1755e-36	4.4646e-01	5.5343e-01	1.0131e-04	1.1755e-36	1.1755e-36	1.1755e-36	3.6081e-18	0.00e+00	0.00e+00	1.1396e+01
2.32137e+16	6.5457e+03	4.505e-18	1.6681e+03	9.9248e+02	6.4886e-10	4.1703e-01	5.8297e-01	8.6759e-01	1.3241e-01	1.0885e-06	5.4452e-11	4.4047e-03	9.8098e-01	1.4616e-02	1.1755e-36	4.7316e-01	5.2676e-01	8.5680e-05	1.1755e-36	1.1755e-36	1.1755e-36	4.6234e-18	0.00e+00	0.00e+00	1.1845e+01
2.33084e+16	6.4615e+03	4.225e-18	1.6681e+03	9.5025e+02	8.1389e-10	4.4179e-01	5.5821e-01	8.7458e-01	1.2542e-01	1.0391e-06	6.3942e-11	4.2448e-03	9.8201e-01	1.3748e-02	1.1755e-36	4.9856e-01	5.0136e-01	7.3399e-05	1.1755e-36	1.1755e-36	1.1755e-36	5.8382e-18	0.00e+00	0.00e+00	1.2250e+01
2.33909e+16	6.3813e+03	3.973e-18	1.6681e+03	9.1181e+02	1.0004e-09	4.6430e-01	5.3570e-01	8.8032e-01	1.1968e-01	1.0005e-06	7.3588e-11	4.0969e-03	9.8289e-01	1.3017e-02	1.1755e-36	5.2141e-01	4.7852e-01	6.3882e-05	1.1755e-36	1.1755e-36	1.1755e-36	7.1727e-18	0.00e+00	0.00e+00	1.2632e+01
2.34671e+16	6.3000e+03	3.737e-18	1.6681e+03	8.7522e+02	1.2212e-09	4.8578e-01	5.1422e-01	8.8535e-01	1.1465e-01	9.6816e-07	8.3801e-11	3.9543e-03	9.8368e-01	1.2362e-02	1.1755e-36	5.4300e-01	4.5694e-01	5.6025e-05	1.1755e-36	1.1755e-36	1.1755e-36	8.6903e-18	0.00e+00	0.00e+00	1.3012e+01
2.35397e+16	6.2150e+03	3.510e-18	1.6681e+03	8.3945e+02	1.4902e-09	5.0679e-01	4.9321e-01	8.8989e-01	1.1011e-01	9.4035e-07	9.4845e-11	3.8134e-03	9.8443e-01	1.1761e-02	1.1755e-36	5.6393e-01	4.3602e-01	4.9320e-05	1.1755e-36	1.1755e-36	1.1755e-36	1.0450e-17	0.00e+00	0.00e+00	1.3391e+01
2.36085e+16	6.1274e+03	3.295e-18	1.6681e+03	8.0485e+02	1.8158e-09	5.2715e-01	4.7285e-01	8.9394e-01	1.0606e-01	9.1683e-07	1.0664e-10	3.6759e-03	9.8511e-01	1.1211e-02	1.1755e-36	5.8401e-01	4.1594e-01	4.3622e-05	1.1755e-36	1.1755e-36	1.1755e-36	1.2462e-17	0.00e+00	0.00e+00	1.3761e+01
2.36631e+16	6.0545e+03	3.130e-18	1.6681e+03	7.7742e+02	2.1320e-09	5.4334e-01	4.5666e-01	8.9677e-01	1.0323e-01	9.0228e-07	1.1684e-10	3.5660e-03	9.8562e-01	1.0814e-02	1.1755e-36	5.9989e-01	4.0007e-01	3.9619e-05	1.1755e-36	1.1755e-36	1.1755e-36	1.4323e-17	0.00e+00	0.00e+00	1.4004e+01
2.37013e+16	6.0014e+03	3.013e-18	1.6681e+03	7.5796e+02	2.3935e-09	5.5483e-01	4.4517e-01	8.9879e-01	1.0121e-01	8.9184e-07	1.2459e-10	3.4875e-03	9.8598e-01	1.0534e-02	1.1755e-36	6.1105e-01	3.8891e-01	3.6983e-05	1.1755e-36	1.1755e-36	1.1755e-36	1.5803e-17	0.00e+00	0.00e+00	1.4202e+01
2.37368e+16	5.9464e+03	2.903e-18	1.6681e+03	7.3948e+02	2.6851e-09	5.6577e-01	4.3423e-01	9.0070e-01	9.9302e-02	8.8182e-07	1.3244e-10	3.4129e-03	9.8632e-01	1.0263e-02	1.1755e-36	6.2163e-01	3.7833e-01	3.4613e-05	1.1755e-36	1.1755e-36	1.1755e-36	1.7354e-17	0.00e+00	0.00e+00	1.4423e+01
2.37769e+16	5.8777e+03	2.781e-18	1.6681e+03	7.1838e+02	3.0822e-09	5.7826e-01	4.2174e-01	9.0286e-01	9.7138e-02	8.7018e-07	1.4196e-10	3.3278e-03	9.8671e-01	9.9586e-03	1.1755e-36	6.3367e-01	3.6630e-01	3.2094e-05	1.1755e-36	1.1755e-36	1.1755e-36	1.9310e-17	0.00e+00	0.00e+00	1.4684e+01
2.38198e+16	5.8097e+03	2.651e-18	1.6681e+03	6.9596e+02	3.5534e-09	5.9142e-01	4.0858e-01	9.0498e-01	9.5017e-02	8.6038e-07	1.5263e-10	3.2361e-03	9.8711e-01	9.6536e-03	1.1755e-36	6.4628e-01	3.5369e-01	2.9607e-05	1.1755e-36	1.1755e-36	1.1755e-36	2.1625e-17	0.00e+00	0.00e+00	1.4953e+01
2.38618e+16	5.7376e+03	2.528e-18	1.6681e+03	6.7403e+02	4.1148e-09	6.0436e-01	3.9564e-01	9.0697e-01	9.3030e-02	8.5156e-07	1.6388e-10	3.1463e-03	9.8749e-01	9.3634e-03	1.1755e-36	6.5860e-01	3.4137e-01	2.7354e-05	1.1755e-36	1.1755e-36	1.1755e-36	2.4194e-17	0.00e+00	0.00e+00	1.5213e+01
2.39017e+16	5.6645e+03	2.412e-18	1.6681e+03	6.5315e+02	4.7624e-09	6.1671e-01	3.8329e-01	9.0881e-01	9.1190e-02	8.4365e-07	1.7543e-10	3.0606e-03	9.8785e-01	9.0926e-03	1.1755e-36	6.7031e-01	3.2967e-01	2.5354e-05	1.1755e-36	1.1755e-36	1.1755e-36	2.6974e-17	0.00e+00	0.00e+00	1.5466e+01
2.39404e+16	5.5904e+03	2.302e-18	1.6681e+03	6.3286e+02	5.5169e-09	6.2871e-01	3.7129e-01	9.1055e-01	8.9450e-02	8.3652e-07	1.8747e-10	2.9771e-03	9.8819e-01	8.8346e-03	1.1755e-36	6.8161e-01	3.1836e-01	2.3536e-05	1.1755e-36	1.1755e-36	1.1755e-36	3.0035e-17	0.00e+00	0.00e+00	1.5721e+01
2.39790e+16	5.5138e+03	2.194e-18	1.6681e+03	6.1267e+02	6.4208e-09	6.4062e-01	3.5938e-01	9.1223e-01	8.7770e-02	8.3002e-07	2.0035e-10	2.8936e-03	9.8852e-01	8.5835e-03	1.1755e-36	6.9279e-01	3.0719e-01	2.1843e-05	1.1755e-36	1.1755e-36	1.1755e-36	3.3503e-17	0.00e+00	0.00e+00	1.5981e+01
2.40176e+16	5.4341e+03	2.089e-18	1.6681e+03	5.9253e+02	7.5147e-09	6.5250e-01	3.4750e-01	9.1385e-01	8.6147e-02	8.2419e-07	2.1423e-10	2.8101e-03	9.8885e-01	8.3389e-03	1.1755e-36	7.0387e-01	2.9611e-01	2.0262e-05	1.1755e-36	1.1755e-36	1.1755e-36	3.7482e-17	0.00e+00	0.00e+00	1.6246e+01
2.40559e+16	5.3482e+03	1.988e-18	1.6681e+03	5.7291e+02	8.8881e-09	6.6445e-01	3.3555e-01	9.1549e-01	8.4514e-02	8.1751e-07	2.2971e-10	2.7292e-03	9.8917e-01	8.0966e-03	1.1755e-36	7.1496e-01	2.8502e-01	1.8786e-05	1.1755e-36	1.1755e-36	1.1755e-36	4.2240e-17	0.00e+00	0.00e+00	1.6513e+01
2.40933e+16	5.2639e+03	1.891e-18	1.6681e+03	5.5366e+02	1.0497e-08	6.7586e-01	3.2414e-01	9.1697e-01	8.3031e-02	8.1270e-07	2.4573e-10	2.6491e-03	9.8948e-01	7.8714e-03	1.1755e-36	7.2550e-01	2.7448e-01	1.7452e-05	1.1755e-36	1.1755e-36	1.1755e-36	4.7549e-17	0.00e+00	0.00e+00	1.6775e+01
2.41237e+16	5.1977e+03	1.816e-18	1.6681e+03	5.3832e+02	1.1986e-08	6.8471e-01	3.1529e-01	9.1798e-01	8.2016e-02	8.1121e-07	2.5903e-10	2.5849e-03	9.8971e-01	7.7090e-03	1.1755e-36	7.3364e-01	2.6634e-01	1.6477e-05	1.1755e-36	1.1755e-36	1.1755e-36	5.2291e-17	0.00e+00	0.00e+00	1.6948e+01
2.41454e+16	5.1410e+03	1.764e-18	1.6681e+03	5.2739e+02	1.3373e-08	6.9130e-01	3.0870e-01	9.1880e-01	8.1199e-02	8.0840e-07	2.7006e-10	2.5398e-03	9.8988e-01	7.5848e-03	1.1755e-36	7.3969e-01	2.6030e-01	1.5793e-05	1.1755e-36	1.1755e-36	1.1755e-36	5.6464e-17	0.00e+00	0.00e+00	1.7089e+01
2.41644e+16	5.1027e+03	1.718e-18	1.6681e+03	5.1795e+02	1.4500e-08	6.9677e-01	3.0323e-01	9.1946e-01	8.0538e-02	8.0747e-07	2.7942e-10	2.4997e-03	9.9002e-01	7.4811e-03	1.1755e-36	7.4468e-01	2.5530e-01	1.5213e-05	1.1755e-36	1.1755e-36	1.1755e-36	6.0151e-17	0.00e+00	0.00e+00	1.7226e+01
2.41857e+16	5.0451e+03	1.666e-18	1.6681e+03	5.0702e+02	1.6241e-08	7.0331e-01	2.9669e-01	9.2033e-01	7.9667e-02	8.0414e-07	2.9188e-10	2.4544e-03	9.9019e-01	7.3536e-03	1.1755e-36	7.5065e-01	2.4933e-01	1.4563e-05	1.1755e-36	1.1755e-36	1.1755e-36	6.5337e-17	0.00e+00	0.00e+00	1.7403e+01
2.42089e+16	4.9876e+03	1.612e-18	1.6681e+03	4.9549e+02	1.8244e-08	7.1009e-01	2.8991e-01	9.2115e-01	7.8848e-02	8.0226e-07	3.0560e-10	2.4062e-03	9.9037e-01	7.2253e-03	1.1755e-36	7.5682e-01	2.4317e-01	1.3908e-05	1.1755e-36	1.1755e-36	1.1755e-36	7.1343e-17	0.00e+00	0.00e+00	1.7571e+01
2.42303e+16	4.9312e+03	1.563e-18	1.6681e+03	4.8494e+02	2.0423e-08	7.1636e-01	2.8364e-01	9.2191e-01	7.8090e-02	8.0026e-07	3.1939e-10	2.3623e-03	9.9054e-01	7.0982e-03	1.1755e-36	7.6251e-01	2.3748e-01	1.3329e-05	1.1755e-36	1.1755e-36	1.1755e-36	7.7500e-17	0.00e+00	0.00e+00	1.7724e+01
2.42500e+16	4.8774e+03	1.519e-18	1.6681e+03	4.7526e+02	2.2761e-08	7.2214e-01	2.7786e-01	9.2261e-01	7.7385e-02	7.9827e-07	3.3310e-10	2.3221e-03	9.9070e-01	6.9807e-03	1.1755e-36	7.6774e-01	2.3225e-01	1.2812e-05	1.1755e-36	1.1755e-36	1.1755e-36	8.3977e-17	0.00e+00	0.00e+00	1.7869e+01
2.42688e+16	4.8220e+03	1.478e-18	1.6681e+03	4.6601e+02	2.5431e-08	7.2771e-01	2.7229e-01	9.2330e-01	7.6695e-02	7.9592e-07	3.4745e-10	2.2841e-03	9.9085e-01	6.8668e-03	1.1755e-36	7.7278e-01	2.2721e-01	1.2333e-05	1.1755e-36	1.1755e-36	1.1755e-36	9.1156e-17	0.00e+00	0.00e+00	1.8012e+01
2.42870e+16	4.7703e+03	1.439e-18	1.6681e+03	4.5737e+02	2.8274e-08	7.3303e-01	2.6697e-01	9.2396e-01	7.6034e-02	7.9358e-07	3.6216e-10	2.2484e-03	9.9099e-01	6.7582e-03	1.1755e-36	7.7758e-01	2.2241e-01	1.1884e-05	1.1755e-36	1.1755e-36	1.1755e-36	9.8939e-17	0.00e+00	0.00e+00	1.8149e+01
2.43046e+16	4.7207e+03	1.401e-18	1.6681e+03	4.4881e+02	3.1339e-08	7.3806e-01	2.6194e-01	9.2456e-01	7.5436e-02	7.9227e-07	3.7682e-10	2.2127e-03	9.9113e-01	6.6566e-03	1.1755e-36	7.8210e-01	2.1788e-01	1.1467e-05	1.1755e-36	1.1755e-36	1.1755e-36	1.0717e-16	0.00e+00	0.00e+00	1.8286e+01
2.43224e+16	4.6702e+03	1.364e-18	1.6681e+03	4.4032e+02	3.4845e-08	7.4314e-01	2.5686e-01	9.2518e-01	7.4823e-02	7.9068e-07	3.9281e-10	2.1775e-03	9.9127e-01	6.5537e-03	1.1755e-36	7.8666e-01	2.1333e-01	1.1058e-05	1.1755e-36	1.1755e-36	1.1755e-36	1.1666e-16	0.00e+00	0.00e+00	1.8427e+01
2.43404e+16	4.6167e+03	1.327e-18	1.6681e+03	4.3185e+02	3.8998e-08	7.4828e-01	2.5172e-01	9.2580e-01	7.4197e-02	7.8874e-07	4.1048e-10	2.1426e-03	9.9141e-01	6.4499e-03	1.1755e-36	7.9125e-01	2.0874e-01	1.0660e-05	1.1755e-36	1.1755e-36	1.1755e-36	1.2784e-16	0.00e+00	0.00e+00	1.8568e+01
2.43577e+16	4.5638e+03	1.293e-18	1.6681e+03	4.2364e+02	4.3616e-08	7.5314e-01	2.4686e-01	9.2638e-01	7.3618e-02	7.8726e-07	4.2859e-10	2.1087e-03	9.9154e-01	6.3524e-03	1.1755e-36	7.9560e-01	2.0439e-01	1.0292e-05	1.1755e-36	1.1755e-36	1.1755e-36	1.4010e-16	0.00e+00	0.00e+00	1.8701e+01
2.43741e+16	4.5157e+03	1.261e-18	1.6681e+03	4.1590e+02	4.8377e-08	7.5758e-01	2.4242e-01	9.2689e-01	7.3109e-02	7.8659e-07	4.4620e-10	2.0766e-03	9.9166e-01	6.2639e-03	1.1755e-36	7.9956e-01	2.0043e-01	9.9580e-06	1.1755e-36	1.1755e-36	1.1755e-36	1.5280e-16	0.00e+00	0.00e+00	1.8827e+01
2.43901e+16	4.4675e+03	1.229e-18	1.6681e+03	4.0849e+02	5.3722e-08	7.6199e-01	2.3801e-01	9.2742e-01	7.2583e-02	7.8536e-07	4.6530e-10	2.0460e-03	9.9178e-01	6.1753e-03	1.1755e-36	8.0349e-01	1.9650e-01	9.6364e-06	1.1755e-36	1.1755e-36	1.1755e-36	1.6740e-16	0.00e+00	0.00e+00	1.8957e+01
2.44062e+16	4.4172e+03	1.199e-18	1.6681e+03	4.0110e+02	5.9992e-08	7.6647e-01	2.3353e-01	9.2796e-01	7.2042e-02	7.8376e-07	4.8657e-10	2.0157e-03	9.9190e-01	6.0854e-03	1.1755e-36	8.0746e-01	1.9254e-01	9.3206e-06	1.1755e-36	1.1755e-36	1.1755e-36	1.8474e-16	0.00e+00	0.00e+00	1.9088e+01
2.44221e+16	4.3663e+03	1.169e-18	1.6681e+03	3.9385e+02	6.7102e-08	7.7079e-01	2.2921e-01	9.2848e-01	7.1523e-02	7.8232e-07	5.0911e-10	1.9862e-03	9.9202e-01	5.9988e-03	1.1755e-36	8.1129e-01	1.8870e-01	9.0222e-06	1.1755e-36	1.1755e-36	1.1755e-36	2.0447e-16	0.00e+00	0.00e+00	1.9214e+01
2.44372e+16	4.3195e+03	1.142e-18	1.6681e+03	3.8695e+02	7.4503e-08	7.7477e-01	2.2523e-01	9.2893e-01	7.1068e-02	7.8172e-07	5.3137e-10	1.9578e-03	9.9212e-01	5.9200e-03	1.1755e-36	8.1482e-01	1.8517e-01	8.7506e-06	1.1755e-36	1.1755e-36	1.1755e-36	2.2531e-16	0.00e+00	0.00e+00	1.9333e+01
2.44519e+16	4.2729e+03	1.115e-18	1.6681e+03	3.8035e+02	8.2759e-08	7.7869e-01	2.2131e-01	9.2940e-01	7.0601e-02	7.8062e-07	5.5540e-10	1.9308e-03	9.9223e-01	5.8416e-03	1.1755e-36	8.1828e-01	1.8171e-01	8.4892e-06	1.1755e-36	1.1755e-36	1.1755e-36	2.4923e-16	0.00e+00	0.00e+00	1.9454e+01
2.44666e+16	4.2248e+03	1.089e-18	1.6681e+03	3.7381e+02	9.2322e-08	7.8263e-01	2.1737e-01	9.2988e-01	7.0122e-02	7.7921e-07	5.8205e-10	1.9043e-03	9.9233e-01	5.7626e-03	1.1755e-36	8.2176e-01	1.7823e-01	8.2327e-06	1.1755e-36	1.1755e-36	1.1755e-36	2.7758e-16	0.00e+00	0.00e+00	1.9576e+01
2.44811e+16	4.1769e+03	1.064e-18	1.6681e+03	3.6739e+02	1.0301e-07	7.8644e-01	2.1356e-01	9.3033e-01	6.9666e-02	7.7804e-07	6.1035e-10	1.8784e-03	9.9243e-01	5.6867e-03	1.1755e-36	8.2512e-01	1.7487e-01	7.9895e-06	1.1755e-36	1.1755e-36	1.1755e-36	3.0989e-16	0.00e+00	0.00e+00	1.9694e+01
2.44951e+16	4.1312e+03	1.040e-18	1.6681e+03	3.6121e+02	1.1447e-07	7.9005e-01	2.0995e-01	9.3075e-01	6.9245e-02	7.7729e-07	6.3947e-10	1.8533e-03	9.9253e-01	5.6153e-03	1.1755e-36	8.2830e-01	1.7169e-01	7.7625e-06	1.1755e-36	1.1755e-36	1.1755e-36	3.4550e-16	0.00e+00	0.00e+00	1.9808e+01
2.45089e+16	4.0857e+03	1.017e-18	1.6681e+03	3.5522e+02	1.2728e-07	7.9361e-01	2.0639e-01	9.3118e-01	6.8820e-02	7.7627e-07	6.7100e-10	1.8292e-03	9.9263e-01	5.5448e-03	1.1755e-36	8.3143e-01	1.6856e-01	7.5432e-06	1.1755e-36	1.1755e-36	1.1755e-36	3.8667e-16	0.00e+00	0.00e+00	1.9923e+01
2.45226e+16	4.0393e+03	9.947e-19	1.6681e+03	3.4930e+02	1.4186e-07	7.9716e-01	2.0284e-01	9.3160e-01	6.8396e-02	7.7515e-07	7.0561e-10	1.8056e-03	9.9272e-01	5.4749e-03	1.1755e-36	8.3454e-01	1.6545e-01	7.3294e-06	1.1755e-36	1.1755e-36	1.1755e-36	4.3510e-16	0.00e+00	0.00e+00	2.0037e+01
2.45360e+16	3.9932e+03	9.727e-19	1.6681e+03	3.4344e+02	1.5810e-07	8.0064e-01	1.9936e-01	9.3200e-01	6.7999e-02	7.7443e-07	7.4274e-10	1.7822e-03	9.9281e-01	5.4082e-03	1.1755e-36	8.3759e-01	1.6240e-01	7.1240e-06	1.1755e-36	1.1755e-36	1.1755e-36	4.9088e-16	0.00e+00	0.00e+00	2.0149e+01
