#depth	Te	Htot	hden	eden	2H_2/H	HI	HII	HeI	HeII	HeIII	CO/C	C1	C2	C3	C4	O1	O2	O3	O4	O5	O6	H2O/O	AV(point)	AV(extend)	Tau912
2.54120e+10	7.8313e+03	2.532e-14	1.0000e+05	1.0242e+05	1.3862e-12	4.7503e-02	9.5250e-01	2.1523e-01	7.8468e-01	9.5113e-05	2.6928e-13	1.1854e-02	8.2483e-01	1.6331e-01	1.7446e-06	5.7769e-02	9.3660e-01	5.6263e-03	1.1755e-36	1.1755e-36	1.1755e-36	3.9176e-21	0.00e+00	0.00e+00	1.5247e-03
1.52472e+11	7.8211e+03	2.520e-14	1.0000e+05	1.0214e+05	1.3867e-12	4.7352e-02	9.5265e-01	2.1498e-01	7.8492e-01	9.5254e-05	2.6670e-13	1.1783e-02	8.2472e-01	1.6350e-01	1.7537e-06	5.7591e-02	9.3677e-01	5.6420e-03	1.1755e-36	1.1755e-36	1.1755e-36	3.8567e-21	0.00e+00	0.00e+00	7.6042e-03
6.60713e+11	7.8083e+03	2.501e-14	1.0000e+05	1.0206e+05	1.3942e-12	4.7304e-02	9.5270e-01	2.1562e-01	7.8428e-01	9.4778e-05	2.6631e-13	1.1752e-02	8.2531e-01	1.6293e-01	1.7439e-06	5.7541e-02	9.3684e-01	5.6223e-03	1.1755e-36	1.1755e-36	1.1755e-36	3.8351e-21	0.00e+00	0.00e+00	3.1897e-02
2.69368e+12	7.7582e+03	2.456e-14	1.0000e+05	1.0197e+05	1.4652e-12	4.7781e-02	9.5222e-01	2.1953e-01	7.8038e-01	9.2192e-05	2.7423e-13	1.1843e-02	8.2844e-01	1.5971e-01	1.6730e-06	5.8154e-02	9.3638e-01	5.4690e-03	1.1755e-36	1.1755e-36	1.1755e-36	3.9410e-21	0.00e+00	0.00e+00	1.3005e-01
6.43433e+12	7.5996e+03	2.317e-14	1.0000e+05	1.0203e+05	1.5348e-12	4.6730e-02	9.5327e-01	2.2328e-01	7.7663e-01	8.9167e-05	2.6400e-13	1.1763e-02	8.3194e-01	1.5630e-01	1.6359e-06	5.6959e-02	9.3760e-01	5.4417e-03	1.1755e-36	1.1755e-36	1.1755e-36	3.6270e-21	0.00e+00	0.00e+00	2.5484e-01
1.12972e+13	7.4592e+03	2.209e-14	1.0000e+05	1.0197e+05	1.6889e-12	4.6975e-02	9.5303e-01	2.3029e-01	7.6963e-01	8.4658e-05	2.7054e-13	1.1901e-02	8.3743e-01	1.5067e-01	1.5279e-06	5.7337e-02	9.3745e-01	5.2179e-03	1.1755e-36	1.1755e-36	1.1755e-36	3.6375e-21	0.00e+00	0.00e+00	4.1792e-01
1.76189e+13	7.3322e+03	2.118e-14	1.0000e+05	1.0171e+05	1.9657e-12	4.8642e-02	9.5136e-01	2.4173e-01	7.5819e-01	7.8549e-05	2.9684e-13	1.2268e-02	8.4533e-01	1.4240e-01	1.3511e-06	5.9450e-02	9.3576e-01	4.7911e-03	1.1755e-36	1.1755e-36	1.1755e-36	3.9968e-21	0.00e+00	0.00e+00	6.3744e-01
2.58371e+13	7.2179e+03	2.046e-14	1.0000e+05	1.0118e+05	2.4791e-12	5.2481e-02	9.4752e-01	2.6029e-01	7.3964e-01	7.0507e-05	3.5875e-13	1.2955e-02	8.5643e-01	1.3061e-01	1.1040e-06	6.4210e-02	9.3165e-01	4.1379e-03	1.1755e-36	1.1755e-36	1.1755e-36	4.9915e-21	0.00e+00	0.00e+00	9.4535e-01
3.49863e+13	7.1339e+03	1.994e-14	1.0000e+05	1.0038e+05	3.2834e-12	5.8460e-02	9.4154e-01	2.8440e-01	7.1554e-01	6.2363e-05	4.6659e-13	1.3868e-02	8.6872e-01	1.1741e-01	8.5342e-07	7.1559e-02	9.2503e-01	3.4132e-03	1.1755e-36	1.1755e-36	1.1755e-36	6.8997e-21	0.00e+00	0.00e+00	1.2779e+00
4.35338e+13	7.1005e+03	1.976e-14	1.0000e+05	9.9440e+04	4.4692e-12	6.6988e-02	9.3301e-01	3.1289e-01	6.8705e-01	5.4955e-05	6.4894e-13	1.4967e-02	8.8081e-01	1.0422e-01	6.3415e-07	8.1952e-02	9.1533e-01	2.7215e-03	1.1755e-36	1.1755e-36	1.1755e-36	1.0521e-20	0.00e+00	0.00e+00	1.6200e+00
5.15338e+13	7.1126e+03	1.968e-14	1.0000e+05	9.7834e+04	6.1823e-12	7.8350e-02	9.2165e-01	3.4577e-01	6.5418e-01	4.8119e-05	9.4675e-13	1.6140e-02	8.9227e-01	9.1587e-02	4.5607e-07	9.5702e-02	9.0219e-01	2.1040e-03	1.1755e-36	1.1755e-36	1.1755e-36	1.7147e-20	0.00e+00	0.00e+00	2.0116e+00
5.92595e+13	7.1328e+03	1.974e-14	1.0000e+05	9.5947e+04	9.0562e-12	9.4226e-02	9.0577e-01	3.8452e-01	6.1544e-01	4.1794e-05	1.4844e-12	1.7420e-02	9.0351e-01	7.9064e-02	3.1214e-07	1.1477e-01	8.8367e-01	1.5613e-03	1.1755e-36	1.1755e-36	1.1755e-36	3.0819e-20	0.00e+00	0.00e+00	2.4601e+00
6.62635e+13	7.1799e+03	1.978e-14	1.0000e+05	9.3518e+04	1.3478e-11	1.1479e-01	8.8521e-01	4.2603e-01	5.7393e-01	3.6408e-05	2.4106e-12	1.8590e-02	9.1347e-01	6.7936e-02	2.0947e-07	1.3922e-01	8.5965e-01	1.1318e-03	1.1755e-36	1.1755e-36	1.1755e-36	5.8253e-20	0.00e+00	0.00e+00	2.9291e+00
7.22344e+13	7.2336e+03	1.973e-14	1.0000e+05	9.0704e+04	2.0050e-11	1.3959e-01	8.6041e-01	4.6691e-01	5.3306e-01	3.2081e-05	3.9212e-12	1.9509e-02	9.2184e-01	5.8648e-02	1.4152e-07	1.6838e-01	8.3080e-01	8.1845e-04	1.1755e-36	1.1755e-36	1.1755e-36	1.1070e-19	0.00e+00	0.00e+00	3.4114e+00
7.73830e+13	7.2831e+03	1.950e-14	1.0000e+05	8.7429e+04	2.9767e-11	1.6866e-01	8.3134e-01	5.0629e-01	4.9368e-01	2.8555e-05	6.3225e-12	2.0113e-02	9.2894e-01	5.0946e-02	1.1755e-36	2.0211e-01	7.9729e-01	5.9276e-04	1.1755e-36	1.1755e-36	1.1755e-36	2.0821e-19	0.00e+00	0.00e+00	3.9253e+00
8.20181e+13	7.3225e+03	1.904e-14	1.0000e+05	8.3647e+04	4.4691e-11	2.0324e-01	7.9676e-01	5.4479e-01	4.5518e-01	2.5579e-05	1.0221e-11	2.0402e-02	9.3528e-01	4.4321e-02	1.1755e-36	2.4163e-01	7.5795e-01	4.2611e-04	1.1755e-36	1.1755e-36	1.1755e-36	3.9369e-19	0.00e+00	0.00e+00	4.4958e+00
8.62073e+13	7.3487e+03	1.832e-14	1.0000e+05	7.9310e+04	6.7603e-11	2.4342e-01	7.5658e-01	5.8159e-01	4.1839e-01	2.3110e-05	1.6444e-11	2.0336e-02	9.4097e-01	3.8696e-02	1.1755e-36	2.8675e-01	7.1295e-01	3.0502e-04	1.1755e-36	1.1755e-36	1.1755e-36	7.4167e-19	0.00e+00	0.00e+00	5.1004e+00
8.96121e+13	7.3592e+03	1.746e-14	1.0000e+05	7.5013e+04	9.8201e-11	2.8396e-01	7.1604e-01	6.1211e-01	3.8787e-01	2.1349e-05	2.4923e-11	1.9979e-02	9.4559e-01	3.4431e-02	1.1755e-36	3.3141e-01	6.6836e-01	2.2608e-04	1.1755e-36	1.1755e-36	1.1755e-36	1.2965e-18	0.00e+00	0.00e+00	5.6161e+00
9.20548e+13	7.3542e+03	1.664e-14	1.0000e+05	7.1440e+04	1.3109e-10	3.1764e-01	6.8236e-01	6.3377e-01	3.6621e-01	2.0260e-05	3.3966e-11	1.9524e-02	9.4892e-01	3.1552e-02	1.1755e-36	3.6789e-01	6.3193e-01	1.7968e-04	1.1755e-36	1.1755e-36	1.1755e-36	1.9701e-18	0.00e+00	0.00e+00	6.0190e+00
9.38626e+13	7.3399e+03	1.592e-14	1.0000e+05	6.8571e+04	1.6419e-10	3.4492e-01	6.5508e-01	6.4995e-01	3.5003e-01	1.9485e-05	4.2924e-11	1.9083e-02	9.5142e-01	2.9501e-02	1.1755e-36	3.9704e-01	6.0281e-01	1.5042e-04	1.1755e-36	1.1755e-36	1.1755e-36	2.7034e-18	0.00e+00	0.00e+00	6.3690e+00
9.54338e+13	7.3289e+03	1.519e-14	1.0000e+05	6.5912e+04	1.9973e-10	3.7002e-01	6.2998e-01	6.6379e-01	3.3619e-01	1.8876e-05	5.2624e-11	1.8618e-02	9.5359e-01	2.7794e-02	1.1755e-36	4.2352e-01	5.7635e-01	1.2817e-04	1.1755e-36	1.1755e-36	1.1755e-36	3.5643e-18	0.00e+00	0.00e+00	6.7278e+00
9.69632e+13	7.2896e+03	1.444e-14	1.0000e+05	6.3194e+04	2.4739e-10	3.9630e-01	6.0370e-01	6.7757e-01	3.2241e-01	1.8261e-05	6.4605e-11	1.8117e-02	9.5574e-01	2.6142e-02	1.1755e-36	4.5097e-01	5.4893e-01	1.0911e-04	1.1755e-36	1.1755e-36	1.1755e-36	4.7013e-18	0.00e+00	0.00e+00	7.1089e+00
9.84329e+13	7.2555e+03	1.366e-14	1.0000e+05	6.0478e+04	3.0294e-10	4.2240e-01	5.7760e-01	6.9023e-01	3.0975e-01	1.7763e-05	7.8486e-11	1.7568e-02	9.5779e-01	2.4645e-02	1.1755e-36	4.7789e-01	5.2202e-01	9.3186e-05	1.1755e-36	1.1755e-36	1.1755e-36	6.1271e-18	0.00e+00	0.00e+00	7.4866e+00
9.97717e+13	7.2157e+03	1.292e-14	1.0000e+05	5.7940e+04	3.6669e-10	4.4711e-01	5.5289e-01	7.0161e-01	2.9837e-01	1.7336e-05	9.3813e-11	1.7030e-02	9.5964e-01	2.3325e-02	1.1755e-36	5.0309e-01	4.9683e-01	8.0470e-05	1.1755e-36	1.1755e-36	1.1755e-36	7.8151e-18	0.00e+00	0.00e+00	7.8427e+00
1.00978e+14	7.1742e+03	1.223e-14	1.0000e+05	5.5627e+04	4.3771e-10	4.7014e-01	5.2986e-01	7.1180e-01	2.8818e-01	1.6964e-05	1.1040e-10	1.6521e-02	9.6132e-01	2.2162e-02	1.1755e-36	5.2633e-01	4.7360e-01	7.0266e-05	1.1755e-36	1.1755e-36	1.1755e-36	9.7681e-18	0.00e+00	0.00e+00	8.1847e+00
1.02108e+14	7.1331e+03	1.155e-14	1.0000e+05	5.3362e+04	5.1672e-10	4.9187e-01	5.0813e-01	7.2099e-01	2.7900e-01	1.6671e-05	1.2812e-10	1.5996e-02	9.6287e-01	2.1129e-02	1.1755e-36	5.4805e-01	4.5189e-01	6.1798e-05	1.1755e-36	1.1755e-36	1.1755e-36	1.1979e-17	0.00e+00	0.00e+00	8.5289e+00
1.03185e+14	7.0894e+03	1.090e-14	1.0000e+05	5.1190e+04	6.0665e-10	5.1278e-01	4.8722e-01	7.2955e-01	2.7043e-01	1.6413e-05	1.4751e-10	1.5479e-02	9.6434e-01	2.0177e-02	1.1755e-36	5.6875e-01	4.3120e-01	5.4614e-05	1.1755e-36	1.1755e-36	1.1755e-36	1.4536e-17	0.00e+00	0.00e+00	8.8669e+00
1.04199e+14	7.0436e+03	1.029e-14	1.0000e+05	4.9128e+04	7.0756e-10	5.3263e-01	4.6737e-01	7.3745e-01	2.6254e-01	1.6190e-05	1.6830e-10	1.4977e-02	9.6572e-01	1.9307e-02	1.1755e-36	5.8822e-01	4.1174e-01	4.8548e-05	1.1755e-36	1.1755e-36	1.1755e-36	1.7429e-17	0.00e+00	0.00e+00	9.1980e+00
1.05013e+14	7.0097e+03	9.809e-15	1.0000e+05	4.7481e+04	7.9433e-10	5.4765e-01	4.5235e-01	7.4320e-01	2.5679e-01	1.6071e-05	1.8544e-10	1.4560e-02	9.6676e-01	1.8676e-02	1.1755e-36	6.0283e-01	3.9713e-01	4.4370e-05	1.1755e-36	1.1755e-36	1.1755e-36	1.9916e-17	0.00e+00	0.00e+00	9.4205e+00
1.05609e+14	6.9843e+03	9.454e-15	1.0000e+05	4.6294e+04	8.6684e-10	5.5909e-01	4.4091e-01	7.4755e-01	2.5243e-01	1.5970e-05	1.9985e-10	1.4258e-02	9.6754e-01	1.8199e-02	1.1755e-36	6.1390e-01	3.8606e-01	4.1403e-05	1.1755e-36	1.1755e-36	1.1755e-36	2.2094e-17	0.00e+00	0.00e+00	9.6141e+00
1.06186e+14	6.9416e+03	9.110e-15	1.0000e+05	4.5129e+04	9.5938e-10	5.7098e-01	4.2902e-01	7.5217e-01	2.4782e-01	1.5822e-05	2.1628e-10	1.3968e-02	9.6833e-01	1.7704e-02	1.1755e-36	6.2536e-01	3.7460e-01	3.8584e-05	1.1755e-36	1.1755e-36	1.1755e-36	2.4628e-17	0.00e+00	0.00e+00	9.8325e+00
1.06809e+14	6.9074e+03	8.736e-15	1.0000e+05	4.3855e+04	1.0585e-09	5.8323e-01	4.1677e-01	7.5675e-01	2.4323e-01	1.5716e-05	2.3424e-10	1.3640e-02	9.6915e-01	1.7210e-02	1.1755e-36	6.3710e-01	3.6287e-01	3.5795e-05	1.1755e-36	1.1755e-36	1.1755e-36	2.7506e-17	0.00e+00	0.00e+00	1.0069e+01
1.07458e+14	6.8713e+03	8.353e-15	1.0000e+05	4.2530e+04	1.1715e-09	5.9574e-01	4.0426e-01	7.6136e-01	2.3863e-01	1.5625e-05	2.5392e-10	1.3292e-02	9.6999e-01	1.6716e-02	1.1755e-36	6.4902e-01	3.5095e-01	3.3123e-05	1.1755e-36	1.1755e-36	1.1755e-36	3.0759e-17	0.00e+00	0.00e+00	1.0315e+01
1.08110e+14	6.8265e+03	7.980e-15	1.0000e+05	4.1252e+04	1.3073e-09	6.0865e-01	3.9135e-01	7.6612e-01	2.3386e-01	1.5504e-05	2.7644e-10	1.2959e-02	9.7084e-01	1.6206e-02	1.1755e-36	6.6125e-01	3.3872e-01	3.0589e-05	1.1755e-36	1.1755e-36	1.1755e-36	3.4621e-17	0.00e+00	0.00e+00	1.0565e+01
1.08745e+14	6.7928e+03	7.619e-15	1.0000e+05	3.9971e+04	1.4390e-09	6.2044e-01	3.7956e-01	7.7032e-01	2.2966e-01	1.5450e-05	2.9803e-10	1.2613e-02	9.7163e-01	1.5755e-02	1.1755e-36	6.7236e-01	3.2761e-01	2.8363e-05	1.1755e-36	1.1755e-36	1.1755e-36	3.8441e-17	0.00e+00	0.00e+00	1.0808e+01
1.09374e+14	6.7436e+03	7.273e-15	1.0000e+05	3.8761e+04	1.6071e-09	6.3282e-01	3.6718e-01	7.7482e-01	2.2516e-01	1.5338e-05	3.2355e-10	1.2292e-02	9.7243e-01	1.5278e-02	1.1755e-36	6.8397e-01	3.1601e-01	2.6237e-05	1.1755e-36	1.1755e-36	1.1755e-36	4.3119e-17	0.00e+00	0.00e+00	1.1063e+01
1.10002e+14	6.7084e+03	6.929e-15	1.0000e+05	3.7516e+04	1.7685e-09	6.4423e-01	3.5577e-01	7.7876e-01	2.2122e-01	1.5307e-05	3.4794e-10	1.1949e-02	9.7320e-01	1.4853e-02	1.1755e-36	6.9460e-01	3.0538e-01	2.4333e-05	1.1755e-36	1.1755e-36	1.1755e-36	4.7742e-17	0.00e+00	0.00e+00	1.1314e+01
1.10633e+14	6.6603e+03	6.595e-15	1.0000e+05	3.6300e+04	1.9700e-09	6.5605e-01	3.4395e-01	7.8294e-01	2.1704e-01	1.5236e-05	3.7598e-10	1.1617e-02	9.7397e-01	1.4411e-02	1.1755e-36	7.0557e-01	2.9441e-01	2.2516e-05	1.1755e-36	1.1755e-36	1.1755e-36	5.3213e-17	0.00e+00	0.00e+00	1.1580e+01
1.11270e+14	6.6122e+03	6.270e-15	1.0000e+05	3.5121e+04	2.1963e-09	6.6789e-01	3.3211e-01	7.8716e-01	2.1282e-01	1.5157e-05	4.0698e-10	1.1294e-02	9.7474e-01	1.3970e-02	1.1755e-36	7.1651e-01	2.8347e-01	2.0806e-05	1.1755e-36	1.1755e-36	1.1755e-36	5.9508e-17	0.00e+00	0.00e+00	1.1847e+01
1.11894e+14	6.5669e+03	5.960e-15	1.0000e+05	3.3962e+04	2.4360e-09	6.7904e-01	3.2096e-01	7.9105e-01	2.0894e-01	1.5112e-05	4.3812e-10	1.0970e-02	9.7547e-01	1.3560e-02	1.1755e-36	7.2675e-01	2.7323e-01	1.9275e-05	1.1755e-36	1.1755e-36	1.1755e-36	6.6040e-17	0.00e+00	0.00e+00	1.2111e+01
1.12512e+14	6.5193e+03	5.661e-15	1.0000e+05	3.2829e+04	2.7056e-09	6.8999e-01	3.1001e-01	7.9486e-01	2.0513e-01	1.5068e-05	4.7136e-10	1.0651e-02	9.7619e-01	1.3161e-02	1.1755e-36	7.3676e-01	2.6322e-01	1.7858e-05	1.1755e-36	1.1755e-36	1.1755e-36	7.3247e-17	0.00e+00	0.00e+00	1.2382e+01
1.13137e+14	6.4720e+03	5.369e-15	1.0000e+05	3.1710e+04	3.0060e-09	7.0084e-01	2.9916e-01	7.9863e-01	2.0135e-01	1.5031e-05	5.0719e-10	1.0334e-02	9.7690e-01	1.2767e-02	1.1755e-36	7.4664e-01	2.5335e-01	1.6528e-05	1.1755e-36	1.1755e-36	1.1755e-36	8.1301e-17	0.00e+00	0.00e+00	1.2660e+01
1.13766e+14	6.4212e+03	5.086e-15	1.0000e+05	3.0597e+04	3.3499e-09	7.1154e-01	2.8846e-01	8.0235e-01	1.9763e-01	1.4999e-05	5.4545e-10	1.0017e-02	9.7760e-01	1.2382e-02	1.1755e-36	7.5630e-01	2.4368e-01	1.5294e-05	1.1755e-36	1.1755e-36	1.1755e-36	9.0189e-17	0.00e+00	0.00e+00	1.2942e+01
1.14393e+14	6.3649e+03	4.816e-15	1.0000e+05	2.9528e+04	3.7524e-09	7.2217e-01	2.7783e-01	8.0611e-01	1.9387e-01	1.4948e-05	5.8757e-10	9.7127e-03	9.7829e-01	1.1998e-02	1.1755e-36	7.6590e-01	2.3408e-01	1.4140e-05	1.1755e-36	1.1755e-36	1.1755e-36	1.0034e-16	0.00e+00	0.00e+00	1.3228e+01
1.15013e+14	6.3223e+03	4.558e-15	1.0000e+05	2.8477e+04	4.1409e-09	7.3193e-01	2.6807e-01	8.0944e-01	1.9054e-01	1.4958e-05	6.2815e-10	9.4048e-03	9.7895e-01	1.1648e-02	1.1755e-36	7.7467e-01	2.2532e-01	1.3106e-05	1.1755e-36	1.1755e-36	1.1755e-36	1.1049e-16	0.00e+00	0.00e+00	1.3511e+01
1.15639e+14	6.2626e+03	4.308e-15	1.0000e+05	2.7437e+04	4.6512e-09	7.4205e-01	2.5795e-01	8.1300e-01	1.8699e-01	1.4927e-05	6.7503e-10	9.1043e-03	9.7961e-01	1.1286e-02	1.1755e-36	7.8371e-01	2.1628e-01	1.2120e-05	1.1755e-36	1.1755e-36	1.1755e-36	1.2260e-16	0.00e+00	0.00e+00	1.3810e+01
1.16272e+14	6.2055e+03	4.068e-15	1.0000e+05	2.6440e+04	5.2153e-09	7.5201e-01	2.4799e-01	8.1655e-01	1.8344e-01	1.4892e-05	7.2607e-10	8.8139e-03	9.8026e-01	1.0929e-02	1.1755e-36	7.9257e-01	2.0742e-01	1.1197e-05	1.1755e-36	1.1755e-36	1.1755e-36	1.3638e-16	0.00e+00	0.00e+00	1.4108e+01
1.16891e+14	6.1515e+03	3.843e-15	1.0000e+05	2.5472e+04	5.8189e-09	7.6130e-01	2.3870e-01	8.1982e-01	1.8017e-01	1.4885e-05	7.7711e-10	8.5287e-03	9.8087e-01	1.0598e-02	1.1755e-36	8.0080e-01	1.9919e-01	1.0370e-05	1.1755e-36	1.1755e-36	1.1755e-36	1.5069e-16	0.00e+00	0.00e+00	1.4402e+01
1.17507e+14	6.1003e+03	3.628e-15	1.0000e+05	2.4531e+04	6.4737e-09	7.7027e-01	2.2973e-01	8.2300e-01	1.7699e-01	1.4888e-05	8.3066e-10	8.2489e-03	9.8147e-01	1.0277e-02	1.1755e-36	8.0871e-01	1.9128e-01	9.6060e-06	1.1755e-36	1.1755e-36	1.1755e-36	1.6631e-16	0.00e+00	0.00e+00	1.4704e+01
1.18136e+14	6.0385e+03	3.419e-15	1.0000e+05	2.3593e+04	7.2884e-09	7.7934e-01	2.2066e-01	8.2624e-01	1.7374e-01	1.4880e-05	8.9020e-10	7.9706e-03	9.8208e-01	9.9537e-03	1.1755e-36	8.1668e-01	1.8331e-01	8.8810e-06	1.1755e-36	1.1755e-36	1.1755e-36	1.8439e-16	0.00e+00	0.00e+00	1.5018e+01
1.18769e+14	5.9779e+03	3.221e-15	1.0000e+05	2.2701e+04	8.2041e-09	7.8824e-01	2.1176e-01	8.2951e-01	1.7047e-01	1.4857e-05	9.5547e-10	7.7047e-03	9.8266e-01	9.6350e-03	1.1755e-36	8.2447e-01	1.7552e-01	8.2046e-06	1.1755e-36	1.1755e-36	1.1755e-36	2.0520e-16	0.00e+00	0.00e+00	1.5330e+01
1.19390e+14	5.9200e+03	3.036e-15	1.0000e+05	2.1834e+04	9.1947e-09	7.9653e-01	2.0347e-01	8.3253e-01	1.6746e-01	1.4864e-05	1.0207e-09	7.4434e-03	9.8322e-01	9.3382e-03	1.1755e-36	8.3170e-01	1.6829e-01	7.5984e-06	1.1755e-36	1.1755e-36	1.1755e-36	2.2692e-16	0.00e+00	0.00e+00	1.5639e+01
1.20007e+14	5.8642e+03	2.861e-15	1.0000e+05	2.1002e+04	1.0283e-08	8.0450e-01	1.9549e-01	8.3549e-01	1.6449e-01	1.4871e-05	1.0898e-09	7.1910e-03	9.8376e-01	9.0513e-03	1.1755e-36	8.3863e-01	1.6136e-01	7.0389e-06	1.1755e-36	1.1755e-36	1.1755e-36	2.5100e-16	0.00e+00	0.00e+00	1.5954e+01
1.20608e+14	5.8021e+03	2.701e-15	1.0000e+05	2.0226e+04	1.1566e-08	8.1216e-01	1.8784e-01	8.3839e-01	1.6159e-01	1.4857e-05	1.1640e-09	6.9565e-03	9.8427e-01	8.7760e-03	1.1755e-36	8.4527e-01	1.5473e-01	6.5333e-06	1.1755e-36	1.1755e-36	1.1755e-36	2.7817e-16	0.00e+00	0.00e+00	1.6253e+01
1.21164e+14	5.7561e+03	2.561e-15	1.0000e+05	1.9525e+04	1.2726e-08	8.1868e-01	1.8132e-01	8.4080e-01	1.5919e-01	1.4891e-05	1.2302e-09	6.7397e-03	9.8472e-01	8.5395e-03	1.1755e-36	8.5089e-01	1.4911e-01	6.1089e-06	1.1755e-36	1.1755e-36	1.1755e-36	3.0357e-16	0.00e+00	0.00e+00	1.6526e+01
1.21717e+14	5.6954e+03	2.425e-15	1.0000e+05	1.8837e+04	1.4257e-08	8.2543e-01	1.7457e-01	8.4343e-01	1.5656e-01	1.4879e-05	1.3082e-09	6.5307e-03	9.8517e-01	8.2965e-03	1.1755e-36	8.5670e-01	1.4330e-01	5.6980e-06	1.1755e-36	1.1755e-36	1.1755e-36	3.3504e-16	0.00e+00	0.00e+00	1.6827e+01
1.22275e+14	5.6423e+03	2.298e-15	1.0000e+05	1.8183e+04	1.5837e-08	8.3179e-01	1.6821e-01	8.4593e-01	1.5406e-01	1.4881e-05	1.3883e-09	6.3296e-03	9.8561e-01	8.0648e-03	1.1755e-36	8.6216e-01	1.3784e-01	5.3207e-06	1.1755e-36	1.1755e-36	1.1755e-36	3.6897e-16	0.00e+00	0.00e+00	1.7110e+01
1.22813e+14	5.5835e+03	2.181e-15	1.0000e+05	1.7564e+04	1.7700e-08	8.3792e-01	1.6208e-01	8.4839e-01	1.5159e-01	1.4866e-05	1.4744e-09	6.1397e-03	9.8602e-01	7.8427e-03	1.1755e-36	8.6741e-01	1.3259e-01	4.9756e-06	1.1755e-36	1.1755e-36	1.1755e-36	4.0759e-16	0.00e+00	0.00e+00	1.7395e+01
1.23339e+14	5.5385e+03	2.072e-15	1.0000e+05	1.6973e+04	1.9433e-08	8.4338e-01	1.5662e-01	8.5051e-01	1.4947e-01	1.4904e-05	1.5541e-09	5.9540e-03	9.8641e-01	7.6410e-03	1.1755e-36	8.7206e-01	1.2793e-01	4.6688e-06	1.1755e-36	1.1755e-36	1.1755e-36	4.4506e-16	0.00e+00	0.00e+00	1.7668e+01
1.23883e+14	5.4793e+03	1.963e-15	1.0000e+05	1.6374e+04	2.1771e-08	8.4921e-01	1.5079e-01	8.5292e-01	1.4707e-01	1.4898e-05	1.6522e-09	5.7689e-03	9.8680e-01	7.4277e-03	1.1755e-36	8.7704e-01	1.2296e-01	4.3604e-06	1.1755e-36	1.1755e-36	1.1755e-36	4.9397e-16	0.00e+00	0.00e+00	1.7976e+01
1.24438e+14	5.4169e+03	1.861e-15	1.0000e+05	1.5804e+04	2.4515e-08	8.5495e-01	1.4505e-01	8.5536e-01	1.4462e-01	1.4871e-05	1.7619e-09	5.5927e-03	9.8719e-01	7.2187e-03	1.1755e-36	8.8190e-01	1.1809e-01	4.0727e-06	1.1755e-36	1.1755e-36	1.1755e-36	5.5235e-16	0.00e+00	0.00e+00	1.8265e+01
1.24945e+14	5.3749e+03	1.771e-15	1.0000e+05	1.5290e+04	2.6796e-08	8.5962e-01	1.4038e-01	8.5724e-01	1.4274e-01	1.4916e-05	1.8530e-09	5.4286e-03	9.8753e-01	7.0430e-03	1.1755e-36	8.8586e-01	1.1414e-01	3.8348e-06	1.1755e-36	1.1755e-36	1.1755e-36	6.0342e-16	0.00e+00	0.00e+00	1.8525e+01
1.25464e+14	5.3150e+03	1.682e-15	1.0000e+05	1.4766e+04	3.0068e-08	8.6473e-01	1.3527e-01	8.5947e-01	1.4051e-01	1.4903e-05	1.9714e-09	5.2657e-03	9.8788e-01	6.8544e-03	1.1755e-36	8.9019e-01	1.0980e-01	3.5916e-06	1.1755e-36	1.1755e-36	1.1755e-36	6.7431e-16	0.00e+00	0.00e+00	1.8831e+01
1.26003e+14	5.2536e+03	1.597e-15	1.0000e+05	1.4265e+04	3.3867e-08	8.6979e-01	1.3021e-01	8.6174e-01	1.3825e-01	1.4873e-05	2.1048e-09	5.1092e-03	9.8822e-01	6.6691e-03	1.1755e-36	8.9444e-01	1.0555e-01	3.3629e-06	1.1755e-36	1.1755e-36	1.1755e-36	7.6004e-16	0.00e+00	0.00e+00	1.9115e+01
1.26491e+14	5.2122e+03	1.523e-15	1.0000e+05	1.3815e+04	3.6995e-08	8.7385e-01	1.2615e-01	8.6346e-01	1.3652e-01	1.4915e-05	2.2149e-09	4.9644e-03	9.8852e-01	6.5136e-03	1.1755e-36	8.9787e-01	1.0213e-01	3.1746e-06	1.1755e-36	1.1755e-36	1.1755e-36	8.3478e-16	0.00e+00	0.00e+00	1.9369e+01
1.26993e+14	5.1537e+03	1.449e-15	1.0000e+05	1.3354e+04	4.1495e-08	8.7833e-01	1.2167e-01	8.6552e-01	1.3446e-01	1.4900e-05	2.3606e-09	4.8199e-03	9.8883e-01	6.3468e-03	1.1755e-36	9.0164e-01	9.8361e-02	2.9809e-06	1.1755e-36	1.1755e-36	1.1755e-36	9.4111e-16	0.00e+00	0.00e+00	1.9670e+01
1.27516e+14	5.0953e+03	1.378e-15	1.0000e+05	1.2905e+04	4.6589e-08	8.8265e-01	1.1735e-01	8.6755e-01	1.3244e-01	1.4888e-05	2.5200e-09	4.6778e-03	9.8914e-01	6.1840e-03	1.1755e-36	9.0529e-01	9.4709e-02	2.7982e-06	1.1755e-36	1.1755e-36	1.1755e-36	1.0662e-15	0.00e+00	0.00e+00	1.9950e+01
1.27997e+14	5.0441e+03	1.316e-15	1.0000e+05	1.2509e+04	5.1720e-08	8.8652e-01	1.1348e-01	8.6936e-01	1.3062e-01	1.4878e-05	2.6801e-09	4.5519e-03	9.8941e-01	6.0400e-03	1.1755e-36	9.0850e-01	9.1501e-02	2.6425e-06	1.1755e-36	1.1755e-36	1.1755e-36	1.2011e-15	0.00e+00	0.00e+00	2.0207e+01
1.28458e+14	4.9969e+03	1.258e-15	1.0000e+05	1.2135e+04	5.7071e-08	8.9009e-01	1.0991e-01	8.7108e-01	1.2891e-01	1.4876e-05	2.8450e-09	4.4324e-03	9.8967e-01	5.9024e-03	1.1755e-36	9.1148e-01	8.8519e-02	2.4993e-06	1.1755e-36	1.1755e-36	1.1755e-36	1.3486e-15	0.00e+00	0.00e+00	2.0467e+01
1.28935e+14	4.9412e+03	1.201e-15	1.0000e+05	1.1751e+04	6.3815e-08	8.9376e-01	1.0624e-01	8.7287e-01	1.2712e-01	1.4864e-05	3.0467e-09	4.3100e-03	9.8995e-01	5.7429e-03	1.1755e-36	9.1453e-01	8.5463e-02	2.3583e-06	1.1755e-36	1.1755e-36	1.1755e-36	1.5319e-15	0.00e+00	0.00e+00	2.0745e+01
1.29416e+14	4.8872e+03	1.147e-15	1.0000e+05	1.1392e+04	7.1289e-08	8.9731e-01	1.0269e-01	8.7468e-01	1.2531e-01	1.4835e-05	3.2686e-09	4.1959e-03	9.9022e-01	5.5871e-03	1.1755e-36	9.1749e-01	8.2506e-02	2.2258e-06	1.1755e-36	1.1755e-36	1.1755e-36	1.7478e-15	0.00e+00	0.00e+00	2.1010e+01
1.29872e+14	4.8377e+03	1.098e-15	1.0000e+05	1.1053e+04	7.9022e-08	9.0049e-01	9.9510e-02	8.7628e-01	1.2370e-01	1.4829e-05	3.4887e-09	4.0872e-03	9.9047e-01	5.4453e-03	1.1755e-36	9.2014e-01	7.9859e-02	2.1085e-06	1.1755e-36	1.1755e-36	1.1755e-36	1.9779e-15	0.00e+00	0.00e+00	2.1263e+01
1.30322e+14	4.7884e+03	1.052e-15	1.0000e+05	1.0729e+04	8.7659e-08	9.0359e-01	9.6411e-02	8.7790e-01	1.2209e-01	1.4813e-05	3.7311e-09	3.9833e-03	9.9071e-01	5.3064e-03	1.1755e-36	9.2271e-01	7.7286e-02	1.9974e-06	1.1755e-36	1.1755e-36	1.1755e-36	2.2491e-15	0.00e+00	0.00e+00	2.1523e+01
1.30780e+14	4.7344e+03	1.007e-15	1.0000e+05	1.0409e+04	9.8138e-08	9.0671e-01	9.3294e-02	8.7957e-01	1.2042e-01	1.4783e-05	4.0140e-09	3.8812e-03	9.9095e-01	5.1669e-03	1.1755e-36	9.2529e-01	7.4713e-02	1.8905e-06	1.1755e-36	1.1755e-36	1.1755e-36	2.5905e-15	0.00e+00	0.00e+00	2.1787e+01
1.31227e+14	4.6857e+03	9.654e-16	1.0000e+05	1.0109e+04	1.0894e-07	9.0953e-01	9.0467e-02	8.8109e-01	1.1889e-01	1.4768e-05	4.2996e-09	3.7843e-03	9.9118e-01	5.0372e-03	1.1755e-36	9.2763e-01	7.2364e-02	1.7935e-06	1.1755e-36	1.1755e-36	1.1755e-36	2.9615e-15	0.00e+00	0.00e+00	2.2036e+01
1.31662e+14	4.6376e+03	9.266e-16	1.0000e+05	9.8237e+03	1.2089e-07	9.1225e-01	8.7752e-02	8.8259e-01	1.1739e-01	1.4746e-05	4.6109e-09	3.6924e-03	9.9140e-01	4.9122e-03	1.1755e-36	9.2988e-01	7.0119e-02	1.7032e-06	1.1755e-36	1.1755e-36	1.1755e-36	3.3958e-15	0.00e+00	0.00e+00	2.2287e+01
1.32101e+14	4.5847e+03	8.890e-16	1.0000e+05	9.5436e+03	1.3541e-07	9.1496e-01	8.5037e-02	8.8414e-01	1.1584e-01	1.4708e-05	4.9755e-09	3.6029e-03	9.9161e-01	4.7873e-03	1.1755e-36	9.3212e-01	6.7882e-02	1.6164e-06	1.1755e-36	1.1755e-36	1.1755e-36	3.9468e-15	0.00e+00	0.00e+00	2.2542e+01
1.32527e+14	4.5426e+03	8.546e-16	1.0000e+05	9.2823e+03	1.4892e-07	9.1736e-01	8.2641e-02	8.8550e-01	1.1449e-01	1.4702e-05	5.3190e-09	3.5173e-03	9.9181e-01	4.6734e-03	1.1755e-36	9.3410e-01	6.5896e-02	1.5382e-06	1.1755e-36	1.1755e-36	1.1755e-36	4.5028e-15	0.00e+00	0.00e+00	2.2780e+01
1.32960e+14	4.4899e+03	8.204e-16	1.0000e+05	9.0166e+03	1.6712e-07	9.1988e-01	8.0118e-02	8.8698e-01	1.1300e-01	1.4667e-05	5.7576e-09	3.4320e-03	9.9201e-01	4.5551e-03	1.1755e-36	9.3618e-01	6.3821e-02	1.4608e-06	1.1755e-36	1.1755e-36	1.1755e-36	5.2748e-15	0.00e+00	0.00e+00	2.3044e+01
1.33395e+14	4.4402e+03	7.883e-16	1.0000e+05	8.7714e+03	1.8684e-07	9.2232e-01	7.7683e-02	8.8848e-01	1.1151e-01	1.4616e-05	6.2371e-09	3.3534e-03	9.9221e-01	4.4407e-03	1.1755e-36	9.3817e-01	6.1824e-02	1.3882e-06	1.1755e-36	1.1755e-36	1.1755e-36	6.1869e-15	0.00e+00	0.00e+00	2.3286e+01
1.33801e+14	4.3971e+03	7.596e-16	1.0000e+05	8.5423e+03	2.0620e-07	9.2442e-01	7.5576e-02	8.8975e-01	1.1023e-01	1.4596e-05	6.6991e-09	3.2788e-03	9.9238e-01	4.3387e-03	1.1755e-36	9.3991e-01	6.0088e-02	1.3246e-06	1.1755e-36	1.1755e-36	1.1755e-36	7.1380e-15	0.00e+00	0.00e+00	2.3517e+01
1.34208e+14	4.3473e+03	7.315e-16	1.0000e+05	8.3190e+03	2.3081e-07	9.2662e-01	7.3382e-02	8.9116e-01	1.0883e-01	1.4540e-05	7.2729e-09	3.2072e-03	9.9256e-01	4.2336e-03	1.1755e-36	9.4171e-01	5.8287e-02	1.2618e-06	1.1755e-36	1.1755e-36	1.1755e-36	8.4188e-15	0.00e+00	0.00e+00	2.3762e+01
1.34615e+14	4.3027e+03	7.051e-16	1.0000e+05	8.1014e+03	2.5592e-07	9.2862e-01	7.1380e-02	8.9242e-01	1.0757e-01	1.4514e-05	7.8534e-09	3.1363e-03	9.9273e-01	4.1355e-03	1.1755e-36	9.4336e-01	5.6643e-02	1.2043e-06	1.1755e-36	1.1755e-36	1.1755e-36	9.8245e-15	0.00e+00	0.00e+00	2.3994e+01
1.35013e+14	4.2578e+03	6.799e-16	1.0000e+05	7.8955e+03	2.8421e-07	9.3058e-01	6.9421e-02	8.9370e-01	1.0629e-01	1.4471e-05	8.5049e-09	3.0695e-03	9.9289e-01	4.0396e-03	1.1755e-36	9.4496e-01	5.5039e-02	1.1496e-06	1.1755e-36	1.1755e-36	1.1755e-36	1.1530e-14	0.00e+00	0.00e+00	2.4230e+01
1.35416e+14	4.2111e+03	6.556e-16	1.0000e+05	7.6935e+03	3.1709e-07	9.3251e-01	6.7485e-02	8.9500e-01	1.0499e-01	1.4421e-05	9.2514e-09	3.0044e-03	9.9305e-01	3.9442e-03	1.1755e-36	9.4654e-01	5.3454e-02	1.0969e-06	1.1755e-36	1.1755e-36	1.1755e-36	1.3655e-14	0.00e+00	0.00e+00	2.4467e+01
1.35812e+14	4.1653e+03	6.328e-16	1.0000e+05	7.4996e+03	3.5332e-07	9.3434e-01	6.5655e-02	8.9624e-01	1.0374e-01	1.4374e-05	1.0063e-08	2.9417e-03	9.9320e-01	3.8535e-03	1.1755e-36	9.4804e-01	5.1959e-02	1.0481e-06	1.1755e-36	1.1755e-36	1.1755e-36	1.6174e-14	0.00e+00	0.00e+00	2.4697e+01
1.36197e+14	4.1217e+03	6.115e-16	1.0000e+05	7.3162e+03	3.9200e-07	9.3605e-01	6.3949e-02	8.9742e-01	1.0257e-01	1.4331e-05	1.0925e-08	2.8822e-03	9.9335e-01	3.7675e-03	1.1755e-36	9.4944e-01	5.0562e-02	1.0029e-06	1.1755e-36	1.1755e-36	1.1755e-36	1.9075e-14	0.00e+00	0.00e+00	2.4921e+01
1.36579e+14	4.0779e+03	5.911e-16	1.0000e+05	7.1392e+03	4.3553e-07	9.3773e-01	6.2273e-02	8.9861e-01	1.0137e-01	1.4279e-05	1.1891e-08	2.8249e-03	9.9349e-01	3.6830e-03	1.1755e-36	9.5080e-01	4.9194e-02	9.5961e-07	1.1755e-36	1.1755e-36	1.1755e-36	2.2610e-14	0.00e+00	0.00e+00	2.5149e+01
1.36964e+14	4.0331e+03	5.713e-16	1.0000e+05	6.9662e+03	4.8520e-07	9.3937e-01	6.0630e-02	8.9981e-01	1.0018e-01	1.4221e-05	1.2984e-08	2.7692e-03	9.9363e-01	3.5996e-03	1.1755e-36	9.5215e-01	4.7853e-02	9.1807e-07	1.1755e-36	1.1755e-36	1.1755e-36	2.6965e-14	0.00e+00	0.00e+00	2.5378e+01
1.37344e+14	3.9892e+03	5.526e-16	1.0000e+05	6.7994e+03	5.3964e-07	9.4093e-01	5.9067e-02	9.0096e-01	9.9029e-02	1.4167e-05	1.4174e-08	2.7153e-03	9.9377e-01	3.5196e-03	1.1755e-36	9.5342e-01	4.6578e-02	8.7914e-07	1.1755e-36	1.1755e-36	1.1755e-36	3.2135e-14	0.00e+00	0.00e+00	2.5601e+01
###########################
2.54120e+10	7.8289e+03	2.531e-14	1.0000e+05	1.0242e+05	1.3866e-12	4.7482e-02	9.5252e-01	2.1516e-01	7.8474e-01	9.5102e-05	2.6866e-13	1.1688e-02	8.2499e-01	1.6332e-01	1.7478e-06	5.7744e-02	9.3663e-01	5.6298e-03	1.1755e-36	1.1755e-36	1.1755e-36	3.9038e-21	0.00e+00	0.00e+00	1.5240e-03
1.52472e+11	7.8193e+03	2.520e-14	1.0000e+05	1.0214e+05	1.3860e-12	4.7326e-02	9.5267e-01	2.1491e-01	7.8500e-01	9.5248e-05	2.6600e-13	1.1623e-02	8.2487e-01	1.6351e-01	1.7561e-06	5.7559e-02	9.3680e-01	5.6462e-03	1.1755e-36	1.1755e-36	1.1755e-36	3.8414e-21	0.00e+00	0.00e+00	7.6001e-03
6.60713e+11	7.8076e+03	2.501e-14	1.0000e+05	1.0206e+05	1.3913e-12	4.7264e-02	9.5274e-01	2.1554e-01	7.8437e-01	9.4781e-05	2.6548e-13	1.1613e-02	8.2544e-01	1.6295e-01	1.7453e-06	5.7493e-02	9.3688e-01	5.6277e-03	1.1755e-36	1.1755e-36	1.1755e-36	3.8172e-21	0.00e+00	0.00e+00	3.1873e-02
2.69368e+12	7.7598e+03	2.457e-14	1.0000e+05	1.0198e+05	1.4582e-12	4.7714e-02	9.5229e-01	2.1941e-01	7.8049e-01	9.2214e-05	2.7306e-13	1.1731e-02	8.2854e-01	1.5973e-01	1.6745e-06	5.8071e-02	9.3645e-01	5.4776e-03	1.1755e-36	1.1755e-36	1.1755e-36	3.9164e-21	0.00e+00	0.00e+00	1.2989e-01
6.43433e+12	7.6006e+03	2.318e-14	1.0000e+05	1.0204e+05	1.5283e-12	4.6674e-02	9.5333e-01	2.2318e-01	7.7673e-01	8.9183e-05	2.6299e-13	1.1688e-02	8.3206e-01	1.5625e-01	1.6361e-06	5.6890e-02	9.3766e-01	5.4502e-03	1.1755e-36	1.1755e-36	1.1755e-36	3.6053e-21	0.00e+00	0.00e+00	2.5453e-01
1.12972e+13	7.4588e+03	2.209e-14	1.0000e+05	1.0198e+05	1.6841e-12	4.6934e-02	9.5307e-01	2.3021e-01	7.6971e-01	8.4664e-05	2.6971e-13	1.1846e-02	8.3758e-01	1.5057e-01	1.5269e-06	5.7287e-02	9.3749e-01	5.2248e-03	1.1755e-36	1.1755e-36	1.1755e-36	3.6185e-21	0.00e+00	0.00e+00	4.1747e-01
1.76189e+13	7.3296e+03	2.117e-14	1.0000e+05	1.0171e+05	1.9640e-12	4.8611e-02	9.5139e-01	2.4166e-01	7.5826e-01	7.8522e-05	2.9606e-13	1.2227e-02	8.4551e-01	1.4226e-01	1.3494e-06	5.9413e-02	9.3579e-01	4.7965e-03	1.1755e-36	1.1755e-36	1.1755e-36	3.9770e-21	0.00e+00	0.00e+00	6.3685e-01
2.58371e+13	7.2163e+03	2.045e-14	1.0000e+05	1.0119e+05	2.4752e-12	5.2449e-02	9.4755e-01	2.6024e-01	7.3969e-01	7.0498e-05	3.5784e-13	1.2929e-02	8.5663e-01	1.3044e-01	1.1022e-06	6.4172e-02	9.3169e-01	4.1415e-03	1.1755e-36	1.1755e-36	1.1755e-36	4.9672e-21	0.00e+00	0.00e+00	9.4457e-01
3.49890e+13	7.1379e+03	1.991e-14	1.0000e+05	1.0036e+05	3.2618e-12	5.8384e-02	9.4162e-01	2.8422e-01	7.1572e-01	6.2377e-05	4.6456e-13	1.3851e-02	8.6885e-01	1.1730e-01	8.5277e-07	7.1465e-02	9.2512e-01	3.4168e-03	1.1755e-36	1.1755e-36	1.1755e-36	6.8524e-21	0.00e+00	0.00e+00	1.2769e+00
4.35447e+13	7.0977e+03	1.975e-14	1.0000e+05	9.9441e+04	4.4698e-12	6.6962e-02	9.3304e-01	3.1289e-01	6.8706e-01	5.4924e-05	6.4793e-13	1.4972e-02	8.8102e-01	1.0400e-01	6.3244e-07	8.1922e-02	9.1536e-01	2.7227e-03	1.1755e-36	1.1755e-36	1.1755e-36	1.0484e-20	0.00e+00	0.00e+00	1.6193e+00
5.15246e+13	7.1095e+03	1.967e-14	1.0000e+05	9.7840e+04	6.1839e-12	7.8298e-02	9.2170e-01	3.4566e-01	6.5429e-01	4.8122e-05	9.4515e-13	1.6158e-02	8.9244e-01	9.1401e-02	4.5507e-07	9.5641e-02	9.0225e-01	2.1061e-03	1.1755e-36	1.1755e-36	1.1755e-36	1.7092e-20	0.00e+00	0.00e+00	2.0081e+00
5.92071e+13	7.1286e+03	1.972e-14	1.0000e+05	9.5965e+04	9.0537e-12	9.4079e-02	9.0592e-01	3.8420e-01	6.1576e-01	4.1826e-05	1.4797e-12	1.7450e-02	9.0361e-01	7.8936e-02	3.1196e-07	1.1460e-01	8.8384e-01	1.5654e-03	1.1755e-36	1.1755e-36	1.1755e-36	3.0674e-20	0.00e+00	0.00e+00	2.4538e+00
6.61927e+13	7.1756e+03	1.976e-14	1.0000e+05	9.3547e+04	1.3467e-11	1.1454e-01	8.8546e-01	4.2555e-01	5.7441e-01	3.6451e-05	2.4011e-12	1.8638e-02	9.1353e-01	6.7836e-02	2.0955e-07	1.3893e-01	8.5994e-01	1.1361e-03	1.1755e-36	1.1755e-36	1.1755e-36	5.7958e-20	0.00e+00	0.00e+00	2.9217e+00
7.21700e+13	7.2290e+03	1.971e-14	1.0000e+05	9.0738e+04	2.0053e-11	1.3929e-01	8.6071e-01	4.6641e-01	5.3355e-01	3.2117e-05	3.9093e-12	1.9579e-02	9.2188e-01	5.8541e-02	1.4153e-07	1.6803e-01	8.3114e-01	8.2161e-04	1.1755e-36	1.1755e-36	1.1755e-36	1.1033e-19	0.00e+00	0.00e+00	3.4043e+00
7.73294e+13	7.2786e+03	1.948e-14	1.0000e+05	8.7462e+04	2.9811e-11	1.6836e-01	8.3164e-01	5.0583e-01	4.9414e-01	2.8584e-05	6.3126e-12	2.0204e-02	9.2897e-01	5.0828e-02	1.1755e-36	2.0178e-01	7.9763e-01	5.9481e-04	1.1755e-36	1.1755e-36	1.1755e-36	2.0806e-19	0.00e+00	0.00e+00	3.9180e+00
8.19674e+13	7.3182e+03	1.902e-14	1.0000e+05	8.3682e+04	4.4798e-11	2.0292e-01	7.9708e-01	5.4432e-01	4.5566e-01	2.5607e-05	1.0215e-11	2.0510e-02	9.3529e-01	4.4203e-02	1.1755e-36	2.4128e-01	7.5829e-01	4.2754e-04	1.1755e-36	1.1755e-36	1.1755e-36	3.9418e-19	0.00e+00	0.00e+00	4.4874e+00
8.61566e+13	7.3445e+03	1.831e-14	1.0000e+05	7.9347e+04	6.7812e-11	2.4309e-01	7.5691e-01	5.8109e-01	4.1888e-01	2.3139e-05	1.6447e-11	2.0458e-02	9.4096e-01	3.8582e-02	1.1755e-36	2.8638e-01	7.1331e-01	3.0604e-04	1.1755e-36	1.1755e-36	1.1755e-36	7.4375e-19	0.00e+00	0.00e+00	5.0914e+00
8.95645e+13	7.3553e+03	1.745e-14	1.0000e+05	7.5033e+04	9.8566e-11	2.8362e-01	7.1638e-01	6.1145e-01	3.8853e-01	2.1401e-05	2.4932e-11	2.0107e-02	9.4557e-01	3.4328e-02	1.1755e-36	3.3105e-01	6.6873e-01	2.2682e-04	1.1755e-36	1.1755e-36	1.1755e-36	1.3014e-18	0.00e+00	0.00e+00	5.6074e+00
9.20070e+13	7.3507e+03	1.663e-14	1.0000e+05	7.1475e+04	1.3165e-10	3.1733e-01	6.8267e-01	6.3325e-01	3.6673e-01	2.0291e-05	3.4022e-11	1.9661e-02	9.4889e-01	3.1452e-02	1.1755e-36	3.6757e-01	6.3225e-01	1.8023e-04	1.1755e-36	1.1755e-36	1.1755e-36	1.9814e-18	0.00e+00	0.00e+00	6.0089e+00
9.38144e+13	7.3364e+03	1.591e-14	1.0000e+05	6.8604e+04	1.6496e-10	3.4464e-01	6.5536e-01	6.4945e-01	3.5053e-01	1.9515e-05	4.3013e-11	1.9223e-02	9.5137e-01	2.9405e-02	1.1755e-36	3.9674e-01	6.0311e-01	1.5086e-04	1.1755e-36	1.1755e-36	1.1755e-36	2.7210e-18	0.00e+00	0.00e+00	6.3594e+00
9.53892e+13	7.3186e+03	1.519e-14	1.0000e+05	6.5937e+04	2.0193e-10	3.6999e-01	6.3001e-01	6.6346e-01	3.3652e-01	1.8885e-05	5.2868e-11	1.8763e-02	9.5356e-01	2.7681e-02	1.1755e-36	4.2350e-01	5.7637e-01	1.2845e-04	1.1755e-36	1.1755e-36	1.1755e-36	3.5985e-18	0.00e+00	0.00e+00	6.7190e+00
9.69199e+13	7.2963e+03	1.442e-14	1.0000e+05	6.3212e+04	2.4689e-10	3.9590e-01	6.0410e-01	6.7690e-01	3.2308e-01	1.8320e-05	6.4658e-11	1.8248e-02	9.5568e-01	2.6071e-02	1.1755e-36	4.5054e-01	5.4935e-01	1.0938e-04	1.1755e-36	1.1755e-36	1.1755e-36	4.7303e-18	0.00e+00	0.00e+00	7.0995e+00
9.83873e+13	7.2525e+03	1.366e-14	1.0000e+05	6.0500e+04	3.0466e-10	4.2222e-01	5.7778e-01	6.8973e-01	3.1025e-01	1.7795e-05	7.8733e-11	1.7707e-02	9.5773e-01	2.4559e-02	1.1755e-36	4.7771e-01	5.2220e-01	9.3411e-05	1.1755e-36	1.1755e-36	1.1755e-36	6.1801e-18	0.00e+00	0.00e+00	7.4761e+00
9.97238e+13	7.2128e+03	1.292e-14	1.0000e+05	5.7961e+04	3.6881e-10	4.4692e-01	5.5308e-01	7.0109e-01	2.9889e-01	1.7370e-05	9.4107e-11	1.7168e-02	9.5959e-01	2.3246e-02	1.1755e-36	5.0290e-01	4.9701e-01	8.0670e-05	1.1755e-36	1.1755e-36	1.1755e-36	7.8839e-18	0.00e+00	0.00e+00	7.8318e+00
1.00930e+14	7.1713e+03	1.223e-14	1.0000e+05	5.5653e+04	4.4036e-10	4.6999e-01	5.3001e-01	7.1129e-01	2.8869e-01	1.6997e-05	1.1079e-10	1.6658e-02	9.6126e-01	2.2085e-02	1.1755e-36	5.2619e-01	4.7374e-01	7.0433e-05	1.1755e-36	1.1755e-36	1.1755e-36	9.8607e-18	0.00e+00	0.00e+00	8.1734e+00
1.02060e+14	7.1295e+03	1.155e-14	1.0000e+05	5.3373e+04	5.2019e-10	4.9175e-01	5.0825e-01	7.2047e-01	2.7952e-01	1.6708e-05	1.2855e-10	1.6129e-02	9.6281e-01	2.1056e-02	1.1755e-36	5.4793e-01	4.5201e-01	6.1942e-05	1.1755e-36	1.1755e-36	1.1755e-36	1.2089e-17	0.00e+00	0.00e+00	8.5180e+00
1.03135e+14	7.0884e+03	1.090e-14	1.0000e+05	5.1205e+04	6.0945e-10	5.1259e-01	4.8741e-01	7.2898e-01	2.7100e-01	1.6456e-05	1.4791e-10	1.5610e-02	9.6428e-01	2.0113e-02	1.1755e-36	5.6856e-01	4.3139e-01	5.4754e-05	1.1755e-36	1.1755e-36	1.1755e-36	1.4663e-17	0.00e+00	0.00e+00	8.8544e+00
1.04145e+14	7.0433e+03	1.028e-14	1.0000e+05	4.9103e+04	7.0950e-10	5.3216e-01	4.6784e-01	7.3677e-01	2.6322e-01	1.6251e-05	1.6825e-10	1.5094e-02	9.6564e-01	1.9266e-02	1.1755e-36	5.8775e-01	4.1220e-01	4.8736e-05	1.1755e-36	1.1755e-36	1.1755e-36	1.7494e-17	0.00e+00	0.00e+00	9.1844e+00
1.04962e+14	7.0105e+03	9.807e-15	1.0000e+05	4.7502e+04	7.9709e-10	5.4747e-01	4.5253e-01	7.4265e-01	2.5733e-01	1.6113e-05	1.8599e-10	1.4691e-02	9.6669e-01	1.8619e-02	1.1755e-36	6.0266e-01	3.9730e-01	4.4474e-05	1.1755e-36	1.1755e-36	1.1755e-36	2.0101e-17	0.00e+00	0.00e+00	9.4094e+00
1.05559e+14	6.9707e+03	9.461e-15	1.0000e+05	4.6344e+04	8.8131e-10	5.5952e-01	4.4048e-01	7.4734e-01	2.5264e-01	1.5962e-05	2.0162e-10	1.4406e-02	9.6749e-01	1.8109e-02	1.1755e-36	6.1433e-01	3.8563e-01	4.1438e-05	1.1755e-36	1.1755e-36	1.1755e-36	2.2470e-17	0.00e+00	0.00e+00	9.6016e+00
1.06118e+14	6.9464e+03	9.117e-15	1.0000e+05	4.5154e+04	9.5658e-10	5.7016e-01	4.2984e-01	7.5137e-01	2.4861e-01	1.5887e-05	2.1576e-10	1.4095e-02	9.6822e-01	1.7683e-02	1.1755e-36	6.2457e-01	3.7539e-01	3.8807e-05	1.1755e-36	1.1755e-36	1.1755e-36	2.4663e-17	0.00e+00	0.00e+00	9.8076e+00
1.06741e+14	6.9032e+03	8.745e-15	1.0000e+05	4.3911e+04	1.0656e-09	5.8305e-01	4.1695e-01	7.5626e-01	2.4373e-01	1.5740e-05	2.3508e-10	1.3779e-02	9.6906e-01	1.7156e-02	1.1755e-36	6.3693e-01	3.6304e-01	3.5914e-05	1.1755e-36	1.1755e-36	1.1755e-36	2.7780e-17	0.00e+00	0.00e+00	1.0056e+01
1.07406e+14	6.8661e+03	8.355e-15	1.0000e+05	4.2562e+04	1.1824e-09	5.9589e-01	4.0411e-01	7.6094e-01	2.3904e-01	1.5649e-05	2.5537e-10	1.3424e-02	9.6993e-01	1.6650e-02	1.1755e-36	6.4917e-01	3.5080e-01	3.3171e-05	1.1755e-36	1.1755e-36	1.1755e-36	3.1166e-17	0.00e+00	0.00e+00	1.0303e+01
1.08052e+14	6.8296e+03	7.983e-15	1.0000e+05	4.1276e+04	1.3081e-09	6.0830e-01	3.9170e-01	7.6544e-01	2.3455e-01	1.5563e-05	2.7671e-10	1.3082e-02	9.7075e-01	1.6169e-02	1.1755e-36	6.6092e-01	3.3905e-01	3.0694e-05	1.1755e-36	1.1755e-36	1.1755e-36	3.4856e-17	0.00e+00	0.00e+00	1.0547e+01
1.08684e+14	6.7889e+03	7.625e-15	1.0000e+05	4.0019e+04	1.4496e-09	6.2044e-01	3.7956e-01	7.6981e-01	2.3017e-01	1.5480e-05	2.9936e-10	1.2746e-02	9.7155e-01	1.5703e-02	1.1755e-36	6.7236e-01	3.2761e-01	2.8433e-05	1.1755e-36	1.1755e-36	1.1755e-36	3.8895e-17	0.00e+00	0.00e+00	1.0793e+01
1.09313e+14	6.7481e+03	7.275e-15	1.0000e+05	3.8784e+04	1.6058e-09	6.3242e-01	3.6758e-01	7.7410e-01	2.2589e-01	1.5404e-05	3.2361e-10	1.2412e-02	9.7234e-01	1.5248e-02	1.1755e-36	6.8359e-01	3.1638e-01	2.6334e-05	1.1755e-36	1.1755e-36	1.1755e-36	4.3371e-17	0.00e+00	0.00e+00	1.1044e+01
1.09943e+14	6.7045e+03	6.934e-15	1.0000e+05	3.7560e+04	1.7825e-09	6.4432e-01	3.5568e-01	7.7833e-01	2.2166e-01	1.5331e-05	3.4976e-10	1.2079e-02	9.7312e-01	1.4801e-02	1.1755e-36	6.9469e-01	3.0529e-01	2.4380e-05	1.1755e-36	1.1755e-36	1.1755e-36	4.8355e-17	0.00e+00	0.00e+00	1.1301e+01
1.10572e+14	6.6589e+03	6.601e-15	1.0000e+05	3.6350e+04	1.9806e-09	6.5602e-01	3.4398e-01	7.8246e-01	2.1752e-01	1.5266e-05	3.7761e-10	1.1746e-02	9.7389e-01	1.4366e-02	1.1755e-36	7.0555e-01	2.9442e-01	2.2572e-05	1.1755e-36	1.1755e-36	1.1755e-36	5.3839e-17	0.00e+00	0.00e+00	1.1561e+01
1.11198e+14	6.6132e+03	6.279e-15	1.0000e+05	3.5162e+04	2.1993e-09	6.6748e-01	3.3252e-01	7.8648e-01	2.1351e-01	1.5212e-05	4.0712e-10	1.1416e-02	9.7464e-01	1.3944e-02	1.1755e-36	7.1614e-01	2.8384e-01	2.0901e-05	1.1755e-36	1.1755e-36	1.1755e-36	5.9852e-17	0.00e+00	0.00e+00	1.1824e+01
1.11824e+14	6.5668e+03	5.967e-15	1.0000e+05	3.3995e+04	2.4429e-09	6.7876e-01	3.2124e-01	7.9042e-01	2.0957e-01	1.5163e-05	4.3867e-10	1.1089e-02	9.7538e-01	1.3532e-02	1.1755e-36	7.2650e-01	2.7348e-01	1.9349e-05	1.1755e-36	1.1755e-36	1.1755e-36	6.6503e-17	0.00e+00	0.00e+00	1.2093e+01
1.12451e+14	6.5196e+03	5.664e-15	1.0000e+05	3.2849e+04	2.7149e-09	6.8987e-01	3.1013e-01	7.9429e-01	2.0570e-01	1.5119e-05	4.7242e-10	1.0765e-02	9.7611e-01	1.3129e-02	1.1755e-36	7.3665e-01	2.6333e-01	1.7908e-05	1.1755e-36	1.1755e-36	1.1755e-36	7.3872e-17	0.00e+00	0.00e+00	1.2366e+01
1.13077e+14	6.4713e+03	5.372e-15	1.0000e+05	3.1727e+04	3.0190e-09	7.0076e-01	2.9924e-01	7.9808e-01	2.0190e-01	1.5080e-05	5.0841e-10	1.0445e-02	9.7682e-01	1.2736e-02	1.1755e-36	7.4656e-01	2.5343e-01	1.6573e-05	1.1755e-36	1.1755e-36	1.1755e-36	8.2009e-17	0.00e+00	0.00e+00	1.2643e+01
1.13702e+14	6.4211e+03	5.091e-15	1.0000e+05	3.0629e+04	3.3616e-09	7.1143e-01	2.8857e-01	8.0180e-01	1.9818e-01	1.5045e-05	5.4679e-10	1.0131e-02	9.7752e-01	1.2352e-02	1.1755e-36	7.5622e-01	2.4376e-01	1.5337e-05	1.1755e-36	1.1755e-36	1.1755e-36	9.0990e-17	0.00e+00	0.00e+00	1.2923e+01
1.14325e+14	6.3689e+03	4.821e-15	1.0000e+05	2.9554e+04	3.7486e-09	7.2186e-01	2.7814e-01	8.0545e-01	1.9454e-01	1.5013e-05	5.8760e-10	9.8208e-03	9.7820e-01	1.1978e-02	1.1755e-36	7.6563e-01	2.3436e-01	1.4194e-05	1.1755e-36	1.1755e-36	1.1755e-36	1.0088e-16	0.00e+00	0.00e+00	1.3207e+01
1.14947e+14	6.3157e+03	4.562e-15	1.0000e+05	2.8503e+04	4.1819e-09	7.3202e-01	2.6798e-01	8.0900e-01	1.9099e-01	1.4988e-05	6.3078e-10	9.5156e-03	9.7887e-01	1.1616e-02	1.1755e-36	7.7475e-01	2.2524e-01	1.3139e-05	1.1755e-36	1.1755e-36	1.1755e-36	1.1172e-16	0.00e+00	0.00e+00	1.3494e+01
1.15569e+14	6.2622e+03	4.314e-15	1.0000e+05	2.7477e+04	4.6666e-09	7.4194e-01	2.5806e-01	8.1247e-01	1.8752e-01	1.4969e-05	6.7663e-10	9.2154e-03	9.7952e-01	1.1263e-02	1.1755e-36	7.8361e-01	2.1638e-01	1.2161e-05	1.1755e-36	1.1755e-36	1.1755e-36	1.2368e-16	0.00e+00	0.00e+00	1.3786e+01
1.16193e+14	6.2082e+03	4.076e-15	1.0000e+05	2.6476e+04	5.2107e-09	7.5163e-01	2.4837e-01	8.1587e-01	1.8411e-01	1.4954e-05	7.2550e-10	8.9205e-03	9.8016e-01	1.0918e-02	1.1755e-36	7.9223e-01	2.0776e-01	1.1253e-05	1.1755e-36	1.1755e-36	1.1755e-36	1.3692e-16	0.00e+00	0.00e+00	1.4082e+01
1.16817e+14	6.1535e+03	3.848e-15	1.0000e+05	2.5500e+04	5.8222e-09	7.6108e-01	2.3892e-01	8.1922e-01	1.8077e-01	1.4943e-05	7.7754e-10	8.6314e-03	9.8079e-01	1.0582e-02	1.1755e-36	8.0060e-01	1.9939e-01	1.0411e-05	1.1755e-36	1.1755e-36	1.1755e-36	1.5159e-16	0.00e+00	0.00e+00	1.4383e+01
1.17442e+14	6.0978e+03	3.631e-15	1.0000e+05	2.4551e+04	6.5119e-09	7.7028e-01	2.2972e-01	8.2250e-01	1.7749e-01	1.4934e-05	8.3293e-10	8.3485e-03	9.8140e-01	1.0254e-02	1.1755e-36	8.0872e-01	1.9127e-01	9.6309e-06	1.1755e-36	1.1755e-36	1.1755e-36	1.6784e-16	0.00e+00	0.00e+00	1.4686e+01
1.18067e+14	6.0405e+03	3.424e-15	1.0000e+05	2.3628e+04	7.2956e-09	7.7924e-01	2.2076e-01	8.2572e-01	1.7426e-01	1.4927e-05	8.9194e-10	8.0720e-03	9.8199e-01	9.9359e-03	1.1755e-36	8.1660e-01	1.8339e-01	8.9096e-06	1.1755e-36	1.1755e-36	1.1755e-36	1.8590e-16	0.00e+00	0.00e+00	1.4994e+01
1.18691e+14	5.9814e+03	3.227e-15	1.0000e+05	2.2732e+04	8.1890e-09	7.8794e-01	2.1206e-01	8.2888e-01	1.7110e-01	1.4921e-05	9.5475e-10	7.8020e-03	9.8257e-01	9.6262e-03	1.1755e-36	8.2421e-01	1.7578e-01	8.2429e-06	1.1755e-36	1.1755e-36	1.1755e-36	2.0597e-16	0.00e+00	0.00e+00	1.5304e+01
1.19315e+14	5.9216e+03	3.041e-15	1.0000e+05	2.1860e+04	9.2008e-09	7.9636e-01	2.0364e-01	8.3198e-01	1.6801e-01	1.4919e-05	1.0213e-09	7.5382e-03	9.8314e-01	9.3261e-03	1.1755e-36	8.3156e-01	1.6844e-01	7.6272e-06	1.1755e-36	1.1755e-36	1.1755e-36	2.2823e-16	0.00e+00	0.00e+00	1.5618e+01
1.19940e+14	5.8615e+03	2.864e-15	1.0000e+05	2.1015e+04	1.0344e-08	8.0452e-01	1.9548e-01	8.3500e-01	1.6498e-01	1.4921e-05	1.0922e-09	7.2806e-03	9.8368e-01	9.0347e-03	1.1755e-36	8.3865e-01	1.6135e-01	7.0572e-06	1.1755e-36	1.1755e-36	1.1755e-36	2.5307e-16	0.00e+00	0.00e+00	1.5936e+01
1.20536e+14	5.8088e+03	2.705e-15	1.0000e+05	2.0244e+04	1.1502e-08	8.1186e-01	1.8814e-01	8.3775e-01	1.6224e-01	1.4935e-05	1.1616e-09	7.0439e-03	9.8419e-01	8.7708e-03	1.1755e-36	8.4501e-01	1.5499e-01	6.5622e-06	1.1755e-36	1.1755e-36	1.1755e-36	2.7855e-16	0.00e+00	0.00e+00	1.6226e+01
1.21101e+14	5.7484e+03	2.562e-15	1.0000e+05	1.9531e+04	1.2883e-08	8.1890e-01	1.8110e-01	8.4046e-01	1.5952e-01	1.4921e-05	1.2362e-09	6.8256e-03	9.8466e-01	8.5190e-03	1.1755e-36	8.5108e-01	1.4891e-01	6.1166e-06	1.1755e-36	1.1755e-36	1.1755e-36	3.0736e-16	0.00e+00	0.00e+00	1.6517e+01
1.21644e+14	5.7005e+03	2.430e-15	1.0000e+05	1.8863e+04	1.4197e-08	8.2515e-01	1.7485e-01	8.4282e-01	1.5716e-01	1.4948e-05	1.3061e-09	6.6179e-03	9.8509e-01	8.2926e-03	1.1755e-36	8.5646e-01	1.4353e-01	5.7254e-06	1.1755e-36	1.1755e-36	1.1755e-36	3.3563e-16	0.00e+00	0.00e+00	1.6790e+01
1.22190e+14	5.6384e+03	2.304e-15	1.0000e+05	1.8215e+04	1.5939e-08	8.3174e-01	1.6826e-01	8.4548e-01	1.5451e-01	1.4916e-05	1.3912e-09	6.4191e-03	9.8552e-01	8.0564e-03	1.1755e-36	8.6211e-01	1.3789e-01	5.3423e-06	1.1755e-36	1.1755e-36	1.1755e-36	3.7199e-16	0.00e+00	0.00e+00	1.7088e+01
1.22733e+14	5.5956e+03	2.186e-15	1.0000e+05	1.7586e+04	1.7462e-08	8.3745e-01	1.6255e-01	8.4765e-01	1.5234e-01	1.4966e-05	1.4661e-09	6.2204e-03	9.8593e-01	7.8461e-03	1.1755e-36	8.6700e-01	1.3299e-01	5.0051e-06	1.1755e-36	1.1755e-36	1.1755e-36	4.0544e-16	0.00e+00	0.00e+00	1.7363e+01
1.23283e+14	5.5347e+03	2.070e-15	1.0000e+05	1.6960e+04	1.9600e-08	8.4358e-01	1.5642e-01	8.5014e-01	1.4985e-01	1.4958e-05	1.5596e-09	6.0259e-03	9.8635e-01	7.6245e-03	1.1755e-36	8.7223e-01	1.2776e-01	4.6707e-06	1.1755e-36	1.1755e-36	1.1755e-36	4.4973e-16	0.00e+00	0.00e+00	1.7672e+01
1.23839e+14	5.4723e+03	1.962e-15	1.0000e+05	1.6371e+04	2.2052e-08	8.4951e-01	1.5049e-01	8.5264e-01	1.4735e-01	1.4931e-05	1.6620e-09	5.8425e-03	9.8675e-01	7.4095e-03	1.1755e-36	8.7728e-01	1.2271e-01	4.3613e-06	1.1755e-36	1.1755e-36	1.1755e-36	5.0129e-16	0.00e+00	0.00e+00	1.7957e+01
1.24345e+14	5.4319e+03	1.868e-15	1.0000e+05	1.5840e+04	2.4047e-08	8.5433e-01	1.4567e-01	8.5454e-01	1.4544e-01	1.4979e-05	1.7463e-09	5.6727e-03	9.8710e-01	7.2300e-03	1.1755e-36	8.8137e-01	1.1863e-01	4.1065e-06	1.1755e-36	1.1755e-36	1.1755e-36	5.4591e-16	0.00e+00	0.00e+00	1.8216e+01
1.24870e+14	5.3706e+03	1.773e-15	1.0000e+05	1.5292e+04	2.7017e-08	8.5970e-01	1.4030e-01	8.5686e-01	1.4313e-01	1.4964e-05	1.8580e-09	5.5009e-03	9.8747e-01	7.0333e-03	1.1755e-36	8.8593e-01	1.1406e-01	3.8417e-06	1.1755e-36	1.1755e-36	1.1755e-36	6.0891e-16	0.00e+00	0.00e+00	1.8526e+01
1.25417e+14	5.3086e+03	1.682e-15	1.0000e+05	1.4767e+04	3.0435e-08	8.6499e-01	1.3501e-01	8.5920e-01	1.4079e-01	1.4935e-05	1.9828e-09	5.3360e-03	9.8782e-01	6.8407e-03	1.1755e-36	8.9039e-01	1.0960e-01	3.5938e-06	1.1755e-36	1.1755e-36	1.1755e-36	6.8440e-16	0.00e+00	0.00e+00	1.8810e+01
1.25908e+14	5.2681e+03	1.603e-15	1.0000e+05	1.4299e+04	3.3199e-08	8.6922e-01	1.3078e-01	8.6096e-01	1.3903e-01	1.4980e-05	2.0845e-09	5.1846e-03	9.8814e-01	6.6804e-03	1.1755e-36	8.9396e-01	1.0604e-01	3.3910e-06	1.1755e-36	1.1755e-36	1.1755e-36	7.4919e-16	0.00e+00	0.00e+00	1.9065e+01
1.26418e+14	5.2083e+03	1.524e-15	1.0000e+05	1.3815e+04	3.7288e-08	8.7394e-01	1.2606e-01	8.6310e-01	1.3689e-01	1.4965e-05	2.2211e-09	5.0313e-03	9.8846e-01	6.5061e-03	1.1755e-36	8.9794e-01	1.0206e-01	3.1802e-06	1.1755e-36	1.1755e-36	1.1755e-36	8.4278e-16	0.00e+00	0.00e+00	1.9372e+01
1.26950e+14	5.1493e+03	1.448e-15	1.0000e+05	1.3343e+04	4.1883e-08	8.7847e-01	1.2153e-01	8.6519e-01	1.3479e-01	1.4954e-05	2.3688e-09	4.8814e-03	9.8878e-01	6.3360e-03	1.1755e-36	9.0178e-01	9.8213e-02	2.9816e-06	1.1755e-36	1.1755e-36	1.1755e-36	9.5128e-16	0.00e+00	0.00e+00	1.9653e+01
1.27435e+14	5.1004e+03	1.382e-15	1.0000e+05	1.2931e+04	4.6321e-08	8.8248e-01	1.1752e-01	8.6704e-01	1.3295e-01	1.4951e-05	2.5135e-09	4.7490e-03	9.8906e-01	6.1869e-03	1.1755e-36	9.0511e-01	9.4884e-02	2.8140e-06	1.1755e-36	1.1755e-36	1.1755e-36	1.0649e-15	0.00e+00	0.00e+00	1.9911e+01
1.27908e+14	5.0459e+03	1.320e-15	1.0000e+05	1.2533e+04	5.1643e-08	8.8638e-01	1.1362e-01	8.6890e-01	1.3108e-01	1.4932e-05	2.6765e-09	4.6215e-03	9.8934e-01	6.0419e-03	1.1755e-36	9.0837e-01	9.1623e-02	2.6556e-06	1.1755e-36	1.1755e-36	1.1755e-36	1.2026e-15	0.00e+00	0.00e+00	2.0181e+01
1.28383e+14	4.9990e+03	1.260e-15	1.0000e+05	1.2147e+04	5.6987e-08	8.9001e-01	1.0999e-01	8.7063e-01	1.2936e-01	1.4939e-05	2.8412e-09	4.4964e-03	9.8960e-01	5.9025e-03	1.1755e-36	9.1141e-01	8.8588e-02	2.5083e-06	1.1755e-36	1.1755e-36	1.1755e-36	1.3504e-15	0.00e+00	0.00e+00	2.0444e+01
1.28867e+14	4.9421e+03	1.202e-15	1.0000e+05	1.1757e+04	6.3861e-08	8.9373e-01	1.0627e-01	8.7245e-01	1.2753e-01	1.4926e-05	3.0460e-09	4.3712e-03	9.8989e-01	5.7412e-03	1.1755e-36	9.1451e-01	8.5486e-02	2.3651e-06	1.1755e-36	1.1755e-36	1.1755e-36	1.5371e-15	0.00e+00	0.00e+00	2.0726e+01
1.29349e+14	4.8882e+03	1.148e-15	1.0000e+05	1.1397e+04	7.1323e-08	8.9729e-01	1.0271e-01	8.7427e-01	1.2571e-01	1.4897e-05	3.2675e-09	4.2554e-03	9.9016e-01	5.5858e-03	1.1755e-36	9.1747e-01	8.2526e-02	2.2321e-06	1.1755e-36	1.1755e-36	1.1755e-36	1.7533e-15	0.00e+00	0.00e+00	2.0989e+01
1.29803e+14	4.8391e+03	1.100e-15	1.0000e+05	1.1060e+04	7.8995e-08	9.0045e-01	9.9551e-02	8.7587e-01	1.2411e-01	1.4892e-05	3.4858e-09	4.1460e-03	9.9041e-01	5.4452e-03	1.1755e-36	9.2010e-01	7.9893e-02	2.1150e-06	1.1755e-36	1.1755e-36	1.1755e-36	1.9821e-15	0.00e+00	0.00e+00	2.1242e+01
1.30253e+14	4.7897e+03	1.053e-15	1.0000e+05	1.0736e+04	8.7663e-08	9.0357e-01	9.6428e-02	8.7750e-01	1.2248e-01	1.4874e-05	3.7295e-09	4.0411e-03	9.9065e-01	5.3066e-03	1.1755e-36	9.2269e-01	7.7312e-02	2.0036e-06	1.1755e-36	1.1755e-36	1.1755e-36	2.2556e-15	0.00e+00	0.00e+00	2.1502e+01
1.30712e+14	4.7370e+03	1.008e-15	1.0000e+05	1.0406e+04	9.7843e-08	9.0657e-01	9.3429e-02	8.7906e-01	1.2092e-01	1.4874e-05	3.9972e-09	3.9337e-03	9.9090e-01	5.1701e-03	1.1755e-36	9.2519e-01	7.4813e-02	1.8977e-06	1.1755e-36	1.1755e-36	1.1755e-36	2.5802e-15	0.00e+00	0.00e+00	2.1766e+01
1.31165e+14	4.6854e+03	9.661e-16	1.0000e+05	1.0111e+04	1.0926e-07	9.0958e-01	9.0420e-02	8.8076e-01	1.1923e-01	1.4822e-05	4.3060e-09	3.8386e-03	9.9113e-01	5.0348e-03	1.1755e-36	9.2767e-01	7.2328e-02	1.7968e-06	1.1755e-36	1.1755e-36	1.1755e-36	2.9803e-15	0.00e+00	0.00e+00	2.2021e+01
1.31600e+14	4.6382e+03	9.275e-16	1.0000e+05	9.8258e+03	1.2099e-07	9.1224e-01	8.7759e-02	8.8222e-01	1.1776e-01	1.4808e-05	4.6096e-09	3.7453e-03	9.9134e-01	4.9120e-03	1.1755e-36	9.2988e-01	7.0123e-02	1.7074e-06	1.1755e-36	1.1755e-36	1.1755e-36	3.4060e-15	0.00e+00	0.00e+00	2.2266e+01
1.32031e+14	4.5891e+03	8.904e-16	1.0000e+05	9.5501e+03	1.3464e-07	9.1489e-01	8.5110e-02	8.8373e-01	1.1626e-01	1.4780e-05	4.9565e-09	3.6558e-03	9.9155e-01	4.7905e-03	1.1755e-36	9.3205e-01	6.7945e-02	1.6219e-06	1.1755e-36	1.1755e-36	1.1755e-36	3.9297e-15	0.00e+00	0.00e+00	2.2519e+01
1.32466e+14	4.5396e+03	8.550e-16	1.0000e+05	9.2834e+03	1.5009e-07	9.1746e-01	8.2541e-02	8.8523e-01	1.1476e-01	1.4745e-05	5.3420e-09	3.5687e-03	9.9176e-01	4.6706e-03	1.1755e-36	9.3418e-01	6.5821e-02	1.5403e-06	1.1755e-36	1.1755e-36	1.1755e-36	4.5578e-15	0.00e+00	0.00e+00	2.2770e+01
1.32893e+14	4.4921e+03	8.219e-16	1.0000e+05	9.0281e+03	1.6678e-07	9.1987e-01	8.0135e-02	8.8664e-01	1.1334e-01	1.4718e-05	5.7505e-09	3.4852e-03	9.9196e-01	4.5573e-03	1.1755e-36	9.3616e-01	6.3838e-02	1.4653e-06	1.1755e-36	1.1755e-36	1.1755e-36	5.2776e-15	0.00e+00	0.00e+00	2.3014e+01
1.33312e+14	4.4449e+03	7.905e-16	1.0000e+05	8.7841e+03	1.8543e-07	9.2219e-01	7.7812e-02	8.8805e-01	1.1194e-01	1.4685e-05	6.2011e-09	3.4053e-03	9.9215e-01	4.4473e-03	1.1755e-36	9.3807e-01	6.1927e-02	1.3946e-06	1.1755e-36	1.1755e-36	1.1755e-36	6.1351e-15	0.00e+00	0.00e+00	2.3258e+01
1.33731e+14	4.3973e+03	7.606e-16	1.0000e+05	8.5481e+03	2.0653e-07	9.2444e-01	7.5560e-02	8.8944e-01	1.1055e-01	1.4647e-05	6.7025e-09	3.3282e-03	9.9233e-01	4.3400e-03	1.1755e-36	9.3992e-01	6.0077e-02	1.3278e-06	1.1755e-36	1.1755e-36	1.1755e-36	7.1685e-15	0.00e+00	0.00e+00	2.3501e+01
1.34144e+14	4.3502e+03	7.325e-16	1.0000e+05	8.3218e+03	2.2994e-07	9.2659e-01	7.3415e-02	8.9079e-01	1.0920e-01	1.4610e-05	7.2504e-09	3.2542e-03	9.9251e-01	4.2368e-03	1.1755e-36	9.4168e-01	5.8315e-02	1.2654e-06	1.1755e-36	1.1755e-36	1.1755e-36	8.3930e-15	0.00e+00	0.00e+00	2.3740e+01
1.34548e+14	4.3044e+03	7.060e-16	1.0000e+05	8.1059e+03	2.5559e-07	9.2862e-01	7.1379e-02	8.9209e-01	1.0790e-01	1.4572e-05	7.8436e-09	3.1834e-03	9.9268e-01	4.1380e-03	1.1755e-36	9.4335e-01	5.6645e-02	1.2072e-06	1.1755e-36	1.1755e-36	1.1755e-36	9.8298e-15	0.00e+00	0.00e+00	2.3975e+01
1.34949e+14	4.2589e+03	6.808e-16	1.0000e+05	7.8983e+03	2.8417e-07	9.3059e-01	6.9413e-02	8.9338e-01	1.0661e-01	1.4530e-05	8.4988e-09	3.1154e-03	9.9284e-01	4.0421e-03	1.1755e-36	9.4496e-01	5.5034e-02	1.1523e-06	1.1755e-36	1.1755e-36	1.1755e-36	1.1550e-14	0.00e+00	0.00e+00	2.4210e+01
1.35347e+14	4.2132e+03	6.567e-16	1.0000e+05	7.6976e+03	3.1629e-07	9.3249e-01	6.7505e-02	8.9465e-01	1.0534e-01	1.4485e-05	9.2282e-09	3.0497e-03	9.9300e-01	3.9488e-03	1.1755e-36	9.4652e-01	5.3475e-02	1.1002e-06	1.1755e-36	1.1755e-36	1.1755e-36	1.3630e-14	0.00e+00	0.00e+00	2.4444e+01
1.35742e+14	4.1680e+03	6.339e-16	1.0000e+05	7.5043e+03	3.5201e-07	9.3432e-01	6.5678e-02	8.9589e-01	1.0409e-01	1.4439e-05	1.0030e-08	2.9864e-03	9.9316e-01	3.8585e-03	1.1755e-36	9.4802e-01	5.1981e-02	1.0512e-06	1.1755e-36	1.1755e-36	1.1755e-36	1.6118e-14	0.00e+00	0.00e+00	2.4675e+01
1.36130e+14	4.1236e+03	6.123e-16	1.0000e+05	7.3187e+03	3.9126e-07	9.3606e-01	6.3937e-02	8.9710e-01	1.0289e-01	1.4393e-05	1.0905e-08	2.9255e-03	9.9330e-01	3.7716e-03	1.1755e-36	9.4944e-01	5.0554e-02	1.0051e-06	1.1755e-36	1.1755e-36	1.1755e-36	1.9067e-14	0.00e+00	0.00e+00	2.4903e+01
1.36515e+14	4.0796e+03	5.917e-16	1.0000e+05	7.1396e+03	4.3497e-07	9.3776e-01	6.2242e-02	8.9829e-01	1.0170e-01	1.4345e-05	1.1876e-08	2.8668e-03	9.9345e-01	3.6874e-03	1.1755e-36	9.5083e-01	4.9173e-02	9.6146e-07	1.1755e-36	1.1755e-36	1.1755e-36	2.2624e-14	0.00e+00	0.00e+00	2.5131e+01
1.36899e+14	4.0352e+03	5.719e-16	1.0000e+05	6.9645e+03	4.8422e-07	9.3941e-01	6.0588e-02	8.9945e-01	1.0054e-01	1.4298e-05	1.2960e-08	2.8095e-03	9.9359e-01	3.6053e-03	1.1755e-36	9.5218e-01	4.7820e-02	9.1955e-07	1.1755e-36	1.1755e-36	1.1755e-36	2.6962e-14	0.00e+00	0.00e+00	2.5357e+01
1.37278e+14	3.9916e+03	5.527e-16	1.0000e+05	6.7913e+03	5.3877e-07	9.4105e-01	5.8950e-02	9.0053e-01	9.9456e-02	1.4267e-05	1.4159e-08	2.7525e-03	9.9372e-01	3.5274e-03	1.1755e-36	9.5351e-01	4.6488e-02	8.7946e-07	1.1755e-36	1.1755e-36	1.1755e-36	3.2211e-14	0.00e+00	0.00e+00	2.5581e+01
###########################
2.54120e+10	7.8289e+03	2.531e-14	1.0000e+05	1.0242e+05	1.3866e-12	4.7482e-02	9.5252e-01	2.1516e-01	7.8474e-01	9.5102e-05	2.6866e-13	1.1688e-02	8.2499e-01	1.6332e-01	1.7478e-06	5.7744e-02	9.3663e-01	5.6298e-03	1.1755e-36	1.1755e-36	1.1755e-36	3.9039e-21	0.00e+00	0.00e+00	1.5240e-03
1.52472e+11	7.8193e+03	2.520e-14	1.0000e+05	1.0214e+05	1.3860e-12	4.7326e-02	9.5267e-01	2.1491e-01	7.8500e-01	9.5248e-05	2.6601e-13	1.1623e-02	8.2487e-01	1.6351e-01	1.7561e-06	5.7559e-02	9.3680e-01	5.6462e-03	1.1755e-36	1.1755e-36	1.1755e-36	3.8415e-21	0.00e+00	0.00e+00	7.6001e-03
6.60713e+11	7.8077e+03	2.501e-14	1.0000e+05	1.0206e+05	1.3913e-12	4.7264e-02	9.5274e-01	2.1554e-01	7.8437e-01	9.4781e-05	2.6549e-13	1.1613e-02	8.2544e-01	1.6295e-01	1.7453e-06	5.7493e-02	9.3688e-01	5.6277e-03	1.1755e-36	1.1755e-36	1.1755e-36	3.8173e-21	0.00e+00	0.00e+00	3.1873e-02
2.69368e+12	7.7598e+03	2.457e-14	1.0000e+05	1.0198e+05	1.4582e-12	4.7714e-02	9.5229e-01	2.1941e-01	7.8049e-01	9.2215e-05	2.7306e-13	1.1731e-02	8.2854e-01	1.5973e-01	1.6745e-06	5.8071e-02	9.3645e-01	5.4776e-03	1.1755e-36	1.1755e-36	1.1755e-36	3.9165e-21	0.00e+00	0.00e+00	1.2989e-01
6.43433e+12	7.6007e+03	2.318e-14	1.0000e+05	1.0204e+05	1.5283e-12	4.6674e-02	9.5333e-01	2.2318e-01	7.7673e-01	8.9183e-05	2.6299e-13	1.1688e-02	8.3206e-01	1.5625e-01	1.6361e-06	5.6890e-02	9.3766e-01	5.4502e-03	1.1755e-36	1.1755e-36	1.1755e-36	3.6054e-21	0.00e+00	0.00e+00	2.5453e-01
1.12972e+13	7.4588e+03	2.209e-14	1.0000e+05	1.0198e+05	1.6841e-12	4.6934e-02	9.5307e-01	2.3021e-01	7.6971e-01	8.4664e-05	2.6971e-13	1.1846e-02	8.3758e-01	1.5057e-01	1.5269e-06	5.7287e-02	9.3749e-01	5.2248e-03	1.1755e-36	1.1755e-36	1.1755e-36	3.6185e-21	0.00e+00	0.00e+00	4.1747e-01
1.76189e+13	7.3296e+03	2.117e-14	1.0000e+05	1.0171e+05	1.9640e-12	4.8611e-02	9.5139e-01	2.4166e-01	7.5826e-01	7.8522e-05	2.9606e-13	1.2227e-02	8.4551e-01	1.4226e-01	1.3494e-06	5.9413e-02	9.3579e-01	4.7965e-03	1.1755e-36	1.1755e-36	1.1755e-36	3.9771e-21	0.00e+00	0.00e+00	6.3685e-01
2.58371e+13	7.2163e+03	2.045e-14	1.0000e+05	1.0119e+05	2.4753e-12	5.2449e-02	9.4755e-01	2.6024e-01	7.3969e-01	7.0498e-05	3.5784e-13	1.2929e-02	8.5663e-01	1.3044e-01	1.1022e-06	6.4172e-02	9.3169e-01	4.1415e-03	1.1755e-36	1.1755e-36	1.1755e-36	4.9673e-21	0.00e+00	0.00e+00	9.4457e-01
3.49890e+13	7.1379e+03	1.991e-14	1.0000e+05	1.0036e+05	3.2618e-12	5.8384e-02	9.4162e-01	2.8422e-01	7.1572e-01	6.2377e-05	4.6457e-13	1.3851e-02	8.6885e-01	1.1730e-01	8.5277e-07	7.1465e-02	9.2512e-01	3.4168e-03	1.1755e-36	1.1755e-36	1.1755e-36	6.8525e-21	0.00e+00	0.00e+00	1.2769e+00
4.35447e+13	7.0977e+03	1.975e-14	1.0000e+05	9.9441e+04	4.4698e-12	6.6962e-02	9.3304e-01	3.1289e-01	6.8706e-01	5.4924e-05	6.4793e-13	1.4972e-02	8.8102e-01	1.0400e-01	6.3244e-07	8.1922e-02	9.1536e-01	2.7227e-03	1.1755e-36	1.1755e-36	1.1755e-36	1.0484e-20	0.00e+00	0.00e+00	1.6193e+00
5.15246e+13	7.1095e+03	1.967e-14	1.0000e+05	9.7840e+04	6.1839e-12	7.8298e-02	9.2170e-01	3.4566e-01	6.5429e-01	4.8122e-05	9.4514e-13	1.6158e-02	8.9244e-01	9.1401e-02	4.5507e-07	9.5641e-02	9.0225e-01	2.1061e-03	1.1755e-36	1.1755e-36	1.1755e-36	1.7091e-20	0.00e+00	0.00e+00	2.0081e+00
5.92071e+13	7.1286e+03	1.972e-14	1.0000e+05	9.5965e+04	9.0535e-12	9.4079e-02	9.0592e-01	3.8420e-01	6.1576e-01	4.1826e-05	1.4797e-12	1.7450e-02	9.0361e-01	7.8936e-02	3.1196e-07	1.1460e-01	8.8384e-01	1.5654e-03	1.1755e-36	1.1755e-36	1.1755e-36	3.0674e-20	0.00e+00	0.00e+00	2.4538e+00
6.61927e+13	7.1756e+03	1.976e-14	1.0000e+05	9.3547e+04	1.3466e-11	1.1454e-01	8.8546e-01	4.2555e-01	5.7441e-01	3.6451e-05	2.4010e-12	1.8638e-02	9.1353e-01	6.7836e-02	2.0955e-07	1.3893e-01	8.5994e-01	1.1361e-03	1.1755e-36	1.1755e-36	1.1755e-36	5.7956e-20	0.00e+00	0.00e+00	2.9217e+00
7.21701e+13	7.2290e+03	1.971e-14	1.0000e+05	9.0738e+04	2.0053e-11	1.3929e-01	8.6071e-01	4.6641e-01	5.3355e-01	3.2117e-05	3.9092e-12	1.9579e-02	9.2188e-01	5.8541e-02	1.4153e-07	1.6803e-01	8.3114e-01	8.2161e-04	1.1755e-36	1.1755e-36	1.1755e-36	1.1033e-19	0.00e+00	0.00e+00	3.4043e+00
7.73294e+13	7.2786e+03	1.948e-14	1.0000e+05	8.7462e+04	2.9811e-11	1.6836e-01	8.3164e-01	5.0583e-01	4.9414e-01	2.8584e-05	6.3125e-12	2.0204e-02	9.2897e-01	5.0828e-02	1.1755e-36	2.0178e-01	7.9763e-01	5.9481e-04	1.1755e-36	1.1755e-36	1.1755e-36	2.0805e-19	0.00e+00	0.00e+00	3.9180e+00
8.19675e+13	7.3182e+03	1.902e-14	1.0000e+05	8.3682e+04	4.4797e-11	2.0292e-01	7.9708e-01	5.4432e-01	4.5566e-01	2.5608e-05	1.0215e-11	2.0510e-02	9.3529e-01	4.4203e-02	1.1755e-36	2.4128e-01	7.5829e-01	4.2754e-04	1.1755e-36	1.1755e-36	1.1755e-36	3.9416e-19	0.00e+00	0.00e+00	4.4874e+00
8.61566e+13	7.3445e+03	1.831e-14	1.0000e+05	7.9347e+04	6.7810e-11	2.4309e-01	7.5691e-01	5.8109e-01	4.1888e-01	2.3139e-05	1.6447e-11	2.0458e-02	9.4096e-01	3.8582e-02	1.1755e-36	2.8638e-01	7.1331e-01	3.0604e-04	1.1755e-36	1.1755e-36	1.1755e-36	7.4371e-19	0.00e+00	0.00e+00	5.0914e+00
8.95645e+13	7.3553e+03	1.745e-14	1.0000e+05	7.5033e+04	9.8563e-11	2.8362e-01	7.1638e-01	6.1145e-01	3.8853e-01	2.1401e-05	2.4931e-11	2.0107e-02	9.4557e-01	3.4328e-02	1.1755e-36	3.3105e-01	6.6873e-01	2.2682e-04	1.1755e-36	1.1755e-36	1.1755e-36	1.3013e-18	0.00e+00	0.00e+00	5.6074e+00
9.20071e+13	7.3507e+03	1.663e-14	1.0000e+05	7.1475e+04	1.3165e-10	3.1733e-01	6.8267e-01	6.3325e-01	3.6673e-01	2.0291e-05	3.4021e-11	1.9661e-02	9.4889e-01	3.1452e-02	1.1755e-36	3.6757e-01	6.3225e-01	1.8023e-04	1.1755e-36	1.1755e-36	1.1755e-36	1.9813e-18	0.00e+00	0.00e+00	6.0089e+00
9.38144e+13	7.3364e+03	1.591e-14	1.0000e+05	6.8604e+04	1.6495e-10	3.4464e-01	6.5536e-01	6.4945e-01	3.5053e-01	1.9515e-05	4.3012e-11	1.9223e-02	9.5137e-01	2.9405e-02	1.1755e-36	3.9674e-01	6.0311e-01	1.5086e-04	1.1755e-36	1.1755e-36	1.1755e-36	2.7208e-18	0.00e+00	0.00e+00	6.3594e+00
9.53892e+13	7.3220e+03	1.519e-14	1.0000e+05	6.5937e+04	2.0138e-10	3.6990e-01	6.3010e-01	6.6339e-01	3.3659e-01	1.8895e-05	5.2821e-11	1.8761e-02	9.5355e-01	2.7689e-02	1.1755e-36	4.2341e-01	5.7646e-01	1.2847e-04	1.1755e-36	1.1755e-36	1.1755e-36	3.5952e-18	0.00e+00	0.00e+00	6.7189e+00
9.69199e+13	7.2872e+03	1.443e-14	1.0000e+05	6.3213e+04	2.4868e-10	3.9612e-01	6.0388e-01	6.7709e-01	3.2290e-01	1.8294e-05	6.4805e-11	1.8255e-02	9.5569e-01	2.6050e-02	1.1755e-36	4.5079e-01	5.4910e-01	1.0935e-04	1.1755e-36	1.1755e-36	1.1755e-36	4.7408e-18	0.00e+00	0.00e+00	7.0997e+00
9.83876e+13	7.2525e+03	1.366e-14	1.0000e+05	6.0498e+04	3.0470e-10	4.2224e-01	5.7776e-01	6.8974e-01	3.1025e-01	1.7795e-05	7.8743e-11	1.7707e-02	9.5773e-01	2.4559e-02	1.1755e-36	4.7773e-01	5.2218e-01	9.3399e-05	1.1755e-36	1.1755e-36	1.1755e-36	6.1810e-18	0.00e+00	0.00e+00	7.4764e+00
9.97238e+13	7.2129e+03	1.292e-14	1.0000e+05	5.7962e+04	3.6879e-10	4.4693e-01	5.5307e-01	7.0110e-01	2.9889e-01	1.7370e-05	9.4113e-11	1.7168e-02	9.5959e-01	2.3245e-02	1.1755e-36	5.0291e-01	4.9701e-01	8.0666e-05	1.1755e-36	1.1755e-36	1.1755e-36	7.8847e-18	0.00e+00	0.00e+00	7.8318e+00
1.00929e+14	7.1715e+03	1.222e-14	1.0000e+05	5.5651e+04	4.4027e-10	4.6998e-01	5.3002e-01	7.1128e-01	2.8870e-01	1.6999e-05	1.1077e-10	1.6657e-02	9.6126e-01	2.2086e-02	1.1755e-36	5.2618e-01	4.7375e-01	7.0436e-05	1.1755e-36	1.1755e-36	1.1755e-36	9.8584e-18	0.00e+00	0.00e+00	8.1735e+00
1.02059e+14	7.1301e+03	1.155e-14	1.0000e+05	5.3379e+04	5.1997e-10	4.9175e-01	5.0825e-01	7.2047e-01	2.7951e-01	1.6706e-05	1.2857e-10	1.6131e-02	9.6281e-01	2.1056e-02	1.1755e-36	5.4793e-01	4.5201e-01	6.1940e-05	1.1755e-36	1.1755e-36	1.1755e-36	1.2093e-17	0.00e+00	0.00e+00	8.5178e+00
1.03135e+14	7.0867e+03	1.090e-14	1.0000e+05	5.1205e+04	6.1041e-10	5.1267e-01	4.8733e-01	7.2903e-01	2.7096e-01	1.6451e-05	1.4801e-10	1.5611e-02	9.6428e-01	2.0108e-02	1.1755e-36	5.6863e-01	4.3131e-01	5.4740e-05	1.1755e-36	1.1755e-36	1.1755e-36	1.4675e-17	0.00e+00	0.00e+00	8.8553e+00
1.04147e+14	7.0413e+03	1.028e-14	1.0000e+05	4.9145e+04	7.1162e-10	5.3249e-01	4.6751e-01	7.3690e-01	2.6308e-01	1.6230e-05	1.6884e-10	1.5107e-02	9.6565e-01	1.9244e-02	1.1755e-36	5.8808e-01	4.1187e-01	4.8667e-05	1.1755e-36	1.1755e-36	1.1755e-36	1.7591e-17	0.00e+00	0.00e+00	9.1854e+00
1.04960e+14	7.0070e+03	9.809e-15	1.0000e+05	4.7500e+04	7.9914e-10	5.4751e-01	4.5249e-01	7.4266e-01	2.5733e-01	1.6110e-05	1.8604e-10	1.4692e-02	9.6669e-01	1.8617e-02	1.1755e-36	6.0270e-01	3.9725e-01	4.4483e-05	1.1755e-36	1.1755e-36	1.1755e-36	2.0102e-17	0.00e+00	0.00e+00	9.4076e+00
1.05555e+14	6.9842e+03	9.454e-15	1.0000e+05	4.6314e+04	8.7027e-10	5.5889e-01	4.4111e-01	7.4697e-01	2.5302e-01	1.6016e-05	2.0036e-10	1.4388e-02	9.6747e-01	1.8146e-02	1.1755e-36	6.1371e-01	3.8625e-01	4.1514e-05	1.1755e-36	1.1755e-36	1.1755e-36	2.2286e-17	0.00e+00	0.00e+00	9.6008e+00
1.06133e+14	6.9429e+03	9.106e-15	1.0000e+05	4.5119e+04	9.6164e-10	5.7064e-01	4.2936e-01	7.5149e-01	2.4849e-01	1.5884e-05	2.1645e-10	1.4088e-02	9.6825e-01	1.7662e-02	1.1755e-36	6.2504e-01	3.7492e-01	3.8705e-05	1.1755e-36	1.1755e-36	1.1755e-36	2.4777e-17	0.00e+00	0.00e+00	9.8201e+00
1.06763e+14	6.9038e+03	8.733e-15	1.0000e+05	4.3865e+04	1.0671e-09	5.8335e-01	4.1665e-01	7.5633e-01	2.4366e-01	1.5748e-05	2.3544e-10	1.3766e-02	9.6909e-01	1.7146e-02	1.1755e-36	6.3722e-01	3.6274e-01	3.5838e-05	1.1755e-36	1.1755e-36	1.1755e-36	2.7843e-17	0.00e+00	0.00e+00	1.0060e+01
1.07410e+14	6.8664e+03	8.353e-15	1.0000e+05	4.2560e+04	1.1824e-09	5.9594e-01	4.0406e-01	7.6095e-01	2.3903e-01	1.5649e-05	2.5544e-10	1.3424e-02	9.6993e-01	1.6649e-02	1.1755e-36	6.4921e-01	3.5076e-01	3.3162e-05	1.1755e-36	1.1755e-36	1.1755e-36	3.1181e-17	0.00e+00	0.00e+00	1.0302e+01
1.08047e+14	6.8328e+03	7.982e-15	1.0000e+05	4.1259e+04	1.3030e-09	6.0799e-01	3.9201e-01	7.6532e-01	2.3467e-01	1.5581e-05	2.7588e-10	1.3076e-02	9.7074e-01	1.6184e-02	1.1755e-36	6.6063e-01	3.3934e-01	3.0733e-05	1.1755e-36	1.1755e-36	1.1755e-36	3.4695e-17	0.00e+00	0.00e+00	1.0545e+01
1.08687e+14	6.7880e+03	7.620e-15	1.0000e+05	3.9983e+04	1.4507e-09	6.2041e-01	3.7959e-01	7.6978e-01	2.3021e-01	1.5492e-05	2.9904e-10	1.2737e-02	9.7156e-01	1.5706e-02	1.1755e-36	6.7233e-01	3.2764e-01	2.8431e-05	1.1755e-36	1.1755e-36	1.1755e-36	3.8817e-17	0.00e+00	0.00e+00	1.0798e+01
1.09326e+14	6.7440e+03	7.269e-15	1.0000e+05	3.8757e+04	1.6139e-09	6.3275e-01	3.6725e-01	7.7424e-01	2.2574e-01	1.5394e-05	3.2440e-10	1.2407e-02	9.7236e-01	1.5234e-02	1.1755e-36	6.8391e-01	3.1607e-01	2.6288e-05	1.1755e-36	1.1755e-36	1.1755e-36	4.3507e-17	0.00e+00	0.00e+00	1.1050e+01
1.09949e+14	6.7023e+03	6.931e-15	1.0000e+05	3.7541e+04	1.7862e-09	6.4440e-01	3.5560e-01	7.7835e-01	2.2163e-01	1.5332e-05	3.4984e-10	1.2074e-02	9.7313e-01	1.4799e-02	1.1755e-36	6.9476e-01	3.0521e-01	2.4371e-05	1.1755e-36	1.1755e-36	1.1755e-36	4.8356e-17	0.00e+00	0.00e+00	1.1300e+01
1.10569e+14	6.6586e+03	6.603e-15	1.0000e+05	3.6348e+04	1.9799e-09	6.5593e-01	3.4407e-01	7.8242e-01	2.1757e-01	1.5271e-05	3.7725e-10	1.1745e-02	9.7388e-01	1.4370e-02	1.1755e-36	7.0547e-01	2.9450e-01	2.2584e-05	1.1755e-36	1.1755e-36	1.1755e-36	5.3757e-17	0.00e+00	0.00e+00	1.1559e+01
1.11197e+14	6.6154e+03	6.279e-15	1.0000e+05	3.5162e+04	2.1950e-09	6.6743e-01	3.3257e-01	7.8644e-01	2.1354e-01	1.5217e-05	4.0689e-10	1.1415e-02	9.7464e-01	1.3947e-02	1.1755e-36	7.1609e-01	2.8389e-01	2.0902e-05	1.1755e-36	1.1755e-36	1.1755e-36	5.9811e-17	0.00e+00	0.00e+00	1.1825e+01
1.11829e+14	6.5669e+03	5.963e-15	1.0000e+05	3.3973e+04	2.4435e-09	6.7880e-01	3.2120e-01	7.9043e-01	2.0956e-01	1.5169e-05	4.3856e-10	1.1083e-02	9.7538e-01	1.3533e-02	1.1755e-36	7.2651e-01	2.7347e-01	1.9346e-05	1.1755e-36	1.1755e-36	1.1755e-36	6.6464e-17	0.00e+00	0.00e+00	1.2096e+01
1.12457e+14	6.5155e+03	5.661e-15	1.0000e+05	3.2839e+04	2.7271e-09	6.9009e-01	3.0991e-01	7.9441e-01	2.0558e-01	1.5106e-05	4.7336e-10	1.0764e-02	9.7612e-01	1.3120e-02	1.1755e-36	7.3686e-01	2.6313e-01	1.7889e-05	1.1755e-36	1.1755e-36	1.1755e-36	7.4066e-17	0.00e+00	0.00e+00	1.2369e+01
1.13078e+14	6.4735e+03	5.371e-15	1.0000e+05	3.1713e+04	3.0114e-09	7.0060e-01	2.9940e-01	7.9801e-01	2.0197e-01	1.5094e-05	5.0747e-10	1.0441e-02	9.7682e-01	1.2742e-02	1.1755e-36	7.4642e-01	2.5356e-01	1.6582e-05	1.1755e-36	1.1755e-36	1.1755e-36	8.1768e-17	0.00e+00	0.00e+00	1.2641e+01
1.13703e+14	6.4195e+03	5.089e-15	1.0000e+05	3.0605e+04	3.3653e-09	7.1137e-01	2.8863e-01	8.0175e-01	1.9823e-01	1.5056e-05	5.4610e-10	1.0124e-02	9.7752e-01	1.2355e-02	1.1755e-36	7.5617e-01	2.4381e-01	1.5341e-05	1.1755e-36	1.1755e-36	1.1755e-36	9.0778e-17	0.00e+00	0.00e+00	1.2926e+01
1.14334e+14	6.3658e+03	4.817e-15	1.0000e+05	2.9536e+04	3.7626e-09	7.2206e-01	2.7794e-01	8.0553e-01	1.9446e-01	1.5008e-05	5.8848e-10	9.8164e-03	9.7821e-01	1.1971e-02	1.1755e-36	7.6581e-01	2.3418e-01	1.4177e-05	1.1755e-36	1.1755e-36	1.1755e-36	1.0108e-16	0.00e+00	0.00e+00	1.3212e+01
1.14954e+14	6.3146e+03	4.560e-15	1.0000e+05	2.8490e+04	4.1881e-09	7.3211e-01	2.6789e-01	8.0902e-01	1.9096e-01	1.4989e-05	6.3107e-10	9.5120e-03	9.7888e-01	1.1613e-02	1.1755e-36	7.7482e-01	2.2516e-01	1.3131e-05	1.1755e-36	1.1755e-36	1.1755e-36	1.1178e-16	0.00e+00	0.00e+00	1.3495e+01
1.15570e+14	6.2616e+03	4.314e-15	1.0000e+05	2.7473e+04	4.6693e-09	7.4194e-01	2.5806e-01	8.1246e-01	1.8752e-01	1.4971e-05	6.7652e-10	9.2144e-03	9.7952e-01	1.1263e-02	1.1755e-36	7.8361e-01	2.1638e-01	1.2161e-05	1.1755e-36	1.1755e-36	1.1755e-36	1.2363e-16	0.00e+00	0.00e+00	1.3786e+01
1.16193e+14	6.2088e+03	4.075e-15	1.0000e+05	2.6474e+04	5.2076e-09	7.5162e-01	2.4838e-01	8.1586e-01	1.8412e-01	1.4957e-05	7.2537e-10	8.9198e-03	9.8016e-01	1.0918e-02	1.1755e-36	7.9222e-01	2.0777e-01	1.1252e-05	1.1755e-36	1.1755e-36	1.1755e-36	1.3688e-16	0.00e+00	0.00e+00	1.4083e+01
1.16821e+14	6.1541e+03	3.846e-15	1.0000e+05	2.5489e+04	5.8200e-09	7.6110e-01	2.3890e-01	8.1922e-01	1.8077e-01	1.4948e-05	7.7738e-10	8.6285e-03	9.8079e-01	1.0583e-02	1.1755e-36	8.0060e-01	1.9939e-01	1.0409e-05	1.1755e-36	1.1755e-36	1.1755e-36	1.5152e-16	0.00e+00	0.00e+00	1.4385e+01
1.17447e+14	6.0919e+03	3.630e-15	1.0000e+05	2.4545e+04	6.5555e-09	7.7051e-01	2.2949e-01	8.2263e-01	1.7736e-01	1.4915e-05	8.3504e-10	8.3488e-03	9.8140e-01	1.0247e-02	1.1755e-36	8.0892e-01	1.9107e-01	9.6210e-06	1.1755e-36	1.1755e-36	1.1755e-36	1.6845e-16	0.00e+00	0.00e+00	1.4689e+01
1.18067e+14	6.0467e+03	3.424e-15	1.0000e+05	2.3625e+04	7.2465e-09	7.7905e-01	2.2095e-01	8.2560e-01	1.7439e-01	1.4950e-05	8.8965e-10	8.0694e-03	9.8199e-01	9.9431e-03	1.1755e-36	8.1641e-01	1.8358e-01	8.9175e-06	1.1755e-36	1.1755e-36	1.1755e-36	1.8519e-16	0.00e+00	0.00e+00	1.4990e+01
1.18687e+14	5.9849e+03	3.228e-15	1.0000e+05	2.2728e+04	8.1530e-09	7.8774e-01	2.1226e-01	8.2877e-01	1.7121e-01	1.4940e-05	9.5228e-10	7.8002e-03	9.8257e-01	9.6331e-03	1.1755e-36	8.2405e-01	1.7595e-01	8.2516e-06	1.1755e-36	1.1755e-36	1.1755e-36	2.0512e-16	0.00e+00	0.00e+00	1.5303e+01
1.19316e+14	5.9187e+03	3.041e-15	1.0000e+05	2.1865e+04	9.2321e-09	7.9648e-01	2.0352e-01	8.3206e-01	1.6793e-01	1.4903e-05	1.0232e-09	7.5409e-03	9.8314e-01	9.3225e-03	1.1755e-36	8.3165e-01	1.6834e-01	7.6237e-06	1.1755e-36	1.1755e-36	1.1755e-36	2.2886e-16	0.00e+00	0.00e+00	1.5619e+01
1.19934e+14	5.8654e+03	2.866e-15	1.0000e+05	2.1023e+04	1.0291e-08	8.0433e-01	1.9567e-01	8.3492e-01	1.6507e-01	1.4932e-05	1.0898e-09	7.2827e-03	9.8368e-01	9.0411e-03	1.1755e-36	8.3848e-01	1.6151e-01	7.0666e-06	1.1755e-36	1.1755e-36	1.1755e-36	2.5219e-16	0.00e+00	0.00e+00	1.5929e+01
1.20535e+14	5.8027e+03	2.705e-15	1.0000e+05	2.0245e+04	1.1583e-08	8.1202e-01	1.8798e-01	8.3785e-01	1.6214e-01	1.4915e-05	1.1643e-09	7.0454e-03	9.8419e-01	8.7662e-03	1.1755e-36	8.4514e-01	1.5485e-01	6.5581e-06	1.1755e-36	1.1755e-36	1.1755e-36	2.7960e-16	0.00e+00	0.00e+00	1.6232e+01
1.21096e+14	5.7559e+03	2.563e-15	1.0000e+05	1.9537e+04	1.2761e-08	8.1861e-01	1.8139e-01	8.4029e-01	1.5970e-01	1.4948e-05	1.2312e-09	6.8258e-03	9.8465e-01	8.5284e-03	1.1755e-36	8.5082e-01	1.4917e-01	6.1283e-06	1.1755e-36	1.1755e-36	1.1755e-36	3.0537e-16	0.00e+00	0.00e+00	1.6506e+01
1.21648e+14	5.6958e+03	2.428e-15	1.0000e+05	1.8850e+04	1.4285e-08	8.2534e-01	1.7466e-01	8.4291e-01	1.5707e-01	1.4938e-05	1.3090e-09	6.6150e-03	9.8510e-01	8.2866e-03	1.1755e-36	8.5663e-01	1.4337e-01	5.7168e-06	1.1755e-36	1.1755e-36	1.1755e-36	3.3686e-16	0.00e+00	0.00e+00	1.6806e+01
1.22205e+14	5.6444e+03	2.301e-15	1.0000e+05	1.8197e+04	1.5835e-08	8.3167e-01	1.6833e-01	8.4540e-01	1.5459e-01	1.4944e-05	1.3882e-09	6.4120e-03	9.8553e-01	8.0566e-03	1.1755e-36	8.6206e-01	1.3793e-01	5.3388e-06	1.1755e-36	1.1755e-36	1.1755e-36	3.7056e-16	0.00e+00	0.00e+00	1.7088e+01
1.22749e+14	5.5858e+03	2.182e-15	1.0000e+05	1.7561e+04	1.7695e-08	8.3781e-01	1.6219e-01	8.4783e-01	1.5215e-01	1.4945e-05	1.4729e-09	6.2145e-03	9.8595e-01	7.8352e-03	1.1755e-36	8.6731e-01	1.3268e-01	4.9906e-06	1.1755e-36	1.1755e-36	1.1755e-36	4.0865e-16	0.00e+00	0.00e+00	1.7380e+01
1.23286e+14	5.5344e+03	2.071e-15	1.0000e+05	1.6967e+04	1.9601e-08	8.4356e-01	1.5644e-01	8.5015e-01	1.4983e-01	1.4951e-05	1.5598e-09	6.0287e-03	9.8635e-01	7.6250e-03	1.1755e-36	8.7222e-01	1.2778e-01	4.6723e-06	1.1755e-36	1.1755e-36	1.1755e-36	4.4979e-16	0.00e+00	0.00e+00	1.7658e+01
1.23817e+14	5.4745e+03	1.966e-15	1.0000e+05	1.6393e+04	2.1954e-08	8.4928e-01	1.5072e-01	8.5254e-01	1.4745e-01	1.4932e-05	1.6577e-09	5.8494e-03	9.8673e-01	7.4179e-03	1.1755e-36	8.7709e-01	1.2291e-01	4.3730e-06	1.1755e-36	1.1755e-36	1.1755e-36	4.9906e-16	0.00e+00	0.00e+00	1.7947e+01
1.24338e+14	5.4285e+03	1.869e-15	1.0000e+05	1.5845e+04	2.4138e-08	8.5434e-01	1.4566e-01	8.5458e-01	1.4541e-01	1.4967e-05	1.7479e-09	5.6751e-03	9.8709e-01	7.2302e-03	1.1755e-36	8.8139e-01	1.1861e-01	4.1075e-06	1.1755e-36	1.1755e-36	1.1755e-36	5.4683e-16	0.00e+00	0.00e+00	1.8218e+01
1.24866e+14	5.3679e+03	1.774e-15	1.0000e+05	1.5295e+04	2.7096e-08	8.5968e-01	1.4032e-01	8.5685e-01	1.4313e-01	1.4959e-05	1.8585e-09	5.5027e-03	9.8746e-01	7.0356e-03	1.1755e-36	8.8591e-01	1.1409e-01	3.8452e-06	1.1755e-36	1.1755e-36	1.1755e-36	6.0941e-16	0.00e+00	0.00e+00	1.8519e+01
1.25398e+14	5.3123e+03	1.685e-15	1.0000e+05	1.4782e+04	3.0235e-08	8.6472e-01	1.3528e-01	8.5905e-01	1.4093e-01	1.4948e-05	1.9748e-09	5.3402e-03	9.8781e-01	6.8494e-03	1.1755e-36	8.9018e-01	1.0982e-01	3.6041e-06	1.1755e-36	1.1755e-36	1.1755e-36	6.7942e-16	0.00e+00	0.00e+00	1.8797e+01
1.25897e+14	5.2636e+03	1.605e-15	1.0000e+05	1.4306e+04	3.3380e-08	8.6923e-01	1.3077e-01	8.6101e-01	1.3898e-01	1.4961e-05	2.0878e-09	5.1886e-03	9.8813e-01	6.6811e-03	1.1755e-36	8.9398e-01	1.0601e-01	3.3925e-06	1.1755e-36	1.1755e-36	1.1755e-36	7.5164e-16	0.00e+00	0.00e+00	1.9066e+01
1.26402e+14	5.2053e+03	1.527e-15	1.0000e+05	1.3838e+04	3.7399e-08	8.7388e-01	1.2612e-01	8.6312e-01	1.3686e-01	1.4939e-05	2.2232e-09	5.0402e-03	9.8845e-01	6.5104e-03	1.1755e-36	8.9789e-01	1.0211e-01	3.1865e-06	1.1755e-36	1.1755e-36	1.1755e-36	8.4448e-16	0.00e+00	0.00e+00	1.9353e+01
1.26904e+14	5.1578e+03	1.455e-15	1.0000e+05	1.3390e+04	4.1267e-08	8.7805e-01	1.2195e-01	8.6498e-01	1.3501e-01	1.4959e-05	2.3528e-09	4.8959e-03	9.8875e-01	6.3522e-03	1.1755e-36	9.0140e-01	9.8597e-02	3.0008e-06	1.1755e-36	1.1755e-36	1.1755e-36	9.3890e-16	0.00e+00	0.00e+00	1.9621e+01
1.27404e+14	5.0980e+03	1.385e-15	1.0000e+05	1.2956e+04	4.6418e-08	8.8241e-01	1.1759e-01	8.6704e-01	1.3294e-01	1.4926e-05	2.5152e-09	4.7581e-03	9.8905e-01	6.1924e-03	1.1755e-36	9.0504e-01	9.4958e-02	2.8206e-06	1.1755e-36	1.1755e-36	1.1755e-36	1.0666e-15	0.00e+00	0.00e+00	1.9908e+01
1.27894e+14	5.0521e+03	1.322e-15	1.0000e+05	1.2544e+04	5.1123e-08	8.8616e-01	1.1384e-01	8.6877e-01	1.3122e-01	1.4951e-05	2.6626e-09	4.6243e-03	9.8933e-01	6.0477e-03	1.1755e-36	9.0820e-01	9.1800e-02	2.6616e-06	1.1755e-36	1.1755e-36	1.1755e-36	1.1900e-15	0.00e+00	0.00e+00	2.0169e+01
1.28380e+14	4.9961e+03	1.260e-15	1.0000e+05	1.2142e+04	5.7226e-08	8.9004e-01	1.0996e-01	8.7063e-01	1.2935e-01	1.4938e-05	2.8448e-09	4.4953e-03	9.8960e-01	5.9017e-03	1.1755e-36	9.1143e-01	8.8569e-02	2.5083e-06	1.1755e-36	1.1755e-36	1.1755e-36	1.3540e-15	0.00e+00	0.00e+00	2.0453e+01
1.28869e+14	4.9413e+03	1.203e-15	1.0000e+05	1.1764e+04	6.3955e-08	8.9378e-01	1.0622e-01	8.7251e-01	1.2748e-01	1.4910e-05	3.0510e-09	4.3739e-03	9.8989e-01	5.7397e-03	1.1755e-36	9.1455e-01	8.5449e-02	2.3645e-06	1.1755e-36	1.1755e-36	1.1755e-36	1.5415e-15	0.00e+00	0.00e+00	2.0720e+01
1.29331e+14	4.8914e+03	1.151e-15	1.0000e+05	1.1410e+04	7.0878e-08	8.9710e-01	1.0290e-01	8.7416e-01	1.2582e-01	1.4907e-05	3.2537e-09	4.2591e-03	9.9015e-01	5.5932e-03	1.1755e-36	9.1732e-01	8.2675e-02	2.2380e-06	1.1755e-36	1.1755e-36	1.1755e-36	1.7394e-15	0.00e+00	0.00e+00	2.0975e+01
1.29787e+14	4.8418e+03	1.101e-15	1.0000e+05	1.1071e+04	7.8605e-08	9.0035e-01	9.9654e-02	8.7582e-01	1.2416e-01	1.4893e-05	3.4767e-09	4.1495e-03	9.9040e-01	5.4496e-03	1.1755e-36	9.2002e-01	7.9979e-02	2.1184e-06	1.1755e-36	1.1755e-36	1.1755e-36	1.9720e-15	0.00e+00	0.00e+00	2.1237e+01
1.30252e+14	4.7884e+03	1.053e-15	1.0000e+05	1.0736e+04	8.7858e-08	9.0361e-01	9.6392e-02	8.7753e-01	1.2246e-01	1.4868e-05	3.7345e-09	4.0416e-03	9.9065e-01	5.3057e-03	1.1755e-36	9.2271e-01	7.7290e-02	2.0034e-06	1.1755e-36	1.1755e-36	1.1755e-36	2.2615e-15	0.00e+00	0.00e+00	2.1505e+01
1.30709e+14	4.7361e+03	1.009e-15	1.0000e+05	1.0419e+04	9.8026e-08	9.0664e-01	9.3361e-02	8.7916e-01	1.2082e-01	1.4843e-05	4.0081e-09	3.9389e-03	9.9089e-01	5.1684e-03	1.1755e-36	9.2524e-01	7.4762e-02	1.8971e-06	1.1755e-36	1.1755e-36	1.1755e-36	2.5924e-15	0.00e+00	0.00e+00	2.1760e+01
1.31147e+14	4.6908e+03	9.680e-16	1.0000e+05	1.0123e+04	1.0815e-07	9.0939e-01	9.0613e-02	8.8063e-01	1.1935e-01	1.4837e-05	4.2788e-09	3.8421e-03	9.9112e-01	5.0425e-03	1.1755e-36	9.2752e-01	7.2482e-02	1.8018e-06	1.1755e-36	1.1755e-36	1.1755e-36	2.9433e-15	0.00e+00	0.00e+00	2.2006e+01
1.31591e+14	4.6387e+03	9.278e-16	1.0000e+05	9.8258e+03	1.2085e-07	9.1220e-01	8.7804e-02	8.8218e-01	1.1780e-01	1.4816e-05	4.6038e-09	3.7453e-03	9.9134e-01	4.9139e-03	1.1755e-36	9.2984e-01	7.0162e-02	1.7086e-06	1.1755e-36	1.1755e-36	1.1755e-36	3.3982e-15	0.00e+00	0.00e+00	2.2271e+01
1.32038e+14	4.5874e+03	8.898e-16	1.0000e+05	9.5481e+03	1.3510e-07	9.1496e-01	8.5039e-02	8.8378e-01	1.1620e-01	1.4770e-05	4.9690e-09	3.6552e-03	9.9156e-01	4.7876e-03	1.1755e-36	9.3211e-01	6.7886e-02	1.6201e-06	1.1755e-36	1.1755e-36	1.1755e-36	3.9489e-15	0.00e+00	0.00e+00	2.2523e+01
1.32464e+14	4.5410e+03	8.555e-16	1.0000e+05	9.2850e+03	1.4966e-07	9.1740e-01	8.2600e-02	8.8518e-01	1.1480e-01	1.4753e-05	5.3305e-09	3.5690e-03	9.9176e-01	4.6728e-03	1.1755e-36	9.3413e-01	6.5867e-02	1.5417e-06	1.1755e-36	1.1755e-36	1.1755e-36	4.5386e-15	0.00e+00	0.00e+00	2.2763e+01
1.32883e+14	4.4930e+03	8.224e-16	1.0000e+05	9.0330e+03	1.6646e-07	9.1983e-01	8.0175e-02	8.8661e-01	1.1337e-01	1.4719e-05	5.7430e-09	3.4870e-03	9.9195e-01	4.5598e-03	1.1755e-36	9.3612e-01	6.3878e-02	1.4670e-06	1.1755e-36	1.1755e-36	1.1755e-36	5.2641e-15	0.00e+00	0.00e+00	2.3010e+01
1.33307e+14	4.4434e+03	7.909e-16	1.0000e+05	8.7875e+03	1.8588e-07	9.2219e-01	7.7811e-02	8.8806e-01	1.1193e-01	1.4677e-05	6.2086e-09	3.4070e-03	9.9215e-01	4.4479e-03	1.1755e-36	9.3807e-01	6.1929e-02	1.3954e-06	1.1755e-36	1.1755e-36	1.1755e-36	6.1513e-15	0.00e+00	0.00e+00	2.3255e+01
1.33719e+14	4.4005e+03	7.616e-16	1.0000e+05	8.5545e+03	2.0516e-07	9.2433e-01	7.5666e-02	8.8936e-01	1.1063e-01	1.4658e-05	6.6714e-09	3.3301e-03	9.9233e-01	4.3444e-03	1.1755e-36	9.3984e-01	6.0162e-02	1.3303e-06	1.1755e-36	1.1755e-36	1.1755e-36	7.1013e-15	0.00e+00	0.00e+00	2.3490e+01
1.34135e+14	4.3511e+03	7.328e-16	1.0000e+05	8.3213e+03	2.2941e-07	9.2652e-01	7.3475e-02	8.9073e-01	1.0926e-01	1.4622e-05	7.2337e-09	3.2539e-03	9.9251e-01	4.2390e-03	1.1755e-36	9.4164e-01	5.8362e-02	1.2666e-06	1.1755e-36	1.1755e-36	1.1755e-36	8.3562e-15	0.00e+00	0.00e+00	2.3742e+01
1.34553e+14	4.3029e+03	7.056e-16	1.0000e+05	8.1040e+03	2.5639e-07	9.2867e-01	7.1333e-02	8.9213e-01	1.0786e-01	1.4565e-05	7.8618e-09	3.1831e-03	9.9268e-01	4.1362e-03	1.1755e-36	9.4339e-01	5.6607e-02	1.2062e-06	1.1755e-36	1.1755e-36	1.1755e-36	9.8756e-15	0.00e+00	0.00e+00	2.3980e+01
1.34949e+14	4.2592e+03	6.809e-16	1.0000e+05	7.8980e+03	2.8394e-07	9.3057e-01	6.9433e-02	8.9336e-01	1.0663e-01	1.4535e-05	8.4919e-09	3.1152e-03	9.9284e-01	4.0428e-03	1.1755e-36	9.4495e-01	5.5048e-02	1.1526e-06	1.1755e-36	1.1755e-36	1.1755e-36	1.1532e-14	0.00e+00	0.00e+00	2.4206e+01
1.35341e+14	4.2130e+03	6.570e-16	1.0000e+05	7.6997e+03	3.1634e-07	9.3247e-01	6.7527e-02	8.9463e-01	1.0536e-01	1.4486e-05	9.2251e-09	3.0507e-03	9.9300e-01	3.9503e-03	1.1755e-36	9.4650e-01	5.3497e-02	1.1012e-06	1.1755e-36	1.1755e-36	1.1755e-36	1.3624e-14	0.00e+00	0.00e+00	2.4441e+01
1.35734e+14	4.1686e+03	6.344e-16	1.0000e+05	7.5075e+03	3.5138e-07	9.3428e-01	6.5723e-02	8.9586e-01	1.0413e-01	1.4441e-05	1.0013e-08	2.9874e-03	9.9315e-01	3.8604e-03	1.1755e-36	9.4799e-01	5.2013e-02	1.0522e-06	1.1755e-36	1.1755e-36	1.1755e-36	1.6064e-14	0.00e+00	0.00e+00	2.4670e+01
1.36123e+14	4.1248e+03	6.127e-16	1.0000e+05	7.3218e+03	3.9026e-07	9.3603e-01	6.3972e-02	8.9707e-01	1.0291e-01	1.4396e-05	1.0884e-08	2.9265e-03	9.9330e-01	3.7733e-03	1.1755e-36	9.4942e-01	5.0582e-02	1.0059e-06	1.1755e-36	1.1755e-36	1.1755e-36	1.8992e-14	0.00e+00	0.00e+00	2.4900e+01
1.36513e+14	4.0798e+03	5.918e-16	1.0000e+05	7.1407e+03	4.3480e-07	9.3775e-01	6.2247e-02	8.9829e-01	1.0170e-01	1.4343e-05	1.1873e-08	2.8672e-03	9.9345e-01	3.6875e-03	1.1755e-36	9.5082e-01	4.9174e-02	9.6144e-07	1.1755e-36	1.1755e-36	1.1755e-36	2.2612e-14	0.00e+00	0.00e+00	2.5131e+01
1.36899e+14	4.0350e+03	5.718e-16	1.0000e+05	6.9638e+03	4.8446e-07	9.3942e-01	6.0576e-02	8.9945e-01	1.0054e-01	1.4299e-05	1.2966e-08	2.8093e-03	9.9359e-01	3.6054e-03	1.1755e-36	9.5219e-01	4.7811e-02	9.1937e-07	1.1755e-36	1.1755e-36	1.1755e-36	2.6986e-14	0.00e+00	0.00e+00	2.5358e+01
1.37276e+14	3.9919e+03	5.527e-16	1.0000e+05	6.7900e+03	5.3847e-07	9.4106e-01	5.8938e-02	9.0050e-01	9.9490e-02	1.4276e-05	1.4154e-08	2.7519e-03	9.9372e-01	3.5286e-03	1.1755e-36	9.5352e-01	4.6480e-02	8.7939e-07	1.1755e-36	1.1755e-36	1.1755e-36	3.2197e-14	0.00e+00	0.00e+00	2.5579e+01
