#depth	Te	Htot	hden	eden	2H_2/H	HI	HII	HeI	HeII	HeIII	CO/C	C1	C2	C3	C4	O1	O2	O3	O4	O5	O6	H2O/O	AV(point)	AV(extend)	Tau912
3.27308e+12	7.7156e+03	8.118e-18	1.6681e+03	1.8074e+03	3.7250e-15	2.4823e-03	9.9752e-01	1.3428e-02	9.8417e-01	2.4043e-03	2.3722e-17	1.5022e-04	2.0117e-01	7.9787e-01	8.1888e-04	1.3382e-03	5.2221e-01	4.7609e-01	3.6263e-04	1.1755e-36	1.1755e-36	1.6383e-25	0.00e+00	0.00e+00	1.7114e-04
1.96385e+13	7.7130e+03	8.116e-18	1.6681e+03	1.8072e+03	3.7293e-15	2.4818e-03	9.9752e-01	1.3429e-02	9.8417e-01	2.4022e-03	2.3704e-17	1.5007e-04	2.0118e-01	7.9785e-01	8.2079e-04	1.3377e-03	5.2213e-01	4.7617e-01	3.6141e-04	1.1755e-36	1.1755e-36	1.6362e-25	0.00e+00	0.00e+00	8.5554e-04
8.51000e+13	7.7092e+03	8.108e-18	1.6681e+03	1.8072e+03	3.7340e-15	2.4806e-03	9.9752e-01	1.3435e-02	9.8418e-01	2.3868e-03	2.3692e-17	1.4983e-04	2.0124e-01	7.9779e-01	8.1944e-04	1.3377e-03	5.2228e-01	4.7603e-01	3.5613e-04	1.1755e-36	1.1755e-36	1.6337e-25	0.00e+00	0.00e+00	3.5918e-03
3.46946e+14	7.6975e+03	8.083e-18	1.6681e+03	1.8072e+03	3.7568e-15	2.4798e-03	9.9752e-01	1.3469e-02	9.8423e-01	2.3063e-03	2.3762e-17	1.4975e-04	2.0165e-01	7.9739e-01	8.1196e-04	1.3404e-03	5.2316e-01	4.7517e-01	3.3552e-04	1.1755e-36	1.1755e-36	1.6334e-25	0.00e+00	0.00e+00	1.4534e-02
8.28743e+14	7.6673e+03	7.986e-18	1.6681e+03	1.8072e+03	3.7372e-15	2.4550e-03	9.9754e-01	1.3457e-02	9.8428e-01	2.2587e-03	2.3225e-17	1.4840e-04	2.0164e-01	7.9741e-01	8.0570e-04	1.3298e-03	5.2356e-01	4.7480e-01	3.0927e-04	1.1755e-36	1.1755e-36	1.5729e-25	0.00e+00	0.00e+00	2.8616e-02
1.45508e+15	7.6317e+03	7.890e-18	1.6681e+03	1.8072e+03	3.7431e-15	2.4343e-03	9.9757e-01	1.3471e-02	9.8440e-01	2.1293e-03	2.2845e-17	1.4771e-04	2.0194e-01	7.9712e-01	7.9309e-04	1.3233e-03	5.2459e-01	4.7381e-01	2.7662e-04	1.1755e-36	1.1755e-36	1.5245e-25	0.00e+00	0.00e+00	4.6768e-02
2.26931e+15	7.5929e+03	7.786e-18	1.6681e+03	1.8072e+03	3.7577e-15	2.4155e-03	9.9758e-01	1.3508e-02	9.8457e-01	1.9231e-03	2.2529e-17	1.4739e-04	2.0250e-01	7.9658e-01	7.7462e-04	1.3199e-03	5.2629e-01	4.7216e-01	2.3807e-04	1.1755e-36	1.1755e-36	1.4785e-25	0.00e+00	0.00e+00	7.0184e-02
3.32782e+15	7.5467e+03	7.674e-18	1.6681e+03	1.8072e+03	3.7968e-15	2.3999e-03	9.9760e-01	1.3578e-02	9.8478e-01	1.6436e-03	2.2335e-17	1.4750e-04	2.0347e-01	7.9563e-01	7.4972e-04	1.3212e-03	5.2893e-01	4.6956e-01	1.9475e-04	1.1755e-36	1.1755e-36	1.4387e-25	0.00e+00	0.00e+00	1.0043e-01
4.70388e+15	7.5007e+03	7.547e-18	1.6681e+03	1.8072e+03	3.8380e-15	2.3870e-03	9.9761e-01	1.3684e-02	9.8501e-01	1.3085e-03	2.2233e-17	1.4808e-04	2.0487e-01	7.9426e-01	7.1942e-04	1.3275e-03	5.3268e-01	4.6584e-01	1.4918e-04	1.1755e-36	1.1755e-36	1.4020e-25	0.00e+00	0.00e+00	1.3953e-01
6.49276e+15	7.4475e+03	7.411e-18	1.6681e+03	1.8071e+03	3.9109e-15	2.3807e-03	9.9762e-01	1.3850e-02	9.8520e-01	9.5022e-04	2.2336e-17	1.4944e-04	2.0701e-01	7.9216e-01	6.8405e-04	1.3426e-03	5.3807e-01	4.6048e-01	1.0486e-04	1.1755e-36	1.1755e-36	1.3740e-25	0.00e+00	0.00e+00	1.9024e-01
8.81830e+15	7.3928e+03	7.264e-18	1.6681e+03	1.8070e+03	4.0152e-15	2.3837e-03	9.9762e-01	1.4098e-02	9.8529e-01	6.1479e-04	2.2749e-17	1.5187e-04	2.1011e-01	7.8909e-01	6.4548e-04	1.3694e-03	5.4550e-01	4.5307e-01	6.6047e-05	1.1755e-36	1.1755e-36	1.3628e-25	0.00e+00	0.00e+00	2.5623e-01
1.18415e+16	7.3344e+03	7.110e-18	1.6681e+03	1.8069e+03	4.1734e-15	2.4025e-03	9.9760e-01	1.4474e-02	9.8518e-01	3.4467e-04	2.3638e-17	1.5599e-04	2.1470e-01	7.8454e-01	6.0446e-04	1.4142e-03	5.5568e-01	4.4287e-01	3.6181e-05	1.1755e-36	1.1755e-36	1.3739e-25	0.00e+00	0.00e+00	3.4271e-01
1.57717e+16	7.2786e+03	6.955e-18	1.6681e+03	1.8066e+03	4.4051e-15	2.4451e-03	9.9755e-01	1.5033e-02	9.8480e-01	1.6238e-04	2.5324e-17	1.6268e-04	2.2143e-01	7.7785e-01	5.6104e-04	1.4856e-03	5.6949e-01	4.2901e-01	1.6654e-05	1.1755e-36	1.1755e-36	1.4261e-25	0.00e+00	0.00e+00	4.5712e-01
2.08809e+16	7.2290e+03	6.807e-18	1.6681e+03	1.8064e+03	4.7552e-15	2.5271e-03	9.9747e-01	1.5910e-02	9.8403e-01	6.2147e-05	2.8408e-17	1.7332e-04	2.3150e-01	7.6781e-01	5.1301e-04	1.5999e-03	5.8836e-01	4.1004e-01	6.1843e-06	1.1755e-36	1.1755e-36	1.5483e-25	0.00e+00	0.00e+00	6.1084e-01
2.75229e+16	7.1856e+03	6.682e-18	1.6681e+03	1.8059e+03	5.3548e-15	2.6768e-03	9.9732e-01	1.7323e-02	9.8266e-01	1.8652e-05	3.4365e-17	1.9100e-04	2.4706e-01	7.5229e-01	4.5648e-04	1.7890e-03	6.1469e-01	3.8352e-01	1.7719e-06	1.1755e-36	1.1755e-36	1.8178e-25	0.00e+00	0.00e+00	8.2252e-01
3.50244e+16	7.1589e+03	6.584e-18	1.6681e+03	1.8052e+03	6.1313e-15	2.8843e-03	9.9712e-01	1.9243e-02	9.8075e-01	4.9737e-06	4.3329e-17	2.1485e-04	2.6717e-01	7.3222e-01	3.9864e-04	2.0463e-03	6.4548e-01	3.5247e-01	4.5116e-07	1.1755e-36	1.1755e-36	2.2271e-25	0.00e+00	0.00e+00	1.0502e+00
4.19542e+16	7.1611e+03	6.551e-18	1.6681e+03	1.8044e+03	7.0604e-15	3.1406e-03	9.9686e-01	2.1570e-02	9.7843e-01	1.5940e-06	5.6052e-17	2.4315e-04	2.8981e-01	7.0960e-01	3.4760e-04	2.3568e-03	6.7632e-01	3.2132e-01	1.3629e-07	1.1755e-36	1.1755e-36	2.8406e-25	0.00e+00	0.00e+00	1.2607e+00
4.78904e+16	7.1844e+03	6.570e-18	1.6681e+03	1.8035e+03	8.1626e-15	3.4352e-03	9.9656e-01	2.4248e-02	9.7575e-01	6.5330e-07	7.3572e-17	2.7465e-04	3.1382e-01	6.8560e-01	3.0404e-04	2.7110e-03	7.0553e-01	2.9176e-01	1.1755e-36	1.1755e-36	1.1755e-36	3.7337e-25	0.00e+00	0.00e+00	1.4600e+00
5.31973e+16	7.2172e+03	6.621e-18	1.6681e+03	1.8025e+03	9.5363e-15	3.7760e-03	9.9622e-01	2.7416e-02	9.7258e-01	3.1133e-07	9.8213e-17	3.1052e-04	3.4000e-01	6.5943e-01	2.6479e-04	3.1233e-03	7.3398e-01	2.6289e-01	1.1755e-36	1.1755e-36	1.1755e-36	5.0449e-25	0.00e+00	0.00e+00	1.6631e+00
5.81613e+16	7.2588e+03	6.693e-18	1.6681e+03	1.8011e+03	1.1256e-14	4.1770e-03	9.9582e-01	3.1269e-02	9.6873e-01	1.6228e-07	1.3343e-16	3.5187e-04	3.6911e-01	6.3031e-01	2.2822e-04	3.6143e-03	7.6235e-01	2.3404e-01	1.1755e-36	1.1755e-36	1.1755e-36	6.9881e-25	0.00e+00	0.00e+00	1.8752e+00
6.28000e+16	7.3044e+03	6.785e-18	1.6681e+03	1.7996e+03	1.3464e-14	4.6489e-03	9.9535e-01	3.6056e-02	9.6394e-01	9.1350e-08	1.8433e-16	3.9928e-04	4.0145e-01	5.9796e-01	1.9415e-04	4.1996e-03	7.9030e-01	2.0550e-01	1.1755e-36	1.1755e-36	1.1755e-36	9.9122e-25	0.00e+00	0.00e+00	2.0934e+00
6.70373e+16	7.3556e+03	6.892e-18	1.6681e+03	1.7981e+03	1.6212e-14	5.1906e-03	9.9481e-01	4.1970e-02	9.5803e-01	5.5527e-08	2.5676e-16	4.5230e-04	4.3644e-01	5.6294e-01	1.6327e-04	4.8798e-03	8.1690e-01	1.7822e-01	1.1755e-36	1.1755e-36	1.1755e-36	1.4274e-24	0.00e+00	0.00e+00	2.3131e+00
7.08605e+16	7.4068e+03	7.011e-18	1.6681e+03	1.7965e+03	1.9703e-14	5.8042e-03	9.9420e-01	4.9231e-02	9.5077e-01	3.6063e-08	3.5955e-16	5.0959e-04	4.7353e-01	5.2582e-01	1.3566e-04	5.6582e-03	8.4161e-01	1.5273e-01	1.1755e-36	1.1755e-36	1.1755e-36	2.0839e-24	0.00e+00	0.00e+00	2.5349e+00
7.43328e+16	7.4370e+03	7.144e-18	1.6681e+03	1.7933e+03	2.4217e-14	6.5145e-03	9.9349e-01	5.8143e-02	9.4186e-01	2.4530e-08	5.0029e-16	5.7252e-04	5.1312e-01	4.8620e-01	1.1077e-04	6.5640e-03	8.6439e-01	1.2904e-01	1.1755e-36	1.1755e-36	1.1755e-36	2.9935e-24	0.00e+00	0.00e+00	2.7625e+00
7.75107e+16	7.4917e+03	7.270e-18	1.6681e+03	1.7907e+03	2.9622e-14	7.3130e-03	9.9269e-01	6.9466e-02	9.3053e-01	1.7436e-08	7.0087e-16	6.3972e-04	5.5431e-01	4.4496e-01	8.9049e-05	7.5917e-03	8.8504e-01	1.0737e-01	1.1755e-36	1.1755e-36	1.1755e-36	4.3954e-24	0.00e+00	0.00e+00	2.9965e+00
8.04492e+16	7.5278e+03	7.409e-18	1.6681e+03	1.7867e+03	3.6906e-14	8.2476e-03	9.9175e-01	8.4111e-02	9.1589e-01	1.2698e-08	9.8520e-16	7.1158e-04	5.9783e-01	4.0139e-01	6.9719e-05	8.7965e-03	9.0371e-01	8.7489e-02	1.1755e-36	1.1755e-36	1.1755e-36	6.4690e-24	0.00e+00	0.00e+00	3.2431e+00
8.29674e+16	7.5762e+03	7.545e-18	1.6681e+03	1.7836e+03	4.5522e-14	9.2404e-03	9.9076e-01	1.0229e-01	8.9771e-01	9.7730e-09	1.3687e-15	7.8222e-04	6.3969e-01	3.5948e-01	5.4272e-05	1.0080e-02	9.1910e-01	7.0820e-02	1.1755e-36	1.1755e-36	1.1755e-36	9.5300e-24	0.00e+00	0.00e+00	3.4570e+00
8.50050e+16	7.5948e+03	7.661e-18	1.6681e+03	1.7777e+03	5.5037e-14	1.0239e-02	9.8976e-01	1.2248e-01	8.7752e-01	7.7819e-09	1.8017e-15	8.4584e-04	6.7710e-01	3.2201e-01	4.2476e-05	1.1369e-02	9.3091e-01	5.7725e-02	1.1755e-36	1.1755e-36	1.1755e-36	1.2987e-23	0.00e+00	0.00e+00	3.6595e+00
8.68774e+16	7.6183e+03	7.774e-18	1.6681e+03	1.7729e+03	6.7082e-14	1.1343e-02	9.8866e-01	1.4874e-01	8.5126e-01	6.2835e-09	2.3953e-15	9.1017e-04	7.1390e-01	2.8516e-01	3.2557e-05	1.2794e-02	9.4095e-01	4.6254e-02	1.1755e-36	1.1755e-36	1.1755e-36	1.8132e-23	0.00e+00	0.00e+00	3.8826e+00
8.86538e+16	7.6495e+03	7.883e-18	1.6681e+03	1.7676e+03	8.2326e-14	1.2595e-02	9.8740e-01	1.8389e-01	8.1611e-01	5.0866e-09	3.2204e-15	9.7408e-04	7.5051e-01	2.4849e-01	2.4210e-05	1.4407e-02	9.4956e-01	3.6031e-02	1.1755e-36	1.1755e-36	1.1755e-36	2.5844e-23	0.00e+00	0.00e+00	4.1062e+00
9.02094e+16	7.6595e+03	7.969e-18	1.6681e+03	1.7570e+03	9.9563e-14	1.3917e-02	9.8608e-01	2.2680e-01	7.7320e-01	4.1074e-09	4.1727e-15	1.0311e-03	7.8355e-01	2.1540e-01	1.7816e-05	1.6104e-02	9.5616e-01	2.7740e-02	1.1755e-36	1.1755e-36	1.1755e-36	3.4594e-23	0.00e+00	0.00e+00	4.3152e+00
9.13805e+16	7.6772e+03	8.030e-18	1.6681e+03	1.7484e+03	1.1636e-13	1.5077e-02	9.8492e-01	2.7128e-01	7.2872e-01	3.4335e-09	5.1883e-15	1.0743e-03	8.0864e-01	1.9027e-01	1.3659e-05	1.7591e-02	9.6045e-01	2.1959e-02	1.1755e-36	1.1755e-36	1.1755e-36	4.4570e-23	0.00e+00	0.00e+00	4.4607e+00
9.21892e+16	7.6866e+03	8.069e-18	1.6681e+03	1.7419e+03	1.3105e-13	1.5992e-02	9.8401e-01	3.1143e-01	6.8857e-01	3.0068e-09	6.1122e-15	1.1047e-03	8.2602e-01	1.7287e-01	1.1087e-05	1.8760e-02	9.6301e-01	1.8231e-02	1.1755e-36	1.1755e-36	1.1755e-36	5.3913e-23	0.00e+00	0.00e+00	4.5788e+00
9.29953e+16	7.6890e+03	8.094e-18	1.6681e+03	1.7336e+03	1.4909e-13	1.7009e-02	9.8299e-01	3.5964e-01	6.4036e-01	2.5638e-09	7.2587e-15	1.1337e-03	8.4278e-01	1.5608e-01	8.8014e-06	2.0055e-02	9.6512e-01	1.4824e-02	1.1755e-36	1.1755e-36	1.1755e-36	6.5652e-23	0.00e+00	0.00e+00	4.7421e+00
9.38924e+16	7.6864e+03	8.129e-18	1.6681e+03	1.7251e+03	1.7426e-13	1.8295e-02	9.8170e-01	4.2454e-01	5.7546e-01	2.0916e-09	8.9068e-15	1.1654e-03	8.6035e-01	1.3848e-01	6.6662e-06	2.1683e-02	9.6686e-01	1.1460e-02	1.1755e-36	1.1755e-36	1.1755e-36	8.2982e-23	0.00e+00	0.00e+00	4.9122e+00
9.47009e+16	7.6915e+03	8.136e-18	1.6681e+03	1.7140e+03	2.0062e-13	1.9575e-02	9.8043e-01	4.9470e-01	5.0530e-01	1.6826e-09	1.0781e-14	1.1899e-03	8.7491e-01	1.2389e-01	5.0805e-06	2.3298e-02	9.6790e-01	8.8017e-03	1.1755e-36	1.1755e-36	1.1755e-36	1.0286e-22	0.00e+00	0.00e+00	5.0636e+00
9.54011e+16	7.6837e+03	8.133e-18	1.6681e+03	1.7019e+03	2.2996e-13	2.0824e-02	9.7918e-01	5.6382e-01	4.3618e-01	1.3409e-09	1.2837e-14	1.2085e-03	8.8637e-01	1.1242e-01	3.9378e-06	2.4869e-02	9.6831e-01	6.8208e-03	1.1755e-36	1.1755e-36	1.1755e-36	1.2481e-22	0.00e+00	0.00e+00	5.2097e+00
9.61672e+16	7.6754e+03	8.119e-18	1.6681e+03	1.6886e+03	2.6942e-13	2.2366e-02	9.7763e-01	6.4439e-01	3.5561e-01	9.9814e-10	1.5713e-14	1.2268e-03	8.9743e-01	1.0134e-01	2.9165e-06	2.6799e-02	9.6818e-01	5.0213e-03	1.1755e-36	1.1755e-36	1.1755e-36	1.5651e-22	0.00e+00	0.00e+00	5.4137e+00
9.71632e+16	7.6629e+03	8.088e-18	1.6681e+03	1.6684e+03	3.3176e-13	2.4642e-02	9.7536e-01	7.4592e-01	2.5408e-01	6.3281e-10	2.0347e-14	1.2444e-03	9.0906e-01	8.9697e-02	1.9416e-06	2.9634e-02	9.6710e-01	3.2621e-03	1.1755e-36	1.1755e-36	1.1755e-36	2.0860e-22	0.00e+00	0.00e+00	5.7060e+00
9.82620e+16	7.6460e+03	8.102e-18	1.6681e+03	1.6524e+03	4.3493e-13	2.7799e-02	9.7220e-01	8.4227e-01	1.5773e-01	3.4901e-10	2.8005e-14	1.2647e-03	9.1925e-01	7.9487e-02	1.2048e-06	3.3540e-02	9.6453e-01	1.9302e-03	1.1755e-36	1.1755e-36	1.1755e-36	3.0847e-22	0.00e+00	0.00e+00	6.0198e+00
9.94946e+16	7.6309e+03	8.138e-18	1.6681e+03	1.6344e+03	5.9706e-13	3.2254e-02	9.6775e-01	9.1524e-01	8.4762e-02	1.6404e-10	3.9826e-14	1.2827e-03	9.2800e-01	7.0717e-02	6.8039e-07	3.9030e-02	9.5994e-01	1.0299e-03	1.1755e-36	1.1755e-36	1.1755e-36	4.8590e-22	0.00e+00	0.00e+00	6.4932e+00
1.00843e+17	7.6293e+03	8.207e-18	1.6681e+03	1.6137e+03	8.5993e-13	3.8745e-02	9.6125e-01	9.5911e-01	4.0890e-02	6.9178e-11	5.8703e-14	1.2969e-03	9.3563e-01	6.3075e-02	3.5700e-07	4.6995e-02	9.5250e-01	5.0164e-04	1.1755e-36	1.1755e-36	1.1755e-36	8.2470e-22	0.00e+00	0.00e+00	7.0253e+00
1.02134e+17	7.6063e+03	8.333e-18	1.6681e+03	1.5980e+03	1.3542e-12	4.7819e-02	9.5218e-01	9.7968e-01	2.0320e-02	3.0411e-11	9.2630e-14	1.3146e-03	9.4276e-01	5.5924e-02	1.8169e-07	5.8087e-02	9.4167e-01	2.4441e-04	1.1755e-36	1.1755e-36	1.1755e-36	1.6047e-21	0.00e+00	0.00e+00	7.6690e+00
1.03315e+17	7.6003e+03	8.398e-18	1.6681e+03	1.5750e+03	2.1460e-12	5.9829e-02	9.4017e-01	9.8901e-01	1.0992e-02	1.4872e-11	1.4683e-13	1.3213e-03	9.4923e-01	4.9449e-02	1.1755e-36	7.2703e-02	9.2717e-01	1.2329e-04	1.1755e-36	1.1755e-36	1.1755e-36	3.1624e-21	0.00e+00	0.00e+00	8.3514e+00
1.04286e+17	7.5832e+03	8.397e-18	1.6681e+03	1.5465e+03	3.4505e-12	7.4438e-02	9.2556e-01	9.9326e-01	6.7365e-03	8.4494e-12	2.3337e-13	1.3198e-03	9.5491e-01	4.3775e-02	1.1755e-36	9.0385e-02	9.0955e-01	6.8023e-05	1.1755e-36	1.1755e-36	1.1755e-36	6.3467e-21	0.00e+00	0.00e+00	9.0262e+00
1.04981e+17	7.5610e+03	8.355e-18	1.6681e+03	1.5209e+03	5.1968e-12	8.9635e-02	9.1037e-01	9.9516e-01	4.8351e-03	5.7885e-12	3.4611e-13	1.3144e-03	9.5933e-01	3.9360e-02	1.1755e-36	1.0866e-01	8.9130e-01	4.3337e-05	1.1755e-36	1.1755e-36	1.1755e-36	1.1514e-20	0.00e+00	0.00e+00	9.5254e+00
1.05440e+17	7.5322e+03	8.287e-18	1.6681e+03	1.4987e+03	7.1182e-12	1.0292e-01	8.9708e-01	9.9611e-01	3.8922e-03	4.5240e-12	4.6468e-13	1.3068e-03	9.6247e-01	3.6226e-02	1.1755e-36	1.2453e-01	8.7543e-01	3.1507e-05	1.1755e-36	1.1755e-36	1.1755e-36	1.7982e-20	0.00e+00	0.00e+00	9.9466e+00
1.05887e+17	7.4976e+03	8.178e-18	1.6681e+03	1.4749e+03	9.9403e-12	1.1899e-01	8.8101e-01	9.9687e-01	3.1279e-03	3.5223e-12	6.3444e-13	1.2975e-03	9.6573e-01	3.2972e-02	1.1755e-36	1.4360e-01	8.5637e-01	2.2478e-05	1.1755e-36	1.1755e-36	1.1755e-36	2.8838e-20	0.00e+00	0.00e+00	1.0579e+01
1.06382e+17	7.4572e+03	7.954e-18	1.6681e+03	1.4353e+03	1.4937e-11	1.4138e-01	8.5862e-01	9.9752e-01	2.4802e-03	2.7271e-12	9.2233e-13	1.2750e-03	9.6926e-01	2.9462e-02	1.1755e-36	1.6995e-01	8.3004e-01	1.5242e-05	1.1755e-36	1.1755e-36	1.1755e-36	5.1085e-20	0.00e+00	0.00e+00	1.1302e+01
1.06818e+17	7.4037e+03	7.664e-18	1.6681e+03	1.3900e+03	2.2840e-11	1.6787e-01	8.3213e-01	9.9797e-01	2.0335e-03	2.2051e-12	1.3509e-12	1.2462e-03	9.7254e-01	2.6215e-02	1.1755e-36	2.0076e-01	7.9923e-01	1.0528e-05	1.1755e-36	1.1755e-36	1.1755e-36	9.2002e-20	0.00e+00	0.00e+00	1.1986e+01
1.07166e+17	7.3440e+03	7.342e-18	1.6681e+03	1.3441e+03	3.3494e-11	1.9541e-01	8.0459e-01	9.9826e-01	1.7418e-03	1.8791e-12	1.8870e-12	1.2147e-03	9.7528e-01	2.3506e-02	1.1755e-36	2.3239e-01	7.6760e-01	7.6289e-06	1.1755e-36	1.1755e-36	1.1755e-36	1.5384e-19	0.00e+00	0.00e+00	1.2623e+01
1.07462e+17	7.2757e+03	6.982e-18	1.6681e+03	1.2956e+03	4.8029e-11	2.2443e-01	7.7557e-01	9.9847e-01	1.5290e-03	1.6514e-12	2.5570e-12	1.1795e-03	9.7767e-01	2.1147e-02	1.1755e-36	2.6531e-01	7.3469e-01	5.6722e-06	1.1755e-36	1.1755e-36	1.1755e-36	2.4539e-19	0.00e+00	0.00e+00	1.3293e+01
1.07755e+17	7.1861e+03	6.535e-18	1.6681e+03	1.2373e+03	7.1112e-11	2.5925e-01	7.4075e-01	9.9865e-01	1.3457e-03	1.4644e-12	3.5108e-12	1.1356e-03	9.8007e-01	1.8793e-02	1.1755e-36	3.0421e-01	6.9578e-01	4.1382e-06	1.1755e-36	1.1755e-36	1.1755e-36	3.9943e-19	0.00e+00	0.00e+00	1.4119e+01
1.08035e+17	7.0749e+03	6.012e-18	1.6681e+03	1.1695e+03	1.0803e-10	2.9992e-01	7.0008e-01	9.9880e-01	1.2040e-03	1.3334e-12	4.8442e-12	1.0823e-03	9.8235e-01	1.6568e-02	1.1755e-36	3.4887e-01	6.5112e-01	2.9994e-06	1.1755e-36	1.1755e-36	1.1755e-36	6.5578e-19	0.00e+00	0.00e+00	1.4931e+01
1.08252e+17	6.9635e+03	5.531e-18	1.6681e+03	1.1063e+03	1.5531e-10	3.3774e-01	6.6226e-01	9.9889e-01	1.1128e-03	1.2612e-12	6.3097e-12	1.0314e-03	9.8412e-01	1.4851e-02	1.1755e-36	3.8967e-01	6.1033e-01	2.2957e-06	1.1755e-36	1.1755e-36	1.1755e-36	9.8580e-19	0.00e+00	0.00e+00	1.5562e+01
1.08403e+17	6.8690e+03	5.159e-18	1.6681e+03	1.0570e+03	2.0427e-10	3.6736e-01	6.3264e-01	9.9894e-01	1.0579e-03	1.2244e-12	7.6203e-12	9.9104e-04	9.8534e-01	1.3668e-02	1.1755e-36	4.2114e-01	5.7886e-01	1.8877e-06	1.1755e-36	1.1755e-36	1.1755e-36	1.3193e-18	0.00e+00	0.00e+00	1.6042e+01
1.08518e+17	6.7849e+03	4.855e-18	1.6681e+03	1.0161e+03	2.5522e-10	3.9180e-01	6.0820e-01	9.9898e-01	1.0180e-03	1.2007e-12	8.8136e-12	9.5726e-04	9.8627e-01	1.2771e-02	1.1755e-36	4.4678e-01	5.5321e-01	1.6149e-06	1.1755e-36	1.1755e-36	1.1755e-36	1.6513e-18	0.00e+00	0.00e+00	1.6481e+01
1.08624e+17	6.6969e+03	4.561e-18	1.6681e+03	9.7613e+02	3.1706e-10	4.1573e-01	5.8427e-01	9.9902e-01	9.8363e-04	1.1831e-12	1.0086e-11	9.2394e-04	9.8712e-01	1.1953e-02	1.1755e-36	4.7163e-01	5.2837e-01	1.3914e-06	1.1755e-36	1.1755e-36	1.1755e-36	2.0335e-18	0.00e+00	0.00e+00	1.6945e+01
1.08729e+17	6.5999e+03	4.262e-18	1.6681e+03	9.3458e+02	3.9720e-10	4.4059e-01	5.5941e-01	9.9905e-01	9.5261e-04	1.1713e-12	1.1523e-11	8.8901e-04	9.8795e-01	1.1163e-02	1.1755e-36	4.9716e-01	5.0284e-01	1.1969e-06	1.1755e-36	1.1755e-36	1.1755e-36	2.4973e-18	0.00e+00	0.00e+00	1.7424e+01
1.08827e+17	6.4988e+03	3.975e-18	1.6681e+03	8.9371e+02	4.9640e-10	4.6504e-01	5.3496e-01	9.9907e-01	9.2710e-04	1.1670e-12	1.3051e-11	8.5438e-04	9.8870e-01	1.0441e-02	1.1755e-36	5.2200e-01	4.7800e-01	1.0360e-06	1.1755e-36	1.1755e-36	1.1755e-36	3.0266e-18	0.00e+00	0.00e+00	1.7880e+01
1.08914e+17	6.3993e+03	3.716e-18	1.6681e+03	8.5597e+02	6.1176e-10	4.8761e-01	5.1239e-01	9.9909e-01	9.0678e-04	1.1680e-12	1.4571e-11	8.2221e-04	9.8936e-01	9.8140e-03	1.1755e-36	5.4469e-01	4.5531e-01	9.0886e-07	1.1755e-36	1.1755e-36	1.1755e-36	3.5872e-18	0.00e+00	0.00e+00	1.8298e+01
1.08992e+17	6.3021e+03	3.484e-18	1.6681e+03	8.2129e+02	7.4438e-10	5.0836e-01	4.9164e-01	9.9911e-01	8.9019e-04	1.1724e-12	1.6063e-11	7.9249e-04	9.8994e-01	9.2658e-03	1.1755e-36	5.6536e-01	4.3464e-01	8.0674e-07	1.1755e-36	1.1755e-36	1.1755e-36	4.1694e-18	0.00e+00	0.00e+00	1.8693e+01
1.09064e+17	6.2042e+03	3.268e-18	1.6681e+03	7.8831e+02	9.0135e-10	5.2808e-01	4.7192e-01	9.9912e-01	8.7603e-04	1.1796e-12	1.7569e-11	7.6410e-04	9.9047e-01	8.7674e-03	1.1755e-36	5.8482e-01	4.1518e-01	7.2081e-07	1.1755e-36	1.1755e-36	1.1755e-36	4.7879e-18	0.00e+00	0.00e+00	1.9081e+01
1.09122e+17	6.1220e+03	3.100e-18	1.6681e+03	7.6188e+02	1.0550e-09	5.4395e-01	4.5605e-01	9.9913e-01	8.6669e-04	1.1892e-12	1.8848e-11	7.4125e-04	9.9087e-01	8.3860e-03	1.1755e-36	6.0036e-01	3.9964e-01	6.5920e-07	1.1755e-36	1.1755e-36	1.1755e-36	5.3373e-18	0.00e+00	0.00e+00	1.9345e+01
1.09163e+17	6.0540e+03	2.979e-18	1.6681e+03	7.4246e+02	1.1942e-09	5.5577e-01	4.4423e-01	9.9914e-01	8.5978e-04	1.1958e-12	1.9847e-11	7.2445e-04	9.9117e-01	8.1075e-03	1.1755e-36	6.1188e-01	3.8812e-01	6.1694e-07	1.1755e-36	1.1755e-36	1.1755e-36	5.7799e-18	0.00e+00	0.00e+00	1.9563e+01
1.09202e+17	5.9919e+03	2.865e-18	1.6681e+03	7.2417e+02	1.3405e-09	5.6692e-01	4.3308e-01	9.9915e-01	8.5318e-04	1.2026e-12	2.0822e-11	7.0864e-04	9.9144e-01	7.8486e-03	1.1755e-36	6.2268e-01	3.7732e-01	5.7898e-07	1.1755e-36	1.1755e-36	1.1755e-36	6.2270e-18	0.00e+00	0.00e+00	1.9801e+01
1.09244e+17	5.9204e+03	2.738e-18	1.6681e+03	7.0315e+02	1.5281e-09	5.7909e-01	4.2091e-01	9.9915e-01	8.4648e-04	1.2127e-12	2.1900e-11	6.9032e-04	9.9174e-01	7.5737e-03	1.1755e-36	6.3441e-01	3.6559e-01	5.3992e-07	1.1755e-36	1.1755e-36	1.1755e-36	6.7319e-18	0.00e+00	0.00e+00	2.0076e+01
1.09290e+17	5.8415e+03	2.605e-18	1.6681e+03	6.8100e+02	1.7656e-09	5.9232e-01	4.0768e-01	9.9916e-01	8.3997e-04	1.2246e-12	2.3135e-11	6.7087e-04	9.9205e-01	7.2819e-03	1.1755e-36	6.4709e-01	3.5291e-01	5.0050e-07	1.1755e-36	1.1755e-36	1.1755e-36	7.3334e-18	0.00e+00	0.00e+00	2.0366e+01
1.09335e+17	5.7589e+03	2.477e-18	1.6681e+03	6.5915e+02	2.0490e-09	6.0538e-01	3.9462e-01	9.9917e-01	8.3415e-04	1.2378e-12	2.4406e-11	6.5172e-04	9.9235e-01	7.0013e-03	1.1755e-36	6.5954e-01	3.4046e-01	4.6442e-07	1.1755e-36	1.1755e-36	1.1755e-36	7.9747e-18	0.00e+00	0.00e+00	2.0645e+01
1.09378e+17	5.6763e+03	2.358e-18	1.6681e+03	6.3844e+02	2.3740e-09	6.1778e-01	3.8222e-01	9.9917e-01	8.2900e-04	1.2514e-12	2.5665e-11	6.3355e-04	9.9263e-01	6.7414e-03	1.1755e-36	6.7130e-01	3.2870e-01	4.3249e-07	1.1755e-36	1.1755e-36	1.1755e-36	8.6335e-18	0.00e+00	0.00e+00	2.0914e+01
1.09419e+17	5.5930e+03	2.246e-18	1.6681e+03	6.1837e+02	2.7526e-09	6.2977e-01	3.7023e-01	9.9918e-01	8.2435e-04	1.2658e-12	2.6934e-11	6.1590e-04	9.9289e-01	6.4953e-03	1.1755e-36	6.8261e-01	3.1739e-01	4.0351e-07	1.1755e-36	1.1755e-36	1.1755e-36	9.3243e-18	0.00e+00	0.00e+00	2.1183e+01
1.09460e+17	5.5029e+03	2.137e-18	1.6681e+03	5.9864e+02	3.2241e-09	6.4192e-01	3.5808e-01	9.9918e-01	8.1928e-04	1.2790e-12	2.8307e-11	5.9871e-04	9.9315e-01	6.2511e-03	1.1755e-36	6.9401e-01	3.0599e-01	3.7616e-07	1.1755e-36	1.1755e-36	1.1755e-36	1.0107e-17	0.00e+00	0.00e+00	2.1459e+01
1.09500e+17	5.4130e+03	2.030e-18	1.6681e+03	5.7891e+02	3.7806e-09	6.5374e-01	3.4626e-01	9.9918e-01	8.1523e-04	1.2952e-12	2.9694e-11	5.8134e-04	9.9340e-01	6.0187e-03	1.1755e-36	7.0505e-01	2.9495e-01	3.5097e-07	1.1755e-36	1.1755e-36	1.1755e-36	1.0935e-17	0.00e+00	0.00e+00	2.1734e+01
1.09540e+17	5.3206e+03	1.928e-18	1.6681e+03	5.5955e+02	4.4541e-09	6.6537e-01	3.3463e-01	9.9919e-01	8.1149e-04	1.3121e-12	3.1141e-11	5.6427e-04	9.9364e-01	5.7948e-03	1.1755e-36	7.1586e-01	2.8414e-01	3.2765e-07	1.1755e-36	1.1755e-36	1.1755e-36	1.1847e-17	0.00e+00	0.00e+00	2.2010e+01
1.09579e+17	5.2252e+03	1.830e-18	1.6681e+03	5.4042e+02	5.2787e-09	6.7685e-01	3.2315e-01	9.9919e-01	8.0798e-04	1.3300e-12	3.2666e-11	5.4740e-04	9.9387e-01	5.5785e-03	1.1755e-36	7.2647e-01	2.7353e-01	3.0595e-07	1.1755e-36	1.1755e-36	1.1755e-36	1.2869e-17	0.00e+00	0.00e+00	2.2289e+01
1.09618e+17	5.1271e+03	1.735e-18	1.6681e+03	5.2163e+02	6.2932e-09	6.8814e-01	3.1186e-01	9.9920e-01	8.0478e-04	1.3486e-12	3.4290e-11	5.3083e-04	9.9410e-01	5.3698e-03	1.1755e-36	7.3686e-01	2.6314e-01	2.8579e-07	1.1755e-36	1.1755e-36	1.1755e-36	1.4035e-17	0.00e+00	0.00e+00	2.2569e+01
1.09656e+17	5.0237e+03	1.645e-18	1.6681e+03	5.0305e+02	7.5742e-09	6.9924e-01	3.0076e-01	9.9920e-01	8.0176e-04	1.3678e-12	3.6040e-11	5.1453e-04	9.9432e-01	5.1694e-03	1.1755e-36	7.4703e-01	2.5297e-01	2.6716e-07	1.1755e-36	1.1755e-36	1.1755e-36	1.5394e-17	0.00e+00	0.00e+00	2.2849e+01
1.09694e+17	4.9184e+03	1.559e-18	1.6681e+03	4.8499e+02	9.1527e-09	7.1009e-01	2.8991e-01	9.9920e-01	7.9886e-04	1.3872e-12	3.7925e-11	4.9871e-04	9.9454e-01	4.9645e-03	1.1755e-36	7.5694e-01	2.4306e-01	2.4987e-07	1.1755e-36	1.1755e-36	1.1755e-36	1.6914e-17	0.00e+00	0.00e+00	2.3128e+01
1.09731e+17	4.8162e+03	1.476e-18	1.6681e+03	4.6706e+02	1.1025e-08	7.2038e-01	2.7962e-01	9.9920e-01	7.9726e-04	1.4110e-12	3.9808e-11	4.8272e-04	9.9475e-01	4.7695e-03	1.1755e-36	7.6628e-01	2.3372e-01	2.3414e-07	1.1755e-36	1.1755e-36	1.1755e-36	1.8537e-17	0.00e+00	0.00e+00	2.3407e+01
1.09760e+17	4.7321e+03	1.417e-18	1.6681e+03	4.5454e+02	1.2863e-08	7.2856e-01	2.7144e-01	9.9921e-01	7.9463e-04	1.4235e-12	4.1552e-11	4.7197e-04	9.9491e-01	4.6159e-03	1.1755e-36	7.7367e-01	2.2633e-01	2.2256e-07	1.1755e-36	1.1755e-36	1.1755e-36	2.0169e-17	0.00e+00	0.00e+00	2.3573e+01
1.09778e+17	4.6791e+03	1.379e-18	1.6681e+03	4.4574e+02	1.4172e-08	7.3331e-01	2.6669e-01	9.9921e-01	7.9461e-04	1.4375e-12	4.2541e-11	4.6419e-04	9.9501e-01	4.5271e-03	1.1755e-36	7.7797e-01	2.2203e-01	2.1584e-07	1.1755e-36	1.1755e-36	1.1755e-36	2.1154e-17	0.00e+00	0.00e+00	2.3690e+01
1.09794e+17	4.6289e+03	1.346e-18	1.6681e+03	4.3826e+02	1.5540e-08	7.3777e-01	2.6223e-01	9.9921e-01	7.9351e-04	1.4467e-12	4.3569e-11	4.5769e-04	9.9510e-01	4.4443e-03	1.1755e-36	7.8199e-01	2.1801e-01	2.0974e-07	1.1755e-36	1.1755e-36	1.1755e-36	2.2225e-17	0.00e+00	0.00e+00	2.3818e+01
1.09812e+17	4.5754e+03	1.310e-18	1.6681e+03	4.3000e+02	1.7166e-08	7.4263e-01	2.5737e-01	9.9921e-01	7.9254e-04	1.4580e-12	4.4728e-11	4.5047e-04	9.9520e-01	4.3544e-03	1.1755e-36	7.8637e-01	2.1363e-01	2.0315e-07	1.1755e-36	1.1755e-36	1.1755e-36	2.3489e-17	0.00e+00	0.00e+00	2.3963e+01
1.09831e+17	4.5106e+03	1.272e-18	1.6681e+03	4.2143e+02	1.9357e-08	7.4823e-01	2.5177e-01	9.9921e-01	7.9025e-04	1.4657e-12	4.6231e-11	4.4321e-04	9.9530e-01	4.2519e-03	1.1755e-36	7.9138e-01	2.0862e-01	1.9597e-07	1.1755e-36	1.1755e-36	1.1755e-36	2.5221e-17	0.00e+00	0.00e+00	2.4118e+01
1.09849e+17	4.4506e+03	1.236e-18	1.6681e+03	4.1294e+02	2.1633e-08	7.5323e-01	2.4677e-01	9.9921e-01	7.8925e-04	1.4773e-12	4.7603e-11	4.3589e-04	9.9540e-01	4.1605e-03	1.1755e-36	7.9586e-01	2.0414e-01	1.8961e-07	1.1755e-36	1.1755e-36	1.1755e-36	2.6907e-17	0.00e+00	0.00e+00	2.4256e+01
1.09866e+17	4.3946e+03	1.203e-18	1.6681e+03	4.0522e+02	2.4006e-08	7.5784e-01	2.4216e-01	9.9921e-01	7.8820e-04	1.4877e-12	4.8957e-11	4.2926e-04	9.9549e-01	4.0767e-03	1.1755e-36	7.9999e-01	2.0001e-01	1.8387e-07	1.1755e-36	1.1755e-36	1.1755e-36	2.8663e-17	0.00e+00	0.00e+00	2.4388e+01
1.09883e+17	4.3387e+03	1.172e-18	1.6681e+03	3.9768e+02	2.6631e-08	7.6238e-01	2.3762e-01	9.9921e-01	7.8710e-04	1.4978e-12	5.0371e-11	4.2282e-04	9.9558e-01	3.9948e-03	1.1755e-36	8.0404e-01	1.9596e-01	1.7835e-07	1.1755e-36	1.1755e-36	1.1755e-36	3.0597e-17	0.00e+00	0.00e+00	2.4522e+01
1.09900e+17	4.2814e+03	1.140e-18	1.6681e+03	3.9012e+02	2.9611e-08	7.6695e-01	2.3305e-01	9.9921e-01	7.8598e-04	1.5080e-12	5.1887e-11	4.1638e-04	9.9567e-01	3.9127e-03	1.1755e-36	8.0811e-01	1.9189e-01	1.7291e-07	1.1755e-36	1.1755e-36	1.1755e-36	3.2787e-17	0.00e+00	0.00e+00	2.4659e+01
1.09917e+17	4.2231e+03	1.109e-18	1.6681e+03	3.8256e+02	3.2963e-08	7.7149e-01	2.2851e-01	9.9922e-01	7.8489e-04	1.5185e-12	5.3485e-11	4.0998e-04	9.9576e-01	3.8316e-03	1.1755e-36	8.1214e-01	1.8786e-01	1.6761e-07	1.1755e-36	1.1755e-36	1.1755e-36	3.5228e-17	0.00e+00	0.00e+00	2.4796e+01
1.09933e+17	4.1648e+03	1.079e-18	1.6681e+03	3.7517e+02	3.6655e-08	7.7595e-01	2.2405e-01	9.9922e-01	7.8379e-04	1.5288e-12	5.5151e-11	4.0376e-04	9.9584e-01	3.7523e-03	1.1755e-36	8.1610e-01	1.8390e-01	1.6251e-07	1.1755e-36	1.1755e-36	1.1755e-36	3.7916e-17	0.00e+00	0.00e+00	2.4931e+01
1.09950e+17	4.1062e+03	1.050e-18	1.6681e+03	3.6788e+02	4.0727e-08	7.8032e-01	2.1968e-01	9.9922e-01	7.8273e-04	1.5392e-12	5.6877e-11	3.9765e-04	9.9593e-01	3.6750e-03	1.1755e-36	8.1998e-01	1.8002e-01	1.5762e-07	1.1755e-36	1.1755e-36	1.1755e-36	4.0861e-17	0.00e+00	0.00e+00	2.5066e+01
1.09966e+17	4.0425e+03	1.022e-18	1.6681e+03	3.6047e+02	4.5523e-08	7.8469e-01	2.1531e-01	9.9922e-01	7.8149e-04	1.5489e-12	5.8737e-11	3.9159e-04	9.9601e-01	3.5981e-03	1.1755e-36	8.2386e-01	1.7614e-01	1.5288e-07	1.1755e-36	1.1755e-36	1.1755e-36	4.4239e-17	0.00e+00	0.00e+00	2.5202e+01
1.09982e+17	3.9891e+03	9.951e-19	1.6681e+03	3.5373e+02	4.9961e-08	7.8881e-01	2.1119e-01	9.9922e-01	7.8064e-04	1.5597e-12	6.0483e-11	3.8591e-04	9.9609e-01	3.5260e-03	1.1755e-36	8.2748e-01	1.7252e-01	1.4840e-07	1.1755e-36	1.1755e-36	1.1755e-36	4.7525e-17	0.00e+00	0.00e+00	2.5332e+01
###########################
3.27308e+12	7.7159e+03	8.120e-18	1.6681e+03	1.8075e+03	3.5370e-15	2.4810e-03	9.9752e-01	1.3423e-02	9.8417e-01	2.4042e-03	2.2475e-17	1.4756e-04	2.0107e-01	7.9796e-01	8.2127e-04	1.3370e-03	5.2210e-01	4.7620e-01	3.6278e-04	1.1755e-36	1.1755e-36	1.4721e-25	0.00e+00	0.00e+00	1.7105e-04
1.96385e+13	7.7144e+03	8.117e-18	1.6681e+03	1.8073e+03	3.5313e-15	2.4801e-03	9.9752e-01	1.3422e-02	9.8418e-01	2.4024e-03	2.2404e-17	1.4712e-04	2.0106e-01	7.9797e-01	8.2248e-04	1.3362e-03	5.2198e-01	4.7632e-01	3.6163e-04	1.1755e-36	1.1755e-36	1.4640e-25	0.00e+00	0.00e+00	8.5497e-04
8.51000e+13	7.7106e+03	8.109e-18	1.6681e+03	1.8072e+03	3.5126e-15	2.4788e-03	9.9752e-01	1.3428e-02	9.8418e-01	2.3871e-03	2.2242e-17	1.4696e-04	2.0112e-01	7.9791e-01	8.2019e-04	1.3360e-03	5.2207e-01	4.7623e-01	3.5639e-04	1.1755e-36	1.1755e-36	1.4421e-25	0.00e+00	0.00e+00	3.5893e-03
3.46946e+14	7.6990e+03	8.085e-18	1.6681e+03	1.8072e+03	3.5489e-15	2.4778e-03	9.9752e-01	1.3461e-02	9.8423e-01	2.3066e-03	2.2401e-17	1.4709e-04	2.0153e-01	7.9752e-01	8.1216e-04	1.3381e-03	5.2281e-01	4.7552e-01	3.3588e-04	1.1755e-36	1.1755e-36	1.4546e-25	0.00e+00	0.00e+00	1.4522e-02
8.28743e+14	7.6700e+03	7.990e-18	1.6681e+03	1.8072e+03	3.5285e-15	2.4521e-03	9.9755e-01	1.3448e-02	9.8429e-01	2.2593e-03	2.1885e-17	1.4594e-04	2.0151e-01	7.9754e-01	8.0575e-04	1.3260e-03	5.2292e-01	4.7545e-01	3.0985e-04	1.1755e-36	1.1755e-36	1.4013e-25	0.00e+00	0.00e+00	2.8587e-02
1.45508e+15	7.6349e+03	7.895e-18	1.6681e+03	1.8072e+03	3.5314e-15	2.4309e-03	9.9757e-01	1.3462e-02	9.8441e-01	2.1299e-03	2.1509e-17	1.4544e-04	2.0181e-01	7.9725e-01	7.9307e-04	1.3186e-03	5.2374e-01	4.7466e-01	2.7727e-04	1.1755e-36	1.1755e-36	1.3568e-25	0.00e+00	0.00e+00	4.6714e-02
2.26931e+15	7.5961e+03	7.791e-18	1.6681e+03	1.8072e+03	3.5465e-15	2.4121e-03	9.9759e-01	1.3498e-02	9.8458e-01	1.9237e-03	2.1217e-17	1.4529e-04	2.0239e-01	7.9669e-01	7.7449e-04	1.3149e-03	5.2531e-01	4.7314e-01	2.3870e-04	1.1755e-36	1.1755e-36	1.3166e-25	0.00e+00	0.00e+00	7.0097e-02
3.32782e+15	7.5492e+03	7.679e-18	1.6681e+03	1.8072e+03	3.5867e-15	2.3967e-03	9.9760e-01	1.3569e-02	9.8479e-01	1.6440e-03	2.1048e-17	1.4554e-04	2.0339e-01	7.9572e-01	7.4945e-04	1.3164e-03	5.2792e-01	4.7057e-01	1.9527e-04	1.1755e-36	1.1755e-36	1.2823e-25	0.00e+00	0.00e+00	1.0030e-01
4.70388e+15	7.5031e+03	7.551e-18	1.6681e+03	1.8072e+03	3.6266e-15	2.3841e-03	9.9762e-01	1.3675e-02	9.8502e-01	1.3089e-03	2.0964e-17	1.4628e-04	2.0481e-01	7.9432e-01	7.1907e-04	1.3231e-03	5.3175e-01	4.6678e-01	1.4955e-04	1.1755e-36	1.1755e-36	1.2501e-25	0.00e+00	0.00e+00	1.3936e-01
6.49276e+15	7.4493e+03	7.413e-18	1.6681e+03	1.8071e+03	3.7011e-15	2.3782e-03	9.9762e-01	1.3843e-02	9.8521e-01	9.5042e-04	2.1098e-17	1.4781e-04	2.0698e-01	7.9219e-01	6.8358e-04	1.3389e-03	5.3732e-01	4.6124e-01	1.0508e-04	1.1755e-36	1.1755e-36	1.2284e-25	0.00e+00	0.00e+00	1.9001e-01
8.81830e+15	7.3942e+03	7.265e-18	1.6681e+03	1.8070e+03	3.8000e-15	2.3814e-03	9.9762e-01	1.4092e-02	9.8529e-01	6.1491e-04	2.1498e-17	1.5041e-04	2.1013e-01	7.8908e-01	6.4493e-04	1.3664e-03	5.4497e-01	4.5360e-01	6.6153e-05	1.1755e-36	1.1755e-36	1.2180e-25	0.00e+00	0.00e+00	2.5594e-01
1.18415e+16	7.3354e+03	7.111e-18	1.6681e+03	1.8069e+03	3.9596e-15	2.4004e-03	9.9760e-01	1.4468e-02	9.8519e-01	3.4473e-04	2.2404e-17	1.5470e-04	2.1476e-01	7.8448e-01	6.0385e-04	1.4119e-03	5.5537e-01	4.4319e-01	3.6221e-05	1.1755e-36	1.1755e-36	1.2340e-25	0.00e+00	0.00e+00	3.4234e-01
1.57717e+16	7.2792e+03	6.954e-18	1.6681e+03	1.8066e+03	4.1871e-15	2.4432e-03	9.9756e-01	1.5030e-02	9.8481e-01	1.6240e-04	2.4056e-17	1.6166e-04	2.2157e-01	7.7771e-01	5.6034e-04	1.4840e-03	5.6936e-01	4.2914e-01	1.6664e-05	1.1755e-36	1.1755e-36	1.2850e-25	0.00e+00	0.00e+00	4.5666e-01
2.08809e+16	7.2293e+03	6.805e-18	1.6681e+03	1.8064e+03	4.5458e-15	2.5251e-03	9.9747e-01	1.5907e-02	9.8403e-01	6.2153e-05	2.7149e-17	1.7238e-04	2.3169e-01	7.6763e-01	5.1231e-04	1.5985e-03	5.8832e-01	4.1007e-01	6.1870e-06	1.1755e-36	1.1755e-36	1.4112e-25	0.00e+00	0.00e+00	6.1026e-01
2.75229e+16	7.1851e+03	6.680e-18	1.6681e+03	1.8059e+03	5.1527e-15	2.6750e-03	9.9733e-01	1.7320e-02	9.8266e-01	1.8652e-05	3.3061e-17	1.9035e-04	2.4735e-01	7.5201e-01	4.5572e-04	1.7879e-03	6.1474e-01	3.8347e-01	1.7722e-06	1.1755e-36	1.1755e-36	1.6773e-25	0.00e+00	0.00e+00	8.2180e-01
3.50181e+16	7.1575e+03	6.581e-18	1.6681e+03	1.8052e+03	5.9682e-15	2.8823e-03	9.9712e-01	1.9239e-02	9.8076e-01	4.9776e-06	4.2167e-17	2.1442e-04	2.6754e-01	7.3185e-01	3.9792e-04	2.0451e-03	6.4554e-01	3.5241e-01	4.5161e-07	1.1755e-36	1.1755e-36	2.1022e-25	0.00e+00	0.00e+00	1.0489e+00
4.19353e+16	7.1591e+03	6.548e-18	1.6681e+03	1.8044e+03	6.9573e-15	3.1380e-03	9.9686e-01	2.1562e-02	9.7844e-01	1.5983e-06	5.5222e-17	2.4294e-04	2.9024e-01	7.0917e-01	3.4698e-04	2.3550e-03	6.7634e-01	3.2130e-01	1.3668e-07	1.1755e-36	1.1755e-36	2.7483e-25	0.00e+00	0.00e+00	1.2589e+00
4.78618e+16	7.1818e+03	6.566e-18	1.6681e+03	1.8035e+03	8.1380e-15	3.4319e-03	9.9657e-01	2.4235e-02	9.7576e-01	6.5588e-07	7.3347e-17	2.7469e-04	3.1430e-01	6.8512e-01	3.0351e-04	2.7085e-03	7.0550e-01	2.9179e-01	1.1755e-36	1.1755e-36	1.1755e-36	3.7000e-25	0.00e+00	0.00e+00	1.4577e+00
5.31644e+16	7.2142e+03	6.616e-18	1.6681e+03	1.8025e+03	9.6032e-15	3.7721e-03	9.9623e-01	2.7397e-02	9.7260e-01	3.1264e-07	9.8919e-17	3.1086e-04	3.4054e-01	6.5889e-01	2.6432e-04	3.1200e-03	7.3393e-01	2.6295e-01	1.1755e-36	1.1755e-36	1.1755e-36	5.1033e-25	0.00e+00	0.00e+00	1.6605e+00
5.81275e+16	7.2555e+03	6.688e-18	1.6681e+03	1.8011e+03	1.1445e-14	4.1724e-03	9.9583e-01	3.1244e-02	9.6876e-01	1.6294e-07	1.3574e-16	3.5262e-04	3.6974e-01	6.2968e-01	2.2779e-04	3.6103e-03	7.6227e-01	2.3412e-01	1.1755e-36	1.1755e-36	1.1755e-36	7.2117e-25	0.00e+00	0.00e+00	1.8724e+00
6.27656e+16	7.3007e+03	6.780e-18	1.6681e+03	1.7996e+03	1.3823e-14	4.6436e-03	9.9536e-01	3.6022e-02	9.6398e-01	9.1704e-08	1.8941e-16	4.0056e-04	4.0217e-01	5.9723e-01	1.9376e-04	4.1946e-03	7.9020e-01	2.0560e-01	1.1755e-36	1.1755e-36	1.1755e-36	1.0438e-24	0.00e+00	0.00e+00	2.0903e+00
6.70020e+16	7.3517e+03	6.886e-18	1.6681e+03	1.7981e+03	1.6778e-14	5.1844e-03	9.9482e-01	4.1923e-02	9.5808e-01	5.5738e-08	2.6605e-16	4.5423e-04	4.3727e-01	5.6212e-01	1.6291e-04	4.8736e-03	8.1679e-01	1.7834e-01	1.1755e-36	1.1755e-36	1.1755e-36	1.5286e-24	0.00e+00	0.00e+00	2.3097e+00
7.08241e+16	7.4027e+03	7.004e-18	1.6681e+03	1.7965e+03	2.0479e-14	5.7968e-03	9.9420e-01	4.9165e-02	9.5083e-01	3.6199e-08	3.7424e-16	5.1193e-04	4.7446e-01	5.2489e-01	1.3535e-04	5.6506e-03	8.4148e-01	1.5287e-01	1.1755e-36	1.1755e-36	1.1755e-36	2.2518e-24	0.00e+00	0.00e+00	2.5311e+00
7.42959e+16	7.4327e+03	7.137e-18	1.6681e+03	1.7934e+03	2.5482e-14	6.5060e-03	9.9349e-01	5.8054e-02	9.4195e-01	2.4620e-08	5.2747e-16	5.7618e-04	5.1415e-01	4.8516e-01	1.1048e-04	6.5550e-03	8.6426e-01	1.2919e-01	1.1755e-36	1.1755e-36	1.1755e-36	3.3195e-24	0.00e+00	0.00e+00	2.7584e+00
7.74735e+16	7.4873e+03	7.262e-18	1.6681e+03	1.7907e+03	3.1321e-14	7.3032e-03	9.9270e-01	6.9341e-02	9.3066e-01	1.7500e-08	7.4278e-16	6.4444e-04	5.5547e-01	4.4380e-01	8.8793e-05	7.5808e-03	8.8490e-01	1.0752e-01	1.1755e-36	1.1755e-36	1.1755e-36	4.9249e-24	0.00e+00	0.00e+00	2.9921e+00
8.04112e+16	7.5237e+03	7.401e-18	1.6681e+03	1.7867e+03	3.9306e-14	8.2357e-03	9.9176e-01	8.3928e-02	9.1607e-01	1.2745e-08	1.0524e-15	7.1759e-04	5.9910e-01	4.0012e-01	6.9498e-05	8.7830e-03	9.0357e-01	8.7650e-02	1.1755e-36	1.1755e-36	1.1755e-36	7.3662e-24	0.00e+00	0.00e+00	3.2383e+00
8.29331e+16	7.5713e+03	7.537e-18	1.6681e+03	1.7837e+03	4.8445e-14	9.2291e-03	9.9077e-01	1.0207e-01	8.9793e-01	9.8037e-09	1.4604e-15	7.8911e-04	6.4115e-01	3.5801e-01	5.4046e-05	1.0067e-02	9.1898e-01	7.0954e-02	1.1755e-36	1.1755e-36	1.1755e-36	1.0820e-23	0.00e+00	0.00e+00	3.4527e+00
8.49792e+16	7.5919e+03	7.653e-18	1.6681e+03	1.7778e+03	5.9227e-14	1.0230e-02	9.8977e-01	1.2232e-01	8.7768e-01	7.8064e-09	1.9485e-15	8.5499e-04	6.7883e-01	3.2028e-01	4.2234e-05	1.1359e-02	9.3084e-01	5.7804e-02	1.1755e-36	1.1755e-36	1.1755e-36	1.5139e-23	0.00e+00	0.00e+00	3.6559e+00
8.68602e+16	7.6083e+03	7.771e-18	1.6681e+03	1.7730e+03	7.2817e-14	1.1347e-02	9.8865e-01	1.4870e-01	8.5130e-01	6.2899e-09	2.6037e-15	9.2126e-04	7.1603e-01	2.8301e-01	3.2259e-05	1.2799e-02	9.4094e-01	4.6265e-02	1.1755e-36	1.1755e-36	1.1755e-36	2.1290e-23	0.00e+00	0.00e+00	3.8801e+00
8.86378e+16	7.6489e+03	7.873e-18	1.6681e+03	1.7676e+03	8.8369e-14	1.2590e-02	9.8741e-01	1.8372e-01	8.1628e-01	5.0967e-09	3.4795e-15	9.8573e-04	7.5269e-01	2.4630e-01	2.3976e-05	1.4402e-02	9.4956e-01	3.6043e-02	1.1755e-36	1.1755e-36	1.1755e-36	3.0035e-23	0.00e+00	0.00e+00	4.1028e+00
9.01899e+16	7.6588e+03	7.958e-18	1.6681e+03	1.7570e+03	1.0819e-13	1.3908e-02	9.8609e-01	2.2644e-01	7.7356e-01	4.1170e-09	4.5666e-15	1.0445e-03	7.8575e-01	2.1319e-01	1.7625e-05	1.6096e-02	9.5613e-01	2.7771e-02	1.1755e-36	1.1755e-36	1.1755e-36	4.1281e-23	0.00e+00	0.00e+00	4.3116e+00
9.13622e+16	7.6742e+03	8.034e-18	1.6681e+03	1.7508e+03	1.2725e-13	1.5092e-02	9.8491e-01	2.7218e-01	7.2782e-01	3.4811e-09	5.7229e-15	1.0903e-03	8.1129e-01	1.8760e-01	1.3441e-05	1.7610e-02	9.6045e-01	2.1941e-02	1.1755e-36	1.1755e-36	1.1755e-36	5.3824e-23	0.00e+00	0.00e+00	4.4578e+00
9.21634e+16	7.6825e+03	8.063e-18	1.6681e+03	1.7422e+03	1.4298e-13	1.5988e-02	9.8401e-01	3.1134e-01	6.8866e-01	3.0322e-09	6.7064e-15	1.1205e-03	8.2841e-01	1.7045e-01	1.0930e-05	1.8755e-02	9.6299e-01	1.8259e-02	1.1755e-36	1.1755e-36	1.1755e-36	6.4601e-23	0.00e+00	0.00e+00	4.5728e+00
9.29487e+16	7.6844e+03	8.086e-18	1.6681e+03	1.7339e+03	1.6222e-13	1.6976e-02	9.8302e-01	3.5789e-01	6.4211e-01	2.5887e-09	7.9292e-15	1.1493e-03	8.4478e-01	1.5406e-01	8.7172e-06	2.0014e-02	9.6505e-01	1.4935e-02	1.1755e-36	1.1755e-36	1.1755e-36	7.8303e-23	0.00e+00	0.00e+00	4.7315e+00
9.39695e+16	7.6835e+03	8.108e-18	1.6681e+03	1.7223e+03	1.9319e-13	1.8424e-02	9.8158e-01	4.3096e-01	5.6904e-01	2.0381e-09	9.9763e-15	1.1844e-03	8.6454e-01	1.3427e-01	6.3325e-06	2.1848e-02	9.6700e-01	1.1155e-02	1.1755e-36	1.1755e-36	1.1755e-36	1.0178e-22	0.00e+00	0.00e+00	4.9554e+00
9.51099e+16	7.6785e+03	8.133e-18	1.6681e+03	1.7092e+03	2.3937e-13	2.0343e-02	9.7966e-01	5.3312e-01	4.6688e-01	1.4783e-09	1.3212e-14	1.2213e-03	8.8447e-01	1.1431e-01	4.2556e-06	2.4265e-02	9.6812e-01	7.6202e-03	1.1755e-36	1.1755e-36	1.1755e-36	1.4002e-22	0.00e+00	0.00e+00	5.1969e+00
9.61338e+16	7.6708e+03	8.126e-18	1.6681e+03	1.6918e+03	2.9443e-13	2.2364e-02	9.7764e-01	6.4007e-01	3.5993e-01	1.0178e-09	1.7256e-14	1.2473e-03	8.9968e-01	9.9072e-02	2.8707e-06	2.6796e-02	9.6810e-01	5.1002e-03	1.1755e-36	1.1755e-36	1.1755e-36	1.8878e-22	0.00e+00	0.00e+00	5.4138e+00
9.70174e+16	7.6604e+03	8.103e-18	1.6681e+03	1.6738e+03	3.5659e-13	2.4397e-02	9.7560e-01	7.3333e-01	2.6667e-01	6.8140e-10	2.1905e-14	1.2643e-03	9.1036e-01	8.8377e-02	1.9933e-06	2.9329e-02	9.6721e-01	3.4597e-03	1.1755e-36	1.1755e-36	1.1755e-36	2.4715e-22	0.00e+00	0.00e+00	5.6313e+00
9.79910e+16	7.6444e+03	8.091e-18	1.6681e+03	1.6561e+03	4.4825e-13	2.7071e-02	9.7293e-01	8.2232e-01	1.7768e-01	4.0528e-10	2.8727e-14	1.2809e-03	9.1975e-01	7.8971e-02	1.3000e-06	3.2643e-02	9.6517e-01	2.1845e-03	1.1755e-36	1.1755e-36	1.1755e-36	3.4051e-22	0.00e+00	0.00e+00	5.9451e+00
9.92566e+16	7.6268e+03	8.122e-18	1.6681e+03	1.6375e+03	6.1621e-13	3.1417e-02	9.6858e-01	9.0418e-01	9.5824e-02	1.9013e-10	4.1064e-14	1.3007e-03	9.2907e-01	6.9633e-02	7.2775e-07	3.8002e-02	9.6084e-01	1.1597e-03	1.1755e-36	1.1755e-36	1.1755e-36	5.3582e-22	0.00e+00	0.00e+00	6.4186e+00
1.00671e+17	7.6174e+03	8.208e-18	1.6681e+03	1.6189e+03	9.1326e-13	3.8022e-02	9.6198e-01	9.5531e-01	4.4693e-02	7.6931e-11	6.2435e-14	1.3202e-03	9.3725e-01	6.1434e-02	3.6892e-07	4.6110e-02	9.5334e-01	5.4681e-04	1.1755e-36	1.1755e-36	1.1755e-36	9.5086e-22	0.00e+00	0.00e+00	6.9784e+00
1.02017e+17	7.6077e+03	8.318e-18	1.6681e+03	1.6003e+03	1.4220e-12	4.7133e-02	9.5287e-01	9.7848e-01	2.1515e-02	3.2602e-11	9.8069e-14	1.3367e-03	9.4436e-01	5.4300e-02	1.8396e-07	5.7251e-02	9.4249e-01	2.5875e-04	1.1755e-36	1.1755e-36	1.1755e-36	1.8222e-21	0.00e+00	0.00e+00	7.6213e+00
1.03201e+17	7.5889e+03	8.411e-18	1.6681e+03	1.5802e+03	2.2920e-12	5.9090e-02	9.4091e-01	9.8843e-01	1.1570e-02	1.5794e-11	1.5730e-13	1.3482e-03	9.5076e-01	4.7895e-02	1.1755e-36	7.1807e-02	9.2806e-01	1.3026e-04	1.1755e-36	1.1755e-36	1.1755e-36	3.6636e-21	0.00e+00	0.00e+00	8.2884e+00
1.04158e+17	7.5722e+03	8.417e-18	1.6681e+03	1.5529e+03	3.6232e-12	7.3215e-02	9.2679e-01	9.9285e-01	7.1540e-03	9.0560e-12	2.4580e-13	1.3477e-03	9.5615e-01	4.2501e-02	1.1755e-36	8.8911e-02	9.1102e-01	7.2592e-05	1.1755e-36	1.1755e-36	1.1755e-36	7.1376e-21	0.00e+00	0.00e+00	8.9387e+00
1.04844e+17	7.5510e+03	8.381e-18	1.6681e+03	1.5277e+03	5.3737e-12	8.7745e-02	9.1226e-01	9.9485e-01	5.1474e-03	6.2136e-12	3.5901e-13	1.3428e-03	9.6031e-01	3.8352e-02	1.1755e-36	1.0639e-01	8.9356e-01	4.6619e-05	1.1755e-36	1.1755e-36	1.1755e-36	1.2622e-20	0.00e+00	0.00e+00	9.4277e+00
1.05309e+17	7.5302e+03	8.322e-18	1.6681e+03	1.5077e+03	7.2966e-12	1.0076e-01	8.9924e-01	9.9587e-01	4.1273e-03	4.8276e-12	4.8071e-13	1.3375e-03	9.6336e-01	3.5301e-02	1.1755e-36	1.2195e-01	8.7801e-01	3.3793e-05	1.1755e-36	1.1755e-36	1.1755e-36	1.9619e-20	0.00e+00	0.00e+00	9.8521e+00
1.05769e+17	7.5007e+03	8.193e-18	1.6681e+03	1.4797e+03	1.0117e-11	1.1642e-01	8.8358e-01	9.9671e-01	3.2888e-03	3.7327e-12	6.5131e-13	1.3246e-03	9.6651e-01	3.2167e-02	1.1755e-36	1.4057e-01	8.5941e-01	2.3996e-05	1.1755e-36	1.1755e-36	1.1755e-36	3.1012e-20	0.00e+00	0.00e+00	1.0490e+01
1.06280e+17	7.4583e+03	7.970e-18	1.6681e+03	1.4389e+03	1.5148e-11	1.3870e-01	8.6130e-01	9.9742e-01	2.5793e-03	2.8552e-12	9.4073e-13	1.3015e-03	9.6999e-01	2.8709e-02	1.1755e-36	1.6681e-01	8.3317e-01	1.6140e-05	1.1755e-36	1.1755e-36	1.1755e-36	5.4066e-20	0.00e+00	0.00e+00	1.1222e+01
1.06727e+17	7.4051e+03	7.688e-18	1.6681e+03	1.3945e+03	2.2922e-11	1.6525e-01	8.3475e-01	9.9790e-01	2.1033e-03	2.2926e-12	1.3634e-12	1.2735e-03	9.7322e-01	2.5504e-02	1.1755e-36	1.9773e-01	8.0226e-01	1.1069e-05	1.1755e-36	1.1755e-36	1.1755e-36	9.5000e-20	0.00e+00	0.00e+00	1.1907e+01
1.07078e+17	7.3469e+03	7.373e-18	1.6681e+03	1.3491e+03	3.3249e-11	1.9238e-01	8.0762e-01	9.9820e-01	1.8004e-03	1.9516e-12	1.8846e-12	1.2422e-03	9.7587e-01	2.2887e-02	1.1755e-36	2.2895e-01	7.7105e-01	8.0210e-06	1.1755e-36	1.1755e-36	1.1755e-36	1.5554e-19	0.00e+00	0.00e+00	1.2531e+01
1.07373e+17	7.2811e+03	7.024e-18	1.6681e+03	1.3019e+03	4.7110e-11	2.2063e-01	7.7937e-01	9.9842e-01	1.5806e-03	1.7140e-12	2.5273e-12	1.2077e-03	9.7817e-01	2.0625e-02	1.1755e-36	2.6102e-01	7.3897e-01	5.9851e-06	1.1755e-36	1.1755e-36	1.1755e-36	2.4339e-19	0.00e+00	0.00e+00	1.3185e+01
1.07669e+17	7.1932e+03	6.584e-18	1.6681e+03	1.2444e+03	6.9371e-11	2.5502e-01	7.4498e-01	9.9861e-01	1.3874e-03	1.5142e-12	3.4551e-12	1.1639e-03	9.8052e-01	1.8319e-02	1.1755e-36	2.9952e-01	7.0048e-01	4.3603e-06	1.1755e-36	1.1755e-36	1.1755e-36	3.9254e-19	0.00e+00	0.00e+00	1.4019e+01
1.07958e+17	7.0812e+03	6.054e-18	1.6681e+03	1.1755e+03	1.0599e-10	2.9629e-01	7.0371e-01	9.9876e-01	1.2350e-03	1.3710e-12	4.7909e-12	1.1092e-03	9.8279e-01	1.6105e-02	1.1755e-36	3.4493e-01	6.5506e-01	3.1319e-06	1.1755e-36	1.1755e-36	1.1755e-36	6.4805e-19	0.00e+00	0.00e+00	1.4858e+01
1.08184e+17	6.9676e+03	5.559e-18	1.6681e+03	1.1105e+03	1.5387e-10	3.3524e-01	6.6476e-01	9.9886e-01	1.1372e-03	1.2924e-12	6.2874e-12	1.0561e-03	9.8455e-01	1.4395e-02	1.1755e-36	3.8700e-01	6.1300e-01	2.3739e-06	1.1755e-36	1.1755e-36	1.1755e-36	9.8442e-19	0.00e+00	0.00e+00	1.5506e+01
1.08339e+17	6.8720e+03	5.180e-18	1.6681e+03	1.0602e+03	2.0321e-10	3.6542e-01	6.3458e-01	9.9892e-01	1.0791e-03	1.2527e-12	7.6168e-12	1.0143e-03	9.8575e-01	1.3236e-02	1.1755e-36	4.1909e-01	5.8091e-01	1.9437e-06	1.1755e-36	1.1755e-36	1.1755e-36	1.3229e-18	0.00e+00	0.00e+00	1.5988e+01
1.08454e+17	6.7887e+03	4.876e-18	1.6681e+03	1.0194e+03	2.5356e-10	3.8980e-01	6.1020e-01	9.9896e-01	1.0387e-03	1.2287e-12	8.8032e-12	9.8007e-04	9.8665e-01	1.2372e-02	1.1755e-36	4.4470e-01	5.5529e-01	1.6628e-06	1.1755e-36	1.1755e-36	1.1755e-36	1.6533e-18	0.00e+00	0.00e+00	1.6422e+01
1.08560e+17	6.7018e+03	4.585e-18	1.6681e+03	9.7976e+02	3.1426e-10	4.1356e-01	5.8644e-01	9.9900e-01	1.0035e-03	1.2102e-12	1.0061e-11	9.4645e-04	9.8747e-01	1.1584e-02	1.1755e-36	4.6939e-01	5.3061e-01	1.4338e-06	1.1755e-36	1.1755e-36	1.1755e-36	2.0311e-18	0.00e+00	0.00e+00	1.6882e+01
1.08665e+17	6.6053e+03	4.285e-18	1.6681e+03	9.3817e+02	3.9347e-10	4.3845e-01	5.6155e-01	9.9903e-01	9.7143e-04	1.1975e-12	1.1493e-11	9.1089e-04	9.8827e-01	1.0817e-02	1.1755e-36	4.9498e-01	5.0502e-01	1.2327e-06	1.1755e-36	1.1755e-36	1.1755e-36	2.4929e-18	0.00e+00	0.00e+00	1.7364e+01
1.08764e+17	6.5039e+03	3.995e-18	1.6681e+03	8.9695e+02	4.9222e-10	4.6310e-01	5.3690e-01	9.9906e-01	9.4490e-04	1.1924e-12	1.3027e-11	8.7538e-04	9.8901e-01	1.0113e-02	1.1755e-36	5.2004e-01	4.7996e-01	1.0654e-06	1.1755e-36	1.1755e-36	1.1755e-36	3.0241e-18	0.00e+00	0.00e+00	1.7824e+01
1.08852e+17	6.4042e+03	3.734e-18	1.6681e+03	8.5889e+02	6.0714e-10	4.8586e-01	5.1414e-01	9.9908e-01	9.2383e-04	1.1931e-12	1.4554e-11	8.4236e-04	9.8965e-01	9.5029e-03	1.1755e-36	5.4294e-01	4.5705e-01	9.3344e-07	1.1755e-36	1.1755e-36	1.1755e-36	3.5871e-18	0.00e+00	0.00e+00	1.8243e+01
1.08930e+17	6.3072e+03	3.500e-18	1.6681e+03	8.2407e+02	7.3876e-10	5.0670e-01	4.9330e-01	9.9909e-01	9.0672e-04	1.1974e-12	1.6047e-11	8.1198e-04	9.9022e-01	8.9718e-03	1.1755e-36	5.6371e-01	4.3629e-01	8.2810e-07	1.1755e-36	1.1755e-36	1.1755e-36	4.1698e-18	0.00e+00	0.00e+00	1.8638e+01
1.09002e+17	6.2096e+03	3.284e-18	1.6681e+03	7.9104e+02	8.9413e-10	5.2646e-01	4.7354e-01	9.9911e-01	8.9213e-04	1.2044e-12	1.7552e-11	7.8301e-04	9.9073e-01	8.4895e-03	1.1755e-36	5.8323e-01	4.1677e-01	7.3969e-07	1.1755e-36	1.1755e-36	1.1755e-36	4.7873e-18	0.00e+00	0.00e+00	1.9027e+01
1.09060e+17	6.1279e+03	3.116e-18	1.6681e+03	7.6460e+02	1.0458e-09	5.4232e-01	4.5768e-01	9.9912e-01	8.8251e-04	1.2140e-12	1.8827e-11	7.5973e-04	9.9112e-01	8.1253e-03	1.1755e-36	5.9878e-01	4.0122e-01	6.7643e-07	1.1755e-36	1.1755e-36	1.1755e-36	5.3349e-18	0.00e+00	0.00e+00	1.9290e+01
1.09102e+17	6.0603e+03	2.994e-18	1.6681e+03	7.4518e+02	1.1831e-09	5.5414e-01	4.4586e-01	9.9912e-01	8.7540e-04	1.2206e-12	1.9822e-11	7.4268e-04	9.9140e-01	7.8576e-03	1.1755e-36	6.1030e-01	3.8970e-01	6.3305e-07	1.1755e-36	1.1755e-36	1.1755e-36	5.7762e-18	0.00e+00	0.00e+00	1.9507e+01
1.09141e+17	5.9985e+03	2.879e-18	1.6681e+03	7.2686e+02	1.3277e-09	5.6531e-01	4.3469e-01	9.9913e-01	8.6862e-04	1.2275e-12	2.0797e-11	7.2643e-04	9.9167e-01	7.6063e-03	1.1755e-36	6.2112e-01	3.7888e-01	5.9405e-07	1.1755e-36	1.1755e-36	1.1755e-36	6.2232e-18	0.00e+00	0.00e+00	1.9745e+01
1.09183e+17	5.9219e+03	2.754e-18	1.6681e+03	7.0624e+02	1.5227e-09	5.7783e-01	4.2217e-01	9.9914e-01	8.6077e-04	1.2347e-12	2.1930e-11	7.0827e-04	9.9196e-01	7.3309e-03	1.1755e-36	6.3321e-01	3.6679e-01	5.5338e-07	1.1755e-36	1.1755e-36	1.1755e-36	6.7558e-18	0.00e+00	0.00e+00	2.0019e+01
1.09228e+17	5.8497e+03	2.621e-18	1.6681e+03	6.8397e+02	1.7435e-09	5.9057e-01	4.0943e-01	9.9914e-01	8.5511e-04	1.2494e-12	2.3089e-11	6.8823e-04	9.9225e-01	7.0602e-03	1.1755e-36	6.4542e-01	3.5458e-01	5.1400e-07	1.1755e-36	1.1755e-36	1.1755e-36	7.3183e-18	0.00e+00	0.00e+00	2.0301e+01
1.09273e+17	5.7685e+03	2.493e-18	1.6681e+03	6.6221e+02	2.0189e-09	6.0355e-01	3.9645e-01	9.9915e-01	8.4915e-04	1.2627e-12	2.4346e-11	6.6877e-04	9.9254e-01	6.7906e-03	1.1755e-36	6.5781e-01	3.4219e-01	4.7712e-07	1.1755e-36	1.1755e-36	1.1755e-36	7.9510e-18	0.00e+00	0.00e+00	2.0582e+01
1.09316e+17	5.6849e+03	2.372e-18	1.6681e+03	6.4113e+02	2.3433e-09	6.1615e-01	3.8385e-01	9.9916e-01	8.4374e-04	1.2766e-12	2.5620e-11	6.4992e-04	9.9281e-01	6.5354e-03	1.1755e-36	6.6976e-01	3.3024e-01	4.4382e-07	1.1755e-36	1.1755e-36	1.1755e-36	8.6162e-18	0.00e+00	0.00e+00	2.0856e+01
1.09358e+17	5.6009e+03	2.258e-18	1.6681e+03	6.2082e+02	2.7201e-09	6.2830e-01	3.7170e-01	9.9916e-01	8.3890e-04	1.2913e-12	2.6901e-11	6.3171e-04	9.9307e-01	6.2948e-03	1.1755e-36	6.8122e-01	3.1878e-01	4.1376e-07	1.1755e-36	1.1755e-36	1.1755e-36	9.3122e-18	0.00e+00	0.00e+00	2.1126e+01
1.09398e+17	5.5113e+03	2.149e-18	1.6681e+03	6.0109e+02	3.1833e-09	6.4044e-01	3.5956e-01	9.9917e-01	8.3371e-04	1.3047e-12	2.8269e-11	6.1411e-04	9.9333e-01	6.0589e-03	1.1755e-36	6.9263e-01	3.0737e-01	3.8575e-07	1.1755e-36	1.1755e-36	1.1755e-36	1.0090e-17	0.00e+00	0.00e+00	2.1400e+01
1.09439e+17	5.4222e+03	2.043e-18	1.6681e+03	5.8144e+02	3.7272e-09	6.5223e-01	3.4777e-01	9.9917e-01	8.2955e-04	1.3210e-12	2.9646e-11	5.9644e-04	9.9357e-01	5.8351e-03	1.1755e-36	7.0364e-01	2.9636e-01	3.6002e-07	1.1755e-36	1.1755e-36	1.1755e-36	1.0910e-17	0.00e+00	0.00e+00	2.1673e+01
1.09478e+17	5.3303e+03	1.940e-18	1.6681e+03	5.6206e+02	4.3871e-09	6.6387e-01	3.3613e-01	9.9917e-01	8.2569e-04	1.3381e-12	3.1086e-11	5.7901e-04	9.9380e-01	5.6187e-03	1.1755e-36	7.1446e-01	2.8554e-01	3.3611e-07	1.1755e-36	1.1755e-36	1.1755e-36	1.1815e-17	0.00e+00	0.00e+00	2.1949e+01
1.09518e+17	5.2352e+03	1.841e-18	1.6681e+03	5.4286e+02	5.1969e-09	6.7538e-01	3.2462e-01	9.9918e-01	8.2207e-04	1.3562e-12	3.2608e-11	5.6172e-04	9.9403e-01	5.4088e-03	1.1755e-36	7.2512e-01	2.7488e-01	3.1380e-07	1.1755e-36	1.1755e-36	1.1755e-36	1.2829e-17	0.00e+00	0.00e+00	2.2228e+01
1.09557e+17	5.1373e+03	1.746e-18	1.6681e+03	5.2399e+02	6.1927e-09	6.8672e-01	3.1328e-01	9.9918e-01	8.1876e-04	1.3752e-12	3.4227e-11	5.4474e-04	9.9425e-01	5.2065e-03	1.1755e-36	7.3556e-01	2.6444e-01	2.9308e-07	1.1755e-36	1.1755e-36	1.1755e-36	1.3986e-17	0.00e+00	0.00e+00	2.2508e+01
1.09595e+17	5.0344e+03	1.655e-18	1.6681e+03	5.0537e+02	7.4467e-09	6.9784e-01	3.0216e-01	9.9918e-01	8.1565e-04	1.3947e-12	3.5966e-11	5.2802e-04	9.9446e-01	5.0124e-03	1.1755e-36	7.4575e-01	2.5425e-01	2.7395e-07	1.1755e-36	1.1755e-36	1.1755e-36	1.5328e-17	0.00e+00	0.00e+00	2.2787e+01
1.09633e+17	4.9296e+03	1.569e-18	1.6681e+03	4.8728e+02	8.9898e-09	7.0871e-01	2.9129e-01	9.9919e-01	8.1268e-04	1.4144e-12	3.7842e-11	5.1181e-04	9.9467e-01	4.8158e-03	1.1755e-36	7.5569e-01	2.4431e-01	2.5621e-07	1.1755e-36	1.1755e-36	1.1755e-36	1.6840e-17	0.00e+00	0.00e+00	2.3066e+01
1.09670e+17	4.8223e+03	1.486e-18	1.6681e+03	4.6957e+02	1.0916e-08	7.1933e-01	2.8067e-01	9.9919e-01	8.0992e-04	1.4348e-12	3.9836e-11	4.9596e-04	9.9488e-01	4.6215e-03	1.1755e-36	7.6533e-01	2.3467e-01	2.3982e-07	1.1755e-36	1.1755e-36	1.1755e-36	1.8555e-17	0.00e+00	0.00e+00	2.3345e+01
1.09698e+17	4.7455e+03	1.427e-18	1.6681e+03	4.5682e+02	1.2579e-08	7.2702e-01	2.7298e-01	9.9919e-01	8.0867e-04	1.4521e-12	4.1392e-11	4.8451e-04	9.9503e-01	4.4845e-03	1.1755e-36	7.7229e-01	2.2771e-01	2.2847e-07	1.1755e-36	1.1755e-36	1.1755e-36	1.9999e-17	0.00e+00	0.00e+00	2.3504e+01
1.09717e+17	4.6924e+03	1.389e-18	1.6681e+03	4.4814e+02	1.3862e-08	7.3187e-01	2.6813e-01	9.9919e-01	8.0826e-04	1.4652e-12	4.2407e-11	4.7670e-04	9.9513e-01	4.3976e-03	1.1755e-36	7.7668e-01	2.2332e-01	2.2146e-07	1.1755e-36	1.1755e-36	1.1755e-36	2.0999e-17	0.00e+00	0.00e+00	2.3626e+01
1.09733e+17	4.6414e+03	1.355e-18	1.6681e+03	4.4032e+02	1.5227e-08	7.3648e-01	2.6352e-01	9.9919e-01	8.0724e-04	1.4754e-12	4.3449e-11	4.6973e-04	9.9522e-01	4.3148e-03	1.1755e-36	7.8084e-01	2.1916e-01	2.1498e-07	1.1755e-36	1.1755e-36	1.1755e-36	2.2074e-17	0.00e+00	0.00e+00	2.3758e+01
1.09751e+17	4.5820e+03	1.318e-18	1.6681e+03	4.3206e+02	1.6993e-08	7.4176e-01	2.5824e-01	9.9919e-01	8.0520e-04	1.4836e-12	4.4760e-11	4.6250e-04	9.9532e-01	4.2205e-03	1.1755e-36	7.8558e-01	2.1442e-01	2.0785e-07	1.1755e-36	1.1755e-36	1.1755e-36	2.3494e-17	0.00e+00	0.00e+00	2.3906e+01
1.09770e+17	4.5229e+03	1.280e-18	1.6681e+03	4.2347e+02	1.8964e-08	7.4692e-01	2.5308e-01	9.9920e-01	8.0395e-04	1.4948e-12	4.6081e-11	4.5489e-04	9.9542e-01	4.1291e-03	1.1755e-36	7.9021e-01	2.0979e-01	2.0096e-07	1.1755e-36	1.1755e-36	1.1755e-36	2.5010e-17	0.00e+00	0.00e+00	2.4050e+01
1.09788e+17	4.4647e+03	1.245e-18	1.6681e+03	4.1523e+02	2.1128e-08	7.5185e-01	2.4815e-01	9.9920e-01	8.0277e-04	1.5058e-12	4.7428e-11	4.4763e-04	9.9551e-01	4.0421e-03	1.1755e-36	7.9464e-01	2.0536e-01	1.9453e-07	1.1755e-36	1.1755e-36	1.1755e-36	2.6644e-17	0.00e+00	0.00e+00	2.4189e+01
1.09805e+17	4.4074e+03	1.211e-18	1.6681e+03	4.0729e+02	2.3505e-08	7.5662e-01	2.4338e-01	9.9920e-01	8.0163e-04	1.5165e-12	4.8811e-11	4.4065e-04	9.9560e-01	3.9586e-03	1.1755e-36	7.9890e-01	2.0110e-01	1.8846e-07	1.1755e-36	1.1755e-36	1.1755e-36	2.8419e-17	0.00e+00	0.00e+00	2.4326e+01
1.09822e+17	4.3502e+03	1.179e-18	1.6681e+03	3.9952e+02	2.6143e-08	7.6129e-01	2.3871e-01	9.9920e-01	8.0050e-04	1.5271e-12	5.0251e-11	4.3386e-04	9.9569e-01	3.8773e-03	1.1755e-36	8.0306e-01	1.9694e-01	1.8267e-07	1.1755e-36	1.1755e-36	1.1755e-36	3.0372e-17	0.00e+00	0.00e+00	2.4463e+01
1.09839e+17	4.2928e+03	1.147e-18	1.6681e+03	3.9190e+02	2.9075e-08	7.6588e-01	2.3412e-01	9.9920e-01	7.9937e-04	1.5377e-12	5.1759e-11	4.2722e-04	9.9578e-01	3.7976e-03	1.1755e-36	8.0715e-01	1.9285e-01	1.7708e-07	1.1755e-36	1.1755e-36	1.1755e-36	3.2531e-17	0.00e+00	0.00e+00	2.4598e+01
1.09856e+17	4.2350e+03	1.116e-18	1.6681e+03	3.8438e+02	3.2341e-08	7.7039e-01	2.2961e-01	9.9920e-01	7.9826e-04	1.5483e-12	5.3335e-11	4.2069e-04	9.9586e-01	3.7197e-03	1.1755e-36	8.1117e-01	1.8883e-01	1.7169e-07	1.1755e-36	1.1755e-36	1.1755e-36	3.4917e-17	0.00e+00	0.00e+00	2.4734e+01
1.09873e+17	4.1771e+03	1.086e-18	1.6681e+03	3.7700e+02	3.5951e-08	7.7485e-01	2.2515e-01	9.9920e-01	7.9713e-04	1.5587e-12	5.4986e-11	4.1433e-04	9.9594e-01	3.6432e-03	1.1755e-36	8.1513e-01	1.8487e-01	1.6649e-07	1.1755e-36	1.1755e-36	1.1755e-36	3.7557e-17	0.00e+00	0.00e+00	2.4869e+01
1.09889e+17	4.1186e+03	1.057e-18	1.6681e+03	3.6969e+02	3.9949e-08	7.7923e-01	2.2077e-01	9.9920e-01	7.9604e-04	1.5693e-12	5.6705e-11	4.0806e-04	9.9602e-01	3.5683e-03	1.1755e-36	8.1902e-01	1.8098e-01	1.6148e-07	1.1755e-36	1.1755e-36	1.1755e-36	4.0463e-17	0.00e+00	0.00e+00	2.5004e+01
1.09905e+17	4.0551e+03	1.029e-18	1.6681e+03	3.6225e+02	4.4665e-08	7.8362e-01	2.1638e-01	9.9921e-01	7.9476e-04	1.5792e-12	5.8558e-11	4.0180e-04	9.9610e-01	3.4937e-03	1.1755e-36	8.2291e-01	1.7709e-01	1.5662e-07	1.1755e-36	1.1755e-36	1.1755e-36	4.3799e-17	0.00e+00	0.00e+00	2.5140e+01
1.09921e+17	4.0018e+03	1.002e-18	1.6681e+03	3.5549e+02	4.9047e-08	7.8775e-01	2.1225e-01	9.9921e-01	7.9388e-04	1.5902e-12	6.0303e-11	3.9598e-04	9.9618e-01	3.4241e-03	1.1755e-36	8.2655e-01	1.7345e-01	1.5202e-07	1.1755e-36	1.1755e-36	1.1755e-36	4.7056e-17	0.00e+00	0.00e+00	2.5269e+01
1.09938e+17	3.9346e+03	9.738e-19	1.6681e+03	3.4803e+02	5.4874e-08	7.9217e-01	2.0783e-01	9.9921e-01	7.9237e-04	1.5997e-12	6.2357e-11	3.8983e-04	9.9626e-01	3.3497e-03	1.1755e-36	8.3047e-01	1.6953e-01	1.4732e-07	1.1755e-36	1.1755e-36	1.1755e-36	5.1161e-17	0.00e+00	0.00e+00	2.5414e+01
###########################
3.27308e+12	7.7159e+03	8.120e-18	1.6681e+03	1.8075e+03	3.5365e-15	2.4810e-03	9.9752e-01	1.3423e-02	9.8417e-01	2.4042e-03	2.2472e-17	1.4756e-04	2.0107e-01	7.9796e-01	8.2127e-04	1.3370e-03	5.2210e-01	4.7620e-01	3.6278e-04	1.1755e-36	1.1755e-36	1.4717e-25	0.00e+00	0.00e+00	1.7105e-04
1.96385e+13	7.7144e+03	8.117e-18	1.6681e+03	1.8073e+03	3.5308e-15	2.4801e-03	9.9752e-01	1.3422e-02	9.8418e-01	2.4024e-03	2.2401e-17	1.4712e-04	2.0106e-01	7.9797e-01	8.2248e-04	1.3362e-03	5.2198e-01	4.7632e-01	3.6163e-04	1.1755e-36	1.1755e-36	1.4636e-25	0.00e+00	0.00e+00	8.5497e-04
8.51000e+13	7.7106e+03	8.109e-18	1.6681e+03	1.8072e+03	3.5120e-15	2.4788e-03	9.9752e-01	1.3428e-02	9.8418e-01	2.3871e-03	2.2238e-17	1.4696e-04	2.0112e-01	7.9791e-01	8.2019e-04	1.3360e-03	5.2207e-01	4.7623e-01	3.5639e-04	1.1755e-36	1.1755e-36	1.4416e-25	0.00e+00	0.00e+00	3.5893e-03
3.46946e+14	7.6990e+03	8.085e-18	1.6681e+03	1.8072e+03	3.5484e-15	2.4778e-03	9.9752e-01	1.3461e-02	9.8423e-01	2.3066e-03	2.2398e-17	1.4709e-04	2.0153e-01	7.9752e-01	8.1216e-04	1.3381e-03	5.2281e-01	4.7552e-01	3.3588e-04	1.1755e-36	1.1755e-36	1.4542e-25	0.00e+00	0.00e+00	1.4522e-02
8.28743e+14	7.6700e+03	7.990e-18	1.6681e+03	1.8072e+03	3.5280e-15	2.4521e-03	9.9755e-01	1.3448e-02	9.8429e-01	2.2593e-03	2.1882e-17	1.4594e-04	2.0151e-01	7.9754e-01	8.0575e-04	1.3260e-03	5.2292e-01	4.7545e-01	3.0985e-04	1.1755e-36	1.1755e-36	1.4009e-25	0.00e+00	0.00e+00	2.8587e-02
1.45508e+15	7.6349e+03	7.895e-18	1.6681e+03	1.8072e+03	3.5309e-15	2.4309e-03	9.9757e-01	1.3462e-02	9.8441e-01	2.1299e-03	2.1506e-17	1.4544e-04	2.0181e-01	7.9725e-01	7.9307e-04	1.3186e-03	5.2374e-01	4.7466e-01	2.7727e-04	1.1755e-36	1.1755e-36	1.3564e-25	0.00e+00	0.00e+00	4.6714e-02
2.26931e+15	7.5961e+03	7.791e-18	1.6681e+03	1.8072e+03	3.5460e-15	2.4121e-03	9.9759e-01	1.3498e-02	9.8458e-01	1.9237e-03	2.1214e-17	1.4529e-04	2.0239e-01	7.9669e-01	7.7449e-04	1.3149e-03	5.2531e-01	4.7314e-01	2.3870e-04	1.1755e-36	1.1755e-36	1.3162e-25	0.00e+00	0.00e+00	7.0097e-02
3.32782e+15	7.5492e+03	7.679e-18	1.6681e+03	1.8072e+03	3.5862e-15	2.3967e-03	9.9760e-01	1.3569e-02	9.8479e-01	1.6440e-03	2.1045e-17	1.4554e-04	2.0339e-01	7.9572e-01	7.4945e-04	1.3164e-03	5.2792e-01	4.7057e-01	1.9527e-04	1.1755e-36	1.1755e-36	1.2819e-25	0.00e+00	0.00e+00	1.0030e-01
4.70388e+15	7.5031e+03	7.551e-18	1.6681e+03	1.8072e+03	3.6261e-15	2.3841e-03	9.9762e-01	1.3675e-02	9.8502e-01	1.3089e-03	2.0961e-17	1.4628e-04	2.0481e-01	7.9432e-01	7.1907e-04	1.3231e-03	5.3175e-01	4.6678e-01	1.4955e-04	1.1755e-36	1.1755e-36	1.2497e-25	0.00e+00	0.00e+00	1.3936e-01
6.49276e+15	7.4493e+03	7.413e-18	1.6681e+03	1.8071e+03	3.7006e-15	2.3782e-03	9.9762e-01	1.3843e-02	9.8521e-01	9.5042e-04	2.1095e-17	1.4781e-04	2.0698e-01	7.9219e-01	6.8358e-04	1.3389e-03	5.3732e-01	4.6124e-01	1.0508e-04	1.1755e-36	1.1755e-36	1.2280e-25	0.00e+00	0.00e+00	1.9001e-01
8.81830e+15	7.3942e+03	7.265e-18	1.6681e+03	1.8070e+03	3.7994e-15	2.3814e-03	9.9762e-01	1.4092e-02	9.8529e-01	6.1491e-04	2.1495e-17	1.5041e-04	2.1013e-01	7.8908e-01	6.4493e-04	1.3664e-03	5.4497e-01	4.5360e-01	6.6153e-05	1.1755e-36	1.1755e-36	1.2176e-25	0.00e+00	0.00e+00	2.5594e-01
1.18415e+16	7.3354e+03	7.111e-18	1.6681e+03	1.8069e+03	3.9590e-15	2.4004e-03	9.9760e-01	1.4468e-02	9.8519e-01	3.4473e-04	2.2401e-17	1.5470e-04	2.1476e-01	7.8448e-01	6.0385e-04	1.4119e-03	5.5537e-01	4.4319e-01	3.6221e-05	1.1755e-36	1.1755e-36	1.2336e-25	0.00e+00	0.00e+00	3.4234e-01
1.57717e+16	7.2793e+03	6.954e-18	1.6681e+03	1.8067e+03	4.1859e-15	2.4432e-03	9.9756e-01	1.5032e-02	9.8481e-01	1.6241e-04	2.4052e-17	1.6165e-04	2.2157e-01	7.7771e-01	5.6034e-04	1.4839e-03	5.6936e-01	4.2914e-01	1.6664e-05	1.1755e-36	1.1755e-36	1.2846e-25	0.00e+00	0.00e+00	4.5666e-01
2.08809e+16	7.2265e+03	6.807e-18	1.6681e+03	1.8064e+03	4.5561e-15	2.5258e-03	9.9747e-01	1.5909e-02	9.8403e-01	6.2131e-05	2.7166e-17	1.7251e-04	2.3173e-01	7.6759e-01	5.1210e-04	1.5991e-03	5.8839e-01	4.1000e-01	6.1852e-06	1.1755e-36	1.1755e-36	1.4115e-25	0.00e+00	0.00e+00	6.1031e-01
2.75229e+16	7.1847e+03	6.680e-18	1.6681e+03	1.8058e+03	5.1531e-15	2.6751e-03	9.9732e-01	1.7312e-02	9.8267e-01	1.8646e-05	3.3052e-17	1.9037e-04	2.4734e-01	7.5201e-01	4.5572e-04	1.7880e-03	6.1474e-01	3.8347e-01	1.7723e-06	1.1755e-36	1.1755e-36	1.6765e-25	0.00e+00	0.00e+00	8.2185e-01
3.50276e+16	7.1575e+03	6.581e-18	1.6681e+03	1.8052e+03	5.9692e-15	2.8828e-03	9.9712e-01	1.9241e-02	9.8075e-01	4.9708e-06	4.2183e-17	2.1446e-04	2.6756e-01	7.3183e-01	3.9784e-04	2.0457e-03	6.4559e-01	3.5237e-01	4.5089e-07	1.1755e-36	1.1755e-36	2.1028e-25	0.00e+00	0.00e+00	1.0496e+00
4.19579e+16	7.1592e+03	6.548e-18	1.6681e+03	1.8044e+03	6.9605e-15	3.1391e-03	9.9686e-01	2.1570e-02	9.7843e-01	1.5928e-06	5.5272e-17	2.4305e-04	2.9032e-01	7.0910e-01	3.4681e-04	2.3563e-03	6.7645e-01	3.2119e-01	1.3616e-07	1.1755e-36	1.1755e-36	2.7505e-25	0.00e+00	0.00e+00	1.2599e+00
4.78849e+16	7.1820e+03	6.566e-18	1.6681e+03	1.8035e+03	8.1369e-15	3.4333e-03	9.9657e-01	2.4245e-02	9.7575e-01	6.5370e-07	7.3372e-17	2.7482e-04	3.1439e-01	6.8503e-01	3.0335e-04	2.7101e-03	7.0562e-01	2.9167e-01	1.1755e-36	1.1755e-36	1.1755e-36	3.6985e-25	0.00e+00	0.00e+00	1.4585e+00
5.31807e+16	7.2144e+03	6.617e-18	1.6681e+03	1.8025e+03	9.6061e-15	3.7734e-03	9.9623e-01	2.7407e-02	9.7259e-01	3.1197e-07	9.8987e-17	3.1098e-04	3.4062e-01	6.5881e-01	2.6421e-04	3.1215e-03	7.3401e-01	2.6287e-01	1.1755e-36	1.1755e-36	1.1755e-36	5.1061e-25	0.00e+00	0.00e+00	1.6611e+00
5.81388e+16	7.2556e+03	6.688e-18	1.6681e+03	1.8011e+03	1.1447e-14	4.1736e-03	9.9583e-01	3.1253e-02	9.6875e-01	1.6270e-07	1.3580e-16	3.5273e-04	3.6980e-01	6.2962e-01	2.2771e-04	3.6117e-03	7.6234e-01	2.3405e-01	1.1755e-36	1.1755e-36	1.1755e-36	7.2137e-25	0.00e+00	0.00e+00	1.8730e+00
6.27766e+16	7.3009e+03	6.780e-18	1.6681e+03	1.7996e+03	1.3826e-14	4.6451e-03	9.9535e-01	3.6033e-02	9.6397e-01	9.1582e-08	1.8951e-16	4.0068e-04	4.0225e-01	5.9716e-01	1.9368e-04	4.1964e-03	7.9027e-01	2.0553e-01	1.1755e-36	1.1755e-36	1.1755e-36	1.0441e-24	0.00e+00	0.00e+00	2.0910e+00
6.70138e+16	7.3519e+03	6.887e-18	1.6681e+03	1.7981e+03	1.6783e-14	5.1864e-03	9.9481e-01	4.1940e-02	9.5806e-01	5.5661e-08	2.6623e-16	4.5439e-04	4.3736e-01	5.6202e-01	1.6283e-04	4.8760e-03	8.1686e-01	1.7826e-01	1.1755e-36	1.1755e-36	1.1755e-36	1.5293e-24	0.00e+00	0.00e+00	2.3105e+00
7.08356e+16	7.4029e+03	7.005e-18	1.6681e+03	1.7965e+03	2.0486e-14	5.7992e-03	9.9420e-01	4.9187e-02	9.5081e-01	3.6153e-08	3.7452e-16	5.1212e-04	4.7457e-01	5.2479e-01	1.3527e-04	5.6535e-03	8.4156e-01	1.5279e-01	1.1755e-36	1.1755e-36	1.1755e-36	2.2531e-24	0.00e+00	0.00e+00	2.5319e+00
7.43059e+16	7.4403e+03	7.132e-18	1.6681e+03	1.7935e+03	2.5335e-14	6.5041e-03	9.9350e-01	5.8082e-02	9.4192e-01	2.4627e-08	5.2697e-16	5.7616e-04	5.1415e-01	4.8516e-01	1.1052e-04	6.5534e-03	8.6429e-01	1.2915e-01	1.1755e-36	1.1755e-36	1.1755e-36	3.3165e-24	0.00e+00	0.00e+00	2.7591e+00
7.74882e+16	7.4929e+03	7.263e-18	1.6681e+03	1.7913e+03	3.1231e-14	7.3032e-03	9.9270e-01	6.9480e-02	9.3052e-01	1.7500e-08	7.4375e-16	6.4389e-04	5.5558e-01	4.4369e-01	8.8747e-05	7.5815e-03	8.8499e-01	1.0743e-01	1.1755e-36	1.1755e-36	1.1755e-36	4.9376e-24	0.00e+00	0.00e+00	2.9936e+00
8.04317e+16	7.5148e+03	7.410e-18	1.6681e+03	1.7869e+03	3.9654e-14	8.2512e-03	9.9175e-01	8.4238e-02	9.1576e-01	1.2720e-08	1.0575e-15	7.1884e-04	5.9973e-01	3.9948e-01	6.9237e-05	8.8017e-03	9.0374e-01	8.7454e-02	1.1755e-36	1.1755e-36	1.1755e-36	7.3976e-24	0.00e+00	0.00e+00	3.2403e+00
8.29430e+16	7.5631e+03	7.538e-18	1.6681e+03	1.7826e+03	4.8726e-14	9.2401e-03	9.9076e-01	1.0206e-01	8.9794e-01	9.7680e-09	1.4615e-15	7.9019e-04	6.4149e-01	3.5767e-01	5.3925e-05	1.0080e-02	9.1906e-01	7.0861e-02	1.1755e-36	1.1755e-36	1.1755e-36	1.0802e-23	0.00e+00	0.00e+00	3.4529e+00
8.49734e+16	7.5857e+03	7.661e-18	1.6681e+03	1.7784e+03	5.9534e-14	1.0239e-02	9.8976e-01	1.2264e-01	8.7736e-01	7.8272e-09	1.9530e-15	8.5601e-04	6.7908e-01	3.2002e-01	4.2167e-05	1.1369e-02	9.3086e-01	5.7772e-02	1.1755e-36	1.1755e-36	1.1755e-36	1.5171e-23	0.00e+00	0.00e+00	3.6552e+00
8.66094e+16	7.6242e+03	7.755e-18	1.6681e+03	1.7744e+03	6.9828e-14	1.1174e-02	9.8883e-01	1.4514e-01	8.5486e-01	6.5501e-09	2.4967e-15	9.1138e-04	7.1116e-01	2.8790e-01	3.3583e-05	1.2579e-02	9.3974e-01	4.7685e-02	1.1755e-36	1.1755e-36	1.1755e-36	2.0282e-23	0.00e+00	0.00e+00	3.8195e+00
8.78778e+16	7.6222e+03	7.839e-18	1.6681e+03	1.7683e+03	8.1698e-14	1.2044e-02	9.8796e-01	1.6755e-01	8.3245e-01	5.5903e-09	3.0658e-15	9.5830e-04	7.3742e-01	2.6160e-01	2.7337e-05	1.3698e-02	9.4611e-01	4.0189e-02	1.1755e-36	1.1755e-36	1.1755e-36	2.5775e-23	0.00e+00	0.00e+00	3.9642e+00
8.90025e+16	7.6480e+03	7.895e-18	1.6681e+03	1.7632e+03	9.2755e-14	1.2890e-02	9.8711e-01	1.9296e-01	8.0704e-01	4.8448e-09	3.7011e-15	1.0001e-03	7.6106e-01	2.3792e-01	2.2331e-05	1.4789e-02	9.5134e-01	3.3876e-02	1.1755e-36	1.1755e-36	1.1755e-36	3.2200e-23	0.00e+00	0.00e+00	4.1147e+00
9.01051e+16	7.6605e+03	7.958e-18	1.6681e+03	1.7574e+03	1.0693e-13	1.3843e-02	9.8616e-01	2.2493e-01	7.7507e-01	4.1701e-09	4.5070e-15	1.0424e-03	7.8473e-01	2.1421e-01	1.7852e-05	1.6013e-02	9.5596e-01	2.8029e-02	1.1755e-36	1.1755e-36	1.1755e-36	4.0594e-23	0.00e+00	0.00e+00	4.2746e+00
9.11499e+16	7.6722e+03	8.015e-18	1.6681e+03	1.7509e+03	1.2343e-13	1.4869e-02	9.8513e-01	2.6382e-01	7.3618e-01	3.5745e-09	5.4911e-15	1.0829e-03	8.0724e-01	1.9166e-01	1.4075e-05	1.7327e-02	9.5983e-01	2.2841e-02	1.1755e-36	1.1755e-36	1.1755e-36	5.1174e-23	0.00e+00	0.00e+00	4.4301e+00
9.20768e+16	7.6790e+03	8.066e-18	1.6681e+03	1.7446e+03	1.4176e-13	1.5908e-02	9.8409e-01	3.0805e-01	6.9195e-01	3.0701e-09	6.6249e-15	1.1184e-03	8.2713e-01	1.7174e-01	1.1103e-05	1.8653e-02	9.6279e-01	1.8553e-02	1.1755e-36	1.1755e-36	1.1755e-36	6.3704e-23	0.00e+00	0.00e+00	4.5744e+00
9.28927e+16	7.6835e+03	8.098e-18	1.6681e+03	1.7366e+03	1.6121e-13	1.6924e-02	9.8308e-01	3.5604e-01	6.4395e-01	2.6302e-09	7.8731e-15	1.1487e-03	8.4411e-01	1.5473e-01	8.8192e-06	1.9947e-02	9.6496e-01	1.5089e-02	1.1755e-36	1.1755e-36	1.1755e-36	7.7704e-23	0.00e+00	0.00e+00	4.7118e+00
9.36488e+16	7.6841e+03	8.117e-18	1.6681e+03	1.7276e+03	1.8308e-13	1.7973e-02	9.8203e-01	4.0918e-01	5.9082e-01	2.2129e-09	9.3148e-15	1.1755e-03	8.5911e-01	1.3971e-01	6.9849e-06	2.1278e-02	9.6654e-01	1.2179e-02	1.1755e-36	1.1755e-36	1.1755e-36	9.4099e-23	0.00e+00	0.00e+00	4.8522e+00
9.45020e+16	7.6821e+03	8.126e-18	1.6681e+03	1.7166e+03	2.1357e-13	1.9306e-02	9.8069e-01	4.8032e-01	5.1968e-01	1.7627e-09	1.1407e-14	1.2035e-03	8.7488e-01	1.2391e-01	5.2302e-06	2.2962e-02	9.6775e-01	9.2869e-03	1.1755e-36	1.1755e-36	1.1755e-36	1.1836e-22	0.00e+00	0.00e+00	5.0483e+00
9.54002e+16	7.6790e+03	8.127e-18	1.6681e+03	1.7028e+03	2.5323e-13	2.0889e-02	9.7911e-01	5.6707e-01	4.3293e-01	1.3294e-09	1.4260e-14	1.2289e-03	8.8956e-01	1.0921e-01	3.7832e-06	2.4952e-02	9.6831e-01	6.7385e-03	1.1755e-36	1.1755e-36	1.1755e-36	1.5199e-22	0.00e+00	0.00e+00	5.2314e+00
9.61618e+16	7.6728e+03	8.112e-18	1.6681e+03	1.6882e+03	2.9554e-13	2.2414e-02	9.7759e-01	6.4769e-01	3.5231e-01	9.9214e-10	1.7382e-14	1.2464e-03	9.0037e-01	9.8378e-02	2.8142e-06	2.6861e-02	9.6818e-01	4.9610e-03	1.1755e-36	1.1755e-36	1.1755e-36	1.8945e-22	0.00e+00	0.00e+00	5.3946e+00
9.69565e+16	7.6596e+03	8.094e-18	1.6681e+03	1.6732e+03	3.5239e-13	2.4252e-02	9.7575e-01	7.3093e-01	2.6907e-01	6.8904e-10	2.1590e-14	1.2626e-03	9.1000e-01	8.8736e-02	2.0176e-06	2.9151e-02	9.6735e-01	3.5019e-03	1.1755e-36	1.1755e-36	1.1755e-36	2.4224e-22	0.00e+00	0.00e+00	5.6241e+00
9.79897e+16	7.6426e+03	8.091e-18	1.6681e+03	1.6563e+03	4.4914e-13	2.7083e-02	9.7292e-01	8.2454e-01	1.7546e-01	3.9913e-10	2.8805e-14	1.2815e-03	9.1994e-01	7.8775e-02	1.2853e-06	3.2659e-02	9.6518e-01	2.1585e-03	1.1755e-36	1.1755e-36	1.1755e-36	3.4107e-22	0.00e+00	0.00e+00	5.9572e+00
9.93327e+16	7.6250e+03	8.128e-18	1.6681e+03	1.6374e+03	6.2964e-13	3.1735e-02	9.6826e-01	9.0920e-01	9.0805e-02	1.7837e-10	4.2081e-14	1.3028e-03	9.2969e-01	6.9005e-02	6.9378e-07	3.8393e-02	9.6051e-01	1.1012e-03	1.1755e-36	1.1755e-36	1.1755e-36	5.5297e-22	0.00e+00	0.00e+00	6.4647e+00
1.00792e+17	7.6163e+03	8.221e-18	1.6681e+03	1.6179e+03	9.4867e-13	3.8732e-02	9.6127e-01	9.5889e-01	4.1114e-02	6.9895e-11	6.4995e-14	1.3224e-03	9.3797e-01	6.0707e-02	3.4346e-07	4.6980e-02	9.5252e-01	5.0468e-04	1.1755e-36	1.1755e-36	1.1755e-36	1.0060e-21	0.00e+00	0.00e+00	7.0363e+00
1.02119e+17	7.6070e+03	8.328e-18	1.6681e+03	1.5988e+03	1.4791e-12	4.8038e-02	9.5196e-01	9.7997e-01	2.0033e-02	3.0080e-11	1.0207e-13	1.3380e-03	9.4494e-01	5.3718e-02	1.7231e-07	5.8355e-02	9.4140e-01	2.4068e-04	1.1755e-36	1.1755e-36	1.1755e-36	1.9317e-21	0.00e+00	0.00e+00	7.6702e+00
1.03263e+17	7.5877e+03	8.414e-18	1.6681e+03	1.5785e+03	2.3644e-12	5.9957e-02	9.4004e-01	9.8897e-01	1.1032e-02	1.4983e-11	1.6218e-13	1.3484e-03	9.5114e-01	4.7507e-02	1.1755e-36	7.2860e-02	9.2702e-01	1.2372e-04	1.1755e-36	1.1755e-36	1.1755e-36	3.8335e-21	0.00e+00	0.00e+00	8.3237e+00
1.04197e+17	7.5708e+03	8.416e-18	1.6681e+03	1.5514e+03	3.7115e-12	7.4024e-02	9.2598e-01	9.9309e-01	6.9118e-03	8.7222e-12	2.5158e-13	1.3475e-03	9.5643e-01	4.2224e-02	1.1755e-36	8.9888e-02	9.1004e-01	6.9815e-05	1.1755e-36	1.1755e-36	1.1755e-36	7.3906e-21	0.00e+00	0.00e+00	8.9728e+00
1.04879e+17	7.5492e+03	8.377e-18	1.6681e+03	1.5261e+03	5.5089e-12	8.8726e-02	9.1127e-01	9.9502e-01	4.9842e-03	5.9996e-12	3.6761e-13	1.3425e-03	9.6057e-01	3.8085e-02	1.1755e-36	1.0757e-01	8.9239e-01	4.4869e-05	1.1755e-36	1.1755e-36	1.1755e-36	1.3079e-20	0.00e+00	0.00e+00	9.4703e+00
1.05346e+17	7.5277e+03	8.315e-18	1.6681e+03	1.5058e+03	7.5147e-12	1.0208e-01	8.9792e-01	9.9601e-01	3.9932e-03	4.6574e-12	4.9432e-13	1.3369e-03	9.6366e-01	3.5005e-02	1.1755e-36	1.2353e-01	8.7644e-01	3.2419e-05	1.1755e-36	1.1755e-36	1.1755e-36	2.0465e-20	0.00e+00	0.00e+00	9.9026e+00
1.05748e+17	7.5033e+03	8.197e-18	1.6681e+03	1.4799e+03	1.0012e-11	1.1593e-01	8.8407e-01	9.9671e-01	3.2929e-03	3.7511e-12	6.4521e-13	1.3242e-03	9.6635e-01	3.2328e-02	1.1755e-36	1.3999e-01	8.5999e-01	2.4129e-05	1.1755e-36	1.1755e-36	1.1755e-36	3.0581e-20	0.00e+00	0.00e+00	1.0392e+01
1.06209e+17	7.4639e+03	7.999e-18	1.6681e+03	1.4441e+03	1.4381e-11	1.3561e-01	8.6439e-01	9.9737e-01	2.6260e-03	2.9161e-12	8.9729e-13	1.3045e-03	9.6957e-01	2.9121e-02	1.1755e-36	1.6319e-01	8.3679e-01	1.6801e-05	1.1755e-36	1.1755e-36	1.1755e-36	5.0322e-20	0.00e+00	0.00e+00	1.1136e+01
1.06699e+17	7.4074e+03	7.705e-18	1.6681e+03	1.3974e+03	2.2379e-11	1.6354e-01	8.3646e-01	9.9791e-01	2.0931e-03	2.2804e-12	1.3341e-12	1.2755e-03	9.7308e-01	2.5643e-02	1.1755e-36	1.9575e-01	8.0423e-01	1.1156e-05	1.1755e-36	1.1755e-36	1.1755e-36	9.1899e-20	0.00e+00	0.00e+00	1.1929e+01
1.07149e+17	7.3303e+03	7.294e-18	1.6681e+03	1.3392e+03	3.5942e-11	1.9827e-01	8.0173e-01	9.9829e-01	1.7090e-03	1.8458e-12	2.0109e-12	1.2353e-03	9.7648e-01	2.2286e-02	1.1755e-36	2.3567e-01	7.6432e-01	7.3655e-06	1.1755e-36	1.1755e-36	1.1755e-36	1.7161e-19	0.00e+00	0.00e+00	1.2847e+01
1.07564e+17	7.2269e+03	6.757e-18	1.6681e+03	1.2675e+03	5.9741e-11	2.4120e-01	7.5880e-01	9.9857e-01	1.4267e-03	1.5477e-12	3.0639e-12	1.1818e-03	9.7969e-01	1.9133e-02	1.1755e-36	2.8413e-01	7.1586e-01	4.8324e-06	1.1755e-36	1.1755e-36	1.1755e-36	3.2650e-19	0.00e+00	0.00e+00	1.3839e+01
1.07898e+17	7.1085e+03	6.178e-18	1.6681e+03	1.1917e+03	9.6260e-11	2.8664e-01	7.1336e-01	9.9875e-01	1.2492e-03	1.3798e-12	4.4564e-12	1.1221e-03	9.8229e-01	1.6586e-02	1.1755e-36	3.3439e-01	6.6560e-01	3.3292e-06	1.1755e-36	1.1755e-36	1.1755e-36	5.7993e-19	0.00e+00	0.00e+00	1.4673e+01
1.08123e+17	7.0020e+03	5.700e-18	1.6681e+03	1.1288e+03	1.3863e-10	3.2424e-01	6.7576e-01	9.9885e-01	1.1501e-03	1.2984e-12	5.8403e-12	1.0711e-03	9.8406e-01	1.4869e-02	1.1755e-36	3.7519e-01	6.2481e-01	2.5363e-06	1.1755e-36	1.1755e-36	1.1755e-36	8.7892e-19	0.00e+00	0.00e+00	1.5266e+01
1.08272e+17	6.9236e+03	5.342e-18	1.6681e+03	1.0820e+03	1.7875e-10	3.5206e-01	6.4794e-01	9.9891e-01	1.0920e-03	1.2572e-12	7.0071e-12	1.0322e-03	9.8522e-01	1.3747e-02	1.1755e-36	4.0493e-01	5.9507e-01	2.0975e-06	1.1755e-36	1.1755e-36	1.1755e-36	1.1641e-18	0.00e+00	0.00e+00	1.5728e+01
1.08392e+17	6.8341e+03	5.039e-18	1.6681e+03	1.0414e+03	2.2517e-10	3.7668e-01	6.2332e-01	9.9895e-01	1.0470e-03	1.2256e-12	8.1521e-12	9.9852e-04	9.8618e-01	1.2826e-02	1.1755e-36	4.3095e-01	5.6904e-01	1.7867e-06	1.1755e-36	1.1755e-36	1.1755e-36	1.4687e-18	0.00e+00	0.00e+00	1.6186e+01
1.08508e+17	6.7437e+03	4.724e-18	1.6681e+03	9.9894e+02	2.8350e-10	4.0208e-01	5.9792e-01	9.9899e-01	1.0067e-03	1.2020e-12	9.4416e-12	9.6275e-04	9.8709e-01	1.1947e-02	1.1755e-36	4.5750e-01	5.4250e-01	1.5206e-06	1.1755e-36	1.1755e-36	1.1755e-36	1.8414e-18	0.00e+00	0.00e+00	1.6686e+01
1.08623e+17	6.6439e+03	4.402e-18	1.6681e+03	9.5466e+02	3.6001e-10	4.2859e-01	5.7141e-01	9.9903e-01	9.7104e-04	1.1860e-12	1.0912e-11	9.2502e-04	9.8797e-01	1.1108e-02	1.1755e-36	4.8487e-01	5.1512e-01	1.2926e-06	1.1755e-36	1.1755e-36	1.1755e-36	2.3016e-18	0.00e+00	0.00e+00	1.7189e+01
1.08727e+17	6.5428e+03	4.103e-18	1.6681e+03	9.1243e+02	4.5237e-10	4.5384e-01	5.4616e-01	9.9906e-01	9.4294e-04	1.1791e-12	1.2437e-11	8.8873e-04	9.8874e-01	1.0371e-02	1.1755e-36	5.1066e-01	4.8934e-01	1.1122e-06	1.1755e-36	1.1755e-36	1.1755e-36	2.8157e-18	0.00e+00	0.00e+00	1.7647e+01
1.08816e+17	6.4454e+03	3.839e-18	1.6681e+03	8.7434e+02	5.5732e-10	4.7663e-01	5.2337e-01	9.9908e-01	9.2102e-04	1.1780e-12	1.3922e-11	8.5578e-04	9.8940e-01	9.7462e-03	1.1755e-36	5.3368e-01	4.6632e-01	9.7361e-07	1.1755e-36	1.1755e-36	1.1755e-36	3.3501e-18	0.00e+00	0.00e+00	1.8064e+01
1.08896e+17	6.3500e+03	3.601e-18	1.6681e+03	8.3924e+02	6.7798e-10	4.9763e-01	5.0237e-01	9.9910e-01	9.0301e-04	1.1806e-12	1.5386e-11	8.2523e-04	9.8998e-01	9.1986e-03	1.1755e-36	5.5469e-01	4.4531e-01	8.6242e-07	1.1755e-36	1.1755e-36	1.1755e-36	3.9081e-18	0.00e+00	0.00e+00	1.8463e+01
1.08970e+17	6.2526e+03	3.377e-18	1.6681e+03	8.0541e+02	8.2245e-10	5.1785e-01	4.8215e-01	9.9911e-01	8.8748e-04	1.1863e-12	1.6887e-11	7.9562e-04	9.9051e-01	8.6947e-03	1.1755e-36	5.7475e-01	4.2525e-01	7.6802e-07	1.1755e-36	1.1755e-36	1.1755e-36	4.5105e-18	0.00e+00	0.00e+00	1.8860e+01
1.09041e+17	6.1521e+03	3.164e-18	1.6681e+03	7.7241e+02	9.9817e-10	5.3758e-01	4.6242e-01	9.9913e-01	8.7403e-04	1.1951e-12	1.8439e-11	7.6660e-04	9.9101e-01	8.2249e-03	1.1755e-36	5.9414e-01	4.0586e-01	6.8635e-07	1.1755e-36	1.1755e-36	1.1755e-36	5.1652e-18	0.00e+00	0.00e+00	1.9253e+01
1.09099e+17	6.0675e+03	2.998e-18	1.6681e+03	7.4599e+02	1.1711e-09	5.5345e-01	4.4655e-01	9.9913e-01	8.6518e-04	1.2059e-12	1.9756e-11	7.4328e-04	9.9139e-01	7.8691e-03	1.1755e-36	6.0962e-01	3.9038e-01	6.2775e-07	1.1755e-36	1.1755e-36	1.1755e-36	5.7468e-18	0.00e+00	0.00e+00	1.9518e+01
1.09140e+17	5.9976e+03	2.879e-18	1.6681e+03	7.2663e+02	1.3285e-09	5.6524e-01	4.3476e-01	9.9914e-01	8.5860e-04	1.2134e-12	2.0783e-11	7.2625e-04	9.9167e-01	7.6082e-03	1.1755e-36	6.2106e-01	3.7894e-01	5.8764e-07	1.1755e-36	1.1755e-36	1.1755e-36	6.2146e-18	0.00e+00	0.00e+00	1.9737e+01
1.09178e+17	5.9340e+03	2.767e-18	1.6681e+03	7.0852e+02	1.4939e-09	5.7635e-01	4.2365e-01	9.9915e-01	8.5226e-04	1.2208e-12	2.1790e-11	7.1016e-04	9.9193e-01	7.3636e-03	1.1755e-36	6.3178e-01	3.6822e-01	5.5162e-07	1.1755e-36	1.1755e-36	1.1755e-36	6.6899e-18	0.00e+00	0.00e+00	1.9976e+01
1.09220e+17	5.8675e+03	2.642e-18	1.6681e+03	6.8779e+02	1.6931e-09	5.8824e-01	4.1176e-01	9.9915e-01	8.4649e-04	1.2333e-12	2.2868e-11	6.9154e-04	9.9220e-01	7.1081e-03	1.1755e-36	6.4319e-01	3.5681e-01	5.1478e-07	1.1755e-36	1.1755e-36	1.1755e-36	7.2107e-18	0.00e+00	0.00e+00	2.0251e+01
1.09265e+17	5.7784e+03	2.513e-18	1.6681e+03	6.6581e+02	1.9807e-09	6.0176e-01	3.9824e-01	9.9916e-01	8.3927e-04	1.2434e-12	2.4190e-11	6.7209e-04	9.9250e-01	6.8250e-03	1.1755e-36	6.5610e-01	3.4390e-01	4.7681e-07	1.1755e-36	1.1755e-36	1.1755e-36	7.8735e-18	0.00e+00	0.00e+00	2.0545e+01
1.09310e+17	5.6957e+03	2.388e-18	1.6681e+03	6.4387e+02	2.2981e-09	6.1452e-01	3.8548e-01	9.9917e-01	8.3447e-04	1.2594e-12	2.5452e-11	6.5236e-04	9.9278e-01	6.5670e-03	1.1755e-36	6.6821e-01	3.3179e-01	4.4298e-07	1.1755e-36	1.1755e-36	1.1755e-36	8.5269e-18	0.00e+00	0.00e+00	2.0821e+01
1.09352e+17	5.6121e+03	2.273e-18	1.6681e+03	6.2347e+02	2.6667e-09	6.2671e-01	3.7329e-01	9.9917e-01	8.2967e-04	1.2739e-12	2.6731e-11	6.3407e-04	9.9304e-01	6.3248e-03	1.1755e-36	6.7973e-01	3.2027e-01	4.1288e-07	1.1755e-36	1.1755e-36	1.1755e-36	9.2182e-18	0.00e+00	0.00e+00	2.1090e+01
1.09392e+17	5.5265e+03	2.163e-18	1.6681e+03	6.0351e+02	3.1032e-09	6.3863e-01	3.6137e-01	9.9917e-01	8.2526e-04	1.2893e-12	2.8040e-11	6.1615e-04	9.9329e-01	6.0928e-03	1.1755e-36	6.9093e-01	3.0907e-01	3.8524e-07	1.1755e-36	1.1755e-36	1.1755e-36	9.9553e-18	0.00e+00	0.00e+00	2.1363e+01
1.09433e+17	5.4336e+03	2.056e-18	1.6681e+03	5.8392e+02	3.6529e-09	6.5074e-01	3.4926e-01	9.9918e-01	8.2033e-04	1.3031e-12	2.9469e-11	5.9867e-04	9.9354e-01	5.8619e-03	1.1755e-36	7.0226e-01	2.9774e-01	3.5910e-07	1.1755e-36	1.1755e-36	1.1755e-36	1.0803e-17	0.00e+00	0.00e+00	2.1640e+01
1.09473e+17	5.3418e+03	1.953e-18	1.6681e+03	5.6445e+02	4.2982e-09	6.6242e-01	3.3758e-01	9.9918e-01	8.1653e-04	1.3201e-12	3.0903e-11	5.8115e-04	9.9377e-01	5.6443e-03	1.1755e-36	7.1312e-01	2.8688e-01	3.3520e-07	1.1755e-36	1.1755e-36	1.1755e-36	1.1697e-17	0.00e+00	0.00e+00	2.1914e+01
1.09512e+17	5.2479e+03	1.854e-18	1.6681e+03	5.4540e+02	5.0803e-09	6.7387e-01	3.2613e-01	9.9919e-01	8.1300e-04	1.3378e-12	3.2403e-11	5.6400e-04	9.9400e-01	5.4353e-03	1.1755e-36	7.2372e-01	2.7628e-01	3.1313e-07	1.1755e-36	1.1755e-36	1.1755e-36	1.2689e-17	0.00e+00	0.00e+00	2.2190e+01
1.09550e+17	5.1508e+03	1.759e-18	1.6681e+03	5.2656e+02	6.0441e-09	6.8517e-01	3.1483e-01	9.9919e-01	8.0969e-04	1.3563e-12	3.3998e-11	5.4704e-04	9.9422e-01	5.2329e-03	1.1755e-36	7.3414e-01	2.6586e-01	2.9254e-07	1.1755e-36	1.1755e-36	1.1755e-36	1.3818e-17	0.00e+00	0.00e+00	2.2469e+01
1.09589e+17	5.0481e+03	1.667e-18	1.6681e+03	5.0787e+02	7.2636e-09	6.9634e-01	3.0366e-01	9.9919e-01	8.0658e-04	1.3755e-12	3.5723e-11	5.3026e-04	9.9443e-01	5.0375e-03	1.1755e-36	7.4438e-01	2.5562e-01	2.7340e-07	1.1755e-36	1.1755e-36	1.1755e-36	1.5134e-17	0.00e+00	0.00e+00	2.2750e+01
1.09627e+17	4.9438e+03	1.580e-18	1.6681e+03	4.8969e+02	8.7642e-09	7.0727e-01	2.9273e-01	9.9920e-01	8.0364e-04	1.3951e-12	3.7586e-11	5.1395e-04	9.9464e-01	4.8415e-03	1.1755e-36	7.5437e-01	2.4563e-01	2.5563e-07	1.1755e-36	1.1755e-36	1.1755e-36	1.6630e-17	0.00e+00	0.00e+00	2.3029e+01
1.09664e+17	4.8366e+03	1.497e-18	1.6681e+03	4.7191e+02	1.0635e-08	7.1792e-01	2.8208e-01	9.9920e-01	8.0091e-04	1.4152e-12	3.9564e-11	4.9804e-04	9.9486e-01	4.6462e-03	1.1755e-36	7.6406e-01	2.3594e-01	2.3925e-07	1.1755e-36	1.1755e-36	1.1755e-36	1.8311e-17	0.00e+00	0.00e+00	2.3308e+01
1.09693e+17	4.7599e+03	1.437e-18	1.6681e+03	4.5909e+02	1.2252e-08	7.2566e-01	2.7434e-01	9.9920e-01	7.9967e-04	1.4323e-12	4.1107e-11	4.8653e-04	9.9501e-01	4.5084e-03	1.1755e-36	7.7105e-01	2.2895e-01	2.2790e-07	1.1755e-36	1.1755e-36	1.1755e-36	1.9726e-17	0.00e+00	0.00e+00	2.3468e+01
1.09711e+17	4.7063e+03	1.399e-18	1.6681e+03	4.5036e+02	1.3511e-08	7.3056e-01	2.6944e-01	9.9920e-01	7.9920e-04	1.4451e-12	4.2123e-11	4.7868e-04	9.9510e-01	4.4205e-03	1.1755e-36	7.7550e-01	2.2450e-01	2.2086e-07	1.1755e-36	1.1755e-36	1.1755e-36	2.0715e-17	0.00e+00	0.00e+00	2.3590e+01
1.09728e+17	4.6557e+03	1.364e-18	1.6681e+03	4.4251e+02	1.4830e-08	7.3518e-01	2.6482e-01	9.9920e-01	7.9822e-04	1.4553e-12	4.3151e-11	4.7167e-04	9.9519e-01	4.3373e-03	1.1755e-36	7.7966e-01	2.2034e-01	2.1440e-07	1.1755e-36	1.1755e-36	1.1755e-36	2.1761e-17	0.00e+00	0.00e+00	2.3722e+01
1.09746e+17	4.5963e+03	1.327e-18	1.6681e+03	4.3419e+02	1.6547e-08	7.4048e-01	2.5952e-01	9.9920e-01	7.9623e-04	1.4635e-12	4.4448e-11	4.6438e-04	9.9529e-01	4.2425e-03	1.1755e-36	7.8443e-01	2.1557e-01	2.0726e-07	1.1755e-36	1.1755e-36	1.1755e-36	2.3147e-17	0.00e+00	0.00e+00	2.3871e+01
1.09765e+17	4.5370e+03	1.289e-18	1.6681e+03	4.2551e+02	1.8473e-08	7.4569e-01	2.5431e-01	9.9921e-01	7.9497e-04	1.4746e-12	4.5763e-11	4.5670e-04	9.9539e-01	4.1500e-03	1.1755e-36	7.8911e-01	2.1089e-01	2.0033e-07	1.1755e-36	1.1755e-36	1.1755e-36	2.4636e-17	0.00e+00	0.00e+00	2.4016e+01
1.09783e+17	4.4786e+03	1.253e-18	1.6681e+03	4.1720e+02	2.0588e-08	7.5067e-01	2.4933e-01	9.9921e-01	7.9381e-04	1.4855e-12	4.7101e-11	4.4936e-04	9.9549e-01	4.0622e-03	1.1755e-36	7.9358e-01	2.0642e-01	1.9388e-07	1.1755e-36	1.1755e-36	1.1755e-36	2.6238e-17	0.00e+00	0.00e+00	2.4156e+01
1.09800e+17	4.4213e+03	1.219e-18	1.6681e+03	4.0921e+02	2.2906e-08	7.5546e-01	2.4454e-01	9.9921e-01	7.9268e-04	1.4962e-12	4.8471e-11	4.4234e-04	9.9558e-01	3.9780e-03	1.1755e-36	7.9787e-01	2.0213e-01	1.8782e-07	1.1755e-36	1.1755e-36	1.1755e-36	2.7973e-17	0.00e+00	0.00e+00	2.4293e+01
1.09817e+17	4.3641e+03	1.186e-18	1.6681e+03	4.0142e+02	2.5474e-08	7.6015e-01	2.3985e-01	9.9921e-01	7.9157e-04	1.5067e-12	4.9896e-11	4.3551e-04	9.9567e-01	3.8963e-03	1.1755e-36	8.0205e-01	1.9795e-01	1.8203e-07	1.1755e-36	1.1755e-36	1.1755e-36	2.9879e-17	0.00e+00	0.00e+00	2.4429e+01
1.09834e+17	4.3068e+03	1.155e-18	1.6681e+03	3.9375e+02	2.8335e-08	7.6476e-01	2.3524e-01	9.9921e-01	7.9046e-04	1.5172e-12	5.1388e-11	4.2883e-04	9.9575e-01	3.8163e-03	1.1755e-36	8.0616e-01	1.9384e-01	1.7645e-07	1.1755e-36	1.1755e-36	1.1755e-36	3.1987e-17	0.00e+00	0.00e+00	2.4565e+01
1.09851e+17	4.2491e+03	1.124e-18	1.6681e+03	3.8622e+02	3.1515e-08	7.6930e-01	2.3070e-01	9.9921e-01	7.8935e-04	1.5276e-12	5.2950e-11	4.2228e-04	9.9584e-01	3.7378e-03	1.1755e-36	8.1020e-01	1.8980e-01	1.7107e-07	1.1755e-36	1.1755e-36	1.1755e-36	3.4319e-17	0.00e+00	0.00e+00	2.4701e+01
1.09868e+17	4.1911e+03	1.093e-18	1.6681e+03	3.7878e+02	3.5047e-08	7.7377e-01	2.2623e-01	9.9921e-01	7.8826e-04	1.5381e-12	5.4580e-11	4.1586e-04	9.9592e-01	3.6611e-03	1.1755e-36	8.1417e-01	1.8583e-01	1.6589e-07	1.1755e-36	1.1755e-36	1.1755e-36	3.6894e-17	0.00e+00	0.00e+00	2.4836e+01
1.09884e+17	4.1330e+03	1.064e-18	1.6681e+03	3.7148e+02	3.8938e-08	7.7817e-01	2.2183e-01	9.9921e-01	7.8714e-04	1.5483e-12	5.6285e-11	4.0959e-04	9.9600e-01	3.5857e-03	1.1755e-36	8.1808e-01	1.8192e-01	1.6088e-07	1.1755e-36	1.1755e-36	1.1755e-36	3.9735e-17	0.00e+00	0.00e+00	2.4971e+01
1.09901e+17	4.0695e+03	1.036e-18	1.6681e+03	3.6401e+02	4.3543e-08	7.8256e-01	2.1744e-01	9.9921e-01	7.8591e-04	1.5583e-12	5.8113e-11	4.0329e-04	9.9609e-01	3.5111e-03	1.1755e-36	8.2198e-01	1.7802e-01	1.5605e-07	1.1755e-36	1.1755e-36	1.1755e-36	4.2986e-17	0.00e+00	0.00e+00	2.5107e+01
1.09917e+17	4.0162e+03	1.008e-18	1.6681e+03	3.5723e+02	4.7839e-08	7.8670e-01	2.1330e-01	9.9922e-01	7.8500e-04	1.5690e-12	5.9846e-11	3.9745e-04	9.9616e-01	3.4412e-03	1.1755e-36	8.2562e-01	1.7438e-01	1.5148e-07	1.1755e-36	1.1755e-36	1.1755e-36	4.6179e-17	0.00e+00	0.00e+00	2.5236e+01
1.09933e+17	3.9497e+03	9.805e-19	1.6681e+03	3.4979e+02	5.3505e-08	7.9111e-01	2.0889e-01	9.9922e-01	7.8347e-04	1.5783e-12	6.1869e-11	3.9130e-04	9.9624e-01	3.3669e-03	1.1755e-36	8.2953e-01	1.7047e-01	1.4682e-07	1.1755e-36	1.1755e-36	1.1755e-36	5.0171e-17	0.00e+00	0.00e+00	2.5380e+01
