#depth	Te	Htot	hden	eden	2H_2/H	HI	HII	HeI	HeII	HeIII	CO/C	C1	C2	C3	C4	O1	O2	O3	O4	O5	O6	H2O/O	AV(point)	AV(extend)	Tau912
4.97818e+11	6.9229e+03	5.924e-17	4.6416e+03	4.7300e+03	4.6731e-12	5.1665e-02	9.4833e-01	2.3012e-01	7.6980e-01	8.6366e-05	3.3009e-13	1.2895e-02	8.3525e-01	1.5185e-01	1.5023e-06	6.2979e-02	9.3154e-01	5.4817e-03	1.1755e-36	1.1755e-36	1.1755e-36	4.6651e-21	0.00e+00	0.00e+00	1.5079e-03
2.98691e+12	6.9126e+03	5.897e-17	4.6416e+03	4.7161e+03	4.6826e-12	5.1505e-02	9.4850e-01	2.2985e-01	7.7006e-01	8.6509e-05	3.2681e-13	1.2816e-02	8.3514e-01	1.5204e-01	1.5101e-06	6.2788e-02	9.3171e-01	5.4973e-03	1.1755e-36	1.1755e-36	1.1755e-36	4.5885e-21	0.00e+00	0.00e+00	7.5205e-03
1.29433e+13	6.8997e+03	5.854e-17	4.6416e+03	4.7116e+03	4.7263e-12	5.1476e-02	9.4852e-01	2.3055e-01	7.6937e-01	8.6085e-05	3.2657e-13	1.2783e-02	8.3572e-01	1.5150e-01	1.5012e-06	6.2765e-02	9.3176e-01	5.4771e-03	1.1755e-36	1.1755e-36	1.1755e-36	4.5658e-21	0.00e+00	0.00e+00	3.1558e-02
5.27687e+13	6.8495e+03	5.756e-17	4.6416e+03	4.7072e+03	5.0415e-12	5.2082e-02	9.4792e-01	2.3476e-01	7.6516e-01	8.3768e-05	3.3731e-13	1.2882e-02	8.3871e-01	1.4841e-01	1.4381e-06	6.3540e-02	9.3114e-01	5.3242e-03	1.1755e-36	1.1755e-36	1.1755e-36	4.7075e-21	0.00e+00	0.00e+00	1.2884e-01
1.26048e+14	6.6874e+03	5.459e-17	4.6416e+03	4.7088e+03	5.5501e-12	5.1260e-02	9.4874e-01	2.3933e-01	7.6059e-01	8.0794e-05	3.2864e-13	1.2810e-02	8.4237e-01	1.4482e-01	1.3952e-06	6.2636e-02	9.3208e-01	5.2805e-03	1.1755e-36	1.1755e-36	1.1755e-36	4.3875e-21	0.00e+00	0.00e+00	2.5331e-01
2.07998e+14	6.5460e+03	5.218e-17	4.6416e+03	4.7080e+03	6.1910e-12	5.1066e-02	9.4893e-01	2.4484e-01	7.5508e-01	7.7661e-05	3.2867e-13	1.2847e-02	8.4640e-01	1.4075e-01	1.3318e-06	6.2489e-02	9.3236e-01	5.1560e-03	1.1755e-36	1.1755e-36	1.1755e-36	4.2515e-21	0.00e+00	0.00e+00	3.7465e-01
3.01220e+14	6.4522e+03	5.066e-17	4.6416e+03	4.6988e+03	7.1170e-12	5.2494e-02	9.4751e-01	2.5380e-01	7.4613e-01	7.3558e-05	3.5314e-13	1.3136e-02	8.5201e-01	1.3485e-01	1.2144e-06	6.4302e-02	9.3086e-01	4.8392e-03	1.1755e-36	1.1755e-36	1.1755e-36	4.5695e-21	0.00e+00	0.00e+00	5.3681e-01
4.22409e+14	6.3670e+03	4.929e-17	4.6416e+03	4.6800e+03	8.5926e-12	5.5349e-02	9.4465e-01	2.6730e-01	7.3263e-01	6.8256e-05	4.0284e-13	1.3640e-02	8.5961e-01	1.2675e-01	1.0535e-06	6.7859e-02	9.2777e-01	4.3659e-03	1.1755e-36	1.1755e-36	1.1755e-36	5.3153e-21	0.00e+00	0.00e+00	7.5908e-01
5.79954e+14	6.2956e+03	4.829e-17	4.6416e+03	4.6596e+03	1.1195e-11	6.0792e-02	9.3921e-01	2.8862e-01	7.1131e-01	6.1367e-05	5.0814e-13	1.4511e-02	8.7007e-01	1.1542e-01	8.4347e-07	7.4569e-02	9.2173e-01	3.7021e-03	1.1755e-36	1.1755e-36	1.1755e-36	7.0751e-21	0.00e+00	0.00e+00	1.0764e+00
7.52774e+14	6.2606e+03	4.740e-17	4.6416e+03	4.6044e+03	1.4879e-11	6.8356e-02	9.3164e-01	3.1407e-01	6.8588e-01	5.4871e-05	6.7388e-13	1.5524e-02	8.8071e-01	1.0377e-01	6.4912e-07	8.3829e-02	9.1315e-01	3.0224e-03	1.1755e-36	1.1755e-36	1.1755e-36	1.0099e-20	0.00e+00	0.00e+00	1.4122e+00
9.12758e+14	6.2695e+03	4.711e-17	4.6416e+03	4.5431e+03	1.9920e-11	7.8544e-02	9.2146e-01	3.4316e-01	6.5679e-01	4.8913e-05	9.4330e-13	1.6684e-02	8.9091e-01	9.2410e-02	4.8442e-07	9.6202e-02	9.0140e-01	2.4000e-03	1.1755e-36	1.1755e-36	1.1755e-36	1.5622e-20	0.00e+00	0.00e+00	1.7631e+00
1.06689e+15	6.3055e+03	4.711e-17	4.6416e+03	4.4679e+03	2.7493e-11	9.2484e-02	9.0752e-01	3.7741e-01	6.2254e-01	4.3213e-05	1.4069e-12	1.7969e-02	9.0100e-01	8.1035e-02	3.4600e-07	1.1300e-01	8.8516e-01	1.8353e-03	1.1755e-36	1.1755e-36	1.1755e-36	2.6392e-20	0.00e+00	0.00e+00	2.1856e+00
1.22112e+15	6.3697e+03	4.708e-17	4.6416e+03	4.3601e+03	3.9403e-11	1.1184e-01	8.8816e-01	4.1768e-01	5.8228e-01	3.7776e-05	2.2474e-12	1.9296e-02	9.1085e-01	6.9857e-02	2.3500e-07	1.3611e-01	8.6255e-01	1.3393e-03	1.1755e-36	1.1755e-36	1.1755e-36	4.8942e-20	0.00e+00	0.00e+00	2.6859e+00
1.36460e+15	6.4496e+03	4.688e-17	4.6416e+03	4.2209e+03	5.8109e-11	1.3743e-01	8.6257e-01	4.6108e-01	5.3889e-01	3.3063e-05	3.7550e-12	2.0457e-02	9.1980e-01	5.9745e-02	1.5523e-07	1.6630e-01	8.3275e-01	9.4731e-04	1.1755e-36	1.1755e-36	1.1755e-36	9.6634e-20	0.00e+00	0.00e+00	3.2270e+00
1.48835e+15	6.5281e+03	4.632e-17	4.6416e+03	4.0595e+03	8.6272e-11	1.6854e-01	8.3146e-01	5.0356e-01	4.9641e-01	2.9257e-05	6.2954e-12	2.1272e-02	9.2744e-01	5.1287e-02	1.1755e-36	2.0248e-01	7.9686e-01	6.6655e-04	1.1755e-36	1.1755e-36	1.1755e-36	1.9229e-19	0.00e+00	0.00e+00	3.7861e+00
1.59386e+15	6.5898e+03	4.519e-17	4.6416e+03	3.8780e+03	1.2806e-10	2.0436e-01	7.9564e-01	5.4336e-01	4.5661e-01	2.6208e-05	1.0359e-11	2.1675e-02	9.3395e-01	4.4375e-02	1.1755e-36	2.4347e-01	7.5605e-01	4.7224e-04	1.1755e-36	1.1755e-36	1.1755e-36	3.7372e-19	0.00e+00	0.00e+00	4.3721e+00
1.68459e+15	6.6325e+03	4.346e-17	4.6416e+03	3.6790e+03	1.8867e-10	2.4404e-01	7.5596e-01	5.8011e-01	4.1987e-01	2.3724e-05	1.6577e-11	2.1670e-02	9.3957e-01	3.8761e-02	1.1755e-36	2.8807e-01	7.1159e-01	3.3864e-04	1.1755e-36	1.1755e-36	1.1755e-36	7.0024e-19	0.00e+00	0.00e+00	4.9702e+00
1.75731e+15	6.6515e+03	4.142e-17	4.6416e+03	3.4851e+03	2.6779e-10	2.8324e-01	7.1676e-01	6.1009e-01	3.8989e-01	2.1974e-05	2.4825e-11	2.1353e-02	9.4410e-01	3.4549e-02	1.1755e-36	3.3131e-01	6.6844e-01	2.5277e-04	1.1755e-36	1.1755e-36	1.1755e-36	1.2051e-18	0.00e+00	0.00e+00	5.4833e+00
1.81043e+15	6.6500e+03	3.947e-17	4.6416e+03	3.3225e+03	3.5464e-10	3.1637e-01	6.8363e-01	6.3217e-01	3.6781e-01	2.0811e-05	3.3771e-11	2.0915e-02	9.4745e-01	3.1633e-02	1.1755e-36	3.6726e-01	6.3254e-01	2.0117e-04	1.1755e-36	1.1755e-36	1.1755e-36	1.8251e-18	0.00e+00	0.00e+00	5.8954e+00
1.85082e+15	6.6360e+03	3.769e-17	4.6416e+03	3.1875e+03	4.4571e-10	3.4398e-01	6.5602e-01	6.4910e-01	3.5088e-01	1.9963e-05	4.2889e-11	2.0462e-02	9.5004e-01	2.9497e-02	1.1755e-36	3.9680e-01	6.0303e-01	1.6779e-04	1.1755e-36	1.1755e-36	1.1755e-36	2.5184e-18	0.00e+00	0.00e+00	6.2616e+00
1.88613e+15	6.6129e+03	3.594e-17	4.6416e+03	3.0616e+03	5.5063e-10	3.6981e-01	6.3019e-01	6.6395e-01	3.3603e-01	1.9252e-05	5.3027e-11	1.9980e-02	9.5234e-01	2.7683e-02	1.1755e-36	4.2411e-01	5.7574e-01	1.4233e-04	1.1755e-36	1.1755e-36	1.1755e-36	3.3510e-18	0.00e+00	0.00e+00	6.6335e+00
1.91998e+15	6.5905e+03	3.409e-17	4.6416e+03	2.9344e+03	6.7466e-10	3.9572e-01	6.0428e-01	6.7787e-01	3.2211e-01	1.8636e-05	6.4944e-11	1.9435e-02	9.5454e-01	2.6030e-02	1.1755e-36	4.5117e-01	5.4871e-01	1.2107e-04	1.1755e-36	1.1755e-36	1.1755e-36	4.4075e-18	0.00e+00	0.00e+00	7.0206e+00
1.95206e+15	6.5417e+03	3.227e-17	4.6416e+03	2.8088e+03	8.4035e-10	4.2197e-01	5.7803e-01	6.9117e-01	3.0881e-01	1.8049e-05	7.9167e-11	1.8867e-02	9.5665e-01	2.4484e-02	1.1755e-36	4.7829e-01	5.2160e-01	1.0339e-04	1.1755e-36	1.1755e-36	1.1755e-36	5.7563e-18	0.00e+00	0.00e+00	7.4014e+00
1.98123e+15	6.4976e+03	3.049e-17	4.6416e+03	2.6901e+03	1.0253e-09	4.4650e-01	5.5350e-01	7.0289e-01	2.9710e-01	1.7578e-05	9.4610e-11	1.8290e-02	9.5855e-01	2.3155e-02	1.1755e-36	5.0333e-01	4.9658e-01	8.9338e-05	1.1755e-36	1.1755e-36	1.1755e-36	7.3288e-18	0.00e+00	0.00e+00	7.7619e+00
2.00749e+15	6.4503e+03	2.884e-17	4.6416e+03	2.5804e+03	1.2350e-09	4.6921e-01	5.3079e-01	7.1327e-01	2.8671e-01	1.7179e-05	1.1111e-10	1.7732e-02	9.6027e-01	2.1999e-02	1.1755e-36	5.2628e-01	4.7364e-01	7.8127e-05	1.1755e-36	1.1755e-36	1.1755e-36	9.1172e-18	0.00e+00	0.00e+00	8.1053e+00
2.03173e+15	6.3943e+03	2.730e-17	4.6416e+03	2.4802e+03	1.4864e-09	4.9113e-01	5.0887e-01	7.2301e-01	2.7697e-01	1.6787e-05	1.2961e-10	1.7212e-02	9.6186e-01	2.0927e-02	1.1755e-36	5.4822e-01	4.5171e-01	6.8766e-05	1.1755e-36	1.1755e-36	1.1755e-36	1.1250e-17	0.00e+00	0.00e+00	8.4435e+00
2.05511e+15	6.3385e+03	2.576e-17	4.6416e+03	2.3784e+03	1.7772e-09	5.1220e-01	4.8780e-01	7.3198e-01	2.6800e-01	1.6473e-05	1.4962e-10	1.6657e-02	9.6339e-01	1.9955e-02	1.1755e-36	5.6910e-01	4.3084e-01	6.0756e-05	1.1755e-36	1.1755e-36	1.1755e-36	1.3685e-17	0.00e+00	0.00e+00	8.7927e+00
2.07761e+15	6.2796e+03	2.428e-17	4.6416e+03	2.2799e+03	2.1198e-09	5.3260e-01	4.6740e-01	7.4039e-01	2.5959e-01	1.6193e-05	1.7160e-10	1.6105e-02	9.6484e-01	1.9058e-02	1.1755e-36	5.8913e-01	4.1081e-01	5.3886e-05	1.1755e-36	1.1755e-36	1.1755e-36	1.6514e-17	0.00e+00	0.00e+00	9.1321e+00
2.09540e+15	6.2345e+03	2.313e-17	4.6416e+03	2.2016e+03	2.4244e-09	5.4810e-01	4.5190e-01	7.4645e-01	2.5353e-01	1.6032e-05	1.8990e-10	1.5650e-02	9.6593e-01	1.8421e-02	1.1755e-36	6.0423e-01	3.9572e-01	4.9179e-05	1.1755e-36	1.1755e-36	1.1755e-36	1.8988e-17	0.00e+00	0.00e+00	9.3544e+00
2.10804e+15	6.1957e+03	2.232e-17	4.6416e+03	2.1463e+03	2.6889e-09	5.5952e-01	4.4048e-01	7.5090e-01	2.4909e-01	1.5902e-05	2.0476e-10	1.5329e-02	9.6672e-01	1.7949e-02	1.1755e-36	6.1531e-01	3.8465e-01	4.5964e-05	1.1755e-36	1.1755e-36	1.1755e-36	2.1073e-17	0.00e+00	0.00e+00	9.5420e+00
2.12009e+15	6.1556e+03	2.152e-17	4.6416e+03	2.0930e+03	2.9818e-09	5.7070e-01	4.2930e-01	7.5534e-01	2.4464e-01	1.5758e-05	2.2059e-10	1.5017e-02	9.6749e-01	1.7488e-02	1.1755e-36	6.2607e-01	3.7389e-01	4.2995e-05	1.1755e-36	1.1755e-36	1.1755e-36	2.3356e-17	0.00e+00	0.00e+00	9.7538e+00
2.13354e+15	6.1071e+03	2.065e-17	4.6416e+03	2.0328e+03	3.3579e-09	5.8310e-01	4.1690e-01	7.6020e-01	2.3978e-01	1.5608e-05	2.3943e-10	1.4661e-02	9.6835e-01	1.6986e-02	1.1755e-36	6.3797e-01	3.6199e-01	3.9900e-05	1.1755e-36	1.1755e-36	1.1755e-36	2.6156e-17	0.00e+00	0.00e+00	9.9971e+00
2.14784e+15	6.0552e+03	1.974e-17	4.6416e+03	1.9703e+03	3.8109e-09	5.9621e-01	4.0379e-01	7.6524e-01	2.3475e-01	1.5457e-05	2.6120e-10	1.4286e-02	9.6925e-01	1.6468e-02	1.1755e-36	6.5047e-01	3.4950e-01	3.6855e-05	1.1755e-36	1.1755e-36	1.1755e-36	2.9533e-17	0.00e+00	0.00e+00	1.0248e+01
2.16184e+15	5.9998e+03	1.887e-17	4.6416e+03	1.9110e+03	4.3375e-09	6.0917e-01	3.9083e-01	7.7019e-01	2.2979e-01	1.5295e-05	2.8506e-10	1.3929e-02	9.7011e-01	1.5964e-02	1.1755e-36	6.6275e-01	3.3721e-01	3.4072e-05	1.1755e-36	1.1755e-36	1.1755e-36	3.3404e-17	0.00e+00	0.00e+00	1.0491e+01
2.17512e+15	5.9524e+03	1.804e-17	4.6416e+03	1.8520e+03	4.8678e-09	6.2079e-01	3.7921e-01	7.7448e-01	2.2550e-01	1.5204e-05	3.0748e-10	1.3563e-02	9.7091e-01	1.5529e-02	1.1755e-36	6.7372e-01	3.2625e-01	3.1678e-05	1.1755e-36	1.1755e-36	1.1755e-36	3.7161e-17	0.00e+00	0.00e+00	1.0727e+01
2.18834e+15	5.8935e+03	1.724e-17	4.6416e+03	1.7947e+03	5.5390e-09	6.3279e-01	3.6721e-01	7.7893e-01	2.2105e-01	1.5080e-05	3.3323e-10	1.3209e-02	9.7171e-01	1.5078e-02	1.1755e-36	6.8498e-01	3.1499e-01	2.9400e-05	1.1755e-36	1.1755e-36	1.1755e-36	4.1661e-17	0.00e+00	0.00e+00	1.0977e+01
2.20184e+15	5.8321e+03	1.645e-17	4.6416e+03	1.7384e+03	6.3368e-09	6.4507e-01	3.5493e-01	7.8353e-01	2.1646e-01	1.4937e-05	3.6258e-10	1.2860e-02	9.7252e-01	1.4622e-02	1.1755e-36	6.9645e-01	3.0353e-01	2.7217e-05	1.1755e-36	1.1755e-36	1.1755e-36	4.7048e-17	0.00e+00	0.00e+00	1.1232e+01
2.21509e+15	5.7725e+03	1.569e-17	4.6416e+03	1.6821e+03	7.2200e-09	6.5669e-01	3.4331e-01	7.8775e-01	2.1224e-01	1.4836e-05	3.9230e-10	1.2504e-02	9.7329e-01	1.4202e-02	1.1755e-36	7.0723e-01	2.9274e-01	2.5259e-05	1.1755e-36	1.1755e-36	1.1755e-36	5.2745e-17	0.00e+00	0.00e+00	1.1483e+01
2.22813e+15	5.7114e+03	1.495e-17	4.6416e+03	1.6275e+03	8.2385e-09	6.6805e-01	3.3195e-01	7.9188e-01	2.0811e-01	1.4734e-05	4.2429e-10	1.2158e-02	9.7405e-01	1.3795e-02	1.1755e-36	7.1773e-01	2.8224e-01	2.3455e-05	1.1755e-36	1.1755e-36	1.1755e-36	5.9177e-17	0.00e+00	0.00e+00	1.1738e+01
2.24125e+15	5.6477e+03	1.423e-17	4.6416e+03	1.5736e+03	9.4421e-09	6.7939e-01	3.2061e-01	7.9601e-01	2.0398e-01	1.4630e-05	4.5954e-10	1.1813e-02	9.7479e-01	1.3392e-02	1.1755e-36	7.2816e-01	2.7182e-01	2.1757e-05	1.1755e-36	1.1755e-36	1.1755e-36	6.6644e-17	0.00e+00	0.00e+00	1.2001e+01
2.25440e+15	5.5853e+03	1.353e-17	4.6416e+03	1.5188e+03	1.0799e-08	6.9025e-01	3.0975e-01	7.9985e-01	2.0013e-01	1.4565e-05	4.9569e-10	1.1457e-02	9.7553e-01	1.3016e-02	1.1755e-36	7.3809e-01	2.6189e-01	2.0205e-05	1.1755e-36	1.1755e-36	1.1755e-36	7.4702e-17	0.00e+00	0.00e+00	1.2266e+01
2.26617e+15	5.5216e+03	1.294e-17	4.6416e+03	1.4724e+03	1.2304e-08	7.0001e-01	2.9999e-01	8.0334e-01	1.9664e-01	1.4481e-05	5.3233e-10	1.1158e-02	9.7616e-01	1.2682e-02	1.1755e-36	7.4701e-01	2.5298e-01	1.8912e-05	1.1755e-36	1.1755e-36	1.1755e-36	8.3373e-17	0.00e+00	0.00e+00	1.2480e+01
2.27565e+15	5.4697e+03	1.247e-17	4.6416e+03	1.4355e+03	1.3689e-08	7.0777e-01	2.9223e-01	8.0611e-01	1.9388e-01	1.4416e-05	5.6403e-10	1.0918e-02	9.7666e-01	1.2418e-02	1.1755e-36	7.5405e-01	2.4593e-01	1.7928e-05	1.1755e-36	1.1755e-36	1.1755e-36	9.1283e-17	0.00e+00	0.00e+00	1.2657e+01
2.28413e+15	5.4237e+03	1.206e-17	4.6416e+03	1.4021e+03	1.5063e-08	7.1462e-01	2.8538e-01	8.0855e-01	1.9144e-01	1.4367e-05	5.9386e-10	1.0699e-02	9.7712e-01	1.2184e-02	1.1755e-36	7.6025e-01	2.3974e-01	1.7081e-05	1.1755e-36	1.1755e-36	1.1755e-36	9.9050e-17	0.00e+00	0.00e+00	1.2834e+01
2.29296e+15	5.3664e+03	1.164e-17	4.6416e+03	1.3682e+03	1.6876e-08	7.2207e-01	2.7793e-01	8.1136e-01	1.8863e-01	1.4273e-05	6.3044e-10	1.0481e-02	9.7759e-01	1.1928e-02	1.1755e-36	7.6696e-01	2.3302e-01	1.6214e-05	1.1755e-36	1.1755e-36	1.1755e-36	1.0905e-16	0.00e+00	0.00e+00	1.3029e+01
2.30188e+15	5.3185e+03	1.122e-17	4.6416e+03	1.3341e+03	1.8669e-08	7.2896e-01	2.7104e-01	8.1382e-01	1.8617e-01	1.4230e-05	6.6545e-10	1.0254e-02	9.7805e-01	1.1697e-02	1.1755e-36	7.7317e-01	2.2681e-01	1.5414e-05	1.1755e-36	1.1755e-36	1.1755e-36	1.1913e-16	0.00e+00	0.00e+00	1.3213e+01
2.31066e+15	5.2606e+03	1.083e-17	4.6416e+03	1.3015e+03	2.0967e-08	7.3613e-01	2.6387e-01	8.1650e-01	1.8349e-01	1.4143e-05	7.0702e-10	1.0042e-02	9.7850e-01	1.1455e-02	1.1755e-36	7.7959e-01	2.2039e-01	1.4638e-05	1.1755e-36	1.1755e-36	1.1755e-36	1.3182e-16	0.00e+00	0.00e+00	1.3406e+01
2.31922e+15	5.2157e+03	1.045e-17	4.6416e+03	1.2693e+03	2.3093e-08	7.4243e-01	2.5757e-01	8.1869e-01	1.8130e-01	1.4123e-05	7.4423e-10	9.8254e-03	9.7893e-01	1.1248e-02	1.1755e-36	7.8522e-01	2.1477e-01	1.3952e-05	1.1755e-36	1.1755e-36	1.1755e-36	1.4381e-16	0.00e+00	0.00e+00	1.3584e+01
2.32775e+15	5.1573e+03	1.008e-17	4.6416e+03	1.2376e+03	2.5958e-08	7.4908e-01	2.5092e-01	8.2117e-01	1.7882e-01	1.4054e-05	7.8966e-10	9.6175e-03	9.7936e-01	1.1026e-02	1.1755e-36	7.9116e-01	2.0882e-01	1.3273e-05	1.1755e-36	1.1755e-36	1.1755e-36	1.5938e-16	0.00e+00	0.00e+00	1.3779e+01
2.33621e+15	5.1028e+03	9.730e-18	4.6416e+03	1.2078e+03	2.9050e-08	7.5552e-01	2.4448e-01	8.2355e-01	1.7643e-01	1.3986e-05	8.3815e-10	9.4204e-03	9.7977e-01	1.0814e-02	1.1755e-36	7.9689e-01	2.0310e-01	1.2639e-05	1.1755e-36	1.1755e-36	1.1755e-36	1.7707e-16	0.00e+00	0.00e+00	1.3957e+01
2.34401e+15	5.0571e+03	9.413e-18	4.6416e+03	1.1800e+03	3.2021e-08	7.6111e-01	2.3889e-01	8.2557e-01	1.7442e-01	1.3955e-05	8.8272e-10	9.2331e-03	9.8014e-01	1.0631e-02	1.1755e-36	8.0186e-01	1.9813e-01	1.2089e-05	1.1755e-36	1.1755e-36	1.1755e-36	1.9432e-16	0.00e+00	0.00e+00	1.4126e+01
2.35186e+15	5.0011e+03	9.100e-18	4.6416e+03	1.1520e+03	3.5902e-08	7.6697e-01	2.3303e-01	8.2777e-01	1.7222e-01	1.3894e-05	9.3627e-10	9.0477e-03	9.8051e-01	1.0439e-02	1.1755e-36	8.0704e-01	1.9295e-01	1.1548e-05	1.1755e-36	1.1755e-36	1.1755e-36	2.1653e-16	0.00e+00	0.00e+00	1.4309e+01
2.35970e+15	4.9464e+03	8.802e-18	4.6416e+03	1.1255e+03	4.0195e-08	7.7273e-01	2.2727e-01	8.2995e-01	1.7004e-01	1.3827e-05	9.9425e-10	8.8721e-03	9.8090e-01	1.0232e-02	1.1755e-36	8.1212e-01	1.8787e-01	1.1032e-05	1.1755e-36	1.1755e-36	1.1755e-36	2.4086e-16	0.00e+00	0.00e+00	1.4479e+01
2.36699e+15	4.8967e+03	8.529e-18	4.6416e+03	1.1004e+03	4.4594e-08	7.7784e-01	2.2216e-01	8.3183e-01	1.6815e-01	1.3787e-05	1.0494e-09	8.7040e-03	9.8125e-01	1.0048e-02	1.1755e-36	8.1663e-01	1.8336e-01	1.0581e-05	1.1755e-36	1.1755e-36	1.1755e-36	2.6548e-16	0.00e+00	0.00e+00	1.4640e+01
2.37409e+15	4.8474e+03	8.269e-18	4.6416e+03	1.0765e+03	4.9482e-08	7.8283e-01	2.1717e-01	8.3372e-01	1.6627e-01	1.3739e-05	1.1086e-09	8.5441e-03	9.8159e-01	9.8672e-03	1.1755e-36	8.2101e-01	1.7898e-01	1.0153e-05	1.1755e-36	1.1755e-36	1.1755e-36	2.9348e-16	0.00e+00	0.00e+00	1.4804e+01
2.38129e+15	4.7944e+03	8.012e-18	4.6416e+03	1.0525e+03	5.5325e-08	7.8786e-01	2.1214e-01	8.3564e-01	1.6434e-01	1.3685e-05	1.1750e-09	8.3845e-03	9.8193e-01	9.6848e-03	1.1755e-36	8.2541e-01	1.7458e-01	9.7377e-06	1.1755e-36	1.1755e-36	1.1755e-36	3.2700e-16	0.00e+00	0.00e+00	1.4971e+01
2.38834e+15	4.7417e+03	7.770e-18	4.6416e+03	1.0297e+03	6.1873e-08	7.9271e-01	2.0729e-01	8.3752e-01	1.6247e-01	1.3626e-05	1.2461e-09	8.2326e-03	9.8226e-01	9.5076e-03	1.1755e-36	8.2967e-01	1.7032e-01	9.3455e-06	1.1755e-36	1.1755e-36	1.1755e-36	3.6529e-16	0.00e+00	0.00e+00	1.5130e+01
2.39500e+15	4.6963e+03	7.545e-18	4.6416e+03	1.0080e+03	6.8329e-08	7.9705e-01	2.0295e-01	8.3915e-01	1.6084e-01	1.3596e-05	1.3136e-09	8.0863e-03	9.8256e-01	9.3509e-03	1.1755e-36	8.3346e-01	1.6653e-01	8.9967e-06	1.1755e-36	1.1755e-36	1.1755e-36	4.0406e-16	0.00e+00	0.00e+00	1.5282e+01
2.40167e+15	4.6442e+03	7.324e-18	4.6416e+03	9.8642e+02	7.6434e-08	8.0150e-01	1.9850e-01	8.4088e-01	1.5911e-01	1.3546e-05	1.3926e-09	7.9425e-03	9.8287e-01	9.1870e-03	1.1755e-36	8.3735e-01	1.6264e-01	8.6532e-06	1.1755e-36	1.1755e-36	1.1755e-36	4.5268e-16	0.00e+00	0.00e+00	1.5443e+01
2.40833e+15	4.5927e+03	7.113e-18	4.6416e+03	9.6609e+02	8.5589e-08	8.0596e-01	1.9404e-01	8.4265e-01	1.5733e-01	1.3482e-05	1.4807e-09	7.8076e-03	9.8317e-01	9.0239e-03	1.1755e-36	8.4123e-01	1.5876e-01	8.3215e-06	1.1755e-36	1.1755e-36	1.1755e-36	5.1054e-16	0.00e+00	0.00e+00	1.5595e+01
2.41458e+15	4.5460e+03	6.918e-18	4.6416e+03	9.4658e+02	9.4937e-08	8.0989e-01	1.9011e-01	8.4417e-01	1.5582e-01	1.3447e-05	1.5650e-09	7.6766e-03	9.8344e-01	8.8798e-03	1.1755e-36	8.4466e-01	1.5533e-01	8.0278e-06	1.1755e-36	1.1755e-36	1.1755e-36	5.7018e-16	0.00e+00	0.00e+00	1.5739e+01
2.42067e+15	4.4998e+03	6.731e-18	4.6416e+03	9.2802e+02	1.0537e-07	8.1376e-01	1.8624e-01	8.4570e-01	1.5428e-01	1.3402e-05	1.6570e-09	7.5523e-03	9.8371e-01	8.7373e-03	1.1755e-36	8.4802e-01	1.5197e-01	7.7477e-06	1.1755e-36	1.1755e-36	1.1755e-36	6.3951e-16	0.00e+00	0.00e+00	1.5885e+01
2.42684e+15	4.4495e+03	6.547e-18	4.6416e+03	9.0943e+02	1.1801e-07	8.1770e-01	1.8230e-01	8.4729e-01	1.5269e-01	1.3347e-05	1.7631e-09	7.4294e-03	9.8398e-01	8.5923e-03	1.1755e-36	8.5142e-01	1.4858e-01	7.4737e-06	1.1755e-36	1.1755e-36	1.1755e-36	7.2553e-16	0.00e+00	0.00e+00	1.6034e+01
2.43283e+15	4.4021e+03	6.374e-18	4.6416e+03	8.9171e+02	1.3157e-07	8.2139e-01	1.7861e-01	8.4877e-01	1.5122e-01	1.3301e-05	1.8727e-09	7.3111e-03	9.8423e-01	8.4564e-03	1.1755e-36	8.5461e-01	1.4539e-01	7.2191e-06	1.1755e-36	1.1755e-36	1.1755e-36	8.2122e-16	0.00e+00	0.00e+00	1.6173e+01
2.43853e+15	4.3577e+03	6.213e-18	4.6416e+03	8.7493e+02	1.4587e-07	8.2480e-01	1.7520e-01	8.5014e-01	1.4985e-01	1.3263e-05	1.9846e-09	7.1989e-03	9.8447e-01	8.3296e-03	1.1755e-36	8.5757e-01	1.4242e-01	6.9844e-06	1.1755e-36	1.1755e-36	1.1755e-36	9.2601e-16	0.00e+00	0.00e+00	1.6309e+01
2.44421e+15	4.3125e+03	6.054e-18	4.6416e+03	8.5857e+02	1.6228e-07	8.2823e-01	1.7177e-01	8.5154e-01	1.4845e-01	1.3216e-05	2.1102e-09	7.0902e-03	9.8471e-01	8.2026e-03	1.1755e-36	8.6051e-01	1.3948e-01	6.7577e-06	1.1755e-36	1.1755e-36	1.1755e-36	1.0519e-15	0.00e+00	0.00e+00	1.6448e+01
2.44990e+15	4.2652e+03	5.900e-18	4.6416e+03	8.4176e+02	1.8138e-07	8.3152e-01	1.6848e-01	8.5286e-01	1.4712e-01	1.3182e-05	2.2467e-09	6.9784e-03	9.8494e-01	8.0795e-03	1.1755e-36	8.6336e-01	1.3663e-01	6.5405e-06	1.1755e-36	1.1755e-36	1.1755e-36	1.2007e-15	0.00e+00	0.00e+00	1.6586e+01
2.45542e+15	4.2192e+03	5.755e-18	4.6416e+03	8.2689e+02	2.0264e-07	8.3487e-01	1.6513e-01	8.5430e-01	1.4569e-01	1.3117e-05	2.4017e-09	6.8811e-03	9.8516e-01	7.9547e-03	1.1755e-36	8.6623e-01	1.3376e-01	6.3294e-06	1.1755e-36	1.1755e-36	1.1755e-36	1.3803e-15	0.00e+00	0.00e+00	1.6718e+01
2.46068e+15	4.1783e+03	5.619e-18	4.6416e+03	8.1223e+02	2.2401e-07	8.3781e-01	1.6219e-01	8.5550e-01	1.4449e-01	1.3084e-05	2.5506e-09	6.7832e-03	9.8537e-01	7.8451e-03	1.1755e-36	8.6876e-01	1.3123e-01	6.1415e-06	1.1755e-36	1.1755e-36	1.1755e-36	1.5672e-15	0.00e+00	0.00e+00	1.6843e+01
2.46593e+15	4.1311e+03	5.486e-18	4.6416e+03	7.9798e+02	2.5135e-07	8.4093e-01	1.5907e-01	8.5687e-01	1.4312e-01	1.3020e-05	2.7352e-09	6.6910e-03	9.8558e-01	7.7272e-03	1.1755e-36	8.7144e-01	1.2856e-01	5.9519e-06	1.1755e-36	1.1755e-36	1.1755e-36	1.8168e-15	0.00e+00	0.00e+00	1.6976e+01
2.47108e+15	4.0915e+03	5.359e-18	4.6416e+03	7.8392e+02	2.7765e-07	8.4369e-01	1.5631e-01	8.5799e-01	1.4200e-01	1.2995e-05	2.9091e-09	6.5968e-03	9.8578e-01	7.6241e-03	1.1755e-36	8.7381e-01	1.2619e-01	5.7800e-06	1.1755e-36	1.1755e-36	1.1755e-36	2.0709e-15	0.00e+00	0.00e+00	1.7098e+01
2.47616e+15	4.0451e+03	5.236e-18	4.6416e+03	7.7049e+02	3.1180e-07	8.4664e-01	1.5335e-01	8.5930e-01	1.4068e-01	1.2929e-05	3.1289e-09	6.5107e-03	9.8598e-01	7.5121e-03	1.1755e-36	8.7633e-01	1.2366e-01	5.6068e-06	1.1755e-36	1.1755e-36	1.1755e-36	2.4167e-15	0.00e+00	0.00e+00	1.7228e+01
2.48115e+15	4.0045e+03	5.119e-18	4.6416e+03	7.5718e+02	3.4576e-07	8.4926e-01	1.5074e-01	8.6040e-01	1.3959e-01	1.2899e-05	3.3413e-09	6.4225e-03	9.8616e-01	7.4133e-03	1.1755e-36	8.7858e-01	1.2141e-01	5.4491e-06	1.1755e-36	1.1755e-36	1.1755e-36	2.7797e-15	0.00e+00	0.00e+00	1.7346e+01
2.48596e+15	3.9639e+03	5.007e-18	4.6416e+03	7.4466e+02	3.8398e-07	8.5187e-01	1.4813e-01	8.6153e-01	1.3846e-01	1.2856e-05	3.5783e-09	6.3409e-03	9.8634e-01	7.3151e-03	1.1755e-36	8.8080e-01	1.1920e-01	5.2985e-06	1.1755e-36	1.1755e-36	1.1755e-36	3.2146e-15	0.00e+00	0.00e+00	1.7467e+01
###########################
4.97818e+11	6.9232e+03	5.924e-17	4.6416e+03	4.7301e+03	4.6680e-12	5.1656e-02	9.4834e-01	2.3009e-01	7.6982e-01	8.6371e-05	3.2965e-13	1.2709e-02	8.3539e-01	1.5190e-01	1.5050e-06	6.2967e-02	9.3155e-01	5.4829e-03	1.1755e-36	1.1755e-36	1.1755e-36	4.6574e-21	0.00e+00	0.00e+00	1.5076e-03
2.98691e+12	6.9134e+03	5.898e-17	4.6416e+03	4.7162e+03	4.6749e-12	5.1490e-02	9.4851e-01	2.2982e-01	7.7009e-01	8.6517e-05	3.2631e-13	1.2636e-02	8.3528e-01	1.5209e-01	1.5122e-06	6.2770e-02	9.3173e-01	5.4991e-03	1.1755e-36	1.1755e-36	1.1755e-36	4.5795e-21	0.00e+00	0.00e+00	7.5186e-03
1.29433e+13	6.9011e+03	5.856e-17	4.6416e+03	4.7118e+03	4.7140e-12	5.1451e-02	9.4855e-01	2.3051e-01	7.6941e-01	8.6099e-05	3.2595e-13	1.2626e-02	8.3583e-01	1.5154e-01	1.5022e-06	6.2733e-02	9.3179e-01	5.4799e-03	1.1755e-36	1.1755e-36	1.1755e-36	4.5544e-21	0.00e+00	0.00e+00	3.1544e-02
5.27687e+13	6.8522e+03	5.759e-17	4.6416e+03	4.7074e+03	5.0186e-12	5.2034e-02	9.4797e-01	2.3469e-01	7.6522e-01	8.3795e-05	3.3638e-13	1.2755e-02	8.3880e-01	1.4844e-01	1.4390e-06	6.3480e-02	9.3119e-01	5.3295e-03	1.1755e-36	1.1755e-36	1.1755e-36	4.6902e-21	0.00e+00	0.00e+00	1.2874e-01
1.26048e+14	6.6890e+03	5.460e-17	4.6416e+03	4.7089e+03	5.5299e-12	5.1221e-02	9.4878e-01	2.3929e-01	7.6063e-01	8.0816e-05	3.2789e-13	1.2725e-02	8.4249e-01	1.4478e-01	1.3949e-06	6.2588e-02	9.3213e-01	5.2867e-03	1.1755e-36	1.1755e-36	1.1755e-36	4.3726e-21	0.00e+00	0.00e+00	2.5311e-01
2.07725e+14	6.5464e+03	5.218e-17	4.6416e+03	4.7082e+03	6.1740e-12	5.1026e-02	9.4897e-01	2.4477e-01	7.5515e-01	7.7689e-05	3.2790e-13	1.2783e-02	8.4653e-01	1.4069e-01	1.3313e-06	6.2439e-02	9.3240e-01	5.1628e-03	1.1755e-36	1.1755e-36	1.1755e-36	4.2360e-21	0.00e+00	0.00e+00	3.7354e-01
3.00320e+14	6.4527e+03	5.066e-17	4.6416e+03	4.6990e+03	7.0950e-12	5.2445e-02	9.4756e-01	2.5366e-01	7.4626e-01	7.3606e-05	3.5219e-13	1.3084e-02	8.5212e-01	1.3479e-01	1.2143e-06	6.4241e-02	9.3091e-01	4.8470e-03	1.1755e-36	1.1755e-36	1.1755e-36	4.5506e-21	0.00e+00	0.00e+00	5.3446e-01
4.20694e+14	6.3676e+03	4.930e-17	4.6416e+03	4.6804e+03	8.5567e-12	5.5271e-02	9.4473e-01	2.6706e-01	7.3287e-01	6.8337e-05	4.0131e-13	1.3598e-02	8.5968e-01	1.2672e-01	1.0543e-06	6.7763e-02	9.2786e-01	4.3762e-03	1.1755e-36	1.1755e-36	1.1755e-36	5.2857e-21	0.00e+00	0.00e+00	7.5492e-01
5.77179e+14	6.2951e+03	4.829e-17	4.6416e+03	4.6602e+03	1.1142e-11	6.0658e-02	9.3934e-01	2.8821e-01	7.1173e-01	6.1480e-05	5.0528e-13	1.4471e-02	8.7009e-01	1.1543e-01	8.4524e-07	7.4406e-02	9.2188e-01	3.7159e-03	1.1755e-36	1.1755e-36	1.1755e-36	7.0181e-21	0.00e+00	0.00e+00	1.0695e+00
7.49585e+14	6.2592e+03	4.739e-17	4.6416e+03	4.6055e+03	1.4803e-11	6.8169e-02	9.3183e-01	3.1356e-01	6.8639e-01	5.4980e-05	6.6940e-13	1.5503e-02	8.8072e-01	1.0378e-01	6.5083e-07	8.3603e-02	9.1336e-01	3.0359e-03	1.1755e-36	1.1755e-36	1.1755e-36	1.0003e-20	0.00e+00	0.00e+00	1.4050e+00
9.09284e+14	6.2670e+03	4.709e-17	4.6416e+03	4.5447e+03	1.9807e-11	7.8263e-02	9.2174e-01	3.4245e-01	6.5750e-01	4.9039e-05	9.3528e-13	1.6674e-02	8.9088e-01	9.2447e-02	4.8636e-07	9.5863e-02	9.0172e-01	2.4141e-03	1.1755e-36	1.1755e-36	1.1755e-36	1.5437e-20	0.00e+00	0.00e+00	1.7525e+00
1.06253e+15	6.3020e+03	4.708e-17	4.6416e+03	4.4704e+03	2.7285e-11	9.2020e-02	9.0798e-01	3.7638e-01	6.2358e-01	4.3363e-05	1.3903e-12	1.7969e-02	9.0090e-01	8.1129e-02	3.4829e-07	1.1245e-01	8.8570e-01	1.8505e-03	1.1755e-36	1.1755e-36	1.1755e-36	2.5969e-20	0.00e+00	0.00e+00	2.1706e+00
1.21651e+15	6.3648e+03	4.705e-17	4.6416e+03	4.3637e+03	3.9072e-11	1.1117e-01	8.8883e-01	4.1643e-01	5.8354e-01	3.7920e-05	2.2162e-12	1.9318e-02	9.1073e-01	6.9956e-02	2.3692e-07	1.3532e-01	8.6333e-01	1.3529e-03	1.1755e-36	1.1755e-36	1.1755e-36	4.8027e-20	0.00e+00	0.00e+00	2.6690e+00
1.36053e+15	6.4443e+03	4.686e-17	4.6416e+03	4.2252e+03	5.7654e-11	1.3660e-01	8.6340e-01	4.5981e-01	5.4016e-01	3.3181e-05	3.7038e-12	2.0513e-02	9.1969e-01	5.9800e-02	1.5643e-07	1.6533e-01	8.3371e-01	9.5721e-04	1.1755e-36	1.1755e-36	1.1755e-36	9.4882e-20	0.00e+00	0.00e+00	3.2099e+00
1.48492e+15	6.5229e+03	4.630e-17	4.6416e+03	4.0643e+03	8.5682e-11	1.6761e-01	8.3239e-01	5.0237e-01	4.9760e-01	2.9351e-05	6.2182e-12	2.1364e-02	9.2734e-01	5.1299e-02	1.1755e-36	2.0141e-01	7.9792e-01	6.7323e-04	1.1755e-36	1.1755e-36	1.1755e-36	1.8922e-19	0.00e+00	0.00e+00	3.7684e+00
1.59077e+15	6.5853e+03	4.519e-17	4.6416e+03	3.8833e+03	1.2721e-10	2.0331e-01	7.9669e-01	5.4219e-01	4.5778e-01	2.6290e-05	1.0240e-11	2.1791e-02	9.3384e-01	4.4365e-02	1.1755e-36	2.4228e-01	7.5724e-01	4.7693e-04	1.1755e-36	1.1755e-36	1.1755e-36	3.6830e-19	0.00e+00	0.00e+00	4.3525e+00
1.68184e+15	6.6283e+03	4.348e-17	4.6416e+03	3.6846e+03	1.8763e-10	2.4292e-01	7.5708e-01	5.7904e-01	4.2094e-01	2.3790e-05	1.6412e-11	2.1823e-02	9.3945e-01	3.8728e-02	1.1755e-36	2.8683e-01	7.1283e-01	3.4183e-04	1.1755e-36	1.1755e-36	1.1755e-36	6.9168e-19	0.00e+00	0.00e+00	4.9514e+00
1.75510e+15	6.6480e+03	4.144e-17	4.6416e+03	3.4900e+03	2.6688e-10	2.8226e-01	7.1774e-01	6.0922e-01	3.9076e-01	2.2023e-05	2.4651e-11	2.1523e-02	9.4399e-01	3.4487e-02	1.1755e-36	3.3024e-01	6.6950e-01	2.5471e-04	1.1755e-36	1.1755e-36	1.1755e-36	1.1954e-18	0.00e+00	0.00e+00	5.4675e+00
1.80867e+15	6.6470e+03	3.948e-17	4.6416e+03	3.3263e+03	3.5422e-10	3.1560e-01	6.8440e-01	6.3147e-01	3.6851e-01	2.0850e-05	3.3628e-11	2.1094e-02	9.4735e-01	3.1553e-02	1.1755e-36	3.6644e-01	6.3336e-01	2.0236e-04	1.1755e-36	1.1755e-36	1.1755e-36	1.8177e-18	0.00e+00	0.00e+00	5.8815e+00
1.84923e+15	6.6333e+03	3.771e-17	4.6416e+03	3.1908e+03	4.4563e-10	3.4331e-01	6.5669e-01	6.4847e-01	3.5151e-01	1.9999e-05	4.2764e-11	2.0645e-02	9.4994e-01	2.9412e-02	1.1755e-36	3.9609e-01	6.0374e-01	1.6865e-04	1.1755e-36	1.1755e-36	1.1755e-36	2.5133e-18	0.00e+00	0.00e+00	6.2476e+00
1.88457e+15	6.6105e+03	3.597e-17	4.6416e+03	3.0649e+03	5.5060e-10	3.6915e-01	6.3085e-01	6.6332e-01	3.3666e-01	1.9287e-05	5.2886e-11	2.0167e-02	9.5223e-01	2.7601e-02	1.1755e-36	4.2342e-01	5.7644e-01	1.4305e-04	1.1755e-36	1.1755e-36	1.1755e-36	3.3461e-18	0.00e+00	0.00e+00	6.6184e+00
1.91839e+15	6.5884e+03	3.412e-17	4.6416e+03	2.9378e+03	6.7456e-10	3.9504e-01	6.0496e-01	6.7724e-01	3.2274e-01	1.8672e-05	6.4779e-11	1.9625e-02	9.5442e-01	2.5953e-02	1.1755e-36	4.5046e-01	5.4941e-01	1.2169e-04	1.1755e-36	1.1755e-36	1.1755e-36	4.4023e-18	0.00e+00	0.00e+00	7.0049e+00
1.95051e+15	6.5397e+03	3.229e-17	4.6416e+03	2.8121e+03	8.4047e-10	4.2132e-01	5.7868e-01	6.9055e-01	3.0943e-01	1.8084e-05	7.8996e-11	1.9058e-02	9.5653e-01	2.4410e-02	1.1755e-36	4.7762e-01	5.2227e-01	1.0391e-04	1.1755e-36	1.1755e-36	1.1755e-36	5.7534e-18	0.00e+00	0.00e+00	7.3859e+00
1.97974e+15	6.4959e+03	3.052e-17	4.6416e+03	2.6931e+03	1.0259e-09	4.4589e-01	5.5411e-01	7.0230e-01	2.9768e-01	1.7612e-05	9.4455e-11	1.8481e-02	9.5844e-01	2.3082e-02	1.1755e-36	5.0272e-01	4.9719e-01	8.9753e-05	1.1755e-36	1.1755e-36	1.1755e-36	7.3313e-18	0.00e+00	0.00e+00	7.7466e+00
2.00604e+15	6.4487e+03	2.887e-17	4.6416e+03	2.5832e+03	1.2360e-09	4.6865e-01	5.3135e-01	7.1271e-01	2.8728e-01	1.7213e-05	1.1097e-10	1.7921e-02	9.6015e-01	2.1928e-02	1.1755e-36	5.2573e-01	4.7419e-01	7.8472e-05	1.1755e-36	1.1755e-36	1.1755e-36	9.1261e-18	0.00e+00	0.00e+00	8.0899e+00
2.03028e+15	6.3929e+03	2.733e-17	4.6416e+03	2.4829e+03	1.4879e-09	4.9060e-01	5.0940e-01	7.2245e-01	2.7753e-01	1.6821e-05	1.2948e-10	1.7398e-02	9.6174e-01	2.0859e-02	1.1755e-36	5.4769e-01	4.5224e-01	6.9062e-05	1.1755e-36	1.1755e-36	1.1755e-36	1.1266e-17	0.00e+00	0.00e+00	8.4277e+00
2.05367e+15	6.3373e+03	2.579e-17	4.6416e+03	2.3810e+03	1.7791e-09	5.1169e-01	4.8831e-01	7.3143e-01	2.6856e-01	1.6507e-05	1.4948e-10	1.6842e-02	9.6327e-01	1.9891e-02	1.1755e-36	5.6860e-01	4.3134e-01	6.1014e-05	1.1755e-36	1.1755e-36	1.1755e-36	1.3708e-17	0.00e+00	0.00e+00	8.7767e+00
2.07617e+15	6.2785e+03	2.430e-17	4.6416e+03	2.2824e+03	2.1221e-09	5.3211e-01	4.6789e-01	7.3984e-01	2.6014e-01	1.6228e-05	1.7147e-10	1.6289e-02	9.6472e-01	1.8996e-02	1.1755e-36	5.8866e-01	4.1129e-01	5.4111e-05	1.1755e-36	1.1755e-36	1.1755e-36	1.6546e-17	0.00e+00	0.00e+00	9.1158e+00
2.09396e+15	6.2336e+03	2.316e-17	4.6416e+03	2.2041e+03	2.4268e-09	5.4762e-01	4.5238e-01	7.4591e-01	2.5408e-01	1.6067e-05	1.8976e-10	1.5835e-02	9.6580e-01	1.8364e-02	1.1755e-36	6.0376e-01	3.9619e-01	4.9385e-05	1.1755e-36	1.1755e-36	1.1755e-36	1.9026e-17	0.00e+00	0.00e+00	9.3378e+00
2.10659e+15	6.1949e+03	2.234e-17	4.6416e+03	2.1488e+03	2.6913e-09	5.5904e-01	4.4096e-01	7.5035e-01	2.4964e-01	1.5938e-05	2.0461e-10	1.5513e-02	9.6659e-01	1.7894e-02	1.1755e-36	6.1484e-01	3.8511e-01	4.6158e-05	1.1755e-36	1.1755e-36	1.1755e-36	2.1117e-17	0.00e+00	0.00e+00	9.5250e+00
2.11863e+15	6.1550e+03	2.155e-17	4.6416e+03	2.0955e+03	2.9842e-09	5.7022e-01	4.2978e-01	7.5479e-01	2.4519e-01	1.5794e-05	2.2042e-10	1.5200e-02	9.6737e-01	1.7435e-02	1.1755e-36	6.2561e-01	3.7435e-01	4.3177e-05	1.1755e-36	1.1755e-36	1.1755e-36	2.3404e-17	0.00e+00	0.00e+00	9.7365e+00
2.13207e+15	6.1066e+03	2.067e-17	4.6416e+03	2.0352e+03	3.3604e-09	5.8263e-01	4.1737e-01	7.5965e-01	2.4033e-01	1.5644e-05	2.3925e-10	1.4841e-02	9.6822e-01	1.6934e-02	1.1755e-36	6.3751e-01	3.6245e-01	4.0070e-05	1.1755e-36	1.1755e-36	1.1755e-36	2.6211e-17	0.00e+00	0.00e+00	9.9794e+00
2.14636e+15	6.0549e+03	1.976e-17	4.6416e+03	1.9727e+03	3.8133e-09	5.9574e-01	4.0426e-01	7.6469e-01	2.3530e-01	1.5494e-05	2.6100e-10	1.4465e-02	9.6912e-01	1.6419e-02	1.1755e-36	6.5002e-01	3.4994e-01	3.7013e-05	1.1755e-36	1.1755e-36	1.1755e-36	2.9597e-17	0.00e+00	0.00e+00	1.0230e+01
2.16035e+15	5.9996e+03	1.890e-17	4.6416e+03	1.9134e+03	4.3397e-09	6.0870e-01	3.9130e-01	7.6964e-01	2.3034e-01	1.5332e-05	2.8483e-10	1.4105e-02	9.6998e-01	1.5918e-02	1.1755e-36	6.6231e-01	3.3765e-01	3.4219e-05	1.1755e-36	1.1755e-36	1.1755e-36	3.3476e-17	0.00e+00	0.00e+00	1.0473e+01
2.17361e+15	5.9520e+03	1.807e-17	4.6416e+03	1.8544e+03	4.8709e-09	6.2033e-01	3.7967e-01	7.7394e-01	2.2605e-01	1.5240e-05	3.0724e-10	1.3738e-02	9.7078e-01	1.5485e-02	1.1755e-36	6.7329e-01	3.2668e-01	3.1816e-05	1.1755e-36	1.1755e-36	1.1755e-36	3.7241e-17	0.00e+00	0.00e+00	1.0708e+01
2.18682e+15	5.8937e+03	1.727e-17	4.6416e+03	1.7970e+03	5.5401e-09	6.3233e-01	3.6767e-01	7.7839e-01	2.2160e-01	1.5118e-05	3.3294e-10	1.3382e-02	9.7158e-01	1.5037e-02	1.1755e-36	6.8455e-01	3.1542e-01	2.9529e-05	1.1755e-36	1.1755e-36	1.1755e-36	4.1749e-17	0.00e+00	0.00e+00	1.0958e+01
2.20031e+15	5.8324e+03	1.648e-17	4.6416e+03	1.7407e+03	6.3369e-09	6.4462e-01	3.5538e-01	7.8298e-01	2.1700e-01	1.4976e-05	3.6226e-10	1.3030e-02	9.7239e-01	1.4582e-02	1.1755e-36	6.9602e-01	3.0395e-01	2.7337e-05	1.1755e-36	1.1755e-36	1.1755e-36	4.7146e-17	0.00e+00	0.00e+00	1.1213e+01
2.21356e+15	5.7729e+03	1.571e-17	4.6416e+03	1.6843e+03	7.2198e-09	6.5624e-01	3.4376e-01	7.8720e-01	2.1278e-01	1.4874e-05	3.9196e-10	1.2672e-02	9.7316e-01	1.4164e-02	1.1755e-36	7.0682e-01	2.9315e-01	2.5371e-05	1.1755e-36	1.1755e-36	1.1755e-36	5.2858e-17	0.00e+00	0.00e+00	1.1463e+01
2.22659e+15	5.7119e+03	1.498e-17	4.6416e+03	1.6297e+03	8.2378e-09	6.6761e-01	3.3239e-01	7.9134e-01	2.0865e-01	1.4773e-05	4.2391e-10	1.2323e-02	9.7392e-01	1.3759e-02	1.1755e-36	7.1733e-01	2.8264e-01	2.3559e-05	1.1755e-36	1.1755e-36	1.1755e-36	5.9301e-17	0.00e+00	0.00e+00	1.1718e+01
2.23970e+15	5.6484e+03	1.426e-17	4.6416e+03	1.5758e+03	9.4386e-09	6.7895e-01	3.2105e-01	7.9547e-01	2.0452e-01	1.4670e-05	4.5909e-10	1.1975e-02	9.7467e-01	1.3359e-02	1.1755e-36	7.2776e-01	2.7222e-01	2.1855e-05	1.1755e-36	1.1755e-36	1.1755e-36	6.6775e-17	0.00e+00	0.00e+00	1.1980e+01
2.25283e+15	5.5861e+03	1.355e-17	4.6416e+03	1.5210e+03	1.0794e-08	6.8983e-01	3.1017e-01	7.9932e-01	2.0067e-01	1.4605e-05	4.9522e-10	1.1618e-02	9.7540e-01	1.2984e-02	1.1755e-36	7.3771e-01	2.6227e-01	2.0295e-05	1.1755e-36	1.1755e-36	1.1755e-36	7.4849e-17	0.00e+00	0.00e+00	1.2245e+01
2.26460e+15	5.5226e+03	1.296e-17	4.6416e+03	1.4745e+03	1.2296e-08	6.9960e-01	3.0040e-01	8.0281e-01	1.9717e-01	1.4520e-05	5.3181e-10	1.1316e-02	9.7603e-01	1.2652e-02	1.1755e-36	7.4663e-01	2.5335e-01	1.8996e-05	1.1755e-36	1.1755e-36	1.1755e-36	8.3534e-17	0.00e+00	0.00e+00	1.2459e+01
2.27409e+15	5.4709e+03	1.250e-17	4.6416e+03	1.4375e+03	1.3677e-08	7.0737e-01	2.9263e-01	8.0558e-01	1.9440e-01	1.4457e-05	5.6347e-10	1.1074e-02	9.7654e-01	1.2390e-02	1.1755e-36	7.5369e-01	2.4629e-01	1.8007e-05	1.1755e-36	1.1755e-36	1.1755e-36	9.1452e-17	0.00e+00	0.00e+00	1.2636e+01
2.28259e+15	5.4244e+03	1.208e-17	4.6416e+03	1.4040e+03	1.5063e-08	7.1427e-01	2.8573e-01	8.0805e-01	1.9194e-01	1.4406e-05	5.9352e-10	1.0852e-02	9.7699e-01	1.2156e-02	1.1755e-36	7.5993e-01	2.4006e-01	1.7153e-05	1.1755e-36	1.1755e-36	1.1755e-36	9.9301e-17	0.00e+00	0.00e+00	1.2813e+01
2.29142e+15	5.3680e+03	1.166e-17	4.6416e+03	1.3701e+03	1.6857e-08	7.2168e-01	2.7832e-01	8.1083e-01	1.8915e-01	1.4315e-05	6.2976e-10	1.0631e-02	9.7747e-01	1.1902e-02	1.1755e-36	7.6662e-01	2.3336e-01	1.6284e-05	1.1755e-36	1.1755e-36	1.1755e-36	1.0924e-16	0.00e+00	0.00e+00	1.3008e+01
2.30034e+15	5.3207e+03	1.124e-17	4.6416e+03	1.3360e+03	1.8633e-08	7.2859e-01	2.7141e-01	8.1331e-01	1.8668e-01	1.4272e-05	6.6479e-10	1.0404e-02	9.7792e-01	1.1672e-02	1.1755e-36	7.7284e-01	2.2714e-01	1.5479e-05	1.1755e-36	1.1755e-36	1.1755e-36	1.1933e-16	0.00e+00	0.00e+00	1.3192e+01
2.30919e+15	5.2642e+03	1.084e-17	4.6416e+03	1.3022e+03	2.0877e-08	7.3564e-01	2.6436e-01	8.1588e-01	1.8410e-01	1.4208e-05	7.0462e-10	1.0180e-02	9.7838e-01	1.1436e-02	1.1755e-36	7.7916e-01	2.2082e-01	1.4705e-05	1.1755e-36	1.1755e-36	1.1755e-36	1.3151e-16	0.00e+00	0.00e+00	1.3388e+01
2.31794e+15	5.2101e+03	1.046e-17	4.6416e+03	1.2703e+03	2.3329e-08	7.4249e-01	2.5751e-01	8.1839e-01	1.8159e-01	1.4140e-05	7.4717e-10	9.9673e-03	9.7882e-01	1.1210e-02	1.1755e-36	7.8528e-01	2.1470e-01	1.3980e-05	1.1755e-36	1.1755e-36	1.1755e-36	1.4530e-16	0.00e+00	0.00e+00	1.3571e+01
2.32617e+15	5.1635e+03	1.010e-17	4.6416e+03	1.2401e+03	2.5751e-08	7.4861e-01	2.5139e-01	8.2060e-01	1.7939e-01	1.4103e-05	7.8752e-10	9.7641e-03	9.7923e-01	1.1008e-02	1.1755e-36	7.9075e-01	2.0924e-01	1.3338e-05	1.1755e-36	1.1755e-36	1.1755e-36	1.5911e-16	0.00e+00	0.00e+00	1.3747e+01
2.33444e+15	5.1035e+03	9.757e-18	4.6416e+03	1.2104e+03	2.9042e-08	7.5517e-01	2.4483e-01	8.2310e-01	1.7689e-01	1.4015e-05	8.3781e-10	9.5683e-03	9.7964e-01	1.0792e-02	1.1755e-36	7.9658e-01	2.0341e-01	1.2699e-05	1.1755e-36	1.1755e-36	1.1755e-36	1.7751e-16	0.00e+00	0.00e+00	1.3936e+01
2.34247e+15	5.0589e+03	9.430e-18	4.6416e+03	1.1815e+03	3.1976e-08	7.6080e-01	2.3920e-01	8.2506e-01	1.7492e-01	1.4000e-05	8.8170e-10	9.3708e-03	9.8002e-01	1.0611e-02	1.1755e-36	8.0157e-01	1.9842e-01	1.2141e-05	1.1755e-36	1.1755e-36	1.1755e-36	1.9457e-16	0.00e+00	0.00e+00	1.4104e+01
2.35034e+15	5.0026e+03	9.116e-18	4.6416e+03	1.1535e+03	3.5870e-08	7.6669e-01	2.3331e-01	8.2729e-01	1.7270e-01	1.3937e-05	9.3549e-10	9.1835e-03	9.8040e-01	1.0419e-02	1.1755e-36	8.0679e-01	1.9320e-01	1.1593e-05	1.1755e-36	1.1755e-36	1.1755e-36	2.1690e-16	0.00e+00	0.00e+00	1.4288e+01
2.35822e+15	4.9478e+03	8.816e-18	4.6416e+03	1.1268e+03	4.0177e-08	7.7249e-01	2.2751e-01	8.2949e-01	1.7050e-01	1.3869e-05	9.9377e-10	9.0051e-03	9.8078e-01	1.0212e-02	1.1755e-36	8.1191e-01	1.8808e-01	1.1073e-05	1.1755e-36	1.1755e-36	1.1755e-36	2.4143e-16	0.00e+00	0.00e+00	1.4459e+01
2.36552e+15	4.8981e+03	8.543e-18	4.6416e+03	1.1017e+03	4.4566e-08	7.7761e-01	2.2239e-01	8.3137e-01	1.6862e-01	1.3830e-05	1.0488e-09	8.8348e-03	9.8114e-01	1.0029e-02	1.1755e-36	8.1642e-01	1.8357e-01	1.0620e-05	1.1755e-36	1.1755e-36	1.1755e-36	2.6606e-16	0.00e+00	0.00e+00	1.4620e+01
2.37263e+15	4.8490e+03	8.282e-18	4.6416e+03	1.0777e+03	4.9441e-08	7.8260e-01	2.1740e-01	8.3326e-01	1.6673e-01	1.3782e-05	1.1079e-09	8.6730e-03	9.8148e-01	9.8492e-03	1.1755e-36	8.2081e-01	1.7918e-01	1.0190e-05	1.1755e-36	1.1755e-36	1.1755e-36	2.9408e-16	0.00e+00	0.00e+00	1.4784e+01
2.37984e+15	4.7965e+03	8.024e-18	4.6416e+03	1.0536e+03	5.5238e-08	7.8764e-01	2.1236e-01	8.3518e-01	1.6480e-01	1.3729e-05	1.1740e-09	8.5111e-03	9.8182e-01	9.6678e-03	1.1755e-36	8.2521e-01	1.7478e-01	9.7721e-06	1.1755e-36	1.1755e-36	1.1755e-36	3.2749e-16	0.00e+00	0.00e+00	1.4952e+01
2.38692e+15	4.7424e+03	7.781e-18	4.6416e+03	1.0307e+03	6.1928e-08	7.9256e-01	2.0744e-01	8.3710e-01	1.6288e-01	1.3666e-05	1.2465e-09	8.3573e-03	9.8215e-01	9.4887e-03	1.1755e-36	8.2954e-01	1.7045e-01	9.3746e-06	1.1755e-36	1.1755e-36	1.1755e-36	3.6667e-16	0.00e+00	0.00e+00	1.5112e+01
2.39358e+15	4.6986e+03	7.556e-18	4.6416e+03	1.0090e+03	6.8195e-08	7.9684e-01	2.0316e-01	8.3869e-01	1.6130e-01	1.3643e-05	1.3122e-09	8.2087e-03	9.8246e-01	9.3354e-03	1.1755e-36	8.3329e-01	1.6670e-01	9.0266e-06	1.1755e-36	1.1755e-36	1.1755e-36	4.0451e-16	0.00e+00	0.00e+00	1.5262e+01
2.40027e+15	4.6452e+03	7.333e-18	4.6416e+03	9.8727e+02	7.6465e-08	8.0136e-01	1.9864e-01	8.4046e-01	1.5953e-01	1.3589e-05	1.3926e-09	8.0628e-03	9.8277e-01	9.1701e-03	1.1755e-36	8.3723e-01	1.6276e-01	8.6794e-06	1.1755e-36	1.1755e-36	1.1755e-36	4.5412e-16	0.00e+00	0.00e+00	1.5426e+01
2.40697e+15	4.5935e+03	7.120e-18	4.6416e+03	9.6681e+02	8.5658e-08	8.0585e-01	1.9415e-01	8.4224e-01	1.5775e-01	1.3525e-05	1.4811e-09	7.9254e-03	9.8307e-01	9.0074e-03	1.1755e-36	8.4113e-01	1.5886e-01	8.3451e-06	1.1755e-36	1.1755e-36	1.1755e-36	5.1241e-16	0.00e+00	0.00e+00	1.5578e+01
2.41320e+15	4.5474e+03	6.926e-18	4.6416e+03	9.4734e+02	9.4911e-08	8.0974e-01	1.9026e-01	8.4374e-01	1.5624e-01	1.3492e-05	1.5645e-09	7.7931e-03	9.8334e-01	8.8655e-03	1.1755e-36	8.4454e-01	1.5545e-01	8.0522e-06	1.1755e-36	1.1755e-36	1.1755e-36	5.7154e-16	0.00e+00	0.00e+00	1.5720e+01
2.41928e+15	4.5017e+03	6.740e-18	4.6416e+03	9.2881e+02	1.0524e-07	8.1361e-01	1.8639e-01	8.4528e-01	1.5471e-01	1.3448e-05	1.6559e-09	7.6675e-03	9.8361e-01	8.7241e-03	1.1755e-36	8.4789e-01	1.5210e-01	7.7711e-06	1.1755e-36	1.1755e-36	1.1755e-36	6.4053e-16	0.00e+00	0.00e+00	1.5867e+01
2.42549e+15	4.4496e+03	6.553e-18	4.6416e+03	9.0989e+02	1.1828e-07	8.1760e-01	1.8240e-01	8.4689e-01	1.5310e-01	1.3390e-05	1.7641e-09	7.5414e-03	9.8388e-01	8.5781e-03	1.1755e-36	8.5133e-01	1.4866e-01	7.4943e-06	1.1755e-36	1.1755e-36	1.1755e-36	7.2872e-16	0.00e+00	0.00e+00	1.6017e+01
2.43148e+15	4.4043e+03	6.381e-18	4.6416e+03	8.9228e+02	1.3131e-07	8.2123e-01	1.7877e-01	8.4833e-01	1.5166e-01	1.3351e-05	1.8704e-09	7.4218e-03	9.8413e-01	8.4453e-03	1.1755e-36	8.5449e-01	1.4551e-01	7.2397e-06	1.1755e-36	1.1755e-36	1.1755e-36	8.2156e-16	0.00e+00	0.00e+00	1.6154e+01
2.43719e+15	4.3596e+03	6.218e-18	4.6416e+03	8.7555e+02	1.4574e-07	8.2471e-01	1.7529e-01	8.4974e-01	1.5025e-01	1.3308e-05	1.9843e-09	7.3089e-03	9.8437e-01	8.3173e-03	1.1755e-36	8.5749e-01	1.4250e-01	7.0023e-06	1.1755e-36	1.1755e-36	1.1755e-36	9.2811e-16	0.00e+00	0.00e+00	1.6293e+01
2.44295e+15	4.3117e+03	6.057e-18	4.6416e+03	8.5887e+02	1.6301e-07	8.2825e-01	1.7175e-01	8.5119e-01	1.4880e-01	1.3256e-05	2.1152e-09	7.1976e-03	9.8461e-01	8.1877e-03	1.1755e-36	8.6052e-01	1.3948e-01	6.7709e-06	1.1755e-36	1.1755e-36	1.1755e-36	1.0602e-15	0.00e+00	0.00e+00	1.6434e+01
2.44858e+15	4.2653e+03	5.906e-18	4.6416e+03	8.4286e+02	1.8195e-07	8.3159e-01	1.6841e-01	8.5257e-01	1.4742e-01	1.3208e-05	2.2538e-09	7.0904e-03	9.8485e-01	8.0641e-03	1.1755e-36	8.6341e-01	1.3659e-01	6.5522e-06	1.1755e-36	1.1755e-36	1.1755e-36	1.2110e-15	0.00e+00	0.00e+00	1.6567e+01
2.45394e+15	4.2246e+03	5.764e-18	4.6416e+03	8.2768e+02	2.0087e-07	8.3462e-01	1.6538e-01	8.5379e-01	1.4620e-01	1.3178e-05	2.3897e-09	6.9874e-03	9.8506e-01	7.9522e-03	1.1755e-36	8.6602e-01	1.3397e-01	6.3532e-06	1.1755e-36	1.1755e-36	1.1755e-36	1.3696e-15	0.00e+00	0.00e+00	1.6695e+01
2.45935e+15	4.1777e+03	5.623e-18	4.6416e+03	8.1227e+02	2.2488e-07	8.3777e-01	1.6223e-01	8.5511e-01	1.4488e-01	1.3132e-05	2.5539e-09	6.8848e-03	9.8528e-01	7.8346e-03	1.1755e-36	8.6873e-01	1.3126e-01	6.1549e-06	1.1755e-36	1.1755e-36	1.1755e-36	1.5768e-15	0.00e+00	0.00e+00	1.6832e+01
2.46475e+15	4.1321e+03	5.487e-18	4.6416e+03	7.9790e+02	2.5165e-07	8.4094e-01	1.5906e-01	8.5647e-01	1.4352e-01	1.3073e-05	2.7373e-09	6.7899e-03	9.8549e-01	7.7177e-03	1.1755e-36	8.7144e-01	1.2855e-01	5.9615e-06	1.1755e-36	1.1755e-36	1.1755e-36	1.8250e-15	0.00e+00	0.00e+00	1.6961e+01
2.46982e+15	4.0924e+03	5.361e-18	4.6416e+03	7.8403e+02	2.7800e-07	8.4370e-01	1.5630e-01	8.5759e-01	1.4239e-01	1.3045e-05	2.9117e-09	6.6963e-03	9.8569e-01	7.6163e-03	1.1755e-36	8.7381e-01	1.2618e-01	5.7902e-06	1.1755e-36	1.1755e-36	1.1755e-36	2.0808e-15	0.00e+00	0.00e+00	1.7082e+01
2.47486e+15	4.0458e+03	5.238e-18	4.6416e+03	7.7054e+02	3.1239e-07	8.4668e-01	1.5332e-01	8.5889e-01	1.4110e-01	1.2982e-05	3.1325e-09	6.6089e-03	9.8588e-01	7.5063e-03	1.1755e-36	8.7635e-01	1.2364e-01	5.6163e-06	1.1755e-36	1.1755e-36	1.1755e-36	2.4305e-15	0.00e+00	0.00e+00	1.7211e+01
2.47980e+15	4.0076e+03	5.121e-18	4.6416e+03	7.5714e+02	3.4470e-07	8.4928e-01	1.5072e-01	8.5991e-01	1.4008e-01	1.2967e-05	3.3368e-09	6.5180e-03	9.8607e-01	7.4126e-03	1.1755e-36	8.7859e-01	1.2140e-01	5.4585e-06	1.1755e-36	1.1755e-36	1.1755e-36	2.7809e-15	0.00e+00	0.00e+00	1.7328e+01
2.48467e+15	3.9628e+03	5.004e-18	4.6416e+03	7.4408e+02	3.8691e-07	8.5216e-01	1.4784e-01	8.6108e-01	1.3890e-01	1.2919e-05	3.5984e-09	6.4335e-03	9.8625e-01	7.3118e-03	1.1755e-36	8.8104e-01	1.1896e-01	5.2967e-06	1.1755e-36	1.1755e-36	1.1755e-36	3.2656e-15	0.00e+00	0.00e+00	1.7453e+01
###########################
4.97818e+11	6.9232e+03	5.924e-17	4.6416e+03	4.7301e+03	4.6680e-12	5.1656e-02	9.4834e-01	2.3009e-01	7.6982e-01	8.6371e-05	3.2965e-13	1.2709e-02	8.3539e-01	1.5190e-01	1.5050e-06	6.2967e-02	9.3155e-01	5.4829e-03	1.1755e-36	1.1755e-36	1.1755e-36	4.6574e-21	0.00e+00	0.00e+00	1.5076e-03
2.98691e+12	6.9134e+03	5.898e-17	4.6416e+03	4.7162e+03	4.6749e-12	5.1490e-02	9.4851e-01	2.2982e-01	7.7009e-01	8.6517e-05	3.2630e-13	1.2636e-02	8.3528e-01	1.5209e-01	1.5122e-06	6.2770e-02	9.3173e-01	5.4991e-03	1.1755e-36	1.1755e-36	1.1755e-36	4.5795e-21	0.00e+00	0.00e+00	7.5186e-03
1.29433e+13	6.9072e+03	5.853e-17	4.6416e+03	4.7118e+03	4.6865e-12	5.1420e-02	9.4858e-01	2.3040e-01	7.6951e-01	8.6162e-05	3.2548e-13	1.2622e-02	8.3576e-01	1.5162e-01	1.5038e-06	6.2694e-02	9.3182e-01	5.4809e-03	1.1755e-36	1.1755e-36	1.1755e-36	4.5489e-21	0.00e+00	0.00e+00	3.1530e-02
5.27687e+13	6.8522e+03	5.759e-17	4.6416e+03	4.7074e+03	5.0183e-12	5.2034e-02	9.4797e-01	2.3469e-01	7.6523e-01	8.3795e-05	3.3637e-13	1.2755e-02	8.3880e-01	1.4844e-01	1.4391e-06	6.3479e-02	9.3119e-01	5.3297e-03	1.1755e-36	1.1755e-36	1.1755e-36	4.6900e-21	0.00e+00	0.00e+00	1.2872e-01
1.26048e+14	6.6890e+03	5.460e-17	4.6416e+03	4.7091e+03	5.5307e-12	5.1223e-02	9.4878e-01	2.3929e-01	7.6063e-01	8.0810e-05	3.2793e-13	1.2724e-02	8.4250e-01	1.4478e-01	1.3948e-06	6.2590e-02	9.3212e-01	5.2864e-03	1.1755e-36	1.1755e-36	1.1755e-36	4.3735e-21	0.00e+00	0.00e+00	2.5310e-01
2.07693e+14	6.5464e+03	5.218e-17	4.6416e+03	4.7082e+03	6.1736e-12	5.1024e-02	9.4898e-01	2.4476e-01	7.5516e-01	7.7691e-05	3.2787e-13	1.2783e-02	8.4652e-01	1.4069e-01	1.3314e-06	6.2437e-02	9.3240e-01	5.1631e-03	1.1755e-36	1.1755e-36	1.1755e-36	4.2355e-21	0.00e+00	0.00e+00	3.7343e-01
3.00215e+14	6.4528e+03	5.067e-17	4.6416e+03	4.6991e+03	7.0936e-12	5.2441e-02	9.4756e-01	2.5365e-01	7.4628e-01	7.3612e-05	3.5213e-13	1.3083e-02	8.5211e-01	1.3480e-01	1.2145e-06	6.4236e-02	9.3092e-01	4.8476e-03	1.1755e-36	1.1755e-36	1.1755e-36	4.5497e-21	0.00e+00	0.00e+00	5.3421e-01
4.20493e+14	6.3677e+03	4.930e-17	4.6416e+03	4.6805e+03	8.5535e-12	5.5264e-02	9.4474e-01	2.6703e-01	7.3290e-01	6.8347e-05	4.0119e-13	1.3597e-02	8.5967e-01	1.2673e-01	1.0546e-06	6.7754e-02	9.2787e-01	4.3771e-03	1.1755e-36	1.1755e-36	1.1755e-36	5.2838e-21	0.00e+00	0.00e+00	7.5447e-01
5.76855e+14	6.2951e+03	4.829e-17	4.6416e+03	4.6603e+03	1.1136e-11	6.0644e-02	9.3936e-01	2.8816e-01	7.1178e-01	6.1495e-05	5.0498e-13	1.4469e-02	8.7007e-01	1.1546e-01	8.4569e-07	7.4388e-02	9.2189e-01	3.7174e-03	1.1755e-36	1.1755e-36	1.1755e-36	7.0129e-21	0.00e+00	0.00e+00	1.0687e+00
7.49211e+14	6.2593e+03	4.739e-17	4.6416e+03	4.6056e+03	1.4793e-11	6.8148e-02	9.3185e-01	3.1349e-01	6.8645e-01	5.4994e-05	6.6890e-13	1.5500e-02	8.8069e-01	1.0380e-01	6.5126e-07	8.3577e-02	9.1339e-01	3.0374e-03	1.1755e-36	1.1755e-36	1.1755e-36	9.9934e-21	0.00e+00	0.00e+00	1.4042e+00
9.08952e+14	6.2669e+03	4.709e-17	4.6416e+03	4.5448e+03	1.9794e-11	7.8236e-02	9.2176e-01	3.4238e-01	6.5757e-01	4.9051e-05	9.3451e-13	1.6672e-02	8.9086e-01	9.2472e-02	4.8670e-07	9.5831e-02	9.0175e-01	2.4154e-03	1.1755e-36	1.1755e-36	1.1755e-36	1.5420e-20	0.00e+00	0.00e+00	1.7517e+00
1.06225e+15	6.3019e+03	4.708e-17	4.6416e+03	4.4706e+03	2.7267e-11	9.1989e-02	9.0801e-01	3.7631e-01	6.2365e-01	4.3373e-05	1.3891e-12	1.7967e-02	9.0088e-01	8.1150e-02	3.4853e-07	1.1241e-01	8.8574e-01	1.8516e-03	1.1755e-36	1.1755e-36	1.1755e-36	2.5940e-20	0.00e+00	0.00e+00	2.1698e+00
1.21627e+15	6.3647e+03	4.705e-17	4.6416e+03	4.3639e+03	3.9046e-11	1.1113e-01	8.8887e-01	4.1635e-01	5.8361e-01	3.7928e-05	2.2143e-12	1.9316e-02	9.1071e-01	6.9974e-02	2.3708e-07	1.3527e-01	8.6338e-01	1.3537e-03	1.1755e-36	1.1755e-36	1.1755e-36	4.7971e-20	0.00e+00	0.00e+00	2.6681e+00
1.36032e+15	6.4441e+03	4.686e-17	4.6416e+03	4.2255e+03	5.7614e-11	1.3655e-01	8.6345e-01	4.5973e-01	5.4023e-01	3.3188e-05	3.7004e-12	2.0511e-02	9.1967e-01	5.9816e-02	1.5654e-07	1.6528e-01	8.3377e-01	9.5779e-04	1.1755e-36	1.1755e-36	1.1755e-36	9.4767e-20	0.00e+00	0.00e+00	3.2089e+00
1.48473e+15	6.5228e+03	4.631e-17	4.6416e+03	4.0646e+03	8.5619e-11	1.6755e-01	8.3245e-01	5.0229e-01	4.9768e-01	2.9357e-05	6.2124e-12	2.1363e-02	9.2732e-01	5.1313e-02	1.1755e-36	2.0134e-01	7.9799e-01	6.7365e-04	1.1755e-36	1.1755e-36	1.1755e-36	1.8898e-19	0.00e+00	0.00e+00	3.7673e+00
1.59060e+15	6.5852e+03	4.520e-17	4.6416e+03	3.8837e+03	1.2711e-10	2.0323e-01	7.9677e-01	5.4212e-01	4.5785e-01	2.6295e-05	1.0231e-11	2.1790e-02	9.3383e-01	4.4377e-02	1.1755e-36	2.4220e-01	7.5733e-01	4.7724e-04	1.1755e-36	1.1755e-36	1.1755e-36	3.6783e-19	0.00e+00	0.00e+00	4.3513e+00
1.68171e+15	6.6282e+03	4.348e-17	4.6416e+03	3.6850e+03	1.8750e-10	2.4285e-01	7.5715e-01	5.7898e-01	4.2100e-01	2.3793e-05	1.6399e-11	2.1823e-02	9.3944e-01	3.8737e-02	1.1755e-36	2.8674e-01	7.1291e-01	3.4203e-04	1.1755e-36	1.1755e-36	1.1755e-36	6.9089e-19	0.00e+00	0.00e+00	4.9504e+00
1.75501e+15	6.6479e+03	4.144e-17	4.6416e+03	3.4903e+03	2.6674e-10	2.8219e-01	7.1781e-01	6.0918e-01	3.9080e-01	2.2026e-05	2.4636e-11	2.1524e-02	9.4398e-01	3.4493e-02	1.1755e-36	3.3018e-01	6.6957e-01	2.5482e-04	1.1755e-36	1.1755e-36	1.1755e-36	1.1944e-18	0.00e+00	0.00e+00	5.4668e+00
1.80862e+15	6.6470e+03	3.949e-17	4.6416e+03	3.3266e+03	3.5408e-10	3.1556e-01	6.8444e-01	6.3144e-01	3.6854e-01	2.0851e-05	3.3614e-11	2.1095e-02	9.4735e-01	3.1556e-02	1.1755e-36	3.6639e-01	6.3341e-01	2.0242e-04	1.1755e-36	1.1755e-36	1.1755e-36	1.8166e-18	0.00e+00	0.00e+00	5.8809e+00
1.84920e+15	6.6333e+03	3.772e-17	4.6416e+03	3.1910e+03	4.4547e-10	3.4327e-01	6.5673e-01	6.4845e-01	3.5153e-01	2.0000e-05	4.2748e-11	2.0646e-02	9.4994e-01	2.9415e-02	1.1755e-36	3.9605e-01	6.0378e-01	1.6870e-04	1.1755e-36	1.1755e-36	1.1755e-36	2.5120e-18	0.00e+00	0.00e+00	6.2470e+00
1.88453e+15	6.6106e+03	3.597e-17	4.6416e+03	3.0651e+03	5.5040e-10	3.6910e-01	6.3090e-01	6.6330e-01	3.3668e-01	1.9288e-05	5.2867e-11	2.0168e-02	9.5223e-01	2.7604e-02	1.1755e-36	4.2337e-01	5.7649e-01	1.4309e-04	1.1755e-36	1.1755e-36	1.1755e-36	3.3444e-18	0.00e+00	0.00e+00	6.6178e+00
1.91836e+15	6.5884e+03	3.412e-17	4.6416e+03	2.9380e+03	6.7430e-10	3.9499e-01	6.0501e-01	6.7722e-01	3.2276e-01	1.8672e-05	6.4756e-11	1.9626e-02	9.5442e-01	2.5956e-02	1.1755e-36	4.5042e-01	5.4946e-01	1.2172e-04	1.1755e-36	1.1755e-36	1.1755e-36	4.4002e-18	0.00e+00	0.00e+00	7.0042e+00
1.95048e+15	6.5398e+03	3.230e-17	4.6416e+03	2.8123e+03	8.4017e-10	4.2127e-01	5.7873e-01	6.9053e-01	3.0945e-01	1.8085e-05	7.8970e-11	1.9059e-02	9.5653e-01	2.4412e-02	1.1755e-36	4.7758e-01	5.2232e-01	1.0393e-04	1.1755e-36	1.1755e-36	1.1755e-36	5.7508e-18	0.00e+00	0.00e+00	7.3853e+00
1.97972e+15	6.4959e+03	3.052e-17	4.6416e+03	2.6933e+03	1.0255e-09	4.4585e-01	5.5415e-01	7.0228e-01	2.9770e-01	1.7612e-05	9.4427e-11	1.8482e-02	9.5843e-01	2.3084e-02	1.1755e-36	5.0268e-01	4.9723e-01	8.9773e-05	1.1755e-36	1.1755e-36	1.1755e-36	7.3283e-18	0.00e+00	0.00e+00	7.7460e+00
2.00602e+15	6.4488e+03	2.887e-17	4.6416e+03	2.5834e+03	1.2357e-09	4.6862e-01	5.3138e-01	7.1269e-01	2.8729e-01	1.7213e-05	1.1094e-10	1.7922e-02	9.6015e-01	2.1929e-02	1.1755e-36	5.2569e-01	4.7423e-01	7.8488e-05	1.1755e-36	1.1755e-36	1.1755e-36	9.1227e-18	0.00e+00	0.00e+00	8.0893e+00
2.03027e+15	6.3930e+03	2.733e-17	4.6416e+03	2.4831e+03	1.4875e-09	4.9056e-01	5.0944e-01	7.2244e-01	2.7755e-01	1.6822e-05	1.2945e-10	1.7399e-02	9.6174e-01	2.0860e-02	1.1755e-36	5.4766e-01	4.5227e-01	6.9076e-05	1.1755e-36	1.1755e-36	1.1755e-36	1.1262e-17	0.00e+00	0.00e+00	8.4272e+00
2.05365e+15	6.3374e+03	2.579e-17	4.6416e+03	2.3812e+03	1.7785e-09	5.1165e-01	4.8835e-01	7.3141e-01	2.6857e-01	1.6507e-05	1.4945e-10	1.6843e-02	9.6326e-01	1.9892e-02	1.1755e-36	5.6856e-01	4.3137e-01	6.1026e-05	1.1755e-36	1.1755e-36	1.1755e-36	1.3703e-17	0.00e+00	0.00e+00	8.7761e+00
2.07616e+15	6.2786e+03	2.431e-17	4.6416e+03	2.2826e+03	2.1215e-09	5.3207e-01	4.6793e-01	7.3983e-01	2.6016e-01	1.6228e-05	1.7143e-10	1.6290e-02	9.6471e-01	1.8998e-02	1.1755e-36	5.8862e-01	4.1132e-01	5.4121e-05	1.1755e-36	1.1755e-36	1.1755e-36	1.6541e-17	0.00e+00	0.00e+00	9.1152e+00
2.09395e+15	6.2337e+03	2.316e-17	4.6416e+03	2.2042e+03	2.4260e-09	5.4759e-01	4.5241e-01	7.4590e-01	2.5409e-01	1.6067e-05	1.8971e-10	1.5836e-02	9.6580e-01	1.8365e-02	1.1755e-36	6.0373e-01	3.9622e-01	4.9394e-05	1.1755e-36	1.1755e-36	1.1755e-36	1.9020e-17	0.00e+00	0.00e+00	9.3373e+00
2.10658e+15	6.1950e+03	2.234e-17	4.6416e+03	2.1489e+03	2.6905e-09	5.5901e-01	4.4099e-01	7.5034e-01	2.4965e-01	1.5938e-05	2.0456e-10	1.5514e-02	9.6659e-01	1.7895e-02	1.1755e-36	6.1481e-01	3.8515e-01	4.6166e-05	1.1755e-36	1.1755e-36	1.1755e-36	2.1110e-17	0.00e+00	0.00e+00	9.5245e+00
2.11862e+15	6.1551e+03	2.155e-17	4.6416e+03	2.0957e+03	2.9832e-09	5.7019e-01	4.2981e-01	7.5478e-01	2.4520e-01	1.5794e-05	2.2037e-10	1.5201e-02	9.6736e-01	1.7436e-02	1.1755e-36	6.2558e-01	3.7438e-01	4.3185e-05	1.1755e-36	1.1755e-36	1.1755e-36	2.3396e-17	0.00e+00	0.00e+00	9.7359e+00
2.13206e+15	6.1067e+03	2.068e-17	4.6416e+03	2.0354e+03	3.3594e-09	5.8260e-01	4.1740e-01	7.5964e-01	2.4034e-01	1.5645e-05	2.3920e-10	1.4842e-02	9.6822e-01	1.6936e-02	1.1755e-36	6.3748e-01	3.6248e-01	4.0078e-05	1.1755e-36	1.1755e-36	1.1755e-36	2.6203e-17	0.00e+00	0.00e+00	9.9788e+00
2.14635e+15	6.0550e+03	1.977e-17	4.6416e+03	1.9729e+03	3.8120e-09	5.9571e-01	4.0429e-01	7.6468e-01	2.3531e-01	1.5494e-05	2.6094e-10	1.4466e-02	9.6911e-01	1.6420e-02	1.1755e-36	6.4999e-01	3.4997e-01	3.7020e-05	1.1755e-36	1.1755e-36	1.1755e-36	2.9587e-17	0.00e+00	0.00e+00	1.0229e+01
2.16033e+15	5.9998e+03	1.890e-17	4.6416e+03	1.9136e+03	4.3383e-09	6.0867e-01	3.9133e-01	7.6963e-01	2.3035e-01	1.5332e-05	2.8477e-10	1.4106e-02	9.6998e-01	1.5919e-02	1.1755e-36	6.6228e-01	3.3768e-01	3.4226e-05	1.1755e-36	1.1755e-36	1.1755e-36	3.3466e-17	0.00e+00	0.00e+00	1.0472e+01
2.17360e+15	5.9522e+03	1.807e-17	4.6416e+03	1.8545e+03	4.8692e-09	6.2030e-01	3.7970e-01	7.7393e-01	2.2606e-01	1.5240e-05	3.0717e-10	1.3739e-02	9.7078e-01	1.5486e-02	1.1755e-36	6.7326e-01	3.2671e-01	3.1822e-05	1.1755e-36	1.1755e-36	1.1755e-36	3.7229e-17	0.00e+00	0.00e+00	1.0707e+01
2.18681e+15	5.8938e+03	1.727e-17	4.6416e+03	1.7972e+03	5.5382e-09	6.3230e-01	3.6770e-01	7.7838e-01	2.2161e-01	1.5118e-05	3.3287e-10	1.3383e-02	9.7158e-01	1.5038e-02	1.1755e-36	6.8452e-01	3.1545e-01	2.9534e-05	1.1755e-36	1.1755e-36	1.1755e-36	4.1736e-17	0.00e+00	0.00e+00	1.0957e+01
2.20029e+15	5.8326e+03	1.648e-17	4.6416e+03	1.7408e+03	6.3348e-09	6.4459e-01	3.5541e-01	7.8297e-01	2.1701e-01	1.4976e-05	3.6218e-10	1.3031e-02	9.7239e-01	1.4583e-02	1.1755e-36	6.9600e-01	3.0398e-01	2.7342e-05	1.1755e-36	1.1755e-36	1.1755e-36	4.7131e-17	0.00e+00	0.00e+00	1.1212e+01
2.21355e+15	5.7730e+03	1.571e-17	4.6416e+03	1.6845e+03	7.2173e-09	6.5621e-01	3.4379e-01	7.8719e-01	2.1279e-01	1.4874e-05	3.9188e-10	1.2673e-02	9.7316e-01	1.4165e-02	1.1755e-36	7.0680e-01	2.9318e-01	2.5375e-05	1.1755e-36	1.1755e-36	1.1755e-36	5.2841e-17	0.00e+00	0.00e+00	1.1462e+01
2.22658e+15	5.7120e+03	1.498e-17	4.6416e+03	1.6298e+03	8.2348e-09	6.6758e-01	3.3242e-01	7.9133e-01	2.0866e-01	1.4773e-05	4.2382e-10	1.2324e-02	9.7392e-01	1.3760e-02	1.1755e-36	7.1731e-01	2.8267e-01	2.3563e-05	1.1755e-36	1.1755e-36	1.1755e-36	5.9281e-17	0.00e+00	0.00e+00	1.1718e+01
2.23968e+15	5.6485e+03	1.426e-17	4.6416e+03	1.5759e+03	9.4351e-09	6.7892e-01	3.2108e-01	7.9546e-01	2.0453e-01	1.4670e-05	4.5899e-10	1.1976e-02	9.7466e-01	1.3360e-02	1.1755e-36	7.2774e-01	2.7224e-01	2.1859e-05	1.1755e-36	1.1755e-36	1.1755e-36	6.6752e-17	0.00e+00	0.00e+00	1.1980e+01
2.25282e+15	5.5862e+03	1.355e-17	4.6416e+03	1.5211e+03	1.0790e-08	6.8980e-01	3.1020e-01	7.9931e-01	2.0068e-01	1.4605e-05	4.9512e-10	1.1619e-02	9.7540e-01	1.2985e-02	1.1755e-36	7.3769e-01	2.6229e-01	2.0299e-05	1.1755e-36	1.1755e-36	1.1755e-36	7.4824e-17	0.00e+00	0.00e+00	1.2244e+01
2.26459e+15	5.5227e+03	1.296e-17	4.6416e+03	1.4746e+03	1.2292e-08	6.9957e-01	3.0043e-01	8.0281e-01	1.9718e-01	1.4520e-05	5.3170e-10	1.1317e-02	9.7603e-01	1.2653e-02	1.1755e-36	7.4661e-01	2.5337e-01	1.9000e-05	1.1755e-36	1.1755e-36	1.1755e-36	8.3506e-17	0.00e+00	0.00e+00	1.2458e+01
2.27408e+15	5.4711e+03	1.250e-17	4.6416e+03	1.4377e+03	1.3672e-08	7.0734e-01	2.9266e-01	8.0557e-01	1.9441e-01	1.4457e-05	5.6335e-10	1.1075e-02	9.7653e-01	1.2390e-02	1.1755e-36	7.5367e-01	2.4631e-01	1.8010e-05	1.1755e-36	1.1755e-36	1.1755e-36	9.1420e-17	0.00e+00	0.00e+00	1.2636e+01
2.28258e+15	5.4246e+03	1.208e-17	4.6416e+03	1.4042e+03	1.5057e-08	7.1424e-01	2.8576e-01	8.0804e-01	1.9195e-01	1.4406e-05	5.9340e-10	1.0853e-02	9.7699e-01	1.2157e-02	1.1755e-36	7.5990e-01	2.4008e-01	1.7156e-05	1.1755e-36	1.1755e-36	1.1755e-36	9.9269e-17	0.00e+00	0.00e+00	1.2813e+01
2.29141e+15	5.3681e+03	1.166e-17	4.6416e+03	1.3702e+03	1.6850e-08	7.2166e-01	2.7834e-01	8.1083e-01	1.8916e-01	1.4315e-05	6.2963e-10	1.0632e-02	9.7746e-01	1.1903e-02	1.1755e-36	7.6660e-01	2.3339e-01	1.6287e-05	1.1755e-36	1.1755e-36	1.1755e-36	1.0920e-16	0.00e+00	0.00e+00	1.3007e+01
2.30033e+15	5.3207e+03	1.124e-17	4.6416e+03	1.3361e+03	1.8630e-08	7.2857e-01	2.7143e-01	8.1330e-01	1.8668e-01	1.4271e-05	6.6468e-10	1.0405e-02	9.7792e-01	1.1672e-02	1.1755e-36	7.7282e-01	2.2716e-01	1.5482e-05	1.1755e-36	1.1755e-36	1.1755e-36	1.1930e-16	0.00e+00	0.00e+00	1.3192e+01
2.30917e+15	5.2645e+03	1.084e-17	4.6416e+03	1.3023e+03	2.0866e-08	7.3561e-01	2.6439e-01	8.1587e-01	1.8411e-01	1.4208e-05	7.0443e-10	1.0181e-02	9.7838e-01	1.1437e-02	1.1755e-36	7.7913e-01	2.2085e-01	1.4708e-05	1.1755e-36	1.1755e-36	1.1755e-36	1.3145e-16	0.00e+00	0.00e+00	1.3387e+01
2.31792e+15	5.2104e+03	1.046e-17	4.6416e+03	1.2704e+03	2.3316e-08	7.4245e-01	2.5755e-01	8.1838e-01	1.8160e-01	1.4140e-05	7.4695e-10	9.9684e-03	9.7882e-01	1.1211e-02	1.1755e-36	7.8525e-01	2.1473e-01	1.3983e-05	1.1755e-36	1.1755e-36	1.1755e-36	1.4523e-16	0.00e+00	0.00e+00	1.3570e+01
2.32615e+15	5.1635e+03	1.010e-17	4.6416e+03	1.2402e+03	2.5748e-08	7.4858e-01	2.5142e-01	8.2059e-01	1.7939e-01	1.4102e-05	7.8739e-10	9.7649e-03	9.7923e-01	1.1009e-02	1.1755e-36	7.9073e-01	2.0926e-01	1.3340e-05	1.1755e-36	1.1755e-36	1.1755e-36	1.5906e-16	0.00e+00	0.00e+00	1.3747e+01
2.33442e+15	5.1037e+03	9.758e-18	4.6416e+03	1.2106e+03	2.9025e-08	7.5513e-01	2.4487e-01	8.2308e-01	1.7690e-01	1.4016e-05	8.3750e-10	9.5692e-03	9.7964e-01	1.0793e-02	1.1755e-36	7.9654e-01	2.0344e-01	1.2703e-05	1.1755e-36	1.1755e-36	1.1755e-36	1.7740e-16	0.00e+00	0.00e+00	1.3935e+01
2.34244e+15	5.0593e+03	9.432e-18	4.6416e+03	1.1817e+03	3.1947e-08	7.6076e-01	2.3924e-01	8.2505e-01	1.7494e-01	1.4001e-05	8.8131e-10	9.3720e-03	9.8002e-01	1.0612e-02	1.1755e-36	8.0153e-01	1.9845e-01	1.2145e-05	1.1755e-36	1.1755e-36	1.1755e-36	1.9441e-16	0.00e+00	0.00e+00	1.4103e+01
2.35032e+15	5.0027e+03	9.117e-18	4.6416e+03	1.1536e+03	3.5855e-08	7.6667e-01	2.3333e-01	8.2728e-01	1.7270e-01	1.3937e-05	9.3526e-10	9.1843e-03	9.8040e-01	1.0419e-02	1.1755e-36	8.0677e-01	1.9322e-01	1.1595e-05	1.1755e-36	1.1755e-36	1.1755e-36	2.1680e-16	0.00e+00	0.00e+00	1.4288e+01
2.35822e+15	4.9478e+03	8.817e-18	4.6416e+03	1.1269e+03	4.0168e-08	7.7248e-01	2.2752e-01	8.2948e-01	1.7050e-01	1.3868e-05	9.9364e-10	9.0057e-03	9.8078e-01	1.0212e-02	1.1755e-36	8.1190e-01	1.8809e-01	1.1074e-05	1.1755e-36	1.1755e-36	1.1755e-36	2.4138e-16	0.00e+00	0.00e+00	1.4459e+01
2.36552e+15	4.8984e+03	8.544e-18	4.6416e+03	1.1017e+03	4.4546e-08	7.7758e-01	2.2242e-01	8.3136e-01	1.6863e-01	1.3830e-05	1.0485e-09	8.8354e-03	9.8113e-01	1.0030e-02	1.1755e-36	8.1640e-01	1.8359e-01	1.0622e-05	1.1755e-36	1.1755e-36	1.1755e-36	2.6594e-16	0.00e+00	0.00e+00	1.4619e+01
2.37262e+15	4.8494e+03	8.283e-18	4.6416e+03	1.0778e+03	4.9407e-08	7.8257e-01	2.1743e-01	8.3325e-01	1.6674e-01	1.3783e-05	1.1075e-09	8.6737e-03	9.8148e-01	9.8501e-03	1.1755e-36	8.2078e-01	1.7921e-01	1.0192e-05	1.1755e-36	1.1755e-36	1.1755e-36	2.9390e-16	0.00e+00	0.00e+00	1.4783e+01
2.37983e+15	4.7961e+03	8.025e-18	4.6416e+03	1.0536e+03	5.5262e-08	7.8763e-01	2.1237e-01	8.3519e-01	1.6480e-01	1.3728e-05	1.1740e-09	8.5114e-03	9.8182e-01	9.6680e-03	1.1755e-36	8.2521e-01	1.7478e-01	9.7732e-06	1.1755e-36	1.1755e-36	1.1755e-36	3.2750e-16	0.00e+00	0.00e+00	1.4951e+01
2.38691e+15	4.7430e+03	7.782e-18	4.6416e+03	1.0308e+03	6.1854e-08	7.9252e-01	2.0748e-01	8.3708e-01	1.6291e-01	1.3668e-05	1.2457e-09	8.3577e-03	9.8215e-01	9.4904e-03	1.1755e-36	8.2951e-01	1.7048e-01	9.3775e-06	1.1755e-36	1.1755e-36	1.1755e-36	3.6620e-16	0.00e+00	0.00e+00	1.5111e+01
2.39357e+15	4.6984e+03	7.557e-18	4.6416e+03	1.0091e+03	6.8208e-08	7.9683e-01	2.0317e-01	8.3869e-01	1.6130e-01	1.3641e-05	1.3122e-09	8.2096e-03	9.8245e-01	9.3358e-03	1.1755e-36	8.3328e-01	1.6671e-01	9.0283e-06	1.1755e-36	1.1755e-36	1.1755e-36	4.0452e-16	0.00e+00	0.00e+00	1.5262e+01
2.40025e+15	4.6456e+03	7.335e-18	4.6416e+03	9.8739e+02	7.6401e-08	8.0132e-01	1.9868e-01	8.4044e-01	1.5954e-01	1.3590e-05	1.3919e-09	8.0636e-03	9.8276e-01	9.1715e-03	1.1755e-36	8.3720e-01	1.6279e-01	8.6821e-06	1.1755e-36	1.1755e-36	1.1755e-36	4.5367e-16	0.00e+00	0.00e+00	1.5424e+01
2.40693e+15	4.5940e+03	7.122e-18	4.6416e+03	9.6700e+02	8.5568e-08	8.0580e-01	1.9420e-01	8.4222e-01	1.5776e-01	1.3525e-05	1.4803e-09	7.9267e-03	9.8306e-01	9.0089e-03	1.1755e-36	8.4109e-01	1.5890e-01	8.3481e-06	1.1755e-36	1.1755e-36	1.1755e-36	5.1181e-16	0.00e+00	0.00e+00	1.5576e+01
2.41317e+15	4.5478e+03	6.928e-18	4.6416e+03	9.4749e+02	9.4841e-08	8.0972e-01	1.9028e-01	8.4374e-01	1.5625e-01	1.3491e-05	1.5639e-09	7.7942e-03	9.8334e-01	8.8664e-03	1.1755e-36	8.4452e-01	1.5548e-01	8.0542e-06	1.1755e-36	1.1755e-36	1.1755e-36	5.7109e-16	0.00e+00	0.00e+00	1.5719e+01
2.41926e+15	4.5019e+03	6.741e-18	4.6416e+03	9.2892e+02	1.0520e-07	8.1359e-01	1.8641e-01	8.4527e-01	1.5472e-01	1.3447e-05	1.6555e-09	7.6684e-03	9.8361e-01	8.7248e-03	1.1755e-36	8.4787e-01	1.5212e-01	7.7727e-06	1.1755e-36	1.1755e-36	1.1755e-36	6.4021e-16	0.00e+00	0.00e+00	1.5866e+01
2.42547e+15	4.4502e+03	6.555e-18	4.6416e+03	9.1007e+02	1.1812e-07	8.1757e-01	1.8243e-01	8.4688e-01	1.5311e-01	1.3391e-05	1.7631e-09	7.5426e-03	9.8388e-01	8.5792e-03	1.1755e-36	8.5131e-01	1.4868e-01	7.4961e-06	1.1755e-36	1.1755e-36	1.1755e-36	7.2780e-16	0.00e+00	0.00e+00	1.6016e+01
2.43146e+15	4.4045e+03	6.382e-18	4.6416e+03	8.9241e+02	1.3126e-07	8.2122e-01	1.7878e-01	8.4833e-01	1.5166e-01	1.3350e-05	1.8700e-09	7.4228e-03	9.8413e-01	8.4459e-03	1.1755e-36	8.5447e-01	1.4552e-01	7.2410e-06	1.1755e-36	1.1755e-36	1.1755e-36	8.2121e-16	0.00e+00	0.00e+00	1.6154e+01
2.43717e+15	4.3596e+03	6.219e-18	4.6416e+03	8.7565e+02	1.4572e-07	8.2469e-01	1.7531e-01	8.4973e-01	1.5025e-01	1.3307e-05	1.9840e-09	7.3097e-03	9.8437e-01	8.3179e-03	1.1755e-36	8.5748e-01	1.4252e-01	7.0037e-06	1.1755e-36	1.1755e-36	1.1755e-36	9.2787e-16	0.00e+00	0.00e+00	1.6292e+01
2.44291e+15	4.3117e+03	6.059e-18	4.6416e+03	8.5901e+02	1.6298e-07	8.2821e-01	1.7179e-01	8.5118e-01	1.4881e-01	1.3255e-05	2.1143e-09	7.1989e-03	9.8461e-01	8.1887e-03	1.1755e-36	8.6049e-01	1.3950e-01	6.7729e-06	1.1755e-36	1.1755e-36	1.1755e-36	1.0594e-15	0.00e+00	0.00e+00	1.6432e+01
2.44850e+15	4.2670e+03	5.909e-18	4.6416e+03	8.4307e+02	1.8126e-07	8.3149e-01	1.6851e-01	8.5252e-01	1.4747e-01	1.3213e-05	2.2487e-09	7.0914e-03	9.8484e-01	8.0675e-03	1.1755e-36	8.6333e-01	1.3666e-01	6.5563e-06	1.1755e-36	1.1755e-36	1.1755e-36	1.2053e-15	0.00e+00	0.00e+00	1.6564e+01
2.45392e+15	4.2234e+03	5.765e-18	4.6416e+03	8.2781e+02	2.0133e-07	8.3464e-01	1.6536e-01	8.5382e-01	1.4617e-01	1.3171e-05	2.3926e-09	6.9888e-03	9.8506e-01	7.9508e-03	1.1755e-36	8.6605e-01	1.3395e-01	6.3526e-06	1.1755e-36	1.1755e-36	1.1755e-36	1.3731e-15	0.00e+00	0.00e+00	1.6696e+01
2.45932e+15	4.1772e+03	5.624e-18	4.6416e+03	8.1275e+02	2.2517e-07	8.3783e-01	1.6217e-01	8.5515e-01	1.4483e-01	1.3121e-05	2.5576e-09	6.8891e-03	9.8528e-01	7.8336e-03	1.1755e-36	8.6876e-01	1.3123e-01	6.1555e-06	1.1755e-36	1.1755e-36	1.1755e-36	1.5810e-15	0.00e+00	0.00e+00	1.6829e+01
2.46457e+15	4.1346e+03	5.492e-18	4.6416e+03	7.9832e+02	2.5015e-07	8.4077e-01	1.5923e-01	8.5638e-01	1.4360e-01	1.3082e-05	2.7264e-09	6.7922e-03	9.8548e-01	7.7239e-03	1.1755e-36	8.7131e-01	1.2868e-01	5.9697e-06	1.1755e-36	1.1755e-36	1.1755e-36	1.8101e-15	0.00e+00	0.00e+00	1.6955e+01
2.46968e+15	4.0924e+03	5.365e-18	4.6416e+03	7.8442e+02	2.7791e-07	8.4366e-01	1.5634e-01	8.5759e-01	1.4240e-01	1.3041e-05	2.9106e-09	6.6994e-03	9.8568e-01	7.6174e-03	1.1755e-36	8.7378e-01	1.2621e-01	5.7931e-06	1.1755e-36	1.1755e-36	1.1755e-36	2.0792e-15	0.00e+00	0.00e+00	1.7081e+01
2.47480e+15	4.0473e+03	5.240e-18	4.6416e+03	7.7058e+02	3.1121e-07	8.4659e-01	1.5341e-01	8.5883e-01	1.4116e-01	1.2992e-05	3.1243e-09	6.6086e-03	9.8588e-01	7.5103e-03	1.1755e-36	8.7628e-01	1.2371e-01	5.6205e-06	1.1755e-36	1.1755e-36	1.1755e-36	2.4176e-15	0.00e+00	0.00e+00	1.7208e+01
2.47975e+15	4.0063e+03	5.122e-18	4.6416e+03	7.5724e+02	3.4570e-07	8.4931e-01	1.5069e-01	8.5992e-01	1.4006e-01	1.2962e-05	3.3418e-09	6.5195e-03	9.8607e-01	7.4124e-03	1.1755e-36	8.7861e-01	1.2138e-01	5.4588e-06	1.1755e-36	1.1755e-36	1.1755e-36	2.7903e-15	0.00e+00	0.00e+00	1.7327e+01
2.48455e+15	3.9655e+03	5.007e-18	4.6416e+03	7.4417e+02	3.8433e-07	8.5203e-01	1.4797e-01	8.6097e-01	1.3902e-01	1.2936e-05	3.5821e-09	6.4330e-03	9.8625e-01	7.3188e-03	1.1755e-36	8.8094e-01	1.1905e-01	5.3019e-06	1.1755e-36	1.1755e-36	1.1755e-36	3.2358e-15	0.00e+00	0.00e+00	1.7447e+01
