#depth	Te	Htot	hden	eden	2H_2/H	HI	HII	HeI	HeII	HeIII	CO/C	C1	C2	C3	C4	O1	O2	O3	O4	O5	O6	H2O/O	AV(point)	AV(extend)	Tau912
7.19159e+13	5.5474e+03	2.438e-21	2.7826e+01	2.8095e+01	1.1843e-09	5.9322e-02	9.4068e-01	2.5609e-01	7.4384e-01	7.2733e-05	4.7479e-13	1.3918e-02	8.5258e-01	1.3350e-01	1.1692e-06	7.2652e-02	9.2208e-01	5.2680e-03	1.1755e-36	1.1755e-36	1.1755e-36	7.2921e-21	0.00e+00	0.00e+00	1.4994e-03
4.31495e+14	5.5383e+03	2.426e-21	2.7826e+01	2.7986e+01	1.1881e-09	5.9102e-02	9.4090e-01	2.5566e-01	7.4427e-01	7.2933e-05	4.6906e-13	1.3821e-02	8.5242e-01	1.3376e-01	1.1766e-06	7.2391e-02	9.2232e-01	5.2870e-03	1.1755e-36	1.1755e-36	1.1755e-36	7.1572e-21	0.00e+00	0.00e+00	7.4746e-03
1.86981e+15	5.5160e+03	2.413e-21	2.7826e+01	2.7968e+01	1.2235e-09	5.9199e-02	9.4080e-01	2.5677e-01	7.4316e-01	7.2429e-05	4.7189e-13	1.3803e-02	8.5315e-01	1.3305e-01	1.1656e-06	7.2527e-02	9.2221e-01	5.2617e-03	1.1755e-36	1.1755e-36	1.1755e-36	7.2047e-21	0.00e+00	0.00e+00	3.1415e-02
7.62309e+15	5.4505e+03	2.381e-21	2.7826e+01	2.7930e+01	1.3679e-09	6.0141e-02	9.3986e-01	2.6187e-01	7.3806e-01	7.0318e-05	4.9424e-13	1.3925e-02	8.5614e-01	1.2993e-01	1.1104e-06	7.3731e-02	9.2116e-01	5.1075e-03	1.1755e-36	1.1755e-36	1.1755e-36	7.6516e-21	0.00e+00	0.00e+00	1.2870e-01
1.82091e+16	5.2319e+03	2.288e-21	2.7826e+01	2.7915e+01	1.7756e-09	6.0115e-02	9.3989e-01	2.6933e-01	7.3061e-01	6.6869e-05	5.0665e-13	1.3930e-02	8.6082e-01	1.2525e-01	1.0512e-06	7.3856e-02	9.2112e-01	5.0233e-03	1.1755e-36	1.1755e-36	1.1755e-36	7.8911e-21	0.00e+00	0.00e+00	2.5511e-01
2.84903e+16	5.0393e+03	2.211e-21	2.7826e+01	2.7899e+01	2.2610e-09	6.0099e-02	9.3990e-01	2.7574e-01	7.2420e-01	6.4060e-05	5.2018e-13	1.3952e-02	8.6475e-01	1.2130e-01	1.0015e-06	7.3980e-02	9.2107e-01	4.9464e-03	1.1755e-36	1.1755e-36	1.1755e-36	8.2602e-21	0.00e+00	0.00e+00	3.4589e-01
3.61602e+16	4.9433e+03	2.174e-21	2.7826e+01	2.7868e+01	2.6256e-09	6.0785e-02	9.3921e-01	2.8103e-01	7.1891e-01	6.2106e-05	5.4149e-13	1.4072e-02	8.6765e-01	1.1828e-01	9.5512e-07	7.4900e-02	9.2028e-01	4.8191e-03	1.1755e-36	1.1755e-36	1.1755e-36	8.7876e-21	0.00e+00	0.00e+00	4.1793e-01
4.39160e+16	4.8882e+03	2.153e-21	2.7826e+01	2.7831e+01	2.9910e-09	6.2374e-02	9.3763e-01	2.8781e-01	7.1213e-01	5.9980e-05	5.8194e-13	1.4323e-02	8.7093e-01	1.1474e-01	8.9389e-07	7.6902e-02	9.1849e-01	4.6072e-03	1.1755e-36	1.1755e-36	1.1755e-36	9.7662e-21	0.00e+00	0.00e+00	5.1402e-01
5.39985e+16	4.8354e+03	2.130e-21	2.7826e+01	2.7760e+01	3.4883e-09	6.4724e-02	9.3528e-01	2.9692e-01	7.0302e-01	5.7385e-05	6.4397e-13	1.4683e-02	8.7506e-01	1.1025e-01	8.1709e-07	7.9842e-02	9.1584e-01	4.3217e-03	1.1755e-36	1.1755e-36	1.1755e-36	1.1337e-20	0.00e+00	0.00e+00	6.4366e-01
6.71057e+16	4.7900e+03	2.105e-21	2.7826e+01	2.7649e+01	4.1901e-09	6.8314e-02	9.3169e-01	3.0950e-01	6.9045e-01	5.4187e-05	7.4518e-13	1.5205e-02	8.8031e-01	1.0449e-01	7.2145e-07	8.4301e-02	9.1176e-01	3.9414e-03	1.1755e-36	1.1755e-36	1.1755e-36	1.4061e-20	0.00e+00	0.00e+00	8.2153e-01
8.41451e+16	4.7645e+03	2.074e-21	2.7826e+01	2.7396e+01	5.1598e-09	7.3743e-02	9.2626e-01	3.2667e-01	6.7328e-01	5.0383e-05	9.1238e-13	1.5916e-02	8.8670e-01	9.7382e-02	6.0912e-07	9.0996e-02	9.0555e-01	3.4561e-03	1.1755e-36	1.1755e-36	1.1755e-36	1.8928e-20	0.00e+00	0.00e+00	1.0711e+00
1.05296e+17	4.7668e+03	2.048e-21	2.7826e+01	2.7099e+01	6.5953e-09	8.2314e-02	9.1769e-01	3.5058e-01	6.4937e-01	4.5914e-05	1.2220e-12	1.6935e-02	8.9452e-01	8.8547e-02	4.8196e-07	1.0149e-01	8.9565e-01	2.8695e-03	1.1755e-36	1.1755e-36	1.1755e-36	2.9045e-20	0.00e+00	0.00e+00	1.4044e+00
1.27280e+17	4.8036e+03	2.033e-21	2.7826e+01	2.6736e+01	8.4351e-09	9.3880e-02	9.0612e-01	3.7789e-01	6.2206e-01	4.1794e-05	1.7309e-12	1.8099e-02	9.0222e-01	7.9676e-02	3.6842e-07	1.1552e-01	8.8218e-01	2.3028e-03	1.1755e-36	1.1755e-36	1.1755e-36	4.8369e-20	0.00e+00	0.00e+00	1.7496e+00
1.48521e+17	4.8879e+03	2.017e-21	2.7826e+01	2.6242e+01	1.0501e-08	1.0877e-01	8.9123e-01	4.0837e-01	5.9159e-01	3.7944e-05	2.5557e-12	1.9314e-02	9.0953e-01	7.1157e-02	2.7396e-07	1.3341e-01	8.6480e-01	1.7928e-03	1.1755e-36	1.1755e-36	1.1755e-36	8.4893e-20	0.00e+00	0.00e+00	2.1616e+00
1.64777e+17	4.9954e+03	2.009e-21	2.7826e+01	2.5770e+01	1.2083e-08	1.2322e-01	8.7678e-01	4.3224e-01	5.6772e-01	3.5604e-05	3.5356e-12	2.0207e-02	9.1449e-01	6.5299e-02	2.1584e-07	1.5058e-01	8.4797e-01	1.4507e-03	1.1755e-36	1.1755e-36	1.1755e-36	1.3530e-19	0.00e+00	0.00e+00	2.3988e+00
1.74438e+17	5.0584e+03	2.003e-21	2.7826e+01	2.5453e+01	1.3474e-08	1.3404e-01	8.6596e-01	4.4850e-01	5.5147e-01	3.4089e-05	4.3843e-12	2.0768e-02	9.1771e-01	6.1527e-02	1.8335e-07	1.6336e-01	8.3539e-01	1.2567e-03	1.1755e-36	1.1755e-36	1.1755e-36	1.8346e-19	0.00e+00	0.00e+00	2.5959e+00
1.82675e+17	5.1170e+03	1.992e-21	2.7826e+01	2.5128e+01	1.4801e-08	1.4434e-01	8.5566e-01	4.6331e-01	5.3666e-01	3.2762e-05	5.3013e-12	2.1208e-02	9.2046e-01	5.8331e-02	1.5843e-07	1.7546e-01	8.2344e-01	1.1039e-03	1.1755e-36	1.1755e-36	1.1755e-36	2.3947e-19	0.00e+00	0.00e+00	2.8015e+00
1.91250e+17	5.1612e+03	1.984e-21	2.7826e+01	2.4812e+01	1.6993e-08	1.5714e-01	8.4286e-01	4.8074e-01	5.1923e-01	3.1164e-05	6.6722e-12	2.1709e-02	9.2355e-01	5.4741e-02	1.3374e-07	1.9043e-01	8.0862e-01	9.5278e-04	1.1755e-36	1.1755e-36	1.1755e-36	3.3380e-19	0.00e+00	0.00e+00	3.0512e+00
1.99279e+17	5.2303e+03	1.961e-21	2.7826e+01	2.4331e+01	1.8542e-08	1.6935e-01	8.3065e-01	4.9580e-01	5.0417e-01	3.0039e-05	8.0664e-12	2.1967e-02	9.2604e-01	5.1993e-02	1.1755e-36	2.0458e-01	7.9459e-01	8.3139e-04	1.1755e-36	1.1755e-36	1.1755e-36	4.3452e-19	0.00e+00	0.00e+00	3.2599e+00
2.06981e+17	5.2716e+03	1.940e-21	2.7826e+01	2.3898e+01	2.1248e-08	1.8357e-01	8.1643e-01	5.1248e-01	4.8749e-01	2.8716e-05	1.0065e-11	2.2264e-02	9.2877e-01	4.8961e-02	1.1755e-36	2.2098e-01	7.7830e-01	7.1868e-04	1.1755e-36	1.1755e-36	1.1755e-36	5.9927e-19	0.00e+00	0.00e+00	3.5306e+00
2.14472e+17	5.3182e+03	1.920e-21	2.7826e+01	2.3478e+01	2.4271e-08	1.9911e-01	8.0089e-01	5.2852e-01	4.7146e-01	2.7567e-05	1.2593e-11	2.2515e-02	9.3133e-01	4.6151e-02	1.1755e-36	2.3877e-01	7.6061e-01	6.2021e-04	1.1755e-36	1.1755e-36	1.1755e-36	8.3132e-19	0.00e+00	0.00e+00	3.7611e+00
2.20413e+17	5.3585e+03	1.894e-21	2.7826e+01	2.3043e+01	2.6910e-08	2.1230e-01	7.8770e-01	5.4126e-01	4.5872e-01	2.6747e-05	1.5017e-11	2.2599e-02	9.3332e-01	4.4079e-02	1.1755e-36	2.5375e-01	7.4570e-01	5.4996e-04	1.1755e-36	1.1755e-36	1.1755e-36	1.0744e-18	0.00e+00	0.00e+00	3.9585e+00
2.25757e+17	5.3934e+03	1.866e-21	2.7826e+01	2.2635e+01	2.9741e-08	2.2529e-01	7.7471e-01	5.5348e-01	4.4649e-01	2.5947e-05	1.7754e-11	2.2644e-02	9.3518e-01	4.2172e-02	1.1755e-36	2.6842e-01	7.3109e-01	4.9070e-04	1.1755e-36	1.1755e-36	1.1755e-36	1.3723e-18	0.00e+00	0.00e+00	4.1721e+00
2.31289e+17	5.4099e+03	1.837e-21	2.7826e+01	2.2189e+01	3.4043e-08	2.4033e-01	7.5967e-01	5.6691e-01	4.3306e-01	2.5052e-05	2.1525e-11	2.2663e-02	9.3720e-01	4.0133e-02	1.1755e-36	2.8531e-01	7.1426e-01	4.3366e-04	1.1755e-36	1.1755e-36	1.1755e-36	1.8360e-18	0.00e+00	0.00e+00	4.4115e+00
2.36366e+17	5.4312e+03	1.805e-21	2.7826e+01	2.1754e+01	3.8300e-08	2.5495e-01	7.4505e-01	5.7883e-01	4.2114e-01	2.4335e-05	2.5664e-11	2.2620e-02	9.3900e-01	3.8384e-02	1.1755e-36	3.0160e-01	6.9802e-01	3.8646e-04	1.1755e-36	1.1755e-36	1.1755e-36	2.3947e-18	0.00e+00	0.00e+00	4.6124e+00
2.40626e+17	5.4442e+03	1.775e-21	2.7826e+01	2.1361e+01	4.2672e-08	2.6818e-01	7.3182e-01	5.8917e-01	4.1081e-01	2.3723e-05	2.9970e-11	2.2545e-02	9.4054e-01	3.6912e-02	1.1755e-36	3.1623e-01	6.8342e-01	3.4946e-04	1.1755e-36	1.1755e-36	1.1755e-36	3.0353e-18	0.00e+00	0.00e+00	4.8026e+00
2.44614e+17	5.4522e+03	1.743e-21	2.7826e+01	2.0972e+01	4.7565e-08	2.8133e-01	7.1867e-01	5.9902e-01	4.0096e-01	2.3152e-05	3.4858e-11	2.2440e-02	9.4202e-01	3.5541e-02	1.1755e-36	3.3070e-01	6.6898e-01	3.1713e-04	1.1755e-36	1.1755e-36	1.1755e-36	3.8330e-18	0.00e+00	0.00e+00	4.9973e+00
2.48497e+17	5.4614e+03	1.709e-21	2.7826e+01	2.0572e+01	5.2819e-08	2.9469e-01	7.0531e-01	6.0860e-01	3.9138e-01	2.2622e-05	4.0427e-11	2.2298e-02	9.4346e-01	3.4247e-02	1.1755e-36	3.4531e-01	6.5440e-01	2.8797e-04	1.1755e-36	1.1755e-36	1.1755e-36	4.8204e-18	0.00e+00	0.00e+00	5.1955e+00
2.52336e+17	5.4565e+03	1.673e-21	2.7826e+01	2.0157e+01	5.9776e-08	3.0893e-01	6.9107e-01	6.1847e-01	3.8151e-01	2.2063e-05	4.7428e-11	2.2130e-02	9.4493e-01	3.2944e-02	1.1755e-36	3.6079e-01	6.3895e-01	2.6097e-04	1.1755e-36	1.1755e-36	1.1755e-36	6.2110e-18	0.00e+00	0.00e+00	5.4044e+00
2.55915e+17	5.4487e+03	1.639e-21	2.7826e+01	1.9778e+01	6.7525e-08	3.2305e-01	6.7695e-01	6.2768e-01	3.7230e-01	2.1547e-05	5.5459e-11	2.1968e-02	9.4630e-01	3.1734e-02	1.1755e-36	3.7604e-01	6.2372e-01	2.3752e-04	1.1755e-36	1.1755e-36	1.1755e-36	7.9832e-18	0.00e+00	0.00e+00	5.5922e+00
2.59009e+17	5.4441e+03	1.605e-21	2.7826e+01	1.9409e+01	7.4697e-08	3.3536e-01	6.6464e-01	6.3537e-01	3.6461e-01	2.1161e-05	6.3256e-11	2.1768e-02	9.4747e-01	3.0760e-02	1.1755e-36	3.8924e-01	6.1054e-01	2.1892e-04	1.1755e-36	1.1755e-36	1.1755e-36	9.8616e-18	0.00e+00	0.00e+00	5.7620e+00
2.61951e+17	5.4347e+03	1.571e-21	2.7826e+01	1.9047e+01	8.2889e-08	3.4767e-01	6.5233e-01	6.4297e-01	3.5701e-01	2.0769e-05	7.2207e-11	2.1559e-02	9.4862e-01	2.9817e-02	1.1755e-36	4.0238e-01	5.9742e-01	2.0206e-04	1.1755e-36	1.1755e-36	1.1755e-36	1.2223e-17	0.00e+00	0.00e+00	5.9453e+00
2.64970e+17	5.4214e+03	1.535e-21	2.7826e+01	1.8669e+01	9.2717e-08	3.6079e-01	6.3921e-01	6.5082e-01	3.4916e-01	2.0366e-05	8.3136e-11	2.1327e-02	9.4981e-01	2.8860e-02	1.1755e-36	4.1630e-01	5.8352e-01	1.8585e-04	1.1755e-36	1.1755e-36	1.1755e-36	1.5394e-17	0.00e+00	0.00e+00	6.1379e+00
2.67922e+17	5.4045e+03	1.497e-21	2.7826e+01	1.8284e+01	1.0396e-07	3.7400e-01	6.2600e-01	6.5842e-01	3.4156e-01	1.9988e-05	9.5812e-11	2.1075e-02	9.5098e-01	2.7950e-02	1.1755e-36	4.3023e-01	5.6960e-01	1.7113e-04	1.1755e-36	1.1755e-36	1.1755e-36	1.9466e-17	0.00e+00	0.00e+00	6.3261e+00
2.70679e+17	5.3860e+03	1.461e-21	2.7826e+01	1.7910e+01	1.1607e-07	3.8664e-01	6.1336e-01	6.6546e-01	3.3452e-01	1.9652e-05	1.0973e-10	2.0813e-02	9.5207e-01	2.7122e-02	1.1755e-36	4.4348e-01	5.5636e-01	1.5830e-04	1.1755e-36	1.1755e-36	1.1755e-36	2.4407e-17	0.00e+00	0.00e+00	6.5061e+00
2.73272e+17	5.3661e+03	1.425e-21	2.7826e+01	1.7550e+01	1.2922e-07	3.9887e-01	6.0113e-01	6.7209e-01	3.2789e-01	1.9340e-05	1.2519e-10	2.0549e-02	9.5310e-01	2.6352e-02	1.1755e-36	4.5623e-01	5.4362e-01	1.4694e-04	1.1755e-36	1.1755e-36	1.1755e-36	3.0447e-17	0.00e+00	0.00e+00	6.6840e+00
2.75789e+17	5.3434e+03	1.390e-21	2.7826e+01	1.7194e+01	1.4409e-07	4.1109e-01	5.8891e-01	6.7858e-01	3.2140e-01	1.9036e-05	1.4302e-10	2.0279e-02	9.5411e-01	2.5610e-02	1.1755e-36	4.6890e-01	5.3096e-01	1.3651e-04	1.1755e-36	1.1755e-36	1.1755e-36	3.8126e-17	0.00e+00	0.00e+00	6.8642e+00
2.78246e+17	5.3175e+03	1.354e-21	2.7826e+01	1.6840e+01	1.6104e-07	4.2331e-01	5.7669e-01	6.8491e-01	3.1507e-01	1.8742e-05	1.6370e-10	2.0002e-02	9.5510e-01	2.4896e-02	1.1755e-36	4.8151e-01	5.1836e-01	1.2695e-04	1.1755e-36	1.1755e-36	1.1755e-36	4.7981e-17	0.00e+00	0.00e+00	7.0441e+00
2.80604e+17	5.2896e+03	1.319e-21	2.7826e+01	1.6491e+01	1.7991e-07	4.3526e-01	5.6474e-01	6.9094e-01	3.0904e-01	1.8468e-05	1.8716e-10	1.9719e-02	9.5606e-01	2.4225e-02	1.1755e-36	4.9377e-01	5.0611e-01	1.1832e-04	1.1755e-36	1.1755e-36	1.1755e-36	6.0359e-17	0.00e+00	0.00e+00	7.2197e+00
2.82847e+17	5.2608e+03	1.285e-21	2.7826e+01	1.6153e+01	2.0051e-07	4.4682e-01	5.5318e-01	6.9663e-01	3.0335e-01	1.8216e-05	2.1340e-10	1.9437e-02	9.5697e-01	2.3598e-02	1.1755e-36	5.0557e-01	4.9432e-01	1.1059e-04	1.1755e-36	1.1755e-36	1.1755e-36	7.5664e-17	0.00e+00	0.00e+00	7.3917e+00
2.85009e+17	5.2305e+03	1.251e-21	2.7826e+01	1.5822e+01	2.2333e-07	4.5816e-01	5.4184e-01	7.0211e-01	2.9787e-01	1.7975e-05	2.4322e-10	1.9155e-02	9.5784e-01	2.3001e-02	1.1755e-36	5.1708e-01	4.8282e-01	1.0353e-04	1.1755e-36	1.1755e-36	1.1755e-36	9.4872e-17	0.00e+00	0.00e+00	7.5633e+00
2.87118e+17	5.1985e+03	1.218e-21	2.7826e+01	1.5496e+01	2.4901e-07	4.6941e-01	5.3059e-01	7.0746e-01	2.9252e-01	1.7741e-05	2.7761e-10	1.8871e-02	9.5870e-01	2.2426e-02	1.1755e-36	5.2845e-01	4.7145e-01	9.7012e-05	1.1755e-36	1.1755e-36	1.1755e-36	1.1937e-16	0.00e+00	0.00e+00	7.7354e+00
2.89173e+17	5.1642e+03	1.185e-21	2.7826e+01	1.5175e+01	2.7803e-07	4.8054e-01	5.1946e-01	7.1265e-01	2.8734e-01	1.7517e-05	3.1739e-10	1.8585e-02	9.5954e-01	2.1873e-02	1.1755e-36	5.3963e-01	4.6027e-01	9.1005e-05	1.1755e-36	1.1755e-36	1.1755e-36	1.5079e-16	0.00e+00	0.00e+00	7.9062e+00
2.91153e+17	5.1282e+03	1.153e-21	2.7826e+01	1.4860e+01	3.1042e-07	4.9139e-01	5.0861e-01	7.1761e-01	2.8237e-01	1.7305e-05	3.6286e-10	1.8300e-02	9.6035e-01	2.1350e-02	1.1755e-36	5.5049e-01	4.4942e-01	8.5530e-05	1.1755e-36	1.1755e-36	1.1755e-36	1.9067e-16	0.00e+00	0.00e+00	8.0735e+00
2.93051e+17	5.0916e+03	1.122e-21	2.7826e+01	1.4554e+01	3.4597e-07	5.0187e-01	4.9813e-01	7.2233e-01	2.7765e-01	1.7107e-05	4.1415e-10	1.8019e-02	9.6112e-01	2.0858e-02	1.1755e-36	5.6094e-01	4.3898e-01	8.0561e-05	1.1755e-36	1.1755e-36	1.1755e-36	2.4054e-16	0.00e+00	0.00e+00	8.2373e+00
2.94884e+17	5.0544e+03	1.092e-21	2.7826e+01	1.4257e+01	3.8518e-07	5.1210e-01	4.8790e-01	7.2686e-01	2.7312e-01	1.6919e-05	4.7246e-10	1.7741e-02	9.6187e-01	2.0389e-02	1.1755e-36	5.7108e-01	4.2885e-01	7.5997e-05	1.1755e-36	1.1755e-36	1.1755e-36	3.0332e-16	0.00e+00	0.00e+00	8.4000e+00
2.96676e+17	5.0164e+03	1.063e-21	2.7826e+01	1.3965e+01	4.2893e-07	5.2219e-01	4.7781e-01	7.3128e-01	2.6870e-01	1.6737e-05	5.3958e-10	1.7465e-02	9.6260e-01	1.9936e-02	1.1755e-36	5.8103e-01	4.1890e-01	7.1748e-05	1.1755e-36	1.1755e-36	1.1755e-36	3.8337e-16	0.00e+00	0.00e+00	8.5629e+00
2.98434e+17	4.9766e+03	1.034e-21	2.7826e+01	1.3677e+01	4.7821e-07	5.3218e-01	4.6782e-01	7.3560e-01	2.6438e-01	1.6559e-05	6.1100e-10	1.7190e-02	9.6332e-01	1.9491e-02	1.1755e-36	5.9085e-01	4.0908e-01	6.7780e-05	1.1755e-36	1.1755e-36	1.1755e-36	4.7760e-16	0.00e+00	0.00e+00	8.7257e+00
3.00150e+17	4.9339e+03	1.006e-21	2.7826e+01	1.3394e+01	5.3464e-07	5.4204e-01	4.5796e-01	7.3983e-01	2.6016e-01	1.6382e-05	6.8754e-10	1.6918e-02	9.6403e-01	1.9054e-02	1.1755e-36	6.0050e-01	3.9943e-01	6.4095e-05	1.1755e-36	1.1755e-36	1.1755e-36	5.8925e-16	0.00e+00	0.00e+00	8.8866e+00
3.01795e+17	4.8896e+03	9.789e-22	2.7826e+01	1.3119e+01	5.9777e-07	5.5154e-01	4.4846e-01	7.4384e-01	2.5614e-01	1.6216e-05	7.7224e-10	1.6651e-02	9.6471e-01	1.8641e-02	1.1755e-36	6.0977e-01	3.9017e-01	6.0741e-05	1.1755e-36	1.1755e-36	1.1755e-36	7.2552e-16	0.00e+00	0.00e+00	9.0417e+00
3.03353e+17	4.8470e+03	9.533e-22	2.7826e+01	1.2855e+01	6.6503e-07	5.6051e-01	4.3949e-01	7.4756e-01	2.5242e-01	1.6069e-05	8.6270e-10	1.6391e-02	9.6535e-01	1.8259e-02	1.1755e-36	6.1848e-01	3.8147e-01	5.7724e-05	1.1755e-36	1.1755e-36	1.1755e-36	8.8519e-16	0.00e+00	0.00e+00	9.1910e+00
3.04860e+17	4.8095e+03	9.282e-22	2.7826e+01	1.2599e+01	7.3285e-07	5.6899e-01	4.3101e-01	7.5109e-01	2.4889e-01	1.5938e-05	9.5716e-10	1.6134e-02	9.6596e-01	1.7906e-02	1.1755e-36	6.2668e-01	3.7327e-01	5.4947e-05	1.1755e-36	1.1755e-36	1.1755e-36	1.0656e-15	0.00e+00	0.00e+00	9.3408e+00
3.06419e+17	4.7632e+03	9.026e-22	2.7826e+01	1.2334e+01	8.1999e-07	5.7807e-01	4.2193e-01	7.5482e-01	2.4517e-01	1.5791e-05	1.0746e-09	1.5869e-02	9.6661e-01	1.7526e-02	1.1755e-36	6.3543e-01	3.6452e-01	5.2158e-05	1.1755e-36	1.1755e-36	1.1755e-36	1.3129e-15	0.00e+00	0.00e+00	9.5053e+00
3.07991e+17	4.7165e+03	8.772e-22	2.7826e+01	1.2070e+01	9.1808e-07	5.8718e-01	4.1282e-01	7.5850e-01	2.4148e-01	1.5646e-05	1.2078e-09	1.5604e-02	9.6724e-01	1.7154e-02	1.1755e-36	6.4417e-01	3.5579e-01	4.9499e-05	1.1755e-36	1.1755e-36	1.1755e-36	1.6215e-15	0.00e+00	0.00e+00	9.6625e+00
3.09466e+17	4.6696e+03	8.535e-22	2.7826e+01	1.1822e+01	1.0255e-06	5.9579e-01	4.0421e-01	7.6196e-01	2.3803e-01	1.5509e-05	1.3522e-09	1.5354e-02	9.6784e-01	1.6807e-02	1.1755e-36	6.5240e-01	3.4755e-01	4.7110e-05	1.1755e-36	1.1755e-36	1.1755e-36	1.9902e-15	0.00e+00	0.00e+00	9.8118e+00
3.10860e+17	4.6179e+03	8.316e-22	2.7826e+01	1.1588e+01	1.1514e-06	6.0416e-01	3.9584e-01	7.6535e-01	2.3463e-01	1.5357e-05	1.5161e-09	1.5121e-02	9.6841e-01	1.6468e-02	1.1755e-36	6.6039e-01	3.3956e-01	4.4925e-05	1.1755e-36	1.1755e-36	1.1755e-36	2.4531e-15	0.00e+00	0.00e+00	9.9563e+00
3.12163e+17	4.5793e+03	8.108e-22	2.7826e+01	1.1371e+01	1.2635e-06	6.1157e-01	3.8843e-01	7.6827e-01	2.3172e-01	1.5252e-05	1.6708e-09	1.4896e-02	9.6892e-01	1.6179e-02	1.1755e-36	6.6743e-01	3.3253e-01	4.3001e-05	1.1755e-36	1.1755e-36	1.1755e-36	2.9241e-15	0.00e+00	0.00e+00	1.0090e+01
3.13488e+17	4.5312e+03	7.897e-22	2.7826e+01	1.1144e+01	1.4075e-06	6.1937e-01	3.8063e-01	7.7139e-01	2.2859e-01	1.5125e-05	1.8605e-09	1.4664e-02	9.6947e-01	1.5869e-02	1.1755e-36	6.7480e-01	3.2516e-01	4.1089e-05	1.1755e-36	1.1755e-36	1.1755e-36	3.5588e-15	0.00e+00	0.00e+00	1.0243e+01
3.14875e+17	4.4797e+03	7.683e-22	2.7826e+01	1.0915e+01	1.5787e-06	6.2762e-01	3.7238e-01	7.7471e-01	2.2528e-01	1.4979e-05	2.0869e-09	1.4432e-02	9.7002e-01	1.5546e-02	1.1755e-36	6.8259e-01	3.1737e-01	3.9162e-05	1.1755e-36	1.1755e-36	1.1755e-36	4.3884e-15	0.00e+00	0.00e+00	1.0394e+01
3.16194e+17	4.4330e+03	7.478e-22	2.7826e+01	1.0690e+01	1.7511e-06	6.3509e-01	3.6491e-01	7.7755e-01	2.2243e-01	1.4882e-05	2.3143e-09	1.4197e-02	9.7054e-01	1.5264e-02	1.1755e-36	6.8961e-01	3.1035e-01	3.7460e-05	1.1755e-36	1.1755e-36	1.1755e-36	5.3036e-15	0.00e+00	0.00e+00	1.0535e+01
3.17469e+17	4.3814e+03	7.286e-22	2.7826e+01	1.0482e+01	1.9567e-06	6.4274e-01	3.5726e-01	7.8063e-01	2.1935e-01	1.4739e-05	2.5817e-09	1.3987e-02	9.7105e-01	1.4967e-02	1.1755e-36	6.9679e-01	3.0318e-01	3.5814e-05	1.1755e-36	1.1755e-36	1.1755e-36	6.4789e-15	0.00e+00	0.00e+00	1.0680e+01
3.18723e+17	4.3317e+03	7.097e-22	2.7826e+01	1.0271e+01	2.1748e-06	6.5000e-01	3.4999e-01	7.8346e-01	2.1653e-01	1.4626e-05	2.8634e-09	1.3770e-02	9.7154e-01	1.4693e-02	1.1755e-36	7.0358e-01	2.9639e-01	3.4296e-05	1.1755e-36	1.1755e-36	1.1755e-36	7.8353e-15	0.00e+00	0.00e+00	1.0820e+01
3.19944e+17	4.2822e+03	6.914e-22	2.7826e+01	1.0068e+01	2.4124e-06	6.5709e-01	3.4291e-01	7.8622e-01	2.1376e-01	1.4512e-05	3.1687e-09	1.3561e-02	9.7201e-01	1.4426e-02	1.1755e-36	7.1018e-01	2.8979e-01	3.2865e-05	1.1755e-36	1.1755e-36	1.1755e-36	9.4361e-15	0.00e+00	0.00e+00	1.0961e+01
3.21173e+17	4.2313e+03	6.733e-22	2.7826e+01	9.8652e+00	2.6785e-06	6.6420e-01	3.3580e-01	7.8900e-01	2.1098e-01	1.4396e-05	3.5085e-09	1.3352e-02	9.7249e-01	1.4159e-02	1.1755e-36	7.1679e-01	2.8318e-01	3.1478e-05	1.1755e-36	1.1755e-36	1.1755e-36	1.1374e-14	0.00e+00	0.00e+00	1.1105e+01
3.22415e+17	4.1733e+03	6.554e-22	2.7826e+01	9.6578e+00	3.0009e-06	6.7151e-01	3.2848e-01	7.9189e-01	2.0810e-01	1.4265e-05	3.9048e-09	1.3143e-02	9.7297e-01	1.3885e-02	1.1755e-36	7.2357e-01	2.7640e-01	3.0124e-05	1.1755e-36	1.1755e-36	1.1755e-36	1.3855e-14	0.00e+00	0.00e+00	1.1252e+01
3.23618e+17	4.1258e+03	6.380e-22	2.7826e+01	9.4613e+00	3.3001e-06	6.7821e-01	3.2178e-01	7.9442e-01	2.0557e-01	1.4173e-05	4.2858e-09	1.2937e-02	9.7342e-01	1.3642e-02	1.1755e-36	7.2975e-01	2.7022e-01	2.8890e-05	1.1755e-36	1.1755e-36	1.1755e-36	1.6427e-14	0.00e+00	0.00e+00	1.1391e+01
3.24838e+17	4.0657e+03	6.206e-22	2.7826e+01	9.2529e+00	3.6852e-06	6.8523e-01	3.1477e-01	7.9718e-01	2.0281e-01	1.4054e-05	4.7424e-09	1.2725e-02	9.7389e-01	1.3381e-02	1.1755e-36	7.3623e-01	2.6374e-01	2.7668e-05	1.1755e-36	1.1755e-36	1.1755e-36	1.9800e-14	0.00e+00	0.00e+00	1.1545e+01
3.26090e+17	4.0085e+03	6.033e-22	2.7826e+01	9.0535e+00	4.0938e-06	6.9242e-01	3.0757e-01	7.9998e-01	2.0001e-01	1.3928e-05	5.2379e-09	1.2523e-02	9.7436e-01	1.3119e-02	1.1755e-36	7.4283e-01	2.5714e-01	2.6455e-05	1.1755e-36	1.1755e-36	1.1755e-36	2.3745e-14	0.00e+00	0.00e+00	1.1694e+01
3.27315e+17	3.9506e+03	5.865e-22	2.7826e+01	8.8545e+00	4.5292e-06	6.9935e-01	3.0065e-01	8.0267e-01	1.9731e-01	1.3811e-05	5.7520e-09	1.2320e-02	9.7481e-01	1.2868e-02	1.1755e-36	7.4918e-01	2.5080e-01	2.5322e-05	1.1755e-36	1.1755e-36	1.1755e-36	2.8178e-14	0.00e+00	0.00e+00	1.1844e+01
###########################
7.19159e+13	5.5486e+03	2.438e-21	2.7826e+01	2.8095e+01	1.1817e-09	5.9309e-02	9.4069e-01	2.5606e-01	7.4386e-01	7.2745e-05	4.7413e-13	1.3721e-02	8.5272e-01	1.3355e-01	1.1713e-06	7.2635e-02	9.2210e-01	5.2691e-03	1.1755e-36	1.1755e-36	1.1755e-36	7.2781e-21	0.00e+00	0.00e+00	1.4990e-03
4.31495e+14	5.5397e+03	2.426e-21	2.7826e+01	2.7987e+01	1.1848e-09	5.9085e-02	9.4092e-01	2.5563e-01	7.4430e-01	7.2948e-05	4.6834e-13	1.3633e-02	8.5255e-01	1.3381e-01	1.1783e-06	7.2369e-02	9.2234e-01	5.2887e-03	1.1755e-36	1.1755e-36	1.1755e-36	7.1417e-21	0.00e+00	0.00e+00	7.4725e-03
1.86981e+15	5.5181e+03	2.413e-21	2.7826e+01	2.7970e+01	1.2189e-09	5.9173e-02	9.4083e-01	2.5673e-01	7.4320e-01	7.2446e-05	4.7105e-13	1.3639e-02	8.5326e-01	1.3310e-01	1.1665e-06	7.2493e-02	9.2224e-01	5.2642e-03	1.1755e-36	1.1755e-36	1.1755e-36	7.1859e-21	0.00e+00	0.00e+00	3.1402e-02
7.62309e+15	5.4536e+03	2.381e-21	2.7826e+01	2.7931e+01	1.3600e-09	6.0092e-02	9.3991e-01	2.6180e-01	7.3813e-01	7.0348e-05	4.9293e-13	1.3795e-02	8.5623e-01	1.2997e-01	1.1112e-06	7.3669e-02	9.2122e-01	5.1125e-03	1.1755e-36	1.1755e-36	1.1755e-36	7.6203e-21	0.00e+00	0.00e+00	1.2861e-01
1.82091e+16	5.2337e+03	2.288e-21	2.7826e+01	2.7916e+01	1.7684e-09	6.0078e-02	9.3992e-01	2.6928e-01	7.3066e-01	6.6886e-05	5.0565e-13	1.3848e-02	8.6094e-01	1.2521e-01	1.0509e-06	7.3810e-02	9.2116e-01	5.0280e-03	1.1755e-36	1.1755e-36	1.1755e-36	7.8643e-21	0.00e+00	0.00e+00	2.5494e-01
2.84656e+16	5.0399e+03	2.211e-21	2.7826e+01	2.7900e+01	2.2551e-09	6.0064e-02	9.3994e-01	2.7568e-01	7.2426e-01	6.4076e-05	5.1927e-13	1.3896e-02	8.6487e-01	1.2123e-01	1.0009e-06	7.3936e-02	9.2111e-01	4.9514e-03	1.1755e-36	1.1755e-36	1.1755e-36	8.2345e-21	0.00e+00	0.00e+00	3.4515e-01
3.60721e+16	4.9440e+03	2.174e-21	2.7826e+01	2.7870e+01	2.6180e-09	6.0740e-02	9.3926e-01	2.8093e-01	7.1901e-01	6.2137e-05	5.4038e-13	1.4027e-02	8.6776e-01	1.1821e-01	9.5476e-07	7.4844e-02	9.2033e-01	4.8253e-03	1.1755e-36	1.1755e-36	1.1755e-36	8.7570e-21	0.00e+00	0.00e+00	4.1630e-01
4.37390e+16	4.8892e+03	2.154e-21	2.7826e+01	2.7833e+01	2.9790e-09	6.2307e-02	9.3769e-01	2.8763e-01	7.1231e-01	6.0032e-05	5.8024e-13	1.4281e-02	8.7101e-01	1.1470e-01	8.9410e-07	7.6819e-02	9.1857e-01	4.6155e-03	1.1755e-36	1.1755e-36	1.1755e-36	9.7196e-21	0.00e+00	0.00e+00	5.1120e-01
5.37060e+16	4.8363e+03	2.130e-21	2.7826e+01	2.7763e+01	3.4713e-09	6.4626e-02	9.3537e-01	2.9663e-01	7.0331e-01	5.7460e-05	6.4135e-13	1.4645e-02	8.7511e-01	1.1025e-01	8.1800e-07	7.9720e-02	9.1595e-01	4.3328e-03	1.1755e-36	1.1755e-36	1.1755e-36	1.1264e-20	0.00e+00	0.00e+00	6.3915e-01
6.66630e+16	4.7904e+03	2.105e-21	2.7826e+01	2.7654e+01	4.1655e-09	6.8160e-02	9.3184e-01	3.0905e-01	6.9089e-01	5.4290e-05	7.4077e-13	1.5170e-02	8.8030e-01	1.0453e-01	7.2324e-07	8.4110e-02	9.1193e-01	3.9564e-03	1.1755e-36	1.1755e-36	1.1755e-36	1.3933e-20	0.00e+00	0.00e+00	8.1458e-01
8.35072e+16	4.7592e+03	2.076e-21	2.7826e+01	2.7407e+01	5.1652e-09	7.3552e-02	9.2645e-01	3.2614e-01	6.7381e-01	5.0483e-05	9.0676e-13	1.5892e-02	8.8670e-01	9.7411e-02	6.1100e-07	9.0765e-02	9.0576e-01	3.4743e-03	1.1755e-36	1.1755e-36	1.1755e-36	1.8768e-20	0.00e+00	0.00e+00	1.0607e+00
1.04578e+17	4.7618e+03	2.049e-21	2.7826e+01	2.7110e+01	6.5875e-09	8.2033e-02	9.1797e-01	3.4992e-01	6.5003e-01	4.6008e-05	1.2119e-12	1.6919e-02	8.9448e-01	8.8596e-02	4.8400e-07	1.0115e-01	8.9597e-01	2.8877e-03	1.1755e-36	1.1755e-36	1.1755e-36	2.8705e-20	0.00e+00	0.00e+00	1.3937e+00
1.26484e+17	4.7995e+03	2.033e-21	2.7826e+01	2.6751e+01	8.3847e-09	9.3405e-02	9.0659e-01	3.7687e-01	6.2309e-01	4.1936e-05	1.7087e-12	1.8088e-02	9.0211e-01	7.9798e-02	3.7104e-07	1.1495e-01	8.8273e-01	2.3227e-03	1.1755e-36	1.1755e-36	1.1755e-36	4.7471e-20	0.00e+00	0.00e+00	1.7336e+00
1.47577e+17	4.8816e+03	2.017e-21	2.7826e+01	2.6265e+01	1.0431e-08	1.0805e-01	8.9195e-01	4.0702e-01	5.9295e-01	3.8097e-05	2.5123e-12	1.9312e-02	9.0937e-01	7.1319e-02	2.7668e-07	1.3254e-01	8.6564e-01	1.8135e-03	1.1755e-36	1.1755e-36	1.1755e-36	8.2837e-20	0.00e+00	0.00e+00	2.1413e+00
1.63788e+17	4.9877e+03	2.009e-21	2.7826e+01	2.5801e+01	1.1994e-08	1.2226e-01	8.7774e-01	4.3068e-01	5.6929e-01	3.5760e-05	3.4655e-12	2.0221e-02	9.1430e-01	6.5478e-02	2.1839e-07	1.4945e-01	8.4908e-01	1.4705e-03	1.1755e-36	1.1755e-36	1.1755e-36	1.3149e-19	0.00e+00	0.00e+00	2.3765e+00
1.73461e+17	5.0502e+03	2.003e-21	2.7826e+01	2.5487e+01	1.3372e-08	1.3295e-01	8.6705e-01	4.4687e-01	5.5310e-01	3.4239e-05	4.2987e-12	2.0795e-02	9.1750e-01	6.1700e-02	1.8561e-07	1.6208e-01	8.3664e-01	1.2747e-03	1.1755e-36	1.1755e-36	1.1755e-36	1.7856e-19	0.00e+00	0.00e+00	2.5727e+00
1.81737e+17	5.1088e+03	1.992e-21	2.7826e+01	2.5165e+01	1.4686e-08	1.4317e-01	8.5683e-01	4.6167e-01	5.3830e-01	3.2902e-05	5.1971e-12	2.1251e-02	9.2026e-01	5.8487e-02	1.6037e-07	1.7409e-01	8.2479e-01	1.1199e-03	1.1755e-36	1.1755e-36	1.1755e-36	2.3300e-19	0.00e+00	0.00e+00	2.7778e+00
1.90369e+17	5.1532e+03	1.985e-21	2.7826e+01	2.4851e+01	1.6860e-08	1.5590e-01	8.4410e-01	4.7913e-01	5.2083e-01	3.1293e-05	6.5429e-12	2.1766e-02	9.2336e-01	5.4872e-02	1.3531e-07	1.8899e-01	8.1005e-01	9.6646e-04	1.1755e-36	1.1755e-36	1.1755e-36	3.2489e-19	0.00e+00	0.00e+00	3.0275e+00
1.98460e+17	5.2204e+03	1.963e-21	2.7826e+01	2.4375e+01	1.8463e-08	1.6813e-01	8.3187e-01	4.9419e-01	5.0578e-01	3.0168e-05	7.9288e-12	2.2050e-02	9.2587e-01	5.2082e-02	1.1755e-36	2.0318e-01	7.9598e-01	8.4277e-04	1.1755e-36	1.1755e-36	1.1755e-36	4.2487e-19	0.00e+00	0.00e+00	3.2363e+00
2.06062e+17	5.2640e+03	1.942e-21	2.7826e+01	2.3951e+01	2.1013e-08	1.8195e-01	8.1805e-01	5.1050e-01	4.8947e-01	2.8875e-05	9.8346e-12	2.2352e-02	9.2853e-01	4.9117e-02	1.1755e-36	2.1913e-01	7.8014e-01	7.3075e-04	1.1755e-36	1.1755e-36	1.1755e-36	5.8021e-19	0.00e+00	0.00e+00	3.4964e+00
2.13484e+17	5.3095e+03	1.923e-21	2.7826e+01	2.3537e+01	2.3975e-08	1.9717e-01	8.0283e-01	5.2646e-01	4.7351e-01	2.7712e-05	1.2273e-11	2.2615e-02	9.3107e-01	4.6317e-02	1.1755e-36	2.3656e-01	7.6281e-01	6.3181e-04	1.1755e-36	1.1755e-36	1.1755e-36	8.0170e-19	0.00e+00	0.00e+00	3.7287e+00
2.19551e+17	5.3515e+03	1.896e-21	2.7826e+01	2.3088e+01	2.6572e-08	2.1038e-01	7.8962e-01	5.3954e-01	4.6043e-01	2.6852e-05	1.4657e-11	2.2710e-02	9.3308e-01	4.4215e-02	1.1755e-36	2.5159e-01	7.4785e-01	5.5945e-04	1.1755e-36	1.1755e-36	1.1755e-36	1.0372e-18	0.00e+00	0.00e+00	3.9294e+00
2.25042e+17	5.3796e+03	1.870e-21	2.7826e+01	2.2683e+01	2.9782e-08	2.2387e-01	7.7613e-01	5.5224e-01	4.4773e-01	2.5999e-05	1.7512e-11	2.2786e-02	9.3502e-01	4.2197e-02	1.1755e-36	2.6684e-01	7.3266e-01	4.9740e-04	1.1755e-36	1.1755e-36	1.1755e-36	1.3500e-18	0.00e+00	0.00e+00	4.1479e+00
2.30395e+17	5.4049e+03	1.841e-21	2.7826e+01	2.2258e+01	3.3482e-08	2.3805e-01	7.6195e-01	5.6477e-01	4.3520e-01	2.5195e-05	2.0944e-11	2.2809e-02	9.3690e-01	4.0288e-02	1.1755e-36	2.8276e-01	7.1680e-01	4.4210e-04	1.1755e-36	1.1755e-36	1.1755e-36	1.7638e-18	0.00e+00	0.00e+00	4.3634e+00
2.35303e+17	5.4247e+03	1.811e-21	2.7826e+01	2.1839e+01	3.7565e-08	2.5209e-01	7.4791e-01	5.7644e-01	4.2353e-01	2.4477e-05	2.4844e-11	2.2783e-02	9.3865e-01	3.8567e-02	1.1755e-36	2.9842e-01	7.0118e-01	3.9535e-04	1.1755e-36	1.1755e-36	1.1755e-36	2.2825e-18	0.00e+00	0.00e+00	4.5699e+00
2.39779e+17	5.4389e+03	1.779e-21	2.7826e+01	2.1431e+01	4.2036e-08	2.6581e-01	7.3419e-01	5.8728e-01	4.1269e-01	2.3830e-05	2.9214e-11	2.2717e-02	9.4027e-01	3.7017e-02	1.1755e-36	3.1363e-01	6.8601e-01	3.5587e-04	1.1755e-36	1.1755e-36	1.1755e-36	2.9225e-18	0.00e+00	0.00e+00	4.7703e+00
2.43941e+17	5.4484e+03	1.747e-21	2.7826e+01	2.1029e+01	4.6991e-08	2.7939e-01	7.2061e-01	5.9752e-01	4.0246e-01	2.3236e-05	3.4156e-11	2.2617e-02	9.4179e-01	3.5593e-02	1.1755e-36	3.2858e-01	6.7110e-01	3.2179e-04	1.1755e-36	1.1755e-36	1.1755e-36	3.7187e-18	0.00e+00	0.00e+00	4.9683e+00
2.47871e+17	5.4580e+03	1.713e-21	2.7826e+01	2.0628e+01	5.2215e-08	2.9282e-01	7.0718e-01	6.0716e-01	3.9282e-01	2.2704e-05	3.9662e-11	2.2482e-02	9.4323e-01	3.4286e-02	1.1755e-36	3.4328e-01	6.5643e-01	2.9198e-04	1.1755e-36	1.1755e-36	1.1755e-36	4.6852e-18	0.00e+00	0.00e+00	5.1651e+00
2.51695e+17	5.4538e+03	1.678e-21	2.7826e+01	2.0216e+01	5.9014e-08	3.0692e-01	6.9308e-01	6.1697e-01	3.8301e-01	2.2146e-05	4.6471e-11	2.2323e-02	9.4469e-01	3.2989e-02	1.1755e-36	3.5861e-01	6.4112e-01	2.6477e-04	1.1755e-36	1.1755e-36	1.1755e-36	6.0231e-18	0.00e+00	0.00e+00	5.3713e+00
2.55266e+17	5.4468e+03	1.644e-21	2.7826e+01	1.9840e+01	6.6575e-08	3.2092e-01	6.7908e-01	6.2614e-01	3.7383e-01	2.1632e-05	5.4278e-11	2.2166e-02	9.4605e-01	3.1783e-02	1.1755e-36	3.7374e-01	6.2601e-01	2.4109e-04	1.1755e-36	1.1755e-36	1.1755e-36	7.7245e-18	0.00e+00	0.00e+00	5.5584e+00
2.58386e+17	5.4426e+03	1.610e-21	2.7826e+01	1.9471e+01	7.3681e-08	3.3327e-01	6.6673e-01	6.3391e-01	3.6607e-01	2.1239e-05	6.1961e-11	2.1972e-02	9.4723e-01	3.0799e-02	1.1755e-36	3.8701e-01	6.1276e-01	2.2208e-04	1.1755e-36	1.1755e-36	1.1755e-36	9.5528e-18	0.00e+00	0.00e+00	5.7295e+00
2.61362e+17	5.4336e+03	1.576e-21	2.7826e+01	1.9107e+01	8.1805e-08	3.4566e-01	6.5434e-01	6.4159e-01	3.5839e-01	2.0841e-05	7.0801e-11	2.1767e-02	9.4839e-01	2.9845e-02	1.1755e-36	4.0025e-01	5.9955e-01	2.0483e-04	1.1755e-36	1.1755e-36	1.1755e-36	1.1857e-17	0.00e+00	0.00e+00	5.9135e+00
2.64402e+17	5.4206e+03	1.540e-21	2.7826e+01	1.8727e+01	9.1521e-08	3.5881e-01	6.4119e-01	6.4949e-01	3.5049e-01	2.0436e-05	8.1548e-11	2.1539e-02	9.4958e-01	2.8882e-02	1.1755e-36	4.1421e-01	5.8560e-01	1.8833e-04	1.1755e-36	1.1755e-36	1.1755e-36	1.4939e-17	0.00e+00	0.00e+00	6.1058e+00
2.67364e+17	5.4042e+03	1.503e-21	2.7826e+01	1.8343e+01	1.0259e-07	3.7201e-01	6.2799e-01	6.5711e-01	3.4287e-01	2.0057e-05	9.3963e-11	2.1290e-02	9.5074e-01	2.7970e-02	1.1755e-36	4.2814e-01	5.7169e-01	1.7339e-04	1.1755e-36	1.1755e-36	1.1755e-36	1.8880e-17	0.00e+00	0.00e+00	6.2936e+00
2.70133e+17	5.3863e+03	1.466e-21	2.7826e+01	1.7968e+01	1.1451e-07	3.8466e-01	6.1534e-01	6.6418e-01	3.3580e-01	1.9718e-05	1.0762e-10	2.1031e-02	9.5183e-01	2.7139e-02	1.1755e-36	4.4141e-01	5.5843e-01	1.6036e-04	1.1755e-36	1.1755e-36	1.1755e-36	2.3665e-17	0.00e+00	0.00e+00	6.4737e+00
2.72745e+17	5.3667e+03	1.430e-21	2.7826e+01	1.7607e+01	1.2750e-07	3.9694e-01	6.0306e-01	6.7087e-01	3.2911e-01	1.9403e-05	1.2283e-10	2.0769e-02	9.5287e-01	2.6364e-02	1.1755e-36	4.5423e-01	5.4562e-01	1.4878e-04	1.1755e-36	1.1755e-36	1.1755e-36	2.9538e-17	0.00e+00	0.00e+00	6.6522e+00
2.75280e+17	5.3442e+03	1.395e-21	2.7826e+01	1.7250e+01	1.4221e-07	4.0921e-01	5.9079e-01	6.7740e-01	3.2258e-01	1.9096e-05	1.4038e-10	2.0501e-02	9.5388e-01	2.5617e-02	1.1755e-36	4.6697e-01	5.3290e-01	1.3817e-04	1.1755e-36	1.1755e-36	1.1755e-36	3.7007e-17	0.00e+00	0.00e+00	6.8327e+00
2.77749e+17	5.3187e+03	1.359e-21	2.7826e+01	1.6894e+01	1.5894e-07	4.2146e-01	5.7854e-01	6.8376e-01	3.1622e-01	1.8800e-05	1.6069e-10	2.0225e-02	9.5487e-01	2.4901e-02	1.1755e-36	4.7961e-01	5.2026e-01	1.2845e-04	1.1755e-36	1.1755e-36	1.1755e-36	4.6569e-17	0.00e+00	0.00e+00	7.0124e+00
2.80116e+17	5.2912e+03	1.324e-21	2.7826e+01	1.6545e+01	1.7752e-07	4.3342e-01	5.6658e-01	6.8981e-01	3.1017e-01	1.8525e-05	1.8368e-10	1.9944e-02	9.5583e-01	2.4228e-02	1.1755e-36	4.9190e-01	5.0798e-01	1.1971e-04	1.1755e-36	1.1755e-36	1.1755e-36	5.8555e-17	0.00e+00	0.00e+00	7.1880e+00
2.82371e+17	5.2627e+03	1.289e-21	2.7826e+01	1.6206e+01	1.9784e-07	4.4502e-01	5.5498e-01	6.9553e-01	3.0445e-01	1.8271e-05	2.0945e-10	1.9662e-02	9.5674e-01	2.3599e-02	1.1755e-36	5.0374e-01	4.9615e-01	1.1185e-04	1.1755e-36	1.1755e-36	1.1755e-36	7.3399e-17	0.00e+00	0.00e+00	7.3603e+00
2.84545e+17	5.2327e+03	1.256e-21	2.7826e+01	1.5874e+01	2.2040e-07	4.5641e-01	5.4359e-01	7.0106e-01	2.9892e-01	1.8028e-05	2.3878e-10	1.9380e-02	9.5762e-01	2.2999e-02	1.1755e-36	5.1531e-01	4.8458e-01	1.0468e-04	1.1755e-36	1.1755e-36	1.1755e-36	9.2063e-17	0.00e+00	0.00e+00	7.5324e+00
2.86666e+17	5.2008e+03	1.222e-21	2.7826e+01	1.5546e+01	2.4579e-07	4.6771e-01	5.3229e-01	7.0643e-01	2.9355e-01	1.7793e-05	2.7261e-10	1.9095e-02	9.5848e-01	2.2421e-02	1.1755e-36	5.2674e-01	4.7316e-01	9.8057e-05	1.1755e-36	1.1755e-36	1.1755e-36	1.1587e-16	0.00e+00	0.00e+00	7.7046e+00
2.88728e+17	5.1667e+03	1.190e-21	2.7826e+01	1.5224e+01	2.7443e-07	4.7886e-01	5.2114e-01	7.1164e-01	2.8834e-01	1.7567e-05	3.1166e-10	1.8810e-02	9.5932e-01	2.1868e-02	1.1755e-36	5.3796e-01	4.6195e-01	9.1969e-05	1.1755e-36	1.1755e-36	1.1755e-36	1.4635e-16	0.00e+00	0.00e+00	7.8753e+00
2.90715e+17	5.1311e+03	1.158e-21	2.7826e+01	1.4908e+01	3.0633e-07	4.8973e-01	5.1027e-01	7.1662e-01	2.8336e-01	1.7355e-05	3.5620e-10	1.8525e-02	9.6013e-01	2.1344e-02	1.1755e-36	5.4884e-01	4.5107e-01	8.6425e-05	1.1755e-36	1.1755e-36	1.1755e-36	1.8493e-16	0.00e+00	0.00e+00	8.0426e+00
2.92621e+17	5.0948e+03	1.127e-21	2.7826e+01	1.4601e+01	3.4137e-07	5.0025e-01	4.9975e-01	7.2136e-01	2.7862e-01	1.7157e-05	4.0651e-10	1.8243e-02	9.6091e-01	2.0851e-02	1.1755e-36	5.5933e-01	4.4059e-01	8.1387e-05	1.1755e-36	1.1755e-36	1.1755e-36	2.3324e-16	0.00e+00	0.00e+00	8.2067e+00
2.94464e+17	5.0579e+03	1.097e-21	2.7826e+01	1.4303e+01	3.8011e-07	5.1053e-01	4.8947e-01	7.2593e-01	2.7405e-01	1.6967e-05	4.6383e-10	1.7964e-02	9.6166e-01	2.0380e-02	1.1755e-36	5.6953e-01	4.3039e-01	7.6751e-05	1.1755e-36	1.1755e-36	1.1755e-36	2.9419e-16	0.00e+00	0.00e+00	8.3699e+00
2.96266e+17	5.0199e+03	1.067e-21	2.7826e+01	1.4009e+01	4.2339e-07	5.2067e-01	4.7933e-01	7.3038e-01	2.6961e-01	1.6784e-05	5.2985e-10	1.7687e-02	9.6239e-01	1.9926e-02	1.1755e-36	5.7955e-01	4.2038e-01	7.2439e-05	1.1755e-36	1.1755e-36	1.1755e-36	3.7197e-16	0.00e+00	0.00e+00	8.5332e+00
2.98031e+17	4.9801e+03	1.038e-21	2.7826e+01	1.3720e+01	4.7217e-07	5.3071e-01	4.6929e-01	7.3472e-01	2.6526e-01	1.6604e-05	6.0108e-10	1.7410e-02	9.6311e-01	1.9481e-02	1.1755e-36	5.8941e-01	4.1052e-01	6.8420e-05	1.1755e-36	1.1755e-36	1.1755e-36	4.6488e-16	0.00e+00	0.00e+00	8.6960e+00
2.99749e+17	4.9376e+03	1.010e-21	2.7826e+01	1.3437e+01	5.2780e-07	5.4058e-01	4.5942e-01	7.3895e-01	2.6103e-01	1.6428e-05	6.7630e-10	1.7137e-02	9.6382e-01	1.9045e-02	1.1755e-36	5.9908e-01	4.0085e-01	6.4698e-05	1.1755e-36	1.1755e-36	1.1755e-36	5.7340e-16	0.00e+00	0.00e+00	8.8565e+00
3.01396e+17	4.8939e+03	9.829e-22	2.7826e+01	1.3161e+01	5.8970e-07	5.5008e-01	4.4992e-01	7.4297e-01	2.5702e-01	1.6263e-05	7.5927e-10	1.6869e-02	9.6450e-01	1.8634e-02	1.1755e-36	6.0835e-01	3.9158e-01	6.1312e-05	1.1755e-36	1.1755e-36	1.1755e-36	7.0533e-16	0.00e+00	0.00e+00	9.0115e+00
3.02962e+17	4.8514e+03	9.571e-22	2.7826e+01	1.2897e+01	6.5610e-07	5.5910e-01	4.4090e-01	7.4672e-01	2.5326e-01	1.6113e-05	8.4848e-10	1.6609e-02	9.6514e-01	1.8251e-02	1.1755e-36	6.1711e-01	3.8283e-01	5.8249e-05	1.1755e-36	1.1755e-36	1.1755e-36	8.6093e-16	0.00e+00	0.00e+00	9.1616e+00
3.04480e+17	4.8137e+03	9.318e-22	2.7826e+01	1.2638e+01	7.2357e-07	5.6765e-01	4.3235e-01	7.5029e-01	2.4969e-01	1.5980e-05	9.4213e-10	1.6349e-02	9.6576e-01	1.7896e-02	1.1755e-36	6.2539e-01	3.7455e-01	5.5427e-05	1.1755e-36	1.1755e-36	1.1755e-36	1.0378e-15	0.00e+00	0.00e+00	9.3121e+00
3.06044e+17	4.7677e+03	9.061e-22	2.7826e+01	1.2372e+01	8.0937e-07	5.7676e-01	4.2324e-01	7.5402e-01	2.4597e-01	1.5834e-05	1.0576e-09	1.6082e-02	9.6640e-01	1.7516e-02	1.1755e-36	6.3417e-01	3.6577e-01	5.2607e-05	1.1755e-36	1.1755e-36	1.1755e-36	1.2784e-15	0.00e+00	0.00e+00	9.4761e+00
3.07617e+17	4.7212e+03	8.806e-22	2.7826e+01	1.2108e+01	9.0601e-07	5.8588e-01	4.1412e-01	7.5770e-01	2.4228e-01	1.5691e-05	1.1885e-09	1.5816e-02	9.6704e-01	1.7145e-02	1.1755e-36	6.4293e-01	3.5702e-01	4.9923e-05	1.1755e-36	1.1755e-36	1.1755e-36	1.5784e-15	0.00e+00	0.00e+00	9.6333e+00
3.09097e+17	4.6744e+03	8.569e-22	2.7826e+01	1.1860e+01	1.0120e-06	5.9452e-01	4.0548e-01	7.6118e-01	2.3881e-01	1.5552e-05	1.3308e-09	1.5564e-02	9.6764e-01	1.6798e-02	1.1755e-36	6.5120e-01	3.4875e-01	4.7508e-05	1.1755e-36	1.1755e-36	1.1755e-36	1.9375e-15	0.00e+00	0.00e+00	9.7828e+00
3.10496e+17	4.6229e+03	8.348e-22	2.7826e+01	1.1624e+01	1.1362e-06	6.0293e-01	3.9707e-01	7.6459e-01	2.3539e-01	1.5400e-05	1.4923e-09	1.5329e-02	9.6821e-01	1.6459e-02	1.1755e-36	6.5922e-01	3.4073e-01	4.5296e-05	1.1755e-36	1.1755e-36	1.1755e-36	2.3886e-15	0.00e+00	0.00e+00	9.9276e+00
3.11805e+17	4.5818e+03	8.140e-22	2.7826e+01	1.1405e+01	1.2519e-06	6.1045e-01	3.8955e-01	7.6756e-01	2.3243e-01	1.5289e-05	1.6489e-09	1.5103e-02	9.6873e-01	1.6166e-02	1.1755e-36	6.6638e-01	3.3358e-01	4.3345e-05	1.1755e-36	1.1755e-36	1.1755e-36	2.8627e-15	0.00e+00	0.00e+00	1.0062e+01
3.13106e+17	4.5285e+03	7.939e-22	2.7826e+01	1.1190e+01	1.4067e-06	6.1854e-01	3.8146e-01	7.7089e-01	2.2909e-01	1.5124e-05	1.8482e-09	1.4889e-02	9.6927e-01	1.5840e-02	1.1755e-36	6.7403e-01	3.2592e-01	4.1401e-05	1.1755e-36	1.1755e-36	1.1755e-36	3.5278e-15	0.00e+00	0.00e+00	1.0209e+01
3.14398e+17	4.4913e+03	7.732e-22	2.7826e+01	1.0968e+01	1.5372e-06	6.2559e-01	3.7441e-01	7.7353e-01	2.2645e-01	1.5053e-05	2.0279e-09	1.4652e-02	9.6977e-01	1.5579e-02	1.1755e-36	6.8068e-01	3.1928e-01	3.9672e-05	1.1755e-36	1.1755e-36	1.1755e-36	4.1747e-15	0.00e+00	0.00e+00	1.0344e+01
3.15737e+17	4.4393e+03	7.524e-22	2.7826e+01	1.0743e+01	1.7228e-06	6.3360e-01	3.6640e-01	7.7680e-01	2.2318e-01	1.4907e-05	2.2707e-09	1.4423e-02	9.7031e-01	1.5264e-02	1.1755e-36	6.8822e-01	3.1174e-01	3.7845e-05	1.1755e-36	1.1755e-36	1.1755e-36	5.1325e-15	0.00e+00	0.00e+00	1.0505e+01
3.17133e+17	4.3864e+03	7.311e-22	2.7826e+01	1.0511e+01	1.9334e-06	6.4173e-01	3.5826e-01	7.7997e-01	2.2001e-01	1.4779e-05	2.5460e-09	1.4183e-02	9.7086e-01	1.4957e-02	1.1755e-36	6.9585e-01	3.0412e-01	3.6067e-05	1.1755e-36	1.1755e-36	1.1755e-36	6.3292e-15	0.00e+00	0.00e+00	1.0657e+01
3.18422e+17	4.3357e+03	7.117e-22	2.7826e+01	1.0295e+01	2.1544e-06	6.4921e-01	3.5079e-01	7.8286e-01	2.1712e-01	1.4663e-05	2.8316e-09	1.3960e-02	9.7136e-01	1.4678e-02	1.1755e-36	7.0284e-01	2.9712e-01	3.4498e-05	1.1755e-36	1.1755e-36	1.1755e-36	7.6930e-15	0.00e+00	0.00e+00	1.0798e+01
3.19641e+17	4.2864e+03	6.935e-22	2.7826e+01	1.0092e+01	2.3892e-06	6.5628e-01	3.4372e-01	7.8560e-01	2.1438e-01	1.4552e-05	3.1326e-09	1.3749e-02	9.7184e-01	1.4414e-02	1.1755e-36	7.0943e-01	2.9054e-01	3.3065e-05	1.1755e-36	1.1755e-36	1.1755e-36	9.2608e-15	0.00e+00	0.00e+00	1.0936e+01
3.20854e+17	4.2362e+03	6.755e-22	2.7826e+01	9.8909e+00	2.6496e-06	6.6332e-01	3.3668e-01	7.8835e-01	2.1164e-01	1.4439e-05	3.4644e-09	1.3541e-02	9.7231e-01	1.4152e-02	1.1755e-36	7.1597e-01	2.8400e-01	3.1686e-05	1.1755e-36	1.1755e-36	1.1755e-36	1.1139e-14	0.00e+00	0.00e+00	1.1079e+01
3.22089e+17	4.1790e+03	6.576e-22	2.7826e+01	9.6844e+00	2.9653e-06	6.7060e-01	3.2940e-01	7.9122e-01	2.0876e-01	1.4309e-05	3.8530e-09	1.3330e-02	9.7279e-01	1.3881e-02	1.1755e-36	7.2272e-01	2.7725e-01	3.0328e-05	1.1755e-36	1.1755e-36	1.1755e-36	1.3550e-14	0.00e+00	0.00e+00	1.1226e+01
3.23297e+17	4.1313e+03	6.401e-22	2.7826e+01	9.4868e+00	3.2630e-06	6.7735e-01	3.2264e-01	7.9377e-01	2.0621e-01	1.4216e-05	4.2323e-09	1.3122e-02	9.7324e-01	1.3639e-02	1.1755e-36	7.2896e-01	2.7101e-01	2.9077e-05	1.1755e-36	1.1755e-36	1.1755e-36	1.6089e-14	0.00e+00	0.00e+00	1.1365e+01
3.24523e+17	4.0712e+03	6.226e-22	2.7826e+01	9.2766e+00	3.6461e-06	6.8443e-01	3.1556e-01	7.9654e-01	2.0345e-01	1.4098e-05	4.6869e-09	1.2907e-02	9.7371e-01	1.3379e-02	1.1755e-36	7.3550e-01	2.6447e-01	2.7839e-05	1.1755e-36	1.1755e-36	1.1755e-36	1.9423e-14	0.00e+00	0.00e+00	1.1519e+01
3.25775e+17	4.0142e+03	6.052e-22	2.7826e+01	9.0756e+00	4.0518e-06	6.9168e-01	3.0831e-01	7.9932e-01	2.0067e-01	1.3976e-05	5.1795e-09	1.2702e-02	9.7418e-01	1.3120e-02	1.1755e-36	7.4215e-01	2.5782e-01	2.6613e-05	1.1755e-36	1.1755e-36	1.1755e-36	2.3323e-14	0.00e+00	0.00e+00	1.1667e+01
3.26994e+17	3.9567e+03	5.882e-22	2.7826e+01	8.8741e+00	4.4844e-06	6.9870e-01	3.0129e-01	8.0195e-01	1.9804e-01	1.3869e-05	5.6922e-09	1.2496e-02	9.7463e-01	1.2876e-02	1.1755e-36	7.4859e-01	2.5139e-01	2.5463e-05	1.1755e-36	1.1755e-36	1.1755e-36	2.7728e-14	0.00e+00	0.00e+00	1.1817e+01
###########################
7.19159e+13	5.5486e+03	2.438e-21	2.7826e+01	2.8095e+01	1.1817e-09	5.9309e-02	9.4069e-01	2.5606e-01	7.4386e-01	7.2745e-05	4.7413e-13	1.3721e-02	8.5272e-01	1.3355e-01	1.1713e-06	7.2635e-02	9.2210e-01	5.2691e-03	1.1755e-36	1.1755e-36	1.1755e-36	7.2781e-21	0.00e+00	0.00e+00	1.4990e-03
4.31495e+14	5.5397e+03	2.426e-21	2.7826e+01	2.7987e+01	1.1848e-09	5.9085e-02	9.4092e-01	2.5563e-01	7.4430e-01	7.2948e-05	4.6834e-13	1.3633e-02	8.5255e-01	1.3381e-01	1.1783e-06	7.2369e-02	9.2234e-01	5.2887e-03	1.1755e-36	1.1755e-36	1.1755e-36	7.1417e-21	0.00e+00	0.00e+00	7.4725e-03
1.86981e+15	5.5181e+03	2.413e-21	2.7826e+01	2.7970e+01	1.2189e-09	5.9173e-02	9.4083e-01	2.5673e-01	7.4320e-01	7.2446e-05	4.7105e-13	1.3639e-02	8.5326e-01	1.3310e-01	1.1665e-06	7.2493e-02	9.2224e-01	5.2642e-03	1.1755e-36	1.1755e-36	1.1755e-36	7.1858e-21	0.00e+00	0.00e+00	3.1402e-02
7.62309e+15	5.4536e+03	2.381e-21	2.7826e+01	2.7931e+01	1.3600e-09	6.0092e-02	9.3991e-01	2.6180e-01	7.3813e-01	7.0348e-05	4.9293e-13	1.3795e-02	8.5623e-01	1.2997e-01	1.1112e-06	7.3669e-02	9.2122e-01	5.1125e-03	1.1755e-36	1.1755e-36	1.1755e-36	7.6203e-21	0.00e+00	0.00e+00	1.2861e-01
1.82091e+16	5.2337e+03	2.288e-21	2.7826e+01	2.7916e+01	1.7684e-09	6.0078e-02	9.3992e-01	2.6928e-01	7.3066e-01	6.6886e-05	5.0565e-13	1.3848e-02	8.6094e-01	1.2521e-01	1.0509e-06	7.3810e-02	9.2116e-01	5.0280e-03	1.1755e-36	1.1755e-36	1.1755e-36	7.8643e-21	0.00e+00	0.00e+00	2.5494e-01
2.84656e+16	5.0399e+03	2.211e-21	2.7826e+01	2.7900e+01	2.2551e-09	6.0064e-02	9.3994e-01	2.7568e-01	7.2426e-01	6.4076e-05	5.1927e-13	1.3896e-02	8.6487e-01	1.2123e-01	1.0009e-06	7.3936e-02	9.2111e-01	4.9514e-03	1.1755e-36	1.1755e-36	1.1755e-36	8.2345e-21	0.00e+00	0.00e+00	3.4515e-01
3.60721e+16	4.9440e+03	2.174e-21	2.7826e+01	2.7870e+01	2.6180e-09	6.0740e-02	9.3926e-01	2.8093e-01	7.1901e-01	6.2137e-05	5.4038e-13	1.4027e-02	8.6776e-01	1.1821e-01	9.5476e-07	7.4844e-02	9.2033e-01	4.8253e-03	1.1755e-36	1.1755e-36	1.1755e-36	8.7569e-21	0.00e+00	0.00e+00	4.1630e-01
4.37389e+16	4.8892e+03	2.154e-21	2.7826e+01	2.7833e+01	2.9790e-09	6.2307e-02	9.3769e-01	2.8763e-01	7.1231e-01	6.0032e-05	5.8024e-13	1.4281e-02	8.7101e-01	1.1470e-01	8.9410e-07	7.6819e-02	9.1857e-01	4.6155e-03	1.1755e-36	1.1755e-36	1.1755e-36	9.7196e-21	0.00e+00	0.00e+00	5.1120e-01
5.37059e+16	4.8363e+03	2.130e-21	2.7826e+01	2.7763e+01	3.4713e-09	6.4626e-02	9.3537e-01	2.9663e-01	7.0331e-01	5.7460e-05	6.4135e-13	1.4645e-02	8.7511e-01	1.1025e-01	8.1800e-07	7.9720e-02	9.1595e-01	4.3328e-03	1.1755e-36	1.1755e-36	1.1755e-36	1.1264e-20	0.00e+00	0.00e+00	6.3915e-01
6.66630e+16	4.7904e+03	2.105e-21	2.7826e+01	2.7654e+01	4.1655e-09	6.8160e-02	9.3184e-01	3.0905e-01	6.9089e-01	5.4290e-05	7.4077e-13	1.5170e-02	8.8030e-01	1.0453e-01	7.2324e-07	8.4110e-02	9.1193e-01	3.9564e-03	1.1755e-36	1.1755e-36	1.1755e-36	1.3933e-20	0.00e+00	0.00e+00	8.1458e-01
8.35071e+16	4.7643e+03	2.074e-21	2.7826e+01	2.7404e+01	5.1211e-09	7.3490e-02	9.2651e-01	3.2597e-01	6.7398e-01	5.0522e-05	9.0431e-13	1.5885e-02	8.8663e-01	9.7487e-02	6.1191e-07	9.0686e-02	9.0584e-01	3.4758e-03	1.1755e-36	1.1755e-36	1.1755e-36	1.8675e-20	0.00e+00	0.00e+00	1.0605e+00
1.04588e+17	4.7576e+03	2.050e-21	2.7826e+01	2.7110e+01	6.6323e-09	8.2077e-02	9.1792e-01	3.5004e-01	6.4992e-01	4.5979e-05	1.2141e-12	1.6922e-02	8.9453e-01	8.8549e-02	4.8354e-07	1.0120e-01	8.9591e-01	2.8872e-03	1.1755e-36	1.1755e-36	1.1755e-36	2.8810e-20	0.00e+00	0.00e+00	1.3939e+00
1.26498e+17	4.8084e+03	2.029e-21	2.7826e+01	2.6734e+01	8.2559e-09	9.3242e-02	9.0676e-01	3.7663e-01	6.2333e-01	4.1973e-05	1.6984e-12	1.8071e-02	9.0200e-01	7.9925e-02	3.7219e-07	1.1474e-01	8.8293e-01	2.3252e-03	1.1755e-36	1.1755e-36	1.1755e-36	4.6928e-20	0.00e+00	0.00e+00	1.7331e+00
1.47604e+17	4.8842e+03	2.015e-21	2.7826e+01	2.6254e+01	1.0375e-08	1.0794e-01	8.9206e-01	4.0698e-01	5.9298e-01	3.8087e-05	2.5046e-12	1.9296e-02	9.0933e-01	7.1372e-02	2.7712e-07	1.3242e-01	8.6577e-01	1.8150e-03	1.1755e-36	1.1755e-36	1.1755e-36	8.2365e-20	0.00e+00	0.00e+00	2.1411e+00
1.63627e+17	4.9859e+03	2.010e-21	2.7826e+01	2.5813e+01	1.1977e-08	1.2207e-01	8.7793e-01	4.3023e-01	5.6974e-01	3.5817e-05	3.4506e-12	2.0214e-02	9.1423e-01	6.5557e-02	2.1911e-07	1.4922e-01	8.4931e-01	1.4749e-03	1.1755e-36	1.1755e-36	1.1755e-36	1.3074e-19	0.00e+00	0.00e+00	2.3671e+00
1.72831e+17	5.0471e+03	2.004e-21	2.7826e+01	2.5510e+01	1.3237e-08	1.3213e-01	8.6787e-01	4.4553e-01	5.5444e-01	3.4381e-05	4.2274e-12	2.0753e-02	9.1725e-01	6.1996e-02	1.8797e-07	1.6111e-01	8.3760e-01	1.2885e-03	1.1755e-36	1.1755e-36	1.1755e-36	1.7434e-19	0.00e+00	0.00e+00	2.5499e+00
1.80903e+17	5.0966e+03	1.997e-21	2.7826e+01	2.5228e+01	1.4697e-08	1.4227e-01	8.5773e-01	4.6043e-01	5.3954e-01	3.2978e-05	5.1295e-12	2.1234e-02	9.2005e-01	5.8712e-02	1.6234e-07	1.7305e-01	8.2582e-01	1.1339e-03	1.1755e-36	1.1755e-36	1.1755e-36	2.2944e-19	0.00e+00	0.00e+00	2.7566e+00
1.89203e+17	5.1562e+03	1.980e-21	2.7826e+01	2.4827e+01	1.6214e-08	1.5347e-01	8.4653e-01	4.7592e-01	5.2404e-01	3.1643e-05	6.2339e-12	2.1623e-02	9.2278e-01	5.5600e-02	1.3970e-07	1.8614e-01	8.1287e-01	9.9084e-04	1.1755e-36	1.1755e-36	1.1755e-36	3.0155e-19	0.00e+00	0.00e+00	2.9812e+00
1.97818e+17	5.2059e+03	1.966e-21	2.7826e+01	2.4446e+01	1.8589e-08	1.6735e-01	8.3265e-01	4.9358e-01	5.0639e-01	3.0140e-05	7.8743e-12	2.2062e-02	9.2580e-01	5.2142e-02	1.1755e-36	2.0228e-01	7.9687e-01	8.5052e-04	1.1755e-36	1.1755e-36	1.1755e-36	4.2222e-19	0.00e+00	0.00e+00	3.2430e+00
2.05752e+17	5.2669e+03	1.945e-21	2.7826e+01	2.3989e+01	2.0729e-08	1.8117e-01	8.1883e-01	5.0927e-01	4.9070e-01	2.9001e-05	9.7002e-12	2.2345e-02	9.2835e-01	4.9303e-02	1.1755e-36	2.1822e-01	7.8104e-01	7.3662e-04	1.1755e-36	1.1755e-36	1.1755e-36	5.6814e-19	0.00e+00	0.00e+00	3.4647e+00
2.12609e+17	5.3077e+03	1.923e-21	2.7826e+01	2.3556e+01	2.3389e-08	1.9487e-01	8.0513e-01	5.2430e-01	4.7568e-01	2.7882e-05	1.1852e-11	2.2552e-02	9.3071e-01	4.6742e-02	1.1755e-36	2.3393e-01	7.6542e-01	6.4468e-04	1.1755e-36	1.1755e-36	1.1755e-36	7.6000e-19	0.00e+00	0.00e+00	3.6958e+00
2.18950e+17	5.3463e+03	1.899e-21	2.7826e+01	2.3133e+01	2.6279e-08	2.0885e-01	7.9115e-01	5.3830e-01	4.6167e-01	2.6912e-05	1.4372e-11	2.2698e-02	9.3288e-01	4.4427e-02	1.1755e-36	2.4985e-01	7.4958e-01	5.6696e-04	1.1755e-36	1.1755e-36	1.1755e-36	1.0075e-18	0.00e+00	0.00e+00	3.9136e+00
2.24615e+17	5.3774e+03	1.873e-21	2.7826e+01	2.2722e+01	2.9451e-08	2.2258e-01	7.7742e-01	5.5111e-01	4.4886e-01	2.6068e-05	1.7221e-11	2.2781e-02	9.3484e-01	4.2376e-02	1.1755e-36	2.6538e-01	7.3412e-01	5.0288e-04	1.1755e-36	1.1755e-36	1.1755e-36	1.3164e-18	0.00e+00	0.00e+00	4.1245e+00
2.29817e+17	5.4024e+03	1.845e-21	2.7826e+01	2.2311e+01	3.2974e-08	2.3626e-01	7.6374e-01	5.6327e-01	4.3671e-01	2.5287e-05	2.0481e-11	2.2808e-02	9.3668e-01	4.0516e-02	1.1755e-36	2.8075e-01	7.1880e-01	4.4858e-04	1.1755e-36	1.1755e-36	1.1755e-36	1.7051e-18	0.00e+00	0.00e+00	4.3325e+00
2.34666e+17	5.4221e+03	1.815e-21	2.7826e+01	2.1901e+01	3.6926e-08	2.5000e-01	7.5000e-01	5.7481e-01	4.2516e-01	2.4570e-05	2.4233e-11	2.2790e-02	9.3841e-01	3.8805e-02	1.1755e-36	2.9610e-01	7.0350e-01	4.0179e-04	1.1755e-36	1.1755e-36	1.1755e-36	2.1974e-18	0.00e+00	0.00e+00	4.5384e+00
2.39200e+17	5.4370e+03	1.784e-21	2.7826e+01	2.1492e+01	4.1344e-08	2.6377e-01	7.3623e-01	5.8578e-01	4.1419e-01	2.3912e-05	2.8532e-11	2.2729e-02	9.4004e-01	3.7229e-02	1.1755e-36	3.1137e-01	6.8827e-01	3.6132e-04	1.1755e-36	1.1755e-36	1.1755e-36	2.8180e-18	0.00e+00	0.00e+00	4.7415e+00
2.43441e+17	5.4473e+03	1.752e-21	2.7826e+01	2.1085e+01	4.6262e-08	2.7748e-01	7.2252e-01	5.9619e-01	4.0379e-01	2.3306e-05	3.3427e-11	2.2633e-02	9.4159e-01	3.5777e-02	1.1755e-36	3.2648e-01	6.7319e-01	3.2625e-04	1.1755e-36	1.1755e-36	1.1755e-36	3.5956e-18	0.00e+00	0.00e+00	4.9413e+00
2.47419e+17	5.4574e+03	1.717e-21	2.7826e+01	2.0682e+01	5.1433e-08	2.9097e-01	7.0903e-01	6.0593e-01	3.9405e-01	2.2766e-05	3.8860e-11	2.2501e-02	9.4305e-01	3.4452e-02	1.1755e-36	3.4126e-01	6.5844e-01	2.9578e-04	1.1755e-36	1.1755e-36	1.1755e-36	4.5369e-18	0.00e+00	0.00e+00	5.1385e+00
2.51265e+17	5.4539e+03	1.682e-21	2.7826e+01	2.0271e+01	5.8109e-08	3.0504e-01	6.9496e-01	6.1577e-01	3.8420e-01	2.2206e-05	4.5533e-11	2.2346e-02	9.4451e-01	3.3147e-02	1.1755e-36	3.5658e-01	6.4315e-01	2.6816e-04	1.1755e-36	1.1755e-36	1.1755e-36	5.8305e-18	0.00e+00	0.00e+00	5.3441e+00
2.54852e+17	5.4475e+03	1.649e-21	2.7826e+01	1.9895e+01	6.5520e-08	3.1901e-01	6.8099e-01	6.2498e-01	3.7500e-01	2.1690e-05	5.3171e-11	2.2192e-02	9.4587e-01	3.1933e-02	1.1755e-36	3.7169e-01	6.2806e-01	2.4414e-04	1.1755e-36	1.1755e-36	1.1755e-36	7.4722e-18	0.00e+00	0.00e+00	5.5312e+00
2.57997e+17	5.4437e+03	1.615e-21	2.7826e+01	1.9525e+01	7.2532e-08	3.3140e-01	6.6860e-01	6.3281e-01	3.6717e-01	2.1291e-05	6.0735e-11	2.2001e-02	9.4706e-01	3.0938e-02	1.1755e-36	3.8501e-01	6.1477e-01	2.2478e-04	1.1755e-36	1.1755e-36	1.1755e-36	9.2470e-18	0.00e+00	0.00e+00	5.7031e+00
2.61000e+17	5.4351e+03	1.581e-21	2.7826e+01	1.9161e+01	8.0550e-08	3.4384e-01	6.5616e-01	6.4056e-01	3.5942e-01	2.0888e-05	6.9441e-11	2.1799e-02	9.4823e-01	2.9973e-02	1.1755e-36	3.9830e-01	6.0149e-01	2.0721e-04	1.1755e-36	1.1755e-36	1.1755e-36	1.1485e-17	0.00e+00	0.00e+00	5.8876e+00
2.64060e+17	5.4224e+03	1.545e-21	2.7826e+01	1.8780e+01	9.0141e-08	3.5701e-01	6.4299e-01	6.4850e-01	3.5148e-01	2.0479e-05	8.0014e-11	2.1572e-02	9.4943e-01	2.9002e-02	1.1755e-36	4.1230e-01	5.8751e-01	1.9046e-04	1.1755e-36	1.1755e-36	1.1755e-36	1.4477e-17	0.00e+00	0.00e+00	6.0800e+00
2.67035e+17	5.4064e+03	1.508e-21	2.7826e+01	1.8395e+01	1.0101e-07	3.7020e-01	6.2980e-01	6.5616e-01	3.4382e-01	2.0098e-05	9.2185e-11	2.1325e-02	9.5059e-01	2.8085e-02	1.1755e-36	4.2624e-01	5.7359e-01	1.7532e-04	1.1755e-36	1.1755e-36	1.1755e-36	1.8287e-17	0.00e+00	0.00e+00	6.2675e+00
2.69816e+17	5.3890e+03	1.471e-21	2.7826e+01	1.8021e+01	1.1272e-07	3.8285e-01	6.1715e-01	6.6325e-01	3.3673e-01	1.9758e-05	1.0556e-10	2.1068e-02	9.5168e-01	2.7249e-02	1.1755e-36	4.3952e-01	5.6032e-01	1.6211e-04	1.1755e-36	1.1755e-36	1.1755e-36	2.2910e-17	0.00e+00	0.00e+00	6.4476e+00
2.72444e+17	5.3697e+03	1.435e-21	2.7826e+01	1.7659e+01	1.2553e-07	3.9516e-01	6.0484e-01	6.6999e-01	3.2999e-01	1.9439e-05	1.2053e-10	2.0808e-02	9.5273e-01	2.6466e-02	1.1755e-36	4.5238e-01	5.4747e-01	1.5035e-04	1.1755e-36	1.1755e-36	1.1755e-36	2.8602e-17	0.00e+00	0.00e+00	6.6267e+00
2.74997e+17	5.3475e+03	1.400e-21	2.7826e+01	1.7300e+01	1.4005e-07	4.0748e-01	5.9252e-01	6.7657e-01	3.2341e-01	1.9128e-05	1.3780e-10	2.0540e-02	9.5375e-01	2.5713e-02	1.1755e-36	4.6518e-01	5.3468e-01	1.3958e-04	1.1755e-36	1.1755e-36	1.1755e-36	3.5850e-17	0.00e+00	0.00e+00	6.8076e+00
2.77480e+17	5.3222e+03	1.364e-21	2.7826e+01	1.6944e+01	1.5654e-07	4.1976e-01	5.8024e-01	6.8296e-01	3.1702e-01	1.8830e-05	1.5775e-10	2.0264e-02	9.5474e-01	2.4991e-02	1.1755e-36	4.7786e-01	5.2201e-01	1.2973e-04	1.1755e-36	1.1755e-36	1.1755e-36	4.5112e-17	0.00e+00	0.00e+00	6.9874e+00
2.79856e+17	5.2951e+03	1.329e-21	2.7826e+01	1.6594e+01	1.7479e-07	4.3174e-01	5.6826e-01	6.8903e-01	3.1095e-01	1.8555e-05	1.8028e-10	1.9984e-02	9.5570e-01	2.4315e-02	1.1755e-36	4.9017e-01	5.0971e-01	1.2088e-04	1.1755e-36	1.1755e-36	1.1755e-36	5.6693e-17	0.00e+00	0.00e+00	7.1630e+00
2.82121e+17	5.2669e+03	1.294e-21	2.7826e+01	1.6254e+01	1.9478e-07	4.4335e-01	5.5665e-01	6.9479e-01	3.0519e-01	1.8298e-05	2.0556e-10	1.9702e-02	9.5662e-01	2.3681e-02	1.1755e-36	5.0204e-01	4.9784e-01	1.1292e-04	1.1755e-36	1.1755e-36	1.1755e-36	7.1046e-17	0.00e+00	0.00e+00	7.3356e+00
2.84309e+17	5.2371e+03	1.261e-21	2.7826e+01	1.5921e+01	2.1703e-07	4.5479e-01	5.4521e-01	7.0035e-01	2.9963e-01	1.8053e-05	2.3439e-10	1.9420e-02	9.5750e-01	2.3077e-02	1.1755e-36	5.1367e-01	4.8622e-01	1.0564e-04	1.1755e-36	1.1755e-36	1.1755e-36	8.9122e-17	0.00e+00	0.00e+00	7.5081e+00
2.86442e+17	5.2053e+03	1.227e-21	2.7826e+01	1.5592e+01	2.4207e-07	4.6613e-01	5.3387e-01	7.0576e-01	2.9422e-01	1.7816e-05	2.6764e-10	1.9136e-02	9.5837e-01	2.2494e-02	1.1755e-36	5.2515e-01	4.7475e-01	9.8934e-05	1.1755e-36	1.1755e-36	1.1755e-36	1.1219e-16	0.00e+00	0.00e+00	7.6806e+00
2.88513e+17	5.1714e+03	1.194e-21	2.7826e+01	1.5269e+01	2.7029e-07	4.7731e-01	5.2269e-01	7.1099e-01	2.8899e-01	1.7589e-05	3.0597e-10	1.8850e-02	9.5921e-01	2.1938e-02	1.1755e-36	5.3640e-01	4.6350e-01	9.2774e-05	1.1755e-36	1.1755e-36	1.1755e-36	1.4167e-16	0.00e+00	0.00e+00	7.8514e+00
2.90506e+17	5.1360e+03	1.162e-21	2.7826e+01	1.4952e+01	3.0165e-07	4.8819e-01	5.1181e-01	7.1599e-01	2.8399e-01	1.7376e-05	3.4960e-10	1.8565e-02	9.6002e-01	2.1412e-02	1.1755e-36	5.4731e-01	4.5260e-01	8.7171e-05	1.1755e-36	1.1755e-36	1.1755e-36	1.7892e-16	0.00e+00	0.00e+00	8.0186e+00
2.92419e+17	5.1000e+03	1.131e-21	2.7826e+01	1.4645e+01	3.3611e-07	4.9874e-01	5.0126e-01	7.2075e-01	2.7923e-01	1.7177e-05	3.9891e-10	1.8283e-02	9.6080e-01	2.0916e-02	1.1755e-36	5.5783e-01	4.4209e-01	8.2074e-05	1.1755e-36	1.1755e-36	1.1755e-36	2.2557e-16	0.00e+00	0.00e+00	8.1830e+00
2.94272e+17	5.0632e+03	1.101e-21	2.7826e+01	1.4345e+01	3.7428e-07	5.0906e-01	4.9094e-01	7.2535e-01	2.7463e-01	1.6986e-05	4.5519e-10	1.8004e-02	9.6155e-01	2.0441e-02	1.1755e-36	5.6808e-01	4.3185e-01	7.7379e-05	1.1755e-36	1.1755e-36	1.1755e-36	2.8450e-16	0.00e+00	0.00e+00	8.3467e+00
2.96084e+17	5.0253e+03	1.071e-21	2.7826e+01	1.4051e+01	4.1698e-07	5.1925e-01	4.8075e-01	7.2983e-01	2.7016e-01	1.6801e-05	5.2006e-10	1.7726e-02	9.6229e-01	1.9983e-02	1.1755e-36	5.7815e-01	4.2178e-01	7.3012e-05	1.1755e-36	1.1755e-36	1.1755e-36	3.5980e-16	0.00e+00	0.00e+00	8.5104e+00
2.97857e+17	4.9856e+03	1.042e-21	2.7826e+01	1.3760e+01	4.6512e-07	5.2932e-01	4.7068e-01	7.3419e-01	2.6579e-01	1.6620e-05	5.9152e-10	1.7449e-02	9.6301e-01	1.9537e-02	1.1755e-36	5.8805e-01	4.1188e-01	6.8948e-05	1.1755e-36	1.1755e-36	1.1755e-36	4.5171e-16	0.00e+00	0.00e+00	8.6733e+00
2.99580e+17	4.9433e+03	1.014e-21	2.7826e+01	1.3476e+01	5.1984e-07	5.3920e-01	4.6079e-01	7.3843e-01	2.6155e-01	1.6443e-05	6.6549e-10	1.7176e-02	9.6372e-01	1.9100e-02	1.1755e-36	5.9774e-01	4.0219e-01	6.5193e-05	1.1755e-36	1.1755e-36	1.1755e-36	5.5702e-16	0.00e+00	0.00e+00	8.8337e+00
3.01231e+17	4.9000e+03	9.867e-22	2.7826e+01	1.3200e+01	5.8055e-07	5.4872e-01	4.5128e-01	7.4246e-01	2.5753e-01	1.6278e-05	7.4695e-10	1.6908e-02	9.6441e-01	1.8687e-02	1.1755e-36	6.0702e-01	3.9291e-01	6.1777e-05	1.1755e-36	1.1755e-36	1.1755e-36	6.8480e-16	0.00e+00	0.00e+00	8.9888e+00
3.02804e+17	4.8575e+03	9.608e-22	2.7826e+01	1.2935e+01	6.4598e-07	5.5778e-01	4.4222e-01	7.4623e-01	2.5375e-01	1.6127e-05	8.3494e-10	1.6647e-02	9.6505e-01	1.8301e-02	1.1755e-36	6.1583e-01	3.8411e-01	5.8676e-05	1.1755e-36	1.1755e-36	1.1755e-36	8.3616e-16	0.00e+00	0.00e+00	9.1395e+00
3.04332e+17	4.8148e+03	9.358e-22	2.7826e+01	1.2678e+01	7.1843e-07	5.6665e-01	4.3335e-01	7.4992e-01	2.5006e-01	1.5978e-05	9.3259e-10	1.6392e-02	9.6568e-01	1.7928e-02	1.1755e-36	6.2442e-01	3.7552e-01	5.5784e-05	1.1755e-36	1.1755e-36	1.1755e-36	1.0200e-15	0.00e+00	0.00e+00	9.2906e+00
3.05844e+17	4.7719e+03	9.110e-22	2.7826e+01	1.2424e+01	7.9885e-07	5.7543e-01	4.2457e-01	7.5354e-01	2.4645e-01	1.5833e-05	1.0417e-09	1.6139e-02	9.6630e-01	1.7563e-02	1.1755e-36	6.3290e-01	3.6705e-01	5.3045e-05	1.1755e-36	1.1755e-36	1.1755e-36	1.2445e-15	0.00e+00	0.00e+00	9.4429e+00
3.07344e+17	4.7284e+03	8.864e-22	2.7826e+01	1.2168e+01	8.8819e-07	5.8406e-01	4.1594e-01	7.5707e-01	2.4292e-01	1.5698e-05	1.1629e-09	1.5880e-02	9.6691e-01	1.7212e-02	1.1755e-36	6.4118e-01	3.5876e-01	5.0469e-05	1.1755e-36	1.1755e-36	1.1755e-36	1.5176e-15	0.00e+00	0.00e+00	9.5963e+00
3.08836e+17	4.6789e+03	8.624e-22	2.7826e+01	1.1914e+01	9.9661e-07	5.9284e-01	4.0715e-01	7.6062e-01	2.3936e-01	1.5552e-05	1.3060e-09	1.5625e-02	9.6752e-01	1.6855e-02	1.1755e-36	6.4960e-01	3.5035e-01	4.7998e-05	1.1755e-36	1.1755e-36	1.1755e-36	1.8741e-15	0.00e+00	0.00e+00	9.7512e+00
3.10263e+17	4.6313e+03	8.399e-22	2.7826e+01	1.1680e+01	1.1136e-06	6.0133e-01	3.9867e-01	7.6404e-01	2.3594e-01	1.5405e-05	1.4620e-09	1.5388e-02	9.6810e-01	1.6515e-02	1.1755e-36	6.5770e-01	3.4225e-01	4.5725e-05	1.1755e-36	1.1755e-36	1.1755e-36	2.3005e-15	0.00e+00	0.00e+00	9.8956e+00
3.11596e+17	4.5930e+03	8.182e-22	2.7826e+01	1.1451e+01	1.2218e-06	6.0878e-01	3.9122e-01	7.6696e-01	2.3303e-01	1.5311e-05	1.6110e-09	1.5149e-02	9.6862e-01	1.6227e-02	1.1755e-36	6.6480e-01	3.3516e-01	4.3742e-05	1.1755e-36	1.1755e-36	1.1755e-36	2.7414e-15	0.00e+00	0.00e+00	1.0035e+01
3.12982e+17	4.5442e+03	7.961e-22	2.7826e+01	1.1214e+01	1.3649e-06	6.1692e-01	3.8308e-01	7.7022e-01	2.2976e-01	1.5180e-05	1.8005e-09	1.4905e-02	9.6919e-01	1.5906e-02	1.1755e-36	6.7249e-01	3.2747e-01	4.1713e-05	1.1755e-36	1.1755e-36	1.1755e-36	3.3576e-15	0.00e+00	0.00e+00	1.0194e+01
3.14417e+17	4.4912e+03	7.739e-22	2.7826e+01	1.0978e+01	1.5367e-06	6.2548e-01	3.7452e-01	7.7365e-01	2.2633e-01	1.5029e-05	2.0273e-09	1.4666e-02	9.6976e-01	1.5572e-02	1.1755e-36	6.8058e-01	3.1938e-01	3.9693e-05	1.1755e-36	1.1755e-36	1.1755e-36	4.1695e-15	0.00e+00	0.00e+00	1.0348e+01
3.15745e+17	4.4444e+03	7.533e-22	2.7826e+01	1.0751e+01	1.7055e-06	6.3301e-01	3.6699e-01	7.7651e-01	2.2347e-01	1.4931e-05	2.2496e-09	1.4427e-02	9.7028e-01	1.5290e-02	1.1755e-36	6.8766e-01	3.1230e-01	3.7961e-05	1.1755e-36	1.1755e-36	1.1755e-36	5.0450e-15	0.00e+00	0.00e+00	1.0487e+01
3.17005e+17	4.3939e+03	7.342e-22	2.7826e+01	1.0544e+01	1.9020e-06	6.4057e-01	3.5943e-01	7.7954e-01	2.2044e-01	1.4793e-05	2.5050e-09	1.4217e-02	9.7078e-01	1.4999e-02	1.1755e-36	6.9476e-01	3.0521e-01	3.6316e-05	1.1755e-36	1.1755e-36	1.1755e-36	6.1430e-15	0.00e+00	0.00e+00	1.0630e+01
3.18251e+17	4.3450e+03	7.153e-22	2.7826e+01	1.0335e+01	2.1120e-06	6.4781e-01	3.5219e-01	7.8236e-01	2.1763e-01	1.4680e-05	2.7765e-09	1.4001e-02	9.7127e-01	1.4727e-02	1.1755e-36	7.0153e-01	2.9844e-01	3.4784e-05	1.1755e-36	1.1755e-36	1.1755e-36	7.4193e-15	0.00e+00	0.00e+00	1.0770e+01
3.19480e+17	4.2956e+03	6.969e-22	2.7826e+01	1.0130e+01	2.3438e-06	6.5496e-01	3.4504e-01	7.8516e-01	2.1483e-01	1.4565e-05	3.0749e-09	1.3789e-02	9.7175e-01	1.4459e-02	1.1755e-36	7.0820e-01	2.9177e-01	3.3322e-05	1.1755e-36	1.1755e-36	1.1755e-36	8.9465e-15	0.00e+00	0.00e+00	1.0911e+01
3.20720e+17	4.2446e+03	6.785e-22	2.7826e+01	9.9245e+00	2.6043e-06	6.6215e-01	3.3785e-01	7.8796e-01	2.1202e-01	1.4449e-05	3.4079e-09	1.3576e-02	9.7223e-01	1.4191e-02	1.1755e-36	7.1489e-01	2.8508e-01	3.1903e-05	1.1755e-36	1.1755e-36	1.1755e-36	1.0804e-14	0.00e+00	0.00e+00	1.1056e+01
3.21966e+17	4.1871e+03	6.604e-22	2.7826e+01	9.7160e+00	2.9177e-06	6.6950e-01	3.3050e-01	7.9085e-01	2.0913e-01	1.4319e-05	3.7940e-09	1.3364e-02	9.7272e-01	1.3918e-02	1.1755e-36	7.2171e-01	2.7826e-01	3.0527e-05	1.1755e-36	1.1755e-36	1.1755e-36	1.3167e-14	0.00e+00	0.00e+00	1.1203e+01
3.23169e+17	4.1397e+03	6.429e-22	2.7826e+01	9.5187e+00	3.2101e-06	6.7623e-01	3.2377e-01	7.9339e-01	2.0660e-01	1.4227e-05	4.1668e-09	1.3155e-02	9.7317e-01	1.3677e-02	1.1755e-36	7.2792e-01	2.7205e-01	2.9275e-05	1.1755e-36	1.1755e-36	1.1755e-36	1.5631e-14	0.00e+00	0.00e+00	1.1341e+01
3.24386e+17	4.0805e+03	6.255e-22	2.7826e+01	9.3103e+00	3.5832e-06	6.8326e-01	3.1673e-01	7.9613e-01	2.0386e-01	1.4111e-05	4.6115e-09	1.2942e-02	9.7364e-01	1.3418e-02	1.1755e-36	7.3442e-01	2.6555e-01	2.8037e-05	1.1755e-36	1.1755e-36	1.1755e-36	1.8847e-14	0.00e+00	0.00e+00	1.1494e+01
3.25635e+17	4.0236e+03	6.081e-22	2.7826e+01	9.1092e+00	3.9830e-06	6.9051e-01	3.0949e-01	7.9891e-01	2.0107e-01	1.3988e-05	5.0978e-09	1.2737e-02	9.7410e-01	1.3160e-02	1.1755e-36	7.4107e-01	2.5890e-01	2.6804e-05	1.1755e-36	1.1755e-36	1.1755e-36	2.2647e-14	0.00e+00	0.00e+00	1.1642e+01
3.26856e+17	3.9663e+03	5.910e-22	2.7826e+01	8.9072e+00	4.4104e-06	6.9755e-01	3.0245e-01	8.0154e-01	1.9844e-01	1.3882e-05	5.6060e-09	1.2530e-02	9.7456e-01	1.2915e-02	1.1755e-36	7.4753e-01	2.5245e-01	2.5645e-05	1.1755e-36	1.1755e-36	1.1755e-36	2.6958e-14	0.00e+00	0.00e+00	1.1791e+01
