#depth	Te	Htot	hden	eden	2H_2/H	HI	HII	HeI	HeII	HeIII	CO/C	C1	C2	C3	C4	O1	O2	O3	O4	O5	O6	H2O/O	AV(point)	AV(extend)	Tau912
5.46677e+10	8.8271e+03	2.637e-14	1.0000e+05	1.0839e+05	1.5408e-15	2.2428e-03	9.9776e-01	1.2117e-02	9.8525e-01	2.6334e-03	1.7157e-17	1.2537e-04	1.8517e-01	8.1373e-01	9.8372e-04	1.1779e-03	5.0481e-01	4.9361e-01	3.9988e-04	1.1755e-36	1.1755e-36	1.2643e-25	0.00e+00	0.00e+00	1.5483e-04
3.28006e+11	8.8250e+03	2.636e-14	1.0000e+05	1.0838e+05	1.5421e-15	2.2422e-03	9.9776e-01	1.2117e-02	9.8525e-01	2.6315e-03	1.7141e-17	1.2524e-04	1.8516e-01	8.1372e-01	9.8629e-04	1.1773e-03	5.0471e-01	4.9371e-01	3.9857e-04	1.1755e-36	1.1755e-36	1.2626e-25	0.00e+00	0.00e+00	7.7395e-04
1.42136e+12	8.8216e+03	2.633e-14	1.0000e+05	1.0838e+05	1.5434e-15	2.2409e-03	9.9776e-01	1.2120e-02	9.8526e-01	2.6154e-03	1.7126e-17	1.2503e-04	1.8521e-01	8.1368e-01	9.8488e-04	1.1770e-03	5.0482e-01	4.9361e-01	3.9285e-04	1.1755e-36	1.1755e-36	1.2603e-25	0.00e+00	0.00e+00	3.2490e-03
5.79477e+12	8.8113e+03	2.625e-14	1.0000e+05	1.0838e+05	1.5480e-15	2.2391e-03	9.9776e-01	1.2144e-02	9.8533e-01	2.5297e-03	1.7149e-17	1.2490e-04	1.8551e-01	8.1339e-01	9.7656e-04	1.1785e-03	5.0554e-01	4.9291e-01	3.7052e-04	1.1755e-36	1.1755e-36	1.2585e-25	0.00e+00	0.00e+00	1.3141e-02
1.38418e+13	8.7838e+03	2.594e-14	1.0000e+05	1.0838e+05	1.5303e-15	2.2155e-03	9.9778e-01	1.2122e-02	9.8539e-01	2.4839e-03	1.6725e-17	1.2369e-04	1.8539e-01	8.1352e-01	9.7041e-04	1.1676e-03	5.0565e-01	4.9284e-01	3.4233e-04	1.1755e-36	1.1755e-36	1.2103e-25	0.00e+00	0.00e+00	2.5866e-02
2.43031e+13	8.7519e+03	2.563e-14	1.0000e+05	1.0838e+05	1.5177e-15	2.1946e-03	9.9781e-01	1.2120e-02	9.8553e-01	2.3479e-03	1.6375e-17	1.2299e-04	1.8551e-01	8.1341e-01	9.5688e-04	1.1598e-03	5.0631e-01	4.9222e-01	3.0707e-04	1.1755e-36	1.1755e-36	1.1673e-25	0.00e+00	0.00e+00	4.2252e-02
3.79026e+13	8.7172e+03	2.529e-14	1.0000e+05	1.0838e+05	1.5056e-15	2.1746e-03	9.9783e-01	1.2135e-02	9.8574e-01	2.1265e-03	1.6049e-17	1.2254e-04	1.8584e-01	8.1311e-01	9.3648e-04	1.1541e-03	5.0755e-01	4.9103e-01	2.6521e-04	1.1755e-36	1.1755e-36	1.1242e-25	0.00e+00	0.00e+00	6.3359e-02
5.55820e+13	8.6759e+03	2.491e-14	1.0000e+05	1.0838e+05	1.4987e-15	2.1564e-03	9.9784e-01	1.2173e-02	9.8600e-01	1.8228e-03	1.5781e-17	1.2239e-04	1.8646e-01	8.1250e-01	9.0858e-04	1.1516e-03	5.0961e-01	4.8902e-01	2.1789e-04	1.1755e-36	1.1755e-36	1.0837e-25	0.00e+00	0.00e+00	9.0569e-02
7.85653e+13	8.6342e+03	2.449e-14	1.0000e+05	1.0838e+05	1.4899e-15	2.1395e-03	9.9786e-01	1.2236e-02	9.8631e-01	1.4553e-03	1.5545e-17	1.2256e-04	1.8742e-01	8.1158e-01	8.7424e-04	1.1527e-03	5.1268e-01	4.8600e-01	1.6776e-04	1.1755e-36	1.1755e-36	1.0427e-25	0.00e+00	0.00e+00	1.2567e-01
1.08444e+14	8.5859e+03	2.402e-14	1.0000e+05	1.0837e+05	1.4870e-15	2.1269e-03	9.9787e-01	1.2343e-02	9.8660e-01	1.0597e-03	1.5403e-17	1.2324e-04	1.8894e-01	8.1011e-01	8.3407e-04	1.1601e-03	5.1720e-01	4.8152e-01	1.1870e-04	1.1755e-36	1.1755e-36	1.0049e-25	0.00e+00	0.00e+00	1.7102e-01
1.47285e+14	8.5359e+03	2.351e-14	1.0000e+05	1.0837e+05	1.4890e-15	2.1201e-03	9.9788e-01	1.2507e-02	9.8681e-01	6.8739e-04	1.5398e-17	1.2463e-04	1.9119e-01	8.0789e-01	7.9037e-04	1.1758e-03	5.2354e-01	4.7521e-01	7.5418e-05	1.1755e-36	1.1755e-36	9.7335e-26	0.00e+00	0.00e+00	2.2980e-01
1.97779e+14	8.4822e+03	2.297e-14	1.0000e+05	1.0836e+05	1.5015e-15	2.1237e-03	9.9788e-01	1.2761e-02	9.8685e-01	3.8627e-04	1.5614e-17	1.2712e-04	1.9457e-01	8.0456e-01	7.4429e-04	1.2041e-03	5.3231e-01	4.6644e-01	4.1870e-05	1.1755e-36	1.1755e-36	9.5151e-26	0.00e+00	0.00e+00	3.0634e-01
2.63422e+14	8.4295e+03	2.240e-14	1.0000e+05	1.0836e+05	1.5293e-15	2.1439e-03	9.9786e-01	1.3149e-02	9.8667e-01	1.8234e-04	1.6195e-17	1.3129e-04	1.9958e-01	7.9959e-01	6.9590e-04	1.2511e-03	5.4430e-01	4.5443e-01	1.9730e-05	1.1755e-36	1.1755e-36	9.4729e-26	0.00e+00	0.00e+00	4.0678e-01
3.48757e+14	8.3802e+03	2.183e-14	1.0000e+05	1.0835e+05	1.5816e-15	2.1906e-03	9.9781e-01	1.3752e-02	9.8618e-01	6.9879e-05	1.7380e-17	1.3809e-04	2.0711e-01	7.9211e-01	6.4283e-04	1.3276e-03	5.6076e-01	4.3790e-01	7.7131e-06	1.1755e-36	1.1755e-36	9.7049e-26	0.00e+00	0.00e+00	5.4021e-01
4.59693e+14	8.3416e+03	2.129e-14	1.0000e+05	1.0833e+05	1.6783e-15	2.2811e-03	9.9772e-01	1.4711e-02	9.8527e-01	2.1007e-05	1.9722e-17	1.4922e-04	2.1861e-01	7.8066e-01	5.8121e-04	1.4528e-03	5.8365e-01	4.1490e-01	2.5397e-06	1.1755e-36	1.1755e-36	1.0488e-25	0.00e+00	0.00e+00	7.2082e-01
6.03910e+14	8.3137e+03	2.084e-14	1.0000e+05	1.0829e+05	1.8721e-15	2.4496e-03	9.9755e-01	1.6304e-02	9.8369e-01	4.8215e-06	2.4553e-17	1.6804e-04	2.3684e-01	7.6249e-01	5.0591e-04	1.6661e-03	6.1620e-01	3.8213e-01	8.1394e-07	1.1755e-36	1.1755e-36	1.2455e-25	0.00e+00	0.00e+00	9.7298e-01
7.54023e+14	8.3048e+03	2.049e-14	1.0000e+05	1.0825e+05	2.0930e-15	2.6634e-03	9.9734e-01	1.8353e-02	9.8165e-01	1.1093e-06	3.1024e-17	1.9146e-04	2.5881e-01	7.4056e-01	4.3481e-04	1.9361e-03	6.5133e-01	3.4673e-01	3.8269e-07	1.1755e-36	1.1755e-36	1.4939e-25	0.00e+00	0.00e+00	1.2037e+00
8.75704e+14	8.3262e+03	2.039e-14	1.0000e+05	1.0820e+05	2.3525e-15	2.9070e-03	9.9709e-01	2.0633e-02	9.7937e-01	3.8562e-07	3.9620e-17	2.1693e-04	2.8144e-01	7.1796e-01	3.7831e-04	2.2358e-03	6.8322e-01	3.1454e-01	2.6087e-07	1.1755e-36	1.1755e-36	1.8504e-25	0.00e+00	0.00e+00	1.3986e+00
9.75630e+14	8.3594e+03	2.044e-14	1.0000e+05	1.0816e+05	2.6722e-15	3.1765e-03	9.9682e-01	2.3163e-02	9.7684e-01	1.7541e-07	5.1128e-17	2.4427e-04	3.0468e-01	6.9475e-01	3.3123e-04	2.5655e-03	7.1241e-01	2.8503e-01	2.0038e-07	1.1755e-36	1.1755e-36	2.3576e-25	0.00e+00	0.00e+00	1.5865e+00
1.06800e+15	8.4021e+03	2.056e-14	1.0000e+05	1.0809e+05	3.0858e-15	3.4930e-03	9.9651e-01	2.6208e-02	9.7379e-01	8.8794e-08	6.7544e-17	2.7592e-04	3.3052e-01	6.6892e-01	2.8761e-04	2.9561e-03	7.4150e-01	2.5555e-01	1.5645e-07	1.1755e-36	1.1755e-36	3.1121e-25	0.00e+00	0.00e+00	1.7873e+00
1.15712e+15	8.4423e+03	2.076e-14	1.0000e+05	1.0801e+05	3.6574e-15	3.8802e-03	9.9612e-01	3.0066e-02	9.6993e-01	4.7849e-08	9.1948e-17	3.1364e-04	3.6035e-01	6.3909e-01	2.4557e-04	3.4383e-03	7.7126e-01	2.2530e-01	1.1755e-36	1.1755e-36	1.1755e-36	4.2707e-25	0.00e+00	0.00e+00	2.0009e+00
1.23984e+15	8.5020e+03	2.100e-14	1.0000e+05	1.0793e+05	4.3355e-15	4.3293e-03	9.9567e-01	3.4816e-02	9.6518e-01	2.7900e-08	1.2620e-16	3.5633e-04	3.9317e-01	6.0626e-01	2.0741e-04	4.0052e-03	8.0008e-01	1.9592e-01	1.1755e-36	1.1755e-36	1.1755e-36	5.9372e-25	0.00e+00	0.00e+00	2.2148e+00
1.31368e+15	8.5577e+03	2.128e-14	1.0000e+05	1.0784e+05	5.2599e-15	4.8399e-03	9.9516e-01	4.0619e-02	9.5938e-01	1.7630e-08	1.7628e-16	4.0336e-04	4.2822e-01	5.7120e-01	1.7346e-04	4.6550e-03	8.2679e-01	1.6855e-01	1.1755e-36	1.1755e-36	1.1755e-36	8.5701e-25	0.00e+00	0.00e+00	2.4270e+00
1.37966e+15	8.6109e+03	2.161e-14	1.0000e+05	1.0775e+05	6.4621e-15	5.4139e-03	9.9459e-01	4.7683e-02	9.5232e-01	1.1861e-08	2.4786e-16	4.5349e-04	4.6503e-01	5.3437e-01	1.4355e-04	5.3908e-03	8.5115e-01	1.4346e-01	1.1755e-36	1.1755e-36	1.1755e-36	1.2610e-24	0.00e+00	0.00e+00	2.6407e+00
1.43963e+15	8.6406e+03	2.197e-14	1.0000e+05	1.0756e+05	7.9776e-15	6.0826e-03	9.9392e-01	5.6321e-02	9.4368e-01	8.3024e-09	3.4461e-16	5.0921e-04	5.0442e-01	4.9495e-01	1.1667e-04	6.2497e-03	8.7342e-01	1.2033e-01	1.1755e-36	1.1755e-36	1.1755e-36	1.8065e-24	0.00e+00	0.00e+00	2.8614e+00
1.49469e+15	8.6980e+03	2.232e-14	1.0000e+05	1.0741e+05	9.9369e-15	6.8402e-03	9.9316e-01	6.7391e-02	9.3261e-01	6.0477e-09	4.8829e-16	5.6847e-04	5.4561e-01	4.5373e-01	9.3298e-05	7.2283e-03	8.9348e-01	9.9292e-02	1.1755e-36	1.1755e-36	1.1755e-36	2.7082e-24	0.00e+00	0.00e+00	3.0888e+00
1.54558e+15	8.7308e+03	2.272e-14	1.0000e+05	1.0719e+05	1.2520e-14	7.7355e-03	9.9226e-01	8.1818e-02	9.1818e-01	4.5019e-09	6.8959e-16	6.3246e-04	5.8936e-01	4.0993e-01	7.2567e-05	8.3835e-03	9.1145e-01	8.0168e-02	1.1755e-36	1.1755e-36	1.1755e-36	4.0071e-24	0.00e+00	0.00e+00	3.3287e+00
1.59277e+15	8.7827e+03	2.313e-14	1.0000e+05	1.0699e+05	1.6149e-14	8.7755e-03	9.9122e-01	1.0133e-01	8.9867e-01	3.4324e-09	1.0047e-15	7.0011e-04	6.3490e-01	3.6435e-01	5.4822e-05	9.7264e-03	9.2720e-01	6.3069e-02	1.1755e-36	1.1755e-36	1.1755e-36	6.3252e-24	0.00e+00	0.00e+00	3.5795e+00
1.63279e+15	8.8059e+03	2.353e-14	1.0000e+05	1.0659e+05	2.0149e-14	9.9104e-03	9.9009e-01	1.2523e-01	8.7477e-01	2.7011e-09	1.3767e-15	7.6520e-04	6.7806e-01	3.2114e-01	4.0999e-05	1.1186e-02	9.3960e-01	4.9217e-02	1.1755e-36	1.1755e-36	1.1755e-36	8.9922e-24	0.00e+00	0.00e+00	3.7973e+00
1.66483e+15	8.8203e+03	2.391e-14	1.0000e+05	1.0628e+05	2.5267e-14	1.1049e-02	9.8895e-01	1.5346e-01	8.4654e-01	2.2104e-09	1.8701e-15	8.2355e-04	7.1577e-01	2.8337e-01	3.0909e-05	1.2645e-02	9.4866e-01	3.8697e-02	1.1755e-36	1.1755e-36	1.1755e-36	1.3002e-23	0.00e+00	0.00e+00	4.0015e+00
1.69188e+15	8.8574e+03	2.419e-14	1.0000e+05	1.0596e+05	3.0776e-14	1.2181e-02	9.8782e-01	1.8684e-01	8.1316e-01	1.8487e-09	2.4716e-15	8.7401e-04	7.4894e-01	2.5016e-01	2.3414e-05	1.4096e-02	9.5548e-01	3.0423e-02	1.1755e-36	1.1755e-36	1.1755e-36	1.8296e-23	0.00e+00	0.00e+00	4.1926e+00
1.71557e+15	8.8645e+03	2.443e-14	1.0000e+05	1.0538e+05	3.6607e-14	1.3374e-02	9.8663e-01	2.2619e-01	7.7381e-01	1.5348e-09	3.1174e-15	9.1943e-04	7.7863e-01	2.2043e-01	1.7635e-05	1.5617e-02	9.6061e-01	2.3773e-02	1.1755e-36	1.1755e-36	1.1755e-36	2.3674e-23	0.00e+00	0.00e+00	4.3827e+00
1.73732e+15	8.8765e+03	2.468e-14	1.0000e+05	1.0499e+05	4.4736e-14	1.4689e-02	9.8531e-01	2.7650e-01	7.2350e-01	1.2737e-09	4.0643e-15	9.6359e-04	8.0626e-01	1.9276e-01	1.3028e-05	1.7284e-02	9.6453e-01	1.8185e-02	1.1755e-36	1.1755e-36	1.1755e-36	3.2725e-23	0.00e+00	0.00e+00	4.5774e+00
1.75718e+15	8.8847e+03	2.487e-14	1.0000e+05	1.0440e+05	5.4076e-14	1.6094e-02	9.8391e-01	3.3838e-01	6.6162e-01	1.0408e-09	5.2188e-15	1.0019e-03	8.3086e-01	1.6813e-01	9.4996e-06	1.9060e-02	9.6731e-01	1.3633e-02	1.1755e-36	1.1755e-36	1.1755e-36	4.3951e-23	0.00e+00	0.00e+00	4.7677e+00
1.77488e+15	8.8957e+03	2.494e-14	1.0000e+05	1.0353e+05	6.3697e-14	1.7519e-02	9.8248e-01	4.0981e-01	5.9019e-01	8.3358e-10	6.5030e-15	1.0313e-03	8.5141e-01	1.4756e-01	6.9344e-06	2.0855e-02	9.6904e-01	1.0104e-02	1.1755e-36	1.1755e-36	1.1755e-36	5.6070e-23	0.00e+00	0.00e+00	4.9523e+00
1.79109e+15	8.8968e+03	2.500e-14	1.0000e+05	1.0268e+05	7.6165e-14	1.9056e-02	9.8094e-01	4.9162e-01	5.0838e-01	6.4852e-10	8.2073e-15	1.0570e-03	8.6882e-01	1.3012e-01	5.0189e-06	2.2781e-02	9.6987e-01	7.3534e-03	1.1755e-36	1.1755e-36	1.1755e-36	7.3213e-23	0.00e+00	0.00e+00	5.1416e+00
1.80658e+15	8.8920e+03	2.505e-14	1.0000e+05	1.0189e+05	9.3701e-14	2.0797e-02	9.7920e-01	5.8354e-01	4.1646e-01	4.8292e-10	1.0677e-14	1.0803e-03	8.8370e-01	1.1522e-01	3.5671e-06	2.4950e-02	9.6985e-01	5.1963e-03	1.1755e-36	1.1755e-36	1.1755e-36	1.0072e-22	0.00e+00	0.00e+00	5.3418e+00
1.82171e+15	8.8891e+03	2.504e-14	1.0000e+05	1.0093e+05	1.1408e-13	2.2752e-02	9.7725e-01	6.7924e-01	3.2076e-01	3.3786e-10	1.3721e-14	1.0981e-03	8.9593e-01	1.0297e-01	2.4954e-06	2.7375e-02	9.6907e-01	3.5574e-03	1.1755e-36	1.1755e-36	1.1755e-36	1.3479e-22	0.00e+00	0.00e+00	5.5574e+00
1.83607e+15	8.8829e+03	2.505e-14	1.0000e+05	9.9955e+04	1.3929e-13	2.4918e-02	9.7508e-01	7.6637e-01	2.3363e-01	2.2456e-10	1.7540e-14	1.1116e-03	9.0545e-01	9.3437e-02	1.7443e-06	3.0049e-02	9.6755e-01	2.4006e-03	1.1755e-36	1.1755e-36	1.1755e-36	1.8041e-22	0.00e+00	0.00e+00	5.7733e+00
1.85185e+15	8.8671e+03	2.510e-14	1.0000e+05	9.8978e+04	1.7788e-13	2.7806e-02	9.7219e-01	8.4614e-01	1.5386e-01	1.3355e-10	2.3291e-14	1.1251e-03	9.1402e-01	8.4856e-02	1.1438e-06	3.3602e-02	9.6488e-01	1.5135e-03	1.1755e-36	1.1755e-36	1.1755e-36	2.5717e-22	0.00e+00	0.00e+00	6.0866e+00
1.87237e+15	8.8454e+03	2.533e-14	1.0000e+05	9.7937e+04	2.5152e-13	3.2522e-02	9.6748e-01	9.1695e-01	8.3045e-02	6.3611e-11	3.4053e-14	1.1414e-03	9.2292e-01	7.5937e-02	6.4367e-07	3.9382e-02	9.5981e-01	8.0738e-04	1.1755e-36	1.1755e-36	1.1755e-36	4.2713e-22	0.00e+00	0.00e+00	6.5628e+00
1.89422e+15	8.8343e+03	2.567e-14	1.0000e+05	9.6579e+04	3.6487e-13	3.9153e-02	9.6085e-01	9.5913e-01	4.0870e-02	2.7625e-11	5.0178e-14	1.1517e-03	9.3068e-01	6.8173e-02	3.4166e-07	4.7480e-02	9.5212e-01	3.9968e-04	1.1755e-36	1.1755e-36	1.1755e-36	7.2527e-22	0.00e+00	0.00e+00	7.0699e+00
1.91445e+15	8.8073e+03	2.615e-14	1.0000e+05	9.5601e+04	5.5873e-13	4.8070e-02	9.5193e-01	9.7879e-01	2.1209e-02	1.2916e-11	7.6936e-14	1.1647e-03	9.3789e-01	6.0947e-02	1.7931e-07	5.8329e-02	9.4147e-01	2.0246e-04	1.1755e-36	1.1755e-36	1.1755e-36	1.3416e-21	0.00e+00	0.00e+00	7.6754e+00
1.93316e+15	8.7738e+03	2.658e-14	1.0000e+05	9.4386e+04	9.0678e-13	5.9964e-02	9.4004e-01	9.8820e-01	1.1798e-02	6.5695e-12	1.2388e-13	1.1729e-03	9.4475e-01	5.4081e-02	1.1755e-36	7.2741e-02	9.2715e-01	1.0517e-04	1.1755e-36	1.1755e-36	1.1755e-36	2.7299e-21	0.00e+00	0.00e+00	8.3366e+00
1.94718e+15	8.7366e+03	2.689e-14	1.0000e+05	9.3277e+04	1.4384e-12	7.2956e-02	9.2704e-01	9.9224e-01	7.7637e-03	4.0697e-12	1.9438e-13	1.1775e-03	9.5033e-01	4.8491e-02	1.1755e-36	8.8400e-02	9.1154e-01	6.2986e-05	1.1755e-36	1.1755e-36	1.1755e-36	5.4588e-21	0.00e+00	0.00e+00	8.8242e+00
1.95614e+15	8.7213e+03	2.684e-14	1.0000e+05	9.1940e+04	1.9119e-12	8.3725e-02	9.1627e-01	9.9401e-01	5.9933e-03	3.0427e-12	2.5540e-13	1.1715e-03	9.5396e-01	4.4872e-02	1.1755e-36	1.0132e-01	8.9864e-01	4.4678e-05	1.1755e-36	1.1755e-36	1.1755e-36	8.1596e-21	0.00e+00	0.00e+00	9.2116e+00
1.96457e+15	8.6723e+03	2.671e-14	1.0000e+05	9.0468e+04	2.6972e-12	9.6804e-02	9.0320e-01	9.9537e-01	4.6347e-03	2.2733e-12	3.5137e-13	1.1654e-03	9.5767e-01	4.1169e-02	1.1755e-36	1.1693e-01	8.8304e-01	3.1409e-05	1.1755e-36	1.1755e-36	1.1755e-36	1.3245e-20	0.00e+00	0.00e+00	9.7940e+00
1.97390e+15	8.6204e+03	2.641e-14	1.0000e+05	8.8610e+04	4.0514e-12	1.1522e-01	8.8478e-01	9.9647e-01	3.5343e-03	1.6780e-12	5.1341e-13	1.1547e-03	9.6189e-01	3.6958e-02	1.1755e-36	1.3876e-01	8.6122e-01	2.0956e-05	1.1755e-36	1.1755e-36	1.1755e-36	2.3581e-20	0.00e+00	0.00e+00	1.0460e+01
1.98209e+15	8.5719e+03	2.588e-14	1.0000e+05	8.6457e+04	6.0465e-12	1.3657e-01	8.6343e-01	9.9719e-01	2.8119e-03	1.3070e-12	7.4453e-13	1.1384e-03	9.6576e-01	3.3097e-02	1.1755e-36	1.6383e-01	8.3616e-01	1.4363e-05	1.1755e-36	1.1755e-36	1.1755e-36	4.1626e-20	0.00e+00	0.00e+00	1.1082e+01
1.98861e+15	8.5027e+03	2.523e-14	1.0000e+05	8.4235e+04	8.7821e-12	1.5890e-01	8.4110e-01	9.9765e-01	2.3470e-03	1.0763e-12	1.0391e-12	1.1199e-03	9.6905e-01	2.9831e-02	1.1755e-36	1.8981e-01	8.1018e-01	1.0371e-05	1.1755e-36	1.1755e-36	1.1755e-36	6.9306e-20	0.00e+00	0.00e+00	1.1668e+01
1.99421e+15	8.4323e+03	2.447e-14	1.0000e+05	8.2064e+04	1.2519e-11	1.8332e-01	8.1668e-01	9.9799e-01	2.0128e-03	9.1434e-13	1.4241e-12	1.1005e-03	9.7202e-01	2.6884e-02	1.1755e-36	2.1791e-01	7.8208e-01	7.6522e-06	1.1755e-36	1.1755e-36	1.1755e-36	1.1236e-19	0.00e+00	0.00e+00	1.2287e+01
1.99950e+15	8.3618e+03	2.335e-14	1.0000e+05	7.9042e+04	1.7922e-11	2.1079e-01	7.8921e-01	9.9825e-01	1.7458e-03	7.9525e-13	1.9404e-12	1.0691e-03	9.7473e-01	2.4205e-02	1.1755e-36	2.4916e-01	7.5083e-01	5.6504e-06	1.1755e-36	1.1755e-36	1.1755e-36	1.8085e-19	0.00e+00	0.00e+00	1.2983e+01
2.00485e+15	8.2688e+03	2.194e-14	1.0000e+05	7.5561e+04	2.6882e-11	2.4545e-01	7.5455e-01	9.9849e-01	1.5128e-03	6.9414e-13	2.7355e-12	1.0321e-03	9.7756e-01	2.1405e-02	1.1755e-36	2.8803e-01	7.1196e-01	4.0522e-06	1.1755e-36	1.1755e-36	1.1755e-36	3.0775e-19	0.00e+00	0.00e+00	1.3831e+01
2.00996e+15	8.1565e+03	2.025e-14	1.0000e+05	7.1503e+04	4.1296e-11	2.8598e-01	7.1402e-01	9.9867e-01	1.3317e-03	6.2177e-13	3.8908e-12	9.8669e-04	9.8028e-01	1.8731e-02	1.1755e-36	3.3272e-01	6.6728e-01	2.8876e-06	1.1755e-36	1.1755e-36	1.1755e-36	5.3304e-19	0.00e+00	0.00e+00	1.4689e+01
2.01401e+15	8.0469e+03	1.863e-14	1.0000e+05	6.7669e+04	5.9653e-11	3.2428e-01	6.7572e-01	9.9879e-01	1.2148e-03	5.8077e-13	5.1995e-12	9.4209e-04	9.8244e-01	1.6621e-02	1.1755e-36	3.7421e-01	6.2579e-01	2.1706e-06	1.1755e-36	1.1755e-36	1.1755e-36	8.3795e-19	0.00e+00	0.00e+00	1.5375e+01
2.01687e+15	7.9554e+03	1.733e-14	1.0000e+05	6.4609e+04	7.8552e-11	3.5498e-01	6.4502e-01	9.9886e-01	1.1443e-03	5.5950e-13	6.4055e-12	9.0574e-04	9.8394e-01	1.5150e-02	1.1755e-36	4.0694e-01	5.9306e-01	1.7550e-06	1.1755e-36	1.1755e-36	1.1755e-36	1.1602e-18	0.00e+00	0.00e+00	1.5904e+01
2.01905e+15	7.8721e+03	1.627e-14	1.0000e+05	6.2125e+04	9.8245e-11	3.8098e-01	6.1902e-01	9.9891e-01	1.0945e-03	5.4561e-13	7.5493e-12	8.7587e-04	9.8510e-01	1.4024e-02	1.1755e-36	4.3433e-01	5.6567e-01	1.4780e-06	1.1755e-36	1.1755e-36	1.1755e-36	1.4994e-18	0.00e+00	0.00e+00	1.6385e+01
2.02105e+15	7.7910e+03	1.522e-14	1.0000e+05	5.9588e+04	1.2133e-10	4.0630e-01	5.9370e-01	9.9895e-01	1.0530e-03	5.3686e-13	8.7667e-12	8.4480e-04	9.8613e-01	1.3029e-02	1.1755e-36	4.6068e-01	5.3932e-01	1.2554e-06	1.1755e-36	1.1755e-36	1.1755e-36	1.8935e-18	0.00e+00	0.00e+00	1.6897e+01
2.02298e+15	7.6976e+03	1.417e-14	1.0000e+05	5.6949e+04	1.5045e-10	4.3205e-01	5.6795e-01	9.9898e-01	1.0155e-03	5.3100e-13	1.0119e-11	8.1222e-04	9.8710e-01	1.2093e-02	1.1755e-36	4.8721e-01	5.1279e-01	1.0687e-06	1.1755e-36	1.1755e-36	1.1755e-36	2.3671e-18	0.00e+00	0.00e+00	1.7409e+01
2.02473e+15	7.6171e+03	1.320e-14	1.0000e+05	5.4570e+04	1.8242e-10	4.5647e-01	5.4353e-01	9.9901e-01	9.8637e-04	5.2880e-13	1.1519e-11	7.8262e-04	9.8796e-01	1.1261e-02	1.1755e-36	5.1204e-01	4.8796e-01	9.2032e-07	1.1755e-36	1.1755e-36	1.1755e-36	2.9003e-18	0.00e+00	0.00e+00	1.7876e+01
2.02628e+15	7.5375e+03	1.231e-14	1.0000e+05	5.2302e+04	2.1785e-10	4.7892e-01	5.2108e-01	9.9904e-01	9.6386e-04	5.3017e-13	1.2895e-11	7.5388e-04	9.8870e-01	1.0546e-02	1.1755e-36	5.3465e-01	4.6535e-01	8.0341e-07	1.1755e-36	1.1755e-36	1.1755e-36	3.4595e-18	0.00e+00	0.00e+00	1.8325e+01
2.02771e+15	7.4567e+03	1.149e-14	1.0000e+05	5.0160e+04	2.5800e-10	5.0024e-01	4.9976e-01	9.9905e-01	9.4511e-04	5.3331e-13	1.4296e-11	7.2658e-04	9.8937e-01	9.9018e-03	1.1755e-36	5.5593e-01	4.4407e-01	7.0717e-07	1.1755e-36	1.1755e-36	1.1755e-36	4.0638e-18	0.00e+00	0.00e+00	1.8758e+01
2.02904e+15	7.3737e+03	1.073e-14	1.0000e+05	4.8120e+04	3.0381e-10	5.2063e-01	4.7937e-01	9.9907e-01	9.2935e-04	5.3796e-13	1.5723e-11	7.0049e-04	9.8998e-01	9.3157e-03	1.1755e-36	5.7608e-01	4.2392e-01	6.2658e-07	1.1755e-36	1.1755e-36	1.1755e-36	4.7134e-18	0.00e+00	0.00e+00	1.9180e+01
2.03029e+15	7.2903e+03	1.002e-14	1.0000e+05	4.6163e+04	3.5575e-10	5.4014e-01	4.5986e-01	9.9908e-01	9.1629e-04	5.4426e-13	1.7168e-11	6.7528e-04	9.9055e-01	8.7792e-03	1.1755e-36	5.9521e-01	4.0479e-01	5.5818e-07	1.1755e-36	1.1755e-36	1.1755e-36	5.4046e-18	0.00e+00	0.00e+00	1.9593e+01
2.03130e+15	7.2346e+03	9.459e-15	1.0000e+05	4.4574e+04	3.9899e-10	5.5484e-01	4.4516e-01	9.9909e-01	9.0914e-04	5.5295e-13	1.8277e-11	6.5412e-04	9.9096e-01	8.3849e-03	1.1755e-36	6.0950e-01	3.9050e-01	5.1078e-07	1.1755e-36	1.1755e-36	1.1755e-36	5.9559e-18	0.00e+00	0.00e+00	1.9875e+01
2.03205e+15	7.1806e+03	9.046e-15	1.0000e+05	4.3395e+04	4.3976e-10	5.6671e-01	4.3329e-01	9.9910e-01	9.0325e-04	5.5872e-13	1.9232e-11	6.3878e-04	9.9128e-01	8.0770e-03	1.1755e-36	6.2098e-01	3.7902e-01	4.7603e-07	1.1755e-36	1.1755e-36	1.1755e-36	6.4466e-18	0.00e+00	0.00e+00	2.0125e+01
2.03277e+15	7.1220e+03	8.646e-15	1.0000e+05	4.2226e+04	4.8596e-10	5.7848e-01	4.2152e-01	9.9910e-01	8.9722e-04	5.6449e-13	2.0210e-11	6.2363e-04	9.9159e-01	7.7814e-03	1.1755e-36	6.3231e-01	3.6769e-01	4.4392e-07	1.1755e-36	1.1755e-36	1.1755e-36	6.9605e-18	0.00e+00	0.00e+00	2.0396e+01
2.03353e+15	7.0584e+03	8.226e-15	1.0000e+05	4.0976e+04	5.4097e-10	5.9101e-01	4.0899e-01	9.9911e-01	8.9145e-04	5.7152e-13	2.1282e-11	6.0732e-04	9.9192e-01	7.4742e-03	1.1755e-36	6.4430e-01	3.5570e-01	4.1193e-07	1.1755e-36	1.1755e-36	1.1755e-36	7.5391e-18	0.00e+00	0.00e+00	2.0690e+01
2.03432e+15	6.9930e+03	7.807e-15	1.0000e+05	3.9737e+04	6.0423e-10	6.0399e-01	3.9601e-01	9.9911e-01	8.8583e-04	5.7890e-13	2.2453e-11	5.9117e-04	9.9225e-01	7.1615e-03	1.1755e-36	6.5667e-01	3.4333e-01	3.8110e-07	1.1755e-36	1.1755e-36	1.1755e-36	8.1948e-18	0.00e+00	0.00e+00	2.0989e+01
2.03508e+15	6.9357e+03	7.403e-15	1.0000e+05	3.8474e+04	6.6848e-10	6.1597e-01	3.8403e-01	9.9912e-01	8.8268e-04	5.8945e-13	2.3515e-11	5.7425e-04	9.9255e-01	6.8796e-03	1.1755e-36	6.6800e-01	3.3200e-01	3.5397e-07	1.1755e-36	1.1755e-36	1.1755e-36	8.7985e-18	0.00e+00	0.00e+00	2.1280e+01
2.03584e+15	6.8640e+03	7.018e-15	1.0000e+05	3.7280e+04	7.4893e-10	6.2854e-01	3.7146e-01	9.9912e-01	8.7842e-04	5.9808e-13	2.4724e-11	5.5856e-04	9.9285e-01	6.5909e-03	1.1755e-36	6.7984e-01	3.2016e-01	3.2809e-07	1.1755e-36	1.1755e-36	1.1755e-36	9.5083e-18	0.00e+00	0.00e+00	2.1582e+01
2.03658e+15	6.8092e+03	6.641e-15	1.0000e+05	3.6058e+04	8.2565e-10	6.4003e-01	3.5997e-01	9.9912e-01	8.7708e-04	6.1097e-13	2.5793e-11	5.4195e-04	9.9313e-01	6.3309e-03	1.1755e-36	6.9061e-01	3.0939e-01	3.0504e-07	1.1755e-36	1.1755e-36	1.1755e-36	1.0147e-17	0.00e+00	0.00e+00	2.1877e+01
2.03733e+15	6.7387e+03	6.277e-15	1.0000e+05	3.4859e+04	9.2319e-10	6.5204e-01	3.4796e-01	9.9913e-01	8.7480e-04	6.2273e-13	2.6982e-11	5.2589e-04	9.9341e-01	6.0660e-03	1.1755e-36	7.0180e-01	2.9820e-01	2.8301e-07	1.1755e-36	1.1755e-36	1.1755e-36	1.0872e-17	0.00e+00	0.00e+00	2.2188e+01
2.03807e+15	6.6626e+03	5.926e-15	1.0000e+05	3.3701e+04	1.0380e-09	6.6427e-01	3.3573e-01	9.9913e-01	8.7216e-04	6.3402e-13	2.8264e-11	5.1047e-04	9.9369e-01	5.8013e-03	1.1755e-36	7.1313e-01	2.8687e-01	2.6220e-07	1.1755e-36	1.1755e-36	1.1755e-36	1.1680e-17	0.00e+00	0.00e+00	2.2497e+01
2.03879e+15	6.6019e+03	5.595e-15	1.0000e+05	3.2550e+04	1.1481e-09	6.7517e-01	3.2483e-01	9.9913e-01	8.7219e-04	6.4920e-13	2.9359e-11	4.9470e-04	9.9394e-01	5.5680e-03	1.1755e-36	7.2319e-01	2.7681e-01	2.4414e-07	1.1755e-36	1.1755e-36	1.1755e-36	1.2375e-17	0.00e+00	0.00e+00	2.2794e+01
2.03950e+15	6.5274e+03	5.277e-15	1.0000e+05	3.1424e+04	1.2862e-09	6.8643e-01	3.1357e-01	9.9913e-01	8.7183e-04	6.6373e-13	3.0556e-11	4.7936e-04	9.9419e-01	5.3335e-03	1.1755e-36	7.3352e-01	2.6648e-01	2.2695e-07	1.1755e-36	1.1755e-36	1.1755e-36	1.3150e-17	0.00e+00	0.00e+00	2.3109e+01
2.04022e+15	6.4521e+03	4.968e-15	1.0000e+05	3.0333e+04	1.4441e-09	6.9785e-01	3.0215e-01	9.9913e-01	8.7110e-04	6.7822e-13	3.1840e-11	4.6465e-04	9.9444e-01	5.0991e-03	1.1755e-36	7.4394e-01	2.5605e-01	2.1054e-07	1.1755e-36	1.1755e-36	1.1755e-36	1.4014e-17	0.00e+00	0.00e+00	2.3425e+01
2.04093e+15	6.3806e+03	4.678e-15	1.0000e+05	2.9258e+04	1.6131e-09	7.0849e-01	2.9151e-01	9.9913e-01	8.7197e-04	6.9514e-13	3.3018e-11	4.4987e-04	9.9467e-01	4.8833e-03	1.1755e-36	7.5362e-01	2.4638e-01	1.9591e-07	1.1755e-36	1.1755e-36	1.1755e-36	1.4811e-17	0.00e+00	0.00e+00	2.3733e+01
2.04162e+15	6.3085e+03	4.402e-15	1.0000e+05	2.8217e+04	1.8028e-09	7.1891e-01	2.8109e-01	9.9913e-01	8.7311e-04	7.1270e-13	3.4204e-11	4.3553e-04	9.9489e-01	4.6759e-03	1.1755e-36	7.6305e-01	2.3695e-01	1.8236e-07	1.1755e-36	1.1755e-36	1.1755e-36	1.5632e-17	0.00e+00	0.00e+00	2.4047e+01
2.04231e+15	6.2425e+03	4.133e-15	1.0000e+05	2.7165e+04	2.0030e-09	7.2886e-01	2.7114e-01	9.9912e-01	8.7597e-04	7.3381e-13	3.5301e-11	4.2078e-04	9.9510e-01	4.4793e-03	1.1755e-36	7.7201e-01	2.2799e-01	1.6984e-07	1.1755e-36	1.1755e-36	1.1755e-36	1.6396e-17	0.00e+00	0.00e+00	2.4367e+01
2.04302e+15	6.1642e+03	3.873e-15	1.0000e+05	2.6126e+04	2.2557e-09	7.3920e-01	2.6080e-01	9.9912e-01	8.7821e-04	7.5460e-13	3.6518e-11	4.0634e-04	9.9531e-01	4.2796e-03	1.1755e-36	7.8128e-01	2.1871e-01	1.5773e-07	1.1755e-36	1.1755e-36	1.1755e-36	1.7267e-17	0.00e+00	0.00e+00	2.4702e+01
2.04372e+15	6.0827e+03	3.626e-15	1.0000e+05	2.5116e+04	2.5491e-09	7.4933e-01	2.5067e-01	9.9912e-01	8.8071e-04	7.7619e-13	3.7747e-11	3.9230e-04	9.9552e-01	4.0867e-03	1.1755e-36	7.9033e-01	2.0967e-01	1.4651e-07	1.1755e-36	1.1755e-36	1.1755e-36	1.8169e-17	0.00e+00	0.00e+00	2.5030e+01
2.04440e+15	6.0042e+03	3.398e-15	1.0000e+05	2.4161e+04	2.8702e-09	7.5890e-01	2.4110e-01	9.9912e-01	8.8373e-04	7.9867e-13	3.8932e-11	3.7893e-04	9.9571e-01	3.9067e-03	1.1755e-36	7.9884e-01	2.0116e-01	1.3641e-07	1.1755e-36	1.1755e-36	1.1755e-36	1.9061e-17	0.00e+00	0.00e+00	2.5351e+01
2.04507e+15	5.9263e+03	3.185e-15	1.0000e+05	2.3239e+04	3.2299e-09	7.6809e-01	2.3191e-01	9.9911e-01	8.8716e-04	8.2222e-13	4.0095e-11	3.6598e-04	9.9590e-01	3.7361e-03	1.1755e-36	8.0698e-01	1.9302e-01	1.2713e-07	1.1755e-36	1.1755e-36	1.1755e-36	1.9962e-17	0.00e+00	0.00e+00	2.5674e+01
2.04574e+15	5.8471e+03	2.981e-15	1.0000e+05	2.2335e+04	3.6423e-09	7.7710e-01	2.2290e-01	9.9911e-01	8.9107e-04	8.4735e-13	4.1265e-11	3.5322e-04	9.9608e-01	3.5713e-03	1.1755e-36	8.1493e-01	1.8507e-01	1.1845e-07	1.1755e-36	1.1755e-36	1.1755e-36	2.0896e-17	0.00e+00	0.00e+00	2.6003e+01
2.04641e+15	5.7668e+03	2.788e-15	1.0000e+05	2.1456e+04	4.1147e-09	7.8587e-01	2.1413e-01	9.9910e-01	8.9538e-04	8.7383e-13	4.2441e-11	3.4075e-04	9.9625e-01	3.4128e-03	1.1755e-36	8.2263e-01	1.7737e-01	1.1038e-07	1.1755e-36	1.1755e-36	1.1755e-36	2.1869e-17	0.00e+00	0.00e+00	2.6332e+01
2.04706e+15	5.6818e+03	2.609e-15	1.0000e+05	2.0626e+04	4.6761e-09	7.9450e-01	2.0550e-01	9.9910e-01	8.9900e-04	8.9924e-13	4.3706e-11	3.2908e-04	9.9641e-01	3.2604e-03	1.1755e-36	8.3016e-01	1.6984e-01	1.0290e-07	1.1755e-36	1.1755e-36	1.1755e-36	2.2977e-17	0.00e+00	0.00e+00	2.6657e+01
2.04770e+15	5.6053e+03	2.441e-15	1.0000e+05	1.9807e+04	5.2605e-09	8.0236e-01	1.9764e-01	9.9910e-01	9.0481e-04	9.2944e-13	4.4798e-11	3.1729e-04	9.9656e-01	3.1204e-03	1.1755e-36	8.3704e-01	1.6296e-01	9.6169e-08	1.1755e-36	1.1755e-36	1.1755e-36	2.3952e-17	0.00e+00	0.00e+00	2.6980e+01
2.04833e+15	5.5215e+03	2.287e-15	1.0000e+05	1.9053e+04	5.9729e-09	8.1023e-01	1.8977e-01	9.9909e-01	9.0891e-04	9.5637e-13	4.6072e-11	3.0660e-04	9.9671e-01	2.9848e-03	1.1755e-36	8.4386e-01	1.5614e-01	8.9891e-08	1.1755e-36	1.1755e-36	1.1755e-36	2.5180e-17	0.00e+00	0.00e+00	2.7295e+01
2.04895e+15	5.4409e+03	2.141e-15	1.0000e+05	1.8308e+04	6.7587e-09	8.1765e-01	1.8235e-01	9.9909e-01	9.1436e-04	9.8677e-13	4.7289e-11	2.9591e-04	9.9685e-01	2.8573e-03	1.1755e-36	8.5029e-01	1.4971e-01	8.4114e-08	1.1755e-36	1.1755e-36	1.1755e-36	2.6409e-17	0.00e+00	0.00e+00	2.7617e+01
2.04957e+15	5.3598e+03	2.003e-15	1.0000e+05	1.7589e+04	7.6585e-09	8.2485e-01	1.7515e-01	9.9908e-01	9.2006e-04	1.0184e-12	4.8563e-11	2.8557e-04	9.9698e-01	2.7351e-03	1.1755e-36	8.5650e-01	1.4350e-01	7.8731e-08	1.1755e-36	1.1755e-36	1.1755e-36	2.7775e-17	0.00e+00	0.00e+00	2.7936e+01
2.05017e+15	5.2792e+03	1.876e-15	1.0000e+05	1.6903e+04	8.6761e-09	8.3171e-01	1.6829e-01	9.9907e-01	9.2601e-04	1.0509e-12	4.9886e-11	2.7565e-04	9.9710e-01	2.6199e-03	1.1755e-36	8.6241e-01	1.3759e-01	7.3781e-08	1.1755e-36	1.1755e-36	1.1755e-36	2.9286e-17	0.00e+00	0.00e+00	2.8251e+01
2.05077e+15	5.1989e+03	1.758e-15	1.0000e+05	1.6246e+04	9.8283e-09	8.3828e-01	1.6172e-01	9.9907e-01	9.3217e-04	1.0845e-12	5.1280e-11	2.6615e-04	9.9722e-01	2.5109e-03	1.1755e-36	8.6804e-01	1.3196e-01	6.9214e-08	1.1755e-36	1.1755e-36	1.1755e-36	3.0982e-17	0.00e+00	0.00e+00	2.8563e+01
2.05136e+15	5.1184e+03	1.647e-15	1.0000e+05	1.5615e+04	1.1139e-08	8.4459e-01	1.5541e-01	9.9906e-01	9.3857e-04	1.1191e-12	5.2776e-11	2.5700e-04	9.9734e-01	2.4075e-03	1.1755e-36	8.7344e-01	1.2656e-01	6.4974e-08	1.1755e-36	1.1755e-36	1.1755e-36	3.2921e-17	0.00e+00	0.00e+00	2.8875e+01
2.05190e+15	5.0448e+03	1.552e-15	1.0000e+05	1.5060e+04	1.2491e-08	8.5011e-01	1.4989e-01	9.9906e-01	9.4467e-04	1.1520e-12	5.4241e-11	2.4892e-04	9.9743e-01	2.3171e-03	1.1755e-36	8.7816e-01	1.2184e-01	6.1383e-08	1.1755e-36	1.1755e-36	1.1755e-36	3.4939e-17	0.00e+00	0.00e+00	2.9142e+01
2.05238e+15	4.9823e+03	1.471e-15	1.0000e+05	1.4568e+04	1.3773e-08	8.5479e-01	1.4521e-01	9.9905e-01	9.5134e-04	1.1850e-12	5.5523e-11	2.4168e-04	9.9752e-01	2.2384e-03	1.1755e-36	8.8214e-01	1.1786e-01	5.8383e-08	1.1755e-36	1.1755e-36	1.1755e-36	3.6752e-17	0.00e+00	0.00e+00	2.9389e+01
2.05285e+15	4.9083e+03	1.393e-15	1.0000e+05	1.4096e+04	1.5413e-08	8.5976e-01	1.4024e-01	9.9904e-01	9.5608e-04	1.2139e-12	5.7128e-11	2.3491e-04	9.9761e-01	2.1515e-03	1.1755e-36	8.8636e-01	1.1363e-01	5.5375e-08	1.1755e-36	1.1755e-36	1.1755e-36	3.9011e-17	0.00e+00	0.00e+00	2.9657e+01
2.05333e+15	4.8387e+03	1.320e-15	1.0000e+05	1.3631e+04	1.7140e-08	8.6438e-01	1.3562e-01	9.9904e-01	9.6209e-04	1.2465e-12	5.8641e-11	2.2815e-04	9.9770e-01	2.0697e-03	1.1755e-36	8.9028e-01	1.0972e-01	5.2614e-08	1.1755e-36	1.1755e-36	1.1755e-36	4.1259e-17	0.00e+00	0.00e+00	2.9910e+01
2.05379e+15	4.7704e+03	1.251e-15	1.0000e+05	1.3192e+04	1.9013e-08	8.6878e-01	1.3122e-01	9.9903e-01	9.6806e-04	1.2792e-12	6.0189e-11	2.2174e-04	9.9779e-01	1.9926e-03	1.1755e-36	8.9400e-01	1.0600e-01	5.0052e-08	1.1755e-36	1.1755e-36	1.1755e-36	4.3686e-17	0.00e+00	0.00e+00	3.0162e+01
2.05425e+15	4.7010e+03	1.186e-15	1.0000e+05	1.2760e+04	2.1107e-08	8.7310e-01	1.2690e-01	9.9903e-01	9.7421e-04	1.3131e-12	6.1821e-11	2.1545e-04	9.9787e-01	1.9172e-03	1.1755e-36	8.9765e-01	1.0235e-01	4.7594e-08	1.1755e-36	1.1755e-36	1.1755e-36	4.6382e-17	0.00e+00	0.00e+00	3.0420e+01
2.05472e+15	4.6302e+03	1.122e-15	1.0000e+05	1.2335e+04	2.3453e-08	8.7736e-01	1.2264e-01	9.9902e-01	9.8059e-04	1.3484e-12	6.3541e-11	2.0925e-04	9.9795e-01	1.8433e-03	1.1755e-36	9.0124e-01	9.8755e-02	4.5231e-08	1.1755e-36	1.1755e-36	1.1755e-36	4.9380e-17	0.00e+00	0.00e+00	3.0680e+01
2.05519e+15	4.5585e+03	1.062e-15	1.0000e+05	1.1918e+04	2.6051e-08	8.8152e-01	1.1848e-01	9.9901e-01	9.8720e-04	1.3852e-12	6.5331e-11	2.0317e-04	9.9803e-01	1.7714e-03	1.1755e-36	9.0474e-01	9.5257e-02	4.2980e-08	1.1755e-36	1.1755e-36	1.1755e-36	5.2666e-17	0.00e+00	0.00e+00	3.0942e+01
2.05566e+15	4.4861e+03	1.004e-15	1.0000e+05	1.1512e+04	2.8905e-08	8.8558e-01	1.1442e-01	9.9901e-01	9.9396e-04	1.4231e-12	6.7187e-11	1.9725e-04	9.9810e-01	1.7017e-03	1.1755e-36	9.0815e-01	9.1846e-02	4.0834e-08	1.1755e-36	1.1755e-36	1.1755e-36	5.6252e-17	0.00e+00	0.00e+00	3.1206e+01
2.05614e+15	4.4123e+03	9.493e-16	1.0000e+05	1.1114e+04	3.2037e-08	8.8957e-01	1.1043e-01	9.9900e-01	1.0010e-03	1.4626e-12	6.9103e-11	1.9144e-04	9.9818e-01	1.6335e-03	1.1755e-36	9.1150e-01	8.8501e-02	3.8774e-08	1.1755e-36	1.1755e-36	1.1755e-36	6.0144e-17	0.00e+00	0.00e+00	3.1474e+01
2.05662e+15	4.3362e+03	8.959e-16	1.0000e+05	1.0718e+04	3.5481e-08	8.9352e-01	1.0648e-01	9.9899e-01	1.0083e-03	1.5043e-12	7.1072e-11	1.8567e-04	9.9825e-01	1.5664e-03	1.1755e-36	9.1481e-01	8.5193e-02	3.6782e-08	1.1755e-36	1.1755e-36	1.1755e-36	6.4342e-17	0.00e+00	0.00e+00	3.1750e+01
2.05712e+15	4.2575e+03	8.438e-16	1.0000e+05	1.0323e+04	3.9243e-08	8.9748e-01	1.0252e-01	9.9898e-01	1.0159e-03	1.5483e-12	7.3083e-11	1.7993e-04	9.9832e-01	1.4997e-03	1.1755e-36	9.1811e-01	8.1889e-02	3.4835e-08	1.1755e-36	1.1755e-36	1.1755e-36	6.8830e-17	0.00e+00	0.00e+00	3.2035e+01
2.05763e+15	4.1755e+03	7.924e-16	1.0000e+05	9.9165e+03	4.3281e-08	9.0139e-01	9.8607e-02	9.9897e-01	1.0251e-03	1.5987e-12	7.5008e-11	1.7397e-04	9.9839e-01	1.4341e-03	1.1755e-36	9.2135e-01	7.8646e-02	3.2964e-08	1.1755e-36	1.1755e-36	1.1755e-36	7.3333e-17	0.00e+00	0.00e+00	3.2334e+01
2.05815e+15	4.0875e+03	7.446e-16	1.0000e+05	9.5369e+03	4.7730e-08	9.0535e-01	9.4654e-02	9.9897e-01	1.0321e-03	1.6433e-12	7.7041e-11	1.6857e-04	9.9846e-01	1.3683e-03	1.1755e-36	9.2468e-01	7.5325e-02	3.1109e-08	1.1755e-36	1.1755e-36	1.1755e-36	7.8250e-17	0.00e+00	0.00e+00	3.2626e+01
2.05866e+15	4.0084e+03	6.989e-16	1.0000e+05	9.1594e+03	5.1610e-08	9.0897e-01	9.1033e-02	9.9896e-01	1.0418e-03	1.6977e-12	7.8515e-11	1.6302e-04	9.9853e-01	1.3082e-03	1.1755e-36	9.2765e-01	7.2350e-02	2.9456e-08	1.1755e-36	1.1755e-36	1.1755e-36	8.1928e-17	0.00e+00	0.00e+00	3.2921e+01
2.05917e+15	3.9245e+03	6.571e-16	1.0000e+05	8.8059e+03	5.5558e-08	9.1251e-01	8.7490e-02	9.9895e-01	1.0500e-03	1.7478e-12	7.9823e-11	1.5795e-04	9.9859e-01	1.2497e-03	1.1755e-36	9.3060e-01	6.9400e-02	2.7866e-08	1.1755e-36	1.1755e-36	1.1755e-36	8.5255e-17	0.00e+00	0.00e+00	3.3209e+01
###########################
5.46677e+10	8.8219e+03	2.637e-14	1.0000e+05	1.0839e+05	1.3271e-15	2.2411e-03	9.9776e-01	1.2107e-02	9.8526e-01	2.6323e-03	1.4591e-17	1.2273e-04	1.8512e-01	8.1377e-01	9.8662e-04	1.1766e-03	5.0471e-01	4.9372e-01	4.0028e-04	1.1755e-36	1.1755e-36	9.1268e-26	0.00e+00	0.00e+00	1.5471e-04
3.28006e+11	8.8204e+03	2.636e-14	1.0000e+05	1.0838e+05	1.3225e-15	2.2403e-03	9.9776e-01	1.2106e-02	9.8526e-01	2.6306e-03	1.4512e-17	1.2298e-04	1.8511e-01	8.1378e-01	9.8792e-04	1.1758e-03	5.0458e-01	4.9384e-01	3.9879e-04	1.1755e-36	1.1755e-36	9.0342e-26	0.00e+00	0.00e+00	7.7333e-04
1.42136e+12	8.8171e+03	2.633e-14	1.0000e+05	1.0838e+05	1.2921e-15	2.2389e-03	9.9776e-01	1.2109e-02	9.8528e-01	2.6146e-03	1.4155e-17	1.2283e-04	1.8515e-01	8.1374e-01	9.8530e-04	1.1754e-03	5.0463e-01	4.9380e-01	3.9312e-04	1.1755e-36	1.1755e-36	8.5926e-26	0.00e+00	0.00e+00	3.2463e-03
5.79477e+12	8.8075e+03	2.625e-14	1.0000e+05	1.0838e+05	1.2874e-15	2.2368e-03	9.9776e-01	1.2132e-02	9.8534e-01	2.5290e-03	1.4108e-17	1.2286e-04	1.8544e-01	8.1346e-01	9.7635e-04	1.1762e-03	5.0518e-01	4.9327e-01	3.7092e-04	1.1755e-36	1.1755e-36	8.5052e-26	0.00e+00	0.00e+00	1.3129e-02
1.38418e+13	8.7819e+03	2.595e-14	1.0000e+05	1.0838e+05	1.2599e-15	2.2120e-03	9.9779e-01	1.2110e-02	9.8541e-01	2.4836e-03	1.3632e-17	1.2176e-04	1.8531e-01	8.1360e-01	9.7010e-04	1.1637e-03	5.0496e-01	4.9353e-01	3.4299e-04	1.1755e-36	1.1755e-36	8.0418e-26	0.00e+00	0.00e+00	2.5833e-02
2.43031e+13	8.7514e+03	2.565e-14	1.0000e+05	1.0838e+05	1.2428e-15	2.1904e-03	9.9781e-01	1.2108e-02	9.8554e-01	2.3479e-03	1.3280e-17	1.2118e-04	1.8542e-01	8.1350e-01	9.5661e-04	1.1548e-03	5.0539e-01	4.9315e-01	3.0786e-04	1.1755e-36	1.1755e-36	7.6852e-26	0.00e+00	0.00e+00	4.2188e-02
3.79026e+13	8.7173e+03	2.531e-14	1.0000e+05	1.0838e+05	1.2330e-15	2.1702e-03	9.9783e-01	1.2122e-02	9.8575e-01	2.1266e-03	1.3019e-17	1.2085e-04	1.8575e-01	8.1320e-01	9.3615e-04	1.1486e-03	5.0648e-01	4.9211e-01	2.6599e-04	1.1755e-36	1.1755e-36	7.4085e-26	0.00e+00	0.00e+00	6.3253e-02
5.55820e+13	8.6755e+03	2.493e-14	1.0000e+05	1.0838e+05	1.2276e-15	2.1521e-03	9.9785e-01	1.2161e-02	9.8602e-01	1.8228e-03	1.2802e-17	1.2083e-04	1.8639e-01	8.1258e-01	9.0812e-04	1.1461e-03	5.0850e-01	4.9013e-01	2.1854e-04	1.1755e-36	1.1755e-36	7.1402e-26	0.00e+00	0.00e+00	9.0410e-02
7.85653e+13	8.6341e+03	2.450e-14	1.0000e+05	1.0838e+05	1.2232e-15	2.1355e-03	9.9786e-01	1.2225e-02	9.8632e-01	1.4553e-03	1.2646e-17	1.2111e-04	1.8736e-01	8.1164e-01	8.7372e-04	1.1476e-03	5.1164e-01	4.8705e-01	1.6823e-04	1.1755e-36	1.1755e-36	6.9052e-26	0.00e+00	0.00e+00	1.2544e-01
1.08444e+14	8.5854e+03	2.403e-14	1.0000e+05	1.0837e+05	1.2266e-15	2.1233e-03	9.9788e-01	1.2333e-02	9.8661e-01	1.0597e-03	1.2595e-17	1.2191e-04	1.8891e-01	8.1014e-01	8.3342e-04	1.1557e-03	5.1633e-01	4.8239e-01	1.1898e-04	1.1755e-36	1.1755e-36	6.7184e-26	0.00e+00	0.00e+00	1.7072e-01
1.47285e+14	8.5353e+03	2.352e-14	1.0000e+05	1.0837e+05	1.2340e-15	2.1168e-03	9.9788e-01	1.2499e-02	9.8681e-01	6.8739e-04	1.2660e-17	1.2342e-04	1.9119e-01	8.0790e-01	7.8965e-04	1.1722e-03	5.2291e-01	4.7584e-01	7.5556e-05	1.1755e-36	1.1755e-36	6.5714e-26	0.00e+00	0.00e+00	2.2941e-01
1.97779e+14	8.4813e+03	2.297e-14	1.0000e+05	1.0836e+05	1.2537e-15	2.1208e-03	9.9788e-01	1.2755e-02	9.8686e-01	3.8625e-04	1.2943e-17	1.2604e-04	1.9461e-01	8.0452e-01	7.4349e-04	1.2012e-03	5.3191e-01	4.6684e-01	4.1921e-05	1.1755e-36	1.1755e-36	6.5234e-26	0.00e+00	0.00e+00	3.0584e-01
2.63422e+14	8.4285e+03	2.240e-14	1.0000e+05	1.0836e+05	1.3231e-15	2.1411e-03	9.9786e-01	1.3145e-02	9.8667e-01	1.8233e-04	1.3933e-17	1.3033e-04	1.9966e-01	7.9951e-01	6.9507e-04	1.2488e-03	5.4408e-01	4.5465e-01	1.9743e-05	1.1755e-36	1.1755e-36	6.9939e-26	0.00e+00	0.00e+00	4.0615e-01
3.48757e+14	8.3787e+03	2.183e-14	1.0000e+05	1.0835e+05	1.3816e-15	2.1879e-03	9.9781e-01	1.3750e-02	9.8618e-01	6.9874e-05	1.5103e-17	1.3725e-04	2.0724e-01	7.9198e-01	6.4196e-04	1.3257e-03	5.6067e-01	4.3800e-01	7.7138e-06	1.1755e-36	1.1755e-36	7.3055e-26	0.00e+00	0.00e+00	5.3941e-01
4.59693e+14	8.3396e+03	2.129e-14	1.0000e+05	1.0833e+05	1.4936e-15	2.2784e-03	9.9772e-01	1.4711e-02	9.8527e-01	2.1004e-05	1.7473e-17	1.4850e-04	2.1881e-01	7.8046e-01	5.8031e-04	1.4510e-03	5.8364e-01	4.1491e-01	2.5370e-06	1.1755e-36	1.1755e-36	8.2017e-26	0.00e+00	0.00e+00	7.1982e-01
6.03910e+14	8.3017e+03	2.085e-14	1.0000e+05	1.0829e+05	1.7159e-15	2.4491e-03	9.9755e-01	1.6316e-02	9.8368e-01	4.8156e-06	2.2336e-17	1.6772e-04	2.3727e-01	7.6206e-01	5.0437e-04	1.6663e-03	6.1638e-01	3.8195e-01	8.1011e-07	1.1755e-36	1.1755e-36	1.0233e-25	0.00e+00	0.00e+00	9.7193e-01
7.53418e+14	8.3015e+03	2.047e-14	1.0000e+05	1.0825e+05	1.9697e-15	2.6595e-03	9.9734e-01	1.8350e-02	9.8165e-01	1.1144e-06	2.9109e-17	1.9109e-04	2.5911e-01	7.4026e-01	4.3422e-04	1.9332e-03	6.5125e-01	3.4681e-01	3.8081e-07	1.1755e-36	1.1755e-36	1.3116e-25	0.00e+00	0.00e+00	1.2003e+00
8.74551e+14	8.3214e+03	2.038e-14	1.0000e+05	1.0820e+05	2.2861e-15	2.9021e-03	9.9710e-01	2.0620e-02	9.7938e-01	3.8909e-07	3.8409e-17	2.1668e-04	2.8175e-01	7.1766e-01	3.7790e-04	2.2315e-03	6.8303e-01	3.1473e-01	2.5935e-07	1.1755e-36	1.1755e-36	1.7357e-25	0.00e+00	0.00e+00	1.3950e+00
9.74725e+14	8.3545e+03	2.042e-14	1.0000e+05	1.0816e+05	2.6648e-15	3.1716e-03	9.9683e-01	2.3157e-02	9.7684e-01	1.7652e-07	5.0942e-17	2.4432e-04	3.0511e-01	6.9432e-01	3.3073e-04	2.5613e-03	7.1228e-01	2.8516e-01	1.9885e-07	1.1755e-36	1.1755e-36	2.3357e-25	0.00e+00	0.00e+00	1.5834e+00
1.06733e+15	8.3966e+03	2.054e-14	1.0000e+05	1.0809e+05	3.1475e-15	3.4882e-03	9.9651e-01	2.6207e-02	9.7379e-01	8.9176e-08	6.8921e-17	2.7636e-04	3.3110e-01	6.6834e-01	2.8705e-04	2.9522e-03	7.4143e-01	2.5562e-01	1.5509e-07	1.1755e-36	1.1755e-36	3.2327e-25	0.00e+00	0.00e+00	1.7842e+00
1.15639e+15	8.4438e+03	2.072e-14	1.0000e+05	1.0801e+05	3.7998e-15	3.8716e-03	9.9613e-01	3.0038e-02	9.6996e-01	4.8095e-08	9.5963e-17	3.1422e-04	3.6087e-01	6.3857e-01	2.4533e-04	3.4305e-03	7.7109e-01	2.2548e-01	1.1755e-36	1.1755e-36	1.1755e-36	4.6540e-25	0.00e+00	0.00e+00	1.9968e+00
1.23914e+15	8.4958e+03	2.097e-14	1.0000e+05	1.0793e+05	4.6626e-15	4.3227e-03	9.9568e-01	3.4835e-02	9.6517e-01	2.8024e-08	1.3614e-16	3.5771e-04	3.9398e-01	6.0545e-01	2.0693e-04	3.9992e-03	7.9998e-01	1.9602e-01	1.1755e-36	1.1755e-36	1.1755e-36	6.8988e-25	0.00e+00	0.00e+00	2.2111e+00
1.31304e+15	8.5558e+03	2.125e-14	1.0000e+05	1.0786e+05	5.7799e-15	4.8293e-03	9.9517e-01	4.0645e-02	9.5935e-01	1.7713e-08	1.9493e-16	4.0445e-04	4.2901e-01	5.7041e-01	1.7313e-04	4.6446e-03	8.2668e-01	1.6867e-01	1.1755e-36	1.1755e-36	1.1755e-36	1.0487e-24	0.00e+00	0.00e+00	2.4223e+00
1.37890e+15	8.5849e+03	2.160e-14	1.0000e+05	1.0771e+05	7.2960e-15	5.4142e-03	9.9459e-01	4.7658e-02	9.5234e-01	1.1878e-08	2.7878e-16	4.5713e-04	4.6646e-01	5.3294e-01	1.4282e-04	5.3919e-03	8.5112e-01	1.4349e-01	1.1755e-36	1.1755e-36	1.1755e-36	1.5859e-24	0.00e+00	0.00e+00	2.6358e+00
1.43845e+15	8.6457e+03	2.191e-14	1.0000e+05	1.0759e+05	9.0840e-15	6.0622e-03	9.9394e-01	5.6257e-02	9.4374e-01	8.3799e-09	3.9677e-16	5.1222e-04	5.0517e-01	4.9420e-01	1.1666e-04	6.2273e-03	8.7314e-01	1.2064e-01	1.1755e-36	1.1755e-36	1.1755e-36	2.4053e-24	0.00e+00	0.00e+00	2.8527e+00
1.49337e+15	8.6786e+03	2.229e-14	1.0000e+05	1.0740e+05	1.1541e-14	6.8258e-03	9.9317e-01	6.7248e-02	9.3275e-01	6.0799e-09	5.6743e-16	5.7267e-04	5.4668e-01	4.5266e-01	9.3067e-05	7.2116e-03	8.9321e-01	9.9579e-02	1.1755e-36	1.1755e-36	1.1755e-36	3.6573e-24	0.00e+00	0.00e+00	3.0819e+00
1.54454e+15	8.7295e+03	2.267e-14	1.0000e+05	1.0721e+05	1.4699e-14	7.7141e-03	9.9229e-01	8.1698e-02	9.1830e-01	4.5316e-09	8.1801e-16	6.3798e-04	5.9054e-01	4.0875e-01	7.2418e-05	8.3595e-03	9.1127e-01	8.0375e-02	1.1755e-36	1.1755e-36	1.1755e-36	5.6530e-24	0.00e+00	0.00e+00	3.3214e+00
1.58775e+15	8.7567e+03	2.309e-14	1.0000e+05	1.0697e+05	1.8661e-14	8.6738e-03	9.9133e-01	9.9284e-02	9.0072e-01	3.5428e-09	1.1495e-15	7.0189e-04	6.3269e-01	3.6656e-01	5.6005e-05	9.5960e-03	9.2583e-01	6.4575e-02	1.1755e-36	1.1755e-36	1.1755e-36	8.4751e-24	0.00e+00	0.00e+00	3.5254e+00
1.62211e+15	8.7980e+03	2.341e-14	1.0000e+05	1.0676e+05	2.2772e-14	9.5994e-03	9.9040e-01	1.1898e-01	8.8102e-01	2.9000e-09	1.5397e-15	7.5723e-04	6.6947e-01	3.2973e-01	4.3922e-05	1.0790e-02	9.3674e-01	5.2468e-02	1.1755e-36	1.1755e-36	1.1755e-36	1.2039e-23	0.00e+00	0.00e+00	3.7163e+00
1.64975e+15	8.8153e+03	2.370e-14	1.0000e+05	1.0642e+05	2.7339e-14	1.0500e-02	9.8950e-01	1.4004e-01	8.5996e-01	2.4440e-09	1.9793e-15	8.0681e-04	7.0115e-01	2.9800e-01	3.4980e-05	1.1947e-02	9.4484e-01	4.3212e-02	1.1755e-36	1.1755e-36	1.1755e-36	1.6252e-23	0.00e+00	0.00e+00	3.8740e+00
1.67174e+15	8.8300e+03	2.396e-14	1.0000e+05	1.0620e+05	3.2020e-14	1.1338e-02	9.8866e-01	1.6255e-01	8.3745e-01	2.1236e-09	2.4575e-15	8.4799e-04	7.2776e-01	2.7136e-01	2.8394e-05	1.3021e-02	9.5081e-01	3.6169e-02	1.1755e-36	1.1755e-36	1.1755e-36	2.1098e-23	0.00e+00	0.00e+00	4.0185e+00
1.69124e+15	8.8422e+03	2.418e-14	1.0000e+05	1.0592e+05	3.7172e-14	1.2191e-02	9.8781e-01	1.8795e-01	8.1205e-01	1.8560e-09	3.0070e-15	8.8644e-04	7.5209e-01	2.4700e-01	2.3047e-05	1.4111e-02	9.5563e-01	3.0256e-02	1.1755e-36	1.1755e-36	1.1755e-36	2.6892e-23	0.00e+00	0.00e+00	4.1634e+00
1.70969e+15	8.8595e+03	2.436e-14	1.0000e+05	1.0559e+05	4.3020e-14	1.3101e-02	9.8690e-01	2.1835e-01	7.8165e-01	1.6175e-09	3.6715e-15	9.2317e-04	7.7539e-01	2.2367e-01	1.8497e-05	1.5273e-02	9.5972e-01	2.5008e-02	1.1755e-36	1.1755e-36	1.1755e-36	3.4188e-23	0.00e+00	0.00e+00	4.3129e+00
1.72711e+15	8.8613e+03	2.454e-14	1.0000e+05	1.0513e+05	5.0202e-14	1.4090e-02	9.8591e-01	2.5468e-01	7.4532e-01	1.3955e-09	4.4823e-15	9.5854e-04	7.9750e-01	2.0153e-01	1.4659e-05	1.6531e-02	9.6307e-01	2.0403e-02	1.1755e-36	1.1755e-36	1.1755e-36	4.3371e-23	0.00e+00	0.00e+00	4.4620e+00
1.74304e+15	8.8787e+03	2.469e-14	1.0000e+05	1.0475e+05	5.7821e-14	1.5105e-02	9.8490e-01	2.9725e-01	7.0275e-01	1.2071e-09	5.4368e-15	9.8968e-04	8.1756e-01	1.8144e-01	1.1571e-05	1.7817e-02	9.6568e-01	1.6500e-02	1.1755e-36	1.1755e-36	1.1755e-36	5.4638e-23	0.00e+00	0.00e+00	4.6061e+00
1.75737e+15	8.8793e+03	2.483e-14	1.0000e+05	1.0427e+05	6.6719e-14	1.6152e-02	9.8385e-01	3.4517e-01	6.5483e-01	1.0370e-09	6.5434e-15	1.0178e-03	8.3528e-01	1.6370e-01	9.1298e-06	1.9139e-02	9.6757e-01	1.3290e-02	1.1755e-36	1.1755e-36	1.1755e-36	6.7984e-23	0.00e+00	0.00e+00	4.7444e+00
1.77046e+15	8.8870e+03	2.490e-14	1.0000e+05	1.0373e+05	7.6221e-14	1.7214e-02	9.8279e-01	3.9779e-01	6.0221e-01	8.7755e-10	7.8066e-15	1.0421e-03	8.5068e-01	1.4827e-01	7.2122e-06	2.0476e-02	9.6888e-01	1.0648e-02	1.1755e-36	1.1755e-36	1.1755e-36	8.3591e-23	0.00e+00	0.00e+00	4.8815e+00
1.78297e+15	8.8847e+03	2.496e-14	1.0000e+05	1.0314e+05	8.7645e-14	1.8360e-02	9.8164e-01	4.5772e-01	5.4228e-01	7.2957e-10	9.3439e-15	1.0637e-03	8.6460e-01	1.3433e-01	5.6406e-06	2.1914e-02	9.6968e-01	8.4059e-03	1.1755e-36	1.1755e-36	1.1755e-36	1.0295e-22	0.00e+00	0.00e+00	5.0254e+00
1.79536e+15	8.8905e+03	2.498e-14	1.0000e+05	1.0246e+05	1.0080e-13	1.9614e-02	9.8039e-01	5.2582e-01	4.7418e-01	5.8969e-10	1.1245e-14	1.0826e-03	8.7718e-01	1.2174e-01	4.3472e-06	2.3482e-02	9.7003e-01	6.4839e-03	1.1755e-36	1.1755e-36	1.1755e-36	1.2743e-22	0.00e+00	0.00e+00	5.1785e+00
1.80957e+15	8.8786e+03	2.499e-14	1.0000e+05	1.0164e+05	1.2102e-13	2.1299e-02	9.7870e-01	6.1241e-01	3.8759e-01	4.3879e-10	1.4151e-14	1.1031e-03	8.9012e-01	1.0877e-01	3.1350e-06	2.5578e-02	9.6976e-01	4.6602e-03	1.1755e-36	1.1755e-36	1.1755e-36	1.6603e-22	0.00e+00	0.00e+00	5.3946e+00
1.82492e+15	8.8778e+03	2.499e-14	1.0000e+05	1.0067e+05	1.4768e-13	2.3363e-02	9.7664e-01	7.0878e-01	2.9122e-01	2.9928e-10	1.8240e-14	1.1205e-03	9.0170e-01	9.7182e-02	2.1700e-06	2.8134e-02	9.6872e-01	3.1437e-03	1.1755e-36	1.1755e-36	1.1755e-36	2.2302e-22	0.00e+00	0.00e+00	5.6104e+00
1.83921e+15	8.8691e+03	2.496e-14	1.0000e+05	9.9498e+04	1.8012e-13	2.5590e-02	9.7441e-01	7.9175e-01	2.0825e-01	1.9454e-10	2.3153e-14	1.1312e-03	9.1037e-01	8.8496e-02	1.5114e-06	3.0882e-02	9.6701e-01	2.1081e-03	1.1755e-36	1.1755e-36	1.1755e-36	2.9568e-22	0.00e+00	0.00e+00	5.8358e+00
1.85526e+15	8.8550e+03	2.506e-14	1.0000e+05	9.8642e+04	2.3108e-13	2.8707e-02	9.7129e-01	8.6649e-01	1.3351e-01	1.1288e-10	3.0854e-14	1.1460e-03	9.1854e-01	8.0313e-02	9.7524e-07	3.4713e-02	9.6398e-01	1.3083e-03	1.1755e-36	1.1755e-36	1.1755e-36	4.2471e-22	0.00e+00	0.00e+00	6.1646e+00
1.87611e+15	8.8362e+03	2.529e-14	1.0000e+05	9.7492e+04	3.2735e-13	3.3771e-02	9.6623e-01	9.2968e-01	7.0324e-02	5.2380e-11	4.4967e-14	1.1609e-03	9.2695e-01	7.1890e-02	5.3947e-07	4.0915e-02	9.5840e-01	6.8571e-04	1.1755e-36	1.1755e-36	1.1755e-36	7.0328e-22	0.00e+00	0.00e+00	6.6673e+00
1.89792e+15	8.8173e+03	2.579e-14	1.0000e+05	9.6580e+04	4.9551e-13	4.1099e-02	9.5890e-01	9.6555e-01	3.4451e-02	2.2853e-11	6.9095e-14	1.1774e-03	9.3464e-01	6.4186e-02	2.8145e-07	4.9853e-02	9.4981e-01	3.3683e-04	1.1755e-36	1.1755e-36	1.1755e-36	1.2942e-21	0.00e+00	0.00e+00	7.1875e+00
1.91712e+15	8.7919e+03	2.627e-14	1.0000e+05	9.5581e+04	7.6243e-13	5.0347e-02	9.4965e-01	9.8144e-01	1.8559e-02	1.1157e-11	1.0628e-13	1.1895e-03	9.4132e-01	5.7488e-02	1.5096e-07	6.1096e-02	9.3873e-01	1.7552e-04	1.1755e-36	1.1755e-36	1.1755e-36	2.4287e-21	0.00e+00	0.00e+00	7.7709e+00
1.93444e+15	8.7567e+03	2.666e-14	1.0000e+05	9.4419e+04	1.2030e-12	6.2290e-02	9.3771e-01	9.8918e-01	1.0824e-02	5.9839e-12	1.6596e-13	1.1976e-03	9.4761e-01	5.1190e-02	1.1755e-36	7.5554e-02	9.2435e-01	9.5039e-05	1.1755e-36	1.1755e-36	1.1755e-36	4.6984e-21	0.00e+00	0.00e+00	8.4111e+00
1.94772e+15	8.7278e+03	2.681e-14	1.0000e+05	9.2894e+04	1.7970e-12	7.5023e-02	9.2498e-01	9.9270e-01	7.3049e-03	3.8277e-12	2.4408e-13	1.1955e-03	9.5257e-01	4.6240e-02	1.1755e-36	9.0889e-02	9.0905e-01	5.8374e-05	1.1755e-36	1.1755e-36	1.1755e-36	8.3495e-21	0.00e+00	0.00e+00	8.8986e+00
1.95664e+15	8.6958e+03	2.685e-14	1.0000e+05	9.1810e+04	2.4664e-12	8.6630e-02	9.1337e-01	9.9437e-01	5.6342e-03	2.8476e-12	3.3010e-13	1.1942e-03	9.5626e-01	4.2546e-02	1.1755e-36	1.0480e-01	8.9516e-01	4.1170e-05	1.1755e-36	1.1755e-36	1.1755e-36	1.3130e-20	0.00e+00	0.00e+00	9.3117e+00
1.96408e+15	8.6612e+03	2.676e-14	1.0000e+05	9.0624e+04	3.3035e-12	9.8742e-02	9.0126e-01	9.9547e-01	4.5294e-03	2.2235e-12	4.3444e-13	1.1896e-03	9.5948e-01	3.9329e-02	1.1755e-36	1.1924e-01	8.8073e-01	3.0196e-05	1.1755e-36	1.1755e-36	1.1755e-36	1.9828e-20	0.00e+00	0.00e+00	9.7682e+00
1.97250e+15	8.6119e+03	2.638e-14	1.0000e+05	8.8600e+04	4.7450e-12	1.1575e-01	8.8425e-01	9.9647e-01	3.5250e-03	1.6825e-12	6.0515e-13	1.1757e-03	9.6318e-01	3.5645e-02	1.1755e-36	1.3938e-01	8.6060e-01	2.0783e-05	1.1755e-36	1.1755e-36	1.1755e-36	3.2582e-20	0.00e+00	0.00e+00	1.0464e+01
1.98140e+15	8.5613e+03	2.576e-14	1.0000e+05	8.6193e+04	7.2163e-12	1.3917e-01	8.6083e-01	9.9726e-01	2.7373e-03	1.2767e-12	8.9130e-13	1.1567e-03	9.6722e-01	3.1622e-02	1.1755e-36	1.6688e-01	8.3311e-01	1.3745e-05	1.1755e-36	1.1755e-36	1.1755e-36	5.8467e-20	0.00e+00	0.00e+00	1.1192e+01
1.98954e+15	8.4703e+03	2.486e-14	1.0000e+05	8.3247e+04	1.1449e-11	1.6868e-01	8.3132e-01	9.9782e-01	2.1778e-03	9.9959e-13	1.3395e-12	1.1311e-03	9.7120e-01	2.7664e-02	1.1755e-36	2.0112e-01	7.9888e-01	9.0641e-06	1.1755e-36	1.1755e-36	1.1755e-36	1.0820e-19	0.00e+00	0.00e+00	1.2042e+01
1.99727e+15	8.3700e+03	2.349e-14	1.0000e+05	7.9500e+04	1.8753e-11	2.0625e-01	7.9375e-01	9.9824e-01	1.7635e-03	8.0621e-13	2.0567e-12	1.0936e-03	9.7509e-01	2.3816e-02	1.1755e-36	2.4404e-01	7.5596e-01	5.8777e-06	1.1755e-36	1.1755e-36	1.1755e-36	2.0760e-19	0.00e+00	0.00e+00	1.3017e+01
2.00419e+15	8.2495e+03	2.169e-14	1.0000e+05	7.4999e+04	3.1069e-11	2.5105e-01	7.4895e-01	9.9853e-01	1.4738e-03	6.8105e-13	3.1398e-12	1.0447e-03	9.7864e-01	2.0316e-02	1.1755e-36	2.9426e-01	7.0574e-01	3.8398e-06	1.1755e-36	1.1755e-36	1.1755e-36	3.9598e-19	0.00e+00	0.00e+00	1.4024e+01
2.00948e+15	8.1289e+03	1.986e-14	1.0000e+05	7.0620e+04	4.7992e-11	2.9479e-01	7.0521e-01	9.9870e-01	1.2997e-03	6.1374e-13	4.4556e-12	9.9443e-04	9.8138e-01	1.7627e-02	1.1755e-36	3.4233e-01	6.5766e-01	2.6966e-06	1.1755e-36	1.1755e-36	1.1755e-36	6.7744e-19	0.00e+00	0.00e+00	1.4812e+01
2.01296e+15	8.0312e+03	1.843e-14	1.0000e+05	6.7211e+04	6.5530e-11	3.2885e-01	6.7115e-01	9.9880e-01	1.2035e-03	5.8108e-13	5.6690e-12	9.5397e-04	9.8317e-01	1.5871e-02	1.1755e-36	3.7911e-01	6.2089e-01	2.1034e-06	1.1755e-36	1.1755e-36	1.1755e-36	9.8152e-19	0.00e+00	0.00e+00	1.5379e+01
2.01541e+15	7.9473e+03	1.732e-14	1.0000e+05	6.4647e+04	8.2974e-11	3.5589e-01	6.4411e-01	9.9886e-01	1.1429e-03	5.6176e-13	6.7683e-12	9.2313e-04	9.8445e-01	1.4629e-02	1.1755e-36	4.0791e-01	5.9209e-01	1.7471e-06	1.1755e-36	1.1755e-36	1.1755e-36	1.2909e-18	0.00e+00	0.00e+00	1.5864e+01
2.01757e+15	7.8677e+03	1.624e-14	1.0000e+05	6.2055e+04	1.0303e-10	3.8166e-01	6.1834e-01	9.9891e-01	1.0933e-03	5.4881e-13	7.9161e-12	8.9127e-04	9.8555e-01	1.3562e-02	1.1755e-36	4.3504e-01	5.6496e-01	1.4713e-06	1.1755e-36	1.1755e-36	1.1755e-36	1.6446e-18	0.00e+00	0.00e+00	1.6387e+01
2.01970e+15	7.7823e+03	1.511e-14	1.0000e+05	5.9276e+04	1.2811e-10	4.0823e-01	5.9177e-01	9.9895e-01	1.0477e-03	5.3953e-13	9.2032e-12	8.5666e-04	9.8659e-01	1.2558e-02	1.1755e-36	4.6267e-01	5.3733e-01	1.2392e-06	1.1755e-36	1.1755e-36	1.1755e-36	2.0752e-18	0.00e+00	0.00e+00	1.6923e+01
2.02162e+15	7.6954e+03	1.407e-14	1.0000e+05	5.6732e+04	1.5744e-10	4.3391e-01	5.6609e-01	9.9899e-01	1.0128e-03	5.3462e-13	1.0579e-11	8.2459e-04	9.8752e-01	1.1655e-02	1.1755e-36	4.8909e-01	5.1091e-01	1.0558e-06	1.1755e-36	1.1755e-36	1.1755e-36	2.5758e-18	0.00e+00	0.00e+00	1.7410e+01
2.02330e+15	7.6112e+03	1.314e-14	1.0000e+05	5.4440e+04	1.9008e-10	4.5773e-01	5.4227e-01	9.9902e-01	9.8471e-04	5.3214e-13	1.1974e-11	7.9556e-04	9.8833e-01	1.0873e-02	1.1755e-36	5.1332e-01	4.8668e-01	9.1334e-07	1.1755e-36	1.1755e-36	1.1755e-36	3.1237e-18	0.00e+00	0.00e+00	1.7867e+01
2.02485e+15	7.5294e+03	1.225e-14	1.0000e+05	5.2174e+04	2.2684e-10	4.8024e-01	5.1976e-01	9.9904e-01	9.6225e-04	5.3345e-13	1.3376e-11	7.6641e-04	9.8905e-01	1.0181e-02	1.1755e-36	5.3598e-01	4.6402e-01	7.9726e-07	1.1755e-36	1.1755e-36	1.1755e-36	3.7093e-18	0.00e+00	0.00e+00	1.8324e+01
2.02629e+15	7.4469e+03	1.143e-14	1.0000e+05	5.0005e+04	2.6884e-10	5.0188e-01	4.9812e-01	9.9906e-01	9.4337e-04	5.3672e-13	1.4819e-11	7.3831e-04	9.8971e-01	9.5508e-03	1.1755e-36	5.5756e-01	4.4244e-01	7.0053e-07	1.1755e-36	1.1755e-36	1.1755e-36	4.3488e-18	0.00e+00	0.00e+00	1.8763e+01
2.02762e+15	7.3641e+03	1.066e-14	1.0000e+05	4.7953e+04	3.1610e-10	5.2231e-01	4.7769e-01	9.9907e-01	9.2791e-04	5.4176e-13	1.6266e-11	7.1156e-04	9.9030e-01	8.9843e-03	1.1755e-36	5.7774e-01	4.2226e-01	6.2051e-07	1.1755e-36	1.1755e-36	1.1755e-36	5.0246e-18	0.00e+00	0.00e+00	1.9184e+01
2.02886e+15	7.2823e+03	9.958e-15	1.0000e+05	4.6009e+04	3.6883e-10	5.4162e-01	4.5838e-01	9.9908e-01	9.1529e-04	5.4840e-13	1.7711e-11	6.8605e-04	9.9084e-01	8.4721e-03	1.1755e-36	5.9666e-01	4.0334e-01	5.5339e-07	1.1755e-36	1.1755e-36	1.1755e-36	5.7324e-18	0.00e+00	0.00e+00	1.9592e+01
2.02986e+15	7.2269e+03	9.408e-15	1.0000e+05	4.4438e+04	4.1266e-10	5.5618e-01	4.4382e-01	9.9909e-01	9.0851e-04	5.5725e-13	1.8815e-11	6.6495e-04	9.9124e-01	8.0981e-03	1.1755e-36	6.1080e-01	3.8920e-01	5.0678e-07	1.1755e-36	1.1755e-36	1.1755e-36	6.2925e-18	0.00e+00	0.00e+00	1.9873e+01
2.03061e+15	7.1717e+03	8.996e-15	1.0000e+05	4.3259e+04	4.5500e-10	5.6810e-01	4.3190e-01	9.9910e-01	9.0241e-04	5.6292e-13	1.9787e-11	6.4936e-04	9.9155e-01	7.8003e-03	1.1755e-36	6.2232e-01	3.7768e-01	4.7223e-07	1.1755e-36	1.1755e-36	1.1755e-36	6.8020e-18	0.00e+00	0.00e+00	2.0125e+01
2.03133e+15	7.1155e+03	8.595e-15	1.0000e+05	4.2087e+04	5.0157e-10	5.7983e-01	4.2017e-01	9.9910e-01	8.9660e-04	5.6907e-13	2.0769e-11	6.3380e-04	9.9185e-01	7.5149e-03	1.1755e-36	6.3360e-01	3.6640e-01	4.4034e-07	1.1755e-36	1.1755e-36	1.1755e-36	7.3302e-18	0.00e+00	0.00e+00	2.0396e+01
2.03209e+15	7.0500e+03	8.176e-15	1.0000e+05	4.0834e+04	5.5888e-10	5.9242e-01	4.0758e-01	9.9911e-01	8.9078e-04	5.7612e-13	2.1860e-11	6.1716e-04	9.9217e-01	7.2157e-03	1.1755e-36	6.4566e-01	3.5434e-01	4.0850e-07	1.1755e-36	1.1755e-36	1.1755e-36	7.9295e-18	0.00e+00	0.00e+00	2.0692e+01
2.03288e+15	6.9843e+03	7.759e-15	1.0000e+05	3.9596e+04	6.2401e-10	6.0540e-01	3.9460e-01	9.9911e-01	8.8523e-04	5.8363e-13	2.3045e-11	6.0062e-04	9.9249e-01	6.9134e-03	1.1755e-36	6.5800e-01	3.4200e-01	3.7794e-07	1.1755e-36	1.1755e-36	1.1755e-36	8.6073e-18	0.00e+00	0.00e+00	2.0990e+01
2.03364e+15	6.9293e+03	7.357e-15	1.0000e+05	3.8340e+04	6.8840e-10	6.1727e-01	3.8273e-01	9.9912e-01	8.8231e-04	5.9451e-13	2.4102e-11	5.8348e-04	9.9277e-01	6.6430e-03	1.1755e-36	6.6924e-01	3.3075e-01	3.5112e-07	1.1755e-36	1.1755e-36	1.1755e-36	9.2190e-18	0.00e+00	0.00e+00	2.1280e+01
2.03440e+15	6.8596e+03	6.970e-15	1.0000e+05	3.7114e+04	7.6909e-10	6.2960e-01	3.7040e-01	9.9912e-01	8.7896e-04	6.0454e-13	2.5269e-11	5.6694e-04	9.9306e-01	6.3695e-03	1.1755e-36	6.8083e-01	3.1917e-01	3.2575e-07	1.1755e-36	1.1755e-36	1.1755e-36	9.9108e-18	0.00e+00	0.00e+00	2.1583e+01
2.03515e+15	6.7913e+03	6.596e-15	1.0000e+05	3.5927e+04	8.5869e-10	6.4191e-01	3.5809e-01	9.9912e-01	8.7570e-04	6.1485e-13	2.6492e-11	5.5084e-04	9.9335e-01	6.1009e-03	1.1755e-36	6.9236e-01	3.0764e-01	3.0195e-07	1.1755e-36	1.1755e-36	1.1755e-36	1.0662e-17	0.00e+00	0.00e+00	2.1885e+01
2.03588e+15	6.7258e+03	6.239e-15	1.0000e+05	3.4751e+04	9.5448e-10	6.5353e-01	3.4647e-01	9.9913e-01	8.7396e-04	6.2711e-13	2.7645e-11	5.3472e-04	9.9361e-01	5.8521e-03	1.1755e-36	7.0319e-01	2.9681e-01	2.8065e-07	1.1755e-36	1.1755e-36	1.1755e-36	1.1378e-17	0.00e+00	0.00e+00	2.2182e+01
2.03660e+15	6.6583e+03	5.897e-15	1.0000e+05	3.3596e+04	1.0626e-09	6.6503e-01	3.3497e-01	9.9913e-01	8.7261e-04	6.4006e-13	2.8819e-11	5.1886e-04	9.9387e-01	5.6110e-03	1.1755e-36	7.1384e-01	2.8616e-01	2.6087e-07	1.1755e-36	1.1755e-36	1.1755e-36	1.2123e-17	0.00e+00	0.00e+00	2.2486e+01
2.03733e+15	6.5914e+03	5.563e-15	1.0000e+05	3.2453e+04	1.1828e-09	6.7644e-01	3.2356e-01	9.9913e-01	8.7185e-04	6.5422e-13	3.0014e-11	5.0304e-04	9.9412e-01	5.3756e-03	1.1755e-36	7.2436e-01	2.7564e-01	2.4231e-07	1.1755e-36	1.1755e-36	1.1755e-36	1.2901e-17	0.00e+00	0.00e+00	2.2796e+01
2.03805e+15	6.5193e+03	5.241e-15	1.0000e+05	3.1309e+04	1.3225e-09	6.8772e-01	3.1228e-01	9.9913e-01	8.7155e-04	6.6950e-13	3.1210e-11	4.8722e-04	9.9436e-01	5.1481e-03	1.1755e-36	7.3468e-01	2.6532e-01	2.2514e-07	1.1755e-36	1.1755e-36	1.1755e-36	1.3688e-17	0.00e+00	0.00e+00	2.3109e+01
2.03877e+15	6.4463e+03	4.935e-15	1.0000e+05	3.0194e+04	1.4795e-09	6.9871e-01	3.0129e-01	9.9913e-01	8.7200e-04	6.8584e-13	3.2404e-11	4.7170e-04	9.9460e-01	4.9286e-03	1.1755e-36	7.4474e-01	2.5526e-01	2.0922e-07	1.1755e-36	1.1755e-36	1.1755e-36	1.4487e-17	0.00e+00	0.00e+00	2.3423e+01
2.03948e+15	6.3734e+03	4.642e-15	1.0000e+05	2.9116e+04	1.6552e-09	7.0954e-01	2.9046e-01	9.9913e-01	8.7268e-04	7.0284e-13	3.3620e-11	4.5662e-04	9.9483e-01	4.7165e-03	1.1755e-36	7.5458e-01	2.4542e-01	1.9445e-07	1.1755e-36	1.1755e-36	1.1755e-36	1.5324e-17	0.00e+00	0.00e+00	2.3739e+01
2.04018e+15	6.2993e+03	4.364e-15	1.0000e+05	2.8062e+04	1.8538e-09	7.2009e-01	2.7991e-01	9.9913e-01	8.7388e-04	7.2091e-13	3.4827e-11	4.4182e-04	9.9505e-01	4.5130e-03	1.1755e-36	7.6412e-01	2.3588e-01	1.8082e-07	1.1755e-36	1.1755e-36	1.1755e-36	1.6170e-17	0.00e+00	0.00e+00	2.4055e+01
2.04087e+15	6.2300e+03	4.099e-15	1.0000e+05	2.7033e+04	2.0665e-09	7.3023e-01	2.6977e-01	9.9912e-01	8.7602e-04	7.4092e-13	3.5994e-11	4.2724e-04	9.9525e-01	4.3198e-03	1.1755e-36	7.7324e-01	2.2676e-01	1.6829e-07	1.1755e-36	1.1755e-36	1.1755e-36	1.7004e-17	0.00e+00	0.00e+00	2.4374e+01
2.04156e+15	6.1559e+03	3.845e-15	1.0000e+05	2.6018e+04	2.3151e-09	7.4027e-01	2.5973e-01	9.9912e-01	8.7849e-04	7.6195e-13	3.7177e-11	4.1284e-04	9.9546e-01	4.1313e-03	1.1755e-36	7.8224e-01	2.1776e-01	1.5653e-07	1.1755e-36	1.1755e-36	1.1755e-36	1.7863e-17	0.00e+00	0.00e+00	2.4699e+01
2.04226e+15	6.0748e+03	3.602e-15	1.0000e+05	2.5023e+04	2.6133e-09	7.5026e-01	2.4974e-01	9.9912e-01	8.8099e-04	7.8352e-13	3.8398e-11	3.9873e-04	9.9565e-01	3.9473e-03	1.1755e-36	7.9116e-01	2.0884e-01	1.4553e-07	1.1755e-36	1.1755e-36	1.1755e-36	1.8771e-17	0.00e+00	0.00e+00	2.5027e+01
2.04294e+15	5.9959e+03	3.375e-15	1.0000e+05	2.4065e+04	2.9434e-09	7.5984e-01	2.4016e-01	9.9912e-01	8.8407e-04	8.0638e-13	3.9593e-11	3.8508e-04	9.9584e-01	3.7729e-03	1.1755e-36	7.9968e-01	2.0032e-01	1.3546e-07	1.1755e-36	1.1755e-36	1.1755e-36	1.9684e-17	0.00e+00	0.00e+00	2.5351e+01
2.04361e+15	5.9175e+03	3.161e-15	1.0000e+05	2.3141e+04	3.3140e-09	7.6907e-01	2.3093e-01	9.9911e-01	8.8756e-04	8.3038e-13	4.0769e-11	3.7183e-04	9.9602e-01	3.6073e-03	1.1755e-36	8.0784e-01	1.9216e-01	1.2619e-07	1.1755e-36	1.1755e-36	1.1755e-36	2.0608e-17	0.00e+00	0.00e+00	2.5675e+01
2.04428e+15	5.8382e+03	2.959e-15	1.0000e+05	2.2239e+04	3.7373e-09	7.7806e-01	2.2194e-01	9.9911e-01	8.9151e-04	8.5583e-13	4.1947e-11	3.5885e-04	9.9619e-01	3.4479e-03	1.1755e-36	8.1577e-01	1.8423e-01	1.1757e-07	1.1755e-36	1.1755e-36	1.1755e-36	2.1562e-17	0.00e+00	0.00e+00	2.6004e+01
2.04495e+15	5.7536e+03	2.768e-15	1.0000e+05	2.1377e+04	4.2432e-09	7.8700e-01	2.1300e-01	9.9911e-01	8.9490e-04	8.8069e-13	4.3215e-11	3.4649e-04	9.9636e-01	3.2930e-03	1.1755e-36	8.2360e-01	1.7640e-01	1.0950e-07	1.1755e-36	1.1755e-36	1.1755e-36	2.2645e-17	0.00e+00	0.00e+00	2.6332e+01
2.04560e+15	5.6771e+03	2.589e-15	1.0000e+05	2.0528e+04	4.7722e-09	7.9516e-01	2.0484e-01	9.9910e-01	9.0037e-04	9.1001e-13	4.4315e-11	3.3411e-04	9.9652e-01	3.1506e-03	1.1755e-36	8.3076e-01	1.6924e-01	1.0225e-07	1.1755e-36	1.1755e-36	1.1755e-36	2.3598e-17	0.00e+00	0.00e+00	2.6655e+01
2.04623e+15	5.5937e+03	2.425e-15	1.0000e+05	1.9747e+04	5.4124e-09	8.0329e-01	1.9671e-01	9.9910e-01	9.0427e-04	9.3629e-13	4.5579e-11	3.2284e-04	9.9666e-01	3.0132e-03	1.1755e-36	8.3783e-01	1.6217e-01	9.5517e-08	1.1755e-36	1.1755e-36	1.1755e-36	2.4776e-17	0.00e+00	0.00e+00	2.6972e+01
2.04686e+15	5.5134e+03	2.270e-15	1.0000e+05	1.8976e+04	6.1199e-09	8.1099e-01	1.8901e-01	9.9909e-01	9.0945e-04	9.6587e-13	4.6782e-11	3.1159e-04	9.9680e-01	2.8837e-03	1.1755e-36	8.4451e-01	1.5549e-01	8.9313e-08	1.1755e-36	1.1755e-36	1.1755e-36	2.5946e-17	0.00e+00	0.00e+00	2.7294e+01
2.04748e+15	5.4324e+03	2.125e-15	1.0000e+05	1.8230e+04	6.9301e-09	8.1844e-01	1.8156e-01	9.9909e-01	9.1489e-04	9.9667e-13	4.8029e-11	3.0068e-04	9.9694e-01	2.7596e-03	1.1755e-36	8.5097e-01	1.4903e-01	8.3530e-08	1.1755e-36	1.1755e-36	1.1755e-36	2.7228e-17	0.00e+00	0.00e+00	2.7615e+01
2.04810e+15	5.3519e+03	1.989e-15	1.0000e+05	1.7518e+04	7.8466e-09	8.2556e-01	1.7444e-01	9.9908e-01	9.2060e-04	1.0285e-12	4.9313e-11	2.9022e-04	9.9707e-01	2.6424e-03	1.1755e-36	8.5712e-01	1.4288e-01	7.8218e-08	1.1755e-36	1.1755e-36	1.1755e-36	2.8631e-17	0.00e+00	0.00e+00	2.7932e+01
2.04870e+15	5.2717e+03	1.863e-15	1.0000e+05	1.6837e+04	8.8835e-09	8.3237e-01	1.6763e-01	9.9907e-01	9.2653e-04	1.0612e-12	5.0651e-11	2.8020e-04	9.9719e-01	2.5317e-03	1.1755e-36	8.6298e-01	1.3702e-01	7.3326e-08	1.1755e-36	1.1755e-36	1.1755e-36	3.0189e-17	0.00e+00	0.00e+00	2.8245e+01
2.04929e+15	5.1915e+03	1.745e-15	1.0000e+05	1.6183e+04	1.0062e-08	8.3892e-01	1.6108e-01	9.9907e-01	9.3270e-04	1.0951e-12	5.2070e-11	2.7055e-04	9.9730e-01	2.4266e-03	1.1755e-36	8.6859e-01	1.3141e-01	6.8790e-08	1.1755e-36	1.1755e-36	1.1755e-36	3.1948e-17	0.00e+00	0.00e+00	2.8558e+01
2.04984e+15	5.1179e+03	1.645e-15	1.0000e+05	1.5606e+04	1.1282e-08	8.4465e-01	1.5535e-01	9.9906e-01	9.3861e-04	1.1272e-12	5.3449e-11	2.6202e-04	9.9740e-01	2.3351e-03	1.1755e-36	8.7350e-01	1.2650e-01	6.4943e-08	1.1755e-36	1.1755e-36	1.1755e-36	3.3764e-17	0.00e+00	0.00e+00	2.8827e+01
2.05033e+15	5.0546e+03	1.558e-15	1.0000e+05	1.5094e+04	1.2459e-08	8.4954e-01	1.5046e-01	9.9905e-01	9.4500e-04	1.1594e-12	5.4686e-11	2.5436e-04	9.9749e-01	2.2570e-03	1.1755e-36	8.7767e-01	1.2233e-01	6.1712e-08	1.1755e-36	1.1755e-36	1.1755e-36	3.5479e-17	0.00e+00	0.00e+00	2.9077e+01
2.05081e+15	4.9832e+03	1.476e-15	1.0000e+05	1.4608e+04	1.3913e-08	8.5466e-01	1.4534e-01	9.9905e-01	9.4971e-04	1.1880e-12	5.6266e-11	2.4722e-04	9.9758e-01	2.1765e-03	1.1755e-36	8.8203e-01	1.1797e-01	5.8518e-08	1.1755e-36	1.1755e-36	1.1755e-36	3.7745e-17	0.00e+00	0.00e+00	2.9344e+01
2.05129e+15	4.9136e+03	1.397e-15	1.0000e+05	1.4125e+04	1.5477e-08	8.5946e-01	1.4054e-01	9.9904e-01	9.5559e-04	1.2201e-12	5.7739e-11	2.4005e-04	9.9767e-01	2.0938e-03	1.1755e-36	8.8610e-01	1.1390e-01	5.5567e-08	1.1755e-36	1.1755e-36	1.1755e-36	3.9836e-17	0.00e+00	0.00e+00	2.9600e+01
2.05176e+15	4.8449e+03	1.324e-15	1.0000e+05	1.3665e+04	1.7189e-08	8.6405e-01	1.3595e-01	9.9904e-01	9.6144e-04	1.2524e-12	5.9258e-11	2.3323e-04	9.9775e-01	2.0152e-03	1.1755e-36	8.9000e-01	1.1000e-01	5.2816e-08	1.1755e-36	1.1755e-36	1.1755e-36	4.2111e-17	0.00e+00	0.00e+00	2.9855e+01
2.05223e+15	4.7756e+03	1.254e-15	1.0000e+05	1.3217e+04	1.9097e-08	8.6853e-01	1.3147e-01	9.9903e-01	9.6744e-04	1.2856e-12	6.0849e-11	2.2658e-04	9.9783e-01	1.9390e-03	1.1755e-36	8.9379e-01	1.0621e-01	5.0200e-08	1.1755e-36	1.1755e-36	1.1755e-36	4.4626e-17	0.00e+00	0.00e+00	3.0112e+01
2.05270e+15	4.7055e+03	1.188e-15	1.0000e+05	1.2780e+04	2.1227e-08	8.7291e-01	1.2709e-01	9.9903e-01	9.7362e-04	1.3201e-12	6.2517e-11	2.2007e-04	9.9792e-01	1.8649e-03	1.1755e-36	8.9749e-01	1.0251e-01	4.7706e-08	1.1755e-36	1.1755e-36	1.1755e-36	4.7407e-17	0.00e+00	0.00e+00	3.0371e+01
2.05317e+15	4.6348e+03	1.124e-15	1.0000e+05	1.2354e+04	2.3586e-08	8.7717e-01	1.2283e-01	9.9902e-01	9.7997e-04	1.3557e-12	6.4255e-11	2.1373e-04	9.9799e-01	1.7931e-03	1.1755e-36	9.0109e-01	9.8914e-02	4.5339e-08	1.1755e-36	1.1755e-36	1.1755e-36	5.0464e-17	0.00e+00	0.00e+00	3.0631e+01
2.05364e+15	4.5635e+03	1.064e-15	1.0000e+05	1.1938e+04	2.6190e-08	8.8132e-01	1.1868e-01	9.9901e-01	9.8650e-04	1.3924e-12	6.6058e-11	2.0754e-04	9.9807e-01	1.7236e-03	1.1755e-36	9.0457e-01	9.5426e-02	4.3092e-08	1.1755e-36	1.1755e-36	1.1755e-36	5.3806e-17	0.00e+00	0.00e+00	3.0891e+01
2.05410e+15	4.4912e+03	1.007e-15	1.0000e+05	1.1533e+04	2.9056e-08	8.8538e-01	1.1462e-01	9.9901e-01	9.9316e-04	1.4304e-12	6.7934e-11	2.0151e-04	9.9814e-01	1.6560e-03	1.1755e-36	9.0798e-01	9.2016e-02	4.0944e-08	1.1755e-36	1.1755e-36	1.1755e-36	5.7465e-17	0.00e+00	0.00e+00	3.1154e+01
2.05458e+15	4.4175e+03	9.514e-16	1.0000e+05	1.1134e+04	3.2210e-08	8.8938e-01	1.1062e-01	9.9900e-01	1.0000e-03	1.4700e-12	6.9877e-11	1.9556e-04	9.9821e-01	1.5898e-03	1.1755e-36	9.1133e-01	8.8666e-02	3.8879e-08	1.1755e-36	1.1755e-36	1.1755e-36	6.1448e-17	0.00e+00	0.00e+00	3.1422e+01
2.05506e+15	4.3416e+03	8.979e-16	1.0000e+05	1.0737e+04	3.5681e-08	8.9333e-01	1.0667e-01	9.9899e-01	1.0072e-03	1.5117e-12	7.1876e-11	1.8967e-04	9.9829e-01	1.5246e-03	1.1755e-36	9.1465e-01	8.5355e-02	3.6883e-08	1.1755e-36	1.1755e-36	1.1755e-36	6.5749e-17	0.00e+00	0.00e+00	3.1697e+01
2.05556e+15	4.2631e+03	8.459e-16	1.0000e+05	1.0343e+04	3.9471e-08	8.9728e-01	1.0272e-01	9.9899e-01	1.0147e-03	1.5555e-12	7.3918e-11	1.8381e-04	9.9836e-01	1.4600e-03	1.1755e-36	9.1795e-01	8.2053e-02	3.4936e-08	1.1755e-36	1.1755e-36	1.1755e-36	7.0350e-17	0.00e+00	0.00e+00	3.1981e+01
2.05607e+15	4.1777e+03	7.949e-16	1.0000e+05	9.9398e+03	4.3735e-08	9.0125e-01	9.8746e-02	9.9898e-01	1.0228e-03	1.6030e-12	7.5982e-11	1.7786e-04	9.9843e-01	1.3954e-03	1.1755e-36	9.2126e-01	7.8735e-02	3.3033e-08	1.1755e-36	1.1755e-36	1.1755e-36	7.5234e-17	0.00e+00	0.00e+00	3.2278e+01
2.05658e+15	4.0939e+03	7.465e-16	1.0000e+05	9.5522e+03	4.7990e-08	9.0513e-01	9.4875e-02	9.9897e-01	1.0307e-03	1.6516e-12	7.7880e-11	1.7212e-04	9.9850e-01	1.3327e-03	1.1755e-36	9.2449e-01	7.5511e-02	3.1215e-08	1.1755e-36	1.1755e-36	1.1755e-36	7.9886e-17	0.00e+00	0.00e+00	3.2572e+01
2.05710e+15	4.0143e+03	7.011e-16	1.0000e+05	9.1787e+03	5.1959e-08	9.0877e-01	9.1231e-02	9.9896e-01	1.0393e-03	1.7036e-12	7.9419e-11	1.6655e-04	9.9856e-01	1.2743e-03	1.1755e-36	9.2749e-01	7.2510e-02	2.9551e-08	1.1755e-36	1.1755e-36	1.1755e-36	8.3772e-17	0.00e+00	0.00e+00	3.2863e+01
2.05760e+15	3.9308e+03	6.593e-16	1.0000e+05	8.8254e+03	5.5947e-08	9.1231e-01	8.7690e-02	9.9895e-01	1.0463e-03	1.7517e-12	8.0751e-11	1.6136e-04	9.9862e-01	1.2178e-03	1.1755e-36	9.3043e-01	6.9565e-02	2.7963e-08	1.1755e-36	1.1755e-36	1.1755e-36	8.7205e-17	0.00e+00	0.00e+00	3.3150e+01
###########################
5.46677e+10	8.8219e+03	2.637e-14	1.0000e+05	1.0839e+05	1.3295e-15	2.2411e-03	9.9776e-01	1.2107e-02	9.8526e-01	2.6323e-03	1.4617e-17	1.2273e-04	1.8512e-01	8.1377e-01	9.8662e-04	1.1766e-03	5.0471e-01	4.9372e-01	4.0028e-04	1.1755e-36	1.1755e-36	9.1608e-26	0.00e+00	0.00e+00	1.5471e-04
3.28006e+11	8.8204e+03	2.636e-14	1.0000e+05	1.0838e+05	1.3249e-15	2.2403e-03	9.9776e-01	1.2106e-02	9.8526e-01	2.6306e-03	1.4539e-17	1.2298e-04	1.8511e-01	8.1378e-01	9.8792e-04	1.1758e-03	5.0458e-01	4.9384e-01	3.9879e-04	1.1755e-36	1.1755e-36	9.0687e-26	0.00e+00	0.00e+00	7.7333e-04
1.42136e+12	8.8171e+03	2.633e-14	1.0000e+05	1.0838e+05	1.2948e-15	2.2389e-03	9.9776e-01	1.2109e-02	9.8528e-01	2.6146e-03	1.4185e-17	1.2283e-04	1.8515e-01	8.1374e-01	9.8530e-04	1.1754e-03	5.0463e-01	4.9380e-01	3.9312e-04	1.1755e-36	1.1755e-36	8.6295e-26	0.00e+00	0.00e+00	3.2463e-03
5.79477e+12	8.8075e+03	2.625e-14	1.0000e+05	1.0838e+05	1.2900e-15	2.2368e-03	9.9776e-01	1.2132e-02	9.8534e-01	2.5290e-03	1.4139e-17	1.2286e-04	1.8544e-01	8.1346e-01	9.7635e-04	1.1762e-03	5.0518e-01	4.9327e-01	3.7092e-04	1.1755e-36	1.1755e-36	8.5419e-26	0.00e+00	0.00e+00	1.3129e-02
1.38418e+13	8.7819e+03	2.595e-14	1.0000e+05	1.0838e+05	1.2627e-15	2.2120e-03	9.9779e-01	1.2110e-02	9.8541e-01	2.4836e-03	1.3663e-17	1.2176e-04	1.8531e-01	8.1360e-01	9.7010e-04	1.1637e-03	5.0496e-01	4.9353e-01	3.4299e-04	1.1755e-36	1.1755e-36	8.0786e-26	0.00e+00	0.00e+00	2.5833e-02
2.43031e+13	8.7514e+03	2.565e-14	1.0000e+05	1.0838e+05	1.2456e-15	2.1904e-03	9.9781e-01	1.2108e-02	9.8554e-01	2.3479e-03	1.3310e-17	1.2118e-04	1.8542e-01	8.1350e-01	9.5661e-04	1.1548e-03	5.0539e-01	4.9315e-01	3.0786e-04	1.1755e-36	1.1755e-36	7.7211e-26	0.00e+00	0.00e+00	4.2188e-02
3.79026e+13	8.7173e+03	2.531e-14	1.0000e+05	1.0838e+05	1.2358e-15	2.1702e-03	9.9783e-01	1.2122e-02	9.8575e-01	2.1266e-03	1.3049e-17	1.2085e-04	1.8575e-01	8.1320e-01	9.3615e-04	1.1486e-03	5.0648e-01	4.9211e-01	2.6599e-04	1.1755e-36	1.1755e-36	7.4433e-26	0.00e+00	0.00e+00	6.3253e-02
5.55820e+13	8.6755e+03	2.493e-14	1.0000e+05	1.0838e+05	1.2303e-15	2.1521e-03	9.9785e-01	1.2161e-02	9.8602e-01	1.8228e-03	1.2832e-17	1.2083e-04	1.8639e-01	8.1258e-01	9.0812e-04	1.1461e-03	5.0850e-01	4.9013e-01	2.1854e-04	1.1755e-36	1.1755e-36	7.1738e-26	0.00e+00	0.00e+00	9.0410e-02
7.85653e+13	8.6341e+03	2.450e-14	1.0000e+05	1.0838e+05	1.2253e-15	2.1355e-03	9.9786e-01	1.2225e-02	9.8632e-01	1.4553e-03	1.2668e-17	1.2111e-04	1.8736e-01	8.1164e-01	8.7372e-04	1.1476e-03	5.1164e-01	4.8705e-01	1.6823e-04	1.1755e-36	1.1755e-36	6.9297e-26	0.00e+00	0.00e+00	1.2544e-01
1.08444e+14	8.5854e+03	2.403e-14	1.0000e+05	1.0837e+05	1.2287e-15	2.1233e-03	9.9788e-01	1.2333e-02	9.8661e-01	1.0597e-03	1.2618e-17	1.2191e-04	1.8891e-01	8.1014e-01	8.3342e-04	1.1557e-03	5.1633e-01	4.8239e-01	1.1898e-04	1.1755e-36	1.1755e-36	6.7429e-26	0.00e+00	0.00e+00	1.7072e-01
1.47285e+14	8.5353e+03	2.352e-14	1.0000e+05	1.0837e+05	1.2368e-15	2.1168e-03	9.9788e-01	1.2499e-02	9.8681e-01	6.8739e-04	1.2690e-17	1.2342e-04	1.9119e-01	8.0790e-01	7.8965e-04	1.1722e-03	5.2291e-01	4.7584e-01	7.5556e-05	1.1755e-36	1.1755e-36	6.6034e-26	0.00e+00	0.00e+00	2.2940e-01
1.97779e+14	8.4813e+03	2.297e-14	1.0000e+05	1.0836e+05	1.2903e-15	2.1208e-03	9.9788e-01	1.2755e-02	9.8686e-01	3.8625e-04	1.3333e-17	1.2604e-04	1.9461e-01	8.0452e-01	7.4350e-04	1.2012e-03	5.3191e-01	4.6684e-01	4.1921e-05	1.1755e-36	1.1755e-36	6.9272e-26	0.00e+00	0.00e+00	3.0584e-01
2.63422e+14	8.4285e+03	2.240e-14	1.0000e+05	1.0836e+05	1.3207e-15	2.1411e-03	9.9786e-01	1.3145e-02	9.8667e-01	1.8233e-04	1.3906e-17	1.3033e-04	1.9966e-01	7.9951e-01	6.9507e-04	1.2488e-03	5.4408e-01	4.5465e-01	1.9744e-05	1.1755e-36	1.1755e-36	6.9674e-26	0.00e+00	0.00e+00	4.0615e-01
3.48757e+14	8.3787e+03	2.183e-14	1.0000e+05	1.0835e+05	1.3849e-15	2.1879e-03	9.9781e-01	1.3750e-02	9.8618e-01	6.9874e-05	1.5141e-17	1.3725e-04	2.0724e-01	7.9198e-01	6.4196e-04	1.3257e-03	5.6067e-01	4.3800e-01	7.7138e-06	1.1755e-36	1.1755e-36	7.3425e-26	0.00e+00	0.00e+00	5.3941e-01
4.59693e+14	8.3396e+03	2.129e-14	1.0000e+05	1.0833e+05	1.4959e-15	2.2784e-03	9.9772e-01	1.4711e-02	9.8527e-01	2.1004e-05	1.7500e-17	1.4850e-04	2.1881e-01	7.8046e-01	5.8031e-04	1.4510e-03	5.8364e-01	4.1491e-01	2.5370e-06	1.1755e-36	1.1755e-36	8.2273e-26	0.00e+00	0.00e+00	7.1982e-01
6.03910e+14	8.3017e+03	2.085e-14	1.0000e+05	1.0829e+05	1.7192e-15	2.4491e-03	9.9755e-01	1.6316e-02	9.8368e-01	4.8156e-06	2.2380e-17	1.6772e-04	2.3727e-01	7.6206e-01	5.0437e-04	1.6663e-03	6.1638e-01	3.8195e-01	8.1012e-07	1.1755e-36	1.1755e-36	1.0273e-25	0.00e+00	0.00e+00	9.7192e-01
7.53418e+14	8.3016e+03	2.047e-14	1.0000e+05	1.0825e+05	1.9730e-15	2.6595e-03	9.9734e-01	1.8350e-02	9.8165e-01	1.1144e-06	2.9160e-17	1.9109e-04	2.5911e-01	7.4026e-01	4.3422e-04	1.9332e-03	6.5125e-01	3.4681e-01	3.8082e-07	1.1755e-36	1.1755e-36	1.3162e-25	0.00e+00	0.00e+00	1.2003e+00
8.74551e+14	8.3214e+03	2.038e-14	1.0000e+05	1.0820e+05	2.2885e-15	2.9021e-03	9.9710e-01	2.0620e-02	9.7938e-01	3.8909e-07	3.8450e-17	2.1669e-04	2.8175e-01	7.1766e-01	3.7790e-04	2.2315e-03	6.8303e-01	3.1474e-01	2.5935e-07	1.1755e-36	1.1755e-36	1.7396e-25	0.00e+00	0.00e+00	1.3950e+00
9.74726e+14	8.3545e+03	2.042e-14	1.0000e+05	1.0816e+05	2.6684e-15	3.1715e-03	9.9683e-01	2.3157e-02	9.7684e-01	1.7651e-07	5.1011e-17	2.4433e-04	3.0511e-01	6.9432e-01	3.3074e-04	2.5613e-03	7.1228e-01	2.8516e-01	1.9885e-07	1.1755e-36	1.1755e-36	2.3421e-25	0.00e+00	0.00e+00	1.5834e+00
1.06733e+15	8.3966e+03	2.054e-14	1.0000e+05	1.0809e+05	3.1511e-15	3.4882e-03	9.9651e-01	2.6207e-02	9.7379e-01	8.9175e-08	6.9000e-17	2.7636e-04	3.3110e-01	6.6834e-01	2.8705e-04	2.9522e-03	7.4143e-01	2.5562e-01	1.5509e-07	1.1755e-36	1.1755e-36	3.2402e-25	0.00e+00	0.00e+00	1.7842e+00
1.15639e+15	8.4436e+03	2.073e-14	1.0000e+05	1.0801e+05	3.8039e-15	3.8717e-03	9.9613e-01	3.0038e-02	9.6996e-01	4.8094e-08	9.6058e-17	3.1423e-04	3.6087e-01	6.3857e-01	2.4532e-04	3.4305e-03	7.7109e-01	2.2547e-01	1.1755e-36	1.1755e-36	1.1755e-36	4.6632e-25	0.00e+00	0.00e+00	1.9968e+00
1.23914e+15	8.4958e+03	2.097e-14	1.0000e+05	1.0793e+05	4.6660e-15	4.3227e-03	9.9568e-01	3.4834e-02	9.6517e-01	2.8025e-08	1.3624e-16	3.5771e-04	3.9398e-01	6.0545e-01	2.0693e-04	3.9992e-03	7.9998e-01	1.9602e-01	1.1755e-36	1.1755e-36	1.1755e-36	6.9088e-25	0.00e+00	0.00e+00	2.2111e+00
1.31303e+15	8.5558e+03	2.125e-14	1.0000e+05	1.0786e+05	5.7832e-15	4.8292e-03	9.9517e-01	4.0644e-02	9.5936e-01	1.7713e-08	1.9504e-16	4.0445e-04	4.2901e-01	5.7042e-01	1.7314e-04	4.6445e-03	8.2668e-01	1.6868e-01	1.1755e-36	1.1755e-36	1.1755e-36	1.0500e-24	0.00e+00	0.00e+00	2.4223e+00
1.37890e+15	8.5848e+03	2.160e-14	1.0000e+05	1.0771e+05	7.2962e-15	5.4142e-03	9.9459e-01	4.7659e-02	9.5234e-01	1.1878e-08	2.7876e-16	4.5713e-04	4.6646e-01	5.3294e-01	1.4281e-04	5.3919e-03	8.5112e-01	1.4349e-01	1.1755e-36	1.1755e-36	1.1755e-36	1.5857e-24	0.00e+00	0.00e+00	2.6358e+00
1.43845e+15	8.6457e+03	2.191e-14	1.0000e+05	1.0759e+05	9.0773e-15	6.0622e-03	9.9394e-01	5.6258e-02	9.4374e-01	8.3798e-09	3.9645e-16	5.1223e-04	5.0517e-01	4.9420e-01	1.1666e-04	6.2273e-03	8.7314e-01	1.2064e-01	1.1755e-36	1.1755e-36	1.1755e-36	2.4014e-24	0.00e+00	0.00e+00	2.8527e+00
1.49337e+15	8.6786e+03	2.229e-14	1.0000e+05	1.0740e+05	1.1532e-14	6.8258e-03	9.9317e-01	6.7248e-02	9.3275e-01	6.0799e-09	5.6693e-16	5.7268e-04	5.4668e-01	4.5266e-01	9.3067e-05	7.2115e-03	8.9321e-01	9.9579e-02	1.1755e-36	1.1755e-36	1.1755e-36	3.6508e-24	0.00e+00	0.00e+00	3.0819e+00
1.54454e+15	8.7295e+03	2.267e-14	1.0000e+05	1.0721e+05	1.4685e-14	7.7140e-03	9.9229e-01	8.1698e-02	9.1830e-01	4.5316e-09	8.1719e-16	6.3799e-04	5.9054e-01	4.0875e-01	7.2419e-05	8.3595e-03	9.1127e-01	8.0375e-02	1.1755e-36	1.1755e-36	1.1755e-36	5.6416e-24	0.00e+00	0.00e+00	3.3214e+00
1.58775e+15	8.7566e+03	2.309e-14	1.0000e+05	1.0697e+05	1.8642e-14	8.6737e-03	9.9133e-01	9.9284e-02	9.0072e-01	3.5428e-09	1.1482e-15	7.0191e-04	6.3269e-01	3.6655e-01	5.6005e-05	9.5959e-03	9.2583e-01	6.4575e-02	1.1755e-36	1.1755e-36	1.1755e-36	8.4561e-24	0.00e+00	0.00e+00	3.5254e+00
1.62211e+15	8.7981e+03	2.341e-14	1.0000e+05	1.0676e+05	2.2745e-14	9.5993e-03	9.9040e-01	1.1899e-01	8.8102e-01	2.9000e-09	1.5378e-15	7.5725e-04	6.6947e-01	3.2973e-01	4.3922e-05	1.0789e-02	9.3674e-01	5.2468e-02	1.1755e-36	1.1755e-36	1.1755e-36	1.2010e-23	0.00e+00	0.00e+00	3.7162e+00
1.64976e+15	8.8153e+03	2.370e-14	1.0000e+05	1.0642e+05	2.7301e-14	1.0500e-02	9.8950e-01	1.4004e-01	8.5996e-01	2.4440e-09	1.9764e-15	8.0683e-04	7.0116e-01	2.9800e-01	3.4980e-05	1.1947e-02	9.4484e-01	4.3211e-02	1.1755e-36	1.1755e-36	1.1755e-36	1.6204e-23	0.00e+00	0.00e+00	3.8740e+00
1.67174e+15	8.8300e+03	2.396e-14	1.0000e+05	1.0620e+05	3.1979e-14	1.1338e-02	9.8866e-01	1.6256e-01	8.3744e-01	2.1236e-09	2.4542e-15	8.4801e-04	7.2776e-01	2.7136e-01	2.8394e-05	1.3021e-02	9.5081e-01	3.6168e-02	1.1755e-36	1.1755e-36	1.1755e-36	2.1041e-23	0.00e+00	0.00e+00	4.0185e+00
1.69124e+15	8.8423e+03	2.418e-14	1.0000e+05	1.0592e+05	3.7124e-14	1.2191e-02	9.8781e-01	1.8795e-01	8.1205e-01	1.8560e-09	3.0029e-15	8.8646e-04	7.5209e-01	2.4700e-01	2.3047e-05	1.4111e-02	9.5563e-01	3.0256e-02	1.1755e-36	1.1755e-36	1.1755e-36	2.6817e-23	0.00e+00	0.00e+00	4.1634e+00
1.70969e+15	8.8595e+03	2.436e-14	1.0000e+05	1.0559e+05	4.2959e-14	1.3101e-02	9.8690e-01	2.1835e-01	7.8165e-01	1.6175e-09	3.6661e-15	9.2319e-04	7.7539e-01	2.2366e-01	1.8497e-05	1.5273e-02	9.5972e-01	2.5008e-02	1.1755e-36	1.1755e-36	1.1755e-36	3.4086e-23	0.00e+00	0.00e+00	4.3129e+00
1.72711e+15	8.8611e+03	2.454e-14	1.0000e+05	1.0513e+05	5.0127e-14	1.4090e-02	9.8591e-01	2.5468e-01	7.4532e-01	1.3955e-09	4.4749e-15	9.5857e-04	7.9750e-01	2.0153e-01	1.4658e-05	1.6531e-02	9.6307e-01	2.0403e-02	1.1755e-36	1.1755e-36	1.1755e-36	4.3225e-23	0.00e+00	0.00e+00	4.4620e+00
1.74304e+15	8.8789e+03	2.469e-14	1.0000e+05	1.0475e+05	5.7732e-14	1.5104e-02	9.8490e-01	2.9725e-01	7.0275e-01	1.2071e-09	5.4284e-15	9.8970e-04	8.1756e-01	1.8144e-01	1.1572e-05	1.7816e-02	9.6568e-01	1.6501e-02	1.1755e-36	1.1755e-36	1.1755e-36	5.4471e-23	0.00e+00	0.00e+00	4.6061e+00
1.75737e+15	8.8793e+03	2.483e-14	1.0000e+05	1.0427e+05	6.6639e-14	1.6152e-02	9.8385e-01	3.4517e-01	6.5483e-01	1.0370e-09	6.5349e-15	1.0178e-03	8.3528e-01	1.6370e-01	9.1299e-06	1.9139e-02	9.6757e-01	1.3290e-02	1.1755e-36	1.1755e-36	1.1755e-36	6.7806e-23	0.00e+00	0.00e+00	4.7444e+00
1.77046e+15	8.8871e+03	2.490e-14	1.0000e+05	1.0373e+05	7.6115e-14	1.7213e-02	9.8279e-01	3.9779e-01	6.0221e-01	8.7754e-10	7.7953e-15	1.0421e-03	8.5068e-01	1.4827e-01	7.2123e-06	2.0476e-02	9.6888e-01	1.0648e-02	1.1755e-36	1.1755e-36	1.1755e-36	8.3350e-23	0.00e+00	0.00e+00	4.8815e+00
1.78298e+15	8.8849e+03	2.496e-14	1.0000e+05	1.0314e+05	8.7539e-14	1.8359e-02	9.8164e-01	4.5772e-01	5.4228e-01	7.2957e-10	9.3327e-15	1.0637e-03	8.6460e-01	1.3433e-01	5.6407e-06	2.1913e-02	9.6968e-01	8.4059e-03	1.1755e-36	1.1755e-36	1.1755e-36	1.0271e-22	0.00e+00	0.00e+00	5.0254e+00
1.79536e+15	8.8904e+03	2.498e-14	1.0000e+05	1.0246e+05	1.0071e-13	1.9614e-02	9.8039e-01	5.2583e-01	4.7417e-01	5.8967e-10	1.1234e-14	1.0827e-03	8.7718e-01	1.2174e-01	4.3472e-06	2.3481e-02	9.7003e-01	6.4839e-03	1.1755e-36	1.1755e-36	1.1755e-36	1.2718e-22	0.00e+00	0.00e+00	5.1785e+00
1.80957e+15	8.8786e+03	2.499e-14	1.0000e+05	1.0164e+05	1.2092e-13	2.1298e-02	9.7870e-01	6.1242e-01	3.8758e-01	4.3876e-10	1.4140e-14	1.1032e-03	8.9012e-01	1.0877e-01	3.1350e-06	2.5577e-02	9.6976e-01	4.6601e-03	1.1755e-36	1.1755e-36	1.1755e-36	1.6576e-22	0.00e+00	0.00e+00	5.3945e+00
1.82492e+15	8.8778e+03	2.499e-14	1.0000e+05	1.0067e+05	1.4759e-13	2.3362e-02	9.7664e-01	7.0879e-01	2.9121e-01	2.9925e-10	1.8228e-14	1.1206e-03	9.0170e-01	9.7182e-02	2.1700e-06	2.8134e-02	9.6872e-01	3.1436e-03	1.1755e-36	1.1755e-36	1.1755e-36	2.2272e-22	0.00e+00	0.00e+00	5.6104e+00
1.83922e+15	8.8694e+03	2.496e-14	1.0000e+05	9.9498e+04	1.8005e-13	2.5588e-02	9.7441e-01	7.9176e-01	2.0824e-01	1.9453e-10	2.3146e-14	1.1313e-03	9.1037e-01	8.8497e-02	1.5114e-06	3.0880e-02	9.6701e-01	2.1080e-03	1.1755e-36	1.1755e-36	1.1755e-36	2.9552e-22	0.00e+00	0.00e+00	5.8358e+00
1.85526e+15	8.8549e+03	2.506e-14	1.0000e+05	9.8642e+04	2.3112e-13	2.8706e-02	9.7129e-01	8.6650e-01	1.3350e-01	1.1286e-10	3.0859e-14	1.1461e-03	9.1854e-01	8.0312e-02	9.7522e-07	3.4712e-02	9.6398e-01	1.3082e-03	1.1755e-36	1.1755e-36	1.1755e-36	4.2483e-22	0.00e+00	0.00e+00	6.1645e+00
1.87611e+15	8.8362e+03	2.529e-14	1.0000e+05	9.7492e+04	3.2749e-13	3.3770e-02	9.6623e-01	9.2968e-01	7.0317e-02	5.2372e-11	4.4988e-14	1.1610e-03	9.2695e-01	7.1890e-02	5.3946e-07	4.0913e-02	9.5840e-01	6.8568e-04	1.1755e-36	1.1755e-36	1.1755e-36	7.0395e-22	0.00e+00	0.00e+00	6.6672e+00
1.89793e+15	8.8173e+03	2.579e-14	1.0000e+05	9.6580e+04	4.9580e-13	4.1097e-02	9.5890e-01	9.6555e-01	3.4447e-02	2.2849e-11	6.9139e-14	1.1774e-03	9.3464e-01	6.4186e-02	2.8145e-07	4.9851e-02	9.4981e-01	3.3680e-04	1.1755e-36	1.1755e-36	1.1755e-36	1.2959e-21	0.00e+00	0.00e+00	7.1875e+00
1.91713e+15	8.7920e+03	2.627e-14	1.0000e+05	9.5581e+04	7.6293e-13	5.0345e-02	9.4965e-01	9.8144e-01	1.8556e-02	1.1155e-11	1.0635e-13	1.1896e-03	9.4132e-01	5.7488e-02	1.5095e-07	6.1094e-02	9.3873e-01	1.7550e-04	1.1755e-36	1.1755e-36	1.1755e-36	2.4323e-21	0.00e+00	0.00e+00	7.7709e+00
1.93444e+15	8.7568e+03	2.666e-14	1.0000e+05	9.4420e+04	1.2038e-12	6.2289e-02	9.3771e-01	9.8918e-01	1.0822e-02	5.9825e-12	1.6609e-13	1.1976e-03	9.4761e-01	5.1190e-02	1.1755e-36	7.5552e-02	9.2435e-01	9.5027e-05	1.1755e-36	1.1755e-36	1.1755e-36	4.7057e-21	0.00e+00	0.00e+00	8.4111e+00
1.94773e+15	8.7278e+03	2.681e-14	1.0000e+05	9.2894e+04	1.7983e-12	7.5021e-02	9.2498e-01	9.9270e-01	7.3036e-03	3.8268e-12	2.4427e-13	1.1955e-03	9.5256e-01	4.6240e-02	1.1755e-36	9.0887e-02	9.0905e-01	5.8366e-05	1.1755e-36	1.1755e-36	1.1755e-36	8.3631e-21	0.00e+00	0.00e+00	8.8986e+00
1.95665e+15	8.6959e+03	2.685e-14	1.0000e+05	9.1811e+04	2.4681e-12	8.6628e-02	9.1337e-01	9.9437e-01	5.6332e-03	2.8469e-12	3.3035e-13	1.1942e-03	9.5626e-01	4.2546e-02	1.1755e-36	1.0479e-01	8.9517e-01	4.1165e-05	1.1755e-36	1.1755e-36	1.1755e-36	1.3150e-20	0.00e+00	0.00e+00	9.3117e+00
1.96408e+15	8.6613e+03	2.676e-14	1.0000e+05	9.0624e+04	3.3056e-12	9.8739e-02	9.0126e-01	9.9547e-01	4.5286e-03	2.2230e-12	4.3475e-13	1.1896e-03	9.5948e-01	3.9329e-02	1.1755e-36	1.1923e-01	8.8074e-01	3.0192e-05	1.1755e-36	1.1755e-36	1.1755e-36	1.9857e-20	0.00e+00	0.00e+00	9.7682e+00
1.97251e+15	8.6120e+03	2.638e-14	1.0000e+05	8.8600e+04	4.7481e-12	1.1574e-01	8.8426e-01	9.9648e-01	3.5244e-03	1.6822e-12	6.0559e-13	1.1758e-03	9.6318e-01	3.5646e-02	1.1755e-36	1.3938e-01	8.6060e-01	2.0780e-05	1.1755e-36	1.1755e-36	1.1755e-36	3.2630e-20	0.00e+00	0.00e+00	1.0464e+01
1.98141e+15	8.5614e+03	2.576e-14	1.0000e+05	8.6193e+04	7.2208e-12	1.3917e-01	8.6083e-01	9.9726e-01	2.7369e-03	1.2765e-12	8.9192e-13	1.1568e-03	9.6722e-01	3.1622e-02	1.1755e-36	1.6687e-01	8.3312e-01	1.3743e-05	1.1755e-36	1.1755e-36	1.1755e-36	5.8551e-20	0.00e+00	0.00e+00	1.1192e+01
1.98954e+15	8.4704e+03	2.486e-14	1.0000e+05	8.3247e+04	1.1456e-11	1.6868e-01	8.3132e-01	9.9782e-01	2.1774e-03	9.9936e-13	1.3404e-12	1.1311e-03	9.7120e-01	2.7664e-02	1.1755e-36	2.0111e-01	7.9888e-01	9.0630e-06	1.1755e-36	1.1755e-36	1.1755e-36	1.0835e-19	0.00e+00	0.00e+00	1.2042e+01
1.99727e+15	8.3701e+03	2.349e-14	1.0000e+05	7.9501e+04	1.8764e-11	2.0625e-01	7.9375e-01	9.9824e-01	1.7632e-03	8.0603e-13	2.0581e-12	1.0937e-03	9.7509e-01	2.3816e-02	1.1755e-36	2.4403e-01	7.5597e-01	5.8769e-06	1.1755e-36	1.1755e-36	1.1755e-36	2.0788e-19	0.00e+00	0.00e+00	1.3017e+01
2.00419e+15	8.2495e+03	2.169e-14	1.0000e+05	7.4999e+04	3.1084e-11	2.5104e-01	7.4896e-01	9.9853e-01	1.4736e-03	6.8089e-13	3.1416e-12	1.0447e-03	9.7864e-01	2.0317e-02	1.1755e-36	2.9425e-01	7.0574e-01	3.8393e-06	1.1755e-36	1.1755e-36	1.1755e-36	3.9644e-19	0.00e+00	0.00e+00	1.4024e+01
2.00949e+15	8.1290e+03	1.986e-14	1.0000e+05	7.0621e+04	4.8008e-11	2.9479e-01	7.0521e-01	9.9870e-01	1.2995e-03	6.1359e-13	4.4575e-12	9.9445e-04	9.8138e-01	1.7627e-02	1.1755e-36	3.4233e-01	6.5767e-01	2.6962e-06	1.1755e-36	1.1755e-36	1.1755e-36	6.7804e-19	0.00e+00	0.00e+00	1.4812e+01
2.01297e+15	8.0313e+03	1.843e-14	1.0000e+05	6.7212e+04	6.5548e-11	3.2885e-01	6.7115e-01	9.9880e-01	1.2033e-03	5.8095e-13	5.6710e-12	9.5399e-04	9.8317e-01	1.5871e-02	1.1755e-36	3.7910e-01	6.2089e-01	2.1031e-06	1.1755e-36	1.1755e-36	1.1755e-36	9.8222e-19	0.00e+00	0.00e+00	1.5379e+01
2.01541e+15	7.9474e+03	1.732e-14	1.0000e+05	6.4648e+04	8.2994e-11	3.5589e-01	6.4411e-01	9.9886e-01	1.1427e-03	5.6163e-13	6.7703e-12	9.2315e-04	9.8445e-01	1.4629e-02	1.1755e-36	4.0791e-01	5.9209e-01	1.7468e-06	1.1755e-36	1.1755e-36	1.1755e-36	1.2917e-18	0.00e+00	0.00e+00	1.5864e+01
2.01758e+15	7.8678e+03	1.624e-14	1.0000e+05	6.2055e+04	1.0305e-10	3.8166e-01	6.1834e-01	9.9891e-01	1.0931e-03	5.4869e-13	7.9182e-12	8.9129e-04	9.8555e-01	1.3562e-02	1.1755e-36	4.3504e-01	5.6496e-01	1.4710e-06	1.1755e-36	1.1755e-36	1.1755e-36	1.6455e-18	0.00e+00	0.00e+00	1.6387e+01
2.01971e+15	7.7825e+03	1.511e-14	1.0000e+05	5.9277e+04	1.2812e-10	4.0822e-01	5.9178e-01	9.9895e-01	1.0475e-03	5.3941e-13	9.2052e-12	8.5668e-04	9.8659e-01	1.2558e-02	1.1755e-36	4.6266e-01	5.3734e-01	1.2390e-06	1.1755e-36	1.1755e-36	1.1755e-36	2.0761e-18	0.00e+00	0.00e+00	1.6923e+01
2.02163e+15	7.6955e+03	1.407e-14	1.0000e+05	5.6732e+04	1.5746e-10	4.3391e-01	5.6609e-01	9.9899e-01	1.0126e-03	5.3450e-13	1.0581e-11	8.2461e-04	9.8752e-01	1.1655e-02	1.1755e-36	4.8909e-01	5.1091e-01	1.0556e-06	1.1755e-36	1.1755e-36	1.1755e-36	2.5770e-18	0.00e+00	0.00e+00	1.7410e+01
2.02331e+15	7.6112e+03	1.314e-14	1.0000e+05	5.4440e+04	1.9011e-10	4.5773e-01	5.4227e-01	9.9902e-01	9.8453e-04	5.3201e-13	1.1977e-11	7.9557e-04	9.8833e-01	1.0873e-02	1.1755e-36	5.1332e-01	4.8668e-01	9.1318e-07	1.1755e-36	1.1755e-36	1.1755e-36	3.1249e-18	0.00e+00	0.00e+00	1.7867e+01
2.02486e+15	7.5294e+03	1.225e-14	1.0000e+05	5.2174e+04	2.2687e-10	4.8024e-01	5.1976e-01	9.9904e-01	9.6208e-04	5.3333e-13	1.3379e-11	7.6643e-04	9.8905e-01	1.0181e-02	1.1755e-36	5.3598e-01	4.6402e-01	7.9712e-07	1.1755e-36	1.1755e-36	1.1755e-36	3.7107e-18	0.00e+00	0.00e+00	1.8324e+01
2.02630e+15	7.4470e+03	1.143e-14	1.0000e+05	5.0005e+04	2.6887e-10	5.0188e-01	4.9812e-01	9.9906e-01	9.4320e-04	5.3660e-13	1.4822e-11	7.3832e-04	9.8971e-01	9.5507e-03	1.1755e-36	5.5756e-01	4.4244e-01	7.0042e-07	1.1755e-36	1.1755e-36	1.1755e-36	4.3503e-18	0.00e+00	0.00e+00	1.8763e+01
2.02763e+15	7.3642e+03	1.066e-14	1.0000e+05	4.7953e+04	3.1613e-10	5.2231e-01	4.7769e-01	9.9907e-01	9.2775e-04	5.4164e-13	1.6269e-11	7.1157e-04	9.9030e-01	8.9843e-03	1.1755e-36	5.7774e-01	4.2226e-01	6.2041e-07	1.1755e-36	1.1755e-36	1.1755e-36	5.0262e-18	0.00e+00	0.00e+00	1.9184e+01
2.02887e+15	7.2823e+03	9.958e-15	1.0000e+05	4.6009e+04	3.6886e-10	5.4162e-01	4.5838e-01	9.9908e-01	9.1513e-04	5.4827e-13	1.7714e-11	6.8606e-04	9.9084e-01	8.4720e-03	1.1755e-36	5.9665e-01	4.0335e-01	5.5329e-07	1.1755e-36	1.1755e-36	1.1755e-36	5.7341e-18	0.00e+00	0.00e+00	1.9592e+01
2.02987e+15	7.2270e+03	9.408e-15	1.0000e+05	4.4438e+04	4.1270e-10	5.5618e-01	4.4382e-01	9.9909e-01	9.0835e-04	5.5713e-13	1.8818e-11	6.6496e-04	9.9124e-01	8.0981e-03	1.1755e-36	6.1080e-01	3.8920e-01	5.0669e-07	1.1755e-36	1.1755e-36	1.1755e-36	6.2944e-18	0.00e+00	0.00e+00	1.9873e+01
2.03062e+15	7.1718e+03	8.996e-15	1.0000e+05	4.3259e+04	4.5504e-10	5.6809e-01	4.3191e-01	9.9910e-01	9.0225e-04	5.6280e-13	1.9789e-11	6.4937e-04	9.9155e-01	7.8002e-03	1.1755e-36	6.2232e-01	3.7768e-01	4.7215e-07	1.1755e-36	1.1755e-36	1.1755e-36	6.8040e-18	0.00e+00	0.00e+00	2.0125e+01
2.03134e+15	7.1155e+03	8.595e-15	1.0000e+05	4.2088e+04	5.0160e-10	5.7983e-01	4.2017e-01	9.9910e-01	8.9644e-04	5.6895e-13	2.0772e-11	6.3381e-04	9.9185e-01	7.5149e-03	1.1755e-36	6.3360e-01	3.6640e-01	4.4027e-07	1.1755e-36	1.1755e-36	1.1755e-36	7.3321e-18	0.00e+00	0.00e+00	2.0396e+01
2.03210e+15	7.0501e+03	8.176e-15	1.0000e+05	4.0834e+04	5.5892e-10	5.9242e-01	4.0758e-01	9.9911e-01	8.9062e-04	5.7599e-13	2.1862e-11	6.1717e-04	9.9217e-01	7.2156e-03	1.1755e-36	6.4565e-01	3.5435e-01	4.0843e-07	1.1755e-36	1.1755e-36	1.1755e-36	7.9315e-18	0.00e+00	0.00e+00	2.0692e+01
2.03289e+15	6.9844e+03	7.759e-15	1.0000e+05	3.9596e+04	6.2405e-10	6.0540e-01	3.9460e-01	9.9911e-01	8.8507e-04	5.8350e-13	2.3048e-11	6.0063e-04	9.9249e-01	6.9134e-03	1.1755e-36	6.5800e-01	3.4200e-01	3.7788e-07	1.1755e-36	1.1755e-36	1.1755e-36	8.6095e-18	0.00e+00	0.00e+00	2.0990e+01
2.03365e+15	6.9294e+03	7.357e-15	1.0000e+05	3.8340e+04	6.8843e-10	6.1727e-01	3.8273e-01	9.9912e-01	8.8216e-04	5.9438e-13	2.4105e-11	5.8349e-04	9.9277e-01	6.6430e-03	1.1755e-36	6.6924e-01	3.3076e-01	3.5106e-07	1.1755e-36	1.1755e-36	1.1755e-36	9.2212e-18	0.00e+00	0.00e+00	2.1280e+01
2.03440e+15	6.8597e+03	6.970e-15	1.0000e+05	3.7114e+04	7.6914e-10	6.2960e-01	3.7040e-01	9.9912e-01	8.7880e-04	6.0441e-13	2.5272e-11	5.6695e-04	9.9306e-01	6.3695e-03	1.1755e-36	6.8083e-01	3.1917e-01	3.2570e-07	1.1755e-36	1.1755e-36	1.1755e-36	9.9131e-18	0.00e+00	0.00e+00	2.1583e+01
2.03516e+15	6.7914e+03	6.596e-15	1.0000e+05	3.5928e+04	8.5874e-10	6.4191e-01	3.5809e-01	9.9912e-01	8.7555e-04	6.1471e-13	2.6495e-11	5.5085e-04	9.9335e-01	6.1008e-03	1.1755e-36	6.9235e-01	3.0764e-01	3.0190e-07	1.1755e-36	1.1755e-36	1.1755e-36	1.0664e-17	0.00e+00	0.00e+00	2.1885e+01
2.03589e+15	6.7258e+03	6.240e-15	1.0000e+05	3.4751e+04	9.5453e-10	6.5353e-01	3.4647e-01	9.9913e-01	8.7380e-04	6.2697e-13	2.7648e-11	5.3473e-04	9.9361e-01	5.8521e-03	1.1755e-36	7.0319e-01	2.9681e-01	2.8060e-07	1.1755e-36	1.1755e-36	1.1755e-36	1.1380e-17	0.00e+00	0.00e+00	2.2182e+01
2.03661e+15	6.6583e+03	5.897e-15	1.0000e+05	3.3596e+04	1.0626e-09	6.6503e-01	3.3497e-01	9.9913e-01	8.7245e-04	6.3992e-13	2.8822e-11	5.1887e-04	9.9387e-01	5.6110e-03	1.1755e-36	7.1384e-01	2.8616e-01	2.6083e-07	1.1755e-36	1.1755e-36	1.1755e-36	1.2126e-17	0.00e+00	0.00e+00	2.2486e+01
2.03734e+15	6.5914e+03	5.563e-15	1.0000e+05	3.2453e+04	1.1828e-09	6.7644e-01	3.2356e-01	9.9913e-01	8.7169e-04	6.5408e-13	3.0017e-11	5.0304e-04	9.9412e-01	5.3756e-03	1.1755e-36	7.2436e-01	2.7564e-01	2.4227e-07	1.1755e-36	1.1755e-36	1.1755e-36	1.2904e-17	0.00e+00	0.00e+00	2.2796e+01
2.03806e+15	6.5194e+03	5.241e-15	1.0000e+05	3.1309e+04	1.3226e-09	6.8772e-01	3.1228e-01	9.9913e-01	8.7140e-04	6.6935e-13	3.1213e-11	4.8723e-04	9.9436e-01	5.1481e-03	1.1755e-36	7.3468e-01	2.6532e-01	2.2510e-07	1.1755e-36	1.1755e-36	1.1755e-36	1.3691e-17	0.00e+00	0.00e+00	2.3109e+01
2.03878e+15	6.4463e+03	4.935e-15	1.0000e+05	3.0195e+04	1.4795e-09	6.9871e-01	3.0129e-01	9.9913e-01	8.7185e-04	6.8569e-13	3.2407e-11	4.7170e-04	9.9460e-01	4.9285e-03	1.1755e-36	7.4474e-01	2.5526e-01	2.0918e-07	1.1755e-36	1.1755e-36	1.1755e-36	1.4490e-17	0.00e+00	0.00e+00	2.3423e+01
2.03948e+15	6.3735e+03	4.642e-15	1.0000e+05	2.9116e+04	1.6553e-09	7.0954e-01	2.9046e-01	9.9913e-01	8.7253e-04	7.0268e-13	3.3623e-11	4.5663e-04	9.9483e-01	4.7164e-03	1.1755e-36	7.5458e-01	2.4542e-01	1.9442e-07	1.1755e-36	1.1755e-36	1.1755e-36	1.5327e-17	0.00e+00	0.00e+00	2.3739e+01
2.04019e+15	6.2993e+03	4.364e-15	1.0000e+05	2.8062e+04	1.8539e-09	7.2009e-01	2.7991e-01	9.9913e-01	8.7372e-04	7.2075e-13	3.4830e-11	4.4183e-04	9.9505e-01	4.5130e-03	1.1755e-36	7.6412e-01	2.3588e-01	1.8079e-07	1.1755e-36	1.1755e-36	1.1755e-36	1.6173e-17	0.00e+00	0.00e+00	2.4055e+01
2.04088e+15	6.2300e+03	4.099e-15	1.0000e+05	2.7033e+04	2.0666e-09	7.3023e-01	2.6977e-01	9.9912e-01	8.7586e-04	7.4075e-13	3.5997e-11	4.2724e-04	9.9525e-01	4.3197e-03	1.1755e-36	7.7324e-01	2.2676e-01	1.6826e-07	1.1755e-36	1.1755e-36	1.1755e-36	1.7006e-17	0.00e+00	0.00e+00	2.4374e+01
2.04157e+15	6.1559e+03	3.845e-15	1.0000e+05	2.6019e+04	2.3152e-09	7.4027e-01	2.5973e-01	9.9912e-01	8.7833e-04	7.6178e-13	3.7180e-11	4.1284e-04	9.9546e-01	4.1313e-03	1.1755e-36	7.8224e-01	2.1776e-01	1.5651e-07	1.1755e-36	1.1755e-36	1.1755e-36	1.7866e-17	0.00e+00	0.00e+00	2.4699e+01
2.04227e+15	6.0748e+03	3.602e-15	1.0000e+05	2.5023e+04	2.6135e-09	7.5026e-01	2.4974e-01	9.9912e-01	8.8084e-04	7.8335e-13	3.8401e-11	3.9874e-04	9.9565e-01	3.9473e-03	1.1755e-36	7.9116e-01	2.0884e-01	1.4551e-07	1.1755e-36	1.1755e-36	1.1755e-36	1.8774e-17	0.00e+00	0.00e+00	2.5027e+01
2.04295e+15	5.9959e+03	3.375e-15	1.0000e+05	2.4065e+04	2.9436e-09	7.5984e-01	2.4016e-01	9.9912e-01	8.8391e-04	8.0620e-13	3.9596e-11	3.8508e-04	9.9584e-01	3.7729e-03	1.1755e-36	7.9968e-01	2.0032e-01	1.3543e-07	1.1755e-36	1.1755e-36	1.1755e-36	1.9687e-17	0.00e+00	0.00e+00	2.5351e+01
2.04362e+15	5.9176e+03	3.161e-15	1.0000e+05	2.3141e+04	3.3142e-09	7.6907e-01	2.3093e-01	9.9911e-01	8.8740e-04	8.3019e-13	4.0772e-11	3.7184e-04	9.9602e-01	3.6072e-03	1.1755e-36	8.0784e-01	1.9216e-01	1.2617e-07	1.1755e-36	1.1755e-36	1.1755e-36	2.0611e-17	0.00e+00	0.00e+00	2.5675e+01
2.04429e+15	5.8382e+03	2.959e-15	1.0000e+05	2.2239e+04	3.7376e-09	7.7806e-01	2.2194e-01	9.9911e-01	8.9135e-04	8.5564e-13	4.1950e-11	3.5886e-04	9.9619e-01	3.4478e-03	1.1755e-36	8.1577e-01	1.8423e-01	1.1755e-07	1.1755e-36	1.1755e-36	1.1755e-36	2.1566e-17	0.00e+00	0.00e+00	2.6004e+01
2.04495e+15	5.7536e+03	2.768e-15	1.0000e+05	2.1377e+04	4.2435e-09	7.8700e-01	2.1300e-01	9.9911e-01	8.9474e-04	8.8049e-13	4.3219e-11	3.4650e-04	9.9636e-01	3.2929e-03	1.1755e-36	8.2360e-01	1.7640e-01	1.0948e-07	1.1755e-36	1.1755e-36	1.1755e-36	2.2648e-17	0.00e+00	0.00e+00	2.6332e+01
2.04561e+15	5.6770e+03	2.589e-15	1.0000e+05	2.0528e+04	4.7726e-09	7.9516e-01	2.0484e-01	9.9910e-01	9.0022e-04	9.0980e-13	4.4318e-11	3.3412e-04	9.9652e-01	3.1506e-03	1.1755e-36	8.3076e-01	1.6924e-01	1.0223e-07	1.1755e-36	1.1755e-36	1.1755e-36	2.3601e-17	0.00e+00	0.00e+00	2.6655e+01
2.04624e+15	5.5937e+03	2.425e-15	1.0000e+05	1.9747e+04	5.4128e-09	8.0329e-01	1.9671e-01	9.9910e-01	9.0411e-04	9.3609e-13	4.5582e-11	3.2284e-04	9.9666e-01	3.0132e-03	1.1755e-36	8.3783e-01	1.6217e-01	9.5502e-08	1.1755e-36	1.1755e-36	1.1755e-36	2.4780e-17	0.00e+00	0.00e+00	2.6972e+01
2.04687e+15	5.5134e+03	2.270e-15	1.0000e+05	1.8976e+04	6.1204e-09	8.1098e-01	1.8902e-01	9.9909e-01	9.0929e-04	9.6565e-13	4.6785e-11	3.1159e-04	9.9680e-01	2.8837e-03	1.1755e-36	8.4451e-01	1.5549e-01	8.9299e-08	1.1755e-36	1.1755e-36	1.1755e-36	2.5949e-17	0.00e+00	0.00e+00	2.7294e+01
2.04749e+15	5.4324e+03	2.125e-15	1.0000e+05	1.8230e+04	6.9308e-09	8.1844e-01	1.8156e-01	9.9909e-01	9.1473e-04	9.9645e-13	4.8032e-11	3.0068e-04	9.9694e-01	2.7595e-03	1.1755e-36	8.5097e-01	1.4903e-01	8.3517e-08	1.1755e-36	1.1755e-36	1.1755e-36	2.7232e-17	0.00e+00	0.00e+00	2.7615e+01
2.04811e+15	5.3518e+03	1.989e-15	1.0000e+05	1.7518e+04	7.8475e-09	8.2556e-01	1.7444e-01	9.9908e-01	9.2044e-04	1.0282e-12	4.9316e-11	2.9023e-04	9.9707e-01	2.6424e-03	1.1755e-36	8.5712e-01	1.4288e-01	7.8207e-08	1.1755e-36	1.1755e-36	1.1755e-36	2.8636e-17	0.00e+00	0.00e+00	2.7932e+01
2.04871e+15	5.2716e+03	1.863e-15	1.0000e+05	1.6837e+04	8.8846e-09	8.3237e-01	1.6763e-01	9.9907e-01	9.2637e-04	1.0610e-12	5.0655e-11	2.8021e-04	9.9719e-01	2.5317e-03	1.1755e-36	8.6298e-01	1.3702e-01	7.3315e-08	1.1755e-36	1.1755e-36	1.1755e-36	3.0193e-17	0.00e+00	0.00e+00	2.8245e+01
2.04930e+15	5.1914e+03	1.745e-15	1.0000e+05	1.6183e+04	1.0064e-08	8.3891e-01	1.6109e-01	9.9907e-01	9.3254e-04	1.0949e-12	5.2074e-11	2.7055e-04	9.9730e-01	2.4266e-03	1.1755e-36	8.6859e-01	1.3141e-01	6.8779e-08	1.1755e-36	1.1755e-36	1.1755e-36	3.1953e-17	0.00e+00	0.00e+00	2.8558e+01
2.04985e+15	5.1178e+03	1.645e-15	1.0000e+05	1.5606e+04	1.1284e-08	8.4465e-01	1.5535e-01	9.9906e-01	9.3844e-04	1.1270e-12	5.3453e-11	2.6202e-04	9.9740e-01	2.3351e-03	1.1755e-36	8.7350e-01	1.2650e-01	6.4933e-08	1.1755e-36	1.1755e-36	1.1755e-36	3.3769e-17	0.00e+00	0.00e+00	2.8827e+01
2.05034e+15	5.0545e+03	1.558e-15	1.0000e+05	1.5094e+04	1.2461e-08	8.4954e-01	1.5046e-01	9.9906e-01	9.4483e-04	1.1591e-12	5.4691e-11	2.5437e-04	9.9749e-01	2.2570e-03	1.1755e-36	8.7767e-01	1.2233e-01	6.1703e-08	1.1755e-36	1.1755e-36	1.1755e-36	3.5485e-17	0.00e+00	0.00e+00	2.9077e+01
2.05082e+15	4.9831e+03	1.476e-15	1.0000e+05	1.4608e+04	1.3915e-08	8.5465e-01	1.4535e-01	9.9905e-01	9.4954e-04	1.1877e-12	5.6270e-11	2.4723e-04	9.9758e-01	2.1765e-03	1.1755e-36	8.8202e-01	1.1798e-01	5.8511e-08	1.1755e-36	1.1755e-36	1.1755e-36	3.7750e-17	0.00e+00	0.00e+00	2.9344e+01
2.05130e+15	4.9135e+03	1.397e-15	1.0000e+05	1.4125e+04	1.5479e-08	8.5945e-01	1.4055e-01	9.9904e-01	9.5542e-04	1.2198e-12	5.7743e-11	2.4006e-04	9.9767e-01	2.0938e-03	1.1755e-36	8.8610e-01	1.1390e-01	5.5560e-08	1.1755e-36	1.1755e-36	1.1755e-36	3.9841e-17	0.00e+00	0.00e+00	2.9600e+01
2.05177e+15	4.8448e+03	1.324e-15	1.0000e+05	1.3665e+04	1.7191e-08	8.6405e-01	1.3595e-01	9.9904e-01	9.6127e-04	1.2520e-12	5.9262e-11	2.3324e-04	9.9775e-01	2.0152e-03	1.1755e-36	8.9000e-01	1.1000e-01	5.2809e-08	1.1755e-36	1.1755e-36	1.1755e-36	4.2118e-17	0.00e+00	0.00e+00	2.9855e+01
2.05224e+15	4.7755e+03	1.254e-15	1.0000e+05	1.3218e+04	1.9100e-08	8.6853e-01	1.3147e-01	9.9903e-01	9.6726e-04	1.2853e-12	6.0853e-11	2.2659e-04	9.9783e-01	1.9390e-03	1.1755e-36	8.9379e-01	1.0621e-01	5.0194e-08	1.1755e-36	1.1755e-36	1.1755e-36	4.4632e-17	0.00e+00	0.00e+00	3.0112e+01
2.05271e+15	4.7054e+03	1.188e-15	1.0000e+05	1.2780e+04	2.1229e-08	8.7291e-01	1.2709e-01	9.9903e-01	9.7344e-04	1.3198e-12	6.2521e-11	2.2008e-04	9.9792e-01	1.8649e-03	1.1755e-36	8.9749e-01	1.0251e-01	4.7701e-08	1.1755e-36	1.1755e-36	1.1755e-36	4.7414e-17	0.00e+00	0.00e+00	3.0371e+01
2.05317e+15	4.6348e+03	1.125e-15	1.0000e+05	1.2354e+04	2.3589e-08	8.7717e-01	1.2283e-01	9.9902e-01	9.7979e-04	1.3553e-12	6.4259e-11	2.1374e-04	9.9799e-01	1.7931e-03	1.1755e-36	9.0108e-01	9.8918e-02	4.5335e-08	1.1755e-36	1.1755e-36	1.1755e-36	5.0471e-17	0.00e+00	0.00e+00	3.0630e+01
2.05364e+15	4.5634e+03	1.064e-15	1.0000e+05	1.1939e+04	2.6193e-08	8.8131e-01	1.1869e-01	9.9901e-01	9.8632e-04	1.3921e-12	6.6063e-11	2.0755e-04	9.9807e-01	1.7237e-03	1.1755e-36	9.0457e-01	9.5430e-02	4.3088e-08	1.1755e-36	1.1755e-36	1.1755e-36	5.3814e-17	0.00e+00	0.00e+00	3.0891e+01
2.05411e+15	4.4912e+03	1.007e-15	1.0000e+05	1.1533e+04	2.9059e-08	8.8537e-01	1.1463e-01	9.9901e-01	9.9297e-04	1.4300e-12	6.7939e-11	2.0152e-04	9.9814e-01	1.6560e-03	1.1755e-36	9.0798e-01	9.2020e-02	4.0940e-08	1.1755e-36	1.1755e-36	1.1755e-36	5.7473e-17	0.00e+00	0.00e+00	3.1154e+01
2.05459e+15	4.4175e+03	9.515e-16	1.0000e+05	1.1134e+04	3.2214e-08	8.8937e-01	1.1063e-01	9.9900e-01	9.9986e-04	1.4696e-12	6.9882e-11	1.9558e-04	9.9821e-01	1.5898e-03	1.1755e-36	9.1133e-01	8.8670e-02	3.8876e-08	1.1755e-36	1.1755e-36	1.1755e-36	6.1456e-17	0.00e+00	0.00e+00	3.1422e+01
2.05507e+15	4.3416e+03	8.980e-16	1.0000e+05	1.0738e+04	3.5685e-08	8.9333e-01	1.0667e-01	9.9899e-01	1.0071e-03	1.5113e-12	7.1880e-11	1.8968e-04	9.9829e-01	1.5247e-03	1.1755e-36	9.1464e-01	8.5359e-02	3.6880e-08	1.1755e-36	1.1755e-36	1.1755e-36	6.5758e-17	0.00e+00	0.00e+00	3.1697e+01
2.05556e+15	4.2630e+03	8.460e-16	1.0000e+05	1.0344e+04	3.9476e-08	8.9728e-01	1.0272e-01	9.9899e-01	1.0145e-03	1.5551e-12	7.3923e-11	1.8383e-04	9.9836e-01	1.4600e-03	1.1755e-36	9.1794e-01	8.2057e-02	3.4933e-08	1.1755e-36	1.1755e-36	1.1755e-36	7.0361e-17	0.00e+00	0.00e+00	3.1981e+01
2.05607e+15	4.1776e+03	7.950e-16	1.0000e+05	9.9404e+03	4.3740e-08	9.0125e-01	9.8751e-02	9.9898e-01	1.0226e-03	1.6025e-12	7.5987e-11	1.7787e-04	9.9843e-01	1.3954e-03	1.1755e-36	9.2126e-01	7.8739e-02	3.3030e-08	1.1755e-36	1.1755e-36	1.1755e-36	7.5244e-17	0.00e+00	0.00e+00	3.2278e+01
2.05659e+15	4.0939e+03	7.466e-16	1.0000e+05	9.5527e+03	4.7996e-08	9.0512e-01	9.4880e-02	9.9897e-01	1.0305e-03	1.6511e-12	7.7885e-11	1.7213e-04	9.9850e-01	1.3328e-03	1.1755e-36	9.2448e-01	7.5515e-02	3.1213e-08	1.1755e-36	1.1755e-36	1.1755e-36	7.9898e-17	0.00e+00	0.00e+00	3.2572e+01
2.05710e+15	4.0142e+03	7.012e-16	1.0000e+05	9.1792e+03	5.1965e-08	9.0876e-01	9.1235e-02	9.9896e-01	1.0392e-03	1.7031e-12	7.9424e-11	1.6656e-04	9.9856e-01	1.2743e-03	1.1755e-36	9.2749e-01	7.2514e-02	2.9548e-08	1.1755e-36	1.1755e-36	1.1755e-36	8.3784e-17	0.00e+00	0.00e+00	3.2862e+01
2.05761e+15	3.9308e+03	6.594e-16	1.0000e+05	8.8257e+03	5.5947e-08	9.1231e-01	8.7694e-02	9.9895e-01	1.0462e-03	1.7514e-12	8.0754e-11	1.6137e-04	9.9862e-01	1.2179e-03	1.1755e-36	9.3043e-01	6.9569e-02	2.7960e-08	1.1755e-36	1.1755e-36	1.1755e-36	8.7212e-17	0.00e+00	0.00e+00	3.3149e+01
