#depth	Te	Htot	hden	eden	2H_2/H	HI	HII	HeI	HeII	HeIII	CO/C	C1	C2	C3	C4	O1	O2	O3	O4	O5	O6	H2O/O	AV(point)	AV(extend)	Tau912
1.50370e+11	8.5959e+03	3.452e-15	3.5938e+04	3.8805e+04	8.6205e-15	4.9082e-03	9.9509e-01	2.6337e-02	9.7247e-01	1.1895e-03	3.8120e-16	4.9700e-04	3.3274e-01	6.6647e-01	2.9183e-04	4.2207e-03	7.5442e-01	2.4129e-01	6.1182e-05	1.1755e-36	1.1755e-36	2.5411e-24	0.00e+00	0.00e+00	3.3496e-04
9.02218e+11	8.5931e+03	3.449e-15	3.5938e+04	3.8799e+04	8.6280e-15	4.9056e-03	9.9509e-01	2.6338e-02	9.7247e-01	1.1886e-03	3.8068e-16	4.9616e-04	3.3276e-01	6.6646e-01	2.9255e-04	4.2181e-03	7.5435e-01	2.4137e-01	6.1002e-05	1.1755e-36	1.1755e-36	2.5355e-24	0.00e+00	0.00e+00	1.6741e-03
3.90961e+12	8.5864e+03	3.443e-15	3.5938e+04	3.8797e+04	8.6462e-15	4.9023e-03	9.9510e-01	2.6361e-02	9.7246e-01	1.1807e-03	3.8052e-16	4.9528e-04	3.3299e-01	6.6623e-01	2.9186e-04	4.2172e-03	7.5456e-01	2.4116e-01	6.0095e-05	1.1755e-36	1.1755e-36	2.5300e-24	0.00e+00	0.00e+00	7.0270e-03
1.59392e+13	8.5725e+03	3.422e-15	3.5938e+04	3.8797e+04	8.6912e-15	4.9003e-03	9.9510e-01	2.6477e-02	9.7238e-01	1.1406e-03	3.8181e-16	4.9555e-04	3.3405e-01	6.6516e-01	2.8849e-04	4.2247e-03	7.5568e-01	2.4004e-01	5.6479e-05	1.1755e-36	1.1755e-36	2.5263e-24	0.00e+00	0.00e+00	2.8430e-02
3.80736e+13	8.5180e+03	3.352e-15	3.5938e+04	3.8798e+04	8.6153e-15	4.8206e-03	9.9518e-01	2.6471e-02	9.7241e-01	1.1147e-03	3.6894e-16	4.9008e-04	3.3437e-01	6.6486e-01	2.8626e-04	4.1621e-03	7.5586e-01	2.3993e-01	5.2398e-05	1.1755e-36	1.1755e-36	2.3875e-24	0.00e+00	0.00e+00	5.5801e-02
6.68483e+13	8.4622e+03	3.284e-15	3.5938e+04	3.8800e+04	8.6010e-15	4.7595e-03	9.9524e-01	2.6558e-02	9.7239e-01	1.0490e-03	3.6005e-16	4.8802e-04	3.3545e-01	6.6378e-01	2.8115e-04	4.1218e-03	7.5698e-01	2.3885e-01	4.6979e-05	1.1755e-36	1.1755e-36	2.2798e-24	0.00e+00	0.00e+00	9.0932e-02
1.04255e+14	8.4029e+03	3.213e-15	3.5938e+04	3.8801e+04	8.6475e-15	4.7131e-03	9.9529e-01	2.6745e-02	9.7231e-01	9.4589e-04	3.5442e-16	4.8837e-04	3.3740e-01	6.6184e-01	2.7317e-04	4.1013e-03	7.5914e-01	2.3672e-01	4.0355e-05	1.1755e-36	1.1755e-36	2.1945e-24	0.00e+00	0.00e+00	1.3616e-01
1.52885e+14	8.3365e+03	3.139e-15	3.5938e+04	3.8802e+04	8.7831e-15	4.6858e-03	9.9531e-01	2.7077e-02	9.7212e-01	8.0718e-04	3.5282e-16	4.9156e-04	3.4055e-01	6.5869e-01	2.6201e-04	4.1066e-03	7.6268e-01	2.3318e-01	3.2766e-05	1.1755e-36	1.1755e-36	2.1332e-24	0.00e+00	0.00e+00	1.9461e-01
2.16103e+14	8.2699e+03	3.062e-15	3.5938e+04	3.8800e+04	9.0006e-15	4.6822e-03	9.9532e-01	2.7597e-02	9.7176e-01	6.4169e-04	3.5636e-16	4.9870e-04	3.4527e-01	6.5399e-01	2.4775e-04	4.1446e-03	7.6797e-01	2.2786e-01	2.4719e-05	1.1755e-36	1.1755e-36	2.1023e-24	0.00e+00	0.00e+00	2.7054e-01
2.98286e+14	8.1993e+03	2.983e-15	3.5938e+04	3.8797e+04	9.3797e-15	4.7179e-03	9.9528e-01	2.8414e-02	9.7112e-01	4.6552e-04	3.6835e-16	5.1172e-04	3.5235e-01	6.4691e-01	2.3032e-04	4.2337e-03	7.7563e-01	2.2012e-01	1.6922e-05	1.1755e-36	1.1755e-36	2.1194e-24	0.00e+00	0.00e+00	3.7001e-01
4.05125e+14	8.1302e+03	2.905e-15	3.5938e+04	3.8791e+04	9.9913e-15	4.8134e-03	9.9519e-01	2.9686e-02	9.7001e-01	3.0099e-04	3.9402e-16	5.3360e-04	3.6288e-01	6.3638e-01	2.0996e-04	4.3995e-03	7.8640e-01	2.0919e-01	1.0207e-05	1.1755e-36	1.1755e-36	2.2143e-24	0.00e+00	0.00e+00	5.0193e-01
5.44015e+14	8.0648e+03	2.833e-15	3.5938e+04	3.8779e+04	1.1015e-14	5.0072e-03	9.9499e-01	3.1710e-02	9.6812e-01	1.6872e-04	4.4436e-16	5.6972e-04	3.7871e-01	6.2053e-01	1.8654e-04	4.6890e-03	8.0129e-01	1.9402e-01	5.2193e-06	1.1755e-36	1.1755e-36	2.4495e-24	0.00e+00	0.00e+00	6.8033e-01
7.24572e+14	8.0074e+03	2.774e-15	3.5938e+04	3.8759e+04	1.2831e-14	5.3722e-03	9.9463e-01	3.5067e-02	9.6485e-01	7.9447e-05	5.4481e-16	6.3004e-04	4.0304e-01	5.9617e-01	1.5931e-04	5.1930e-03	8.2160e-01	1.7320e-01	2.1496e-06	1.1755e-36	1.1755e-36	2.9759e-24	0.00e+00	0.00e+00	9.2917e-01
9.22285e+14	7.9510e+03	2.734e-15	3.5938e+04	3.8714e+04	1.5525e-14	5.8874e-03	9.9411e-01	3.9644e-02	9.6032e-01	3.4560e-05	6.9944e-16	7.0940e-04	4.3340e-01	5.6575e-01	1.3286e-04	5.8833e-03	8.4357e-01	1.5055e-01	8.0554e-07	1.1755e-36	1.1755e-36	3.8157e-24	0.00e+00	0.00e+00	1.1848e+00
1.09578e+15	7.9441e+03	2.724e-15	3.5938e+04	3.8677e+04	1.8740e-14	6.5189e-03	9.9348e-01	4.5134e-02	9.5485e-01	1.6941e-05	9.1743e-16	7.9951e-04	4.6547e-01	5.3362e-01	1.1089e-04	6.7070e-03	8.6347e-01	1.2982e-01	3.3559e-07	1.1755e-36	1.1755e-36	5.0939e-24	0.00e+00	0.00e+00	1.4151e+00
1.23289e+15	7.9491e+03	2.738e-15	3.5938e+04	3.8633e+04	2.2507e-14	7.2006e-03	9.9280e-01	5.0990e-02	9.4900e-01	9.8097e-06	1.1921e-15	8.8981e-04	4.9574e-01	5.0328e-01	9.3699e-05	7.5825e-03	8.7965e-01	1.1277e-01	1.6584e-07	1.1755e-36	1.1755e-36	6.8112e-24	0.00e+00	0.00e+00	1.6088e+00
1.34256e+15	7.9615e+03	2.762e-15	3.5938e+04	3.8588e+04	2.6779e-14	7.9098e-03	9.9209e-01	5.7125e-02	9.4287e-01	6.3980e-06	1.5272e-15	9.7789e-04	5.2383e-01	4.7511e-01	7.9985e-05	8.4873e-03	8.9282e-01	9.8690e-02	1.1755e-36	1.1755e-36	1.1755e-36	9.0371e-24	0.00e+00	0.00e+00	1.7897e+00
1.44102e+15	7.9763e+03	2.792e-15	3.5938e+04	3.8542e+04	3.2050e-14	8.7076e-03	9.9129e-01	6.4163e-02	9.3583e-01	4.3789e-06	1.9670e-15	1.0715e-03	5.5236e-01	4.4650e-01	6.7832e-05	9.5020e-03	9.0459e-01	8.5906e-02	1.1755e-36	1.1755e-36	1.1755e-36	1.2125e-23	0.00e+00	0.00e+00	1.9796e+00
1.53570e+15	7.9989e+03	2.828e-15	3.5938e+04	3.8484e+04	3.8817e-14	9.6522e-03	9.9035e-01	7.2739e-02	9.2726e-01	3.0567e-06	2.5765e-15	1.1749e-03	5.8266e-01	4.1611e-01	5.6575e-05	1.0701e-02	9.1556e-01	7.3737e-02	1.1755e-36	1.1755e-36	1.1755e-36	1.6682e-23	0.00e+00	0.00e+00	2.1839e+00
1.62618e+15	8.0239e+03	2.871e-15	3.5938e+04	3.8427e+04	4.7933e-14	1.0778e-02	9.8922e-01	8.3329e-02	9.1667e-01	2.1780e-06	3.4486e-15	1.2869e-03	6.1470e-01	3.8396e-01	4.6268e-05	1.2128e-02	9.2555e-01	6.2319e-02	1.1755e-36	1.1755e-36	1.1755e-36	2.3748e-23	0.00e+00	0.00e+00	2.3984e+00
1.71048e+15	8.0354e+03	2.919e-15	3.5938e+04	3.8313e+04	5.9719e-14	1.2108e-02	9.8789e-01	9.5967e-02	9.0403e-01	1.5813e-06	4.6088e-15	1.4079e-03	6.4756e-01	3.5099e-01	3.7152e-05	1.3808e-02	9.3420e-01	5.1988e-02	1.1755e-36	1.1755e-36	1.1755e-36	3.3482e-23	0.00e+00	0.00e+00	2.6208e+00
1.78841e+15	8.0628e+03	2.971e-15	3.5938e+04	3.8226e+04	7.4993e-14	1.3653e-02	9.8635e-01	1.1155e-01	8.8844e-01	1.1842e-06	6.2616e-15	1.5335e-03	6.8061e-01	3.1782e-01	2.9317e-05	1.5755e-02	9.4145e-01	4.2792e-02	1.1755e-36	1.1755e-36	1.1755e-36	4.8750e-23	0.00e+00	0.00e+00	2.8529e+00
1.86159e+15	8.0870e+03	3.028e-15	3.5938e+04	3.8129e+04	9.6318e-14	1.5495e-02	9.8450e-01	1.3106e-01	8.6894e-01	8.9973e-07	8.6902e-15	1.6628e-03	7.1416e-01	2.8415e-01	2.2555e-05	1.8072e-02	9.4734e-01	3.4585e-02	1.1755e-36	1.1755e-36	1.1755e-36	7.3484e-23	0.00e+00	0.00e+00	3.1041e+00
1.93032e+15	8.0983e+03	3.085e-15	3.5938e+04	3.7929e+04	1.2442e-13	1.7709e-02	9.8229e-01	1.5507e-01	8.4493e-01	6.8519e-07	1.2000e-14	1.7969e-03	7.4751e-01	2.5067e-01	1.6891e-05	2.0848e-02	9.5173e-01	2.7421e-02	1.1755e-36	1.1755e-36	1.1755e-36	1.0872e-22	0.00e+00	0.00e+00	3.3695e+00
1.99243e+15	8.1299e+03	3.147e-15	3.5938e+04	3.7805e+04	1.6313e-13	2.0284e-02	9.7972e-01	1.8504e-01	8.1495e-01	5.3802e-07	1.7045e-14	1.9269e-03	7.7933e-01	2.1873e-01	1.2397e-05	2.4066e-02	9.5451e-01	2.1423e-02	1.1755e-36	1.1755e-36	1.1755e-36	1.7030e-22	0.00e+00	0.00e+00	3.6373e+00
2.04624e+15	8.1385e+03	3.201e-15	3.5938e+04	3.7553e+04	2.1035e-13	2.3149e-02	9.7685e-01	2.1937e-01	7.8063e-01	4.2739e-07	2.3329e-14	2.0457e-03	8.0778e-01	1.9017e-01	9.0482e-06	2.7637e-02	9.5566e-01	1.6706e-02	1.1755e-36	1.1755e-36	1.1755e-36	2.4945e-22	0.00e+00	0.00e+00	3.8971e+00
2.09276e+15	8.1517e+03	3.256e-15	3.5938e+04	3.7372e+04	2.7259e-13	2.6316e-02	9.7368e-01	2.5892e-01	7.4108e-01	3.4654e-07	3.2211e-14	2.1544e-03	8.3289e-01	1.6495e-01	6.5767e-06	3.1571e-02	9.5543e-01	1.3003e-02	1.1755e-36	1.1755e-36	1.1755e-36	3.7460e-22	0.00e+00	0.00e+00	4.1573e+00
2.13407e+15	8.1618e+03	3.303e-15	3.5938e+04	3.7137e+04	3.5124e-13	2.9831e-02	9.7017e-01	3.0388e-01	6.9612e-01	2.8231e-07	4.4063e-14	2.2492e-03	8.5502e-01	1.4273e-01	4.7532e-06	3.5924e-02	9.5400e-01	1.0077e-02	1.1755e-36	1.1755e-36	1.1755e-36	5.5382e-22	0.00e+00	0.00e+00	4.4216e+00
2.17146e+15	8.1747e+03	3.333e-15	3.5938e+04	3.6768e+04	4.4807e-13	3.3692e-02	9.6631e-01	3.5398e-01	6.4602e-01	2.2892e-07	5.9531e-14	2.3249e-03	8.7421e-01	1.2346e-01	3.4225e-06	4.0695e-02	9.5154e-01	7.7674e-03	1.1755e-36	1.1755e-36	1.1755e-36	8.0116e-22	0.00e+00	0.00e+00	4.6948e+00
2.20626e+15	8.1735e+03	3.375e-15	3.5938e+04	3.6508e+04	5.8852e-13	3.8334e-02	9.6167e-01	4.1251e-01	5.8749e-01	1.8426e-07	8.2975e-14	2.4032e-03	8.9181e-01	1.0579e-01	2.4032e-06	4.6410e-02	9.4771e-01	5.8796e-03	1.1755e-36	1.1755e-36	1.1755e-36	1.2112e-21	0.00e+00	0.00e+00	4.9895e+00
2.23840e+15	8.1862e+03	3.401e-15	3.5938e+04	3.6154e+04	7.6569e-13	4.3594e-02	9.5641e-01	4.7613e-01	5.2387e-01	1.4674e-07	1.1533e-13	2.4643e-03	9.0688e-01	9.0654e-02	1.6750e-06	5.2863e-02	9.4273e-01	4.4026e-03	1.1755e-36	1.1755e-36	1.1755e-36	1.8158e-21	0.00e+00	0.00e+00	5.2904e+00
2.26764e+15	8.1828e+03	3.422e-15	3.5938e+04	3.5751e+04	1.0062e-12	4.9602e-02	9.5040e-01	5.4233e-01	4.5767e-01	1.1532e-07	1.6062e-13	2.5131e-03	9.1957e-01	7.7914e-02	1.1631e-06	6.0210e-02	9.3651e-01	3.2776e-03	1.1755e-36	1.1755e-36	1.1755e-36	2.7206e-21	0.00e+00	0.00e+00	5.6062e+00
2.29509e+15	8.1852e+03	3.423e-15	3.5938e+04	3.5182e+04	1.3151e-12	5.6418e-02	9.4358e-01	6.0882e-01	3.9118e-01	8.8786e-08	2.2211e-13	2.5401e-03	9.3013e-01	6.7329e-02	8.0580e-07	6.8516e-02	9.2907e-01	2.4169e-03	1.1755e-36	1.1755e-36	1.1755e-36	4.0190e-21	0.00e+00	0.00e+00	5.9500e+00
2.32597e+15	8.1728e+03	3.422e-15	3.5938e+04	3.4587e+04	1.8711e-12	6.6418e-02	9.3358e-01	6.8677e-01	3.1323e-01	6.3289e-08	3.3700e-13	2.5709e-03	9.4089e-01	5.6542e-02	5.0838e-07	8.0649e-02	9.1771e-01	1.6445e-03	1.1755e-36	1.1755e-36	1.1755e-36	6.7192e-21	0.00e+00	0.00e+00	6.4761e+00
2.35776e+15	8.1604e+03	3.424e-15	3.5938e+04	3.3925e+04	2.8067e-12	8.0275e-02	9.1972e-01	7.6348e-01	2.3652e-01	4.2948e-08	5.3977e-13	2.5913e-03	9.5037e-01	4.7043e-02	3.0471e-07	9.7352e-02	9.0159e-01	1.0596e-03	1.1755e-36	1.1755e-36	1.1755e-36	1.2178e-20	0.00e+00	0.00e+00	6.9984e+00
2.38317e+15	8.1491e+03	3.404e-15	3.5938e+04	3.3209e+04	4.0714e-12	9.5281e-02	9.0472e-01	8.1802e-01	1.8198e-01	3.0464e-08	8.1795e-13	2.5887e-03	9.5693e-01	4.0480e-02	1.9522e-07	1.1531e-01	8.8397e-01	7.1563e-04	1.1755e-36	1.1755e-36	1.1755e-36	2.0976e-20	0.00e+00	0.00e+00	7.4769e+00
2.40458e+15	8.1307e+03	3.367e-15	3.5938e+04	3.2485e+04	5.8033e-12	1.1186e-01	8.8814e-01	8.5742e-01	1.4258e-01	2.2335e-08	1.1962e-12	2.5741e-03	9.6192e-01	3.5502e-02	1.3009e-07	1.3501e-01	8.6449e-01	4.9803e-04	1.1755e-36	1.1755e-36	1.1755e-36	3.5023e-20	0.00e+00	0.00e+00	8.0024e+00
2.42386e+15	8.1056e+03	3.313e-15	3.5938e+04	3.1712e+04	8.2758e-12	1.3101e-01	8.6899e-01	8.8697e-01	1.1303e-01	1.6774e-08	1.7260e-12	2.5488e-03	9.6605e-01	3.1400e-02	1.1755e-36	1.5758e-01	8.4207e-01	3.5072e-04	1.1755e-36	1.1755e-36	1.1755e-36	5.8240e-20	0.00e+00	0.00e+00	8.5329e+00
2.44060e+15	8.0772e+03	3.235e-15	3.5938e+04	3.0836e+04	1.1657e-11	1.5193e-01	8.4807e-01	9.0837e-01	9.1629e-02	1.3053e-08	2.4279e-12	2.5081e-03	9.6941e-01	2.8087e-02	1.1755e-36	1.8201e-01	8.1774e-01	2.5276e-04	1.1755e-36	1.1755e-36	1.1755e-36	9.4622e-20	0.00e+00	0.00e+00	9.0721e+00
2.45576e+15	8.0392e+03	3.136e-15	3.5938e+04	2.9893e+04	1.6435e-11	1.7565e-01	8.2435e-01	9.2479e-01	7.5215e-02	1.0372e-08	3.3806e-12	2.4582e-03	9.7235e-01	2.5190e-02	1.1755e-36	2.0941e-01	7.9040e-01	1.8357e-04	1.1755e-36	1.1755e-36	1.1755e-36	1.5274e-19	0.00e+00	0.00e+00	9.6575e+00
2.47016e+15	7.9880e+03	3.010e-15	3.5938e+04	2.8843e+04	2.3588e-11	2.0372e-01	7.9628e-01	9.3775e-01	6.2252e-02	8.3779e-09	4.7357e-12	2.3972e-03	9.7510e-01	2.2500e-02	1.1755e-36	2.4147e-01	7.5840e-01	1.3232e-04	1.1755e-36	1.1755e-36	1.1755e-36	2.5065e-19	0.00e+00	0.00e+00	1.0310e+01
2.48384e+15	7.9225e+03	2.851e-15	3.5938e+04	2.7627e+04	3.4468e-11	2.3660e-01	7.6340e-01	9.4801e-01	5.1994e-02	6.8892e-09	6.6630e-12	2.3202e-03	9.7767e-01	2.0014e-02	1.1755e-36	2.7848e-01	7.2142e-01	9.4735e-05	1.1755e-36	1.1755e-36	1.1755e-36	4.1697e-19	0.00e+00	0.00e+00	1.1021e+01
2.49648e+15	7.8421e+03	2.663e-15	3.5938e+04	2.6271e+04	5.0766e-11	2.7367e-01	7.2633e-01	9.5583e-01	4.4175e-02	5.8207e-09	9.3199e-12	2.2286e-03	9.8000e-01	1.7769e-02	1.1755e-36	3.1956e-01	6.8037e-01	6.7981e-05	1.1755e-36	1.1755e-36	1.1755e-36	6.9223e-19	0.00e+00	0.00e+00	1.1768e+01
2.50716e+15	7.7555e+03	2.471e-15	3.5938e+04	2.4919e+04	7.2482e-11	3.1077e-01	6.8923e-01	9.6132e-01	3.8678e-02	5.1178e-09	1.2539e-11	2.1333e-03	9.8194e-01	1.5923e-02	1.1755e-36	3.5999e-01	6.3996e-01	5.0493e-05	1.1755e-36	1.1755e-36	1.1755e-36	1.0889e-18	0.00e+00	0.00e+00	1.2426e+01
2.51526e+15	7.6672e+03	2.307e-15	3.5938e+04	2.3813e+04	9.7633e-11	3.4358e-01	6.5642e-01	9.6495e-01	3.5045e-02	4.6671e-09	1.5932e-11	2.0542e-03	9.8344e-01	1.4509e-02	1.1755e-36	3.9518e-01	6.0478e-01	3.9704e-05	1.1755e-36	1.1755e-36	1.1755e-36	1.5748e-18	0.00e+00	0.00e+00	1.2962e+01
2.52166e+15	7.6010e+03	2.155e-15	3.5938e+04	2.2747e+04	1.2358e-10	3.7098e-01	6.2902e-01	9.6741e-01	3.2586e-02	4.4019e-09	1.9129e-11	1.9735e-03	9.8455e-01	1.3481e-02	1.1755e-36	4.2417e-01	5.7580e-01	3.2659e-05	1.1755e-36	1.1755e-36	1.1755e-36	2.0900e-18	0.00e+00	0.00e+00	1.3461e+01
2.52715e+15	7.5210e+03	2.023e-15	3.5938e+04	2.1841e+04	1.5430e-10	3.9701e-01	6.0299e-01	9.6941e-01	3.0587e-02	4.1790e-09	2.2560e-11	1.9061e-03	9.8552e-01	1.2572e-02	1.1755e-36	4.5138e-01	5.4859e-01	2.7408e-05	1.1755e-36	1.1755e-36	1.1755e-36	2.6995e-18	0.00e+00	0.00e+00	1.3916e+01
2.53211e+15	7.4525e+03	1.893e-15	3.5938e+04	2.0912e+04	1.8922e-10	4.2131e-01	5.7869e-01	9.7107e-01	2.8925e-02	4.0175e-09	2.6187e-11	1.8347e-03	9.8637e-01	1.1800e-02	1.1755e-36	4.7651e-01	5.2347e-01	2.3303e-05	1.1755e-36	1.1755e-36	1.1755e-36	3.4107e-18	0.00e+00	0.00e+00	1.4382e+01
2.53674e+15	7.3715e+03	1.771e-15	3.5938e+04	2.0047e+04	2.3168e-10	4.4557e-01	5.5443e-01	9.7247e-01	2.7533e-02	3.8843e-09	3.0155e-11	1.7682e-03	9.8716e-01	1.1073e-02	1.1755e-36	5.0131e-01	4.9867e-01	1.9940e-05	1.1755e-36	1.1755e-36	1.1755e-36	4.2546e-18	0.00e+00	0.00e+00	1.4825e+01
2.54097e+15	7.2915e+03	1.657e-15	3.5938e+04	1.9239e+04	2.8084e-10	4.6888e-01	5.3112e-01	9.7366e-01	2.6342e-02	3.7759e-09	3.4402e-11	1.7059e-03	9.8788e-01	1.0414e-02	1.1755e-36	5.2491e-01	4.7508e-01	1.7212e-05	1.1755e-36	1.1755e-36	1.1755e-36	5.2379e-18	0.00e+00	0.00e+00	1.5258e+01
2.54494e+15	7.2136e+03	1.547e-15	3.5938e+04	1.8431e+04	3.3739e-10	4.9118e-01	5.0882e-01	9.7466e-01	2.5336e-02	3.7002e-09	3.8820e-11	1.6424e-03	9.8853e-01	9.8233e-03	1.1755e-36	5.4724e-01	4.5275e-01	1.4961e-05	1.1755e-36	1.1755e-36	1.1755e-36	6.3402e-18	0.00e+00	0.00e+00	1.5690e+01
2.54865e+15	7.1355e+03	1.445e-15	3.5938e+04	1.7662e+04	4.0214e-10	5.1240e-01	4.8760e-01	9.7553e-01	2.4475e-02	3.6443e-09	4.3409e-11	1.5815e-03	9.8913e-01	9.2872e-03	1.1755e-36	5.6829e-01	4.3169e-01	1.3106e-05	1.1755e-36	1.1755e-36	1.1755e-36	7.5690e-18	0.00e+00	0.00e+00	1.6101e+01
2.55204e+15	7.0577e+03	1.352e-15	3.5938e+04	1.6943e+04	4.7495e-10	5.3221e-01	4.6779e-01	9.7626e-01	2.3745e-02	3.6051e-09	4.8057e-11	1.5242e-03	9.8967e-01	8.8080e-03	1.1755e-36	5.8777e-01	4.1221e-01	1.1587e-05	1.1755e-36	1.1755e-36	1.1755e-36	8.8966e-18	0.00e+00	0.00e+00	1.6493e+01
2.55472e+15	7.0038e+03	1.280e-15	3.5938e+04	1.6368e+04	5.3663e-10	5.4701e-01	4.5299e-01	9.7672e-01	2.3276e-02	3.5986e-09	5.1703e-11	1.4772e-03	9.9006e-01	8.4621e-03	1.1755e-36	6.0221e-01	3.9778e-01	1.0554e-05	1.1755e-36	1.1755e-36	1.1755e-36	9.9949e-18	0.00e+00	0.00e+00	1.6757e+01
2.55671e+15	6.9489e+03	1.227e-15	3.5938e+04	1.5955e+04	5.9639e-10	5.5904e-01	4.4096e-01	9.7713e-01	2.2872e-02	3.5776e-09	5.4946e-11	1.4445e-03	9.9037e-01	8.1856e-03	1.1755e-36	6.1388e-01	3.8611e-01	9.8023e-06	1.1755e-36	1.1755e-36	1.1755e-36	1.1015e-17	0.00e+00	0.00e+00	1.6990e+01
2.55859e+15	6.8988e+03	1.176e-15	3.5938e+04	1.5534e+04	6.5867e-10	5.7038e-01	4.2962e-01	9.7747e-01	2.2525e-02	3.5708e-09	5.8074e-11	1.4104e-03	9.9066e-01	7.9338e-03	1.1755e-36	6.2483e-01	3.7516e-01	9.1289e-06	1.1755e-36	1.1755e-36	1.1755e-36	1.2030e-17	0.00e+00	0.00e+00	1.7241e+01
2.56063e+15	6.8399e+03	1.121e-15	3.5938e+04	1.5081e+04	7.3661e-10	5.8291e-01	4.1709e-01	9.7784e-01	2.2156e-02	3.5636e-09	6.1706e-11	1.3736e-03	9.9097e-01	7.6608e-03	1.1755e-36	6.3687e-01	3.6312e-01	8.4395e-06	1.1755e-36	1.1755e-36	1.1755e-36	1.3251e-17	0.00e+00	0.00e+00	1.7525e+01
2.56278e+15	6.7763e+03	1.066e-15	3.5938e+04	1.4626e+04	8.3022e-10	5.9625e-01	4.0375e-01	9.7823e-01	2.1775e-02	3.5537e-09	6.5872e-11	1.3370e-03	9.9129e-01	7.3743e-03	1.1755e-36	6.4961e-01	3.5039e-01	7.7647e-06	1.1755e-36	1.1755e-36	1.1755e-36	1.4721e-17	0.00e+00	0.00e+00	1.7815e+01
2.56485e+15	6.7170e+03	1.012e-15	3.5938e+04	1.4171e+04	9.2913e-10	6.0862e-01	3.9138e-01	9.7854e-01	2.1462e-02	3.5605e-09	6.9842e-11	1.2996e-03	9.9158e-01	7.1156e-03	1.1755e-36	6.6135e-01	3.3864e-01	7.1754e-06	1.1755e-36	1.1755e-36	1.1755e-36	1.6169e-17	0.00e+00	0.00e+00	1.8091e+01
2.56684e+15	6.6624e+03	9.618e-16	3.5938e+04	1.3728e+04	1.0339e-09	6.2042e-01	3.7958e-01	9.7882e-01	2.1175e-02	3.5736e-09	7.3793e-11	1.2629e-03	9.9186e-01	6.8741e-03	1.1755e-36	6.7249e-01	3.2750e-01	6.6461e-06	1.1755e-36	1.1755e-36	1.1755e-36	1.7667e-17	0.00e+00	0.00e+00	1.8370e+01
2.56885e+15	6.5946e+03	9.121e-16	3.5938e+04	1.3286e+04	1.1652e-09	6.3273e-01	3.6727e-01	9.7911e-01	2.0889e-02	3.5843e-09	7.8159e-11	1.2264e-03	9.9215e-01	6.6263e-03	1.1755e-36	6.8406e-01	3.1593e-01	6.1406e-06	1.1755e-36	1.1755e-36	1.1755e-36	1.9374e-17	0.00e+00	0.00e+00	1.8663e+01
2.57087e+15	6.5269e+03	8.641e-16	3.5938e+04	1.2859e+04	1.3144e-09	6.4510e-01	3.5490e-01	9.7940e-01	2.0603e-02	3.5937e-09	8.2867e-11	1.1914e-03	9.9243e-01	6.3804e-03	1.1755e-36	6.9562e-01	3.0438e-01	5.6677e-06	1.1755e-36	1.1755e-36	1.1755e-36	2.1304e-17	0.00e+00	0.00e+00	1.8955e+01
2.57282e+15	6.4625e+03	8.185e-16	3.5938e+04	1.2436e+04	1.4748e-09	6.5663e-01	3.4337e-01	9.7963e-01	2.0365e-02	3.6159e-09	8.7371e-11	1.1561e-03	9.9269e-01	6.1558e-03	1.1755e-36	7.0635e-01	2.9365e-01	5.2500e-06	1.1755e-36	1.1755e-36	1.1755e-36	2.3207e-17	0.00e+00	0.00e+00	1.9239e+01
2.57474e+15	6.3973e+03	7.748e-16	3.5938e+04	1.2024e+04	1.6558e-09	6.6802e-01	3.3198e-01	9.7986e-01	2.0137e-02	3.6398e-09	9.2061e-11	1.1217e-03	9.9294e-01	5.9376e-03	1.1755e-36	7.1688e-01	2.8312e-01	4.8634e-06	1.1755e-36	1.1755e-36	1.1755e-36	2.5266e-17	0.00e+00	0.00e+00	1.9532e+01
2.57668e+15	6.3311e+03	7.320e-16	3.5938e+04	1.1611e+04	1.8624e-09	6.7932e-01	3.2068e-01	9.8008e-01	1.9924e-02	3.6698e-09	9.6915e-11	1.0868e-03	9.9319e-01	5.7243e-03	1.1755e-36	7.2728e-01	2.7271e-01	4.5018e-06	1.1755e-36	1.1755e-36	1.1755e-36	2.7473e-17	0.00e+00	0.00e+00	1.9831e+01
2.57861e+15	6.2584e+03	6.906e-16	3.5938e+04	1.1201e+04	2.1091e-09	6.9064e-01	3.0936e-01	9.8028e-01	1.9718e-02	3.7015e-09	1.0203e-10	1.0524e-03	9.9343e-01	5.5141e-03	1.1755e-36	7.3764e-01	2.6236e-01	4.1648e-06	1.1755e-36	1.1755e-36	1.1755e-36	2.9881e-17	0.00e+00	0.00e+00	2.0135e+01
2.58053e+15	6.1865e+03	6.512e-16	3.5938e+04	1.0805e+04	2.3866e-09	7.0165e-01	2.9835e-01	9.8047e-01	1.9526e-02	3.7366e-09	1.0729e-10	1.0189e-03	9.9367e-01	5.3119e-03	1.1755e-36	7.4768e-01	2.5232e-01	3.8553e-06	1.1755e-36	1.1755e-36	1.1755e-36	3.2452e-17	0.00e+00	0.00e+00	2.0436e+01
2.58241e+15	6.1206e+03	6.138e-16	3.5938e+04	1.0420e+04	2.6837e-09	7.1215e-01	2.8785e-01	9.8064e-01	1.9361e-02	3.7801e-09	1.1250e-10	9.8617e-04	9.9389e-01	5.1213e-03	1.1755e-36	7.5720e-01	2.4280e-01	3.5736e-06	1.1755e-36	1.1755e-36	1.1755e-36	3.5113e-17	0.00e+00	0.00e+00	2.0738e+01
2.58429e+15	6.0423e+03	5.780e-16	3.5938e+04	1.0046e+04	3.0600e-09	7.2291e-01	2.7709e-01	9.8083e-01	1.9175e-02	3.8152e-09	1.1829e-10	9.5458e-04	9.9412e-01	4.9293e-03	1.1755e-36	7.6690e-01	2.3309e-01	3.3076e-06	1.1755e-36	1.1755e-36	1.1755e-36	3.8187e-17	0.00e+00	0.00e+00	2.1048e+01
2.58615e+15	5.9697e+03	5.440e-16	3.5938e+04	9.6719e+03	3.4649e-09	7.3291e-01	2.6709e-01	9.8096e-01	1.9037e-02	3.8678e-09	1.2370e-10	9.2248e-04	9.9433e-01	4.7522e-03	1.1755e-36	7.7590e-01	2.2409e-01	3.0688e-06	1.1755e-36	1.1755e-36	1.1755e-36	4.1149e-17	0.00e+00	0.00e+00	2.1352e+01
2.58799e+15	5.8946e+03	5.116e-16	3.5938e+04	9.3116e+03	3.9385e-09	7.4285e-01	2.5715e-01	9.8110e-01	1.8895e-02	3.9185e-09	1.2948e-10	8.9155e-04	9.9453e-01	4.5785e-03	1.1755e-36	7.8481e-01	2.1519e-01	2.8454e-06	1.1755e-36	1.1755e-36	1.1755e-36	4.4460e-17	0.00e+00	0.00e+00	2.1665e+01
2.58985e+15	5.8105e+03	4.805e-16	3.5938e+04	8.9613e+03	4.5302e-09	7.5295e-01	2.4705e-01	9.8126e-01	1.8736e-02	3.9628e-09	1.3590e-10	8.6177e-04	9.9473e-01	4.4049e-03	1.1755e-36	7.9380e-01	2.0620e-01	2.6345e-06	1.1755e-36	1.1755e-36	1.1755e-36	4.8329e-17	0.00e+00	0.00e+00	2.1982e+01
2.59166e+15	5.7355e+03	4.515e-16	3.5938e+04	8.6175e+03	5.1516e-09	7.6214e-01	2.3786e-01	9.8137e-01	1.8629e-02	4.0262e-09	1.4175e-10	8.3186e-04	9.9492e-01	4.2473e-03	1.1755e-36	8.0197e-01	1.9803e-01	2.4474e-06	1.1755e-36	1.1755e-36	1.1755e-36	5.1995e-17	0.00e+00	0.00e+00	2.2289e+01
2.59344e+15	5.6519e+03	4.243e-16	3.5938e+04	8.2960e+03	5.9273e-09	7.7146e-01	2.2854e-01	9.8151e-01	1.8491e-02	4.0750e-09	1.4845e-10	8.0435e-04	9.9510e-01	4.0909e-03	1.1755e-36	8.1019e-01	1.8981e-01	2.2721e-06	1.1755e-36	1.1755e-36	1.1755e-36	5.6461e-17	0.00e+00	0.00e+00	2.2600e+01
2.59520e+15	5.5710e+03	3.985e-16	3.5938e+04	7.9783e+03	6.7995e-09	7.8027e-01	2.1973e-01	9.8162e-01	1.8383e-02	4.1358e-09	1.5501e-10	7.7681e-04	9.9528e-01	3.9439e-03	1.1755e-36	8.1794e-01	1.8206e-01	2.1121e-06	1.1755e-36	1.1755e-36	1.1755e-36	6.1049e-17	0.00e+00	0.00e+00	2.2910e+01
2.59696e+15	5.4888e+03	3.741e-16	3.5938e+04	7.6696e+03	7.8238e-09	7.8886e-01	2.1114e-01	9.8172e-01	1.8279e-02	4.1988e-09	1.6190e-10	7.4998e-04	9.9545e-01	3.8020e-03	1.1755e-36	8.2549e-01	1.7451e-01	1.9633e-06	1.1755e-36	1.1755e-36	1.1755e-36	6.6164e-17	0.00e+00	0.00e+00	2.3225e+01
2.59871e+15	5.4048e+03	3.509e-16	3.5938e+04	7.3684e+03	9.0351e-09	7.9723e-01	2.0277e-01	9.8182e-01	1.8181e-02	4.2653e-09	1.6917e-10	7.2374e-04	9.9561e-01	3.6652e-03	1.1755e-36	8.3281e-01	1.6719e-01	1.8251e-06	1.1755e-36	1.1755e-36	1.1755e-36	7.1917e-17	0.00e+00	0.00e+00	2.3541e+01
2.60044e+15	5.3205e+03	3.292e-16	3.5938e+04	7.0790e+03	1.0452e-08	8.0528e-01	1.9472e-01	9.8191e-01	1.8091e-02	4.3339e-09	1.7684e-10	6.9848e-04	9.9577e-01	3.5351e-03	1.1755e-36	8.3982e-01	1.6018e-01	1.6984e-06	1.1755e-36	1.1755e-36	1.1755e-36	7.8402e-17	0.00e+00	0.00e+00	2.3854e+01
2.60193e+15	5.2489e+03	3.121e-16	3.5938e+04	6.8434e+03	1.1834e-08	8.1176e-01	1.8824e-01	9.8197e-01	1.8026e-02	4.3953e-09	1.8356e-10	6.7784e-04	9.9589e-01	3.4303e-03	1.1755e-36	8.4544e-01	1.5456e-01	1.6007e-06	1.1755e-36	1.1755e-36	1.1755e-36	8.4483e-17	0.00e+00	0.00e+00	2.4086e+01
2.60310e+15	5.1878e+03	2.989e-16	3.5938e+04	6.6547e+03	1.3145e-08	8.1684e-01	1.8316e-01	9.8202e-01	1.7978e-02	4.4473e-09	1.8927e-10	6.6124e-04	9.9599e-01	3.3493e-03	1.1755e-36	8.4986e-01	1.5014e-01	1.5264e-06	1.1755e-36	1.1755e-36	1.1755e-36	8.9949e-17	0.00e+00	0.00e+00	2.4286e+01
2.60418e+15	5.1306e+03	2.869e-16	3.5938e+04	6.4868e+03	1.4535e-08	8.2172e-01	1.7828e-01	9.8208e-01	1.7917e-02	4.4887e-09	1.9543e-10	6.4670e-04	9.9608e-01	3.2730e-03	1.1755e-36	8.5406e-01	1.4593e-01	1.4579e-06	1.1755e-36	1.1755e-36	1.1755e-36	9.6159e-17	0.00e+00	0.00e+00	2.4488e+01
2.60529e+15	5.0728e+03	2.749e-16	3.5938e+04	6.3142e+03	1.6103e-08	8.2654e-01	1.7346e-01	9.8213e-01	1.7866e-02	4.5380e-09	2.0191e-10	6.3154e-04	9.9617e-01	3.1978e-03	1.1755e-36	8.5823e-01	1.4177e-01	1.3912e-06	1.1755e-36	1.1755e-36	1.1755e-36	1.0304e-16	0.00e+00	0.00e+00	2.4701e+01
2.60644e+15	5.0175e+03	2.630e-16	3.5938e+04	6.1354e+03	1.7800e-08	8.3123e-01	1.6877e-01	9.8216e-01	1.7835e-02	4.6014e-09	2.0848e-10	6.1560e-04	9.9626e-01	3.1242e-03	1.1755e-36	8.6227e-01	1.3773e-01	1.3267e-06	1.1755e-36	1.1755e-36	1.1755e-36	1.1040e-16	0.00e+00	0.00e+00	2.4920e+01
2.60763e+15	4.9503e+03	2.510e-16	3.5938e+04	5.9587e+03	2.0047e-08	8.3637e-01	1.6363e-01	9.8223e-01	1.7771e-02	4.6500e-09	2.1708e-10	6.0021e-04	9.9636e-01	3.0382e-03	1.1755e-36	8.6667e-01	1.3333e-01	1.2608e-06	1.1755e-36	1.1755e-36	1.1755e-36	1.2008e-16	0.00e+00	0.00e+00	2.5152e+01
2.60878e+15	4.8874e+03	2.402e-16	3.5938e+04	5.7907e+03	2.2422e-08	8.4100e-01	1.5900e-01	9.8227e-01	1.7726e-02	4.7053e-09	2.2537e-10	5.8547e-04	9.9646e-01	2.9572e-03	1.1755e-36	8.7064e-01	1.2936e-01	1.2022e-06	1.1755e-36	1.1755e-36	1.1755e-36	1.2981e-16	0.00e+00	0.00e+00	2.5359e+01
2.60984e+15	4.8312e+03	2.305e-16	3.5938e+04	5.6356e+03	2.4807e-08	8.4507e-01	1.5493e-01	9.8230e-01	1.7701e-02	4.7651e-09	2.3302e-10	5.7169e-04	9.9654e-01	2.8857e-03	1.1755e-36	8.7413e-01	1.2587e-01	1.1511e-06	1.1755e-36	1.1755e-36	1.1755e-36	1.3934e-16	0.00e+00	0.00e+00	2.5556e+01
2.61089e+15	4.7683e+03	2.211e-16	3.5938e+04	5.4893e+03	2.7773e-08	8.4938e-01	1.5062e-01	9.8236e-01	1.7643e-02	4.8079e-09	2.4243e-10	5.5902e-04	9.9663e-01	2.8116e-03	1.1755e-36	8.7780e-01	1.2220e-01	1.1004e-06	1.1755e-36	1.1755e-36	1.1755e-36	1.5172e-16	0.00e+00	0.00e+00	2.5763e+01
2.61192e+15	4.7124e+03	2.123e-16	3.5938e+04	5.3429e+03	3.0749e-08	8.5320e-01	1.4680e-01	9.8238e-01	1.7623e-02	4.8696e-09	2.5092e-10	5.4599e-04	9.9671e-01	2.7447e-03	1.1755e-36	8.8107e-01	1.1893e-01	1.0547e-06	1.1755e-36	1.1755e-36	1.1755e-36	1.6363e-16	0.00e+00	0.00e+00	2.5956e+01
2.61294e+15	4.6496e+03	2.038e-16	3.5938e+04	5.2064e+03	3.4462e-08	8.5724e-01	1.4276e-01	9.8243e-01	1.7566e-02	4.9112e-09	2.6144e-10	5.3421e-04	9.9679e-01	2.6754e-03	1.1755e-36	8.8450e-01	1.1550e-01	1.0095e-06	1.1755e-36	1.1755e-36	1.1755e-36	1.7923e-16	0.00e+00	0.00e+00	2.6158e+01
2.61394e+15	4.5947e+03	1.960e-16	3.5938e+04	5.0704e+03	3.8120e-08	8.6077e-01	1.3923e-01	9.8245e-01	1.7550e-02	4.9732e-09	2.7081e-10	5.2209e-04	9.9686e-01	2.6136e-03	1.1755e-36	8.8751e-01	1.1249e-01	9.6919e-07	1.1755e-36	1.1755e-36	1.1755e-36	1.9408e-16	0.00e+00	0.00e+00	2.6345e+01
2.61492e+15	4.5326e+03	1.884e-16	3.5938e+04	4.9437e+03	4.2709e-08	8.6454e-01	1.3546e-01	9.8251e-01	1.7495e-02	5.0135e-09	2.8254e-10	5.1119e-04	9.9694e-01	2.5491e-03	1.1755e-36	8.9070e-01	1.0930e-01	9.2887e-07	1.1755e-36	1.1755e-36	1.1755e-36	2.1372e-16	0.00e+00	0.00e+00	2.6541e+01
2.61588e+15	4.4785e+03	1.813e-16	3.5938e+04	4.8164e+03	4.7194e-08	8.6783e-01	1.3217e-01	9.8252e-01	1.7482e-02	5.0762e-09	2.9299e-10	4.9984e-04	9.9701e-01	2.4917e-03	1.1755e-36	8.9349e-01	1.0651e-01	8.9300e-07	1.1755e-36	1.1755e-36	1.1755e-36	2.3244e-16	0.00e+00	0.00e+00	2.6725e+01
2.61684e+15	4.4164e+03	1.744e-16	3.5938e+04	4.6975e+03	5.2893e-08	8.7139e-01	1.2861e-01	9.8257e-01	1.7427e-02	5.1151e-09	3.0625e-10	4.8967e-04	9.9708e-01	2.4310e-03	1.1755e-36	8.9650e-01	1.0350e-01	8.5655e-07	1.1755e-36	1.1755e-36	1.1755e-36	2.5755e-16	0.00e+00	0.00e+00	2.6918e+01
2.61778e+15	4.3585e+03	1.680e-16	3.5938e+04	4.5799e+03	5.8807e-08	8.7462e-01	1.2538e-01	9.8260e-01	1.7397e-02	5.1668e-09	3.1905e-10	4.7940e-04	9.9715e-01	2.3751e-03	1.1755e-36	8.9923e-01	1.0077e-01	8.2348e-07	1.1755e-36	1.1755e-36	1.1755e-36	2.8352e-16	0.00e+00	0.00e+00	2.7099e+01
2.61869e+15	4.3021e+03	1.619e-16	3.5938e+04	4.4687e+03	6.5197e-08	8.7771e-01	1.2229e-01	9.8263e-01	1.7366e-02	5.2159e-09	3.3241e-10	4.6972e-04	9.9721e-01	2.3220e-03	1.1755e-36	9.0183e-01	9.8164e-02	7.9250e-07	1.1755e-36	1.1755e-36	1.1755e-36	3.1227e-16	0.00e+00	0.00e+00	2.7279e+01
2.61960e+15	4.2447e+03	1.560e-16	3.5938e+04	4.3586e+03	7.2369e-08	8.8078e-01	1.1922e-01	9.8267e-01	1.7335e-02	5.2655e-09	3.4684e-10	4.6015e-04	9.9727e-01	2.2692e-03	1.1755e-36	9.0442e-01	9.5576e-02	7.6230e-07	1.1755e-36	1.1755e-36	1.1755e-36	3.4531e-16	0.00e+00	0.00e+00	2.7463e+01
2.62053e+15	4.1860e+03	1.502e-16	3.5938e+04	4.2490e+03	8.0432e-08	8.8384e-01	1.1616e-01	9.8270e-01	1.7303e-02	5.3161e-09	3.6243e-10	4.5065e-04	9.9733e-01	2.2168e-03	1.1755e-36	9.0699e-01	9.3005e-02	7.3285e-07	1.1755e-36	1.1755e-36	1.1755e-36	3.8330e-16	0.00e+00	0.00e+00	2.7650e+01
2.62146e+15	4.1266e+03	1.446e-16	3.5938e+04	4.1412e+03	8.9366e-08	8.8684e-01	1.1316e-01	9.8273e-01	1.7271e-02	5.3671e-09	3.7901e-10	4.4133e-04	9.9739e-01	2.1654e-03	1.1755e-36	9.0952e-01	9.0482e-02	7.0448e-07	1.1755e-36	1.1755e-36	1.1755e-36	4.2634e-16	0.00e+00	0.00e+00	2.7837e+01
2.62239e+15	4.0666e+03	1.392e-16	3.5938e+04	4.0355e+03	9.9180e-08	8.8978e-01	1.1022e-01	9.8276e-01	1.7239e-02	5.4183e-09	3.9652e-10	4.3222e-04	9.9745e-01	2.1150e-03	1.1755e-36	9.1199e-01	8.8010e-02	6.7719e-07	1.1755e-36	1.1755e-36	1.1755e-36	4.7473e-16	0.00e+00	0.00e+00	2.8024e+01
2.62332e+15	4.0056e+03	1.339e-16	3.5938e+04	3.9309e+03	1.0996e-07	8.9269e-01	1.0731e-01	9.8279e-01	1.7207e-02	5.4702e-09	4.1497e-10	4.2325e-04	9.9751e-01	2.0653e-03	1.1755e-36	9.1442e-01	8.5574e-02	6.5077e-07	1.1755e-36	1.1755e-36	1.1755e-36	5.2901e-16	0.00e+00	0.00e+00	2.8214e+01
2.62427e+15	3.9431e+03	1.288e-16	3.5938e+04	3.8270e+03	1.2181e-07	8.9559e-01	1.0441e-01	9.8283e-01	1.7174e-02	5.5221e-09	4.3445e-10	4.1437e-04	9.9757e-01	2.0158e-03	1.1755e-36	9.1686e-01	8.3144e-02	6.2489e-07	1.1755e-36	1.1755e-36	1.1755e-36	5.8997e-16	0.00e+00	0.00e+00	2.8409e+01
###########################
1.50370e+11	8.5924e+03	3.452e-15	3.5938e+04	3.8805e+04	8.3060e-15	4.9063e-03	9.9509e-01	2.6326e-02	9.7249e-01	1.1892e-03	3.6520e-16	4.8802e-04	3.3273e-01	6.6649e-01	2.9252e-04	4.2184e-03	7.5436e-01	2.4136e-01	6.1214e-05	1.1755e-36	1.1755e-36	2.3317e-24	0.00e+00	0.00e+00	3.3483e-04
9.02218e+11	8.5898e+03	3.450e-15	3.5938e+04	3.8799e+04	8.2353e-15	4.9034e-03	9.9510e-01	2.6326e-02	9.7249e-01	1.1883e-03	3.6123e-16	4.8735e-04	3.3274e-01	6.6648e-01	2.9293e-04	4.2155e-03	7.5427e-01	2.4145e-01	6.1039e-05	1.1755e-36	1.1755e-36	2.2823e-24	0.00e+00	0.00e+00	1.6733e-03
3.90961e+12	8.5836e+03	3.444e-15	3.5938e+04	3.8798e+04	8.2628e-15	4.8997e-03	9.9510e-01	2.6349e-02	9.7247e-01	1.1804e-03	3.6196e-16	4.8689e-04	3.3297e-01	6.6626e-01	2.9193e-04	4.2140e-03	7.5443e-01	2.4129e-01	6.0144e-05	1.1755e-36	1.1755e-36	2.2892e-24	0.00e+00	0.00e+00	7.0234e-03
1.59392e+13	8.5709e+03	3.424e-15	3.5938e+04	3.8797e+04	8.3134e-15	4.8963e-03	9.9510e-01	2.6463e-02	9.7240e-01	1.1405e-03	3.6403e-16	4.8806e-04	3.3402e-01	6.6520e-01	2.8845e-04	4.2193e-03	7.5544e-01	2.4029e-01	5.6563e-05	1.1755e-36	1.1755e-36	2.2979e-24	0.00e+00	0.00e+00	2.8409e-02
3.80736e+13	8.5191e+03	3.354e-15	3.5938e+04	3.8799e+04	8.2166e-15	4.8133e-03	9.9519e-01	2.6452e-02	9.7243e-01	1.1148e-03	3.5115e-16	4.8328e-04	3.3431e-01	6.6492e-01	2.8625e-04	4.1520e-03	7.5539e-01	2.4040e-01	5.2545e-05	1.1755e-36	1.1755e-36	2.1673e-24	0.00e+00	0.00e+00	5.5739e-02
6.68483e+13	8.4638e+03	3.286e-15	3.5938e+04	3.8801e+04	8.1975e-15	4.7519e-03	9.9525e-01	2.6538e-02	9.7241e-01	1.0492e-03	3.4255e-16	4.8194e-04	3.3542e-01	6.6382e-01	2.8110e-04	4.1109e-03	7.5642e-01	2.3942e-01	4.7132e-05	1.1755e-36	1.1755e-36	2.0681e-24	0.00e+00	0.00e+00	9.0814e-02
1.04255e+14	8.4040e+03	3.215e-15	3.5938e+04	3.8802e+04	8.2436e-15	4.7063e-03	9.9529e-01	2.6727e-02	9.7233e-01	9.4601e-04	3.3726e-16	4.8296e-04	3.3740e-01	6.6184e-01	2.7306e-04	4.0913e-03	7.5857e-01	2.3730e-01	4.0487e-05	1.1755e-36	1.1755e-36	1.9906e-24	0.00e+00	0.00e+00	1.3597e-01
1.52885e+14	8.3364e+03	3.141e-15	3.5938e+04	3.8802e+04	8.3818e-15	4.6801e-03	9.9532e-01	2.7062e-02	9.7213e-01	8.0720e-04	3.3600e-16	4.8668e-04	3.4061e-01	6.5864e-01	2.6181e-04	4.0981e-03	7.6216e-01	2.3371e-01	3.2862e-05	1.1755e-36	1.1755e-36	1.9364e-24	0.00e+00	0.00e+00	1.9436e-01
2.16103e+14	8.2700e+03	3.062e-15	3.5938e+04	3.8801e+04	8.5878e-15	4.6771e-03	9.9532e-01	2.7583e-02	9.7178e-01	6.4172e-04	3.3944e-16	4.9439e-04	3.4537e-01	6.5389e-01	2.4752e-04	4.1373e-03	7.6754e-01	2.2830e-01	2.4781e-05	1.1755e-36	1.1755e-36	1.9080e-24	0.00e+00	0.00e+00	2.7021e-01
2.98286e+14	8.1987e+03	2.983e-15	3.5938e+04	3.8797e+04	8.9636e-15	4.7135e-03	9.9529e-01	2.8403e-02	9.7113e-01	4.6551e-04	3.5141e-16	5.0799e-04	3.5251e-01	6.4675e-01	2.3005e-04	4.2278e-03	7.7533e-01	2.2042e-01	1.6954e-05	1.1755e-36	1.1755e-36	1.9281e-24	0.00e+00	0.00e+00	3.6958e-01
4.05125e+14	8.1285e+03	2.905e-15	3.5938e+04	3.8789e+04	9.5702e-15	4.8093e-03	9.9519e-01	2.9672e-02	9.7003e-01	3.0094e-04	3.7668e-16	5.3084e-04	3.6311e-01	6.3615e-01	2.0966e-04	4.3947e-03	7.8625e-01	2.0934e-01	1.0220e-05	1.1755e-36	1.1755e-36	2.0211e-24	0.00e+00	0.00e+00	5.0139e-01
5.44015e+14	8.0638e+03	2.832e-15	3.5938e+04	3.8778e+04	1.0589e-14	5.0029e-03	9.9500e-01	3.1698e-02	9.6813e-01	1.6870e-04	4.2663e-16	5.6705e-04	3.7900e-01	6.2025e-01	1.8625e-04	4.6845e-03	8.0121e-01	1.9410e-01	5.2238e-06	1.1755e-36	1.1755e-36	2.2545e-24	0.00e+00	0.00e+00	6.7964e-01
7.24572e+14	8.0058e+03	2.773e-15	3.5938e+04	3.8759e+04	1.2418e-14	5.3680e-03	9.9463e-01	3.5060e-02	9.6486e-01	7.9437e-05	5.2671e-16	6.2798e-04	4.0343e-01	5.9578e-01	1.5901e-04	5.1889e-03	8.2160e-01	1.7321e-01	2.1506e-06	1.1755e-36	1.1755e-36	2.7759e-24	0.00e+00	0.00e+00	9.2827e-01
9.22158e+14	7.9487e+03	2.732e-15	3.5938e+04	3.8714e+04	1.5175e-14	5.8828e-03	9.9412e-01	3.9633e-02	9.6033e-01	3.4567e-05	6.8303e-16	7.0856e-04	4.3388e-01	5.6528e-01	1.3260e-04	5.8790e-03	8.4358e-01	1.5054e-01	8.0618e-07	1.1755e-36	1.1755e-36	3.6307e-24	0.00e+00	0.00e+00	1.1833e+00
1.09538e+15	7.9410e+03	2.722e-15	3.5938e+04	3.8677e+04	1.8540e-14	6.5132e-03	9.9349e-01	4.5117e-02	9.5487e-01	1.6963e-05	9.0682e-16	7.9957e-04	4.6600e-01	5.3309e-01	1.1066e-04	6.7014e-03	8.6345e-01	1.2984e-01	3.3624e-07	1.1755e-36	1.1755e-36	4.9665e-24	0.00e+00	0.00e+00	1.4130e+00
1.23169e+15	7.9456e+03	2.736e-15	3.5938e+04	3.8634e+04	2.2488e-14	7.1895e-03	9.9281e-01	5.0929e-02	9.4906e-01	9.8546e-06	1.1898e-15	8.9027e-04	4.9613e-01	5.0289e-01	9.3600e-05	7.5700e-03	8.7953e-01	1.1290e-01	1.6689e-07	1.1755e-36	1.1755e-36	6.7818e-24	0.00e+00	0.00e+00	1.6043e+00
1.34033e+15	7.9574e+03	2.759e-15	3.5938e+04	3.8589e+04	2.6959e-14	7.8901e-03	9.9211e-01	5.6987e-02	9.4301e-01	6.4525e-06	1.5350e-15	9.7844e-04	5.2400e-01	4.7494e-01	8.0019e-05	8.4640e-03	8.9259e-01	9.8951e-02	1.1755e-36	1.1755e-36	1.1755e-36	9.1455e-24	0.00e+00	0.00e+00	1.7834e+00
1.43851e+15	7.9717e+03	2.789e-15	3.5938e+04	3.8543e+04	3.2503e-14	8.6824e-03	9.9132e-01	6.3973e-02	9.3602e-01	4.4193e-06	1.9917e-15	1.0727e-03	5.5247e-01	4.4639e-01	6.7899e-05	9.4718e-03	9.0433e-01	8.6194e-02	1.1755e-36	1.1755e-36	1.1755e-36	1.2462e-23	0.00e+00	0.00e+00	1.9732e+00
1.53371e+15	7.9940e+03	2.824e-15	3.5938e+04	3.8486e+04	3.9714e-14	9.6278e-03	9.9037e-01	7.2548e-02	9.2745e-01	3.0781e-06	2.6334e-15	1.1778e-03	5.8293e-01	4.1583e-01	5.6586e-05	1.0672e-02	9.1537e-01	7.3955e-02	1.1755e-36	1.1755e-36	1.1755e-36	1.7455e-23	0.00e+00	0.00e+00	2.1787e+00
1.62494e+15	8.0188e+03	2.867e-15	3.5938e+04	3.8429e+04	4.9353e-14	1.0759e-02	9.8924e-01	8.3179e-02	9.1682e-01	2.1869e-06	3.5498e-15	1.2913e-03	6.1527e-01	3.8340e-01	4.6205e-05	1.2106e-02	9.2545e-01	6.2442e-02	1.1755e-36	1.1755e-36	1.1755e-36	2.5160e-23	0.00e+00	0.00e+00	2.3946e+00
1.70979e+15	8.0290e+03	2.916e-15	3.5938e+04	3.8313e+04	6.2305e-14	1.2097e-02	9.8790e-01	9.5865e-02	9.0413e-01	1.5839e-06	4.8086e-15	1.4158e-03	6.4840e-01	3.5015e-01	3.7038e-05	1.3795e-02	9.3416e-01	5.2040e-02	1.1755e-36	1.1755e-36	1.1755e-36	3.6389e-23	0.00e+00	0.00e+00	2.6178e+00
1.78809e+15	8.0571e+03	2.968e-15	3.5938e+04	3.8226e+04	7.8803e-14	1.3648e-02	9.8635e-01	1.1150e-01	8.8849e-01	1.1848e-06	6.5867e-15	1.5439e-03	6.8165e-01	3.1677e-01	2.9184e-05	1.5751e-02	9.4145e-01	4.2799e-02	1.1755e-36	1.1755e-36	1.1755e-36	5.3807e-23	0.00e+00	0.00e+00	2.8510e+00
1.86167e+15	8.0813e+03	3.025e-15	3.5938e+04	3.8129e+04	1.0148e-13	1.5503e-02	9.8450e-01	1.3112e-01	8.6888e-01	8.9880e-07	9.1703e-15	1.6753e-03	7.1546e-01	2.8285e-01	2.2403e-05	1.8084e-02	9.4737e-01	3.4547e-02	1.1755e-36	1.1755e-36	1.1755e-36	8.1491e-23	0.00e+00	0.00e+00	3.1039e+00
1.93061e+15	8.0924e+03	3.082e-15	3.5938e+04	3.7928e+04	1.3297e-13	1.7731e-02	9.8227e-01	1.5524e-01	8.4476e-01	6.8404e-07	1.2854e-14	1.8135e-03	7.4898e-01	2.4919e-01	1.6743e-05	2.0877e-02	9.5176e-01	2.7365e-02	1.1755e-36	1.1755e-36	1.1755e-36	1.2411e-22	0.00e+00	0.00e+00	3.3693e+00
1.99252e+15	8.1238e+03	3.143e-15	3.5938e+04	3.7804e+04	1.7373e-13	2.0307e-02	9.7969e-01	1.8519e-01	8.1481e-01	5.3753e-07	1.8186e-14	1.9447e-03	7.8077e-01	2.1727e-01	1.2282e-05	2.4097e-02	9.5452e-01	2.1386e-02	1.1755e-36	1.1755e-36	1.1755e-36	1.9294e-22	0.00e+00	0.00e+00	3.6359e+00
2.04605e+15	8.1322e+03	3.198e-15	3.5938e+04	3.7552e+04	2.2714e-13	2.3168e-02	9.7683e-01	2.1937e-01	7.8063e-01	4.2747e-07	2.5250e-14	2.0668e-03	8.0911e-01	1.8881e-01	8.9651e-06	2.7662e-02	9.5565e-01	1.6693e-02	1.1755e-36	1.1755e-36	1.1755e-36	2.9114e-22	0.00e+00	0.00e+00	3.8947e+00
2.09244e+15	8.1452e+03	3.252e-15	3.5938e+04	3.7372e+04	2.9481e-13	2.6335e-02	9.7366e-01	2.5881e-01	7.4119e-01	3.4678e-07	3.4912e-14	2.1768e-03	8.3419e-01	1.6363e-01	6.5125e-06	3.1597e-02	9.5540e-01	1.2999e-02	1.1755e-36	1.1755e-36	1.1755e-36	4.3860e-22	0.00e+00	0.00e+00	4.1549e+00
2.13374e+15	8.1552e+03	3.299e-15	3.5938e+04	3.7137e+04	3.8135e-13	2.9861e-02	9.7014e-01	3.0373e-01	6.9627e-01	2.8252e-07	4.7948e-14	2.2739e-03	8.5632e-01	1.4140e-01	4.6997e-06	3.5963e-02	9.5396e-01	1.0072e-02	1.1755e-36	1.1755e-36	1.1755e-36	6.5356e-22	0.00e+00	0.00e+00	4.4196e+00
2.17113e+15	8.1683e+03	3.329e-15	3.5938e+04	3.6767e+04	4.8938e-13	3.3737e-02	9.6626e-01	3.5381e-01	6.4619e-01	2.2911e-07	6.5193e-14	2.3521e-03	8.7552e-01	1.2212e-01	3.3780e-06	4.0752e-02	9.5149e-01	7.7625e-03	1.1755e-36	1.1755e-36	1.1755e-36	9.5742e-22	0.00e+00	0.00e+00	4.6931e+00
2.20588e+15	8.1669e+03	3.371e-15	3.5938e+04	3.6507e+04	6.4252e-13	3.8394e-02	9.6161e-01	4.1225e-01	5.8775e-01	1.8448e-07	9.0808e-14	2.4316e-03	8.9310e-01	1.0447e-01	2.3680e-06	4.6485e-02	9.4764e-01	5.8763e-03	1.1755e-36	1.1755e-36	1.1755e-36	1.4455e-21	0.00e+00	0.00e+00	4.9875e+00
2.23795e+15	8.1794e+03	3.397e-15	3.5938e+04	3.6153e+04	8.3728e-13	4.3668e-02	9.5633e-01	4.7571e-01	5.2429e-01	1.4700e-07	1.2639e-13	2.4943e-03	9.0813e-01	8.9377e-02	1.6480e-06	5.2955e-02	9.4264e-01	4.4017e-03	1.1755e-36	1.1755e-36	1.1755e-36	2.1736e-21	0.00e+00	0.00e+00	5.2882e+00
2.26712e+15	8.1762e+03	3.418e-15	3.5938e+04	3.5749e+04	1.1020e-12	4.9691e-02	9.5031e-01	5.4173e-01	4.5827e-01	1.1562e-07	1.7629e-13	2.5446e-03	9.2077e-01	7.6680e-02	1.1425e-06	6.0321e-02	9.3640e-01	3.2782e-03	1.1755e-36	1.1755e-36	1.1755e-36	3.2675e-21	0.00e+00	0.00e+00	5.6039e+00
2.29452e+15	8.1786e+03	3.419e-15	3.5938e+04	3.5180e+04	1.4478e-12	5.6531e-02	9.4347e-01	6.0810e-01	3.9190e-01	8.9086e-08	2.4507e-13	2.5732e-03	9.3130e-01	6.6129e-02	7.9003e-07	6.8656e-02	9.2893e-01	2.4180e-03	1.1755e-36	1.1755e-36	1.1755e-36	4.8798e-21	0.00e+00	0.00e+00	5.9477e+00
2.32535e+15	8.1662e+03	3.418e-15	3.5938e+04	3.4584e+04	2.0625e-12	6.6573e-02	9.3343e-01	6.8596e-01	3.1404e-01	6.3565e-08	3.7227e-13	2.6050e-03	9.4202e-01	5.5376e-02	4.9701e-07	8.0839e-02	9.1752e-01	1.6456e-03	1.1755e-36	1.1755e-36	1.1755e-36	8.1774e-21	0.00e+00	0.00e+00	6.4742e+00
2.35706e+15	8.1542e+03	3.420e-15	3.5938e+04	3.3920e+04	3.1052e-12	8.0480e-02	9.1952e-01	7.6259e-01	2.3741e-01	4.3200e-08	5.9854e-13	2.6261e-03	9.5142e-01	4.5956e-02	2.9724e-07	9.7601e-02	9.0134e-01	1.0608e-03	1.1755e-36	1.1755e-36	1.1755e-36	1.4938e-20	0.00e+00	0.00e+00	6.9960e+00
2.38236e+15	8.1430e+03	3.400e-15	3.5938e+04	3.3203e+04	4.5037e-12	9.5522e-02	9.0448e-01	8.1710e-01	1.8290e-01	3.0695e-08	9.0681e-13	2.6240e-03	9.5790e-01	3.9476e-02	1.9021e-07	1.1561e-01	8.8368e-01	7.1707e-04	1.1755e-36	1.1755e-36	1.1755e-36	2.5729e-20	0.00e+00	0.00e+00	7.4737e+00
2.40369e+15	8.1248e+03	3.362e-15	3.5938e+04	3.2478e+04	6.4164e-12	1.1214e-01	8.8786e-01	8.5652e-01	1.4348e-01	2.2539e-08	1.3254e-12	2.6099e-03	9.6282e-01	3.4567e-02	1.2664e-07	1.3535e-01	8.6415e-01	4.9944e-04	1.1755e-36	1.1755e-36	1.1755e-36	4.2923e-20	0.00e+00	0.00e+00	7.9984e+00
2.42289e+15	8.0998e+03	3.309e-15	3.5938e+04	3.1704e+04	9.1470e-12	1.3132e-01	8.6868e-01	8.8613e-01	1.1387e-01	1.6950e-08	1.9119e-12	2.5845e-03	9.6688e-01	3.0538e-02	1.1755e-36	1.5795e-01	8.4170e-01	3.5195e-04	1.1755e-36	1.1755e-36	1.1755e-36	7.1343e-20	0.00e+00	0.00e+00	8.5282e+00
2.43957e+15	8.0716e+03	3.230e-15	3.5938e+04	3.0826e+04	1.2839e-11	1.5230e-01	8.4770e-01	9.0762e-01	9.2380e-02	1.3204e-08	2.6798e-12	2.5439e-03	9.7016e-01	2.7291e-02	1.1755e-36	1.8243e-01	8.1731e-01	2.5377e-04	1.1755e-36	1.1755e-36	1.1755e-36	1.1508e-19	0.00e+00	0.00e+00	9.0669e+00
2.45469e+15	8.0338e+03	3.131e-15	3.5938e+04	2.9880e+04	1.8055e-11	1.7607e-01	8.2393e-01	9.2412e-01	7.5879e-02	1.0501e-08	3.7209e-12	2.4933e-03	9.7305e-01	2.4455e-02	1.1755e-36	2.0990e-01	7.8991e-01	1.8436e-04	1.1755e-36	1.1755e-36	1.1755e-36	1.8472e-19	0.00e+00	0.00e+00	9.6520e+00
2.46904e+15	7.9826e+03	3.005e-15	3.5938e+04	2.8827e+04	2.5875e-11	2.0422e-01	7.9578e-01	9.3716e-01	6.2837e-02	8.4886e-09	5.2047e-12	2.4317e-03	9.7574e-01	2.1827e-02	1.1755e-36	2.4203e-01	7.5784e-01	1.3292e-04	1.1755e-36	1.1755e-36	1.1755e-36	3.0221e-19	0.00e+00	0.00e+00	1.0304e+01
2.48268e+15	7.9172e+03	2.846e-15	3.5938e+04	2.7608e+04	3.7735e-11	2.3716e-01	7.6284e-01	9.4749e-01	5.2511e-02	6.9857e-09	7.3073e-12	2.3537e-03	9.7824e-01	1.9404e-02	1.1755e-36	2.7912e-01	7.2078e-01	9.5186e-05	1.1755e-36	1.1755e-36	1.1755e-36	5.0061e-19	0.00e+00	0.00e+00	1.1014e+01
2.49526e+15	7.8371e+03	2.658e-15	3.5938e+04	2.6252e+04	5.5388e-11	2.7424e-01	7.2576e-01	9.5535e-01	4.4647e-02	5.9082e-09	1.0186e-11	2.2613e-03	9.8051e-01	1.7226e-02	1.1755e-36	3.2019e-01	6.7974e-01	6.8361e-05	1.1755e-36	1.1755e-36	1.1755e-36	8.2557e-19	0.00e+00	0.00e+00	1.1759e+01
2.50587e+15	7.7511e+03	2.467e-15	3.5938e+04	2.4904e+04	7.8752e-11	3.1122e-01	6.8877e-01	9.6088e-01	3.9124e-02	5.1998e-09	1.3648e-11	2.1652e-03	9.8239e-01	1.5446e-02	1.1755e-36	3.6049e-01	6.3946e-01	5.0848e-05	1.1755e-36	1.1755e-36	1.1755e-36	1.2890e-18	0.00e+00	0.00e+00	1.2413e+01
2.51392e+15	7.6634e+03	2.304e-15	3.5938e+04	2.3801e+04	1.0580e-10	3.4392e-01	6.5608e-01	9.6453e-01	3.5468e-02	4.7448e-09	1.7301e-11	2.0852e-03	9.8383e-01	1.4086e-02	1.1755e-36	3.9555e-01	6.0441e-01	4.0028e-05	1.1755e-36	1.1755e-36	1.1755e-36	1.8565e-18	0.00e+00	0.00e+00	1.2947e+01
2.52030e+15	7.5976e+03	2.152e-15	3.5938e+04	2.2737e+04	1.3351e-10	3.7129e-01	6.2871e-01	9.6701e-01	3.2986e-02	4.4762e-09	2.0710e-11	2.0043e-03	9.8490e-01	1.3091e-02	1.1755e-36	4.2449e-01	5.7548e-01	3.2938e-05	1.1755e-36	1.1755e-36	1.1755e-36	2.4493e-18	0.00e+00	0.00e+00	1.3444e+01
2.52577e+15	7.5176e+03	2.021e-15	3.5938e+04	2.1831e+04	1.6668e-10	3.9733e-01	6.0267e-01	9.6904e-01	3.0962e-02	4.2498e-09	2.4421e-11	1.9358e-03	9.8585e-01	1.2210e-02	1.1755e-36	4.5172e-01	5.4825e-01	2.7643e-05	1.1755e-36	1.1755e-36	1.1755e-36	3.1630e-18	0.00e+00	0.00e+00	1.3899e+01
2.53073e+15	7.4490e+03	1.890e-15	3.5938e+04	2.0900e+04	2.0339e-10	4.2165e-01	5.7835e-01	9.7072e-01	2.9281e-02	4.0860e-09	2.8195e-11	1.8635e-03	9.8668e-01	1.1461e-02	1.1755e-36	4.7686e-01	5.2312e-01	2.3503e-05	1.1755e-36	1.1755e-36	1.1755e-36	3.9534e-18	0.00e+00	0.00e+00	1.4365e+01
2.53535e+15	7.3683e+03	1.769e-15	3.5938e+04	2.0037e+04	2.4855e-10	4.4588e-01	5.5412e-01	9.7213e-01	2.7875e-02	3.9511e-09	3.2406e-11	1.7963e-03	9.8745e-01	1.0757e-02	1.1755e-36	5.0164e-01	4.9834e-01	2.0115e-05	1.1755e-36	1.1755e-36	1.1755e-36	4.9134e-18	0.00e+00	0.00e+00	1.4807e+01
2.53956e+15	7.2886e+03	1.655e-15	3.5938e+04	1.9230e+04	3.0062e-10	4.6916e-01	5.3084e-01	9.7333e-01	2.6671e-02	3.8414e-09	3.6890e-11	1.7330e-03	9.8815e-01	1.0120e-02	1.1755e-36	5.2519e-01	4.7479e-01	1.7368e-05	1.1755e-36	1.1755e-36	1.1755e-36	6.0235e-18	0.00e+00	0.00e+00	1.5239e+01
2.54352e+15	7.2109e+03	1.546e-15	3.5938e+04	1.8422e+04	3.6029e-10	4.9144e-01	5.0856e-01	9.7435e-01	2.5654e-02	3.7646e-09	4.1528e-11	1.6687e-03	9.8878e-01	9.5479e-03	1.1755e-36	5.4750e-01	4.5248e-01	1.5099e-05	1.1755e-36	1.1755e-36	1.1755e-36	7.2568e-18	0.00e+00	0.00e+00	1.5670e+01
2.54722e+15	7.1330e+03	1.444e-15	3.5938e+04	1.7654e+04	4.2847e-10	5.1264e-01	4.8736e-01	9.7522e-01	2.4783e-02	3.7080e-09	4.6331e-11	1.6070e-03	9.8936e-01	9.0291e-03	1.1755e-36	5.6854e-01	4.3145e-01	1.3228e-05	1.1755e-36	1.1755e-36	1.1755e-36	8.6244e-18	0.00e+00	0.00e+00	1.6081e+01
2.55061e+15	7.0553e+03	1.350e-15	3.5938e+04	1.6935e+04	5.0498e-10	5.3244e-01	4.6756e-01	9.7596e-01	2.4044e-02	3.6682e-09	5.1182e-11	1.5490e-03	9.8989e-01	8.5652e-03	1.1755e-36	5.8801e-01	4.1198e-01	1.1696e-05	1.1755e-36	1.1755e-36	1.1755e-36	1.0094e-17	0.00e+00	0.00e+00	1.6472e+01
2.55329e+15	7.0015e+03	1.279e-15	3.5938e+04	1.6361e+04	5.6929e-10	5.4722e-01	4.5278e-01	9.7643e-01	2.3568e-02	3.6615e-09	5.4940e-11	1.5018e-03	9.9026e-01	8.2338e-03	1.1755e-36	6.0242e-01	3.9757e-01	1.0655e-05	1.1755e-36	1.1755e-36	1.1755e-36	1.1289e-17	0.00e+00	0.00e+00	1.6736e+01
2.55527e+15	6.9468e+03	1.226e-15	3.5938e+04	1.5948e+04	6.3199e-10	5.5926e-01	4.4074e-01	9.7684e-01	2.3159e-02	3.6401e-09	5.8319e-11	1.4685e-03	9.9057e-01	7.9662e-03	1.1755e-36	6.1409e-01	3.8590e-01	9.8955e-06	1.1755e-36	1.1755e-36	1.1755e-36	1.2412e-17	0.00e+00	0.00e+00	1.6970e+01
2.55716e+15	6.8966e+03	1.175e-15	3.5938e+04	1.5526e+04	6.9706e-10	5.7061e-01	4.2939e-01	9.7719e-01	2.2807e-02	3.6331e-09	6.1551e-11	1.4339e-03	9.9084e-01	7.7212e-03	1.1755e-36	6.2506e-01	3.7493e-01	9.2147e-06	1.1755e-36	1.1755e-36	1.1755e-36	1.3517e-17	0.00e+00	0.00e+00	1.7220e+01
2.55920e+15	6.8378e+03	1.120e-15	3.5938e+04	1.5073e+04	7.7875e-10	5.8315e-01	4.1685e-01	9.7757e-01	2.2434e-02	3.6259e-09	6.5328e-11	1.3966e-03	9.9115e-01	7.4555e-03	1.1755e-36	6.3710e-01	3.6289e-01	8.5187e-06	1.1755e-36	1.1755e-36	1.1755e-36	1.4856e-17	0.00e+00	0.00e+00	1.7504e+01
2.56134e+15	6.7743e+03	1.064e-15	3.5938e+04	1.4619e+04	8.7665e-10	5.9647e-01	4.0353e-01	9.7795e-01	2.2048e-02	3.6161e-09	6.9652e-11	1.3593e-03	9.9146e-01	7.1777e-03	1.1755e-36	6.4982e-01	3.5017e-01	7.8382e-06	1.1755e-36	1.1755e-36	1.1755e-36	1.6464e-17	0.00e+00	0.00e+00	1.7793e+01
2.56340e+15	6.7152e+03	1.011e-15	3.5938e+04	1.4164e+04	9.7952e-10	6.0884e-01	3.9116e-01	9.7827e-01	2.1731e-02	3.6230e-09	7.3732e-11	1.3214e-03	9.9175e-01	6.9272e-03	1.1755e-36	6.6156e-01	3.3844e-01	7.2438e-06	1.1755e-36	1.1755e-36	1.1755e-36	1.8026e-17	0.00e+00	0.00e+00	1.8069e+01
2.56539e+15	6.6594e+03	9.609e-16	3.5938e+04	1.3721e+04	1.0892e-09	6.2066e-01	3.7934e-01	9.7856e-01	2.1438e-02	3.6357e-09	7.7782e-11	1.2843e-03	9.9202e-01	6.6924e-03	1.1755e-36	6.7272e-01	3.2727e-01	6.7092e-06	1.1755e-36	1.1755e-36	1.1755e-36	1.9632e-17	0.00e+00	0.00e+00	1.8348e+01
2.56740e+15	6.5930e+03	9.112e-16	3.5938e+04	1.3279e+04	1.2248e-09	6.3294e-01	3.6706e-01	9.7885e-01	2.1150e-02	3.6471e-09	8.2271e-11	1.2474e-03	9.9230e-01	6.4524e-03	1.1755e-36	6.8425e-01	3.1574e-01	6.1995e-06	1.1755e-36	1.1755e-36	1.1755e-36	2.1474e-17	0.00e+00	0.00e+00	1.8640e+01
2.56942e+15	6.5255e+03	8.633e-16	3.5938e+04	1.2853e+04	1.3797e-09	6.4528e-01	3.5472e-01	9.7914e-01	2.0861e-02	3.6569e-09	8.7110e-11	1.2117e-03	9.9257e-01	6.2143e-03	1.1755e-36	6.9579e-01	3.0420e-01	5.7224e-06	1.1755e-36	1.1755e-36	1.1755e-36	2.3550e-17	0.00e+00	0.00e+00	1.8932e+01
2.57137e+15	6.4609e+03	8.177e-16	3.5938e+04	1.2430e+04	1.5463e-09	6.5684e-01	3.4316e-01	9.7938e-01	2.0619e-02	3.6792e-09	9.1721e-11	1.1759e-03	9.9283e-01	5.9961e-03	1.1755e-36	7.0654e-01	2.9346e-01	5.3000e-06	1.1755e-36	1.1755e-36	1.1755e-36	2.5584e-17	0.00e+00	0.00e+00	1.9217e+01
2.57329e+15	6.3956e+03	7.740e-16	3.5938e+04	1.2018e+04	1.7342e-09	6.6823e-01	3.3177e-01	9.7961e-01	2.0388e-02	3.7036e-09	9.6513e-11	1.1409e-03	9.9307e-01	5.7842e-03	1.1755e-36	7.1707e-01	2.8292e-01	4.9097e-06	1.1755e-36	1.1755e-36	1.1755e-36	2.7778e-17	0.00e+00	0.00e+00	1.9509e+01
2.57522e+15	6.3289e+03	7.313e-16	3.5938e+04	1.1605e+04	1.9489e-09	6.7954e-01	3.2046e-01	9.7983e-01	2.0171e-02	3.7338e-09	1.0146e-10	1.1057e-03	9.9332e-01	5.5772e-03	1.1755e-36	7.2748e-01	2.7252e-01	4.5449e-06	1.1755e-36	1.1755e-36	1.1755e-36	3.0119e-17	0.00e+00	0.00e+00	1.9807e+01
2.57715e+15	6.2569e+03	6.900e-16	3.5938e+04	1.1195e+04	2.2023e-09	6.9081e-01	3.0919e-01	9.8004e-01	1.9964e-02	3.7666e-09	1.0665e-10	1.0708e-03	9.9356e-01	5.3739e-03	1.1755e-36	7.3780e-01	2.6220e-01	4.2053e-06	1.1755e-36	1.1755e-36	1.1755e-36	3.2656e-17	0.00e+00	0.00e+00	2.0110e+01
2.57907e+15	6.1852e+03	6.506e-16	3.5938e+04	1.0799e+04	2.4886e-09	7.0182e-01	2.9818e-01	9.8023e-01	1.9769e-02	3.8021e-09	1.1199e-10	1.0368e-03	9.9379e-01	5.1776e-03	1.1755e-36	7.4784e-01	2.5216e-01	3.8925e-06	1.1755e-36	1.1755e-36	1.1755e-36	3.5374e-17	0.00e+00	0.00e+00	2.0412e+01
2.58095e+15	6.1195e+03	6.132e-16	3.5938e+04	1.0414e+04	2.7943e-09	7.1233e-01	2.8767e-01	9.8040e-01	1.9601e-02	3.8466e-09	1.1726e-10	1.0034e-03	9.9400e-01	4.9926e-03	1.1755e-36	7.5736e-01	2.4264e-01	3.6078e-06	1.1755e-36	1.1755e-36	1.1755e-36	3.8161e-17	0.00e+00	0.00e+00	2.0714e+01
2.58283e+15	6.0411e+03	5.775e-16	3.5938e+04	1.0040e+04	3.1828e-09	7.2310e-01	2.7690e-01	9.8059e-01	1.9412e-02	3.8822e-09	1.2314e-10	9.7132e-04	9.9422e-01	4.8061e-03	1.1755e-36	7.6707e-01	2.3293e-01	3.3391e-06	1.1755e-36	1.1755e-36	1.1755e-36	4.1396e-17	0.00e+00	0.00e+00	2.1024e+01
2.58468e+15	5.9685e+03	5.435e-16	3.5938e+04	9.6663e+03	3.5992e-09	7.3308e-01	2.6692e-01	9.8073e-01	1.9272e-02	3.9356e-09	1.2860e-10	9.3878e-04	9.9443e-01	4.6345e-03	1.1755e-36	7.7606e-01	2.2394e-01	3.0982e-06	1.1755e-36	1.1755e-36	1.1755e-36	4.4487e-17	0.00e+00	0.00e+00	2.1328e+01
2.58652e+15	5.8935e+03	5.111e-16	3.5938e+04	9.3063e+03	4.0858e-09	7.4302e-01	2.5698e-01	9.8087e-01	1.9128e-02	3.9872e-09	1.3443e-10	9.0739e-04	9.9463e-01	4.4659e-03	1.1755e-36	7.8496e-01	2.1504e-01	2.8727e-06	1.1755e-36	1.1755e-36	1.1755e-36	4.7942e-17	0.00e+00	0.00e+00	2.1640e+01
2.58838e+15	5.8095e+03	4.801e-16	3.5938e+04	8.9561e+03	4.6936e-09	7.5312e-01	2.4688e-01	9.8103e-01	1.8967e-02	4.0323e-09	1.4091e-10	8.7708e-04	9.9483e-01	4.2975e-03	1.1755e-36	7.9394e-01	2.0606e-01	2.6598e-06	1.1755e-36	1.1755e-36	1.1755e-36	5.1978e-17	0.00e+00	0.00e+00	2.1957e+01
2.59019e+15	5.7345e+03	4.510e-16	3.5938e+04	8.6125e+03	5.3311e-09	7.6230e-01	2.3770e-01	9.8114e-01	1.8858e-02	4.0967e-09	1.4679e-10	8.4676e-04	9.9501e-01	4.1447e-03	1.1755e-36	8.0211e-01	1.9789e-01	2.4709e-06	1.1755e-36	1.1755e-36	1.1755e-36	5.5784e-17	0.00e+00	0.00e+00	2.2264e+01
2.59196e+15	5.6510e+03	4.239e-16	3.5938e+04	8.2911e+03	6.1266e-09	7.7162e-01	2.2838e-01	9.8128e-01	1.8718e-02	4.1463e-09	1.5355e-10	8.1875e-04	9.9519e-01	3.9929e-03	1.1755e-36	8.1032e-01	1.8967e-01	2.2939e-06	1.1755e-36	1.1755e-36	1.1755e-36	6.0430e-17	0.00e+00	0.00e+00	2.2575e+01
2.59373e+15	5.5702e+03	3.982e-16	3.5938e+04	7.9735e+03	7.0209e-09	7.8042e-01	2.1958e-01	9.8139e-01	1.8608e-02	4.2081e-09	1.6016e-10	7.9077e-04	9.9536e-01	3.8504e-03	1.1755e-36	8.1807e-01	1.8192e-01	2.1324e-06	1.1755e-36	1.1755e-36	1.1755e-36	6.5204e-17	0.00e+00	0.00e+00	2.2885e+01
2.59548e+15	5.4880e+03	3.737e-16	3.5938e+04	7.6649e+03	8.0714e-09	7.8900e-01	2.1100e-01	9.8150e-01	1.8502e-02	4.2722e-09	1.6713e-10	7.6351e-04	9.9552e-01	3.7127e-03	1.1755e-36	8.2561e-01	1.7439e-01	1.9822e-06	1.1755e-36	1.1755e-36	1.1755e-36	7.0535e-17	0.00e+00	0.00e+00	2.3199e+01
2.59723e+15	5.4042e+03	3.506e-16	3.5938e+04	7.3641e+03	9.3118e-09	7.9737e-01	2.0263e-01	9.8160e-01	1.8403e-02	4.3397e-09	1.7448e-10	7.3686e-04	9.9568e-01	3.5799e-03	1.1755e-36	8.3293e-01	1.6707e-01	1.8427e-06	1.1755e-36	1.1755e-36	1.1755e-36	7.6528e-17	0.00e+00	0.00e+00	2.3515e+01
2.59896e+15	5.3199e+03	3.289e-16	3.5938e+04	7.0750e+03	1.0763e-08	8.0541e-01	1.9459e-01	9.8169e-01	1.8311e-02	4.4094e-09	1.8222e-10	7.1118e-04	9.9584e-01	3.4538e-03	1.1755e-36	8.3993e-01	1.6007e-01	1.7147e-06	1.1755e-36	1.1755e-36	1.1755e-36	8.3278e-17	0.00e+00	0.00e+00	2.3827e+01
2.60045e+15	5.2482e+03	3.118e-16	3.5938e+04	6.8390e+03	1.2179e-08	8.1191e-01	1.8809e-01	9.8176e-01	1.8244e-02	4.4717e-09	1.8903e-10	6.9019e-04	9.9596e-01	3.3527e-03	1.1755e-36	8.4556e-01	1.5444e-01	1.6158e-06	1.1755e-36	1.1755e-36	1.1755e-36	8.9621e-17	0.00e+00	0.00e+00	2.4061e+01
2.60163e+15	5.1908e+03	2.985e-16	3.5938e+04	6.6501e+03	1.3461e-08	8.1696e-01	1.8304e-01	9.8180e-01	1.8199e-02	4.5276e-09	1.9467e-10	6.7328e-04	9.9605e-01	3.2743e-03	1.1755e-36	8.4995e-01	1.5005e-01	1.5404e-06	1.1755e-36	1.1755e-36	1.1755e-36	9.5178e-17	0.00e+00	0.00e+00	2.4263e+01
2.60275e+15	5.1338e+03	2.860e-16	3.5938e+04	6.4721e+03	1.4876e-08	8.2188e-01	1.7812e-01	9.8185e-01	1.8149e-02	4.5791e-09	2.0073e-10	6.5736e-04	9.9614e-01	3.1990e-03	1.1755e-36	8.5420e-01	1.4579e-01	1.4696e-06	1.1755e-36	1.1755e-36	1.1755e-36	1.0145e-16	0.00e+00	0.00e+00	2.4477e+01
2.60392e+15	5.0742e+03	2.733e-16	3.5938e+04	6.2880e+03	1.6533e-08	8.2692e-01	1.7308e-01	9.8190e-01	1.8102e-02	4.6365e-09	2.0746e-10	6.4084e-04	9.9624e-01	3.1222e-03	1.1755e-36	8.5855e-01	1.4144e-01	1.3988e-06	1.1755e-36	1.1755e-36	1.1755e-36	1.0880e-16	0.00e+00	0.00e+00	2.4703e+01
2.60512e+15	5.0065e+03	2.610e-16	3.5938e+04	6.1090e+03	1.8624e-08	8.3220e-01	1.6780e-01	9.8197e-01	1.8029e-02	4.6823e-09	2.1570e-10	6.2503e-04	9.9633e-01	3.0437e-03	1.1755e-36	8.6309e-01	1.3691e-01	1.3288e-06	1.1755e-36	1.1755e-36	1.1755e-36	1.1836e-16	0.00e+00	0.00e+00	2.4929e+01
2.60626e+15	4.9485e+03	2.499e-16	3.5938e+04	5.9376e+03	2.0638e-08	8.3668e-01	1.6332e-01	9.8200e-01	1.8000e-02	4.7454e-09	2.2291e-10	6.0957e-04	9.9642e-01	2.9681e-03	1.1755e-36	8.6695e-01	1.3305e-01	1.2690e-06	1.1755e-36	1.1755e-36	1.1755e-36	1.2666e-16	0.00e+00	0.00e+00	2.5132e+01
2.60734e+15	4.8848e+03	2.396e-16	3.5938e+04	5.7811e+03	2.3089e-08	8.4129e-01	1.5871e-01	9.8206e-01	1.7937e-02	4.7885e-09	2.3158e-10	5.9575e-04	9.9651e-01	2.8908e-03	1.1755e-36	8.7088e-01	1.2912e-01	1.2115e-06	1.1755e-36	1.1755e-36	1.1755e-36	1.3714e-16	0.00e+00	0.00e+00	2.5342e+01
2.60840e+15	4.8283e+03	2.298e-16	3.5938e+04	5.6253e+03	2.5549e-08	8.4537e-01	1.5463e-01	9.8209e-01	1.7911e-02	4.8499e-09	2.3937e-10	5.8169e-04	9.9660e-01	2.8212e-03	1.1755e-36	8.7439e-01	1.2561e-01	1.1597e-06	1.1755e-36	1.1755e-36	1.1755e-36	1.4712e-16	0.00e+00	0.00e+00	2.5540e+01
2.60946e+15	4.7651e+03	2.205e-16	3.5938e+04	5.4786e+03	2.8604e-08	8.4970e-01	1.5030e-01	9.8215e-01	1.7851e-02	4.8934e-09	2.4896e-10	5.6874e-04	9.9668e-01	2.7488e-03	1.1755e-36	8.7807e-01	1.2193e-01	1.1084e-06	1.1755e-36	1.1755e-36	1.1755e-36	1.6011e-16	0.00e+00	0.00e+00	2.5746e+01
2.61050e+15	4.7091e+03	2.116e-16	3.5938e+04	5.3318e+03	3.1662e-08	8.5352e-01	1.4648e-01	9.8217e-01	1.7831e-02	4.9566e-09	2.5758e-10	5.5546e-04	9.9676e-01	2.6838e-03	1.1755e-36	8.8134e-01	1.1866e-01	1.0623e-06	1.1755e-36	1.1755e-36	1.1755e-36	1.7255e-16	0.00e+00	0.00e+00	2.5941e+01
2.61152e+15	4.6459e+03	2.032e-16	3.5938e+04	5.1950e+03	3.5498e-08	8.5758e-01	1.4242e-01	9.8223e-01	1.7772e-02	4.9987e-09	2.6834e-10	5.4341e-04	9.9684e-01	2.6160e-03	1.1755e-36	8.8479e-01	1.1521e-01	1.0164e-06	1.1755e-36	1.1755e-36	1.1755e-36	1.8898e-16	0.00e+00	0.00e+00	2.6143e+01
2.61252e+15	4.5908e+03	1.953e-16	3.5938e+04	5.0585e+03	3.9260e-08	8.6111e-01	1.3889e-01	9.8224e-01	1.7755e-02	5.0624e-09	2.7786e-10	5.3106e-04	9.9691e-01	2.5560e-03	1.1755e-36	8.8780e-01	1.1220e-01	9.7572e-07	1.1755e-36	1.1755e-36	1.1755e-36	2.0451e-16	0.00e+00	0.00e+00	2.6331e+01
2.61350e+15	4.5283e+03	1.877e-16	3.5938e+04	4.9317e+03	4.3996e-08	8.6490e-01	1.3510e-01	9.8230e-01	1.7699e-02	5.1031e-09	2.8985e-10	5.1993e-04	9.9699e-01	2.4931e-03	1.1755e-36	8.9100e-01	1.0900e-01	9.3494e-07	1.1755e-36	1.1755e-36	1.1755e-36	2.2517e-16	0.00e+00	0.00e+00	2.6528e+01
2.61447e+15	4.4702e+03	1.806e-16	3.5938e+04	4.8069e+03	4.8930e-08	8.6833e-01	1.3167e-01	9.8233e-01	1.7667e-02	5.1559e-09	3.0141e-10	5.0880e-04	9.9706e-01	2.4354e-03	1.1755e-36	8.9391e-01	1.0609e-01	8.9798e-07	1.1755e-36	1.1755e-36	1.1755e-36	2.4646e-16	0.00e+00	0.00e+00	2.6712e+01
2.61540e+15	4.4175e+03	1.740e-16	3.5938e+04	4.6863e+03	5.3915e-08	8.7146e-01	1.2854e-01	9.8235e-01	1.7653e-02	5.2178e-09	3.1248e-10	4.9788e-04	9.9712e-01	2.3824e-03	1.1755e-36	8.9656e-01	1.0344e-01	8.6418e-07	1.1755e-36	1.1755e-36	1.1755e-36	2.6813e-16	0.00e+00	0.00e+00	2.6895e+01
2.61636e+15	4.3540e+03	1.673e-16	3.5938e+04	4.5687e+03	6.0546e-08	8.7500e-01	1.2500e-01	9.8240e-01	1.7595e-02	5.2572e-09	3.2715e-10	4.8762e-04	9.9719e-01	2.3237e-03	1.1755e-36	8.9955e-01	1.0045e-01	8.2837e-07	1.1755e-36	1.1755e-36	1.1755e-36	2.9849e-16	0.00e+00	0.00e+00	2.7093e+01
2.61732e+15	4.2949e+03	1.610e-16	3.5938e+04	4.4520e+03	6.7413e-08	8.7820e-01	1.2180e-01	9.8244e-01	1.7565e-02	5.3110e-09	3.4125e-10	4.7727e-04	9.9725e-01	2.2701e-03	1.1755e-36	9.0225e-01	9.7752e-02	7.9603e-07	1.1755e-36	1.1755e-36	1.1755e-36	3.2983e-16	0.00e+00	0.00e+00	2.7275e+01
2.61822e+15	4.2380e+03	1.552e-16	3.5938e+04	4.3433e+03	7.4713e-08	8.8122e-01	1.1878e-01	9.8247e-01	1.7534e-02	5.3612e-09	3.5575e-10	4.6765e-04	9.9731e-01	2.2197e-03	1.1755e-36	9.0479e-01	9.5211e-02	7.6615e-07	1.1755e-36	1.1755e-36	1.1755e-36	3.6402e-16	0.00e+00	0.00e+00	2.7455e+01
2.61913e+15	4.1803e+03	1.495e-16	3.5938e+04	4.2360e+03	8.2846e-08	8.8421e-01	1.1579e-01	9.8250e-01	1.7501e-02	5.4115e-09	3.7132e-10	4.5817e-04	9.9737e-01	2.1697e-03	1.1755e-36	9.0731e-01	9.2692e-02	7.3707e-07	1.1755e-36	1.1755e-36	1.1755e-36	4.0307e-16	0.00e+00	0.00e+00	2.7639e+01
2.62006e+15	4.1208e+03	1.439e-16	3.5938e+04	4.1285e+03	9.1998e-08	8.8721e-01	1.1279e-01	9.8253e-01	1.7468e-02	5.4629e-09	3.8818e-10	4.4871e-04	9.9743e-01	2.1198e-03	1.1755e-36	9.0983e-01	9.0172e-02	7.0849e-07	1.1755e-36	1.1755e-36	1.1755e-36	4.4804e-16	0.00e+00	0.00e+00	2.7827e+01
2.62099e+15	4.0601e+03	1.385e-16	3.5938e+04	4.0217e+03	1.0216e-07	8.9018e-01	1.0982e-01	9.8257e-01	1.7434e-02	5.5155e-09	4.0614e-10	4.3933e-04	9.9749e-01	2.0704e-03	1.1755e-36	9.1232e-01	8.7681e-02	6.8077e-07	1.1755e-36	1.1755e-36	1.1755e-36	4.9904e-16	0.00e+00	0.00e+00	2.8017e+01
2.62193e+15	3.9986e+03	1.332e-16	3.5938e+04	3.9166e+03	1.1330e-07	8.9311e-01	1.0689e-01	9.8260e-01	1.7400e-02	5.5679e-09	4.2506e-10	4.3015e-04	9.9755e-01	2.0218e-03	1.1755e-36	9.1478e-01	8.5223e-02	6.5391e-07	1.1755e-36	1.1755e-36	1.1755e-36	5.5624e-16	0.00e+00	0.00e+00	2.8208e+01
###########################
1.50370e+11	8.5925e+03	3.452e-15	3.5938e+04	3.8805e+04	8.3075e-15	4.9063e-03	9.9509e-01	2.6326e-02	9.7249e-01	1.1892e-03	3.6527e-16	4.8802e-04	3.3273e-01	6.6649e-01	2.9252e-04	4.2184e-03	7.5436e-01	2.4136e-01	6.1214e-05	1.1755e-36	1.1755e-36	2.3326e-24	0.00e+00	0.00e+00	3.3483e-04
9.02218e+11	8.5898e+03	3.450e-15	3.5938e+04	3.8799e+04	8.2372e-15	4.9034e-03	9.9510e-01	2.6326e-02	9.7249e-01	1.1883e-03	3.6132e-16	4.8735e-04	3.3274e-01	6.6648e-01	2.9293e-04	4.2155e-03	7.5427e-01	2.4145e-01	6.1039e-05	1.1755e-36	1.1755e-36	2.2834e-24	0.00e+00	0.00e+00	1.6733e-03
3.90961e+12	8.5836e+03	3.444e-15	3.5938e+04	3.8798e+04	8.2646e-15	4.8997e-03	9.9510e-01	2.6349e-02	9.7247e-01	1.1804e-03	3.6204e-16	4.8689e-04	3.3297e-01	6.6626e-01	2.9193e-04	4.2140e-03	7.5443e-01	2.4129e-01	6.0144e-05	1.1755e-36	1.1755e-36	2.2903e-24	0.00e+00	0.00e+00	7.0234e-03
1.59392e+13	8.5709e+03	3.424e-15	3.5938e+04	3.8797e+04	8.3151e-15	4.8963e-03	9.9510e-01	2.6463e-02	9.7240e-01	1.1405e-03	3.6411e-16	4.8806e-04	3.3402e-01	6.6520e-01	2.8845e-04	4.2193e-03	7.5544e-01	2.4029e-01	5.6563e-05	1.1755e-36	1.1755e-36	2.2989e-24	0.00e+00	0.00e+00	2.8409e-02
3.80736e+13	8.5191e+03	3.354e-15	3.5938e+04	3.8799e+04	8.2183e-15	4.8133e-03	9.9519e-01	2.6452e-02	9.7243e-01	1.1148e-03	3.5122e-16	4.8328e-04	3.3431e-01	6.6492e-01	2.8625e-04	4.1520e-03	7.5539e-01	2.4040e-01	5.2545e-05	1.1755e-36	1.1755e-36	2.1683e-24	0.00e+00	0.00e+00	5.5739e-02
6.68483e+13	8.4638e+03	3.286e-15	3.5938e+04	3.8801e+04	8.1992e-15	4.7519e-03	9.9525e-01	2.6538e-02	9.7241e-01	1.0492e-03	3.4262e-16	4.8194e-04	3.3542e-01	6.6382e-01	2.8110e-04	4.1109e-03	7.5642e-01	2.3942e-01	4.7132e-05	1.1755e-36	1.1755e-36	2.0690e-24	0.00e+00	0.00e+00	9.0814e-02
1.04255e+14	8.4040e+03	3.215e-15	3.5938e+04	3.8802e+04	8.2453e-15	4.7063e-03	9.9529e-01	2.6727e-02	9.7233e-01	9.4601e-04	3.3734e-16	4.8296e-04	3.3740e-01	6.6184e-01	2.7306e-04	4.0913e-03	7.5857e-01	2.3730e-01	4.0487e-05	1.1755e-36	1.1755e-36	1.9915e-24	0.00e+00	0.00e+00	1.3597e-01
1.52885e+14	8.3364e+03	3.141e-15	3.5938e+04	3.8802e+04	8.3836e-15	4.6801e-03	9.9532e-01	2.7062e-02	9.7213e-01	8.0720e-04	3.3607e-16	4.8669e-04	3.4061e-01	6.5864e-01	2.6181e-04	4.0981e-03	7.6216e-01	2.3371e-01	3.2862e-05	1.1755e-36	1.1755e-36	1.9373e-24	0.00e+00	0.00e+00	1.9436e-01
2.16103e+14	8.2700e+03	3.062e-15	3.5938e+04	3.8801e+04	8.5896e-15	4.6771e-03	9.9532e-01	2.7583e-02	9.7178e-01	6.4172e-04	3.3951e-16	4.9439e-04	3.4537e-01	6.5389e-01	2.4752e-04	4.1373e-03	7.6754e-01	2.2830e-01	2.4781e-05	1.1755e-36	1.1755e-36	1.9088e-24	0.00e+00	0.00e+00	2.7021e-01
2.98286e+14	8.1987e+03	2.983e-15	3.5938e+04	3.8797e+04	8.9654e-15	4.7135e-03	9.9529e-01	2.8403e-02	9.7113e-01	4.6551e-04	3.5149e-16	5.0799e-04	3.5251e-01	6.4675e-01	2.3005e-04	4.2278e-03	7.7533e-01	2.2042e-01	1.6954e-05	1.1755e-36	1.1755e-36	1.9289e-24	0.00e+00	0.00e+00	3.6958e-01
4.05125e+14	8.1285e+03	2.905e-15	3.5938e+04	3.8789e+04	9.5721e-15	4.8093e-03	9.9519e-01	2.9672e-02	9.7003e-01	3.0094e-04	3.7675e-16	5.3084e-04	3.6311e-01	6.3615e-01	2.0966e-04	4.3947e-03	7.8625e-01	2.0934e-01	1.0220e-05	1.1755e-36	1.1755e-36	2.0220e-24	0.00e+00	0.00e+00	5.0139e-01
5.44015e+14	8.0638e+03	2.832e-15	3.5938e+04	3.8778e+04	1.0591e-14	5.0029e-03	9.9500e-01	3.1698e-02	9.6813e-01	1.6870e-04	4.2671e-16	5.6705e-04	3.7900e-01	6.2025e-01	1.8625e-04	4.6845e-03	8.0121e-01	1.9410e-01	5.2238e-06	1.1755e-36	1.1755e-36	2.2554e-24	0.00e+00	0.00e+00	6.7964e-01
7.24572e+14	8.0058e+03	2.773e-15	3.5938e+04	3.8759e+04	1.2420e-14	5.3680e-03	9.9463e-01	3.5060e-02	9.6486e-01	7.9437e-05	5.2678e-16	6.2798e-04	4.0343e-01	5.9578e-01	1.5901e-04	5.1889e-03	8.2160e-01	1.7321e-01	2.1506e-06	1.1755e-36	1.1755e-36	2.7767e-24	0.00e+00	0.00e+00	9.2827e-01
9.22158e+14	7.9487e+03	2.732e-15	3.5938e+04	3.8714e+04	1.5176e-14	5.8828e-03	9.9412e-01	3.9633e-02	9.6033e-01	3.4567e-05	6.8308e-16	7.0857e-04	4.3388e-01	5.6528e-01	1.3260e-04	5.8790e-03	8.4358e-01	1.5054e-01	8.0618e-07	1.1755e-36	1.1755e-36	3.6312e-24	0.00e+00	0.00e+00	1.1833e+00
1.09538e+15	7.9410e+03	2.722e-15	3.5938e+04	3.8677e+04	1.8539e-14	6.5132e-03	9.9349e-01	4.5117e-02	9.5487e-01	1.6963e-05	9.0680e-16	7.9958e-04	4.6600e-01	5.3309e-01	1.1066e-04	6.7014e-03	8.6345e-01	1.2984e-01	3.3624e-07	1.1755e-36	1.1755e-36	4.9663e-24	0.00e+00	0.00e+00	1.4130e+00
1.23169e+15	7.9456e+03	2.736e-15	3.5938e+04	3.8634e+04	2.2486e-14	7.1895e-03	9.9281e-01	5.0929e-02	9.4906e-01	9.8546e-06	1.1896e-15	8.9027e-04	4.9613e-01	5.0289e-01	9.3600e-05	7.5700e-03	8.7953e-01	1.1290e-01	1.6689e-07	1.1755e-36	1.1755e-36	6.7803e-24	0.00e+00	0.00e+00	1.6043e+00
1.34033e+15	7.9574e+03	2.759e-15	3.5938e+04	3.8589e+04	2.6949e-14	7.8901e-03	9.9211e-01	5.6987e-02	9.4301e-01	6.4525e-06	1.5344e-15	9.7844e-04	5.2400e-01	4.7494e-01	8.0020e-05	8.4639e-03	8.9259e-01	9.8951e-02	1.1755e-36	1.1755e-36	1.1755e-36	9.1381e-24	0.00e+00	0.00e+00	1.7834e+00
1.43851e+15	7.9717e+03	2.789e-15	3.5938e+04	3.8543e+04	3.2496e-14	8.6824e-03	9.9132e-01	6.3973e-02	9.3602e-01	4.4194e-06	1.9912e-15	1.0727e-03	5.5247e-01	4.4639e-01	6.7900e-05	9.4718e-03	9.0433e-01	8.6194e-02	1.1755e-36	1.1755e-36	1.1755e-36	1.2456e-23	0.00e+00	0.00e+00	1.9732e+00
1.53371e+15	7.9940e+03	2.824e-15	3.5938e+04	3.8486e+04	3.9702e-14	9.6277e-03	9.9037e-01	7.2548e-02	9.2745e-01	3.0781e-06	2.6326e-15	1.1778e-03	5.8293e-01	4.1583e-01	5.6587e-05	1.0672e-02	9.1537e-01	7.3955e-02	1.1755e-36	1.1755e-36	1.1755e-36	1.7444e-23	0.00e+00	0.00e+00	2.1787e+00
1.62494e+15	8.0188e+03	2.867e-15	3.5938e+04	3.8429e+04	4.9338e-14	1.0759e-02	9.8924e-01	8.3178e-02	9.1682e-01	2.1869e-06	3.5486e-15	1.2913e-03	6.1527e-01	3.8340e-01	4.6205e-05	1.2106e-02	9.2545e-01	6.2442e-02	1.1755e-36	1.1755e-36	1.1755e-36	2.5144e-23	0.00e+00	0.00e+00	2.3946e+00
1.70979e+15	8.0291e+03	2.916e-15	3.5938e+04	3.8313e+04	6.2276e-14	1.2097e-02	9.8790e-01	9.5864e-02	9.0413e-01	1.5839e-06	4.8064e-15	1.4158e-03	6.4840e-01	3.5015e-01	3.7039e-05	1.3795e-02	9.3416e-01	5.2040e-02	1.1755e-36	1.1755e-36	1.1755e-36	3.6357e-23	0.00e+00	0.00e+00	2.6178e+00
1.78809e+15	8.0571e+03	2.968e-15	3.5938e+04	3.8226e+04	7.8768e-14	1.3648e-02	9.8635e-01	1.1150e-01	8.8849e-01	1.1848e-06	6.5836e-15	1.5439e-03	6.8165e-01	3.1677e-01	2.9184e-05	1.5751e-02	9.4145e-01	4.2799e-02	1.1755e-36	1.1755e-36	1.1755e-36	5.3756e-23	0.00e+00	0.00e+00	2.8510e+00
1.86168e+15	8.0813e+03	3.025e-15	3.5938e+04	3.8129e+04	1.0144e-13	1.5503e-02	9.8450e-01	1.3112e-01	8.6887e-01	8.9879e-07	9.1663e-15	1.6753e-03	7.1546e-01	2.8285e-01	2.2403e-05	1.8084e-02	9.4737e-01	3.4547e-02	1.1755e-36	1.1755e-36	1.1755e-36	8.1419e-23	0.00e+00	0.00e+00	3.1039e+00
1.93061e+15	8.0926e+03	3.082e-15	3.5938e+04	3.7928e+04	1.3288e-13	1.7730e-02	9.8227e-01	1.5524e-01	8.4476e-01	6.8404e-07	1.2846e-14	1.8135e-03	7.4898e-01	2.4919e-01	1.6744e-05	2.0877e-02	9.5176e-01	2.7365e-02	1.1755e-36	1.1755e-36	1.1755e-36	1.2397e-22	0.00e+00	0.00e+00	3.3693e+00
1.99252e+15	8.1238e+03	3.143e-15	3.5938e+04	3.7804e+04	1.7366e-13	2.0308e-02	9.7969e-01	1.8519e-01	8.1481e-01	5.3752e-07	1.8178e-14	1.9447e-03	7.8077e-01	2.1727e-01	1.2282e-05	2.4098e-02	9.5452e-01	2.1386e-02	1.1755e-36	1.1755e-36	1.1755e-36	1.9275e-22	0.00e+00	0.00e+00	3.6359e+00
2.04605e+15	8.1322e+03	3.198e-15	3.5938e+04	3.7552e+04	2.2701e-13	2.3168e-02	9.7683e-01	2.1937e-01	7.8063e-01	4.2746e-07	2.5236e-14	2.0668e-03	8.0911e-01	1.8881e-01	8.9650e-06	2.7662e-02	9.5565e-01	1.6693e-02	1.1755e-36	1.1755e-36	1.1755e-36	2.9081e-22	0.00e+00	0.00e+00	3.8947e+00
2.09244e+15	8.1452e+03	3.252e-15	3.5938e+04	3.7372e+04	2.9464e-13	2.6335e-02	9.7366e-01	2.5881e-01	7.4119e-01	3.4678e-07	3.4890e-14	2.1768e-03	8.3419e-01	1.6363e-01	6.5125e-06	3.1597e-02	9.5540e-01	1.2999e-02	1.1755e-36	1.1755e-36	1.1755e-36	4.3804e-22	0.00e+00	0.00e+00	4.1549e+00
2.13374e+15	8.1553e+03	3.299e-15	3.5938e+04	3.7137e+04	3.8111e-13	2.9860e-02	9.7014e-01	3.0373e-01	6.9627e-01	2.8252e-07	4.7917e-14	2.2740e-03	8.5632e-01	1.4140e-01	4.6997e-06	3.5963e-02	9.5396e-01	1.0073e-02	1.1755e-36	1.1755e-36	1.1755e-36	6.5273e-22	0.00e+00	0.00e+00	4.4196e+00
2.17113e+15	8.1680e+03	3.329e-15	3.5938e+04	3.6767e+04	4.8920e-13	3.3737e-02	9.6626e-01	3.5382e-01	6.4618e-01	2.2910e-07	6.5158e-14	2.3522e-03	8.7553e-01	1.2212e-01	3.3779e-06	4.0753e-02	9.5148e-01	7.7624e-03	1.1755e-36	1.1755e-36	1.1755e-36	9.5633e-22	0.00e+00	0.00e+00	4.6931e+00
2.20588e+15	8.1669e+03	3.371e-15	3.5938e+04	3.6507e+04	6.4220e-13	3.8394e-02	9.6161e-01	4.1225e-01	5.8775e-01	1.8448e-07	9.0759e-14	2.4317e-03	8.9310e-01	1.0447e-01	2.3680e-06	4.6485e-02	9.4764e-01	5.8763e-03	1.1755e-36	1.1755e-36	1.1755e-36	1.4439e-21	0.00e+00	0.00e+00	4.9875e+00
2.23795e+15	8.1794e+03	3.397e-15	3.5938e+04	3.6153e+04	8.3687e-13	4.3667e-02	9.5633e-01	4.7571e-01	5.2429e-01	1.4701e-07	1.2633e-13	2.4944e-03	9.0813e-01	8.9378e-02	1.6481e-06	5.2954e-02	9.4264e-01	4.4018e-03	1.1755e-36	1.1755e-36	1.1755e-36	2.1714e-21	0.00e+00	0.00e+00	5.2881e+00
2.26712e+15	8.1762e+03	3.418e-15	3.5938e+04	3.5749e+04	1.1015e-12	4.9691e-02	9.5031e-01	5.4173e-01	4.5827e-01	1.1562e-07	1.7621e-13	2.5446e-03	9.2077e-01	7.6681e-02	1.1426e-06	6.0321e-02	9.3640e-01	3.2782e-03	1.1755e-36	1.1755e-36	1.1755e-36	3.2647e-21	0.00e+00	0.00e+00	5.6039e+00
2.29452e+15	8.1786e+03	3.419e-15	3.5938e+04	3.5180e+04	1.4472e-12	5.6530e-02	9.4347e-01	6.0810e-01	3.9190e-01	8.9085e-08	2.4498e-13	2.5734e-03	9.3130e-01	6.6129e-02	7.9002e-07	6.8656e-02	9.2893e-01	2.4180e-03	1.1755e-36	1.1755e-36	1.1755e-36	4.8762e-21	0.00e+00	0.00e+00	5.9478e+00
2.32535e+15	8.1662e+03	3.418e-15	3.5938e+04	3.4584e+04	2.0619e-12	6.6574e-02	9.3343e-01	6.8597e-01	3.1403e-01	6.3563e-08	3.7216e-13	2.6051e-03	9.4202e-01	5.5376e-02	4.9699e-07	8.0839e-02	9.1752e-01	1.6455e-03	1.1755e-36	1.1755e-36	1.1755e-36	8.1722e-21	0.00e+00	0.00e+00	6.4742e+00
2.35706e+15	8.1542e+03	3.420e-15	3.5938e+04	3.3920e+04	3.1044e-12	8.0481e-02	9.1952e-01	7.6260e-01	2.3740e-01	4.3198e-08	5.9839e-13	2.6262e-03	9.5142e-01	4.5955e-02	2.9723e-07	9.7602e-02	9.0134e-01	1.0608e-03	1.1755e-36	1.1755e-36	1.1755e-36	1.4930e-20	0.00e+00	0.00e+00	6.9960e+00
2.38237e+15	8.1430e+03	3.400e-15	3.5938e+04	3.3203e+04	4.5026e-12	9.5523e-02	9.0448e-01	8.1710e-01	1.8290e-01	3.0693e-08	9.0660e-13	2.6241e-03	9.5790e-01	3.9475e-02	1.9020e-07	1.1561e-01	8.8368e-01	7.1703e-04	1.1755e-36	1.1755e-36	1.1755e-36	2.5717e-20	0.00e+00	0.00e+00	7.4737e+00
2.40369e+15	8.1248e+03	3.362e-15	3.5938e+04	3.2477e+04	6.4149e-12	1.1214e-01	8.8786e-01	8.5652e-01	1.4348e-01	2.2538e-08	1.3251e-12	2.6100e-03	9.6282e-01	3.4566e-02	1.2663e-07	1.3535e-01	8.6415e-01	4.9942e-04	1.1755e-36	1.1755e-36	1.1755e-36	4.2902e-20	0.00e+00	0.00e+00	7.9984e+00
2.42289e+15	8.0998e+03	3.309e-15	3.5938e+04	3.1704e+04	9.1448e-12	1.3133e-01	8.6867e-01	8.8614e-01	1.1386e-01	1.6949e-08	1.9114e-12	2.5847e-03	9.6688e-01	3.0538e-02	1.1755e-36	1.5795e-01	8.4170e-01	3.5193e-04	1.1755e-36	1.1755e-36	1.1755e-36	7.1307e-20	0.00e+00	0.00e+00	8.5283e+00
2.43958e+15	8.0716e+03	3.230e-15	3.5938e+04	3.0826e+04	1.2838e-11	1.5230e-01	8.4770e-01	9.0762e-01	9.2376e-02	1.3204e-08	2.6794e-12	2.5440e-03	9.7017e-01	2.7291e-02	1.1755e-36	1.8243e-01	8.1731e-01	2.5375e-04	1.1755e-36	1.1755e-36	1.1755e-36	1.1505e-19	0.00e+00	0.00e+00	9.0670e+00
2.45469e+15	8.0338e+03	3.131e-15	3.5938e+04	2.9879e+04	1.8054e-11	1.7607e-01	8.2393e-01	9.2412e-01	7.5876e-02	1.0501e-08	3.7208e-12	2.4935e-03	9.7305e-01	2.4455e-02	1.1755e-36	2.0990e-01	7.8991e-01	1.8435e-04	1.1755e-36	1.1755e-36	1.1755e-36	1.8470e-19	0.00e+00	0.00e+00	9.6520e+00
2.46905e+15	7.9827e+03	3.005e-15	3.5938e+04	2.8827e+04	2.5875e-11	2.0422e-01	7.9578e-01	9.3717e-01	6.2835e-02	8.4882e-09	5.2048e-12	2.4318e-03	9.7574e-01	2.1827e-02	1.1755e-36	2.4203e-01	7.5783e-01	1.3291e-04	1.1755e-36	1.1755e-36	1.1755e-36	3.0222e-19	0.00e+00	0.00e+00	1.0304e+01
2.48268e+15	7.9172e+03	2.846e-15	3.5938e+04	2.7608e+04	3.7737e-11	2.3717e-01	7.6283e-01	9.4749e-01	5.2509e-02	6.9853e-09	7.3077e-12	2.3539e-03	9.7824e-01	1.9404e-02	1.1755e-36	2.7912e-01	7.2078e-01	9.5182e-05	1.1755e-36	1.1755e-36	1.1755e-36	5.0067e-19	0.00e+00	0.00e+00	1.1014e+01
2.49527e+15	7.8371e+03	2.658e-15	3.5938e+04	2.6252e+04	5.5391e-11	2.7424e-01	7.2576e-01	9.5535e-01	4.4645e-02	5.9079e-09	1.0186e-11	2.2614e-03	9.8051e-01	1.7226e-02	1.1755e-36	3.2020e-01	6.7973e-01	6.8358e-05	1.1755e-36	1.1755e-36	1.1755e-36	8.2571e-19	0.00e+00	0.00e+00	1.1759e+01
2.50587e+15	7.7511e+03	2.466e-15	3.5938e+04	2.4904e+04	7.8758e-11	3.1123e-01	6.8877e-01	9.6088e-01	3.9122e-02	5.1996e-09	1.3650e-11	2.1654e-03	9.8239e-01	1.5446e-02	1.1755e-36	3.6049e-01	6.3946e-01	5.0845e-05	1.1755e-36	1.1755e-36	1.1755e-36	1.2893e-18	0.00e+00	0.00e+00	1.2413e+01
2.51393e+15	7.6635e+03	2.304e-15	3.5938e+04	2.3801e+04	1.0581e-10	3.4392e-01	6.5608e-01	9.6453e-01	3.5467e-02	4.7446e-09	1.7303e-11	2.0854e-03	9.8383e-01	1.4086e-02	1.1755e-36	3.9555e-01	6.0441e-01	4.0027e-05	1.1755e-36	1.1755e-36	1.1755e-36	1.8570e-18	0.00e+00	0.00e+00	1.2947e+01
2.52030e+15	7.5976e+03	2.152e-15	3.5938e+04	2.2737e+04	1.3353e-10	3.7129e-01	6.2871e-01	9.6702e-01	3.2985e-02	4.4761e-09	2.0712e-11	2.0044e-03	9.8490e-01	1.3091e-02	1.1755e-36	4.2449e-01	5.7548e-01	3.2937e-05	1.1755e-36	1.1755e-36	1.1755e-36	2.4499e-18	0.00e+00	0.00e+00	1.3444e+01
2.52578e+15	7.5176e+03	2.021e-15	3.5938e+04	2.1831e+04	1.6670e-10	3.9733e-01	6.0267e-01	9.6904e-01	3.0961e-02	4.2496e-09	2.4425e-11	1.9359e-03	9.8585e-01	1.2210e-02	1.1755e-36	4.5172e-01	5.4825e-01	2.7642e-05	1.1755e-36	1.1755e-36	1.1755e-36	3.1638e-18	0.00e+00	0.00e+00	1.3899e+01
2.53073e+15	7.4490e+03	1.890e-15	3.5938e+04	2.0900e+04	2.0341e-10	4.2165e-01	5.7835e-01	9.7072e-01	2.9281e-02	4.0858e-09	2.8199e-11	1.8636e-03	9.8668e-01	1.1461e-02	1.1755e-36	4.7686e-01	5.2312e-01	2.3502e-05	1.1755e-36	1.1755e-36	1.1755e-36	3.9544e-18	0.00e+00	0.00e+00	1.4365e+01
2.53535e+15	7.3683e+03	1.769e-15	3.5938e+04	2.0037e+04	2.4857e-10	4.4588e-01	5.5412e-01	9.7213e-01	2.7874e-02	3.9509e-09	3.2410e-11	1.7964e-03	9.8745e-01	1.0757e-02	1.1755e-36	5.0164e-01	4.9834e-01	2.0114e-05	1.1755e-36	1.1755e-36	1.1755e-36	4.9147e-18	0.00e+00	0.00e+00	1.4807e+01
2.53957e+15	7.2887e+03	1.655e-15	3.5938e+04	1.9230e+04	3.0065e-10	4.6917e-01	5.3083e-01	9.7333e-01	2.6670e-02	3.8412e-09	3.6895e-11	1.7331e-03	9.8815e-01	1.0120e-02	1.1755e-36	5.2519e-01	4.7479e-01	1.7367e-05	1.1755e-36	1.1755e-36	1.1755e-36	6.0251e-18	0.00e+00	0.00e+00	1.5239e+01
2.54353e+15	7.2109e+03	1.546e-15	3.5938e+04	1.8422e+04	3.6033e-10	4.9144e-01	5.0856e-01	9.7435e-01	2.5653e-02	3.7645e-09	4.1533e-11	1.6688e-03	9.8878e-01	9.5478e-03	1.1755e-36	5.4750e-01	4.5248e-01	1.5099e-05	1.1755e-36	1.1755e-36	1.1755e-36	7.2587e-18	0.00e+00	0.00e+00	1.5670e+01
2.54723e+15	7.1331e+03	1.444e-15	3.5938e+04	1.7654e+04	4.2852e-10	5.1264e-01	4.8736e-01	9.7522e-01	2.4782e-02	3.7078e-09	4.6337e-11	1.6071e-03	9.8936e-01	9.0291e-03	1.1755e-36	5.6854e-01	4.3145e-01	1.3228e-05	1.1755e-36	1.1755e-36	1.1755e-36	8.6267e-18	0.00e+00	0.00e+00	1.6081e+01
2.55061e+15	7.0554e+03	1.350e-15	3.5938e+04	1.6935e+04	5.0503e-10	5.3245e-01	4.6755e-01	9.7596e-01	2.4043e-02	3.6680e-09	5.1189e-11	1.5491e-03	9.8989e-01	8.5652e-03	1.1755e-36	5.8801e-01	4.1198e-01	1.1696e-05	1.1755e-36	1.1755e-36	1.1755e-36	1.0096e-17	0.00e+00	0.00e+00	1.6473e+01
2.55329e+15	7.0016e+03	1.279e-15	3.5938e+04	1.6361e+04	5.6935e-10	5.4722e-01	4.5278e-01	9.7643e-01	2.3567e-02	3.6613e-09	5.4947e-11	1.5019e-03	9.9026e-01	8.2337e-03	1.1755e-36	6.0242e-01	3.9757e-01	1.0654e-05	1.1755e-36	1.1755e-36	1.1755e-36	1.1292e-17	0.00e+00	0.00e+00	1.6736e+01
2.55528e+15	6.9468e+03	1.226e-15	3.5938e+04	1.5948e+04	6.3205e-10	5.5926e-01	4.4074e-01	9.7684e-01	2.3158e-02	3.6399e-09	5.8326e-11	1.4686e-03	9.9057e-01	7.9662e-03	1.1755e-36	6.1409e-01	3.8590e-01	9.8951e-06	1.1755e-36	1.1755e-36	1.1755e-36	1.2415e-17	0.00e+00	0.00e+00	1.6970e+01
2.55716e+15	6.8967e+03	1.175e-15	3.5938e+04	1.5526e+04	6.9713e-10	5.7061e-01	4.2939e-01	9.7719e-01	2.2807e-02	3.6330e-09	6.1558e-11	1.4340e-03	9.9084e-01	7.7211e-03	1.1755e-36	6.2506e-01	3.7493e-01	9.2144e-06	1.1755e-36	1.1755e-36	1.1755e-36	1.3521e-17	0.00e+00	0.00e+00	1.7220e+01
2.55920e+15	6.8378e+03	1.120e-15	3.5938e+04	1.5073e+04	7.7882e-10	5.8315e-01	4.1685e-01	9.7757e-01	2.2433e-02	3.6258e-09	6.5336e-11	1.3967e-03	9.9115e-01	7.4554e-03	1.1755e-36	6.3710e-01	3.6289e-01	8.5184e-06	1.1755e-36	1.1755e-36	1.1755e-36	1.4860e-17	0.00e+00	0.00e+00	1.7504e+01
2.56134e+15	6.7743e+03	1.064e-15	3.5938e+04	1.4619e+04	8.7674e-10	5.9648e-01	4.0352e-01	9.7795e-01	2.2047e-02	3.6159e-09	6.9661e-11	1.3594e-03	9.9146e-01	7.1776e-03	1.1755e-36	6.4982e-01	3.5017e-01	7.8379e-06	1.1755e-36	1.1755e-36	1.1755e-36	1.6468e-17	0.00e+00	0.00e+00	1.7793e+01
2.56341e+15	6.7152e+03	1.011e-15	3.5938e+04	1.4164e+04	9.7961e-10	6.0884e-01	3.9116e-01	9.7827e-01	2.1730e-02	3.6228e-09	7.3741e-11	1.3215e-03	9.9175e-01	6.9272e-03	1.1755e-36	6.6156e-01	3.3844e-01	7.2435e-06	1.1755e-36	1.1755e-36	1.1755e-36	1.8031e-17	0.00e+00	0.00e+00	1.8069e+01
2.56540e+15	6.6595e+03	9.609e-16	3.5938e+04	1.3721e+04	1.0893e-09	6.2066e-01	3.7934e-01	9.7856e-01	2.1438e-02	3.6355e-09	7.7791e-11	1.2844e-03	9.9202e-01	6.6924e-03	1.1755e-36	6.7272e-01	3.2727e-01	6.7090e-06	1.1755e-36	1.1755e-36	1.1755e-36	1.9637e-17	0.00e+00	0.00e+00	1.8348e+01
2.56741e+15	6.5930e+03	9.112e-16	3.5938e+04	1.3279e+04	1.2249e-09	6.3294e-01	3.6706e-01	9.7885e-01	2.1150e-02	3.6470e-09	8.2281e-11	1.2475e-03	9.9230e-01	6.4524e-03	1.1755e-36	6.8425e-01	3.1574e-01	6.1992e-06	1.1755e-36	1.1755e-36	1.1755e-36	2.1479e-17	0.00e+00	0.00e+00	1.8641e+01
2.56942e+15	6.5255e+03	8.633e-16	3.5938e+04	1.2853e+04	1.3798e-09	6.4528e-01	3.5472e-01	9.7914e-01	2.0860e-02	3.6567e-09	8.7120e-11	1.2117e-03	9.9257e-01	6.2143e-03	1.1755e-36	6.9579e-01	3.0420e-01	5.7222e-06	1.1755e-36	1.1755e-36	1.1755e-36	2.3556e-17	0.00e+00	0.00e+00	1.8932e+01
2.57137e+15	6.4609e+03	8.177e-16	3.5938e+04	1.2429e+04	1.5464e-09	6.5684e-01	3.4316e-01	9.7938e-01	2.0618e-02	3.6791e-09	9.1731e-11	1.1760e-03	9.9283e-01	5.9960e-03	1.1755e-36	7.0654e-01	2.9346e-01	5.2998e-06	1.1755e-36	1.1755e-36	1.1755e-36	2.5590e-17	0.00e+00	0.00e+00	1.9217e+01
2.57329e+15	6.3957e+03	7.740e-16	3.5938e+04	1.2018e+04	1.7343e-09	6.6823e-01	3.3177e-01	9.7961e-01	2.0387e-02	3.7035e-09	9.6523e-11	1.1410e-03	9.9307e-01	5.7841e-03	1.1755e-36	7.1708e-01	2.8292e-01	4.9095e-06	1.1755e-36	1.1755e-36	1.1755e-36	2.7784e-17	0.00e+00	0.00e+00	1.9509e+01
2.57522e+15	6.3289e+03	7.313e-16	3.5938e+04	1.1605e+04	1.9490e-09	6.7954e-01	3.2046e-01	9.7983e-01	2.0170e-02	3.7337e-09	1.0147e-10	1.1058e-03	9.9332e-01	5.5771e-03	1.1755e-36	7.2748e-01	2.7252e-01	4.5447e-06	1.1755e-36	1.1755e-36	1.1755e-36	3.0126e-17	0.00e+00	0.00e+00	1.9807e+01
2.57716e+15	6.2570e+03	6.900e-16	3.5938e+04	1.1195e+04	2.2025e-09	6.9081e-01	3.0919e-01	9.8004e-01	1.9963e-02	3.7665e-09	1.0666e-10	1.0709e-03	9.9356e-01	5.3739e-03	1.1755e-36	7.3780e-01	2.6220e-01	4.2051e-06	1.1755e-36	1.1755e-36	1.1755e-36	3.2663e-17	0.00e+00	0.00e+00	2.0110e+01
2.57907e+15	6.1852e+03	6.506e-16	3.5938e+04	1.0799e+04	2.4888e-09	7.0183e-01	2.9817e-01	9.8023e-01	1.9768e-02	3.8020e-09	1.1200e-10	1.0369e-03	9.9379e-01	5.1776e-03	1.1755e-36	7.4784e-01	2.5216e-01	3.8924e-06	1.1755e-36	1.1755e-36	1.1755e-36	3.5382e-17	0.00e+00	0.00e+00	2.0412e+01
2.58095e+15	6.1195e+03	6.132e-16	3.5938e+04	1.0414e+04	2.7946e-09	7.1233e-01	2.8767e-01	9.8040e-01	1.9600e-02	3.8464e-09	1.1727e-10	1.0035e-03	9.9400e-01	4.9925e-03	1.1755e-36	7.5736e-01	2.4263e-01	3.6077e-06	1.1755e-36	1.1755e-36	1.1755e-36	3.8169e-17	0.00e+00	0.00e+00	2.0714e+01
2.58283e+15	6.0411e+03	5.775e-16	3.5938e+04	1.0040e+04	3.1831e-09	7.2310e-01	2.7690e-01	9.8059e-01	1.9411e-02	3.8821e-09	1.2315e-10	9.7139e-04	9.9422e-01	4.8060e-03	1.1755e-36	7.6707e-01	2.3293e-01	3.3390e-06	1.1755e-36	1.1755e-36	1.1755e-36	4.1405e-17	0.00e+00	0.00e+00	2.1024e+01
2.58469e+15	5.9685e+03	5.435e-16	3.5938e+04	9.6663e+03	3.5994e-09	7.3309e-01	2.6691e-01	9.8073e-01	1.9272e-02	3.9355e-09	1.2861e-10	9.3884e-04	9.9443e-01	4.6345e-03	1.1755e-36	7.7606e-01	2.2393e-01	3.0981e-06	1.1755e-36	1.1755e-36	1.1755e-36	4.4496e-17	0.00e+00	0.00e+00	2.1328e+01
2.58653e+15	5.8935e+03	5.111e-16	3.5938e+04	9.3062e+03	4.0861e-09	7.4302e-01	2.5698e-01	9.8087e-01	1.9128e-02	3.9870e-09	1.3444e-10	9.0745e-04	9.9463e-01	4.4659e-03	1.1755e-36	7.8496e-01	2.1504e-01	2.8726e-06	1.1755e-36	1.1755e-36	1.1755e-36	4.7951e-17	0.00e+00	0.00e+00	2.1641e+01
2.58838e+15	5.8095e+03	4.800e-16	3.5938e+04	8.9561e+03	4.6940e-09	7.5312e-01	2.4688e-01	9.8103e-01	1.8967e-02	4.0321e-09	1.4092e-10	8.7714e-04	9.9483e-01	4.2975e-03	1.1755e-36	7.9394e-01	2.0605e-01	2.6597e-06	1.1755e-36	1.1755e-36	1.1755e-36	5.1988e-17	0.00e+00	0.00e+00	2.1957e+01
2.59019e+15	5.7346e+03	4.510e-16	3.5938e+04	8.6124e+03	5.3315e-09	7.6230e-01	2.3770e-01	9.8114e-01	1.8858e-02	4.0965e-09	1.4680e-10	8.4682e-04	9.9501e-01	4.1447e-03	1.1755e-36	8.0211e-01	1.9789e-01	2.4708e-06	1.1755e-36	1.1755e-36	1.1755e-36	5.5794e-17	0.00e+00	0.00e+00	2.2264e+01
2.59197e+15	5.6510e+03	4.239e-16	3.5938e+04	8.2911e+03	6.1271e-09	7.7162e-01	2.2838e-01	9.8128e-01	1.8718e-02	4.1461e-09	1.5357e-10	8.1881e-04	9.9519e-01	3.9929e-03	1.1755e-36	8.1033e-01	1.8967e-01	2.2938e-06	1.1755e-36	1.1755e-36	1.1755e-36	6.0440e-17	0.00e+00	0.00e+00	2.2575e+01
2.59373e+15	5.5702e+03	3.982e-16	3.5938e+04	7.9735e+03	7.0214e-09	7.8042e-01	2.1958e-01	9.8139e-01	1.8607e-02	4.2079e-09	1.6018e-10	7.9083e-04	9.9536e-01	3.8503e-03	1.1755e-36	8.1807e-01	1.8192e-01	2.1323e-06	1.1755e-36	1.1755e-36	1.1755e-36	6.5215e-17	0.00e+00	0.00e+00	2.2885e+01
2.59549e+15	5.4880e+03	3.737e-16	3.5938e+04	7.6649e+03	8.0720e-09	7.8900e-01	2.1100e-01	9.8150e-01	1.8501e-02	4.2720e-09	1.6714e-10	7.6356e-04	9.9552e-01	3.7126e-03	1.1755e-36	8.2561e-01	1.7439e-01	1.9821e-06	1.1755e-36	1.1755e-36	1.1755e-36	7.0547e-17	0.00e+00	0.00e+00	2.3199e+01
2.59724e+15	5.4042e+03	3.506e-16	3.5938e+04	7.3641e+03	9.3124e-09	7.9737e-01	2.0263e-01	9.8160e-01	1.8402e-02	4.3395e-09	1.7449e-10	7.3691e-04	9.9568e-01	3.5799e-03	1.1755e-36	8.3293e-01	1.6707e-01	1.8426e-06	1.1755e-36	1.1755e-36	1.1755e-36	7.6540e-17	0.00e+00	0.00e+00	2.3515e+01
2.59896e+15	5.3199e+03	3.289e-16	3.5938e+04	7.0749e+03	1.0763e-08	8.0541e-01	1.9459e-01	9.8169e-01	1.8311e-02	4.4092e-09	1.8223e-10	7.1123e-04	9.9583e-01	3.4538e-03	1.1755e-36	8.3993e-01	1.6007e-01	1.7147e-06	1.1755e-36	1.1755e-36	1.1755e-36	8.3291e-17	0.00e+00	0.00e+00	2.3828e+01
2.60045e+15	5.2482e+03	3.118e-16	3.5938e+04	6.8390e+03	1.2180e-08	8.1191e-01	1.8809e-01	9.8176e-01	1.8243e-02	4.4715e-09	1.8904e-10	6.9024e-04	9.9596e-01	3.3527e-03	1.1755e-36	8.4556e-01	1.5444e-01	1.6158e-06	1.1755e-36	1.1755e-36	1.1755e-36	8.9634e-17	0.00e+00	0.00e+00	2.4061e+01
2.60163e+15	5.1908e+03	2.985e-16	3.5938e+04	6.6501e+03	1.3462e-08	8.1696e-01	1.8304e-01	9.8180e-01	1.8198e-02	4.5274e-09	1.9469e-10	6.7332e-04	9.9605e-01	3.2743e-03	1.1755e-36	8.4995e-01	1.5005e-01	1.5404e-06	1.1755e-36	1.1755e-36	1.1755e-36	9.5193e-17	0.00e+00	0.00e+00	2.4263e+01
2.60275e+15	5.1338e+03	2.860e-16	3.5938e+04	6.4721e+03	1.4877e-08	8.2188e-01	1.7812e-01	9.8185e-01	1.8148e-02	4.5789e-09	2.0075e-10	6.5741e-04	9.9614e-01	3.1990e-03	1.1755e-36	8.5421e-01	1.4579e-01	1.4695e-06	1.1755e-36	1.1755e-36	1.1755e-36	1.0146e-16	0.00e+00	0.00e+00	2.4477e+01
2.60392e+15	5.0742e+03	2.733e-16	3.5938e+04	6.2879e+03	1.6534e-08	8.2692e-01	1.7308e-01	9.8190e-01	1.8101e-02	4.6363e-09	2.0747e-10	6.4088e-04	9.9624e-01	3.1222e-03	1.1755e-36	8.5856e-01	1.4144e-01	1.3987e-06	1.1755e-36	1.1755e-36	1.1755e-36	1.0881e-16	0.00e+00	0.00e+00	2.4703e+01
2.60513e+15	5.0065e+03	2.610e-16	3.5938e+04	6.1089e+03	1.8625e-08	8.3220e-01	1.6780e-01	9.8197e-01	1.8028e-02	4.6821e-09	2.1572e-10	6.2507e-04	9.9633e-01	3.0437e-03	1.1755e-36	8.6309e-01	1.3691e-01	1.3288e-06	1.1755e-36	1.1755e-36	1.1755e-36	1.1837e-16	0.00e+00	0.00e+00	2.4929e+01
2.60626e+15	4.9485e+03	2.499e-16	3.5938e+04	5.9376e+03	2.0640e-08	8.3668e-01	1.6332e-01	9.8200e-01	1.7999e-02	4.7452e-09	2.2292e-10	6.0961e-04	9.9642e-01	2.9681e-03	1.1755e-36	8.6695e-01	1.3305e-01	1.2690e-06	1.1755e-36	1.1755e-36	1.1755e-36	1.2668e-16	0.00e+00	0.00e+00	2.5132e+01
2.60734e+15	4.8848e+03	2.396e-16	3.5938e+04	5.7810e+03	2.3091e-08	8.4129e-01	1.5871e-01	9.8206e-01	1.7936e-02	4.7883e-09	2.3160e-10	5.9579e-04	9.9651e-01	2.8908e-03	1.1755e-36	8.7088e-01	1.2911e-01	1.2114e-06	1.1755e-36	1.1755e-36	1.1755e-36	1.3716e-16	0.00e+00	0.00e+00	2.5342e+01
2.60841e+15	4.8283e+03	2.298e-16	3.5938e+04	5.6252e+03	2.5550e-08	8.4538e-01	1.5462e-01	9.8209e-01	1.7910e-02	4.8496e-09	2.3939e-10	5.8173e-04	9.9660e-01	2.8212e-03	1.1755e-36	8.7439e-01	1.2561e-01	1.1597e-06	1.1755e-36	1.1755e-36	1.1755e-36	1.4714e-16	0.00e+00	0.00e+00	2.5540e+01
2.60946e+15	4.7651e+03	2.205e-16	3.5938e+04	5.4785e+03	2.8606e-08	8.4970e-01	1.5030e-01	9.8215e-01	1.7851e-02	4.8931e-09	2.4898e-10	5.6877e-04	9.9668e-01	2.7489e-03	1.1755e-36	8.7807e-01	1.2193e-01	1.1083e-06	1.1755e-36	1.1755e-36	1.1755e-36	1.6013e-16	0.00e+00	0.00e+00	2.5746e+01
2.61050e+15	4.7091e+03	2.116e-16	3.5938e+04	5.3318e+03	3.1664e-08	8.5352e-01	1.4648e-01	9.8217e-01	1.7830e-02	4.9564e-09	2.5760e-10	5.5550e-04	9.9676e-01	2.6839e-03	1.1755e-36	8.8134e-01	1.1866e-01	1.0622e-06	1.1755e-36	1.1755e-36	1.1755e-36	1.7257e-16	0.00e+00	0.00e+00	2.5941e+01
2.61152e+15	4.6459e+03	2.032e-16	3.5938e+04	5.1950e+03	3.5501e-08	8.5758e-01	1.4242e-01	9.8223e-01	1.7771e-02	4.9985e-09	2.6836e-10	5.4345e-04	9.9684e-01	2.6161e-03	1.1755e-36	8.8479e-01	1.1521e-01	1.0163e-06	1.1755e-36	1.1755e-36	1.1755e-36	1.8900e-16	0.00e+00	0.00e+00	2.6143e+01
2.61252e+15	4.5908e+03	1.953e-16	3.5938e+04	5.0585e+03	3.9263e-08	8.6112e-01	1.3888e-01	9.8225e-01	1.7755e-02	5.0621e-09	2.7788e-10	5.3110e-04	9.9691e-01	2.5561e-03	1.1755e-36	8.8780e-01	1.1220e-01	9.7569e-07	1.1755e-36	1.1755e-36	1.1755e-36	2.0454e-16	0.00e+00	0.00e+00	2.6331e+01
2.61350e+15	4.5283e+03	1.877e-16	3.5938e+04	4.9317e+03	4.3999e-08	8.6490e-01	1.3510e-01	9.8230e-01	1.7698e-02	5.1028e-09	2.8987e-10	5.1996e-04	9.9699e-01	2.4931e-03	1.1755e-36	8.9100e-01	1.0900e-01	9.3491e-07	1.1755e-36	1.1755e-36	1.1755e-36	2.2520e-16	0.00e+00	0.00e+00	2.6528e+01
2.61447e+15	4.4702e+03	1.806e-16	3.5938e+04	4.8069e+03	4.8933e-08	8.6833e-01	1.3167e-01	9.8233e-01	1.7666e-02	5.1556e-09	3.0143e-10	5.0883e-04	9.9706e-01	2.4355e-03	1.1755e-36	8.9391e-01	1.0609e-01	8.9795e-07	1.1755e-36	1.1755e-36	1.1755e-36	2.4650e-16	0.00e+00	0.00e+00	2.6712e+01
2.61540e+15	4.4175e+03	1.739e-16	3.5938e+04	4.6862e+03	5.3919e-08	8.7146e-01	1.2854e-01	9.8235e-01	1.7652e-02	5.2174e-09	3.1250e-10	4.9792e-04	9.9712e-01	2.3824e-03	1.1755e-36	8.9656e-01	1.0344e-01	8.6415e-07	1.1755e-36	1.1755e-36	1.1755e-36	2.6817e-16	0.00e+00	0.00e+00	2.6895e+01
2.61636e+15	4.3540e+03	1.673e-16	3.5938e+04	4.5686e+03	6.0550e-08	8.7501e-01	1.2499e-01	9.8241e-01	1.7594e-02	5.2569e-09	3.2717e-10	4.8765e-04	9.9719e-01	2.3237e-03	1.1755e-36	8.9955e-01	1.0045e-01	8.2834e-07	1.1755e-36	1.1755e-36	1.1755e-36	2.9853e-16	0.00e+00	0.00e+00	2.7093e+01
2.61732e+15	4.2949e+03	1.610e-16	3.5938e+04	4.4520e+03	6.7418e-08	8.7820e-01	1.2180e-01	9.8244e-01	1.7564e-02	5.3106e-09	3.4128e-10	4.7730e-04	9.9725e-01	2.2701e-03	1.1755e-36	9.0225e-01	9.7751e-02	7.9600e-07	1.1755e-36	1.1755e-36	1.1755e-36	3.2987e-16	0.00e+00	0.00e+00	2.7275e+01
2.61823e+15	4.2380e+03	1.552e-16	3.5938e+04	4.3432e+03	7.4718e-08	8.8122e-01	1.1878e-01	9.8247e-01	1.7532e-02	5.3608e-09	3.5577e-10	4.6767e-04	9.9731e-01	2.2197e-03	1.1755e-36	9.0479e-01	9.5209e-02	7.6611e-07	1.1755e-36	1.1755e-36	1.1755e-36	3.6408e-16	0.00e+00	0.00e+00	2.7455e+01
2.61913e+15	4.1803e+03	1.495e-16	3.5938e+04	4.2359e+03	8.2852e-08	8.8421e-01	1.1579e-01	9.8250e-01	1.7499e-02	5.4110e-09	3.7135e-10	4.5819e-04	9.9737e-01	2.1698e-03	1.1755e-36	9.0731e-01	9.2690e-02	7.3703e-07	1.1755e-36	1.1755e-36	1.1755e-36	4.0313e-16	0.00e+00	0.00e+00	2.7639e+01
2.62006e+15	4.1208e+03	1.439e-16	3.5938e+04	4.1284e+03	9.2006e-08	8.8721e-01	1.1279e-01	9.8253e-01	1.7465e-02	5.4623e-09	3.8822e-10	4.4873e-04	9.9743e-01	2.1199e-03	1.1755e-36	9.0983e-01	9.0169e-02	7.0845e-07	1.1755e-36	1.1755e-36	1.1755e-36	4.4812e-16	0.00e+00	0.00e+00	2.7827e+01
2.62100e+15	4.0601e+03	1.385e-16	3.5938e+04	4.0214e+03	1.0218e-07	8.9018e-01	1.0981e-01	9.8257e-01	1.7431e-02	5.5149e-09	4.0619e-10	4.3934e-04	9.9749e-01	2.0706e-03	1.1755e-36	9.1232e-01	8.7675e-02	6.8070e-07	1.1755e-36	1.1755e-36	1.1755e-36	4.9917e-16	0.00e+00	0.00e+00	2.8017e+01
2.62194e+15	3.9985e+03	1.332e-16	3.5938e+04	3.9159e+03	1.1334e-07	8.9313e-01	1.0687e-01	9.8260e-01	1.7395e-02	5.5674e-09	4.2516e-10	4.3011e-04	9.9755e-01	2.0221e-03	1.1755e-36	9.1479e-01	8.5207e-02	6.5376e-07	1.1755e-36	1.1755e-36	1.1755e-36	5.5652e-16	0.00e+00	0.00e+00	2.8208e+01
