#depth	Te	Htot	hden	eden	2H_2/H	HI	HII	HeI	HeII	HeIII	CO/C	C1	C2	C3	C4	O1	O2	O3	O4	O5	O6	H2O/O	AV(point)	AV(extend)	Tau912
2.63448e+13	5.7218e+03	1.853e-20	7.7426e+01	7.8281e+01	3.7007e-10	5.8203e-02	9.4180e-01	2.5239e-01	7.4753e-01	7.4504e-05	4.3870e-13	1.3823e-02	8.5022e-01	1.3596e-01	1.2106e-06	7.1232e-02	9.2347e-01	5.2990e-03	1.1755e-36	1.1755e-36	1.1755e-36	6.0857e-21	0.00e+00	0.00e+00	1.4995e-03
1.58069e+14	5.7131e+03	1.843e-20	7.7426e+01	7.7983e+01	3.7104e-10	5.7986e-02	9.4201e-01	2.5196e-01	7.4796e-01	7.4708e-05	4.3323e-13	1.3727e-02	8.5005e-01	1.3622e-01	1.2184e-06	7.0974e-02	9.2371e-01	5.3181e-03	1.1755e-36	1.1755e-36	1.1755e-36	5.9644e-21	0.00e+00	0.00e+00	7.4752e-03
6.84966e+14	5.6916e+03	1.833e-20	7.7426e+01	7.7935e+01	3.8142e-10	5.8068e-02	9.4193e-01	2.5303e-01	7.4690e-01	7.4206e-05	4.3516e-13	1.3708e-02	8.5077e-01	1.3552e-01	1.2074e-06	7.1092e-02	9.2362e-01	5.2932e-03	1.1755e-36	1.1755e-36	1.1755e-36	5.9754e-21	0.00e+00	0.00e+00	3.1412e-02
2.79255e+15	5.6282e+03	1.808e-20	7.7426e+01	7.7833e+01	4.2419e-10	5.8957e-02	9.4104e-01	2.5798e-01	7.4194e-01	7.2075e-05	4.5332e-13	1.3826e-02	8.5376e-01	1.3242e-01	1.1512e-06	7.2227e-02	9.2263e-01	5.1394e-03	1.1755e-36	1.1755e-36	1.1755e-36	6.2404e-21	0.00e+00	0.00e+00	1.2862e-01
6.67051e+15	5.4178e+03	1.734e-20	7.7426e+01	7.7805e+01	5.4063e-10	5.8797e-02	9.4120e-01	2.6497e-01	7.3496e-01	6.8702e-05	4.5606e-13	1.3816e-02	8.5829e-01	1.2789e-01	1.0939e-06	7.2177e-02	9.2276e-01	5.0609e-03	1.1755e-36	1.1755e-36	1.1755e-36	6.0863e-21	0.00e+00	0.00e+00	2.5466e-01
1.04569e+16	5.2322e+03	1.673e-20	7.7426e+01	7.7771e+01	6.7830e-10	5.8671e-02	9.4133e-01	2.7098e-01	7.2895e-01	6.5945e-05	4.5874e-13	1.3824e-02	8.6211e-01	1.2407e-01	1.0453e-06	7.2156e-02	9.2286e-01	4.9874e-03	1.1755e-36	1.1755e-36	1.1755e-36	5.9854e-21	0.00e+00	0.00e+00	3.4614e-01
1.33999e+16	5.1402e+03	1.643e-20	7.7426e+01	7.7685e+01	7.8519e-10	5.9379e-02	9.4062e-01	2.7638e-01	7.2356e-01	6.3891e-05	4.7522e-13	1.3951e-02	8.6513e-01	1.2092e-01	9.9493e-07	7.3097e-02	9.2205e-01	4.8477e-03	1.1755e-36	1.1755e-36	1.1755e-36	6.2147e-21	0.00e+00	0.00e+00	4.2445e-01
1.65016e+16	5.0834e+03	1.625e-20	7.7426e+01	7.7580e+01	8.9992e-10	6.1024e-02	9.3898e-01	2.8357e-01	7.1637e-01	6.1550e-05	5.1077e-13	1.4217e-02	8.6871e-01	1.1707e-01	9.2675e-07	7.5166e-02	9.2022e-01	4.6174e-03	1.1755e-36	1.1755e-36	1.1755e-36	6.8182e-21	0.00e+00	0.00e+00	5.2907e-01
2.05338e+16	5.0302e+03	1.605e-20	7.7426e+01	7.7371e+01	1.0575e-09	6.3505e-02	9.3649e-01	2.9332e-01	7.0662e-01	5.8679e-05	5.6643e-13	1.4604e-02	8.7324e-01	1.1216e-01	8.4085e-07	7.8264e-02	9.1743e-01	4.3061e-03	1.1755e-36	1.1755e-36	1.1755e-36	7.8154e-21	0.00e+00	0.00e+00	6.7061e-01
2.57757e+16	4.9851e+03	1.585e-20	7.7426e+01	7.7038e+01	1.2838e-09	6.7376e-02	9.3262e-01	3.0698e-01	6.9296e-01	5.5117e-05	6.5895e-13	1.5174e-02	8.7903e-01	1.0579e-01	7.3363e-07	8.3062e-02	9.1305e-01	3.8908e-03	1.1755e-36	1.1755e-36	1.1755e-36	9.5757e-21	0.00e+00	0.00e+00	8.6583e-01
3.25901e+16	4.9567e+03	1.561e-20	7.7426e+01	7.6268e+01	1.6182e-09	7.3414e-02	9.2659e-01	3.2609e-01	6.7386e-01	5.0808e-05	8.1676e-13	1.5965e-02	8.8622e-01	9.7814e-02	6.0713e-07	9.0498e-02	9.0614e-01	3.3603e-03	1.1755e-36	1.1755e-36	1.1755e-36	1.2802e-20	0.00e+00	0.00e+00	1.1424e+00
4.06004e+16	4.9616e+03	1.544e-20	7.7426e+01	7.5412e+01	2.0810e-09	8.2424e-02	9.1758e-01	3.5104e-01	6.4891e-01	4.6150e-05	1.0938e-12	1.7025e-02	8.9439e-01	8.8583e-02	4.7497e-07	1.0150e-01	8.9573e-01	2.7643e-03	1.1755e-36	1.1755e-36	1.1755e-36	1.9141e-20	0.00e+00	0.00e+00	1.4776e+00
4.86510e+16	5.0164e+03	1.531e-20	7.7426e+01	7.4295e+01	2.6070e-09	9.4286e-02	9.0571e-01	3.7904e-01	6.2091e-01	4.1929e-05	1.5338e-12	1.8196e-02	9.0222e-01	7.9581e-02	3.6076e-07	1.1586e-01	8.8193e-01	2.2029e-03	1.1755e-36	1.1755e-36	1.1755e-36	3.0584e-20	0.00e+00	0.00e+00	1.8364e+00
5.65408e+16	5.0953e+03	1.523e-20	7.7426e+01	7.2888e+01	3.3212e-09	1.1018e-01	8.8982e-01	4.1140e-01	5.8856e-01	3.7810e-05	2.2710e-12	1.9455e-02	9.0999e-01	7.0559e-02	2.6354e-07	1.3494e-01	8.6337e-01	1.6938e-03	1.1755e-36	1.1755e-36	1.1755e-36	5.2611e-20	0.00e+00	0.00e+00	2.2672e+00
6.40957e+16	5.2056e+03	1.512e-20	7.7426e+01	7.1059e+01	4.2058e-09	1.3046e-01	8.6954e-01	4.4601e-01	5.5395e-01	3.4178e-05	3.4787e-12	2.0627e-02	9.1712e-01	6.2256e-02	1.8840e-07	1.5900e-01	8.3973e-01	1.2682e-03	1.1755e-36	1.1755e-36	1.1755e-36	9.4897e-20	0.00e+00	0.00e+00	2.7209e+00
7.05520e+16	5.3179e+03	1.497e-20	7.7426e+01	6.9040e+01	5.2964e-09	1.5368e-01	8.4632e-01	4.7911e-01	5.2086e-01	3.1237e-05	5.2865e-12	2.1548e-02	9.2316e-01	5.5293e-02	1.3637e-07	1.8623e-01	8.1282e-01	9.5382e-04	1.1755e-36	1.1755e-36	1.1755e-36	1.6986e-19	0.00e+00	0.00e+00	3.1566e+00
7.58945e+16	5.4199e+03	1.473e-20	7.7426e+01	6.6916e+01	6.5842e-09	1.7829e-01	8.2171e-01	5.0916e-01	4.9081e-01	2.8881e-05	7.7752e-12	2.2155e-02	9.2818e-01	4.9661e-02	1.1755e-36	2.1474e-01	7.8453e-01	7.3140e-04	1.1755e-36	1.1755e-36	1.1755e-36	2.9122e-19	0.00e+00	0.00e+00	3.5826e+00
8.06260e+16	5.4865e+03	1.443e-20	7.7426e+01	6.4694e+01	8.5014e-09	2.0581e-01	7.9419e-01	5.3822e-01	4.6175e-01	2.6769e-05	1.1425e-11	2.2545e-02	9.3282e-01	4.4633e-02	1.1755e-36	2.4622e-01	7.5321e-01	5.6308e-04	1.1755e-36	1.1755e-36	1.1755e-36	5.0279e-19	0.00e+00	0.00e+00	4.0431e+00
8.51384e+16	5.5470e+03	1.395e-20	7.7426e+01	6.1989e+01	1.1097e-08	2.3710e-01	7.6290e-01	5.6741e-01	4.3257e-01	2.4852e-05	1.6841e-11	2.2629e-02	9.3726e-01	4.0115e-02	1.1755e-36	2.8152e-01	7.1805e-01	4.2997e-04	1.1755e-36	1.1755e-36	1.1755e-36	8.7484e-19	0.00e+00	0.00e+00	4.5588e+00
8.83134e+16	5.5916e+03	1.355e-20	7.7426e+01	5.9836e+01	1.3579e-08	2.6320e-01	7.3680e-01	5.8752e-01	4.1245e-01	2.3738e-05	2.2520e-11	2.2519e-02	9.4026e-01	3.7218e-02	1.1755e-36	3.1053e-01	6.8912e-01	3.5180e-04	1.1755e-36	1.1755e-36	1.1755e-36	1.3364e-18	0.00e+00	0.00e+00	4.8035e+00
8.97845e+16	5.6048e+03	1.333e-20	7.7426e+01	5.8742e+01	1.5090e-08	2.7644e-01	7.2356e-01	5.9696e-01	4.0302e-01	2.3243e-05	2.5906e-11	2.2415e-02	9.4171e-01	3.5878e-02	1.1755e-36	3.2512e-01	6.7456e-01	3.1921e-04	1.1755e-36	1.1755e-36	1.1755e-36	1.6437e-18	0.00e+00	0.00e+00	4.9441e+00
9.08243e+16	5.6084e+03	1.314e-20	7.7426e+01	5.7929e+01	1.6394e-08	2.8632e-01	7.1368e-01	6.0443e-01	3.9555e-01	2.2798e-05	2.8746e-11	2.2320e-02	9.4280e-01	3.4882e-02	1.1755e-36	3.3595e-01	6.6376e-01	2.9711e-04	1.1755e-36	1.1755e-36	1.1755e-36	1.9159e-18	0.00e+00	0.00e+00	5.0896e+00
9.19970e+16	5.6092e+03	1.292e-20	7.7426e+01	5.6969e+01	1.8098e-08	2.9798e-01	7.0202e-01	6.1299e-01	3.8698e-01	2.2291e-05	3.2427e-11	2.2193e-02	9.4406e-01	3.3746e-02	1.1755e-36	3.4868e-01	6.5105e-01	2.7333e-04	1.1755e-36	1.1755e-36	1.1755e-36	2.2908e-18	0.00e+00	0.00e+00	5.2799e+00
9.33436e+16	5.6066e+03	1.264e-20	7.7426e+01	5.5834e+01	2.0369e-08	3.1193e-01	6.8807e-01	6.2252e-01	3.7746e-01	2.1764e-05	3.7299e-11	2.2016e-02	9.4550e-01	3.2487e-02	1.1755e-36	3.6381e-01	6.3594e-01	2.4816e-04	1.1755e-36	1.1755e-36	1.1755e-36	2.8277e-18	0.00e+00	0.00e+00	5.4914e+00
9.46593e+16	5.6000e+03	1.236e-20	7.7426e+01	5.4690e+01	2.3000e-08	3.2623e-01	6.7377e-01	6.3181e-01	3.6817e-01	2.1264e-05	4.2916e-11	2.1817e-02	9.4689e-01	3.1289e-02	1.1755e-36	3.7922e-01	6.2055e-01	2.2549e-04	1.1755e-36	1.1755e-36	1.1755e-36	3.5013e-18	0.00e+00	0.00e+00	5.6899e+00
9.58253e+16	5.5909e+03	1.210e-20	7.7426e+01	5.3665e+01	2.5763e-08	3.3959e-01	6.6041e-01	6.4018e-01	3.5980e-01	2.0816e-05	4.8832e-11	2.1623e-02	9.4814e-01	3.0234e-02	1.1755e-36	3.9353e-01	6.0626e-01	2.0667e-04	1.1755e-36	1.1755e-36	1.1755e-36	4.2713e-18	0.00e+00	0.00e+00	5.8704e+00
9.68763e+16	5.5811e+03	1.184e-20	7.7426e+01	5.2645e+01	2.8564e-08	3.5183e-01	6.4817e-01	6.4756e-01	3.5242e-01	2.0449e-05	5.4790e-11	2.1401e-02	9.4928e-01	2.9324e-02	1.1755e-36	4.0656e-01	5.9325e-01	1.9095e-04	1.1755e-36	1.1755e-36	1.1755e-36	5.1070e-18	0.00e+00	0.00e+00	6.0449e+00
9.79008e+16	5.5683e+03	1.157e-20	7.7426e+01	5.1635e+01	3.1756e-08	3.6427e-01	6.3573e-01	6.5492e-01	3.4506e-01	2.0079e-05	6.1556e-11	2.1170e-02	9.5040e-01	2.8433e-02	1.1755e-36	4.1973e-01	5.8010e-01	1.7641e-04	1.1755e-36	1.1755e-36	1.1755e-36	6.1287e-18	0.00e+00	0.00e+00	6.2291e+00
9.89326e+16	5.5512e+03	1.129e-20	7.7426e+01	5.0593e+01	3.5533e-08	3.7723e-01	6.2277e-01	6.6237e-01	3.3762e-01	1.9709e-05	6.9447e-11	2.0919e-02	9.5153e-01	2.7547e-02	1.1755e-36	4.3338e-01	5.6646e-01	1.6269e-04	1.1755e-36	1.1755e-36	1.1755e-36	7.4210e-18	0.00e+00	0.00e+00	6.4189e+00
9.99311e+16	5.5315e+03	1.101e-20	7.7426e+01	4.9547e+01	3.9765e-08	3.9008e-01	6.0992e-01	6.6948e-01	3.3050e-01	1.9367e-05	7.8188e-11	2.0652e-02	9.5263e-01	2.6713e-02	1.1755e-36	4.4683e-01	5.5302e-01	1.5034e-04	1.1755e-36	1.1755e-36	1.1755e-36	8.9778e-18	0.00e+00	0.00e+00	6.6035e+00
1.00870e+17	5.5108e+03	1.073e-20	7.7426e+01	4.8533e+01	4.4332e-08	4.0244e-01	5.9756e-01	6.7611e-01	3.2387e-01	1.9059e-05	8.7575e-11	2.0380e-02	9.5367e-01	2.5948e-02	1.1755e-36	4.5969e-01	5.4017e-01	1.3946e-04	1.1755e-36	1.1755e-36	1.1755e-36	1.0793e-17	0.00e+00	0.00e+00	6.7825e+00
1.01766e+17	5.4882e+03	1.046e-20	7.7426e+01	4.7546e+01	4.9374e-08	4.1455e-01	5.8545e-01	6.8247e-01	3.1751e-01	1.8767e-05	9.7885e-11	2.0106e-02	9.5467e-01	2.5224e-02	1.1755e-36	4.7222e-01	5.2765e-01	1.2965e-04	1.1755e-36	1.1755e-36	1.1755e-36	1.2956e-17	0.00e+00	0.00e+00	6.9615e+00
1.02640e+17	5.4631e+03	1.019e-20	7.7426e+01	4.6568e+01	5.5080e-08	4.2666e-01	5.7334e-01	6.8868e-01	3.1130e-01	1.8484e-05	1.0946e-10	1.9826e-02	9.5565e-01	2.4526e-02	1.1755e-36	4.8468e-01	5.1520e-01	1.2064e-04	1.1755e-36	1.1755e-36	1.1755e-36	1.5599e-17	0.00e+00	0.00e+00	7.1418e+00
1.03490e+17	5.4352e+03	9.921e-21	7.7426e+01	4.5599e+01	6.1537e-08	4.3867e-01	5.6133e-01	6.9469e-01	3.0529e-01	1.8213e-05	1.2242e-10	1.9540e-02	9.5660e-01	2.3858e-02	1.1755e-36	4.9698e-01	5.0290e-01	1.1239e-04	1.1755e-36	1.1755e-36	1.1755e-36	1.8827e-17	0.00e+00	0.00e+00	7.3208e+00
1.04305e+17	5.4057e+03	9.657e-21	7.7426e+01	4.4649e+01	6.8689e-08	4.5038e-01	5.4962e-01	7.0041e-01	2.9957e-01	1.7961e-05	1.3667e-10	1.9252e-02	9.5752e-01	2.3230e-02	1.1755e-36	5.0891e-01	4.9099e-01	1.0495e-04	1.1755e-36	1.1755e-36	1.1755e-36	2.2701e-17	0.00e+00	0.00e+00	7.4959e+00
1.05084e+17	5.3753e+03	9.399e-21	7.7426e+01	4.3725e+01	7.6533e-08	4.6174e-01	5.3826e-01	7.0585e-01	2.9414e-01	1.7727e-05	1.5225e-10	1.8965e-02	9.5839e-01	2.2640e-02	1.1755e-36	5.2043e-01	4.7948e-01	9.8231e-05	1.1755e-36	1.1755e-36	1.1755e-36	2.7326e-17	0.00e+00	0.00e+00	7.6684e+00
1.05839e+17	5.3437e+03	9.146e-21	7.7426e+01	4.2821e+01	8.5255e-08	4.7291e-01	5.2709e-01	7.1110e-01	2.8889e-01	1.7503e-05	1.6958e-10	1.8679e-02	9.5924e-01	2.2076e-02	1.1755e-36	5.3169e-01	4.6822e-01	9.2070e-05	1.1755e-36	1.1755e-36	1.1755e-36	3.2935e-17	0.00e+00	0.00e+00	7.8407e+00
1.06576e+17	5.3103e+03	8.897e-21	7.7426e+01	4.1929e+01	9.5064e-08	4.8398e-01	5.1602e-01	7.1620e-01	2.8378e-01	1.7287e-05	1.8906e-10	1.8391e-02	9.6008e-01	2.1533e-02	1.1755e-36	5.4280e-01	4.5712e-01	8.6374e-05	1.1755e-36	1.1755e-36	1.1755e-36	3.9828e-17	0.00e+00	0.00e+00	8.0131e+00
1.07293e+17	5.2749e+03	8.652e-21	7.7426e+01	4.1052e+01	1.0612e-07	4.9489e-01	5.0511e-01	7.2115e-01	2.7883e-01	1.7080e-05	2.1095e-10	1.8103e-02	9.6088e-01	2.1012e-02	1.1755e-36	5.5369e-01	4.4623e-01	8.1127e-05	1.1755e-36	1.1755e-36	1.1755e-36	4.8324e-17	0.00e+00	0.00e+00	8.1840e+00
1.07985e+17	5.2381e+03	8.414e-21	7.7426e+01	4.0195e+01	1.1845e-07	5.0551e-01	4.9449e-01	7.2588e-01	2.7410e-01	1.6885e-05	2.3532e-10	1.7817e-02	9.6166e-01	2.0519e-02	1.1755e-36	5.6424e-01	4.3568e-01	7.6341e-05	1.1755e-36	1.1755e-36	1.1755e-36	5.8705e-17	0.00e+00	0.00e+00	8.3514e+00
1.08649e+17	5.2009e+03	8.185e-21	7.7426e+01	3.9363e+01	1.3201e-07	5.1577e-01	4.8423e-01	7.3038e-01	2.6960e-01	1.6703e-05	2.6222e-10	1.7536e-02	9.6241e-01	2.0054e-02	1.1755e-36	5.7440e-01	4.2553e-01	7.1985e-05	1.1755e-36	1.1755e-36	1.1755e-36	7.1271e-17	0.00e+00	0.00e+00	8.5155e+00
1.09292e+17	5.1632e+03	7.961e-21	7.7426e+01	3.8555e+01	1.4699e-07	5.2577e-01	4.7423e-01	7.3471e-01	2.6528e-01	1.6529e-05	2.9220e-10	1.7258e-02	9.6313e-01	1.9611e-02	1.1755e-36	5.8425e-01	4.1568e-01	6.7975e-05	1.1755e-36	1.1755e-36	1.1755e-36	8.6621e-17	0.00e+00	0.00e+00	8.6785e+00
1.09920e+17	5.1248e+03	7.743e-21	7.7426e+01	3.7763e+01	1.6371e-07	5.3562e-01	4.6438e-01	7.3892e-01	2.6107e-01	1.6362e-05	3.2601e-10	1.6983e-02	9.6383e-01	1.9183e-02	1.1755e-36	5.9391e-01	4.0602e-01	6.4243e-05	1.1755e-36	1.1755e-36	1.1755e-36	1.0560e-16	0.00e+00	0.00e+00	8.8414e+00
1.10536e+17	5.0852e+03	7.529e-21	7.7426e+01	3.6984e+01	1.8249e-07	5.4533e-01	4.5467e-01	7.4302e-01	2.5697e-01	1.6200e-05	3.6438e-10	1.6710e-02	9.6452e-01	1.8770e-02	1.1755e-36	6.0340e-01	3.9654e-01	6.0761e-05	1.1755e-36	1.1755e-36	1.1755e-36	1.2927e-16	0.00e+00	0.00e+00	9.0038e+00
1.11136e+17	5.0439e+03	7.320e-21	7.7426e+01	3.6220e+01	2.0375e-07	5.5487e-01	4.4513e-01	7.4700e-01	2.5298e-01	1.6042e-05	4.0812e-10	1.6439e-02	9.6519e-01	1.8372e-02	1.1755e-36	6.1267e-01	3.8727e-01	5.7528e-05	1.1755e-36	1.1755e-36	1.1755e-36	1.5902e-16	0.00e+00	0.00e+00	9.1643e+00
1.11716e+17	5.0013e+03	7.120e-21	7.7426e+01	3.5477e+01	2.2758e-07	5.6411e-01	4.3588e-01	7.5082e-01	2.4917e-01	1.5892e-05	4.5753e-10	1.6175e-02	9.6583e-01	1.7994e-02	1.1755e-36	6.2163e-01	3.7832e-01	5.4560e-05	1.1755e-36	1.1755e-36	1.1755e-36	1.9613e-16	0.00e+00	0.00e+00	9.3208e+00
1.12270e+17	4.9584e+03	6.929e-21	7.7426e+01	3.4762e+01	2.5376e-07	5.7297e-01	4.2703e-01	7.5443e-01	2.4555e-01	1.5751e-05	5.0521e-10	1.5918e-02	9.6646e-01	1.7627e-02	1.1755e-36	6.3018e-01	3.6977e-01	5.1855e-05	1.1755e-36	1.1755e-36	1.1755e-36	2.3526e-16	0.00e+00	0.00e+00	9.4724e+00
1.12803e+17	4.9156e+03	6.747e-21	7.7426e+01	3.4072e+01	2.8255e-07	5.8151e-01	4.1849e-01	7.5789e-01	2.4209e-01	1.5617e-05	5.5683e-10	1.5668e-02	9.6706e-01	1.7276e-02	1.1755e-36	6.3839e-01	3.6156e-01	4.9365e-05	1.1755e-36	1.1755e-36	1.1755e-36	2.8147e-16	0.00e+00	0.00e+00	9.6217e+00
1.13323e+17	4.8726e+03	6.569e-21	7.7426e+01	3.3401e+01	3.1454e-07	5.8986e-01	4.1014e-01	7.6125e-01	2.3873e-01	1.5487e-05	6.1367e-10	1.5424e-02	9.6764e-01	1.6937e-02	1.1755e-36	6.4639e-01	3.5356e-01	4.7036e-05	1.1755e-36	1.1755e-36	1.1755e-36	3.3691e-16	0.00e+00	0.00e+00	9.7703e+00
1.13834e+17	4.8295e+03	6.396e-21	7.7426e+01	3.2743e+01	3.5011e-07	5.9806e-01	4.0194e-01	7.6453e-01	2.3546e-01	1.5361e-05	6.7646e-10	1.5183e-02	9.6821e-01	1.6608e-02	1.1755e-36	6.5422e-01	3.4574e-01	4.4844e-05	1.1755e-36	1.1755e-36	1.1755e-36	4.0364e-16	0.00e+00	0.00e+00	9.9184e+00
1.14337e+17	4.7858e+03	6.226e-21	7.7426e+01	3.2088e+01	3.8981e-07	6.0605e-01	3.9395e-01	7.6769e-01	2.3229e-01	1.5244e-05	7.4552e-10	1.4941e-02	9.6877e-01	1.6293e-02	1.1755e-36	6.6182e-01	3.3813e-01	4.2790e-05	1.1755e-36	1.1755e-36	1.1755e-36	4.8381e-16	0.00e+00	0.00e+00	1.0066e+01
1.14831e+17	4.7401e+03	6.063e-21	7.7426e+01	3.1464e+01	4.3579e-07	6.1410e-01	3.8590e-01	7.7089e-01	2.2909e-01	1.5113e-05	8.2477e-10	1.4711e-02	9.6931e-01	1.5974e-02	1.1755e-36	6.6946e-01	3.3050e-01	4.0827e-05	1.1755e-36	1.1755e-36	1.1755e-36	5.8430e-16	0.00e+00	0.00e+00	1.0213e+01
1.15308e+17	4.6937e+03	5.906e-21	7.7426e+01	3.0848e+01	4.8697e-07	6.2177e-01	3.7822e-01	7.7389e-01	2.2609e-01	1.4997e-05	9.1077e-10	1.4482e-02	9.6984e-01	1.5677e-02	1.1755e-36	6.7671e-01	3.2325e-01	3.9032e-05	1.1755e-36	1.1755e-36	1.1755e-36	7.0419e-16	0.00e+00	0.00e+00	1.0354e+01
1.15761e+17	4.6535e+03	5.756e-21	7.7426e+01	3.0257e+01	5.3774e-07	6.2879e-01	3.7121e-01	7.7661e-01	2.2337e-01	1.4906e-05	9.9726e-10	1.4259e-02	9.7033e-01	1.5411e-02	1.1755e-36	6.8332e-01	3.1664e-01	3.7417e-05	1.1755e-36	1.1755e-36	1.1755e-36	8.3481e-16	0.00e+00	0.00e+00	1.0490e+01
1.16215e+17	4.6036e+03	5.609e-21	7.7426e+01	2.9665e+01	6.0413e-07	6.3620e-01	3.6380e-01	7.7951e-01	2.2047e-01	1.4787e-05	1.1047e-09	1.4040e-02	9.7084e-01	1.5124e-02	1.1755e-36	6.9028e-01	3.0968e-01	3.5819e-05	1.1755e-36	1.1755e-36	1.1755e-36	1.0137e-15	0.00e+00	0.00e+00	1.0635e+01
1.16662e+17	4.5569e+03	5.468e-21	7.7426e+01	2.9108e+01	6.7530e-07	6.4343e-01	3.5657e-01	7.8231e-01	2.1767e-01	1.4672e-05	1.2213e-09	1.3833e-02	9.7132e-01	1.4850e-02	1.1755e-36	6.9705e-01	3.0291e-01	3.4314e-05	1.1755e-36	1.1755e-36	1.1755e-36	1.2255e-15	0.00e+00	0.00e+00	1.0769e+01
1.17077e+17	4.5184e+03	5.335e-21	7.7426e+01	2.8575e+01	7.4228e-07	6.4976e-01	3.5024e-01	7.8471e-01	2.1528e-01	1.4596e-05	1.3326e-09	1.3629e-02	9.7176e-01	1.4616e-02	1.1755e-36	7.0297e-01	2.9700e-01	3.2998e-05	1.1755e-36	1.1755e-36	1.1755e-36	1.4443e-15	0.00e+00	0.00e+00	1.0898e+01
1.17502e+17	4.4675e+03	5.201e-21	7.7426e+01	2.8024e+01	8.3505e-07	6.5669e-01	3.4331e-01	7.8743e-01	2.1256e-01	1.4480e-05	1.4778e-09	1.3425e-02	9.7222e-01	1.4352e-02	1.1755e-36	7.0942e-01	2.9055e-01	3.1657e-05	1.1755e-36	1.1755e-36	1.1755e-36	1.7593e-15	0.00e+00	0.00e+00	1.1041e+01
1.17927e+17	4.4194e+03	5.072e-21	7.7426e+01	2.7503e+01	9.3548e-07	6.6355e-01	3.3645e-01	7.9008e-01	2.0991e-01	1.4366e-05	1.6370e-09	1.3231e-02	9.7267e-01	1.4097e-02	1.1755e-36	7.1578e-01	2.8419e-01	3.0373e-05	1.1755e-36	1.1755e-36	1.1755e-36	2.1368e-15	0.00e+00	0.00e+00	1.1172e+01
1.18316e+17	4.3826e+03	4.951e-21	7.7426e+01	2.7009e+01	1.0243e-06	6.6934e-01	3.3065e-01	7.9221e-01	2.0778e-01	1.4307e-05	1.7810e-09	1.3039e-02	9.7307e-01	1.3889e-02	1.1755e-36	7.2114e-01	2.7883e-01	2.9279e-05	1.1755e-36	1.1755e-36	1.1755e-36	2.5064e-15	0.00e+00	0.00e+00	1.1295e+01
1.18720e+17	4.3338e+03	4.829e-21	7.7426e+01	2.6506e+01	1.1480e-06	6.7585e-01	3.2415e-01	7.9479e-01	2.0520e-01	1.4192e-05	1.9728e-09	1.2852e-02	9.7350e-01	1.3644e-02	1.1755e-36	7.2715e-01	2.7282e-01	2.8124e-05	1.1755e-36	1.1755e-36	1.1755e-36	3.0444e-15	0.00e+00	0.00e+00	1.1438e+01
1.19137e+17	4.2846e+03	4.705e-21	7.7426e+01	2.5986e+01	1.2879e-06	6.8233e-01	3.1767e-01	7.9725e-01	2.0274e-01	1.4097e-05	2.1869e-09	1.2655e-02	9.7394e-01	1.3409e-02	1.1755e-36	7.3312e-01	2.6685e-01	2.7010e-05	1.1755e-36	1.1755e-36	1.1755e-36	3.7061e-15	0.00e+00	0.00e+00	1.1572e+01
1.19523e+17	4.2382e+03	4.592e-21	7.7426e+01	2.5507e+01	1.4349e-06	6.8830e-01	3.1170e-01	7.9950e-01	2.0049e-01	1.4009e-05	2.4091e-09	1.2475e-02	9.7433e-01	1.3194e-02	1.1755e-36	7.3861e-01	2.6137e-01	2.6017e-05	1.1755e-36	1.1755e-36	1.1755e-36	4.4588e-15	0.00e+00	0.00e+00	1.1696e+01
1.19888e+17	4.1892e+03	4.487e-21	7.7426e+01	2.5042e+01	1.6032e-06	6.9398e-01	3.0602e-01	8.0166e-01	1.9833e-01	1.3923e-05	2.6535e-09	1.2302e-02	9.7471e-01	1.2987e-02	1.1755e-36	7.4382e-01	2.5615e-01	2.5107e-05	1.1755e-36	1.1755e-36	1.1755e-36	5.3696e-15	0.00e+00	0.00e+00	1.1818e+01
1.20241e+17	4.1444e+03	4.388e-21	7.7426e+01	2.4621e+01	1.7775e-06	6.9949e-01	3.0050e-01	8.0379e-01	1.9619e-01	1.3827e-05	2.9112e-09	1.2145e-02	9.7507e-01	1.2787e-02	1.1755e-36	7.4888e-01	2.5109e-01	2.4239e-05	1.1755e-36	1.1755e-36	1.1755e-36	6.4077e-15	0.00e+00	0.00e+00	1.1936e+01
1.20588e+17	4.1008e+03	4.289e-21	7.7426e+01	2.4196e+01	1.9645e-06	7.0480e-01	2.9520e-01	8.0581e-01	1.9417e-01	1.3747e-05	3.1845e-09	1.1985e-02	9.7542e-01	1.2597e-02	1.1755e-36	7.5371e-01	2.4627e-01	2.3424e-05	1.1755e-36	1.1755e-36	1.1755e-36	7.6046e-15	0.00e+00	0.00e+00	1.2057e+01
1.20947e+17	4.0548e+03	4.188e-21	7.7426e+01	2.3740e+01	2.1788e-06	7.1010e-01	2.8990e-01	8.0781e-01	1.9217e-01	1.3678e-05	3.4895e-09	1.1812e-02	9.7578e-01	1.2408e-02	1.1755e-36	7.5854e-01	2.4144e-01	2.2620e-05	1.1755e-36	1.1755e-36	1.1755e-36	9.0609e-15	0.00e+00	0.00e+00	1.2185e+01
1.21318e+17	4.0097e+03	4.086e-21	7.7426e+01	2.3312e+01	2.4169e-06	7.1575e-01	2.8425e-01	8.1002e-01	1.8997e-01	1.3582e-05	3.8384e-09	1.1652e-02	9.7614e-01	1.2205e-02	1.1755e-36	7.6366e-01	2.3632e-01	2.1789e-05	1.1755e-36	1.1755e-36	1.1755e-36	1.0852e-14	0.00e+00	0.00e+00	1.2316e+01
1.21696e+17	3.9547e+03	3.985e-21	7.7426e+01	2.2853e+01	2.7234e-06	7.2154e-01	2.7846e-01	8.1228e-01	1.8771e-01	1.3478e-05	4.2583e-09	1.1485e-02	9.7652e-01	1.1997e-02	1.1755e-36	7.6892e-01	2.3106e-01	2.0980e-05	1.1755e-36	1.1755e-36	1.1755e-36	1.3241e-14	0.00e+00	0.00e+00	1.2450e+01
###########################
2.63448e+13	5.7229e+03	1.831e-20	7.7426e+01	7.7298e+01	3.6100e-10	5.7500e-02	9.4250e-01	2.4998e-01	7.4994e-01	7.5705e-05	4.2010e-13	1.3434e-02	8.4904e-01	1.3753e-01	1.2412e-06	7.0379e-02	9.2425e-01	5.3679e-03	1.1755e-36	1.1755e-36	1.1755e-36	5.7069e-21	0.00e+00	0.00e+00	1.4814e-03
1.58069e+14	5.7156e+03	1.841e-20	7.7426e+01	7.7886e+01	3.6870e-10	5.7892e-02	9.4211e-01	2.5166e-01	7.4826e-01	7.4852e-05	4.3067e-13	1.3522e-02	8.5003e-01	1.3644e-01	1.2232e-06	7.0860e-02	9.2381e-01	5.3269e-03	1.1755e-36	1.1755e-36	1.1755e-36	5.9148e-21	0.00e+00	0.00e+00	7.4475e-03
6.84966e+14	5.6937e+03	1.834e-20	7.7426e+01	7.7936e+01	3.7995e-10	5.8040e-02	9.4196e-01	2.5298e-01	7.4695e-01	7.4228e-05	4.3436e-13	1.3544e-02	8.5087e-01	1.3558e-01	1.2084e-06	7.1055e-02	9.2365e-01	5.2960e-03	1.1755e-36	1.1755e-36	1.1755e-36	5.9613e-21	0.00e+00	0.00e+00	3.1372e-02
2.79255e+15	5.6313e+03	1.808e-20	7.7426e+01	7.7837e+01	4.2178e-10	5.8910e-02	9.4109e-01	2.5791e-01	7.4201e-01	7.2104e-05	4.5224e-13	1.3696e-02	8.5384e-01	1.3246e-01	1.1520e-06	7.2168e-02	9.2269e-01	5.1444e-03	1.1755e-36	1.1755e-36	1.1755e-36	6.2203e-21	0.00e+00	0.00e+00	1.2851e-01
6.67051e+15	5.4195e+03	1.734e-20	7.7426e+01	7.7816e+01	5.3859e-10	5.8766e-02	9.4123e-01	2.6494e-01	7.3499e-01	6.8710e-05	4.5540e-13	1.3732e-02	8.5842e-01	1.2785e-01	1.0934e-06	7.2139e-02	9.2280e-01	5.0652e-03	1.1755e-36	1.1755e-36	1.1755e-36	6.0728e-21	0.00e+00	0.00e+00	2.5447e-01
1.04398e+16	5.2327e+03	1.673e-20	7.7426e+01	7.7778e+01	6.7647e-10	5.8630e-02	9.4137e-01	2.7091e-01	7.2903e-01	6.5966e-05	4.5788e-13	1.3761e-02	8.6223e-01	1.2401e-01	1.0449e-06	7.2105e-02	9.2290e-01	4.9934e-03	1.1755e-36	1.1755e-36	1.1755e-36	5.9677e-21	0.00e+00	0.00e+00	3.4492e-01
1.33429e+16	5.1412e+03	1.643e-20	7.7426e+01	7.7691e+01	7.8212e-10	5.9319e-02	9.4068e-01	2.7621e-01	7.2372e-01	6.3942e-05	4.7396e-13	1.3898e-02	8.6522e-01	1.2088e-01	9.9517e-07	7.3022e-02	9.2212e-01	4.8561e-03	1.1755e-36	1.1755e-36	1.1755e-36	6.1898e-21	0.00e+00	0.00e+00	4.2182e-01
1.63920e+16	5.0850e+03	1.625e-20	7.7426e+01	7.7587e+01	8.9466e-10	6.0929e-02	9.3907e-01	2.8327e-01	7.1667e-01	6.1638e-05	5.0873e-13	1.4165e-02	8.6874e-01	1.1709e-01	9.2803e-07	7.5048e-02	9.2032e-01	4.6296e-03	1.1755e-36	1.1755e-36	1.1755e-36	6.7787e-21	0.00e+00	0.00e+00	5.2451e-01
2.03557e+16	5.0316e+03	1.605e-20	7.7426e+01	7.7382e+01	1.0496e-09	6.3357e-02	9.3664e-01	2.9285e-01	7.0710e-01	5.8807e-05	5.6304e-13	1.4554e-02	8.7320e-01	1.1224e-01	8.4336e-07	7.8080e-02	9.1760e-01	4.3232e-03	1.1755e-36	1.1755e-36	1.1755e-36	7.7486e-21	0.00e+00	0.00e+00	6.6332e-01
2.55086e+16	4.9860e+03	1.585e-20	7.7426e+01	7.7058e+01	1.2716e-09	6.7132e-02	9.3287e-01	3.0623e-01	6.9371e-01	5.5295e-05	6.5300e-13	1.5122e-02	8.7891e-01	1.0596e-01	7.3763e-07	8.2762e-02	9.1332e-01	3.9144e-03	1.1755e-36	1.1755e-36	1.1755e-36	9.4541e-21	0.00e+00	0.00e+00	8.5453e-01
3.22073e+16	4.9565e+03	1.562e-20	7.7426e+01	7.6304e+01	1.5982e-09	7.3001e-02	9.2700e-01	3.2493e-01	6.7502e-01	5.1040e-05	8.0534e-13	1.5912e-02	8.8598e-01	9.8104e-02	6.1277e-07	8.9992e-02	9.0662e-01	3.3919e-03	1.1755e-36	1.1755e-36	1.1755e-36	1.2551e-20	0.00e+00	0.00e+00	1.1248e+00
4.01758e+16	4.9588e+03	1.544e-20	7.7426e+01	7.5464e+01	2.0582e-09	8.1877e-02	9.1812e-01	3.4970e-01	6.5025e-01	4.6366e-05	1.0760e-12	1.6980e-02	8.9416e-01	8.8862e-02	4.8004e-07	1.0084e-01	8.9637e-01	2.7953e-03	1.1755e-36	1.1755e-36	1.1755e-36	1.8699e-20	0.00e+00	0.00e+00	1.4597e+00
4.82410e+16	5.0067e+03	1.533e-20	7.7426e+01	7.4380e+01	2.6015e-09	9.3650e-02	9.0635e-01	3.7763e-01	6.2232e-01	4.2117e-05	1.5096e-12	1.8174e-02	9.0204e-01	7.9785e-02	3.6455e-07	1.1510e-01	8.8267e-01	2.2301e-03	1.1755e-36	1.1755e-36	1.1755e-36	2.9934e-20	0.00e+00	0.00e+00	1.8153e+00
5.61132e+16	5.0881e+03	1.523e-20	7.7426e+01	7.2975e+01	3.2885e-09	1.0922e-01	8.9078e-01	4.0960e-01	5.9036e-01	3.8017e-05	2.2228e-12	1.9441e-02	9.0973e-01	7.0827e-02	2.6724e-07	1.3379e-01	8.6449e-01	1.7193e-03	1.1755e-36	1.1755e-36	1.1755e-36	5.1068e-20	0.00e+00	0.00e+00	2.2414e+00
6.37008e+16	5.1968e+03	1.512e-20	7.7426e+01	7.1163e+01	4.1675e-09	1.2927e-01	8.7073e-01	4.4418e-01	5.5578e-01	3.4346e-05	3.4016e-12	2.0644e-02	9.1688e-01	6.2471e-02	1.9108e-07	1.5760e-01	8.4111e-01	1.2885e-03	1.1755e-36	1.1755e-36	1.1755e-36	9.1989e-20	0.00e+00	0.00e+00	2.6963e+00
7.02402e+16	5.3097e+03	1.497e-20	7.7426e+01	6.9145e+01	5.2555e-09	1.5246e-01	8.4754e-01	4.7752e-01	5.2245e-01	3.1362e-05	5.1837e-12	2.1606e-02	9.2298e-01	5.5416e-02	1.3795e-07	1.8481e-01	8.1422e-01	9.6744e-04	1.1755e-36	1.1755e-36	1.1755e-36	1.6528e-19	0.00e+00	0.00e+00	3.1347e+00
7.56396e+16	5.4132e+03	1.473e-20	7.7426e+01	6.7020e+01	6.5335e-09	1.7706e-01	8.2294e-01	5.0777e-01	4.9220e-01	2.8977e-05	7.6418e-12	2.2248e-02	9.2802e-01	4.9728e-02	1.1755e-36	2.1332e-01	7.8594e-01	7.4076e-04	1.1755e-36	1.1755e-36	1.1755e-36	2.8424e-19	0.00e+00	0.00e+00	3.5604e+00
8.03842e+16	5.4803e+03	1.444e-20	7.7426e+01	6.4811e+01	8.4305e-09	2.0442e-01	7.9558e-01	5.3679e-01	4.6318e-01	2.6864e-05	1.1228e-11	2.2668e-02	9.3264e-01	4.4687e-02	1.1755e-36	2.4465e-01	7.5478e-01	5.7046e-04	1.1755e-36	1.1755e-36	1.1755e-36	4.9067e-19	0.00e+00	0.00e+00	4.0173e+00
8.48892e+16	5.5415e+03	1.397e-20	7.7426e+01	6.2132e+01	1.0980e-08	2.3540e-01	7.6460e-01	5.6584e-01	4.3413e-01	2.4949e-05	1.6521e-11	2.2781e-02	9.3704e-01	4.0175e-02	1.1755e-36	2.7961e-01	7.1995e-01	4.3621e-04	1.1755e-36	1.1755e-36	1.1755e-36	8.5145e-19	0.00e+00	0.00e+00	4.5281e+00
8.80641e+16	5.5869e+03	1.358e-20	7.7426e+01	5.9996e+01	1.3413e-08	2.6127e-01	7.3873e-01	5.8592e-01	4.1406e-01	2.3832e-05	2.2071e-11	2.2695e-02	9.4002e-01	3.7281e-02	1.1755e-36	3.0840e-01	6.9124e-01	3.5716e-04	1.1755e-36	1.1755e-36	1.1755e-36	1.2985e-18	0.00e+00	0.00e+00	4.7723e+00
8.95467e+16	5.6007e+03	1.336e-20	7.7426e+01	5.8902e+01	1.4907e-08	2.7452e-01	7.2548e-01	5.9542e-01	4.0456e-01	2.3331e-05	2.5410e-11	2.2601e-02	9.4147e-01	3.5931e-02	1.1755e-36	3.2301e-01	6.7667e-01	3.2393e-04	1.1755e-36	1.1755e-36	1.1755e-36	1.5987e-18	0.00e+00	0.00e+00	4.9137e+00
9.05992e+16	5.6049e+03	1.317e-20	7.7426e+01	5.8084e+01	1.6201e-08	2.8444e-01	7.1556e-01	6.0295e-01	3.9702e-01	2.2881e-05	2.8220e-11	2.2512e-02	9.4256e-01	3.4923e-02	1.1755e-36	3.3389e-01	6.6581e-01	3.0131e-04	1.1755e-36	1.1755e-36	1.1755e-36	1.8656e-18	0.00e+00	0.00e+00	5.0599e+00
9.17832e+16	5.6056e+03	1.295e-20	7.7426e+01	5.7134e+01	1.7909e-08	2.9620e-01	7.0380e-01	6.1167e-01	3.8831e-01	2.2356e-05	3.1892e-11	2.2395e-02	9.4383e-01	3.3770e-02	1.1755e-36	3.4674e-01	6.5298e-01	2.7698e-04	1.1755e-36	1.1755e-36	1.1755e-36	2.2364e-18	0.00e+00	0.00e+00	5.2505e+00
9.31319e+16	5.6040e+03	1.267e-20	7.7426e+01	5.5991e+01	2.0123e-08	3.1002e-01	6.8998e-01	6.2111e-01	3.7887e-01	2.1841e-05	3.6641e-11	2.2222e-02	9.4526e-01	3.2517e-02	1.1755e-36	3.6175e-01	6.3800e-01	2.5157e-04	1.1755e-36	1.1755e-36	1.1755e-36	2.7552e-18	0.00e+00	0.00e+00	5.4598e+00
9.44496e+16	5.5950e+03	1.241e-20	7.7426e+01	5.4911e+01	2.2840e-08	3.2460e-01	6.7540e-01	6.3068e-01	3.6930e-01	2.1298e-05	4.2368e-11	2.2053e-02	9.4667e-01	3.1275e-02	1.1755e-36	3.7748e-01	6.2229e-01	2.2829e-04	1.1755e-36	1.1755e-36	1.1755e-36	3.4390e-18	0.00e+00	0.00e+00	5.6590e+00
9.56043e+16	5.5898e+03	1.214e-20	7.7426e+01	5.3838e+01	2.5381e-08	3.3741e-01	6.6259e-01	6.3863e-01	3.6135e-01	2.0903e-05	4.7865e-11	2.1840e-02	9.4788e-01	3.0278e-02	1.1755e-36	3.9120e-01	6.0859e-01	2.0978e-04	1.1755e-36	1.1755e-36	1.1755e-36	4.1465e-18	0.00e+00	0.00e+00	5.8329e+00
9.66585e+16	5.5805e+03	1.188e-20	7.7426e+01	5.2823e+01	2.8144e-08	3.4967e-01	6.5033e-01	6.4612e-01	3.5386e-01	2.0524e-05	5.3750e-11	2.1625e-02	9.4902e-01	2.9356e-02	1.1755e-36	4.0427e-01	5.9554e-01	1.9371e-04	1.1755e-36	1.1755e-36	1.1755e-36	4.9619e-18	0.00e+00	0.00e+00	6.0131e+00
9.77220e+16	5.5669e+03	1.160e-20	7.7426e+01	5.1784e+01	3.1433e-08	3.6257e-01	6.3743e-01	6.5379e-01	3.4619e-01	2.0134e-05	6.0677e-11	2.1393e-02	9.5018e-01	2.8427e-02	1.1755e-36	4.1794e-01	5.8188e-01	1.7844e-04	1.1755e-36	1.1755e-36	1.1755e-36	5.9992e-18	0.00e+00	0.00e+00	6.2033e+00
9.87715e+16	5.5500e+03	1.132e-20	7.7426e+01	5.0724e+01	3.5210e-08	3.7568e-01	6.2432e-01	6.6131e-01	3.3867e-01	1.9762e-05	6.8546e-11	2.1141e-02	9.5133e-01	2.7533e-02	1.1755e-36	4.3175e-01	5.6809e-01	1.6441e-04	1.1755e-36	1.1755e-36	1.1755e-36	7.2787e-18	0.00e+00	0.00e+00	6.3917e+00
9.97625e+16	5.5314e+03	1.104e-20	7.7426e+01	4.9684e+01	3.9322e-08	3.8835e-01	6.1165e-01	6.6833e-01	3.3165e-01	1.9428e-05	7.7039e-11	2.0877e-02	9.5241e-01	2.6712e-02	1.1755e-36	4.4503e-01	5.5482e-01	1.5205e-04	1.1755e-36	1.1755e-36	1.1755e-36	8.7791e-18	0.00e+00	0.00e+00	6.5732e+00
1.00698e+17	5.5114e+03	1.077e-20	7.7426e+01	4.8678e+01	4.3789e-08	4.0064e-01	5.9936e-01	6.7496e-01	3.2502e-01	1.9119e-05	8.6234e-11	2.0610e-02	9.5344e-01	2.5948e-02	1.1755e-36	4.5782e-01	5.4204e-01	1.4108e-04	1.1755e-36	1.1755e-36	1.1755e-36	1.0540e-17	0.00e+00	0.00e+00	6.7523e+00
1.01603e+17	5.4889e+03	1.050e-20	7.7426e+01	4.7686e+01	4.8811e-08	4.1286e-01	5.8714e-01	6.8140e-01	3.1858e-01	1.8820e-05	9.6499e-11	2.0337e-02	9.5445e-01	2.5215e-02	1.1755e-36	4.7048e-01	5.2938e-01	1.3106e-04	1.1755e-36	1.1755e-36	1.1755e-36	1.2673e-17	0.00e+00	0.00e+00	6.9332e+00
1.02487e+17	5.4635e+03	1.022e-20	7.7426e+01	4.6700e+01	5.4526e-08	4.2509e-01	5.7491e-01	6.8769e-01	3.1229e-01	1.8532e-05	1.0805e-10	2.0057e-02	9.5543e-01	2.4510e-02	1.1755e-36	4.8308e-01	5.1680e-01	1.2186e-04	1.1755e-36	1.1755e-36	1.1755e-36	1.5289e-17	0.00e+00	0.00e+00	7.1143e+00
1.03338e+17	5.4359e+03	9.953e-21	7.7426e+01	4.5728e+01	6.0908e-08	4.3709e-01	5.6291e-01	6.9370e-01	3.0628e-01	1.8262e-05	1.2081e-10	1.9772e-02	9.5638e-01	2.3844e-02	1.1755e-36	4.9538e-01	5.0451e-01	1.1354e-04	1.1755e-36	1.1755e-36	1.1755e-36	1.8444e-17	0.00e+00	0.00e+00	7.2919e+00
1.04150e+17	5.4072e+03	9.690e-21	7.7426e+01	4.4781e+01	6.7896e-08	4.4872e-01	5.5128e-01	6.9939e-01	3.0059e-01	1.8013e-05	1.3473e-10	1.9485e-02	9.5729e-01	2.3221e-02	1.1755e-36	5.0723e-01	4.9266e-01	1.0606e-04	1.1755e-36	1.1755e-36	1.1755e-36	2.2195e-17	0.00e+00	0.00e+00	7.4659e+00
1.04932e+17	5.3773e+03	9.432e-21	7.7426e+01	4.3857e+01	7.5628e-08	4.6011e-01	5.3989e-01	7.0486e-01	2.9513e-01	1.7777e-05	1.5011e-10	1.9200e-02	9.5817e-01	2.2629e-02	1.1755e-36	5.1879e-01	4.8112e-01	9.9244e-05	1.1755e-36	1.1755e-36	1.1755e-36	2.6711e-17	0.00e+00	0.00e+00	7.6393e+00
1.05694e+17	5.3457e+03	9.178e-21	7.7426e+01	4.2946e+01	8.4308e-08	4.7140e-01	5.2860e-01	7.1017e-01	2.8981e-01	1.7549e-05	1.6734e-10	1.8912e-02	9.5903e-01	2.2059e-02	1.1755e-36	5.3017e-01	4.6974e-01	9.2958e-05	1.1755e-36	1.1755e-36	1.1755e-36	3.2237e-17	0.00e+00	0.00e+00	7.8130e+00
1.06437e+17	5.3120e+03	8.927e-21	7.7426e+01	4.2048e+01	9.4101e-08	4.8256e-01	5.1744e-01	7.1533e-01	2.8465e-01	1.7330e-05	1.8671e-10	1.8623e-02	9.5986e-01	2.1512e-02	1.1755e-36	5.4137e-01	4.5854e-01	8.7166e-05	1.1755e-36	1.1755e-36	1.1755e-36	3.9036e-17	0.00e+00	0.00e+00	7.9857e+00
1.07155e+17	5.2767e+03	8.682e-21	7.7426e+01	4.1169e+01	1.0506e-07	4.9346e-01	5.0654e-01	7.2028e-01	2.7971e-01	1.7123e-05	2.0829e-10	1.8334e-02	9.6067e-01	2.0993e-02	1.1755e-36	5.5227e-01	4.4765e-01	8.1876e-05	1.1755e-36	1.1755e-36	1.1755e-36	4.7349e-17	0.00e+00	0.00e+00	8.1555e+00
1.07844e+17	5.2406e+03	8.445e-21	7.7426e+01	4.0314e+01	1.1712e-07	5.0401e-01	4.9599e-01	7.2498e-01	2.7501e-01	1.6931e-05	2.3209e-10	1.8049e-02	9.6145e-01	2.0504e-02	1.1755e-36	5.6277e-01	4.3716e-01	7.7071e-05	1.1755e-36	1.1755e-36	1.1755e-36	5.7397e-17	0.00e+00	0.00e+00	8.3217e+00
1.08509e+17	5.2040e+03	8.215e-21	7.7426e+01	3.9483e+01	1.3043e-07	5.1428e-01	4.8572e-01	7.2949e-01	2.7049e-01	1.6748e-05	2.5851e-10	1.7767e-02	9.6219e-01	2.0040e-02	1.1755e-36	5.7293e-01	4.2699e-01	7.2667e-05	1.1755e-36	1.1755e-36	1.1755e-36	6.9611e-17	0.00e+00	0.00e+00	8.4864e+00
1.09158e+17	5.1666e+03	7.990e-21	7.7426e+01	3.8670e+01	1.4527e-07	5.2438e-01	4.7562e-01	7.3387e-01	2.6612e-01	1.6572e-05	2.8821e-10	1.7488e-02	9.6292e-01	1.9592e-02	1.1755e-36	5.8289e-01	4.1704e-01	6.8580e-05	1.1755e-36	1.1755e-36	1.1755e-36	8.4654e-17	0.00e+00	0.00e+00	8.6509e+00
1.09793e+17	5.1279e+03	7.769e-21	7.7426e+01	3.7870e+01	1.6194e-07	5.3435e-01	4.6565e-01	7.3813e-01	2.6185e-01	1.6402e-05	3.2184e-10	1.7209e-02	9.6363e-01	1.9160e-02	1.1755e-36	5.9267e-01	4.0726e-01	6.4773e-05	1.1755e-36	1.1755e-36	1.1755e-36	1.0336e-16	0.00e+00	0.00e+00	8.8151e+00
1.10412e+17	5.0876e+03	7.554e-21	7.7426e+01	3.7085e+01	1.8077e-07	5.4414e-01	4.5586e-01	7.4227e-01	2.5771e-01	1.6237e-05	3.6006e-10	1.6934e-02	9.6432e-01	1.8745e-02	1.1755e-36	6.0224e-01	3.9770e-01	6.1243e-05	1.1755e-36	1.1755e-36	1.1755e-36	1.2676e-16	0.00e+00	0.00e+00	8.9775e+00
1.11010e+17	5.0460e+03	7.346e-21	7.7426e+01	3.6320e+01	2.0186e-07	5.5365e-01	4.4635e-01	7.4624e-01	2.5374e-01	1.6081e-05	4.0313e-10	1.6663e-02	9.6499e-01	1.8351e-02	1.1755e-36	6.1149e-01	3.8845e-01	5.8002e-05	1.1755e-36	1.1755e-36	1.1755e-36	1.5586e-16	0.00e+00	0.00e+00	9.1361e+00
1.11584e+17	5.0046e+03	7.148e-21	7.7426e+01	3.5582e+01	2.2497e-07	5.6276e-01	4.3724e-01	7.4999e-01	2.4999e-01	1.5936e-05	4.5089e-10	1.6398e-02	9.6562e-01	1.7980e-02	1.1755e-36	6.2033e-01	3.7962e-01	5.5047e-05	1.1755e-36	1.1755e-36	1.1755e-36	1.9140e-16	0.00e+00	0.00e+00	9.2904e+00
1.12137e+17	4.9628e+03	6.957e-21	7.7426e+01	3.4870e+01	2.5044e-07	5.7160e-01	4.2840e-01	7.5361e-01	2.4637e-01	1.5795e-05	4.9800e-10	1.6141e-02	9.6624e-01	1.7615e-02	1.1755e-36	6.2887e-01	3.7108e-01	5.2318e-05	1.1755e-36	1.1755e-36	1.1755e-36	2.2963e-16	0.00e+00	0.00e+00	9.4430e+00
1.12679e+17	4.9205e+03	6.771e-21	7.7426e+01	3.4173e+01	2.7883e-07	5.8028e-01	4.1972e-01	7.5713e-01	2.4285e-01	1.5659e-05	5.4931e-10	1.5888e-02	9.6685e-01	1.7260e-02	1.1755e-36	6.3721e-01	3.6274e-01	4.9762e-05	1.1755e-36	1.1755e-36	1.1755e-36	2.7499e-16	0.00e+00	0.00e+00	9.5953e+00
1.13211e+17	4.8763e+03	6.589e-21	7.7426e+01	3.3478e+01	3.1116e-07	5.8878e-01	4.1122e-01	7.6056e-01	2.3942e-01	1.5529e-05	6.0638e-10	1.5634e-02	9.6745e-01	1.6917e-02	1.1755e-36	6.4536e-01	3.5459e-01	4.7372e-05	1.1755e-36	1.1755e-36	1.1755e-36	3.3021e-16	0.00e+00	0.00e+00	9.7471e+00
1.13728e+17	4.8307e+03	6.415e-21	7.7426e+01	3.2820e+01	3.4802e-07	5.9723e-01	4.0277e-01	7.6395e-01	2.3603e-01	1.5389e-05	6.7085e-10	1.5393e-02	9.6803e-01	1.6578e-02	1.1755e-36	6.5343e-01	3.4653e-01	4.5123e-05	1.1755e-36	1.1755e-36	1.1755e-36	3.9838e-16	0.00e+00	0.00e+00	9.8952e+00
1.14221e+17	4.7927e+03	6.247e-21	7.7426e+01	3.2174e+01	3.8363e-07	6.0485e-01	3.9515e-01	7.6694e-01	2.3304e-01	1.5292e-05	7.3432e-10	1.5150e-02	9.6857e-01	1.6283e-02	1.1755e-36	6.6069e-01	3.3927e-01	4.3121e-05	1.1755e-36	1.1755e-36	1.1755e-36	4.7105e-16	0.00e+00	0.00e+00	1.0037e+01
1.14719e+17	4.7464e+03	6.079e-21	7.7426e+01	3.1524e+01	4.2915e-07	6.1288e-01	3.8712e-01	7.7011e-01	2.2987e-01	1.5171e-05	8.1198e-10	1.4908e-02	9.6912e-01	1.5967e-02	1.1755e-36	6.6830e-01	3.3166e-01	4.1139e-05	1.1755e-36	1.1755e-36	1.1755e-36	5.6865e-16	0.00e+00	0.00e+00	1.0192e+01
1.15221e+17	4.7002e+03	5.914e-21	7.7426e+01	3.0880e+01	4.8027e-07	6.2089e-01	3.7911e-01	7.7324e-01	2.2675e-01	1.5054e-05	8.9914e-10	1.4667e-02	9.6967e-01	1.5659e-02	1.1755e-36	6.7587e-01	3.2410e-01	3.9242e-05	1.1755e-36	1.1755e-36	1.1755e-36	6.8844e-16	0.00e+00	0.00e+00	1.0339e+01
1.15693e+17	4.6493e+03	5.762e-21	7.7426e+01	3.0275e+01	5.4090e-07	6.2864e-01	3.7136e-01	7.7628e-01	2.2370e-01	1.4925e-05	9.9816e-10	1.4444e-02	9.7020e-01	1.5360e-02	1.1755e-36	6.8318e-01	3.1678e-01	3.7513e-05	1.1755e-36	1.1755e-36	1.1755e-36	8.3900e-16	0.00e+00	0.00e+00	1.0480e+01
1.16125e+17	4.6113e+03	5.621e-21	7.7426e+01	2.9724e+01	5.9461e-07	6.3536e-01	3.6464e-01	7.7881e-01	2.2117e-01	1.4843e-05	1.0896e-09	1.4233e-02	9.7066e-01	1.5111e-02	1.1755e-36	6.8948e-01	3.1048e-01	3.6023e-05	1.1755e-36	1.1755e-36	1.1755e-36	9.8910e-16	0.00e+00	0.00e+00	1.0607e+01
1.16555e+17	4.5617e+03	5.483e-21	7.7426e+01	2.9167e+01	6.6695e-07	6.4243e-01	3.5757e-01	7.8163e-01	2.1835e-01	1.4720e-05	1.2050e-09	1.4027e-02	9.7114e-01	1.4837e-02	1.1755e-36	6.9612e-01	3.0385e-01	3.4547e-05	1.1755e-36	1.1755e-36	1.1755e-36	1.1976e-15	0.00e+00	0.00e+00	1.0748e+01
1.16989e+17	4.5152e+03	5.347e-21	7.7426e+01	2.8627e+01	7.4505e-07	6.4945e-01	3.5055e-01	7.8436e-01	2.1562e-01	1.4605e-05	1.3314e-09	1.3823e-02	9.7160e-01	1.4574e-02	1.1755e-36	7.0268e-01	2.9729e-01	3.3129e-05	1.1755e-36	1.1755e-36	1.1755e-36	1.4465e-15	0.00e+00	0.00e+00	1.0881e+01
1.17396e+17	4.4758e+03	5.219e-21	7.7426e+01	2.8105e+01	8.2015e-07	6.5569e-01	3.4431e-01	7.8672e-01	2.1327e-01	1.4529e-05	1.4541e-09	1.3623e-02	9.7203e-01	1.4346e-02	1.1755e-36	7.0849e-01	2.9147e-01	3.1875e-05	1.1755e-36	1.1755e-36	1.1755e-36	1.7087e-15	0.00e+00	0.00e+00	1.1008e+01
1.17811e+17	4.4261e+03	5.089e-21	7.7426e+01	2.7570e+01	9.2038e-07	6.6240e-01	3.3760e-01	7.8933e-01	2.1065e-01	1.4420e-05	1.6097e-09	1.3422e-02	9.7248e-01	1.4094e-02	1.1755e-36	7.1472e-01	2.8525e-01	3.0609e-05	1.1755e-36	1.1755e-36	1.1755e-36	2.0747e-15	0.00e+00	0.00e+00	1.1148e+01
1.18227e+17	4.3781e+03	4.964e-21	7.7426e+01	2.7061e+01	1.0308e-06	6.6911e-01	3.3089e-01	7.9192e-01	2.0806e-01	1.4308e-05	1.7827e-09	1.3231e-02	9.7292e-01	1.3848e-02	1.1755e-36	7.2093e-01	2.7904e-01	2.9386e-05	1.1755e-36	1.1755e-36	1.1755e-36	2.5191e-15	0.00e+00	0.00e+00	1.1279e+01
1.18612e+17	4.3397e+03	4.846e-21	7.7426e+01	2.6573e+01	1.1315e-06	6.7485e-01	3.2515e-01	7.9405e-01	2.0594e-01	1.4246e-05	1.9428e-09	1.3040e-02	9.7332e-01	1.3643e-02	1.1755e-36	7.2625e-01	2.7372e-01	2.8330e-05	1.1755e-36	1.1755e-36	1.1755e-36	2.9653e-15	0.00e+00	0.00e+00	1.1401e+01
1.19007e+17	4.2946e+03	4.726e-21	7.7426e+01	2.6068e+01	1.2583e-06	6.8095e-01	3.1905e-01	7.9637e-01	2.0362e-01	1.4163e-05	2.1381e-09	1.2847e-02	9.7373e-01	1.3421e-02	1.1755e-36	7.3185e-01	2.6812e-01	2.7262e-05	1.1755e-36	1.1755e-36	1.1755e-36	3.5588e-15	0.00e+00	0.00e+00	1.1540e+01
1.19423e+17	4.2433e+03	4.605e-21	7.7426e+01	2.5572e+01	1.4186e-06	6.8765e-01	3.1235e-01	7.9900e-01	2.0098e-01	1.4040e-05	2.3830e-09	1.2661e-02	9.7416e-01	1.3176e-02	1.1755e-36	7.3801e-01	2.6196e-01	2.6148e-05	1.1755e-36	1.1755e-36	1.1755e-36	4.3738e-15	0.00e+00	0.00e+00	1.1680e+01
1.19814e+17	4.1949e+03	4.492e-21	7.7426e+01	2.5084e+01	1.5864e-06	6.9365e-01	3.0635e-01	8.0124e-01	1.9874e-01	1.3955e-05	2.6319e-09	1.2476e-02	9.7456e-01	1.2964e-02	1.1755e-36	7.4352e-01	2.5646e-01	2.5177e-05	1.1755e-36	1.1755e-36	1.1755e-36	5.2909e-15	0.00e+00	0.00e+00	1.1804e+01
1.20171e+17	4.1502e+03	4.390e-21	7.7426e+01	2.4643e+01	1.7583e-06	6.9913e-01	3.0087e-01	8.0331e-01	1.9667e-01	1.3874e-05	2.8849e-09	1.2309e-02	9.7492e-01	1.2770e-02	1.1755e-36	7.4853e-01	2.5145e-01	2.4311e-05	1.1755e-36	1.1755e-36	1.1755e-36	6.3067e-15	0.00e+00	0.00e+00	1.1923e+01
1.20522e+17	4.1048e+03	4.290e-21	7.7426e+01	2.4199e+01	1.9490e-06	7.0444e-01	2.9556e-01	8.0531e-01	1.9468e-01	1.3801e-05	3.1596e-09	1.2140e-02	9.7528e-01	1.2581e-02	1.1755e-36	7.5338e-01	2.4660e-01	2.3490e-05	1.1755e-36	1.1755e-36	1.1755e-36	7.5082e-15	0.00e+00	0.00e+00	1.2045e+01
1.20881e+17	4.0588e+03	4.190e-21	7.7426e+01	2.3759e+01	2.1637e-06	7.0991e-01	2.9009e-01	8.0738e-01	1.9261e-01	1.3720e-05	3.4691e-09	1.1973e-02	9.7564e-01	1.2389e-02	1.1755e-36	7.5836e-01	2.4162e-01	2.2667e-05	1.1755e-36	1.1755e-36	1.1755e-36	8.9759e-15	0.00e+00	0.00e+00	1.2171e+01
1.21245e+17	4.0116e+03	4.089e-21	7.7426e+01	2.3313e+01	2.4060e-06	7.1543e-01	2.8457e-01	8.0944e-01	1.9055e-01	1.3642e-05	3.8141e-09	1.1805e-02	9.7600e-01	1.2198e-02	1.1755e-36	7.6337e-01	2.3660e-01	2.1859e-05	1.1755e-36	1.1755e-36	1.1755e-36	1.0759e-14	0.00e+00	0.00e+00	1.2299e+01
1.21609e+17	3.9612e+03	3.990e-21	7.7426e+01	2.2877e+01	2.6912e-06	7.2119e-01	2.7880e-01	8.1160e-01	1.8839e-01	1.3545e-05	4.2146e-09	1.1644e-02	9.7635e-01	1.2001e-02	1.1755e-36	7.6860e-01	2.3138e-01	2.1052e-05	1.1755e-36	1.1755e-36	1.1755e-36	1.3020e-14	0.00e+00	0.00e+00	1.2427e+01
###########################
2.63448e+13	5.7229e+03	1.831e-20	7.7426e+01	7.7298e+01	3.6100e-10	5.7500e-02	9.4250e-01	2.4998e-01	7.4994e-01	7.5705e-05	4.2010e-13	1.3434e-02	8.4904e-01	1.3753e-01	1.2412e-06	7.0379e-02	9.2425e-01	5.3679e-03	1.1755e-36	1.1755e-36	1.1755e-36	5.7069e-21	0.00e+00	0.00e+00	1.4814e-03
1.58069e+14	5.7156e+03	1.841e-20	7.7426e+01	7.7886e+01	3.6869e-10	5.7892e-02	9.4211e-01	2.5166e-01	7.4826e-01	7.4852e-05	4.3067e-13	1.3522e-02	8.5003e-01	1.3644e-01	1.2232e-06	7.0860e-02	9.2381e-01	5.3269e-03	1.1755e-36	1.1755e-36	1.1755e-36	5.9148e-21	0.00e+00	0.00e+00	7.4475e-03
6.84966e+14	5.6937e+03	1.834e-20	7.7426e+01	7.7936e+01	3.7995e-10	5.8040e-02	9.4196e-01	2.5298e-01	7.4695e-01	7.4228e-05	4.3436e-13	1.3544e-02	8.5087e-01	1.3558e-01	1.2084e-06	7.1055e-02	9.2365e-01	5.2960e-03	1.1755e-36	1.1755e-36	1.1755e-36	5.9612e-21	0.00e+00	0.00e+00	3.1372e-02
2.79255e+15	5.6313e+03	1.808e-20	7.7426e+01	7.7837e+01	4.2178e-10	5.8910e-02	9.4109e-01	2.5791e-01	7.4201e-01	7.2104e-05	4.5223e-13	1.3696e-02	8.5384e-01	1.3246e-01	1.1520e-06	7.2168e-02	9.2269e-01	5.1444e-03	1.1755e-36	1.1755e-36	1.1755e-36	6.2202e-21	0.00e+00	0.00e+00	1.2851e-01
6.67051e+15	5.4195e+03	1.734e-20	7.7426e+01	7.7816e+01	5.3859e-10	5.8766e-02	9.4123e-01	2.6494e-01	7.3499e-01	6.8710e-05	4.5540e-13	1.3732e-02	8.5842e-01	1.2785e-01	1.0934e-06	7.2139e-02	9.2280e-01	5.0652e-03	1.1755e-36	1.1755e-36	1.1755e-36	6.0728e-21	0.00e+00	0.00e+00	2.5447e-01
1.04398e+16	5.2327e+03	1.673e-20	7.7426e+01	7.7778e+01	6.7647e-10	5.8630e-02	9.4137e-01	2.7091e-01	7.2903e-01	6.5966e-05	4.5788e-13	1.3761e-02	8.6223e-01	1.2401e-01	1.0449e-06	7.2105e-02	9.2290e-01	4.9934e-03	1.1755e-36	1.1755e-36	1.1755e-36	5.9677e-21	0.00e+00	0.00e+00	3.4492e-01
1.33429e+16	5.1412e+03	1.643e-20	7.7426e+01	7.7691e+01	7.8212e-10	5.9319e-02	9.4068e-01	2.7621e-01	7.2372e-01	6.3942e-05	4.7396e-13	1.3898e-02	8.6522e-01	1.2088e-01	9.9517e-07	7.3022e-02	9.2212e-01	4.8561e-03	1.1755e-36	1.1755e-36	1.1755e-36	6.1898e-21	0.00e+00	0.00e+00	4.2182e-01
1.63920e+16	5.0850e+03	1.625e-20	7.7426e+01	7.7587e+01	8.9466e-10	6.0929e-02	9.3907e-01	2.8327e-01	7.1667e-01	6.1638e-05	5.0873e-13	1.4165e-02	8.6874e-01	1.1709e-01	9.2803e-07	7.5048e-02	9.2032e-01	4.6296e-03	1.1755e-36	1.1755e-36	1.1755e-36	6.7787e-21	0.00e+00	0.00e+00	5.2451e-01
2.03557e+16	5.0316e+03	1.605e-20	7.7426e+01	7.7382e+01	1.0496e-09	6.3357e-02	9.3664e-01	2.9285e-01	7.0710e-01	5.8807e-05	5.6304e-13	1.4554e-02	8.7320e-01	1.1224e-01	8.4336e-07	7.8080e-02	9.1760e-01	4.3232e-03	1.1755e-36	1.1755e-36	1.1755e-36	7.7486e-21	0.00e+00	0.00e+00	6.6332e-01
2.55086e+16	4.9860e+03	1.585e-20	7.7426e+01	7.7058e+01	1.2716e-09	6.7132e-02	9.3287e-01	3.0623e-01	6.9371e-01	5.5295e-05	6.5300e-13	1.5122e-02	8.7891e-01	1.0596e-01	7.3763e-07	8.2762e-02	9.1332e-01	3.9144e-03	1.1755e-36	1.1755e-36	1.1755e-36	9.4541e-21	0.00e+00	0.00e+00	8.5453e-01
3.22073e+16	4.9608e+03	1.561e-20	7.7426e+01	7.6304e+01	1.5867e-09	7.2956e-02	9.2704e-01	3.2479e-01	6.7515e-01	5.1081e-05	8.0403e-13	1.5908e-02	8.8593e-01	9.8159e-02	6.1343e-07	8.9935e-02	9.0667e-01	3.3929e-03	1.1755e-36	1.1755e-36	1.1755e-36	1.2522e-20	0.00e+00	0.00e+00	1.1247e+00
4.01783e+16	4.9668e+03	1.542e-20	7.7426e+01	7.5455e+01	2.0303e-09	8.1769e-02	9.1823e-01	3.4942e-01	6.5053e-01	4.6434e-05	1.0721e-12	1.6970e-02	8.9406e-01	8.8968e-02	4.8115e-07	1.0070e-01	8.9650e-01	2.7973e-03	1.1755e-36	1.1755e-36	1.1755e-36	1.8599e-20	0.00e+00	0.00e+00	1.4593e+00
4.82513e+16	5.0051e+03	1.533e-20	7.7426e+01	7.4413e+01	2.6095e-09	9.3692e-02	9.0631e-01	3.7771e-01	6.2225e-01	4.2100e-05	1.5121e-12	1.8179e-02	9.0207e-01	7.9747e-02	3.6423e-07	1.1515e-01	8.8262e-01	2.2294e-03	1.1755e-36	1.1755e-36	1.1755e-36	3.0015e-20	0.00e+00	0.00e+00	1.8155e+00
5.61267e+16	5.0881e+03	1.523e-20	7.7426e+01	7.2978e+01	3.2889e-09	1.0923e-01	8.9077e-01	4.0962e-01	5.9034e-01	3.8014e-05	2.2235e-12	1.9443e-02	9.0974e-01	7.0819e-02	2.6717e-07	1.3380e-01	8.6448e-01	1.7190e-03	1.1755e-36	1.1755e-36	1.1755e-36	5.1091e-20	0.00e+00	0.00e+00	2.2414e+00
6.37194e+16	5.1968e+03	1.512e-20	7.7426e+01	7.1161e+01	4.1691e-09	1.2930e-01	8.7070e-01	4.4423e-01	5.5573e-01	3.4337e-05	3.4034e-12	2.0645e-02	9.1690e-01	6.2459e-02	1.9099e-07	1.5763e-01	8.4108e-01	1.2881e-03	1.1755e-36	1.1755e-36	1.1755e-36	9.2053e-20	0.00e+00	0.00e+00	2.6973e+00
7.02695e+16	5.3099e+03	1.497e-20	7.7426e+01	6.9139e+01	5.2598e-09	1.5253e-01	8.4747e-01	4.7763e-01	5.2234e-01	3.1349e-05	5.1903e-12	2.1609e-02	9.2300e-01	5.5394e-02	1.3780e-07	1.8490e-01	8.1414e-01	9.6658e-04	1.1755e-36	1.1755e-36	1.1755e-36	1.6557e-19	0.00e+00	0.00e+00	3.1365e+00
7.56717e+16	5.4064e+03	1.475e-20	7.7426e+01	6.7011e+01	6.6085e-09	1.7732e-01	8.2268e-01	5.0810e-01	4.9187e-01	2.8932e-05	7.6785e-12	2.2258e-02	9.2808e-01	4.9662e-02	1.1755e-36	2.1363e-01	7.8563e-01	7.3961e-04	1.1755e-36	1.1755e-36	1.1755e-36	2.8646e-19	0.00e+00	0.00e+00	3.5626e+00
8.03976e+16	5.4806e+03	1.444e-20	7.7426e+01	6.4805e+01	8.4329e-09	2.0447e-01	7.9553e-01	5.3681e-01	4.6316e-01	2.6865e-05	1.1234e-11	2.2667e-02	9.3265e-01	4.4684e-02	1.1755e-36	2.4471e-01	7.5472e-01	5.7021e-04	1.1755e-36	1.1755e-36	1.1755e-36	4.9111e-19	0.00e+00	0.00e+00	4.0162e+00
8.48885e+16	5.5444e+03	1.396e-20	7.7426e+01	6.2125e+01	1.0927e-08	2.3524e-01	7.6476e-01	5.6554e-01	4.3444e-01	2.4990e-05	1.6473e-11	2.2767e-02	9.3703e-01	4.0202e-02	1.1755e-36	2.7943e-01	7.2013e-01	4.3654e-04	1.1755e-36	1.1755e-36	1.1755e-36	8.4780e-19	0.00e+00	0.00e+00	4.5274e+00
8.80847e+16	5.5868e+03	1.358e-20	7.7426e+01	5.9987e+01	1.3428e-08	2.6138e-01	7.3862e-01	5.8601e-01	4.1397e-01	2.3825e-05	2.2098e-11	2.2694e-02	9.4004e-01	3.7267e-02	1.1755e-36	3.0852e-01	6.9113e-01	3.5685e-04	1.1755e-36	1.1755e-36	1.1755e-36	1.3008e-18	0.00e+00	0.00e+00	4.7763e+00
8.95812e+16	5.6009e+03	1.335e-20	7.7426e+01	5.8884e+01	1.4937e-08	2.7475e-01	7.2525e-01	5.9559e-01	4.0439e-01	2.3321e-05	2.5473e-11	2.2600e-02	9.4149e-01	3.5906e-02	1.1755e-36	3.2326e-01	6.7641e-01	3.2337e-04	1.1755e-36	1.1755e-36	1.1755e-36	1.6046e-18	0.00e+00	0.00e+00	4.9167e+00
9.06214e+16	5.6050e+03	1.317e-20	7.7426e+01	5.8074e+01	1.6216e-08	2.8456e-01	7.1544e-01	6.0304e-01	3.9694e-01	2.2875e-05	2.8255e-11	2.2511e-02	9.4258e-01	3.4912e-02	1.1755e-36	3.3403e-01	6.6567e-01	3.0105e-04	1.1755e-36	1.1755e-36	1.1755e-36	1.8691e-18	0.00e+00	0.00e+00	5.0607e+00
9.17950e+16	5.6056e+03	1.295e-20	7.7426e+01	5.7131e+01	1.7913e-08	2.9623e-01	7.0377e-01	6.1169e-01	3.8829e-01	2.2354e-05	3.1901e-11	2.2394e-02	9.4384e-01	3.3768e-02	1.1755e-36	3.4677e-01	6.5295e-01	2.7692e-04	1.1755e-36	1.1755e-36	1.1755e-36	2.2374e-18	0.00e+00	0.00e+00	5.2507e+00
9.31436e+16	5.6040e+03	1.267e-20	7.7426e+01	5.5988e+01	2.0130e-08	3.1006e-01	6.8994e-01	6.2114e-01	3.7884e-01	2.1838e-05	3.6654e-11	2.2221e-02	9.4526e-01	3.2514e-02	1.1755e-36	3.6179e-01	6.3796e-01	2.5150e-04	1.1755e-36	1.1755e-36	1.1755e-36	2.7567e-18	0.00e+00	0.00e+00	5.4607e+00
9.44650e+16	5.5949e+03	1.241e-20	7.7426e+01	5.4906e+01	2.2858e-08	3.2469e-01	6.7531e-01	6.3074e-01	3.6924e-01	2.1293e-05	4.2403e-11	2.2052e-02	9.4668e-01	3.1268e-02	1.1755e-36	3.7757e-01	6.2220e-01	2.2816e-04	1.1755e-36	1.1755e-36	1.1755e-36	3.4433e-18	0.00e+00	0.00e+00	5.6603e+00
9.56208e+16	5.5897e+03	1.214e-20	7.7426e+01	5.3830e+01	2.5401e-08	3.3750e-01	6.6250e-01	6.3868e-01	3.6130e-01	2.0898e-05	4.7907e-11	2.1839e-02	9.4789e-01	3.0271e-02	1.1755e-36	3.9130e-01	6.0849e-01	2.0965e-04	1.1755e-36	1.1755e-36	1.1755e-36	4.1522e-18	0.00e+00	0.00e+00	5.8342e+00
9.66741e+16	5.5804e+03	1.187e-20	7.7426e+01	5.2816e+01	2.8163e-08	3.4975e-01	6.5025e-01	6.4616e-01	3.5382e-01	2.0521e-05	5.3791e-11	2.1624e-02	9.4903e-01	2.9351e-02	1.1755e-36	4.0435e-01	5.9545e-01	1.9361e-04	1.1755e-36	1.1755e-36	1.1755e-36	4.9678e-18	0.00e+00	0.00e+00	6.0142e+00
9.77370e+16	5.5668e+03	1.160e-20	7.7426e+01	5.1777e+01	3.1453e-08	3.6265e-01	6.3735e-01	6.5384e-01	3.4614e-01	2.0130e-05	6.0722e-11	2.1392e-02	9.5019e-01	2.8422e-02	1.1755e-36	4.1802e-01	5.8180e-01	1.7835e-04	1.1755e-36	1.1755e-36	1.1755e-36	6.0060e-18	0.00e+00	0.00e+00	6.2045e+00
9.87866e+16	5.5499e+03	1.132e-20	7.7426e+01	5.0717e+01	3.5237e-08	3.7576e-01	6.2424e-01	6.6136e-01	3.3862e-01	1.9758e-05	6.8599e-11	2.1139e-02	9.5133e-01	2.7528e-02	1.1755e-36	4.3184e-01	5.6800e-01	1.6432e-04	1.1755e-36	1.1755e-36	1.1755e-36	7.2879e-18	0.00e+00	0.00e+00	6.3930e+00
9.97773e+16	5.5313e+03	1.104e-20	7.7426e+01	4.9678e+01	3.9352e-08	3.8844e-01	6.1156e-01	6.6838e-01	3.3160e-01	1.9424e-05	7.7099e-11	2.0876e-02	9.5242e-01	2.6707e-02	1.1755e-36	4.4511e-01	5.5473e-01	1.5197e-04	1.1755e-36	1.1755e-36	1.1755e-36	8.7900e-18	0.00e+00	0.00e+00	6.5744e+00
1.00712e+17	5.5113e+03	1.077e-20	7.7426e+01	4.8671e+01	4.3819e-08	4.0071e-01	5.9929e-01	6.7500e-01	3.2498e-01	1.9116e-05	8.6294e-11	2.0609e-02	9.5345e-01	2.5944e-02	1.1755e-36	4.5790e-01	5.4196e-01	1.4102e-04	1.1755e-36	1.1755e-36	1.1755e-36	1.0552e-17	0.00e+00	0.00e+00	6.7534e+00
1.01617e+17	5.4888e+03	1.049e-20	7.7426e+01	4.7680e+01	4.8844e-08	4.1294e-01	5.8706e-01	6.8144e-01	3.1854e-01	1.8817e-05	9.6566e-11	2.0336e-02	9.5445e-01	2.5211e-02	1.1755e-36	4.7056e-01	5.2931e-01	1.3100e-04	1.1755e-36	1.1755e-36	1.1755e-36	1.2688e-17	0.00e+00	0.00e+00	6.9344e+00
1.02501e+17	5.4633e+03	1.022e-20	7.7426e+01	4.6693e+01	5.4565e-08	4.2517e-01	5.7483e-01	6.8773e-01	3.1225e-01	1.8529e-05	1.0813e-10	2.0055e-02	9.5544e-01	2.4505e-02	1.1755e-36	4.8316e-01	5.1672e-01	1.2180e-04	1.1755e-36	1.1755e-36	1.1755e-36	1.5308e-17	0.00e+00	0.00e+00	7.1155e+00
1.03352e+17	5.4357e+03	9.951e-21	7.7426e+01	4.5721e+01	6.0953e-08	4.3717e-01	5.6283e-01	6.9374e-01	3.0624e-01	1.8259e-05	1.2090e-10	1.9770e-02	9.5639e-01	2.3839e-02	1.1755e-36	4.9546e-01	5.0443e-01	1.1348e-04	1.1755e-36	1.1755e-36	1.1755e-36	1.8467e-17	0.00e+00	0.00e+00	7.2931e+00
1.04164e+17	5.4070e+03	9.689e-21	7.7426e+01	4.4774e+01	6.7945e-08	4.4880e-01	5.5120e-01	6.9943e-01	3.0056e-01	1.8010e-05	1.3483e-10	1.9484e-02	9.5730e-01	2.3217e-02	1.1755e-36	5.0731e-01	4.9258e-01	1.0601e-04	1.1755e-36	1.1755e-36	1.1755e-36	2.2222e-17	0.00e+00	0.00e+00	7.4670e+00
1.04945e+17	5.3771e+03	9.431e-21	7.7426e+01	4.3851e+01	7.5680e-08	4.6019e-01	5.3981e-01	7.0489e-01	2.9509e-01	1.7774e-05	1.5021e-10	1.9198e-02	9.5818e-01	2.2625e-02	1.1755e-36	5.1886e-01	4.8104e-01	9.9202e-05	1.1755e-36	1.1755e-36	1.1755e-36	2.6743e-17	0.00e+00	0.00e+00	7.6404e+00
1.05708e+17	5.3455e+03	9.176e-21	7.7426e+01	4.2941e+01	8.4365e-08	4.7147e-01	5.2853e-01	7.1020e-01	2.8978e-01	1.7547e-05	1.6745e-10	1.8910e-02	9.5903e-01	2.2056e-02	1.1755e-36	5.3024e-01	4.6966e-01	9.2920e-05	1.1755e-36	1.1755e-36	1.1755e-36	3.2275e-17	0.00e+00	0.00e+00	7.8141e+00
1.06451e+17	5.3118e+03	8.925e-21	7.7426e+01	4.2043e+01	9.4166e-08	4.8263e-01	5.1737e-01	7.1536e-01	2.8462e-01	1.7328e-05	1.8684e-10	1.8621e-02	9.5987e-01	2.1509e-02	1.1755e-36	5.4145e-01	4.5847e-01	8.7129e-05	1.1755e-36	1.1755e-36	1.1755e-36	3.9084e-17	0.00e+00	0.00e+00	7.9869e+00
1.07168e+17	5.2764e+03	8.680e-21	7.7426e+01	4.1163e+01	1.0514e-07	4.9353e-01	5.0647e-01	7.2031e-01	2.7968e-01	1.7121e-05	2.0844e-10	1.8332e-02	9.6068e-01	2.0990e-02	1.1755e-36	5.5234e-01	4.4757e-01	8.1842e-05	1.1755e-36	1.1755e-36	1.1755e-36	4.7410e-17	0.00e+00	0.00e+00	8.1566e+00
1.07857e+17	5.2404e+03	8.444e-21	7.7426e+01	4.0308e+01	1.1721e-07	5.0408e-01	4.9592e-01	7.2501e-01	2.7498e-01	1.6929e-05	2.3226e-10	1.8047e-02	9.6145e-01	2.0501e-02	1.1755e-36	5.6284e-01	4.3709e-01	7.7040e-05	1.1755e-36	1.1755e-36	1.1755e-36	5.7471e-17	0.00e+00	0.00e+00	8.3228e+00
1.08522e+17	5.2038e+03	8.213e-21	7.7426e+01	3.9478e+01	1.3052e-07	5.1435e-01	4.8565e-01	7.2952e-01	2.7047e-01	1.6746e-05	2.5869e-10	1.7765e-02	9.6220e-01	2.0037e-02	1.1755e-36	5.7300e-01	4.2693e-01	7.2639e-05	1.1755e-36	1.1755e-36	1.1755e-36	6.9697e-17	0.00e+00	0.00e+00	8.4874e+00
1.09170e+17	5.1663e+03	7.988e-21	7.7426e+01	3.8665e+01	1.4537e-07	5.2445e-01	4.7555e-01	7.3389e-01	2.6609e-01	1.6570e-05	2.8840e-10	1.7486e-02	9.6292e-01	1.9590e-02	1.1755e-36	5.8295e-01	4.1698e-01	6.8555e-05	1.1755e-36	1.1755e-36	1.1755e-36	8.4757e-17	0.00e+00	0.00e+00	8.6520e+00
1.09805e+17	5.1277e+03	7.767e-21	7.7426e+01	3.7865e+01	1.6204e-07	5.3441e-01	4.6559e-01	7.3816e-01	2.6183e-01	1.6400e-05	3.2206e-10	1.7208e-02	9.6363e-01	1.9158e-02	1.1755e-36	5.9273e-01	4.0720e-01	6.4750e-05	1.1755e-36	1.1755e-36	1.1755e-36	1.0348e-16	0.00e+00	0.00e+00	8.8161e+00
1.10425e+17	5.0874e+03	7.552e-21	7.7426e+01	3.7080e+01	1.8089e-07	5.4421e-01	4.5579e-01	7.4230e-01	2.5769e-01	1.6235e-05	3.6032e-10	1.6932e-02	9.6433e-01	1.8742e-02	1.1755e-36	6.0230e-01	3.9764e-01	6.1219e-05	1.1755e-36	1.1755e-36	1.1755e-36	1.2693e-16	0.00e+00	0.00e+00	8.9786e+00
1.11023e+17	5.0457e+03	7.345e-21	7.7426e+01	3.6315e+01	2.0202e-07	5.5371e-01	4.4629e-01	7.4627e-01	2.5372e-01	1.6078e-05	4.0346e-10	1.6661e-02	9.6499e-01	1.8348e-02	1.1755e-36	6.1156e-01	3.8839e-01	5.7979e-05	1.1755e-36	1.1755e-36	1.1755e-36	1.5609e-16	0.00e+00	0.00e+00	9.1373e+00
1.11596e+17	5.0043e+03	7.146e-21	7.7426e+01	3.5577e+01	2.2514e-07	5.6283e-01	4.3717e-01	7.5002e-01	2.4997e-01	1.5934e-05	4.5124e-10	1.6397e-02	9.6563e-01	1.7978e-02	1.1755e-36	6.2039e-01	3.7956e-01	5.5027e-05	1.1755e-36	1.1755e-36	1.1755e-36	1.9168e-16	0.00e+00	0.00e+00	9.2915e+00
1.12149e+17	4.9625e+03	6.956e-21	7.7426e+01	3.4865e+01	2.5062e-07	5.7166e-01	4.2834e-01	7.5363e-01	2.4635e-01	1.5793e-05	4.9832e-10	1.6140e-02	9.6625e-01	1.7613e-02	1.1755e-36	6.2892e-01	3.7103e-01	5.2301e-05	1.1755e-36	1.1755e-36	1.1755e-36	2.2990e-16	0.00e+00	0.00e+00	9.4439e+00
1.12690e+17	4.9202e+03	6.770e-21	7.7426e+01	3.4169e+01	2.7902e-07	5.8033e-01	4.1967e-01	7.5715e-01	2.4283e-01	1.5657e-05	5.4964e-10	1.5886e-02	9.6686e-01	1.7258e-02	1.1755e-36	6.3726e-01	3.6269e-01	4.9747e-05	1.1755e-36	1.1755e-36	1.1755e-36	2.7530e-16	0.00e+00	0.00e+00	9.5962e+00
1.13222e+17	4.8762e+03	6.588e-21	7.7426e+01	3.3474e+01	3.1131e-07	5.8882e-01	4.1118e-01	7.6058e-01	2.3941e-01	1.5527e-05	6.0669e-10	1.5633e-02	9.6745e-01	1.6916e-02	1.1755e-36	6.4541e-01	3.5454e-01	4.7358e-05	1.1755e-36	1.1755e-36	1.1755e-36	3.3051e-16	0.00e+00	0.00e+00	9.7480e+00
1.13740e+17	4.8305e+03	6.414e-21	7.7426e+01	3.2816e+01	3.4827e-07	5.9728e-01	4.0271e-01	7.6398e-01	2.3601e-01	1.5387e-05	6.7131e-10	1.5392e-02	9.6803e-01	1.6576e-02	1.1755e-36	6.5349e-01	3.4647e-01	4.5107e-05	1.1755e-36	1.1755e-36	1.1755e-36	3.9888e-16	0.00e+00	0.00e+00	9.8964e+00
1.14234e+17	4.7912e+03	6.245e-21	7.7426e+01	3.2167e+01	3.8469e-07	6.0495e-01	3.9505e-01	7.6699e-01	2.3300e-01	1.5287e-05	7.3564e-10	1.5148e-02	9.6857e-01	1.6279e-02	1.1755e-36	6.6078e-01	3.3917e-01	4.3103e-05	1.1755e-36	1.1755e-36	1.1755e-36	4.7277e-16	0.00e+00	0.00e+00	1.0038e+01
1.14727e+17	4.7423e+03	6.081e-21	7.7426e+01	3.1524e+01	4.3195e-07	6.1301e-01	3.8699e-01	7.7019e-01	2.2980e-01	1.5158e-05	8.1494e-10	1.4911e-02	9.6913e-01	1.5960e-02	1.1755e-36	6.6843e-01	3.3153e-01	4.1133e-05	1.1755e-36	1.1755e-36	1.1755e-36	5.7308e-16	0.00e+00	0.00e+00	1.0190e+01
1.15211e+17	4.6957e+03	5.923e-21	7.7426e+01	3.0917e+01	4.8346e-07	6.2092e-01	3.7908e-01	7.7329e-01	2.2669e-01	1.5029e-05	9.0217e-10	1.4686e-02	9.6966e-01	1.5653e-02	1.1755e-36	6.7591e-01	3.2405e-01	3.9280e-05	1.1755e-36	1.1755e-36	1.1755e-36	6.9354e-16	0.00e+00	0.00e+00	1.0330e+01
1.15659e+17	4.6598e+03	5.774e-21	7.7426e+01	3.0336e+01	5.2995e-07	6.2776e-01	3.7224e-01	7.7589e-01	2.2410e-01	1.4953e-05	9.8326e-10	1.4463e-02	9.7014e-01	1.5399e-02	1.1755e-36	6.8234e-01	3.1762e-01	3.7680e-05	1.1755e-36	1.1755e-36	1.1755e-36	8.1446e-16	0.00e+00	0.00e+00	1.0463e+01
1.16123e+17	4.6122e+03	5.622e-21	7.7426e+01	2.9729e+01	5.9344e-07	6.3523e-01	3.6477e-01	7.7884e-01	2.2115e-01	1.4838e-05	1.0880e-09	1.4234e-02	9.7066e-01	1.5110e-02	1.1755e-36	6.8936e-01	3.1060e-01	3.6035e-05	1.1755e-36	1.1755e-36	1.1755e-36	9.8581e-16	0.00e+00	0.00e+00	1.0617e+01
1.16602e+17	4.5611e+03	5.470e-21	7.7426e+01	2.9131e+01	6.6986e-07	6.4304e-01	3.5696e-01	7.8190e-01	2.1809e-01	1.4707e-05	1.2129e-09	1.4012e-02	9.7117e-01	1.4815e-02	1.1755e-36	6.9668e-01	3.0329e-01	3.4408e-05	1.1755e-36	1.1755e-36	1.1755e-36	1.2108e-15	0.00e+00	0.00e+00	1.0762e+01
1.17036e+17	4.5097e+03	5.336e-21	7.7426e+01	2.8585e+01	7.5445e-07	6.5019e-01	3.4981e-01	7.8466e-01	2.1532e-01	1.4584e-05	1.3462e-09	1.3810e-02	9.7164e-01	1.4546e-02	1.1755e-36	7.0336e-01	2.9660e-01	3.2994e-05	1.1755e-36	1.1755e-36	1.1755e-36	1.4773e-15	0.00e+00	0.00e+00	1.0891e+01
1.17420e+17	4.4745e+03	5.215e-21	7.7426e+01	2.8101e+01	8.2341e-07	6.5604e-01	3.4396e-01	7.8684e-01	2.1314e-01	1.4517e-05	1.4605e-09	1.3623e-02	9.7204e-01	1.4335e-02	1.1755e-36	7.0880e-01	2.9117e-01	3.1821e-05	1.1755e-36	1.1755e-36	1.1755e-36	1.7226e-15	0.00e+00	0.00e+00	1.1007e+01
1.17816e+17	4.4235e+03	5.092e-21	7.7426e+01	2.7590e+01	9.2514e-07	6.6260e-01	3.3740e-01	7.8946e-01	2.1052e-01	1.4396e-05	1.6166e-09	1.3433e-02	9.7248e-01	1.4084e-02	1.1755e-36	7.1491e-01	2.8506e-01	3.0591e-05	1.1755e-36	1.1755e-36	1.1755e-36	2.0915e-15	0.00e+00	0.00e+00	1.1147e+01
1.18229e+17	4.3844e+03	4.964e-21	7.7426e+01	2.7064e+01	1.0183e-06	6.6872e-01	3.3128e-01	7.9173e-01	2.0826e-01	1.4333e-05	1.7672e-09	1.3227e-02	9.7291e-01	1.3866e-02	1.1755e-36	7.2058e-01	2.7939e-01	2.9427e-05	1.1755e-36	1.1755e-36	1.1755e-36	2.4753e-15	0.00e+00	0.00e+00	1.1276e+01
1.18639e+17	4.3363e+03	4.839e-21	7.7426e+01	2.6551e+01	1.1404e-06	6.7528e-01	3.2472e-01	7.9428e-01	2.0571e-01	1.4227e-05	1.9569e-09	1.3034e-02	9.7334e-01	1.3624e-02	1.1755e-36	7.2663e-01	2.7334e-01	2.8257e-05	1.1755e-36	1.1755e-36	1.1755e-36	3.0052e-15	0.00e+00	0.00e+00	1.1417e+01
1.19054e+17	4.2878e+03	4.716e-21	7.7426e+01	2.6034e+01	1.2779e-06	6.8175e-01	3.1824e-01	7.9673e-01	2.0326e-01	1.4132e-05	2.1677e-09	1.2837e-02	9.7377e-01	1.3391e-02	1.1755e-36	7.3259e-01	2.6738e-01	2.7140e-05	1.1755e-36	1.1755e-36	1.1755e-36	3.6529e-15	0.00e+00	0.00e+00	1.1551e+01
1.19441e+17	4.2413e+03	4.603e-21	7.7426e+01	2.5553e+01	1.4240e-06	6.8775e-01	3.1225e-01	7.9899e-01	2.0100e-01	1.4045e-05	2.3884e-09	1.2654e-02	9.7417e-01	1.3176e-02	1.1755e-36	7.3810e-01	2.6187e-01	2.6138e-05	1.1755e-36	1.1755e-36	1.1755e-36	4.3964e-15	0.00e+00	0.00e+00	1.1676e+01
1.19809e+17	4.1920e+03	4.496e-21	7.7426e+01	2.5084e+01	1.5921e-06	6.9348e-01	3.0652e-01	8.0116e-01	1.9883e-01	1.3958e-05	2.6323e-09	1.2478e-02	9.7455e-01	1.2970e-02	1.1755e-36	7.4337e-01	2.5660e-01	2.5216e-05	1.1755e-36	1.1755e-36	1.1755e-36	5.3009e-15	0.00e+00	0.00e+00	1.1799e+01
1.20162e+17	4.1473e+03	4.396e-21	7.7426e+01	2.4660e+01	1.7654e-06	6.9903e-01	3.0097e-01	8.0330e-01	1.9668e-01	1.3863e-05	2.8887e-09	1.2319e-02	9.7491e-01	1.2771e-02	1.1755e-36	7.4846e-01	2.5151e-01	2.4340e-05	1.1755e-36	1.1755e-36	1.1755e-36	6.3287e-15	0.00e+00	0.00e+00	1.1917e+01
1.20509e+17	4.1039e+03	4.297e-21	7.7426e+01	2.4233e+01	1.9509e-06	7.0435e-01	2.9565e-01	8.0531e-01	1.9467e-01	1.3784e-05	3.1597e-09	1.2157e-02	9.7526e-01	1.2582e-02	1.1755e-36	7.5330e-01	2.4668e-01	2.3520e-05	1.1755e-36	1.1755e-36	1.1755e-36	7.5108e-15	0.00e+00	0.00e+00	1.2037e+01
1.20869e+17	4.0517e+03	4.198e-21	7.7426e+01	2.3788e+01	2.1907e-06	7.1005e-01	2.8995e-01	8.0755e-01	1.9244e-01	1.3680e-05	3.4956e-09	1.1994e-02	9.7563e-01	1.2379e-02	1.1755e-36	7.5850e-01	2.4148e-01	2.2682e-05	1.1755e-36	1.1755e-36	1.1755e-36	9.1178e-15	0.00e+00	0.00e+00	1.2165e+01
1.21221e+17	4.0098e+03	4.100e-21	7.7426e+01	2.3358e+01	2.4112e-06	7.1526e-01	2.8474e-01	8.0942e-01	1.9057e-01	1.3620e-05	3.8140e-09	1.1828e-02	9.7597e-01	1.2202e-02	1.1755e-36	7.6323e-01	2.3675e-01	2.1909e-05	1.1755e-36	1.1755e-36	1.1755e-36	1.0767e-14	0.00e+00	0.00e+00	1.2283e+01
1.21574e+17	3.9606e+03	4.002e-21	7.7426e+01	2.2924e+01	2.6884e-06	7.2080e-01	2.7920e-01	8.1149e-01	1.8849e-01	1.3533e-05	4.1998e-09	1.1668e-02	9.7632e-01	1.2013e-02	1.1755e-36	7.6825e-01	2.3173e-01	2.1128e-05	1.1755e-36	1.1755e-36	1.1755e-36	1.2947e-14	0.00e+00	0.00e+00	1.2412e+01
