#depth	Te	Htot	hden	eden	2H_2/H	HI	HII	HeI	HeII	HeIII	CO/C	C1	C2	C3	C4	O1	O2	O3	O4	O5	O6	H2O/O	AV(point)	AV(extend)	Tau912
5.40562e+10	8.9014e+03	2.599e-14	1.0000e+05	1.0800e+05	7.0260e-15	4.7726e-03	9.9523e-01	2.5638e-02	9.7314e-01	1.2185e-03	3.5075e-16	4.7378e-04	3.2682e-01	6.7240e-01	3.0633e-04	4.0904e-03	7.5149e-01	2.4435e-01	6.3360e-05	1.1755e-36	1.1755e-36	2.3603e-24	0.00e+00	0.00e+00	3.2580e-04
3.24337e+11	8.8986e+03	2.598e-14	1.0000e+05	1.0798e+05	7.0326e-15	4.7700e-03	9.9523e-01	2.5638e-02	9.7314e-01	1.2175e-03	3.5027e-16	4.7298e-04	3.2683e-01	6.7239e-01	3.0710e-04	4.0878e-03	7.5142e-01	2.4443e-01	6.3175e-05	1.1755e-36	1.1755e-36	2.3551e-24	0.00e+00	0.00e+00	1.6283e-03
1.40546e+12	8.8920e+03	2.593e-14	1.0000e+05	1.0798e+05	7.0459e-15	4.7666e-03	9.9523e-01	2.5660e-02	9.7313e-01	1.2096e-03	3.5007e-16	4.7213e-04	3.2705e-01	6.7217e-01	3.0641e-04	4.0867e-03	7.5161e-01	2.4424e-01	6.2245e-05	1.1755e-36	1.1755e-36	2.3498e-24	0.00e+00	0.00e+00	6.8345e-03
5.72996e+12	8.8784e+03	2.577e-14	1.0000e+05	1.0797e+05	7.0758e-15	4.7636e-03	9.9524e-01	2.5766e-02	9.7306e-01	1.1688e-03	3.5107e-16	4.7231e-04	3.2805e-01	6.7117e-01	3.0297e-04	4.0928e-03	7.5269e-01	2.4316e-01	5.8532e-05	1.1755e-36	1.1755e-36	2.3451e-24	0.00e+00	0.00e+00	2.7646e-02
1.36870e+13	8.8248e+03	2.524e-14	1.0000e+05	1.0798e+05	6.9982e-15	4.6847e-03	9.9532e-01	2.5749e-02	9.7311e-01	1.1432e-03	3.3908e-16	4.6700e-04	3.2829e-01	6.7094e-01	3.0083e-04	4.0303e-03	7.5277e-01	2.4315e-01	5.4360e-05	1.1755e-36	1.1755e-36	2.2168e-24	0.00e+00	0.00e+00	5.4254e-02
2.40312e+13	8.7700e+03	2.473e-14	1.0000e+05	1.0799e+05	6.9631e-15	4.6231e-03	9.9538e-01	2.5819e-02	9.7310e-01	1.0767e-03	3.3043e-16	4.6487e-04	3.2926e-01	6.6998e-01	2.9571e-04	3.9885e-03	7.5378e-01	2.4218e-01	4.8806e-05	1.1755e-36	1.1755e-36	2.1137e-24	0.00e+00	0.00e+00	8.8390e-02
3.74787e+13	8.7116e+03	2.419e-14	1.0000e+05	1.0799e+05	6.9763e-15	4.5749e-03	9.9543e-01	2.5982e-02	9.7305e-01	9.7167e-04	3.2476e-16	4.6495e-04	3.3105e-01	6.6820e-01	2.8762e-04	3.9650e-03	7.5581e-01	2.4018e-01	4.1998e-05	1.1755e-36	1.1755e-36	2.0323e-24	0.00e+00	0.00e+00	1.3230e-01
5.49604e+13	8.6461e+03	2.364e-14	1.0000e+05	1.0799e+05	7.0529e-15	4.5438e-03	9.9546e-01	2.6278e-02	9.7289e-01	8.2989e-04	3.2248e-16	4.6763e-04	3.3396e-01	6.6529e-01	2.7622e-04	3.9650e-03	7.5918e-01	2.3682e-01	3.4178e-05	1.1755e-36	1.1755e-36	1.9706e-24	0.00e+00	0.00e+00	1.8900e-01
7.76866e+13	8.5804e+03	2.305e-14	1.0000e+05	1.0799e+05	7.1880e-15	4.5342e-03	9.9547e-01	2.6746e-02	9.7259e-01	6.6032e-04	3.2457e-16	4.7387e-04	3.3835e-01	6.6091e-01	2.6162e-04	3.9949e-03	7.6426e-01	2.3171e-01	2.5862e-05	1.1755e-36	1.1755e-36	1.9347e-24	0.00e+00	0.00e+00	2.6255e-01
1.07231e+14	8.5108e+03	2.244e-14	1.0000e+05	1.0798e+05	7.4368e-15	4.5599e-03	9.9544e-01	2.7487e-02	9.7203e-01	4.7945e-04	3.3371e-16	4.8542e-04	3.4497e-01	6.5430e-01	2.4375e-04	4.0712e-03	7.7168e-01	2.2423e-01	1.7779e-05	1.1755e-36	1.1755e-36	1.9385e-24	0.00e+00	0.00e+00	3.5872e-01
1.45638e+14	8.4424e+03	2.184e-14	1.0000e+05	1.0796e+05	7.8573e-15	4.6395e-03	9.9536e-01	2.8642e-02	9.7105e-01	3.1026e-04	3.5459e-16	5.0497e-04	3.5483e-01	6.4444e-01	2.2287e-04	4.2171e-03	7.8214e-01	2.1363e-01	1.0790e-05	1.1755e-36	1.1755e-36	2.0101e-24	0.00e+00	0.00e+00	4.8591e-01
1.95567e+14	8.3775e+03	2.127e-14	1.0000e+05	1.0793e+05	8.5701e-15	4.8074e-03	9.9519e-01	3.0480e-02	9.6935e-01	1.7406e-04	3.9594e-16	5.3727e-04	3.6967e-01	6.2959e-01	1.9889e-04	4.4744e-03	7.9664e-01	1.9888e-01	5.5715e-06	1.1755e-36	1.1755e-36	2.1977e-24	0.00e+00	0.00e+00	6.5724e-01
2.60476e+14	8.3214e+03	2.079e-14	1.0000e+05	1.0789e+05	9.8269e-15	5.1269e-03	9.9487e-01	3.3512e-02	9.6641e-01	8.2049e-05	4.7783e-16	5.9107e-04	3.9244e-01	6.0680e-01	1.7107e-04	4.9222e-03	8.1648e-01	1.7859e-01	2.3358e-06	1.1755e-36	1.1755e-36	2.6183e-24	0.00e+00	0.00e+00	8.9479e-01
3.33149e+14	8.2720e+03	2.043e-14	1.0000e+05	1.0778e+05	1.1682e-14	5.5887e-03	9.9441e-01	3.7723e-02	9.6224e-01	3.5168e-05	6.0588e-16	6.6352e-04	4.2149e-01	5.7770e-01	1.4348e-04	5.5474e-03	8.3853e-01	1.5592e-01	8.8203e-07	1.1755e-36	1.1755e-36	3.3021e-24	0.00e+00	0.00e+00	1.1488e+00
3.99180e+14	8.2557e+03	2.032e-14	1.0000e+05	1.0767e+05	1.4098e-14	6.1788e-03	9.9382e-01	4.2941e-02	9.5704e-01	1.6531e-05	7.9280e-16	7.4888e-04	4.5341e-01	5.4572e-01	1.1966e-04	6.3213e-03	8.5920e-01	1.3447e-01	3.6392e-07	1.1755e-36	1.1755e-36	4.3758e-24	0.00e+00	0.00e+00	1.3832e+00
4.51932e+14	8.2597e+03	2.039e-14	1.0000e+05	1.0756e+05	1.6893e-14	6.8228e-03	9.9318e-01	4.8569e-02	9.5142e-01	9.2242e-06	1.0296e-15	8.3548e-04	4.8390e-01	5.1516e-01	1.0097e-04	7.1515e-03	8.7619e-01	1.1666e-01	1.8003e-07	1.1755e-36	1.1755e-36	5.8234e-24	0.00e+00	0.00e+00	1.5789e+00
4.93601e+14	8.2816e+03	2.053e-14	1.0000e+05	1.0745e+05	1.9918e-14	7.4833e-03	9.9252e-01	5.4397e-02	9.4560e-01	5.8960e-06	1.3144e-15	9.1917e-04	5.1192e-01	4.8707e-01	8.6324e-05	7.9971e-03	8.8988e-01	1.0212e-01	1.1755e-36	1.1755e-36	1.1755e-36	7.6772e-24	0.00e+00	0.00e+00	1.7581e+00
5.30550e+14	8.2900e+03	2.074e-14	1.0000e+05	1.0731e+05	2.3850e-14	8.2289e-03	9.9177e-01	6.1048e-02	9.3895e-01	3.9777e-06	1.6889e-15	1.0079e-03	5.4034e-01	4.5858e-01	7.3326e-05	8.9465e-03	9.0205e-01	8.9007e-02	1.1755e-36	1.1755e-36	1.1755e-36	1.0241e-23	0.00e+00	0.00e+00	1.9450e+00
5.65991e+14	8.3082e+03	2.100e-14	1.0000e+05	1.0717e+05	2.8884e-14	9.1106e-03	9.9089e-01	6.9169e-02	9.3083e-01	2.7452e-06	2.2079e-15	1.1066e-03	5.7063e-01	4.2821e-01	6.1282e-05	1.0067e-02	9.1341e-01	7.6521e-02	1.1755e-36	1.1755e-36	1.1755e-36	1.4020e-23	0.00e+00	0.00e+00	2.1458e+00
5.99853e+14	8.3312e+03	2.131e-14	1.0000e+05	1.0702e+05	3.5611e-14	1.0157e-02	9.8984e-01	7.9171e-02	9.2083e-01	1.9369e-06	2.9479e-15	1.2134e-03	6.0267e-01	3.9606e-01	5.0268e-05	1.1394e-02	9.2380e-01	6.4803e-02	1.1755e-36	1.1755e-36	1.1755e-36	1.9856e-23	0.00e+00	0.00e+00	2.3563e+00
6.31422e+14	8.3505e+03	2.166e-14	1.0000e+05	1.0682e+05	4.4321e-14	1.1390e-02	9.8861e-01	9.1328e-02	9.0867e-01	1.4024e-06	3.9603e-15	1.3288e-03	6.3577e-01	3.6286e-01	4.0493e-05	1.2953e-02	9.3290e-01	5.4151e-02	1.1755e-36	1.1755e-36	1.1755e-36	2.8303e-23	0.00e+00	0.00e+00	2.5744e+00
6.60634e+14	8.3709e+03	2.204e-14	1.0000e+05	1.0657e+05	5.5699e-14	1.2827e-02	9.8717e-01	1.0610e-01	8.9390e-01	1.0407e-06	5.3662e-15	1.4496e-03	6.6924e-01	3.2928e-01	3.2037e-05	1.4766e-02	9.4058e-01	4.4658e-02	1.1755e-36	1.1755e-36	1.1755e-36	4.0931e-23	0.00e+00	0.00e+00	2.8020e+00
6.88030e+14	8.3794e+03	2.244e-14	1.0000e+05	1.0612e+05	7.0814e-14	1.4537e-02	9.8546e-01	1.2402e-01	8.7598e-01	7.7785e-07	7.2906e-15	1.5761e-03	7.0303e-01	2.9537e-01	2.4764e-05	1.6917e-02	9.4686e-01	3.6226e-02	1.1755e-36	1.1755e-36	1.1755e-36	5.9094e-23	0.00e+00	0.00e+00	3.0470e+00
7.13897e+14	8.4041e+03	2.287e-14	1.0000e+05	1.0578e+05	9.1654e-14	1.6596e-02	9.8340e-01	1.4726e-01	8.5274e-01	5.9496e-07	1.0192e-14	1.7078e-03	7.3721e-01	2.6106e-01	1.8594e-05	1.9500e-02	9.5175e-01	2.8750e-02	1.1755e-36	1.1755e-36	1.1755e-36	8.9580e-23	0.00e+00	0.00e+00	3.3095e+00
7.37321e+14	8.4243e+03	2.334e-14	1.0000e+05	1.0541e+05	1.2063e-13	1.9005e-02	9.8100e-01	1.7598e-01	8.2402e-01	4.6385e-07	1.4444e-14	1.8356e-03	7.7005e-01	2.2810e-01	1.3665e-05	2.2512e-02	9.5500e-01	2.2486e-02	1.1755e-36	1.1755e-36	1.1755e-36	1.3930e-22	0.00e+00	0.00e+00	3.5711e+00
7.57444e+14	8.4250e+03	2.376e-14	1.0000e+05	1.0474e+05	1.5575e-13	2.1668e-02	9.7833e-01	2.0872e-01	7.9128e-01	3.6715e-07	1.9724e-14	1.9532e-03	7.9931e-01	1.9873e-01	1.0007e-05	2.5832e-02	9.5659e-01	1.7581e-02	1.1755e-36	1.1755e-36	1.1755e-36	2.0305e-22	0.00e+00	0.00e+00	3.8235e+00
7.74795e+14	8.4445e+03	2.415e-14	1.0000e+05	1.0427e+05	2.0036e-13	2.4573e-02	9.7543e-01	2.4639e-01	7.5361e-01	2.9782e-07	2.7103e-14	2.0602e-03	8.2510e-01	1.7283e-01	7.3135e-06	2.9442e-02	9.5683e-01	1.3731e-02	1.1755e-36	1.1755e-36	1.1755e-36	3.0308e-22	0.00e+00	0.00e+00	4.0757e+00
7.90255e+14	8.4482e+03	2.452e-14	1.0000e+05	1.0364e+05	2.5834e-13	2.7824e-02	9.7218e-01	2.8974e-01	7.1026e-01	2.4255e-07	3.6973e-14	2.1553e-03	8.4808e-01	1.4976e-01	5.3012e-06	3.3471e-02	9.5586e-01	1.0667e-02	1.1755e-36	1.1755e-36	1.1755e-36	4.4596e-22	0.00e+00	0.00e+00	4.3334e+00
8.04284e+14	8.4579e+03	2.479e-14	1.0000e+05	1.0274e+05	3.2962e-13	3.1426e-02	9.6857e-01	3.3884e-01	6.6116e-01	1.9705e-07	4.9934e-14	2.2346e-03	8.6826e-01	1.2950e-01	3.8167e-06	3.7923e-02	9.5385e-01	8.2261e-03	1.1755e-36	1.1755e-36	1.1755e-36	6.4414e-22	0.00e+00	0.00e+00	4.5992e+00
8.17229e+14	8.4600e+03	2.505e-14	1.0000e+05	1.0184e+05	4.2685e-13	3.5599e-02	9.6440e-01	3.9522e-01	6.0478e-01	1.5875e-07	6.8463e-14	2.3075e-03	8.8634e-01	1.1135e-01	2.7028e-06	4.3063e-02	9.5068e-01	6.2596e-03	1.1755e-36	1.1755e-36	1.1755e-36	9.4926e-22	0.00e+00	0.00e+00	4.8801e+00
8.29203e+14	8.4587e+03	2.531e-14	1.0000e+05	1.0101e+05	5.6137e-13	4.0476e-02	9.5952e-01	4.5850e-01	5.4150e-01	1.2660e-07	9.5680e-14	2.3745e-03	9.0228e-01	9.5347e-02	1.8838e-06	4.9051e-02	9.4625e-01	4.6955e-03	1.1755e-36	1.1755e-36	1.1755e-36	1.4369e-21	0.00e+00	0.00e+00	5.1728e+00
8.40119e+14	8.4584e+03	2.550e-14	1.0000e+05	9.9961e+04	7.3396e-13	4.5974e-02	9.5403e-01	5.2491e-01	4.7509e-01	9.9785e-08	1.3288e-13	2.4261e-03	9.1566e-01	8.1917e-02	1.3098e-06	5.5780e-02	9.4072e-01	3.4996e-03	1.1755e-36	1.1755e-36	1.1755e-36	2.1442e-21	0.00e+00	0.00e+00	5.4741e+00
8.50228e+14	8.4558e+03	2.557e-14	1.0000e+05	9.8573e+04	9.5482e-13	5.2188e-02	9.4781e-01	5.9200e-01	4.0800e-01	7.7271e-08	1.8279e-13	2.4596e-03	9.2677e-01	7.0773e-02	9.0981e-07	6.3360e-02	9.3405e-01	2.5902e-03	1.1755e-36	1.1755e-36	1.1755e-36	3.1376e-21	0.00e+00	0.00e+00	5.7983e+00
8.60061e+14	8.4456e+03	2.569e-14	1.0000e+05	9.7440e+04	1.2960e-12	5.9977e-02	9.4002e-01	6.6118e-01	3.3882e-01	5.8210e-08	2.6348e-13	2.4962e-03	9.3667e-01	6.0829e-02	6.1432e-07	7.2822e-02	9.2531e-01	1.8681e-03	1.1755e-36	1.1755e-36	1.1755e-36	4.9464e-21	0.00e+00	0.00e+00	6.1705e+00
8.69700e+14	8.4333e+03	2.567e-14	1.0000e+05	9.5740e+04	1.7674e-12	6.9437e-02	9.3056e-01	7.2735e-01	2.7265e-01	4.2571e-08	3.7829e-13	2.5113e-03	9.4503e-01	5.2456e-02	4.0876e-07	8.4266e-02	9.1442e-01	1.3179e-03	1.1755e-36	1.1755e-36	1.1755e-36	7.6985e-21	0.00e+00	0.00e+00	6.5848e+00
8.79058e+14	8.4160e+03	2.563e-14	1.0000e+05	9.4028e+04	2.5001e-12	8.1401e-02	9.1860e-01	7.8724e-01	2.1276e-01	3.0375e-08	5.6073e-13	2.5207e-03	9.5222e-01	4.5254e-02	2.6626e-07	9.8662e-02	9.0043e-01	9.0758e-04	1.1755e-36	1.1755e-36	1.1755e-36	1.2719e-20	0.00e+00	0.00e+00	7.0611e+00
8.88171e+14	8.3929e+03	2.549e-14	1.0000e+05	9.2102e+04	3.6544e-12	9.6726e-02	9.0327e-01	8.3812e-01	1.6188e-01	2.1286e-08	8.4967e-13	2.5188e-03	9.5841e-01	3.9071e-02	1.6995e-07	1.1698e-01	8.8241e-01	6.0980e-04	1.1755e-36	1.1755e-36	1.1755e-36	2.1994e-20	0.00e+00	0.00e+00	7.6083e+00
8.96889e+14	8.3615e+03	2.520e-14	1.0000e+05	8.9844e+04	5.5144e-12	1.1629e-01	8.8371e-01	8.7836e-01	1.2164e-01	1.4876e-08	1.3088e-12	2.5022e-03	9.6372e-01	3.3775e-02	1.1755e-36	1.4018e-01	8.5942e-01	4.0217e-04	1.1755e-36	1.1755e-36	1.1755e-36	3.9641e-20	0.00e+00	0.00e+00	8.2308e+00
9.05050e+14	8.3262e+03	2.458e-14	1.0000e+05	8.6839e+04	8.5185e-12	1.4043e-01	8.5957e-01	9.0839e-01	9.1608e-02	1.0559e-08	2.0262e-12	2.4581e-03	9.6821e-01	2.9335e-02	1.1755e-36	1.6851e-01	8.3122e-01	2.6335e-04	1.1755e-36	1.1755e-36	1.1755e-36	7.3444e-20	0.00e+00	0.00e+00	8.9263e+00
9.12596e+14	8.2711e+03	2.374e-14	1.0000e+05	8.3614e+04	1.3507e-11	1.7085e-01	8.2915e-01	9.3035e-01	6.9651e-02	7.6609e-09	3.1640e-12	2.4030e-03	9.7223e-01	2.5367e-02	1.1755e-36	2.0378e-01	7.9605e-01	1.7095e-04	1.1755e-36	1.1755e-36	1.1755e-36	1.3979e-19	0.00e+00	0.00e+00	9.7081e+00
9.19417e+14	8.1989e+03	2.253e-14	1.0000e+05	7.9810e+04	2.1745e-11	2.0761e-01	7.9239e-01	9.4571e-01	5.4293e-02	5.7956e-09	4.9204e-12	2.3261e-03	9.7576e-01	2.1914e-02	1.1755e-36	2.4574e-01	7.5415e-01	1.1130e-04	1.1755e-36	1.1755e-36	1.1755e-36	2.6829e-19	0.00e+00	0.00e+00	1.0547e+01
9.25299e+14	8.1106e+03	2.104e-14	1.0000e+05	7.5585e+04	3.4664e-11	2.4899e-01	7.5101e-01	9.5612e-01	4.3879e-02	4.6199e-09	7.4483e-12	2.2313e-03	9.7876e-01	1.9009e-02	1.1755e-36	2.9213e-01	7.0779e-01	7.4194e-05	1.1755e-36	1.1755e-36	1.1755e-36	5.0006e-19	0.00e+00	0.00e+00	1.1390e+01
9.29903e+14	8.0184e+03	1.949e-14	1.0000e+05	7.1485e+04	5.2032e-11	2.8922e-01	7.1078e-01	9.6260e-01	3.7404e-02	3.9419e-09	1.0531e-11	2.1330e-03	9.8108e-01	1.6790e-02	1.1755e-36	3.3641e-01	6.6354e-01	5.2706e-05	1.1755e-36	1.1755e-36	1.1755e-36	8.4735e-19	0.00e+00	0.00e+00	1.2092e+01
9.33164e+14	7.9356e+03	1.819e-14	1.0000e+05	6.8120e+04	7.0926e-11	3.2257e-01	6.7743e-01	9.6646e-01	3.3540e-02	3.5613e-09	1.3573e-11	2.0491e-03	9.8271e-01	1.5245e-02	1.1755e-36	3.7251e-01	6.2745e-01	4.0751e-05	1.1755e-36	1.1755e-36	1.1755e-36	1.2501e-18	0.00e+00	0.00e+00	1.2638e+01
9.35588e+14	7.8690e+03	1.709e-14	1.0000e+05	6.5363e+04	9.0478e-11	3.5012e-01	6.4988e-01	9.6903e-01	3.0971e-02	3.3207e-09	1.6527e-11	1.9783e-03	9.8390e-01	1.4119e-02	1.1755e-36	4.0193e-01	5.9804e-01	3.3319e-05	1.1755e-36	1.1755e-36	1.1755e-36	1.6972e-18	0.00e+00	0.00e+00	1.3117e+01
9.37701e+14	7.7874e+03	1.607e-14	1.0000e+05	6.2792e+04	1.1397e-10	3.7675e-01	6.2325e-01	9.7112e-01	2.8878e-02	3.1267e-09	1.9713e-11	1.9127e-03	9.8496e-01	1.3128e-02	1.1755e-36	4.3002e-01	5.6996e-01	2.7702e-05	1.1755e-36	1.1755e-36	1.1755e-36	2.2293e-18	0.00e+00	0.00e+00	1.3606e+01
9.39734e+14	7.7094e+03	1.501e-14	1.0000e+05	6.0090e+04	1.4332e-10	4.0381e-01	5.9619e-01	9.7295e-01	2.7049e-02	2.9707e-09	2.3446e-11	1.8419e-03	9.8595e-01	1.2213e-02	1.1755e-36	4.5822e-01	5.4176e-01	2.3075e-05	1.1755e-36	1.1755e-36	1.1755e-36	2.9265e-18	0.00e+00	0.00e+00	1.4119e+01
9.41633e+14	7.6297e+03	1.396e-14	1.0000e+05	5.7349e+04	1.7797e-10	4.2999e-01	5.7001e-01	9.7444e-01	2.5564e-02	2.8595e-09	2.7404e-11	1.7679e-03	9.8683e-01	1.1400e-02	1.1755e-36	4.8519e-01	5.1479e-01	1.9418e-05	1.1755e-36	1.1755e-36	1.1755e-36	3.7365e-18	0.00e+00	0.00e+00	1.4604e+01
9.43275e+14	7.5526e+03	1.306e-14	1.0000e+05	5.4993e+04	2.1639e-10	4.5407e-01	5.4593e-01	9.7562e-01	2.4383e-02	2.7733e-09	3.1493e-11	1.7048e-03	9.8760e-01	1.0695e-02	1.1755e-36	5.0972e-01	4.9027e-01	1.6645e-05	1.1755e-36	1.1755e-36	1.1755e-36	4.6535e-18	0.00e+00	0.00e+00	1.5033e+01
9.44721e+14	7.4842e+03	1.221e-14	1.0000e+05	5.2706e+04	2.5745e-10	4.7561e-01	5.2439e-01	9.7656e-01	2.3440e-02	2.7187e-09	3.5463e-11	1.6418e-03	9.8825e-01	1.0108e-02	1.1755e-36	5.3144e-01	4.6854e-01	1.4501e-05	1.1755e-36	1.1755e-36	1.1755e-36	5.6137e-18	0.00e+00	0.00e+00	1.5453e+01
9.46064e+14	7.4033e+03	1.145e-14	1.0000e+05	5.0662e+04	3.0683e-10	4.9702e-01	5.0298e-01	9.7740e-01	2.2604e-02	2.6659e-09	3.9824e-11	1.5863e-03	9.8887e-01	9.5451e-03	1.1755e-36	5.5281e-01	4.4717e-01	1.2697e-05	1.1755e-36	1.1755e-36	1.1755e-36	6.7469e-18	0.00e+00	0.00e+00	1.5857e+01
9.47346e+14	7.3279e+03	1.070e-14	1.0000e+05	4.8586e+04	3.6276e-10	5.1761e-01	4.8239e-01	9.7812e-01	2.1883e-02	2.6323e-09	4.4363e-11	1.5287e-03	9.8944e-01	9.0329e-03	1.1755e-36	5.7319e-01	4.2679e-01	1.1162e-05	1.1755e-36	1.1755e-36	1.1755e-36	8.0111e-18	0.00e+00	0.00e+00	1.6274e+01
9.48582e+14	7.2529e+03	9.988e-15	1.0000e+05	4.6571e+04	4.2690e-10	5.3763e-01	4.6237e-01	9.7875e-01	2.1247e-02	2.6094e-09	4.9149e-11	1.4723e-03	9.8997e-01	8.5543e-03	1.1755e-36	5.9283e-01	4.0716e-01	9.8487e-06	1.1755e-36	1.1755e-36	1.1755e-36	9.4346e-18	0.00e+00	0.00e+00	1.6680e+01
9.49566e+14	7.1949e+03	9.443e-15	1.0000e+05	4.4956e+04	4.8362e-10	5.5273e-01	4.4727e-01	9.7918e-01	2.0819e-02	2.6052e-09	5.2973e-11	1.4265e-03	9.9037e-01	8.2037e-03	1.1755e-36	6.0752e-01	3.9247e-01	8.9549e-06	1.1755e-36	1.1755e-36	1.1755e-36	1.0633e-17	0.00e+00	0.00e+00	1.6950e+01
9.50281e+14	7.1434e+03	9.050e-15	1.0000e+05	4.3824e+04	5.3479e-10	5.6469e-01	4.3531e-01	9.7952e-01	2.0480e-02	2.5943e-09	5.6254e-11	1.3948e-03	9.9067e-01	7.9315e-03	1.1755e-36	6.1909e-01	3.8090e-01	8.3163e-06	1.1755e-36	1.1755e-36	1.1755e-36	1.1710e-17	0.00e+00	0.00e+00	1.7183e+01
9.50954e+14	7.0945e+03	8.667e-15	1.0000e+05	4.2657e+04	5.8850e-10	5.7585e-01	4.2415e-01	9.7981e-01	2.0191e-02	2.5939e-09	5.9384e-11	1.3617e-03	9.9095e-01	7.6867e-03	1.1755e-36	6.2984e-01	3.7015e-01	7.7499e-06	1.1755e-36	1.1755e-36	1.1755e-36	1.2767e-17	0.00e+00	0.00e+00	1.7435e+01
9.51688e+14	7.0315e+03	8.260e-15	1.0000e+05	4.1436e+04	6.5915e-10	5.8870e-01	4.1130e-01	9.8015e-01	1.9853e-02	2.5861e-09	6.3249e-11	1.3274e-03	9.9126e-01	7.4088e-03	1.1755e-36	6.4215e-01	3.5784e-01	7.1550e-06	1.1755e-36	1.1755e-36	1.1755e-36	1.4125e-17	0.00e+00	0.00e+00	1.7723e+01
9.52454e+14	6.9762e+03	7.842e-15	1.0000e+05	4.0145e+04	7.3475e-10	6.0136e-01	3.9864e-01	9.8044e-01	1.9562e-02	2.5916e-09	6.7192e-11	1.2904e-03	9.9157e-01	7.1409e-03	1.1755e-36	6.5421e-01	3.4578e-01	6.5980e-06	1.1755e-36	1.1755e-36	1.1755e-36	1.5569e-17	0.00e+00	0.00e+00	1.8010e+01
9.53200e+14	6.9196e+03	7.444e-15	1.0000e+05	3.8895e+04	8.1865e-10	6.1376e-01	3.8624e-01	9.8071e-01	1.9289e-02	2.5991e-09	7.1263e-11	1.2544e-03	9.9186e-01	6.8834e-03	1.1755e-36	6.6596e-01	3.3403e-01	6.0919e-06	1.1755e-36	1.1755e-36	1.1755e-36	1.7119e-17	0.00e+00	0.00e+00	1.8296e+01
9.53932e+14	6.8604e+03	7.061e-15	1.0000e+05	3.7668e+04	9.1337e-10	6.2597e-01	3.7403e-01	9.8097e-01	1.9034e-02	2.6090e-09	7.5475e-11	1.2190e-03	9.9215e-01	6.6349e-03	1.1755e-36	6.7746e-01	3.2254e-01	5.6292e-06	1.1755e-36	1.1755e-36	1.1755e-36	1.8781e-17	0.00e+00	0.00e+00	1.8583e+01
9.54656e+14	6.7984e+03	6.692e-15	1.0000e+05	3.6446e+04	1.0208e-09	6.3795e-01	3.6205e-01	9.8120e-01	1.8797e-02	2.6227e-09	7.9800e-11	1.1834e-03	9.9242e-01	6.3956e-03	1.1755e-36	6.8869e-01	3.1131e-01	5.2051e-06	1.1755e-36	1.1755e-36	1.1755e-36	2.0546e-17	0.00e+00	0.00e+00	1.8873e+01
9.55375e+14	6.7325e+03	6.336e-15	1.0000e+05	3.5267e+04	1.1449e-09	6.5003e-01	3.4997e-01	9.8144e-01	1.8561e-02	2.6349e-09	8.4450e-11	1.1495e-03	9.9269e-01	6.1576e-03	1.1755e-36	6.9995e-01	3.0005e-01	4.8089e-06	1.1755e-36	1.1755e-36	1.1755e-36	2.2521e-17	0.00e+00	0.00e+00	1.9168e+01
9.56083e+14	6.6755e+03	5.993e-15	1.0000e+05	3.4082e+04	1.2727e-09	6.6134e-01	3.3866e-01	9.8163e-01	1.8368e-02	2.6587e-09	8.8903e-11	1.1146e-03	9.9295e-01	5.9388e-03	1.1755e-36	7.1044e-01	2.8956e-01	4.4534e-06	1.1755e-36	1.1755e-36	1.1755e-36	2.4479e-17	0.00e+00	0.00e+00	1.9459e+01
9.56789e+14	6.6066e+03	5.661e-15	1.0000e+05	3.2919e+04	1.4300e-09	6.7296e-01	3.2704e-01	9.8183e-01	1.8173e-02	2.6802e-09	9.3746e-11	1.0805e-03	9.9320e-01	5.7177e-03	1.1755e-36	7.2116e-01	2.7883e-01	4.1175e-06	1.1755e-36	1.1755e-36	1.1755e-36	2.6674e-17	0.00e+00	0.00e+00	1.9763e+01
9.57497e+14	6.5379e+03	5.342e-15	1.0000e+05	3.1796e+04	1.6081e-09	6.8455e-01	3.1545e-01	9.8202e-01	1.7978e-02	2.7012e-09	9.8921e-11	1.0477e-03	9.9345e-01	5.4994e-03	1.1755e-36	7.3181e-01	2.6819e-01	3.8035e-06	1.1755e-36	1.1755e-36	1.1755e-36	2.9127e-17	0.00e+00	0.00e+00	2.0066e+01
9.58187e+14	6.4720e+03	5.041e-15	1.0000e+05	3.0692e+04	1.8004e-09	6.9544e-01	3.0456e-01	9.8218e-01	1.7817e-02	2.7302e-09	1.0392e-10	1.0151e-03	9.9369e-01	5.2974e-03	1.1755e-36	7.4176e-01	2.5824e-01	3.5236e-06	1.1755e-36	1.1755e-36	1.1755e-36	3.1569e-17	0.00e+00	0.00e+00	2.0364e+01
9.58866e+14	6.4065e+03	4.753e-15	1.0000e+05	2.9621e+04	2.0151e-09	7.0612e-01	2.9388e-01	9.8233e-01	1.7666e-02	2.7613e-09	1.0907e-10	9.8318e-04	9.9391e-01	5.1021e-03	1.1755e-36	7.5147e-01	2.4853e-01	3.2647e-06	1.1755e-36	1.1755e-36	1.1755e-36	3.4180e-17	0.00e+00	0.00e+00	2.0668e+01
9.59550e+14	6.3384e+03	4.474e-15	1.0000e+05	2.8551e+04	2.2626e-09	7.1670e-01	2.8330e-01	9.8248e-01	1.7524e-02	2.7963e-09	1.1440e-10	9.5108e-04	9.9414e-01	4.9112e-03	1.1755e-36	7.6104e-01	2.3896e-01	3.0229e-06	1.1755e-36	1.1755e-36	1.1755e-36	3.6976e-17	0.00e+00	0.00e+00	2.0979e+01
9.60236e+14	6.2657e+03	4.207e-15	1.0000e+05	2.7493e+04	2.5519e-09	7.2712e-01	2.7288e-01	9.8261e-01	1.7393e-02	2.8344e-09	1.1987e-10	9.1946e-04	9.9436e-01	4.7253e-03	1.1755e-36	7.7044e-01	2.2956e-01	2.7985e-06	1.1755e-36	1.1755e-36	1.1755e-36	3.9939e-17	0.00e+00	0.00e+00	2.1292e+01
9.60915e+14	6.1943e+03	3.952e-15	1.0000e+05	2.6475e+04	2.8761e-09	7.3731e-01	2.6269e-01	9.8273e-01	1.7269e-02	2.8742e-09	1.2555e-10	8.8886e-04	9.9457e-01	4.5453e-03	1.1755e-36	7.7958e-01	2.2042e-01	2.5909e-06	1.1755e-36	1.1755e-36	1.1755e-36	4.3141e-17	0.00e+00	0.00e+00	2.1607e+01
9.61587e+14	6.1292e+03	3.711e-15	1.0000e+05	2.5487e+04	3.2210e-09	7.4702e-01	2.5298e-01	9.8283e-01	1.7167e-02	2.9209e-09	1.3117e-10	8.5894e-04	9.9477e-01	4.3751e-03	1.1755e-36	7.8825e-01	2.1175e-01	2.4014e-06	1.1755e-36	1.1755e-36	1.1755e-36	4.6438e-17	0.00e+00	0.00e+00	2.1922e+01
9.62257e+14	6.0514e+03	3.482e-15	1.0000e+05	2.4529e+04	3.6576e-09	7.5693e-01	2.4307e-01	9.8295e-01	1.7047e-02	2.9615e-09	1.3738e-10	8.3014e-04	9.9496e-01	4.2049e-03	1.1755e-36	7.9704e-01	2.0295e-01	2.2229e-06	1.1755e-36	1.1755e-36	1.1755e-36	5.0240e-17	0.00e+00	0.00e+00	2.2244e+01
9.62919e+14	5.9799e+03	3.266e-15	1.0000e+05	2.3580e+04	4.1219e-09	7.6607e-01	2.3393e-01	9.8303e-01	1.6968e-02	3.0153e-09	1.4312e-10	8.0112e-04	9.9515e-01	4.0479e-03	1.1755e-36	8.0515e-01	1.9484e-01	2.0627e-06	1.1755e-36	1.1755e-36	1.1755e-36	5.3854e-17	0.00e+00	0.00e+00	2.2559e+01
9.63569e+14	5.9070e+03	3.064e-15	1.0000e+05	2.2681e+04	4.6538e-09	7.7501e-01	2.2499e-01	9.8312e-01	1.6884e-02	3.0669e-09	1.4916e-10	7.7367e-04	9.9533e-01	3.8963e-03	1.1755e-36	8.1304e-01	1.8695e-01	1.9149e-06	1.1755e-36	1.1755e-36	1.1755e-36	5.7840e-17	0.00e+00	0.00e+00	2.2875e+01
9.64219e+14	5.8327e+03	2.871e-15	1.0000e+05	2.1800e+04	5.2682e-09	7.8378e-01	2.1622e-01	9.8319e-01	1.6808e-02	3.1221e-09	1.5541e-10	7.4662e-04	9.9550e-01	3.7491e-03	1.1755e-36	8.2075e-01	1.7925e-01	1.7769e-06	1.1755e-36	1.1755e-36	1.1755e-36	6.2153e-17	0.00e+00	0.00e+00	2.3199e+01
9.64869e+14	5.7516e+03	2.689e-15	1.0000e+05	2.0955e+04	6.0173e-09	7.9256e-01	2.0744e-01	9.8328e-01	1.6718e-02	3.1724e-09	1.6230e-10	7.2092e-04	9.9567e-01	3.6042e-03	1.1755e-36	8.2842e-01	1.7157e-01	1.6477e-06	1.1755e-36	1.1755e-36	1.1755e-36	6.7174e-17	0.00e+00	0.00e+00	2.3522e+01
9.65507e+14	5.6795e+03	2.519e-15	1.0000e+05	2.0123e+04	6.7969e-09	8.0054e-01	1.9946e-01	9.8333e-01	1.6673e-02	3.2385e-09	1.6852e-10	6.9503e-04	9.9583e-01	3.4718e-03	1.1755e-36	8.3540e-01	1.6460e-01	1.5322e-06	1.1755e-36	1.1755e-36	1.1755e-36	7.1890e-17	0.00e+00	0.00e+00	2.3841e+01
9.66127e+14	5.6004e+03	2.363e-15	1.0000e+05	1.9361e+04	7.7468e-09	8.0848e-01	1.9152e-01	9.8340e-01	1.6599e-02	3.2920e-09	1.7560e-10	6.7167e-04	9.9599e-01	3.3430e-03	1.1755e-36	8.4229e-01	1.5771e-01	1.4256e-06	1.1755e-36	1.1755e-36	1.1755e-36	7.7608e-17	0.00e+00	0.00e+00	2.4152e+01
9.66742e+14	5.5245e+03	2.215e-15	1.0000e+05	1.8607e+04	8.8012e-09	8.1600e-01	1.8400e-01	9.8345e-01	1.6549e-02	3.3556e-09	1.8254e-10	6.4826e-04	9.9613e-01	3.2216e-03	1.1755e-36	8.4880e-01	1.5120e-01	1.3276e-06	1.1755e-36	1.1755e-36	1.1755e-36	8.3515e-17	0.00e+00	0.00e+00	2.4471e+01
9.67357e+14	5.4478e+03	2.075e-15	1.0000e+05	1.7877e+04	1.0019e-08	8.2330e-01	1.7670e-01	9.8350e-01	1.6504e-02	3.4215e-09	1.8983e-10	6.2552e-04	9.9627e-01	3.1044e-03	1.1755e-36	8.5510e-01	1.4490e-01	1.2363e-06	1.1755e-36	1.1755e-36	1.1755e-36	9.0112e-17	0.00e+00	0.00e+00	2.4789e+01
9.67914e+14	5.3825e+03	1.958e-15	1.0000e+05	1.7238e+04	1.1205e-08	8.2940e-01	1.7060e-01	9.8351e-01	1.6486e-02	3.4898e-09	1.9617e-10	6.0536e-04	9.9639e-01	3.0056e-03	1.1755e-36	8.6037e-01	1.3963e-01	1.1619e-06	1.1755e-36	1.1755e-36	1.1755e-36	9.6168e-17	0.00e+00	0.00e+00	2.5052e+01
9.68403e+14	5.3199e+03	1.858e-15	1.0000e+05	1.6689e+04	1.2465e-08	8.3490e-01	1.6510e-01	9.8354e-01	1.6457e-02	3.5460e-09	2.0261e-10	5.8822e-04	9.9649e-01	2.9187e-03	1.1755e-36	8.6508e-01	1.3491e-01	1.0982e-06	1.1755e-36	1.1755e-36	1.1755e-36	1.0269e-16	0.00e+00	0.00e+00	2.5302e+01
9.68875e+14	5.2586e+03	1.765e-15	1.0000e+05	1.6168e+04	1.3845e-08	8.4011e-01	1.5989e-01	9.8357e-01	1.6432e-02	3.6028e-09	2.0924e-10	5.7186e-04	9.9659e-01	2.8369e-03	1.1755e-36	8.6955e-01	1.3045e-01	1.0397e-06	1.1755e-36	1.1755e-36	1.1755e-36	1.0976e-16	0.00e+00	0.00e+00	2.5552e+01
9.69346e+14	5.1976e+03	1.676e-15	1.0000e+05	1.5659e+04	1.5387e-08	8.4519e-01	1.5481e-01	9.8359e-01	1.6411e-02	3.6621e-09	2.1623e-10	5.5585e-04	9.9669e-01	2.7580e-03	1.1755e-36	8.7388e-01	1.2611e-01	9.8438e-07	1.1755e-36	1.1755e-36	1.1755e-36	1.1764e-16	0.00e+00	0.00e+00	2.5803e+01
9.69817e+14	5.1363e+03	1.592e-15	1.0000e+05	1.5163e+04	1.7118e-08	8.5014e-01	1.4986e-01	9.8361e-01	1.6393e-02	3.7236e-09	2.2370e-10	5.4017e-04	9.9678e-01	2.6815e-03	1.1755e-36	8.7810e-01	1.2190e-01	9.3204e-07	1.1755e-36	1.1755e-36	1.1755e-36	1.2655e-16	0.00e+00	0.00e+00	2.6056e+01
9.70285e+14	5.0697e+03	1.512e-15	1.0000e+05	1.4690e+04	1.9202e-08	8.5510e-01	1.4490e-01	9.8364e-01	1.6359e-02	3.7771e-09	2.3241e-10	5.2546e-04	9.9687e-01	2.6061e-03	1.1755e-36	8.8232e-01	1.1768e-01	8.8199e-07	1.1755e-36	1.1755e-36	1.1755e-36	1.3758e-16	0.00e+00	0.00e+00	2.6307e+01
9.70732e+14	5.0124e+03	1.439e-15	1.0000e+05	1.4238e+04	2.1243e-08	8.5942e-01	1.4058e-01	9.8364e-01	1.6358e-02	3.8434e-09	2.4026e-10	5.1104e-04	9.9695e-01	2.5394e-03	1.1755e-36	8.8600e-01	1.1400e-01	8.3829e-07	1.1755e-36	1.1755e-36	1.1755e-36	1.4813e-16	0.00e+00	0.00e+00	2.6540e+01
9.71169e+14	4.9495e+03	1.370e-15	1.0000e+05	1.3815e+04	2.3697e-08	8.6388e-01	1.3612e-01	9.8367e-01	1.6330e-02	3.8971e-09	2.4983e-10	4.9779e-04	9.9704e-01	2.4654e-03	1.1755e-36	8.8976e-01	1.1023e-01	7.9585e-07	1.1755e-36	1.1755e-36	1.1755e-36	1.6093e-16	0.00e+00	0.00e+00	2.6783e+01
9.71608e+14	4.8916e+03	1.305e-15	1.0000e+05	1.3385e+04	2.6232e-08	8.6793e-01	1.3207e-01	9.8366e-01	1.6338e-02	3.9679e-09	2.5870e-10	4.8403e-04	9.9712e-01	2.3952e-03	1.1755e-36	8.9319e-01	1.0681e-01	7.5712e-07	1.1755e-36	1.1755e-36	1.1755e-36	1.7332e-16	0.00e+00	0.00e+00	2.7019e+01
9.72046e+14	4.8260e+03	1.242e-15	1.0000e+05	1.2980e+04	2.9412e-08	8.7220e-01	1.2780e-01	9.8369e-01	1.6310e-02	4.0228e-09	2.6973e-10	4.7141e-04	9.9721e-01	2.3225e-03	1.1755e-36	8.9680e-01	1.0320e-01	7.1860e-07	1.1755e-36	1.1755e-36	1.1755e-36	1.8967e-16	0.00e+00	0.00e+00	2.7264e+01
9.72475e+14	4.7690e+03	1.184e-15	1.0000e+05	1.2582e+04	3.2538e-08	8.7595e-01	1.2405e-01	9.8368e-01	1.6321e-02	4.0954e-09	2.7955e-10	4.5861e-04	9.9728e-01	2.2576e-03	1.1755e-36	8.9996e-01	1.0004e-01	6.8458e-07	1.1755e-36	1.1755e-36	1.1755e-36	2.0515e-16	0.00e+00	0.00e+00	2.7492e+01
9.72896e+14	4.7046e+03	1.128e-15	1.0000e+05	1.2212e+04	3.6435e-08	8.7987e-01	1.2013e-01	9.8370e-01	1.6297e-02	4.1500e-09	2.9171e-10	4.4706e-04	9.9736e-01	2.1910e-03	1.1755e-36	9.0326e-01	9.6742e-02	6.5102e-07	1.1755e-36	1.1755e-36	1.1755e-36	2.2549e-16	0.00e+00	0.00e+00	2.7731e+01
9.73311e+14	4.6487e+03	1.076e-15	1.0000e+05	1.1844e+04	4.0249e-08	8.8332e-01	1.1668e-01	9.8369e-01	1.6311e-02	4.2239e-09	3.0258e-10	4.3520e-04	9.9743e-01	2.1312e-03	1.1755e-36	9.0616e-01	9.3841e-02	6.2114e-07	1.1755e-36	1.1755e-36	1.1755e-36	2.4488e-16	0.00e+00	0.00e+00	2.7955e+01
9.73723e+14	4.5844e+03	1.027e-15	1.0000e+05	1.1499e+04	4.5077e-08	8.8701e-01	1.1299e-01	9.8371e-01	1.6288e-02	4.2791e-09	3.1631e-10	4.2441e-04	9.9751e-01	2.0690e-03	1.1755e-36	9.0924e-01	9.0755e-02	5.9116e-07	1.1755e-36	1.1755e-36	1.1755e-36	2.7079e-16	0.00e+00	0.00e+00	2.8192e+01
9.74133e+14	4.5245e+03	9.801e-16	1.0000e+05	1.1159e+04	5.0105e-08	8.9036e-01	1.0964e-01	9.8371e-01	1.6289e-02	4.3456e-09	3.2960e-10	4.1361e-04	9.9758e-01	2.0113e-03	1.1755e-36	9.1206e-01	8.7942e-02	5.6394e-07	1.1755e-36	1.1755e-36	1.1755e-36	2.9764e-16	0.00e+00	0.00e+00	2.8414e+01
9.74527e+14	4.4660e+03	9.367e-16	1.0000e+05	1.0838e+04	5.5541e-08	8.9357e-01	1.0643e-01	9.8371e-01	1.6287e-02	4.4102e-09	3.4349e-10	4.0342e-04	9.9764e-01	1.9566e-03	1.1755e-36	9.1474e-01	8.5263e-02	5.3856e-07	1.1755e-36	1.1755e-36	1.1755e-36	3.2742e-16	0.00e+00	0.00e+00	2.8636e+01
9.74925e+14	4.4064e+03	8.946e-16	1.0000e+05	1.0522e+04	6.1642e-08	8.9674e-01	1.0326e-01	9.8371e-01	1.6286e-02	4.4764e-09	3.5850e-10	3.9337e-04	9.9770e-01	1.9026e-03	1.1755e-36	9.1738e-01	8.2615e-02	5.1400e-07	1.1755e-36	1.1755e-36	1.1755e-36	3.6162e-16	0.00e+00	0.00e+00	2.8864e+01
9.75330e+14	4.3456e+03	8.538e-16	1.0000e+05	1.0208e+04	6.8495e-08	8.9988e-01	1.0012e-01	9.8371e-01	1.6286e-02	4.5446e-09	3.7472e-10	3.8342e-04	9.9777e-01	1.8491e-03	1.1755e-36	9.2000e-01	7.9999e-02	4.9023e-07	1.1755e-36	1.1755e-36	1.1755e-36	4.0094e-16	0.00e+00	0.00e+00	2.9095e+01
9.75737e+14	4.2842e+03	8.146e-16	1.0000e+05	9.9015e+03	7.6088e-08	9.0295e-01	9.7049e-02	9.8371e-01	1.6287e-02	4.6143e-09	3.9198e-10	3.7368e-04	9.9783e-01	1.7968e-03	1.1755e-36	9.2256e-01	7.7444e-02	4.6748e-07	1.1755e-36	1.1755e-36	1.1755e-36	4.4553e-16	0.00e+00	0.00e+00	2.9327e+01
9.76144e+14	4.2222e+03	7.771e-16	1.0000e+05	9.6018e+03	8.4434e-08	9.0595e-01	9.4054e-02	9.8371e-01	1.6289e-02	4.6853e-09	4.1024e-10	3.6418e-04	9.9789e-01	1.7458e-03	1.1755e-36	9.2505e-01	7.4954e-02	4.4577e-07	1.1755e-36	1.1755e-36	1.1755e-36	4.9571e-16	0.00e+00	0.00e+00	2.9560e+01
9.76553e+14	4.1593e+03	7.410e-16	1.0000e+05	9.3072e+03	9.3606e-08	9.0889e-01	9.1113e-02	9.8371e-01	1.6292e-02	4.7579e-09	4.2952e-10	3.5484e-04	9.9795e-01	1.6958e-03	1.1755e-36	9.2749e-01	7.2512e-02	4.2490e-07	1.1755e-36	1.1755e-36	1.1755e-36	5.5214e-16	0.00e+00	0.00e+00	2.9796e+01
9.76970e+14	4.0949e+03	7.060e-16	1.0000e+05	9.0160e+03	1.0369e-07	9.1181e-01	8.8193e-02	9.8371e-01	1.6294e-02	4.8322e-09	4.4992e-10	3.4563e-04	9.9801e-01	1.6463e-03	1.1755e-36	9.2991e-01	7.0092e-02	4.0463e-07	1.1755e-36	1.1755e-36	1.1755e-36	6.1563e-16	0.00e+00	0.00e+00	3.0039e+01
9.77396e+14	4.0284e+03	6.717e-16	1.0000e+05	8.7253e+03	1.1475e-07	9.1472e-01	8.5279e-02	9.8370e-01	1.6296e-02	4.9094e-09	4.7137e-10	3.3645e-04	9.9807e-01	1.5968e-03	1.1755e-36	9.3232e-01	6.7679e-02	3.8484e-07	1.1755e-36	1.1755e-36	1.1755e-36	6.8662e-16	0.00e+00	0.00e+00	3.0288e+01
9.77837e+14	3.9591e+03	6.379e-16	1.0000e+05	8.4326e+03	1.2684e-07	9.1765e-01	8.2350e-02	9.8370e-01	1.6300e-02	4.9902e-09	4.9373e-10	3.2723e-04	9.9813e-01	1.5472e-03	1.1755e-36	9.3474e-01	6.5258e-02	3.6538e-07	1.1755e-36	1.1755e-36	1.1755e-36	7.6523e-16	0.00e+00	0.00e+00	3.0548e+01
###########################
5.40562e+10	8.8967e+03	2.599e-14	1.0000e+05	1.0800e+05	6.7351e-15	4.7699e-03	9.9523e-01	2.5623e-02	9.7316e-01	1.2181e-03	3.3370e-16	4.6538e-04	3.2683e-01	6.7240e-01	3.0706e-04	4.0874e-03	7.5141e-01	2.4444e-01	6.3404e-05	1.1755e-36	1.1755e-36	2.1356e-24	0.00e+00	0.00e+00	3.2562e-04
3.24337e+11	8.8942e+03	2.598e-14	1.0000e+05	1.0798e+05	6.6688e-15	4.7670e-03	9.9523e-01	2.5623e-02	9.7316e-01	1.2172e-03	3.2957e-16	4.6477e-04	3.2683e-01	6.7239e-01	3.0750e-04	4.0845e-03	7.5131e-01	2.4454e-01	6.3225e-05	1.1755e-36	1.1755e-36	2.0841e-24	0.00e+00	0.00e+00	1.6273e-03
1.40546e+12	8.8881e+03	2.593e-14	1.0000e+05	1.0798e+05	6.6885e-15	4.7632e-03	9.9524e-01	2.5644e-02	9.7315e-01	1.2093e-03	3.3028e-16	4.6431e-04	3.2704e-01	6.7219e-01	3.0648e-04	4.0827e-03	7.5147e-01	2.4439e-01	6.2307e-05	1.1755e-36	1.1755e-36	2.0914e-24	0.00e+00	0.00e+00	6.8299e-03
5.72996e+12	8.8758e+03	2.578e-14	1.0000e+05	1.0798e+05	6.7241e-15	4.7589e-03	9.9524e-01	2.5749e-02	9.7308e-01	1.1686e-03	3.3220e-16	4.6534e-04	3.2804e-01	6.7119e-01	3.0292e-04	4.0867e-03	7.5242e-01	2.4343e-01	5.8630e-05	1.1755e-36	1.1755e-36	2.1010e-24	0.00e+00	0.00e+00	2.7622e-02
1.36870e+13	8.8250e+03	2.526e-14	1.0000e+05	1.0798e+05	6.6278e-15	4.6768e-03	9.9532e-01	2.5727e-02	9.7313e-01	1.1432e-03	3.2019e-16	4.6050e-04	3.2825e-01	6.7099e-01	3.0082e-04	4.0196e-03	7.5227e-01	2.4365e-01	5.4524e-05	1.1755e-36	1.1755e-36	1.9808e-24	0.00e+00	0.00e+00	5.4184e-02
2.40312e+13	8.7710e+03	2.475e-14	1.0000e+05	1.0799e+05	6.5893e-15	4.6147e-03	9.9539e-01	2.5796e-02	9.7313e-01	1.0768e-03	3.1190e-16	4.5916e-04	3.2923e-01	6.7002e-01	2.9568e-04	3.9768e-03	7.5319e-01	2.4279e-01	4.8977e-05	1.1755e-36	1.1755e-36	1.8877e-24	0.00e+00	0.00e+00	8.8257e-02
3.74787e+13	8.7123e+03	2.421e-14	1.0000e+05	1.0799e+05	6.6004e-15	4.5672e-03	9.9543e-01	2.5960e-02	9.7307e-01	9.7176e-04	3.0650e-16	4.5986e-04	3.3104e-01	6.6821e-01	2.8752e-04	3.9540e-03	7.5520e-01	2.4081e-01	4.2146e-05	1.1755e-36	1.1755e-36	1.8136e-24	0.00e+00	0.00e+00	1.3210e-01
5.49604e+13	8.6456e+03	2.364e-14	1.0000e+05	1.0799e+05	6.6810e-15	4.5373e-03	9.9546e-01	2.6260e-02	9.7291e-01	8.2989e-04	3.0464e-16	4.6302e-04	3.3401e-01	6.6525e-01	2.7603e-04	3.9556e-03	7.5862e-01	2.3739e-01	3.4287e-05	1.1755e-36	1.1755e-36	1.7605e-24	0.00e+00	0.00e+00	1.8871e-01
7.76866e+13	8.5801e+03	2.305e-14	1.0000e+05	1.0799e+05	6.8070e-15	4.5282e-03	9.9547e-01	2.6729e-02	9.7261e-01	6.6033e-04	3.0664e-16	4.6978e-04	3.3844e-01	6.6083e-01	2.6140e-04	3.9867e-03	7.6380e-01	2.3219e-01	2.5933e-05	1.1755e-36	1.1755e-36	1.7278e-24	0.00e+00	0.00e+00	2.6217e-01
1.07231e+14	8.5098e+03	2.244e-14	1.0000e+05	1.0798e+05	7.0547e-15	4.5546e-03	9.9545e-01	2.7472e-02	9.7205e-01	4.7943e-04	3.1584e-16	4.8186e-04	3.4511e-01	6.5416e-01	2.4348e-04	4.0645e-03	7.7135e-01	2.2457e-01	1.7816e-05	1.1755e-36	1.1755e-36	1.7359e-24	0.00e+00	0.00e+00	3.5822e-01
1.45638e+14	8.4413e+03	2.183e-14	1.0000e+05	1.0796e+05	7.4648e-15	4.6345e-03	9.9537e-01	2.8630e-02	9.7106e-01	3.1025e-04	3.3621e-16	5.0188e-04	3.5503e-01	6.4425e-01	2.2259e-04	4.2113e-03	7.8195e-01	2.1383e-01	1.0806e-05	1.1755e-36	1.1755e-36	1.8056e-24	0.00e+00	0.00e+00	4.8528e-01
1.95567e+14	8.3759e+03	2.127e-14	1.0000e+05	1.0794e+05	8.1747e-15	4.8026e-03	9.9520e-01	3.0470e-02	9.6936e-01	1.7405e-04	3.7697e-16	5.3467e-04	3.6994e-01	6.2933e-01	1.9859e-04	4.4694e-03	7.9655e-01	1.9897e-01	5.5767e-06	1.1755e-36	1.1755e-36	1.9894e-24	0.00e+00	0.00e+00	6.5644e-01
2.60476e+14	8.3188e+03	2.078e-14	1.0000e+05	1.0789e+05	9.4435e-15	5.1224e-03	9.9488e-01	3.3505e-02	9.6641e-01	8.2034e-05	4.5833e-16	5.8902e-04	3.9280e-01	6.0644e-01	1.7075e-04	4.9178e-03	8.1646e-01	1.7862e-01	2.3368e-06	1.1755e-36	1.1755e-36	2.4041e-24	0.00e+00	0.00e+00	8.9377e-01
3.33090e+14	8.2689e+03	2.042e-14	1.0000e+05	1.0777e+05	1.1346e-14	5.5833e-03	9.9442e-01	3.7701e-02	9.6226e-01	3.5172e-05	5.8746e-16	6.6245e-04	4.2190e-01	5.7729e-01	1.4322e-04	5.5422e-03	8.3852e-01	1.5594e-01	8.8278e-07	1.1755e-36	1.1755e-36	3.0982e-24	0.00e+00	0.00e+00	1.1471e+00
3.99015e+14	8.2417e+03	2.032e-14	1.0000e+05	1.0767e+05	1.3974e-14	6.1780e-03	9.9382e-01	4.2935e-02	9.5705e-01	1.6533e-05	7.8093e-16	7.4904e-04	4.5403e-01	5.4510e-01	1.1929e-04	6.3208e-03	8.5921e-01	1.3447e-01	3.6424e-07	1.1755e-36	1.1755e-36	4.2275e-24	0.00e+00	0.00e+00	1.3811e+00
4.51377e+14	8.2553e+03	2.037e-14	1.0000e+05	1.0756e+05	1.6809e-14	6.8105e-03	9.9319e-01	4.8491e-02	9.5150e-01	9.2777e-06	1.0226e-15	8.3543e-04	4.8417e-01	5.1489e-01	1.0092e-04	7.1375e-03	8.7602e-01	1.1684e-01	1.8125e-07	1.1755e-36	1.1755e-36	5.7463e-24	0.00e+00	0.00e+00	1.5735e+00
4.92530e+14	8.2757e+03	2.051e-14	1.0000e+05	1.0745e+05	2.0000e-14	7.4611e-03	9.9254e-01	5.4232e-02	9.4576e-01	5.9620e-06	1.3161e-15	9.1890e-04	5.1189e-01	4.8710e-01	8.6440e-05	7.9705e-03	8.8956e-01	1.0247e-01	1.1755e-36	1.1755e-36	1.1755e-36	7.7186e-24	0.00e+00	0.00e+00	1.7505e+00
5.29367e+14	8.2817e+03	2.073e-14	1.0000e+05	1.0732e+05	2.4184e-14	8.2031e-03	9.9180e-01	6.0854e-02	9.3914e-01	4.0260e-06	1.7067e-15	1.0085e-03	5.4030e-01	4.5862e-01	7.3442e-05	8.9151e-03	9.0172e-01	8.9369e-02	1.1755e-36	1.1755e-36	1.1755e-36	1.0489e-23	0.00e+00	0.00e+00	1.9375e+00
5.65010e+14	8.3023e+03	2.097e-14	1.0000e+05	1.0717e+05	2.9502e-14	9.0822e-03	9.9092e-01	6.8944e-02	9.3105e-01	2.7720e-06	2.2513e-15	1.1084e-03	5.7067e-01	4.2816e-01	6.1368e-05	1.0033e-02	9.1315e-01	7.6819e-02	1.1755e-36	1.1755e-36	1.1755e-36	1.4622e-23	0.00e+00	0.00e+00	2.1393e+00
5.99168e+14	8.3252e+03	2.128e-14	1.0000e+05	1.0702e+05	3.6631e-14	1.0133e-02	9.8987e-01	7.8969e-02	9.2103e-01	1.9494e-06	3.0295e-15	1.2165e-03	6.0299e-01	3.9574e-01	5.0269e-05	1.1365e-02	9.2364e-01	6.4999e-02	1.1755e-36	1.1755e-36	1.1755e-36	2.1002e-23	0.00e+00	0.00e+00	2.3513e+00
6.30979e+14	8.3443e+03	2.164e-14	1.0000e+05	1.0682e+05	4.6015e-14	1.1371e-02	9.8863e-01	9.1165e-02	9.0883e-01	1.4080e-06	4.1112e-15	1.3343e-03	6.3636e-01	3.6227e-01	4.0431e-05	1.2930e-02	9.3281e-01	5.4262e-02	1.1755e-36	1.1755e-36	1.1755e-36	3.0501e-23	0.00e+00	0.00e+00	2.5703e+00
6.60332e+14	8.3535e+03	2.201e-14	1.0000e+05	1.0645e+05	5.8496e-14	1.2817e-02	9.8718e-01	1.0563e-01	8.9437e-01	1.0355e-06	5.5977e-15	1.4587e-03	6.6991e-01	3.2860e-01	3.1954e-05	1.4754e-02	9.4050e-01	4.4748e-02	1.1755e-36	1.1755e-36	1.1755e-36	4.4467e-23	0.00e+00	0.00e+00	2.7986e+00
6.87831e+14	8.3796e+03	2.241e-14	1.0000e+05	1.0618e+05	7.4908e-14	1.4528e-02	9.8547e-01	1.2399e-01	8.7601e-01	7.8196e-07	7.7518e-15	1.5878e-03	7.0393e-01	2.9446e-01	2.4673e-05	1.6907e-02	9.4684e-01	3.6254e-02	1.1755e-36	1.1755e-36	1.1755e-36	6.6737e-23	0.00e+00	0.00e+00	3.0443e+00
7.13646e+14	8.4010e+03	2.286e-14	1.0000e+05	1.0587e+05	9.7773e-14	1.6586e-02	9.8341e-01	1.4727e-01	8.5273e-01	5.9828e-07	1.0919e-14	1.7190e-03	7.3822e-01	2.6004e-01	1.8510e-05	1.9489e-02	9.5173e-01	2.8778e-02	1.1755e-36	1.1755e-36	1.1755e-36	1.0268e-22	0.00e+00	0.00e+00	3.3045e+00
7.36873e+14	8.4104e+03	2.329e-14	1.0000e+05	1.0526e+05	1.2832e-13	1.8968e-02	9.8103e-01	1.7513e-01	8.2487e-01	4.6378e-07	1.5291e-14	1.8500e-03	7.7065e-01	2.2749e-01	1.3649e-05	2.2468e-02	9.5495e-01	2.2585e-02	1.1755e-36	1.1755e-36	1.1755e-36	1.5628e-22	0.00e+00	0.00e+00	3.5634e+00
7.57021e+14	8.4226e+03	2.374e-14	1.0000e+05	1.0487e+05	1.6804e-13	2.1650e-02	9.7835e-01	2.0824e-01	7.9176e-01	3.6932e-07	2.1394e-14	1.9725e-03	8.0019e-01	1.9783e-01	9.9663e-06	2.5810e-02	9.5656e-01	1.7634e-02	1.1755e-36	1.1755e-36	1.1755e-36	2.3893e-22	0.00e+00	0.00e+00	3.8188e+00
7.74445e+14	8.4353e+03	2.413e-14	1.0000e+05	1.0431e+05	2.1740e-13	2.4566e-02	9.7543e-01	2.4587e-01	7.5413e-01	2.9907e-07	2.9442e-14	2.0805e-03	8.2608e-01	1.7183e-01	7.2716e-06	2.9435e-02	9.5680e-01	1.3768e-02	1.1755e-36	1.1755e-36	1.1755e-36	3.5728e-22	0.00e+00	0.00e+00	4.0696e+00
7.89826e+14	8.4429e+03	2.448e-14	1.0000e+05	1.0366e+05	2.8022e-13	2.7787e-02	9.7221e-01	2.8869e-01	7.1131e-01	2.4391e-07	4.0196e-14	2.1764e-03	8.4890e-01	1.4891e-01	5.2796e-06	3.3426e-02	9.5586e-01	1.0715e-02	1.1755e-36	1.1755e-36	1.1755e-36	5.2790e-22	0.00e+00	0.00e+00	4.3256e+00
8.03853e+14	8.4477e+03	2.479e-14	1.0000e+05	1.0292e+05	3.6233e-13	3.1448e-02	9.6855e-01	3.3808e-01	6.6192e-01	1.9839e-07	5.5037e-14	2.2627e-03	8.6933e-01	1.2841e-01	3.7843e-06	3.7950e-02	9.5380e-01	8.2542e-03	1.1755e-36	1.1755e-36	1.1755e-36	7.8122e-22	0.00e+00	0.00e+00	4.5929e+00
8.16758e+14	8.4513e+03	2.506e-14	1.0000e+05	1.0206e+05	4.7031e-13	3.5632e-02	9.6437e-01	3.9425e-01	6.0575e-01	1.6021e-07	7.5719e-14	2.3381e-03	8.8740e-01	1.1026e-01	2.6771e-06	4.3105e-02	9.5061e-01	6.2842e-03	1.1755e-36	1.1755e-36	1.1755e-36	1.1596e-21	0.00e+00	0.00e+00	4.8708e+00
8.28590e+14	8.4525e+03	2.529e-14	1.0000e+05	1.0109e+05	6.1264e-13	4.0406e-02	9.5959e-01	4.5613e-01	5.4386e-01	1.2807e-07	1.0461e-13	2.4020e-03	9.0305e-01	9.4542e-02	1.8756e-06	4.8967e-02	9.4630e-01	4.7365e-03	1.1755e-36	1.1755e-36	1.1755e-36	1.7248e-21	0.00e+00	0.00e+00	5.1595e+00
8.39502e+14	8.4508e+03	2.546e-14	1.0000e+05	1.0001e+05	8.0212e-13	4.5885e-02	9.5412e-01	5.2210e-01	4.7790e-01	1.0097e-07	1.4528e-13	2.4545e-03	9.1643e-01	8.1112e-02	1.3032e-06	5.5673e-02	9.4079e-01	3.5342e-03	1.1755e-36	1.1755e-36	1.1755e-36	2.5764e-21	0.00e+00	0.00e+00	5.4640e+00
8.49746e+14	8.4456e+03	2.559e-14	1.0000e+05	9.8821e+04	1.0609e-12	5.2301e-02	9.4770e-01	5.9047e-01	4.0953e-01	7.8082e-08	2.0378e-13	2.4967e-03	9.2785e-01	6.9649e-02	8.9545e-07	6.3499e-02	9.3390e-01	2.6018e-03	1.1755e-36	1.1755e-36	1.1755e-36	3.8936e-21	0.00e+00	0.00e+00	5.7935e+00
8.59557e+14	8.4397e+03	2.561e-14	1.0000e+05	9.7259e+04	1.4175e-12	5.9862e-02	9.4014e-01	6.5853e-01	3.4147e-01	5.8892e-08	2.8778e-13	2.5218e-03	9.3748e-01	5.9994e-02	6.0890e-07	7.2687e-02	9.2543e-01	1.8851e-03	1.1755e-36	1.1755e-36	1.1755e-36	5.9334e-21	0.00e+00	0.00e+00	6.1580e+00
8.69168e+14	8.4261e+03	2.564e-14	1.0000e+05	9.5733e+04	1.9537e-12	6.9392e-02	9.3061e-01	7.2499e-01	2.7501e-01	4.3103e-08	4.1848e-13	2.5431e-03	9.4591e-01	5.1546e-02	4.0332e-07	8.4216e-02	9.1445e-01	1.3296e-03	1.1755e-36	1.1755e-36	1.1755e-36	9.4573e-21	0.00e+00	0.00e+00	6.5777e+00
8.78597e+14	8.4093e+03	2.560e-14	1.0000e+05	9.4032e+04	2.7741e-12	8.1491e-02	9.1851e-01	7.8559e-01	2.1441e-01	3.0723e-08	6.2332e-13	2.5539e-03	9.5314e-01	4.4301e-02	2.6117e-07	9.8773e-02	9.0031e-01	9.1306e-04	1.1755e-36	1.1755e-36	1.1755e-36	1.5732e-20	0.00e+00	0.00e+00	7.0552e+00
8.87664e+14	8.3868e+03	2.546e-14	1.0000e+05	9.2100e+04	4.0525e-12	9.6798e-02	9.0320e-01	8.3651e-01	1.6349e-01	2.1593e-08	9.4404e-13	2.5524e-03	9.5926e-01	3.8187e-02	1.6667e-07	1.1707e-01	8.8232e-01	6.1453e-04	1.1755e-36	1.1755e-36	1.1755e-36	2.7194e-20	0.00e+00	0.00e+00	7.5964e+00
8.96290e+14	8.3559e+03	2.517e-14	1.0000e+05	8.9867e+04	6.0968e-12	1.1622e-01	8.8378e-01	8.7673e-01	1.2327e-01	1.5151e-08	1.4502e-12	2.5366e-03	9.6448e-01	3.2985e-02	1.1755e-36	1.4010e-01	8.5949e-01	4.0686e-04	1.1755e-36	1.1755e-36	1.1755e-36	4.8829e-20	0.00e+00	0.00e+00	8.2125e+00
9.04398e+14	8.3213e+03	2.456e-14	1.0000e+05	8.6872e+04	9.3380e-12	1.4022e-01	8.5978e-01	9.0696e-01	9.3042e-02	1.0782e-08	2.2261e-12	2.4929e-03	9.6888e-01	2.8625e-02	1.1755e-36	1.6827e-01	8.3146e-01	2.6709e-04	1.1755e-36	1.1755e-36	1.1755e-36	8.8996e-20	0.00e+00	0.00e+00	8.9050e+00
9.11937e+14	8.2667e+03	2.372e-14	1.0000e+05	8.3639e+04	1.4778e-11	1.7059e-01	8.2941e-01	9.2921e-01	7.0795e-02	7.8296e-09	3.4705e-12	2.4372e-03	9.7284e-01	2.4725e-02	1.1755e-36	2.0349e-01	7.9634e-01	1.7344e-04	1.1755e-36	1.1755e-36	1.1755e-36	1.6878e-19	0.00e+00	0.00e+00	9.6866e+00
9.18767e+14	8.1948e+03	2.252e-14	1.0000e+05	7.9824e+04	2.3759e-11	2.0739e-01	7.9261e-01	9.4483e-01	5.5170e-02	5.9212e-09	5.3903e-12	2.3596e-03	9.7630e-01	2.1337e-02	1.1755e-36	2.4550e-01	7.5439e-01	1.1284e-04	1.1755e-36	1.1755e-36	1.1755e-36	3.2280e-19	0.00e+00	0.00e+00	1.0525e+01
9.24648e+14	8.1070e+03	2.102e-14	1.0000e+05	7.5592e+04	3.7777e-11	2.4879e-01	7.5121e-01	9.5541e-01	4.4586e-02	4.7202e-09	8.1393e-12	2.2638e-03	9.7924e-01	1.8500e-02	1.1755e-36	2.9191e-01	7.0801e-01	7.5208e-05	1.1755e-36	1.1755e-36	1.1755e-36	5.9839e-19	0.00e+00	0.00e+00	1.1367e+01
9.29242e+14	8.0256e+03	1.947e-14	1.0000e+05	7.1513e+04	5.6081e-11	2.8877e-01	7.1123e-01	9.6200e-01	3.7995e-02	4.0282e-09	1.1444e-11	2.1644e-03	9.8148e-01	1.6358e-02	1.1755e-36	3.3592e-01	6.6403e-01	5.3468e-05	1.1755e-36	1.1755e-36	1.1755e-36	1.0043e-18	0.00e+00	0.00e+00	1.2065e+01
9.32499e+14	7.9339e+03	1.819e-14	1.0000e+05	6.8165e+04	7.6905e-11	3.2230e-01	6.7770e-01	9.6596e-01	3.4038e-02	3.6323e-09	1.4778e-11	2.0811e-03	9.8307e-01	1.4847e-02	1.1755e-36	3.7223e-01	6.2773e-01	4.1327e-05	1.1755e-36	1.1755e-36	1.1755e-36	1.4847e-18	0.00e+00	0.00e+00	1.2611e+01
9.34935e+14	7.8641e+03	1.709e-14	1.0000e+05	6.5379e+04	9.8095e-11	3.5006e-01	6.4994e-01	9.6857e-01	3.1429e-02	3.3867e-09	1.7952e-11	2.0091e-03	9.8425e-01	1.3745e-02	1.1755e-36	4.0186e-01	5.9810e-01	3.3750e-05	1.1755e-36	1.1755e-36	1.1755e-36	2.0044e-18	0.00e+00	0.00e+00	1.3095e+01
9.37054e+14	7.7921e+03	1.604e-14	1.0000e+05	6.2704e+04	1.2261e-10	3.7621e-01	6.2379e-01	9.7070e-01	2.9297e-02	3.1952e-09	2.1311e-11	1.9389e-03	9.8526e-01	1.2805e-02	1.1755e-36	4.2946e-01	5.7051e-01	2.8093e-05	1.1755e-36	1.1755e-36	1.1755e-36	2.6128e-18	0.00e+00	0.00e+00	1.3582e+01
9.39043e+14	7.7074e+03	1.503e-14	1.0000e+05	6.0163e+04	1.5378e-10	4.0312e-01	5.9688e-01	9.7252e-01	2.7478e-02	3.0325e-09	2.5243e-11	1.8721e-03	9.8622e-01	1.1910e-02	1.1755e-36	4.5751e-01	5.4247e-01	2.3471e-05	1.1755e-36	1.1755e-36	1.1755e-36	3.4015e-18	0.00e+00	0.00e+00	1.4072e+01
9.40917e+14	7.6289e+03	1.401e-14	1.0000e+05	5.7517e+04	1.9038e-10	4.2943e-01	5.7057e-01	9.7403e-01	2.5965e-02	2.9142e-09	2.9489e-11	1.8005e-03	9.8709e-01	1.1112e-02	1.1755e-36	4.8462e-01	5.1537e-01	1.9745e-05	1.1755e-36	1.1755e-36	1.1755e-36	4.3370e-18	0.00e+00	0.00e+00	1.4567e+01
9.42621e+14	7.5509e+03	1.305e-14	1.0000e+05	5.4999e+04	2.3225e-10	4.5422e-01	5.4578e-01	9.7527e-01	2.4734e-02	2.8281e-09	3.3909e-11	1.7315e-03	9.8786e-01	1.0412e-02	1.1755e-36	5.0986e-01	4.9012e-01	1.6835e-05	1.1755e-36	1.1755e-36	1.1755e-36	5.3986e-18	0.00e+00	0.00e+00	1.5021e+01
9.44106e+14	7.4752e+03	1.220e-14	1.0000e+05	5.2715e+04	2.7800e-10	4.7662e-01	5.2338e-01	9.7625e-01	2.3753e-02	2.7670e-09	3.8289e-11	1.6684e-03	9.8852e-01	9.8162e-03	1.1755e-36	5.3245e-01	4.6753e-01	1.4606e-05	1.1755e-36	1.1755e-36	1.1755e-36	6.5339e-18	0.00e+00	0.00e+00	1.5438e+01
9.45437e+14	7.4081e+03	1.142e-14	1.0000e+05	5.0562e+04	3.2652e-10	4.9700e-01	5.0300e-01	9.7706e-01	2.2936e-02	2.7259e-09	4.2569e-11	1.6080e-03	9.8909e-01	9.3035e-03	1.1755e-36	5.5281e-01	4.4718e-01	1.2834e-05	1.1755e-36	1.1755e-36	1.1755e-36	7.7195e-18	0.00e+00	0.00e+00	1.5839e+01
9.46677e+14	7.3260e+03	1.071e-14	1.0000e+05	4.8624e+04	3.8599e-10	5.1733e-01	4.8267e-01	9.7779e-01	2.2208e-02	2.6847e-09	4.7332e-11	1.5542e-03	9.8964e-01	8.8077e-03	1.1755e-36	5.7292e-01	4.2706e-01	1.1324e-05	1.1755e-36	1.1755e-36	1.1755e-36	9.1313e-18	0.00e+00	0.00e+00	1.6231e+01
9.47880e+14	7.2512e+03	1.001e-14	1.0000e+05	4.6635e+04	4.5238e-10	5.3699e-01	4.6301e-01	9.7843e-01	2.1575e-02	2.6620e-09	5.2222e-11	1.4979e-03	9.9015e-01	8.3515e-03	1.1755e-36	5.9221e-01	4.0778e-01	1.0014e-05	1.1755e-36	1.1755e-36	1.1755e-36	1.0672e-17	0.00e+00	0.00e+00	1.6640e+01
9.48880e+14	7.1960e+03	9.457e-15	1.0000e+05	4.5001e+04	5.1081e-10	5.5227e-01	4.4773e-01	9.7886e-01	2.1136e-02	2.6583e-09	5.6191e-11	1.4509e-03	9.9054e-01	8.0099e-03	1.1755e-36	6.0708e-01	3.9291e-01	9.0911e-06	1.1755e-36	1.1755e-36	1.1755e-36	1.1986e-17	0.00e+00	0.00e+00	1.6917e+01
9.49609e+14	7.1431e+03	9.054e-15	1.0000e+05	4.3818e+04	5.6527e-10	5.6432e-01	4.3568e-01	9.7921e-01	2.0791e-02	2.6494e-09	5.9597e-11	1.4173e-03	9.9084e-01	7.7447e-03	1.1755e-36	6.1874e-01	3.8125e-01	8.4357e-06	1.1755e-36	1.1755e-36	1.1755e-36	1.3163e-17	0.00e+00	0.00e+00	1.7154e+01
9.50290e+14	7.0939e+03	8.669e-15	1.0000e+05	4.2671e+04	6.2218e-10	5.7581e-01	4.2419e-01	9.7951e-01	2.0487e-02	2.6460e-09	6.2971e-11	1.3843e-03	9.9112e-01	7.4987e-03	1.1755e-36	6.2978e-01	3.7021e-01	7.8496e-06	1.1755e-36	1.1755e-36	1.1755e-36	1.4371e-17	0.00e+00	0.00e+00	1.7407e+01
9.51018e+14	7.0317e+03	8.266e-15	1.0000e+05	4.1457e+04	6.9532e-10	5.8849e-01	4.1151e-01	9.7985e-01	2.0147e-02	2.6385e-09	6.6946e-11	1.3498e-03	9.9142e-01	7.2306e-03	1.1755e-36	6.4195e-01	3.5804e-01	7.2529e-06	1.1755e-36	1.1755e-36	1.1755e-36	1.5845e-17	0.00e+00	0.00e+00	1.7690e+01
9.51773e+14	6.9817e+03	7.850e-15	1.0000e+05	4.0158e+04	7.6955e-10	6.0075e-01	3.9925e-01	9.8014e-01	1.9863e-02	2.6476e-09	7.0803e-11	1.3117e-03	9.9171e-01	6.9793e-03	1.1755e-36	6.5363e-01	3.4636e-01	6.6998e-06	1.1755e-36	1.1755e-36	1.1755e-36	1.7326e-17	0.00e+00	0.00e+00	1.7974e+01
9.52526e+14	6.9190e+03	7.448e-15	1.0000e+05	3.8889e+04	8.6127e-10	6.1345e-01	3.8655e-01	9.8042e-01	1.9577e-02	2.6535e-09	7.5101e-11	1.2749e-03	9.9200e-01	6.7230e-03	1.1755e-36	6.6566e-01	3.3434e-01	6.1788e-06	1.1755e-36	1.1755e-36	1.1755e-36	1.9036e-17	0.00e+00	0.00e+00	1.8266e+01
9.53267e+14	6.8565e+03	7.064e-15	1.0000e+05	3.7675e+04	9.6343e-10	6.2601e-01	3.7399e-01	9.8070e-01	1.9301e-02	2.6593e-09	7.9638e-11	1.2396e-03	9.9229e-01	6.4732e-03	1.1755e-36	6.7750e-01	3.2250e-01	5.7000e-06	1.1755e-36	1.1755e-36	1.1755e-36	2.0921e-17	0.00e+00	0.00e+00	1.8554e+01
9.53982e+14	6.7972e+03	6.700e-15	1.0000e+05	3.6479e+04	1.0719e-09	6.3781e-01	3.6219e-01	9.8093e-01	1.9066e-02	2.6732e-09	8.4008e-11	1.2044e-03	9.9255e-01	6.2436e-03	1.1755e-36	6.8856e-01	3.1143e-01	5.2760e-06	1.1755e-36	1.1755e-36	1.1755e-36	2.2793e-17	0.00e+00	0.00e+00	1.8837e+01
9.54687e+14	6.7356e+03	6.349e-15	1.0000e+05	3.5302e+04	1.1947e-09	6.4951e-01	3.5049e-01	9.8116e-01	1.8842e-02	2.6890e-09	8.8560e-11	1.1697e-03	9.9281e-01	6.0198e-03	1.1755e-36	6.9947e-01	3.0052e-01	4.8835e-06	1.1755e-36	1.1755e-36	1.1755e-36	2.4810e-17	0.00e+00	0.00e+00	1.9127e+01
9.55398e+14	6.6743e+03	6.004e-15	1.0000e+05	3.4131e+04	1.3321e-09	6.6119e-01	3.3881e-01	9.8137e-01	1.8631e-02	2.7087e-09	9.3319e-11	1.1350e-03	9.9307e-01	5.7999e-03	1.1755e-36	7.1030e-01	2.8970e-01	4.5155e-06	1.1755e-36	1.1755e-36	1.1755e-36	2.6999e-17	0.00e+00	0.00e+00	1.9425e+01
9.56108e+14	6.6102e+03	5.670e-15	1.0000e+05	3.2958e+04	1.4887e-09	6.7268e-01	3.2732e-01	9.8157e-01	1.8434e-02	2.7326e-09	9.8172e-11	1.1001e-03	9.9331e-01	5.5874e-03	1.1755e-36	7.2089e-01	2.7911e-01	4.1765e-06	1.1755e-36	1.1755e-36	1.1755e-36	2.9298e-17	0.00e+00	0.00e+00	1.9725e+01
9.56812e+14	6.5417e+03	5.351e-15	1.0000e+05	3.1811e+04	1.6700e-09	6.8403e-01	3.1597e-01	9.8175e-01	1.8251e-02	2.7584e-09	1.0322e-10	1.0658e-03	9.9355e-01	5.3796e-03	1.1755e-36	7.3133e-01	2.6866e-01	3.8623e-06	1.1755e-36	1.1755e-36	1.1755e-36	3.1763e-17	0.00e+00	0.00e+00	2.0028e+01
9.57508e+14	6.4726e+03	5.047e-15	1.0000e+05	3.0717e+04	1.8752e-09	6.9531e-01	3.0469e-01	9.8193e-01	1.8068e-02	2.7828e-09	1.0859e-10	1.0331e-03	9.9379e-01	5.1759e-03	1.1755e-36	7.4164e-01	2.5835e-01	3.5709e-06	1.1755e-36	1.1755e-36	1.1755e-36	3.4507e-17	0.00e+00	0.00e+00	2.0332e+01
9.58191e+14	6.4060e+03	4.759e-15	1.0000e+05	2.9638e+04	2.0980e-09	7.0599e-01	2.9401e-01	9.8209e-01	1.7915e-02	2.8149e-09	1.1379e-10	1.0006e-03	9.9401e-01	4.9859e-03	1.1755e-36	7.5135e-01	2.4864e-01	3.3087e-06	1.1755e-36	1.1755e-36	1.1755e-36	3.7238e-17	0.00e+00	0.00e+00	2.0632e+01
9.58867e+14	6.3397e+03	4.483e-15	1.0000e+05	2.8588e+04	2.3472e-09	7.1647e-01	2.8353e-01	9.8223e-01	1.7771e-02	2.8494e-09	1.1915e-10	9.6874e-04	9.9423e-01	4.8016e-03	1.1755e-36	7.6084e-01	2.3915e-01	3.0656e-06	1.1755e-36	1.1755e-36	1.1755e-36	4.0161e-17	0.00e+00	0.00e+00	2.0939e+01
9.59547e+14	6.2646e+03	4.216e-15	1.0000e+05	2.7538e+04	2.6501e-09	7.2696e-01	2.7304e-01	9.8237e-01	1.7629e-02	2.8851e-09	1.2478e-10	9.3705e-04	9.9444e-01	4.6201e-03	1.1755e-36	7.7029e-01	2.2971e-01	2.8385e-06	1.1755e-36	1.1755e-36	1.1755e-36	4.3315e-17	0.00e+00	0.00e+00	2.1252e+01
9.60223e+14	6.1928e+03	3.964e-15	1.0000e+05	2.6530e+04	2.9836e-09	7.3716e-01	2.6284e-01	9.8250e-01	1.7499e-02	2.9236e-09	1.3055e-10	9.0635e-04	9.9465e-01	4.4449e-03	1.1755e-36	7.7944e-01	2.2056e-01	2.6284e-06	1.1755e-36	1.1755e-36	1.1755e-36	4.6692e-17	0.00e+00	0.00e+00	2.1564e+01
9.60888e+14	6.1236e+03	3.725e-15	1.0000e+05	2.5548e+04	3.3491e-09	7.4690e-01	2.5310e-01	9.8261e-01	1.7389e-02	2.9680e-09	1.3625e-10	8.7619e-04	9.9484e-01	4.2793e-03	1.1755e-36	7.8814e-01	2.1186e-01	2.4371e-06	1.1755e-36	1.1755e-36	1.1755e-36	5.0140e-17	0.00e+00	0.00e+00	2.1875e+01
9.61552e+14	6.0531e+03	3.496e-15	1.0000e+05	2.4572e+04	3.7653e-09	7.5635e-01	2.4365e-01	9.8270e-01	1.7295e-02	3.0186e-09	1.4193e-10	8.4609e-04	9.9503e-01	4.1204e-03	1.1755e-36	7.9655e-01	2.0345e-01	2.2605e-06	1.1755e-36	1.1755e-36	1.1755e-36	5.3685e-17	0.00e+00	0.00e+00	2.2193e+01
9.62220e+14	5.9851e+03	3.276e-15	1.0000e+05	2.3623e+04	4.2270e-09	7.6565e-01	2.3435e-01	9.8279e-01	1.7209e-02	3.0730e-09	1.4783e-10	8.1657e-04	9.9522e-01	3.9649e-03	1.1755e-36	8.0479e-01	1.9521e-01	2.0946e-06	1.1755e-36	1.1755e-36	1.1755e-36	5.7532e-17	0.00e+00	0.00e+00	2.2518e+01
9.62889e+14	5.9050e+03	3.068e-15	1.0000e+05	2.2711e+04	4.8132e-09	7.7514e-01	2.2486e-01	9.8290e-01	1.7099e-02	3.1193e-09	1.5448e-10	7.8852e-04	9.9540e-01	3.8094e-03	1.1755e-36	8.1315e-01	1.8685e-01	1.9382e-06	1.1755e-36	1.1755e-36	1.1755e-36	6.2080e-17	0.00e+00	0.00e+00	2.2844e+01
9.63542e+14	5.8325e+03	2.875e-15	1.0000e+05	2.1813e+04	5.4279e-09	7.8371e-01	2.1629e-01	9.8296e-01	1.7038e-02	3.1812e-09	1.6040e-10	7.6043e-04	9.9557e-01	3.6688e-03	1.1755e-36	8.2069e-01	1.7930e-01	1.8003e-06	1.1755e-36	1.1755e-36	1.1755e-36	6.6254e-17	0.00e+00	0.00e+00	2.3161e+01
9.64173e+14	5.7601e+03	2.698e-15	1.0000e+05	2.0983e+04	6.1203e-09	7.9197e-01	2.0803e-01	9.8303e-01	1.6970e-02	3.2387e-09	1.6661e-10	7.3447e-04	9.9573e-01	3.5351e-03	1.1755e-36	8.2792e-01	1.7208e-01	1.6748e-06	1.1755e-36	1.1755e-36	1.1755e-36	7.0872e-17	0.00e+00	0.00e+00	2.3471e+01
9.64797e+14	5.6810e+03	2.530e-15	1.0000e+05	2.0188e+04	6.9635e-09	8.0024e-01	1.9976e-01	9.8311e-01	1.6888e-02	3.2910e-09	1.7349e-10	7.0975e-04	9.9589e-01	3.4035e-03	1.1755e-36	8.3512e-01	1.6488e-01	1.5569e-06	1.1755e-36	1.1755e-36	1.1755e-36	7.6273e-17	0.00e+00	0.00e+00	2.3789e+01
9.65427e+14	5.6045e+03	2.370e-15	1.0000e+05	1.9394e+04	7.9071e-09	8.0816e-01	1.9184e-01	9.8317e-01	1.6829e-02	3.3539e-09	1.8030e-10	6.8479e-04	9.9604e-01	3.2778e-03	1.1755e-36	8.4200e-01	1.5800e-01	1.4474e-06	1.1755e-36	1.1755e-36	1.1755e-36	8.1880e-17	0.00e+00	0.00e+00	2.4111e+01
9.66052e+14	5.5278e+03	2.220e-15	1.0000e+05	1.8631e+04	8.9865e-09	8.1577e-01	1.8423e-01	9.8322e-01	1.6777e-02	3.4188e-09	1.8733e-10	6.6074e-04	9.9618e-01	3.1578e-03	1.1755e-36	8.4860e-01	1.5139e-01	1.3466e-06	1.1755e-36	1.1755e-36	1.1755e-36	8.8017e-17	0.00e+00	0.00e+00	2.4429e+01
9.66663e+14	5.4518e+03	2.081e-15	1.0000e+05	1.7906e+04	1.0209e-08	8.2302e-01	1.7698e-01	9.8327e-01	1.6731e-02	3.4855e-09	1.9457e-10	6.3778e-04	9.9632e-01	3.0447e-03	1.1755e-36	8.5486e-01	1.4514e-01	1.2548e-06	1.1755e-36	1.1755e-36	1.1755e-36	9.4719e-17	0.00e+00	0.00e+00	2.4743e+01
9.67217e+14	5.3868e+03	1.964e-15	1.0000e+05	1.7269e+04	1.1402e-08	8.2911e-01	1.7089e-01	9.8329e-01	1.6711e-02	3.5545e-09	2.0088e-10	6.1740e-04	9.9643e-01	2.9492e-03	1.1755e-36	8.6012e-01	1.3988e-01	1.1795e-06	1.1755e-36	1.1755e-36	1.1755e-36	1.0089e-16	0.00e+00	0.00e+00	2.5007e+01
9.67710e+14	5.3240e+03	1.863e-15	1.0000e+05	1.6714e+04	1.2684e-08	8.3467e-01	1.6533e-01	9.8332e-01	1.6681e-02	3.6124e-09	2.0737e-10	5.9976e-04	9.9654e-01	2.8638e-03	1.1755e-36	8.6488e-01	1.3511e-01	1.1142e-06	1.1755e-36	1.1755e-36	1.1755e-36	1.0761e-16	0.00e+00	0.00e+00	2.5261e+01
9.68189e+14	5.2621e+03	1.768e-15	1.0000e+05	1.6184e+04	1.4095e-08	8.3996e-01	1.6004e-01	9.8335e-01	1.6655e-02	3.6712e-09	2.1407e-10	5.8286e-04	9.9663e-01	2.7830e-03	1.1755e-36	8.6942e-01	1.3058e-01	1.0539e-06	1.1755e-36	1.1755e-36	1.1755e-36	1.1492e-16	0.00e+00	0.00e+00	2.5514e+01
9.68666e+14	5.2003e+03	1.678e-15	1.0000e+05	1.5669e+04	1.5673e-08	8.4510e-01	1.5490e-01	9.8337e-01	1.6633e-02	3.7322e-09	2.2115e-10	5.6638e-04	9.9673e-01	2.7051e-03	1.1755e-36	8.7381e-01	1.2619e-01	9.9718e-07	1.1755e-36	1.1755e-36	1.1755e-36	1.2309e-16	0.00e+00	0.00e+00	2.5768e+01
9.69141e+14	5.1339e+03	1.593e-15	1.0000e+05	1.5177e+04	1.7555e-08	8.5025e-01	1.4975e-01	9.8340e-01	1.6596e-02	3.7867e-09	2.2931e-10	5.5077e-04	9.9682e-01	2.6285e-03	1.1755e-36	8.7820e-01	1.2180e-01	9.4294e-07	1.1755e-36	1.1755e-36	1.1755e-36	1.3307e-16	0.00e+00	0.00e+00	2.6022e+01
9.69598e+14	5.0759e+03	1.515e-15	1.0000e+05	1.4702e+04	1.9424e-08	8.5480e-01	1.4520e-01	9.8341e-01	1.6592e-02	3.8537e-09	2.3672e-10	5.3544e-04	9.9690e-01	2.5598e-03	1.1755e-36	8.8207e-01	1.1793e-01	8.9506e-07	1.1755e-36	1.1755e-36	1.1755e-36	1.4268e-16	0.00e+00	0.00e+00	2.6260e+01
9.70048e+14	5.0127e+03	1.441e-15	1.0000e+05	1.4254e+04	2.1678e-08	8.5947e-01	1.4053e-01	9.8344e-01	1.6564e-02	3.9100e-09	2.4572e-10	5.2114e-04	9.9699e-01	2.4913e-03	1.1755e-36	8.8603e-01	1.1397e-01	8.4857e-07	1.1755e-36	1.1755e-36	1.1755e-36	1.5500e-16	0.00e+00	0.00e+00	2.6509e+01
9.70498e+14	4.9509e+03	1.371e-15	1.0000e+05	1.3814e+04	2.4129e-08	8.6387e-01	1.3613e-01	9.8345e-01	1.6550e-02	3.9730e-09	2.5494e-10	5.0698e-04	9.9707e-01	2.4194e-03	1.1755e-36	8.8976e-01	1.1024e-01	8.0548e-07	1.1755e-36	1.1755e-36	1.1755e-36	1.6763e-16	0.00e+00	0.00e+00	2.6750e+01
9.70935e+14	4.8937e+03	1.305e-15	1.0000e+05	1.3385e+04	2.6672e-08	8.6793e-01	1.3207e-01	9.8344e-01	1.6556e-02	4.0446e-09	2.6383e-10	4.9305e-04	9.9716e-01	2.3510e-03	1.1755e-36	8.9319e-01	1.0681e-01	7.6614e-07	1.1755e-36	1.1755e-36	1.1755e-36	1.8030e-16	0.00e+00	0.00e+00	2.6988e+01
9.71380e+14	4.8267e+03	1.241e-15	1.0000e+05	1.2975e+04	2.9959e-08	8.7229e-01	1.2771e-01	9.8347e-01	1.6525e-02	4.1007e-09	2.7517e-10	4.7999e-04	9.9724e-01	2.2787e-03	1.1755e-36	8.9687e-01	1.0313e-01	7.2643e-07	1.1755e-36	1.1755e-36	1.1755e-36	1.9745e-16	0.00e+00	0.00e+00	2.7238e+01
9.71815e+14	4.7651e+03	1.182e-15	1.0000e+05	1.2578e+04	3.3367e-08	8.7620e-01	1.2380e-01	9.8348e-01	1.6520e-02	4.1673e-09	2.8591e-10	4.6719e-04	9.9732e-01	2.2132e-03	1.1755e-36	9.0017e-01	9.9831e-02	6.9110e-07	1.1755e-36	1.1755e-36	1.1755e-36	2.1479e-16	0.00e+00	0.00e+00	2.7468e+01
9.72226e+14	4.7102e+03	1.128e-15	1.0000e+05	1.2205e+04	3.6777e-08	8.7974e-01	1.2026e-01	9.8347e-01	1.6531e-02	4.2394e-09	2.9610e-10	4.5499e-04	9.9739e-01	2.1537e-03	1.1755e-36	9.0315e-01	9.6854e-02	6.5938e-07	1.1755e-36	1.1755e-36	1.1755e-36	2.3221e-16	0.00e+00	0.00e+00	2.7694e+01
9.72649e+14	4.6448e+03	1.075e-15	1.0000e+05	1.1841e+04	4.1250e-08	8.8361e-01	1.1639e-01	9.8349e-01	1.6505e-02	4.2963e-09	3.0933e-10	4.4340e-04	9.9747e-01	2.0898e-03	1.1755e-36	9.0640e-01	9.3603e-02	6.2669e-07	1.1755e-36	1.1755e-36	1.1755e-36	2.5618e-16	0.00e+00	0.00e+00	2.7938e+01
9.73070e+14	4.5837e+03	1.025e-15	1.0000e+05	1.1483e+04	4.5929e-08	8.8714e-01	1.1286e-01	9.8350e-01	1.6504e-02	4.3646e-09	3.2215e-10	4.3184e-04	9.9754e-01	2.0308e-03	1.1755e-36	9.0936e-01	9.0641e-02	5.9707e-07	1.1755e-36	1.1755e-36	1.1755e-36	2.8102e-16	0.00e+00	0.00e+00	2.8165e+01
9.73470e+14	4.5248e+03	9.790e-16	1.0000e+05	1.1151e+04	5.0939e-08	8.9047e-01	1.0953e-01	9.8350e-01	1.6501e-02	4.4302e-09	3.3538e-10	4.2108e-04	9.9760e-01	1.9755e-03	1.1755e-36	9.1214e-01	8.7860e-02	5.6986e-07	1.1755e-36	1.1755e-36	1.1755e-36	3.0826e-16	0.00e+00	0.00e+00	2.8388e+01
9.73870e+14	4.4654e+03	9.349e-16	1.0000e+05	1.0825e+04	5.6529e-08	8.9373e-01	1.0627e-01	9.8350e-01	1.6499e-02	4.4968e-09	3.4960e-10	4.1055e-04	9.9767e-01	1.9213e-03	1.1755e-36	9.1487e-01	8.5134e-02	5.4376e-07	1.1755e-36	1.1755e-36	1.1755e-36	3.3932e-16	0.00e+00	0.00e+00	2.8615e+01
9.74276e+14	4.4049e+03	8.921e-16	1.0000e+05	1.0503e+04	6.2822e-08	8.9695e-01	1.0305e-01	9.8350e-01	1.6497e-02	4.5654e-09	3.6497e-10	4.0015e-04	9.9773e-01	1.8677e-03	1.1755e-36	9.1756e-01	8.2443e-02	5.1852e-07	1.1755e-36	1.1755e-36	1.1755e-36	3.7506e-16	0.00e+00	0.00e+00	2.8846e+01
9.74684e+14	4.3437e+03	8.512e-16	1.0000e+05	1.0188e+04	6.9820e-08	9.0010e-01	9.9896e-02	9.8350e-01	1.6497e-02	4.6355e-09	3.8140e-10	3.8996e-04	9.9779e-01	1.8153e-03	1.1755e-36	9.2018e-01	7.9815e-02	4.9439e-07	1.1755e-36	1.1755e-36	1.1755e-36	4.1571e-16	0.00e+00	0.00e+00	2.9078e+01
9.75090e+14	4.2821e+03	8.121e-16	1.0000e+05	9.8812e+03	7.7529e-08	9.0317e-01	9.6828e-02	9.8350e-01	1.6497e-02	4.7065e-09	3.9881e-10	3.8004e-04	9.9786e-01	1.7644e-03	1.1755e-36	9.2274e-01	7.7261e-02	4.7142e-07	1.1755e-36	1.1755e-36	1.1755e-36	4.6157e-16	0.00e+00	0.00e+00	2.9310e+01
9.75498e+14	4.2200e+03	7.746e-16	1.0000e+05	9.5812e+03	8.6010e-08	9.0617e-01	9.3828e-02	9.8350e-01	1.6497e-02	4.7788e-09	4.1724e-10	3.7035e-04	9.9791e-01	1.7147e-03	1.1755e-36	9.2523e-01	7.4768e-02	4.4945e-07	1.1755e-36	1.1755e-36	1.1755e-36	5.1324e-16	0.00e+00	0.00e+00	2.9543e+01
9.75909e+14	4.1567e+03	7.384e-16	1.0000e+05	9.2853e+03	9.5357e-08	9.0913e-01	9.0874e-02	9.8350e-01	1.6499e-02	4.8530e-09	4.3676e-10	3.6080e-04	9.9797e-01	1.6657e-03	1.1755e-36	9.2768e-01	7.2316e-02	4.2828e-07	1.1755e-36	1.1755e-36	1.1755e-36	5.7146e-16	0.00e+00	0.00e+00	2.9781e+01
9.76328e+14	4.0919e+03	7.032e-16	1.0000e+05	8.9926e+03	1.0563e-07	9.1206e-01	8.7938e-02	9.8350e-01	1.6499e-02	4.9289e-09	4.5742e-10	3.5137e-04	9.9803e-01	1.6172e-03	1.1755e-36	9.3012e-01	6.9883e-02	4.0770e-07	1.1755e-36	1.1755e-36	1.1755e-36	6.3699e-16	0.00e+00	0.00e+00	3.0025e+01
9.76757e+14	4.0250e+03	6.689e-16	1.0000e+05	8.7003e+03	1.1690e-07	9.1499e-01	8.5009e-02	9.8350e-01	1.6500e-02	5.0076e-09	4.7911e-10	3.4197e-04	9.9809e-01	1.5689e-03	1.1755e-36	9.3254e-01	6.7459e-02	3.8762e-07	1.1755e-36	1.1755e-36	1.1755e-36	7.1014e-16	0.00e+00	0.00e+00	3.0276e+01
9.77200e+14	3.9551e+03	6.350e-16	1.0000e+05	8.4056e+03	1.2921e-07	9.1794e-01	8.2060e-02	9.8350e-01	1.6500e-02	5.0901e-09	5.0172e-10	3.3251e-04	9.9815e-01	1.5204e-03	1.1755e-36	9.3498e-01	6.5020e-02	3.6785e-07	1.1755e-36	1.1755e-36	1.1755e-36	7.9108e-16	0.00e+00	0.00e+00	3.0537e+01
###########################
5.40562e+10	8.8967e+03	2.599e-14	1.0000e+05	1.0800e+05	6.7400e-15	4.7699e-03	9.9523e-01	2.5623e-02	9.7316e-01	1.2181e-03	3.3395e-16	4.6538e-04	3.2683e-01	6.7240e-01	3.0706e-04	4.0874e-03	7.5141e-01	2.4444e-01	6.3404e-05	1.1755e-36	1.1755e-36	2.1389e-24	0.00e+00	0.00e+00	3.2562e-04
3.24337e+11	8.8942e+03	2.598e-14	1.0000e+05	1.0798e+05	6.6748e-15	4.7670e-03	9.9523e-01	2.5623e-02	9.7316e-01	1.2172e-03	3.2987e-16	4.6477e-04	3.2683e-01	6.7239e-01	3.0750e-04	4.0845e-03	7.5131e-01	2.4454e-01	6.3225e-05	1.1755e-36	1.1755e-36	2.0880e-24	0.00e+00	0.00e+00	1.6273e-03
1.40546e+12	8.8881e+03	2.593e-14	1.0000e+05	1.0798e+05	6.6943e-15	4.7632e-03	9.9524e-01	2.5644e-02	9.7315e-01	1.2093e-03	3.3058e-16	4.6431e-04	3.2704e-01	6.7219e-01	3.0648e-04	4.0827e-03	7.5147e-01	2.4439e-01	6.2307e-05	1.1755e-36	1.1755e-36	2.0951e-24	0.00e+00	0.00e+00	6.8299e-03
5.72996e+12	8.8758e+03	2.578e-14	1.0000e+05	1.0798e+05	6.7295e-15	4.7589e-03	9.9524e-01	2.5749e-02	9.7308e-01	1.1686e-03	3.3247e-16	4.6534e-04	3.2804e-01	6.7119e-01	3.0292e-04	4.0867e-03	7.5242e-01	2.4343e-01	5.8630e-05	1.1755e-36	1.1755e-36	2.1045e-24	0.00e+00	0.00e+00	2.7621e-02
1.36870e+13	8.8250e+03	2.526e-14	1.0000e+05	1.0798e+05	6.6331e-15	4.6768e-03	9.9532e-01	2.5727e-02	9.7313e-01	1.1432e-03	3.2046e-16	4.6050e-04	3.2825e-01	6.7099e-01	3.0082e-04	4.0196e-03	7.5227e-01	2.4365e-01	5.4524e-05	1.1755e-36	1.1755e-36	1.9842e-24	0.00e+00	0.00e+00	5.4184e-02
2.40312e+13	8.7710e+03	2.475e-14	1.0000e+05	1.0799e+05	6.5946e-15	4.6147e-03	9.9539e-01	2.5796e-02	9.7313e-01	1.0768e-03	3.1216e-16	4.5916e-04	3.2923e-01	6.7002e-01	2.9568e-04	3.9768e-03	7.5319e-01	2.4279e-01	4.8977e-05	1.1755e-36	1.1755e-36	1.8909e-24	0.00e+00	0.00e+00	8.8257e-02
3.74787e+13	8.7123e+03	2.421e-14	1.0000e+05	1.0799e+05	6.6058e-15	4.5671e-03	9.9543e-01	2.5960e-02	9.7307e-01	9.7176e-04	3.0676e-16	4.5986e-04	3.3104e-01	6.6821e-01	2.8752e-04	3.9540e-03	7.5520e-01	2.4081e-01	4.2146e-05	1.1755e-36	1.1755e-36	1.8167e-24	0.00e+00	0.00e+00	1.3210e-01
5.49604e+13	8.6456e+03	2.364e-14	1.0000e+05	1.0799e+05	6.6865e-15	4.5373e-03	9.9546e-01	2.6260e-02	9.7291e-01	8.2989e-04	3.0490e-16	4.6302e-04	3.3401e-01	6.6525e-01	2.7603e-04	3.9556e-03	7.5862e-01	2.3739e-01	3.4287e-05	1.1755e-36	1.1755e-36	1.7635e-24	0.00e+00	0.00e+00	1.8871e-01
7.76866e+13	8.5801e+03	2.305e-14	1.0000e+05	1.0799e+05	6.8127e-15	4.5282e-03	9.9547e-01	2.6729e-02	9.7261e-01	6.6033e-04	3.0690e-16	4.6978e-04	3.3844e-01	6.6083e-01	2.6140e-04	3.9867e-03	7.6380e-01	2.3219e-01	2.5933e-05	1.1755e-36	1.1755e-36	1.7308e-24	0.00e+00	0.00e+00	2.6217e-01
1.07231e+14	8.5098e+03	2.244e-14	1.0000e+05	1.0798e+05	7.0605e-15	4.5546e-03	9.9545e-01	2.7472e-02	9.7205e-01	4.7943e-04	3.1611e-16	4.8186e-04	3.4511e-01	6.5416e-01	2.4348e-04	4.0645e-03	7.7135e-01	2.2457e-01	1.7816e-05	1.1755e-36	1.1755e-36	1.7389e-24	0.00e+00	0.00e+00	3.5822e-01
1.45638e+14	8.4413e+03	2.183e-14	1.0000e+05	1.0796e+05	7.4709e-15	4.6345e-03	9.9537e-01	2.8630e-02	9.7106e-01	3.1025e-04	3.3649e-16	5.0188e-04	3.5503e-01	6.4425e-01	2.2259e-04	4.2113e-03	7.8195e-01	2.1383e-01	1.0806e-05	1.1755e-36	1.1755e-36	1.8087e-24	0.00e+00	0.00e+00	4.8527e-01
1.95567e+14	8.3759e+03	2.127e-14	1.0000e+05	1.0794e+05	8.1811e-15	4.8026e-03	9.9520e-01	3.0470e-02	9.6936e-01	1.7405e-04	3.7727e-16	5.3467e-04	3.6994e-01	6.2933e-01	1.9859e-04	4.4694e-03	7.9655e-01	1.9897e-01	5.5767e-06	1.1755e-36	1.1755e-36	1.9926e-24	0.00e+00	0.00e+00	6.5644e-01
2.60476e+14	8.3188e+03	2.078e-14	1.0000e+05	1.0789e+05	9.4501e-15	5.1223e-03	9.9488e-01	3.3505e-02	9.6641e-01	8.2034e-05	4.5867e-16	5.8902e-04	3.9280e-01	6.0644e-01	1.7075e-04	4.9177e-03	8.1646e-01	1.7862e-01	2.3368e-06	1.1755e-36	1.1755e-36	2.4076e-24	0.00e+00	0.00e+00	8.9377e-01
3.33091e+14	8.2689e+03	2.042e-14	1.0000e+05	1.0777e+05	1.1353e-14	5.5833e-03	9.9442e-01	3.7701e-02	9.6226e-01	3.5172e-05	5.8781e-16	6.6246e-04	4.2190e-01	5.7729e-01	1.4322e-04	5.5422e-03	8.3852e-01	1.5594e-01	8.8278e-07	1.1755e-36	1.1755e-36	3.1020e-24	0.00e+00	0.00e+00	1.1471e+00
3.99015e+14	8.2417e+03	2.032e-14	1.0000e+05	1.0767e+05	1.3980e-14	6.1779e-03	9.9382e-01	4.2935e-02	9.5705e-01	1.6533e-05	7.8130e-16	7.4904e-04	4.5403e-01	5.4510e-01	1.1929e-04	6.3208e-03	8.5921e-01	1.3447e-01	3.6424e-07	1.1755e-36	1.1755e-36	4.2315e-24	0.00e+00	0.00e+00	1.3811e+00
4.51377e+14	8.2553e+03	2.037e-14	1.0000e+05	1.0756e+05	1.6815e-14	6.8105e-03	9.9319e-01	4.8491e-02	9.5150e-01	9.2777e-06	1.0229e-15	8.3543e-04	4.8417e-01	5.1489e-01	1.0092e-04	7.1375e-03	8.7602e-01	1.1684e-01	1.8125e-07	1.1755e-36	1.1755e-36	5.7500e-24	0.00e+00	0.00e+00	1.5735e+00
4.92530e+14	8.2757e+03	2.051e-14	1.0000e+05	1.0745e+05	2.0001e-14	7.4611e-03	9.9254e-01	5.4231e-02	9.4576e-01	5.9620e-06	1.3161e-15	9.1890e-04	5.1189e-01	4.8710e-01	8.6440e-05	7.9705e-03	8.8956e-01	1.0247e-01	1.1755e-36	1.1755e-36	1.1755e-36	7.7193e-24	0.00e+00	0.00e+00	1.7505e+00
5.29367e+14	8.2817e+03	2.073e-14	1.0000e+05	1.0732e+05	2.4187e-14	8.2030e-03	9.9180e-01	6.0854e-02	9.3914e-01	4.0260e-06	1.7068e-15	1.0085e-03	5.4030e-01	4.5862e-01	7.3442e-05	8.9151e-03	9.0172e-01	8.9369e-02	1.1755e-36	1.1755e-36	1.1755e-36	1.0490e-23	0.00e+00	0.00e+00	1.9375e+00
5.65011e+14	8.3023e+03	2.097e-14	1.0000e+05	1.0717e+05	2.9502e-14	9.0822e-03	9.9092e-01	6.8944e-02	9.3105e-01	2.7720e-06	2.2513e-15	1.1084e-03	5.7067e-01	4.2816e-01	6.1368e-05	1.0033e-02	9.1315e-01	7.6819e-02	1.1755e-36	1.1755e-36	1.1755e-36	1.4621e-23	0.00e+00	0.00e+00	2.1393e+00
5.99169e+14	8.3252e+03	2.128e-14	1.0000e+05	1.0702e+05	3.6629e-14	1.0133e-02	9.8987e-01	7.8969e-02	9.2103e-01	1.9494e-06	3.0293e-15	1.2165e-03	6.0299e-01	3.9574e-01	5.0269e-05	1.1365e-02	9.2364e-01	6.4999e-02	1.1755e-36	1.1755e-36	1.1755e-36	2.0999e-23	0.00e+00	0.00e+00	2.3513e+00
6.30980e+14	8.3443e+03	2.164e-14	1.0000e+05	1.0682e+05	4.6009e-14	1.1371e-02	9.8863e-01	9.1165e-02	9.0883e-01	1.4080e-06	4.1105e-15	1.3343e-03	6.3636e-01	3.6227e-01	4.0431e-05	1.2930e-02	9.3281e-01	5.4262e-02	1.1755e-36	1.1755e-36	1.1755e-36	3.0491e-23	0.00e+00	0.00e+00	2.5703e+00
6.60332e+14	8.3534e+03	2.201e-14	1.0000e+05	1.0645e+05	5.8477e-14	1.2817e-02	9.8718e-01	1.0563e-01	8.9437e-01	1.0355e-06	5.5956e-15	1.4587e-03	6.6991e-01	3.2860e-01	3.1954e-05	1.4754e-02	9.4050e-01	4.4748e-02	1.1755e-36	1.1755e-36	1.1755e-36	4.4434e-23	0.00e+00	0.00e+00	2.7986e+00
6.87831e+14	8.3796e+03	2.241e-14	1.0000e+05	1.0618e+05	7.4875e-14	1.4528e-02	9.8547e-01	1.2399e-01	8.7601e-01	7.8196e-07	7.7482e-15	1.5878e-03	7.0393e-01	2.9446e-01	2.4673e-05	1.6907e-02	9.4684e-01	3.6254e-02	1.1755e-36	1.1755e-36	1.1755e-36	6.6675e-23	0.00e+00	0.00e+00	3.0443e+00
7.13646e+14	8.4010e+03	2.286e-14	1.0000e+05	1.0587e+05	9.7731e-14	1.6586e-02	9.8341e-01	1.4727e-01	8.5273e-01	5.9828e-07	1.0915e-14	1.7190e-03	7.3822e-01	2.6004e-01	1.8510e-05	1.9489e-02	9.5173e-01	2.8778e-02	1.1755e-36	1.1755e-36	1.1755e-36	1.0259e-22	0.00e+00	0.00e+00	3.3045e+00
7.36873e+14	8.4104e+03	2.329e-14	1.0000e+05	1.0526e+05	1.2826e-13	1.8968e-02	9.8103e-01	1.7513e-01	8.2487e-01	4.6378e-07	1.5283e-14	1.8500e-03	7.7065e-01	2.2749e-01	1.3649e-05	2.2468e-02	9.5495e-01	2.2585e-02	1.1755e-36	1.1755e-36	1.1755e-36	1.5611e-22	0.00e+00	0.00e+00	3.5634e+00
7.57022e+14	8.4226e+03	2.374e-14	1.0000e+05	1.0487e+05	1.6795e-13	2.1649e-02	9.7835e-01	2.0824e-01	7.9176e-01	3.6932e-07	2.1382e-14	1.9725e-03	8.0019e-01	1.9783e-01	9.9663e-06	2.5810e-02	9.5656e-01	1.7633e-02	1.1755e-36	1.1755e-36	1.1755e-36	2.3865e-22	0.00e+00	0.00e+00	3.8188e+00
7.74446e+14	8.4353e+03	2.413e-14	1.0000e+05	1.0431e+05	2.1726e-13	2.4566e-02	9.7543e-01	2.4587e-01	7.5413e-01	2.9907e-07	2.9423e-14	2.0806e-03	8.2608e-01	1.7183e-01	7.2716e-06	2.9435e-02	9.5680e-01	1.3768e-02	1.1755e-36	1.1755e-36	1.1755e-36	3.5681e-22	0.00e+00	0.00e+00	4.0696e+00
7.89827e+14	8.4429e+03	2.448e-14	1.0000e+05	1.0366e+05	2.8005e-13	2.7787e-02	9.7221e-01	2.8869e-01	7.1131e-01	2.4391e-07	4.0171e-14	2.1764e-03	8.4890e-01	1.4891e-01	5.2796e-06	3.3426e-02	9.5586e-01	1.0715e-02	1.1755e-36	1.1755e-36	1.1755e-36	5.2725e-22	0.00e+00	0.00e+00	4.3256e+00
8.03854e+14	8.4478e+03	2.479e-14	1.0000e+05	1.0292e+05	3.6212e-13	3.1448e-02	9.6855e-01	3.3808e-01	6.6192e-01	1.9839e-07	5.5004e-14	2.2627e-03	8.6933e-01	1.2840e-01	3.7843e-06	3.7950e-02	9.5380e-01	8.2541e-03	1.1755e-36	1.1755e-36	1.1755e-36	7.8027e-22	0.00e+00	0.00e+00	4.5929e+00
8.16759e+14	8.4513e+03	2.506e-14	1.0000e+05	1.0206e+05	4.7005e-13	3.5632e-02	9.6437e-01	3.9426e-01	6.0574e-01	1.6021e-07	7.5676e-14	2.3381e-03	8.8740e-01	1.1026e-01	2.6771e-06	4.3105e-02	9.5061e-01	6.2842e-03	1.1755e-36	1.1755e-36	1.1755e-36	1.1583e-21	0.00e+00	0.00e+00	4.8708e+00
8.28591e+14	8.4525e+03	2.529e-14	1.0000e+05	1.0109e+05	6.1233e-13	4.0406e-02	9.5959e-01	4.5614e-01	5.4386e-01	1.2807e-07	1.0455e-13	2.4020e-03	9.0305e-01	9.4541e-02	1.8756e-06	4.8967e-02	9.4630e-01	4.7365e-03	1.1755e-36	1.1755e-36	1.1755e-36	1.7230e-21	0.00e+00	0.00e+00	5.1595e+00
8.39503e+14	8.4508e+03	2.546e-14	1.0000e+05	1.0001e+05	8.0176e-13	4.5885e-02	9.5412e-01	5.2210e-01	4.7790e-01	1.0096e-07	1.4521e-13	2.4546e-03	9.1643e-01	8.1112e-02	1.3032e-06	5.5673e-02	9.4079e-01	3.5342e-03	1.1755e-36	1.1755e-36	1.1755e-36	2.5740e-21	0.00e+00	0.00e+00	5.4640e+00
8.49747e+14	8.4457e+03	2.559e-14	1.0000e+05	9.8821e+04	1.0605e-12	5.2301e-02	9.4770e-01	5.9047e-01	4.0953e-01	7.8080e-08	2.0370e-13	2.4967e-03	9.2785e-01	6.9649e-02	8.9544e-07	6.3499e-02	9.3390e-01	2.6018e-03	1.1755e-36	1.1755e-36	1.1755e-36	3.8904e-21	0.00e+00	0.00e+00	5.7935e+00
8.59558e+14	8.4397e+03	2.561e-14	1.0000e+05	9.7259e+04	1.4170e-12	5.9862e-02	9.4014e-01	6.5854e-01	3.4146e-01	5.8890e-08	2.8767e-13	2.5219e-03	9.3748e-01	5.9994e-02	6.0890e-07	7.2687e-02	9.2543e-01	1.8851e-03	1.1755e-36	1.1755e-36	1.1755e-36	5.9289e-21	0.00e+00	0.00e+00	6.1580e+00
8.69169e+14	8.4261e+03	2.564e-14	1.0000e+05	9.5733e+04	1.9530e-12	6.9392e-02	9.3061e-01	7.2500e-01	2.7500e-01	4.3102e-08	4.1834e-13	2.5431e-03	9.4591e-01	5.1546e-02	4.0332e-07	8.4215e-02	9.1446e-01	1.3296e-03	1.1755e-36	1.1755e-36	1.1755e-36	9.4508e-21	0.00e+00	0.00e+00	6.5777e+00
8.78599e+14	8.4093e+03	2.560e-14	1.0000e+05	9.4032e+04	2.7732e-12	8.1490e-02	9.1851e-01	7.8560e-01	2.1440e-01	3.0722e-08	6.2312e-13	2.5539e-03	9.5314e-01	4.4301e-02	2.6117e-07	9.8772e-02	9.0031e-01	9.1304e-04	1.1755e-36	1.1755e-36	1.1755e-36	1.5722e-20	0.00e+00	0.00e+00	7.0552e+00
8.87666e+14	8.3869e+03	2.546e-14	1.0000e+05	9.2100e+04	4.0512e-12	9.6797e-02	9.0320e-01	8.3652e-01	1.6348e-01	2.1592e-08	9.4376e-13	2.5524e-03	9.5926e-01	3.8187e-02	1.6666e-07	1.1707e-01	8.8232e-01	6.1452e-04	1.1755e-36	1.1755e-36	1.1755e-36	2.7177e-20	0.00e+00	0.00e+00	7.5964e+00
8.96291e+14	8.3559e+03	2.517e-14	1.0000e+05	8.9867e+04	6.0949e-12	1.1622e-01	8.8378e-01	8.7674e-01	1.2326e-01	1.5150e-08	1.4498e-12	2.5367e-03	9.6448e-01	3.2985e-02	1.1755e-36	1.4010e-01	8.5949e-01	4.0685e-04	1.1755e-36	1.1755e-36	1.1755e-36	4.8799e-20	0.00e+00	0.00e+00	8.2126e+00
9.04400e+14	8.3213e+03	2.456e-14	1.0000e+05	8.6873e+04	9.3358e-12	1.4022e-01	8.5978e-01	9.0696e-01	9.3039e-02	1.0781e-08	2.2255e-12	2.4929e-03	9.6888e-01	2.8625e-02	1.1755e-36	1.6827e-01	8.3146e-01	2.6708e-04	1.1755e-36	1.1755e-36	1.1755e-36	8.8955e-20	0.00e+00	0.00e+00	8.9050e+00
9.11939e+14	8.2667e+03	2.372e-14	1.0000e+05	8.3639e+04	1.4776e-11	1.7059e-01	8.2941e-01	9.2921e-01	7.0792e-02	7.8292e-09	3.4701e-12	2.4372e-03	9.7284e-01	2.4725e-02	1.1755e-36	2.0349e-01	7.9634e-01	1.7343e-04	1.1755e-36	1.1755e-36	1.1755e-36	1.6874e-19	0.00e+00	0.00e+00	9.6866e+00
9.18769e+14	8.1949e+03	2.252e-14	1.0000e+05	7.9824e+04	2.3757e-11	2.0739e-01	7.9261e-01	9.4483e-01	5.5168e-02	5.9210e-09	5.3901e-12	2.3596e-03	9.7630e-01	2.1337e-02	1.1755e-36	2.4549e-01	7.5439e-01	1.1284e-04	1.1755e-36	1.1755e-36	1.1755e-36	3.2278e-19	0.00e+00	0.00e+00	1.0525e+01
9.24650e+14	8.1071e+03	2.102e-14	1.0000e+05	7.5592e+04	3.7777e-11	2.4879e-01	7.5121e-01	9.5542e-01	4.4584e-02	4.7199e-09	8.1393e-12	2.2639e-03	9.7924e-01	1.8500e-02	1.1755e-36	2.9191e-01	7.0801e-01	7.5205e-05	1.1755e-36	1.1755e-36	1.1755e-36	5.9840e-19	0.00e+00	0.00e+00	1.1367e+01
9.29244e+14	8.0256e+03	1.947e-14	1.0000e+05	7.1513e+04	5.6081e-11	2.8877e-01	7.1123e-01	9.6201e-01	3.7994e-02	4.0280e-09	1.1445e-11	2.1644e-03	9.8148e-01	1.6358e-02	1.1755e-36	3.3592e-01	6.6403e-01	5.3466e-05	1.1755e-36	1.1755e-36	1.1755e-36	1.0044e-18	0.00e+00	0.00e+00	1.2065e+01
9.32501e+14	7.9339e+03	1.819e-14	1.0000e+05	6.8165e+04	7.6908e-11	3.2230e-01	6.7770e-01	9.6596e-01	3.4037e-02	3.6321e-09	1.4779e-11	2.0811e-03	9.8307e-01	1.4847e-02	1.1755e-36	3.7223e-01	6.2773e-01	4.1326e-05	1.1755e-36	1.1755e-36	1.1755e-36	1.4849e-18	0.00e+00	0.00e+00	1.2612e+01
9.34937e+14	7.8641e+03	1.709e-14	1.0000e+05	6.5379e+04	9.8099e-11	3.5006e-01	6.4994e-01	9.6857e-01	3.1427e-02	3.3865e-09	1.7954e-11	2.0091e-03	9.8425e-01	1.3745e-02	1.1755e-36	4.0186e-01	5.9810e-01	3.3749e-05	1.1755e-36	1.1755e-36	1.1755e-36	2.0047e-18	0.00e+00	0.00e+00	1.3095e+01
9.37056e+14	7.7922e+03	1.604e-14	1.0000e+05	6.2704e+04	1.2262e-10	3.7621e-01	6.2379e-01	9.7070e-01	2.9296e-02	3.1950e-09	2.1313e-11	1.9389e-03	9.8526e-01	1.2805e-02	1.1755e-36	4.2946e-01	5.7051e-01	2.8092e-05	1.1755e-36	1.1755e-36	1.1755e-36	2.6132e-18	0.00e+00	0.00e+00	1.3582e+01
9.39045e+14	7.7075e+03	1.503e-14	1.0000e+05	6.0163e+04	1.5379e-10	4.0312e-01	5.9688e-01	9.7252e-01	2.7477e-02	3.0324e-09	2.5245e-11	1.8721e-03	9.8622e-01	1.1910e-02	1.1755e-36	4.5751e-01	5.4247e-01	2.3470e-05	1.1755e-36	1.1755e-36	1.1755e-36	3.4020e-18	0.00e+00	0.00e+00	1.4072e+01
9.40919e+14	7.6289e+03	1.401e-14	1.0000e+05	5.7517e+04	1.9039e-10	4.2943e-01	5.7057e-01	9.7404e-01	2.5964e-02	2.9141e-09	2.9492e-11	1.8005e-03	9.8709e-01	1.1112e-02	1.1755e-36	4.8461e-01	5.1537e-01	1.9744e-05	1.1755e-36	1.1755e-36	1.1755e-36	4.3377e-18	0.00e+00	0.00e+00	1.4567e+01
9.42623e+14	7.5509e+03	1.305e-14	1.0000e+05	5.4999e+04	2.3227e-10	4.5422e-01	5.4578e-01	9.7527e-01	2.4733e-02	2.8279e-09	3.3912e-11	1.7315e-03	9.8786e-01	1.0412e-02	1.1755e-36	5.0986e-01	4.9012e-01	1.6834e-05	1.1755e-36	1.1755e-36	1.1755e-36	5.3996e-18	0.00e+00	0.00e+00	1.5021e+01
9.44108e+14	7.4752e+03	1.220e-14	1.0000e+05	5.2715e+04	2.7801e-10	4.7662e-01	5.2338e-01	9.7625e-01	2.3752e-02	2.7668e-09	3.8292e-11	1.6684e-03	9.8852e-01	9.8162e-03	1.1755e-36	5.3245e-01	4.6753e-01	1.4606e-05	1.1755e-36	1.1755e-36	1.1755e-36	6.5351e-18	0.00e+00	0.00e+00	1.5438e+01
9.45439e+14	7.4081e+03	1.142e-14	1.0000e+05	5.0562e+04	3.2654e-10	4.9700e-01	5.0300e-01	9.7707e-01	2.2935e-02	2.7258e-09	4.2573e-11	1.6080e-03	9.8909e-01	9.3034e-03	1.1755e-36	5.5281e-01	4.4718e-01	1.2834e-05	1.1755e-36	1.1755e-36	1.1755e-36	7.7210e-18	0.00e+00	0.00e+00	1.5839e+01
9.46679e+14	7.3260e+03	1.071e-14	1.0000e+05	4.8624e+04	3.8601e-10	5.1733e-01	4.8267e-01	9.7779e-01	2.2207e-02	2.6846e-09	4.7336e-11	1.5542e-03	9.8964e-01	8.8077e-03	1.1755e-36	5.7292e-01	4.2706e-01	1.1323e-05	1.1755e-36	1.1755e-36	1.1755e-36	9.1330e-18	0.00e+00	0.00e+00	1.6231e+01
9.47882e+14	7.2512e+03	1.001e-14	1.0000e+05	4.6635e+04	4.5240e-10	5.3699e-01	4.6301e-01	9.7843e-01	2.1574e-02	2.6618e-09	5.2226e-11	1.4979e-03	9.9015e-01	8.3514e-03	1.1755e-36	5.9221e-01	4.0778e-01	1.0014e-05	1.1755e-36	1.1755e-36	1.1755e-36	1.0674e-17	0.00e+00	0.00e+00	1.6640e+01
9.48882e+14	7.1960e+03	9.457e-15	1.0000e+05	4.5001e+04	5.1084e-10	5.5227e-01	4.4773e-01	9.7887e-01	2.1135e-02	2.6582e-09	5.6196e-11	1.4509e-03	9.9054e-01	8.0098e-03	1.1755e-36	6.0708e-01	3.9291e-01	9.0907e-06	1.1755e-36	1.1755e-36	1.1755e-36	1.1988e-17	0.00e+00	0.00e+00	1.6917e+01
9.49611e+14	7.1432e+03	9.054e-15	1.0000e+05	4.3818e+04	5.6531e-10	5.6432e-01	4.3568e-01	9.7921e-01	2.0791e-02	2.6493e-09	5.9603e-11	1.4173e-03	9.9084e-01	7.7446e-03	1.1755e-36	6.1874e-01	3.8125e-01	8.4354e-06	1.1755e-36	1.1755e-36	1.1755e-36	1.3165e-17	0.00e+00	0.00e+00	1.7154e+01
9.50292e+14	7.0939e+03	8.669e-15	1.0000e+05	4.2671e+04	6.2222e-10	5.7581e-01	4.2419e-01	9.7951e-01	2.0486e-02	2.6459e-09	6.2977e-11	1.3843e-03	9.9112e-01	7.4987e-03	1.1755e-36	6.2978e-01	3.7021e-01	7.8493e-06	1.1755e-36	1.1755e-36	1.1755e-36	1.4374e-17	0.00e+00	0.00e+00	1.7407e+01
9.51020e+14	7.0317e+03	8.266e-15	1.0000e+05	4.1457e+04	6.9536e-10	5.8849e-01	4.1151e-01	9.7985e-01	2.0146e-02	2.6383e-09	6.6952e-11	1.3498e-03	9.9142e-01	7.2306e-03	1.1755e-36	6.4195e-01	3.5804e-01	7.2527e-06	1.1755e-36	1.1755e-36	1.1755e-36	1.5848e-17	0.00e+00	0.00e+00	1.7690e+01
9.51775e+14	6.9818e+03	7.850e-15	1.0000e+05	4.0158e+04	7.6956e-10	6.0074e-01	3.9926e-01	9.8014e-01	1.9862e-02	2.6475e-09	7.0809e-11	1.3117e-03	9.9171e-01	6.9793e-03	1.1755e-36	6.5363e-01	3.4636e-01	6.6995e-06	1.1755e-36	1.1755e-36	1.1755e-36	1.7329e-17	0.00e+00	0.00e+00	1.7974e+01
9.52528e+14	6.9191e+03	7.448e-15	1.0000e+05	3.8889e+04	8.6133e-10	6.1345e-01	3.8655e-01	9.8042e-01	1.9577e-02	2.6534e-09	7.5109e-11	1.2749e-03	9.9200e-01	6.7229e-03	1.1755e-36	6.6566e-01	3.3434e-01	6.1785e-06	1.1755e-36	1.1755e-36	1.1755e-36	1.9040e-17	0.00e+00	0.00e+00	1.8266e+01
9.53269e+14	6.8565e+03	7.064e-15	1.0000e+05	3.7675e+04	9.6349e-10	6.2601e-01	3.7399e-01	9.8070e-01	1.9300e-02	2.6591e-09	7.9645e-11	1.2396e-03	9.9229e-01	6.4732e-03	1.1755e-36	6.7750e-01	3.2250e-01	5.6997e-06	1.1755e-36	1.1755e-36	1.1755e-36	2.0925e-17	0.00e+00	0.00e+00	1.8554e+01
9.53984e+14	6.7972e+03	6.700e-15	1.0000e+05	3.6479e+04	1.0719e-09	6.3781e-01	3.6219e-01	9.8093e-01	1.9065e-02	2.6731e-09	8.4015e-11	1.2044e-03	9.9255e-01	6.2436e-03	1.1755e-36	6.8856e-01	3.1143e-01	5.2758e-06	1.1755e-36	1.1755e-36	1.1755e-36	2.2797e-17	0.00e+00	0.00e+00	1.8837e+01
9.54689e+14	6.7356e+03	6.349e-15	1.0000e+05	3.5302e+04	1.1948e-09	6.4951e-01	3.5049e-01	9.8116e-01	1.8841e-02	2.6889e-09	8.8568e-11	1.1697e-03	9.9281e-01	6.0197e-03	1.1755e-36	6.9947e-01	3.0052e-01	4.8833e-06	1.1755e-36	1.1755e-36	1.1755e-36	2.4815e-17	0.00e+00	0.00e+00	1.9127e+01
9.55400e+14	6.6744e+03	6.004e-15	1.0000e+05	3.4131e+04	1.3322e-09	6.6119e-01	3.3881e-01	9.8137e-01	1.8630e-02	2.7085e-09	9.3328e-11	1.1350e-03	9.9307e-01	5.7998e-03	1.1755e-36	7.1030e-01	2.8970e-01	4.5153e-06	1.1755e-36	1.1755e-36	1.1755e-36	2.7004e-17	0.00e+00	0.00e+00	1.9425e+01
9.56110e+14	6.6104e+03	5.670e-15	1.0000e+05	3.2958e+04	1.4886e-09	6.7267e-01	3.2733e-01	9.8157e-01	1.8433e-02	2.7325e-09	9.8178e-11	1.1001e-03	9.9331e-01	5.5875e-03	1.1755e-36	7.2088e-01	2.7911e-01	4.1763e-06	1.1755e-36	1.1755e-36	1.1755e-36	2.9302e-17	0.00e+00	0.00e+00	1.9725e+01
9.56814e+14	6.5417e+03	5.351e-15	1.0000e+05	3.1811e+04	1.6701e-09	6.8403e-01	3.1597e-01	9.8175e-01	1.8250e-02	2.7583e-09	1.0323e-10	1.0658e-03	9.9355e-01	5.3795e-03	1.1755e-36	7.3133e-01	2.6866e-01	3.8621e-06	1.1755e-36	1.1755e-36	1.1755e-36	3.1769e-17	0.00e+00	0.00e+00	2.0028e+01
9.57511e+14	6.4725e+03	5.047e-15	1.0000e+05	3.0717e+04	1.8755e-09	6.9531e-01	3.0469e-01	9.8193e-01	1.8067e-02	2.7826e-09	1.0860e-10	1.0331e-03	9.9379e-01	5.1758e-03	1.1755e-36	7.4164e-01	2.5835e-01	3.5707e-06	1.1755e-36	1.1755e-36	1.1755e-36	3.4514e-17	0.00e+00	0.00e+00	2.0332e+01
9.58193e+14	6.4060e+03	4.759e-15	1.0000e+05	2.9638e+04	2.0981e-09	7.0599e-01	2.9401e-01	9.8209e-01	1.7914e-02	2.8147e-09	1.1380e-10	1.0006e-03	9.9401e-01	4.9858e-03	1.1755e-36	7.5135e-01	2.4864e-01	3.3086e-06	1.1755e-36	1.1755e-36	1.1755e-36	3.7244e-17	0.00e+00	0.00e+00	2.0632e+01
9.58869e+14	6.3398e+03	4.483e-15	1.0000e+05	2.8588e+04	2.3472e-09	7.1647e-01	2.8353e-01	9.8223e-01	1.7771e-02	2.8493e-09	1.1916e-10	9.6874e-04	9.9423e-01	4.8015e-03	1.1755e-36	7.6084e-01	2.3916e-01	3.0655e-06	1.1755e-36	1.1755e-36	1.1755e-36	4.0167e-17	0.00e+00	0.00e+00	2.0939e+01
9.59549e+14	6.2647e+03	4.216e-15	1.0000e+05	2.7538e+04	2.6499e-09	7.2696e-01	2.7304e-01	9.8237e-01	1.7629e-02	2.8850e-09	1.2479e-10	9.3704e-04	9.9444e-01	4.6201e-03	1.1755e-36	7.7029e-01	2.2971e-01	2.8384e-06	1.1755e-36	1.1755e-36	1.1755e-36	4.3321e-17	0.00e+00	0.00e+00	2.1252e+01
9.60225e+14	6.1927e+03	3.964e-15	1.0000e+05	2.6530e+04	2.9840e-09	7.3716e-01	2.6284e-01	9.8250e-01	1.7498e-02	2.9233e-09	1.3057e-10	9.0635e-04	9.9465e-01	4.4448e-03	1.1755e-36	7.7945e-01	2.2055e-01	2.6282e-06	1.1755e-36	1.1755e-36	1.1755e-36	4.6703e-17	0.00e+00	0.00e+00	2.1564e+01
9.60890e+14	6.1236e+03	3.725e-15	1.0000e+05	2.5548e+04	3.3495e-09	7.4690e-01	2.5310e-01	9.8261e-01	1.7389e-02	2.9678e-09	1.3626e-10	8.7618e-04	9.9484e-01	4.2793e-03	1.1755e-36	7.8814e-01	2.1185e-01	2.4370e-06	1.1755e-36	1.1755e-36	1.1755e-36	5.0148e-17	0.00e+00	0.00e+00	2.1875e+01
9.61553e+14	6.0531e+03	3.496e-15	1.0000e+05	2.4573e+04	3.7654e-09	7.5634e-01	2.4366e-01	9.8271e-01	1.7295e-02	3.0184e-09	1.4194e-10	8.4609e-04	9.9503e-01	4.1204e-03	1.1755e-36	7.9655e-01	2.0345e-01	2.2604e-06	1.1755e-36	1.1755e-36	1.1755e-36	5.3692e-17	0.00e+00	0.00e+00	2.2193e+01
9.62222e+14	5.9851e+03	3.276e-15	1.0000e+05	2.3623e+04	4.2272e-09	7.6565e-01	2.3435e-01	9.8279e-01	1.7208e-02	3.0728e-09	1.4784e-10	8.1657e-04	9.9522e-01	3.9649e-03	1.1755e-36	8.0479e-01	1.9521e-01	2.0945e-06	1.1755e-36	1.1755e-36	1.1755e-36	5.7539e-17	0.00e+00	0.00e+00	2.2518e+01
9.62891e+14	5.9050e+03	3.068e-15	1.0000e+05	2.2711e+04	4.8134e-09	7.7514e-01	2.2486e-01	9.8290e-01	1.7099e-02	3.1191e-09	1.5449e-10	7.8852e-04	9.9540e-01	3.8093e-03	1.1755e-36	8.1315e-01	1.8685e-01	1.9381e-06	1.1755e-36	1.1755e-36	1.1755e-36	6.2090e-17	0.00e+00	0.00e+00	2.2844e+01
9.63544e+14	5.8325e+03	2.875e-15	1.0000e+05	2.1813e+04	5.4283e-09	7.8371e-01	2.1629e-01	9.8296e-01	1.7037e-02	3.1811e-09	1.6041e-10	7.6042e-04	9.9557e-01	3.6688e-03	1.1755e-36	8.2069e-01	1.7930e-01	1.8002e-06	1.1755e-36	1.1755e-36	1.1755e-36	6.6263e-17	0.00e+00	0.00e+00	2.3161e+01
9.64174e+14	5.7601e+03	2.698e-15	1.0000e+05	2.0983e+04	6.1206e-09	7.9197e-01	2.0803e-01	9.8303e-01	1.6969e-02	3.2385e-09	1.6662e-10	7.3447e-04	9.9573e-01	3.5350e-03	1.1755e-36	8.2792e-01	1.7208e-01	1.6748e-06	1.1755e-36	1.1755e-36	1.1755e-36	7.0881e-17	0.00e+00	0.00e+00	2.3471e+01
9.64799e+14	5.6810e+03	2.530e-15	1.0000e+05	2.0188e+04	6.9637e-09	8.0024e-01	1.9976e-01	9.8311e-01	1.6887e-02	3.2908e-09	1.7350e-10	7.0976e-04	9.9589e-01	3.4035e-03	1.1755e-36	8.3512e-01	1.6488e-01	1.5569e-06	1.1755e-36	1.1755e-36	1.1755e-36	7.6281e-17	0.00e+00	0.00e+00	2.3788e+01
9.65429e+14	5.6045e+03	2.370e-15	1.0000e+05	1.9394e+04	7.9074e-09	8.0816e-01	1.9184e-01	9.8317e-01	1.6829e-02	3.3537e-09	1.8031e-10	6.8479e-04	9.9604e-01	3.2778e-03	1.1755e-36	8.4200e-01	1.5800e-01	1.4474e-06	1.1755e-36	1.1755e-36	1.1755e-36	8.1890e-17	0.00e+00	0.00e+00	2.4111e+01
9.66054e+14	5.5278e+03	2.220e-15	1.0000e+05	1.8631e+04	8.9870e-09	8.1577e-01	1.8423e-01	9.8322e-01	1.6776e-02	3.4186e-09	1.8734e-10	6.6074e-04	9.9618e-01	3.1578e-03	1.1755e-36	8.4860e-01	1.5139e-01	1.3466e-06	1.1755e-36	1.1755e-36	1.1755e-36	8.8028e-17	0.00e+00	0.00e+00	2.4429e+01
9.66665e+14	5.4518e+03	2.081e-15	1.0000e+05	1.7906e+04	1.0210e-08	8.2302e-01	1.7698e-01	9.8327e-01	1.6730e-02	3.4853e-09	1.9458e-10	6.3778e-04	9.9632e-01	3.0447e-03	1.1755e-36	8.5486e-01	1.4514e-01	1.2548e-06	1.1755e-36	1.1755e-36	1.1755e-36	9.4729e-17	0.00e+00	0.00e+00	2.4743e+01
9.67219e+14	5.3868e+03	1.964e-15	1.0000e+05	1.7269e+04	1.1403e-08	8.2911e-01	1.7089e-01	9.8329e-01	1.6710e-02	3.5542e-09	2.0090e-10	6.1740e-04	9.9643e-01	2.9492e-03	1.1755e-36	8.6012e-01	1.3988e-01	1.1795e-06	1.1755e-36	1.1755e-36	1.1755e-36	1.0090e-16	0.00e+00	0.00e+00	2.5007e+01
9.67712e+14	5.3240e+03	1.863e-15	1.0000e+05	1.6714e+04	1.2684e-08	8.3466e-01	1.6534e-01	9.8332e-01	1.6680e-02	3.6122e-09	2.0738e-10	5.9976e-04	9.9654e-01	2.8638e-03	1.1755e-36	8.6488e-01	1.3512e-01	1.1142e-06	1.1755e-36	1.1755e-36	1.1755e-36	1.0762e-16	0.00e+00	0.00e+00	2.5261e+01
9.68191e+14	5.2621e+03	1.768e-15	1.0000e+05	1.6184e+04	1.4096e-08	8.3996e-01	1.6004e-01	9.8335e-01	1.6654e-02	3.6710e-09	2.1408e-10	5.8286e-04	9.9663e-01	2.7830e-03	1.1755e-36	8.6942e-01	1.3058e-01	1.0539e-06	1.1755e-36	1.1755e-36	1.1755e-36	1.1493e-16	0.00e+00	0.00e+00	2.5514e+01
9.68668e+14	5.2003e+03	1.678e-15	1.0000e+05	1.5669e+04	1.5673e-08	8.4510e-01	1.5490e-01	9.8337e-01	1.6632e-02	3.7320e-09	2.2116e-10	5.6638e-04	9.9673e-01	2.7051e-03	1.1755e-36	8.7381e-01	1.2619e-01	9.9716e-07	1.1755e-36	1.1755e-36	1.1755e-36	1.2310e-16	0.00e+00	0.00e+00	2.5768e+01
9.69142e+14	5.1339e+03	1.593e-15	1.0000e+05	1.5177e+04	1.7556e-08	8.5025e-01	1.4975e-01	9.8340e-01	1.6595e-02	3.7865e-09	2.2932e-10	5.5077e-04	9.9682e-01	2.6285e-03	1.1755e-36	8.7819e-01	1.2180e-01	9.4292e-07	1.1755e-36	1.1755e-36	1.1755e-36	1.3309e-16	0.00e+00	0.00e+00	2.6022e+01
9.69600e+14	5.0759e+03	1.515e-15	1.0000e+05	1.4702e+04	1.9425e-08	8.5479e-01	1.4521e-01	9.8341e-01	1.6591e-02	3.8534e-09	2.3673e-10	5.3544e-04	9.9690e-01	2.5598e-03	1.1755e-36	8.8207e-01	1.1793e-01	8.9504e-07	1.1755e-36	1.1755e-36	1.1755e-36	1.4269e-16	0.00e+00	0.00e+00	2.6260e+01
9.70050e+14	5.0127e+03	1.441e-15	1.0000e+05	1.4255e+04	2.1679e-08	8.5947e-01	1.4053e-01	9.8344e-01	1.6563e-02	3.9097e-09	2.4573e-10	5.2115e-04	9.9699e-01	2.4913e-03	1.1755e-36	8.8603e-01	1.1397e-01	8.4856e-07	1.1755e-36	1.1755e-36	1.1755e-36	1.5501e-16	0.00e+00	0.00e+00	2.6509e+01
9.70500e+14	4.9509e+03	1.371e-15	1.0000e+05	1.3814e+04	2.4130e-08	8.6387e-01	1.3613e-01	9.8345e-01	1.6549e-02	3.9727e-09	2.5495e-10	5.0698e-04	9.9707e-01	2.4194e-03	1.1755e-36	8.8976e-01	1.1024e-01	8.0546e-07	1.1755e-36	1.1755e-36	1.1755e-36	1.6764e-16	0.00e+00	0.00e+00	2.6750e+01
9.70937e+14	4.8937e+03	1.305e-15	1.0000e+05	1.3386e+04	2.6673e-08	8.6793e-01	1.3207e-01	9.8345e-01	1.6555e-02	4.0443e-09	2.6384e-10	4.9306e-04	9.9716e-01	2.3510e-03	1.1755e-36	8.9319e-01	1.0681e-01	7.6613e-07	1.1755e-36	1.1755e-36	1.1755e-36	1.8032e-16	0.00e+00	0.00e+00	2.6987e+01
9.71382e+14	4.8267e+03	1.241e-15	1.0000e+05	1.2975e+04	2.9961e-08	8.7229e-01	1.2771e-01	9.8348e-01	1.6524e-02	4.1004e-09	2.7518e-10	4.8000e-04	9.9724e-01	2.2788e-03	1.1755e-36	8.9687e-01	1.0313e-01	7.2642e-07	1.1755e-36	1.1755e-36	1.1755e-36	1.9747e-16	0.00e+00	0.00e+00	2.7238e+01
9.71817e+14	4.7651e+03	1.182e-15	1.0000e+05	1.2578e+04	3.3368e-08	8.7620e-01	1.2380e-01	9.8348e-01	1.6519e-02	4.1670e-09	2.8592e-10	4.6720e-04	9.9732e-01	2.2132e-03	1.1755e-36	9.0017e-01	9.9832e-02	6.9109e-07	1.1755e-36	1.1755e-36	1.1755e-36	2.1481e-16	0.00e+00	0.00e+00	2.7468e+01
9.72228e+14	4.7102e+03	1.128e-15	1.0000e+05	1.2205e+04	3.6779e-08	8.7974e-01	1.2026e-01	9.8347e-01	1.6530e-02	4.2391e-09	2.9611e-10	4.5500e-04	9.9739e-01	2.1537e-03	1.1755e-36	9.0314e-01	9.6855e-02	6.5937e-07	1.1755e-36	1.1755e-36	1.1755e-36	2.3223e-16	0.00e+00	0.00e+00	2.7694e+01
9.72650e+14	4.6447e+03	1.075e-15	1.0000e+05	1.1841e+04	4.1252e-08	8.8361e-01	1.1639e-01	9.8350e-01	1.6504e-02	4.2959e-09	3.0934e-10	4.4340e-04	9.9747e-01	2.0898e-03	1.1755e-36	9.0640e-01	9.3604e-02	6.2669e-07	1.1755e-36	1.1755e-36	1.1755e-36	2.5620e-16	0.00e+00	0.00e+00	2.7938e+01
9.73071e+14	4.5837e+03	1.025e-15	1.0000e+05	1.1484e+04	4.5931e-08	8.8714e-01	1.1286e-01	9.8350e-01	1.6503e-02	4.3642e-09	3.2216e-10	4.3185e-04	9.9754e-01	2.0308e-03	1.1755e-36	9.0936e-01	9.0642e-02	5.9706e-07	1.1755e-36	1.1755e-36	1.1755e-36	2.8104e-16	0.00e+00	0.00e+00	2.8165e+01
9.73472e+14	4.5248e+03	9.790e-16	1.0000e+05	1.1151e+04	5.0942e-08	8.9046e-01	1.0954e-01	9.8350e-01	1.6500e-02	4.4298e-09	3.3539e-10	4.2109e-04	9.9760e-01	1.9755e-03	1.1755e-36	9.1214e-01	8.7861e-02	5.6986e-07	1.1755e-36	1.1755e-36	1.1755e-36	3.0828e-16	0.00e+00	0.00e+00	2.8388e+01
9.73872e+14	4.4654e+03	9.349e-16	1.0000e+05	1.0825e+04	5.6532e-08	8.9373e-01	1.0627e-01	9.8350e-01	1.6498e-02	4.4964e-09	3.4961e-10	4.1056e-04	9.9767e-01	1.9213e-03	1.1755e-36	9.1486e-01	8.5135e-02	5.4375e-07	1.1755e-36	1.1755e-36	1.1755e-36	3.3935e-16	0.00e+00	0.00e+00	2.8615e+01
9.74278e+14	4.4049e+03	8.922e-16	1.0000e+05	1.0503e+04	6.2824e-08	8.9695e-01	1.0305e-01	9.8350e-01	1.6496e-02	4.5649e-09	3.6498e-10	4.0015e-04	9.9773e-01	1.8677e-03	1.1755e-36	9.1756e-01	8.2444e-02	5.1852e-07	1.1755e-36	1.1755e-36	1.1755e-36	3.7509e-16	0.00e+00	0.00e+00	2.8846e+01
9.74685e+14	4.3437e+03	8.512e-16	1.0000e+05	1.0188e+04	6.9823e-08	9.0010e-01	9.9897e-02	9.8350e-01	1.6495e-02	4.6350e-09	3.8141e-10	3.8996e-04	9.9779e-01	1.8153e-03	1.1755e-36	9.2018e-01	7.9816e-02	4.9439e-07	1.1755e-36	1.1755e-36	1.1755e-36	4.1574e-16	0.00e+00	0.00e+00	2.9078e+01
9.75092e+14	4.2821e+03	8.121e-16	1.0000e+05	9.8813e+03	7.7532e-08	9.0317e-01	9.6829e-02	9.8350e-01	1.6495e-02	4.7060e-09	3.9882e-10	3.8005e-04	9.9786e-01	1.7644e-03	1.1755e-36	9.2274e-01	7.7263e-02	4.7142e-07	1.1755e-36	1.1755e-36	1.1755e-36	4.6160e-16	0.00e+00	0.00e+00	2.9309e+01
9.75500e+14	4.2200e+03	7.746e-16	1.0000e+05	9.5813e+03	8.6014e-08	9.0617e-01	9.3829e-02	9.8350e-01	1.6496e-02	4.7782e-09	4.1725e-10	3.7036e-04	9.9791e-01	1.7147e-03	1.1755e-36	9.2523e-01	7.4769e-02	4.4945e-07	1.1755e-36	1.1755e-36	1.1755e-36	5.1327e-16	0.00e+00	0.00e+00	2.9543e+01
9.75911e+14	4.1567e+03	7.384e-16	1.0000e+05	9.2854e+03	9.5361e-08	9.0913e-01	9.0875e-02	9.8350e-01	1.6497e-02	4.8524e-09	4.3677e-10	3.6081e-04	9.9797e-01	1.6658e-03	1.1755e-36	9.2768e-01	7.2317e-02	4.2827e-07	1.1755e-36	1.1755e-36	1.1755e-36	5.7150e-16	0.00e+00	0.00e+00	2.9781e+01
9.76330e+14	4.0918e+03	7.033e-16	1.0000e+05	8.9926e+03	1.0564e-07	9.1206e-01	8.7939e-02	9.8350e-01	1.6497e-02	4.9281e-09	4.5743e-10	3.5137e-04	9.9803e-01	1.6173e-03	1.1755e-36	9.3012e-01	6.9884e-02	4.0770e-07	1.1755e-36	1.1755e-36	1.1755e-36	6.3703e-16	0.00e+00	0.00e+00	3.0025e+01
9.76758e+14	4.0249e+03	6.689e-16	1.0000e+05	8.7002e+03	1.1690e-07	9.1499e-01	8.5008e-02	9.8350e-01	1.6497e-02	5.0066e-09	4.7914e-10	3.4197e-04	9.9809e-01	1.5690e-03	1.1755e-36	9.3254e-01	6.7458e-02	3.8761e-07	1.1755e-36	1.1755e-36	1.1755e-36	7.1021e-16	0.00e+00	0.00e+00	3.0276e+01
9.77201e+14	3.9551e+03	6.350e-16	1.0000e+05	8.4049e+03	1.2922e-07	9.1795e-01	8.2053e-02	9.8351e-01	1.6495e-02	5.0888e-09	5.0178e-10	3.3248e-04	9.9815e-01	1.5205e-03	1.1755e-36	9.3498e-01	6.5015e-02	3.6781e-07	1.1755e-36	1.1755e-36	1.1755e-36	7.9126e-16	0.00e+00	0.00e+00	3.0537e+01
