#depth	Te	Htot	hden	eden	2H_2/H	HI	HII	HeI	HeII	HeIII	CO/C	C1	C2	C3	C4	O1	O2	O3	O4	O5	O6	H2O/O	AV(point)	AV(extend)	Tau912
5.25128e+10	8.3109e+03	2.594e-14	1.0000e+05	1.0563e+05	2.2083e-13	2.2370e-02	9.7763e-01	1.1180e-01	8.8797e-01	2.3387e-04	3.8359e-14	4.6873e-03	6.9507e-01	3.0023e-01	1.2441e-05	2.6541e-02	9.5045e-01	2.3006e-02	4.1080e-07	1.1755e-36	1.1755e-36	3.8207e-22	0.00e+00	0.00e+00	1.4837e-03
3.15077e+11	8.3008e+03	2.586e-14	1.0000e+05	1.0549e+05	2.2136e-13	2.2325e-02	9.7767e-01	1.1179e-01	8.8798e-01	2.3373e-04	3.8158e-14	4.6657e-03	6.9509e-01	3.0023e-01	1.2479e-05	2.6490e-02	9.5048e-01	2.3035e-02	4.1016e-07	1.1755e-36	1.1755e-36	3.7862e-22	0.00e+00	0.00e+00	7.4066e-03
1.36533e+12	8.2876e+03	2.567e-14	1.0000e+05	1.0545e+05	2.2247e-13	2.2305e-02	9.7769e-01	1.1220e-01	8.8757e-01	2.3177e-04	3.8145e-14	4.6573e-03	6.9606e-01	2.9927e-01	1.2394e-05	2.6474e-02	9.5059e-01	2.2935e-02	4.0271e-07	1.1755e-36	1.1755e-36	3.7698e-22	0.00e+00	0.00e+00	3.1077e-02
5.56636e+12	8.2365e+03	2.522e-14	1.0000e+05	1.0540e+05	2.3286e-13	2.2521e-02	9.7748e-01	1.1458e-01	8.8519e-01	2.2190e-04	3.9307e-14	4.7083e-03	7.0112e-01	2.9416e-01	1.1878e-05	2.6769e-02	9.5095e-01	2.2284e-02	3.6604e-07	1.1755e-36	1.1755e-36	3.8714e-22	0.00e+00	0.00e+00	1.2667e-01
1.32963e+13	8.0744e+03	2.379e-14	1.0000e+05	1.0543e+05	2.4055e-13	2.1962e-02	9.7804e-01	1.1664e-01	8.8314e-01	2.1205e-04	3.7656e-14	4.6830e-03	7.0615e-01	2.8916e-01	1.1566e-05	2.6160e-02	9.5179e-01	2.2051e-02	3.3917e-07	1.1755e-36	1.1755e-36	3.5381e-22	0.00e+00	0.00e+00	2.4786e-01
2.33451e+13	7.9294e+03	2.268e-14	1.0000e+05	1.0540e+05	2.6113e-13	2.2020e-02	9.7798e-01	1.2087e-01	8.7893e-01	1.9500e-04	3.8424e-14	4.7591e-03	7.1495e-01	2.8028e-01	1.0763e-05	2.6305e-02	9.5262e-01	2.1071e-02	2.8817e-07	1.1755e-36	1.1755e-36	3.5195e-22	0.00e+00	0.00e+00	4.0583e-01
3.64086e+13	7.7942e+03	2.177e-14	1.0000e+05	1.0528e+05	3.0045e-13	2.2758e-02	9.7724e-01	1.2820e-01	8.7163e-01	1.7131e-04	4.2045e-14	4.9480e-03	7.2852e-01	2.6652e-01	9.4796e-06	2.7287e-02	9.5341e-01	1.9303e-02	2.2042e-07	1.1755e-36	1.1755e-36	3.8360e-22	0.00e+00	0.00e+00	6.1807e-01
5.33912e+13	7.6814e+03	2.106e-14	1.0000e+05	1.0498e+05	3.7099e-13	2.4486e-02	9.7551e-01	1.4045e-01	8.5940e-01	1.4178e-04	5.0494e-14	5.2924e-03	7.4838e-01	2.4632e-01	7.7362e-06	2.9491e-02	9.5385e-01	1.6662e-02	1.4614e-07	1.1755e-36	1.1755e-36	4.7250e-22	0.00e+00	0.00e+00	9.1493e-01
7.26441e+13	7.5669e+03	2.064e-14	1.0000e+05	1.0456e+05	4.9691e-13	2.7387e-02	9.7261e-01	1.5839e-01	8.4150e-01	1.1278e-04	6.6209e-14	5.7828e-03	7.7280e-01	2.2141e-01	5.8920e-06	3.3138e-02	9.5321e-01	1.3649e-02	1.1755e-36	1.1755e-36	1.1755e-36	6.5405e-22	0.00e+00	0.00e+00	1.2489e+00
9.01945e+13	7.5115e+03	2.057e-14	1.0000e+05	1.0406e+05	6.7670e-13	3.1389e-02	9.6861e-01	1.8028e-01	8.1963e-01	9.0330e-05	9.1565e-14	6.3539e-03	7.9717e-01	1.9647e-01	4.3554e-06	3.8117e-02	9.5100e-01	1.0887e-02	1.1755e-36	1.1755e-36	1.1755e-36	9.8262e-22	0.00e+00	0.00e+00	1.5619e+00
1.04773e+14	7.4946e+03	2.071e-14	1.0000e+05	1.0327e+05	9.1854e-13	3.6281e-02	9.6372e-01	2.0463e-01	7.9530e-01	7.3832e-05	1.2882e-13	6.9355e-03	8.1916e-01	1.7390e-01	3.2053e-06	4.4163e-02	9.4721e-01	8.6298e-03	1.1755e-36	1.1755e-36	1.1755e-36	1.5210e-21	0.00e+00	0.00e+00	1.8681e+00
1.17549e+14	7.4957e+03	2.097e-14	1.0000e+05	1.0242e+05	1.2607e-12	4.2342e-02	9.5766e-01	2.3251e-01	7.6743e-01	6.1065e-05	1.8570e-13	7.5357e-03	8.3962e-01	1.5284e-01	2.3219e-06	5.1619e-02	9.4163e-01	6.7546e-03	1.1755e-36	1.1755e-36	1.1755e-36	2.4412e-21	0.00e+00	0.00e+00	2.1940e+00
1.29179e+14	7.5181e+03	2.128e-14	1.0000e+05	1.0141e+05	1.7488e-12	4.9937e-02	9.5006e-01	2.6454e-01	7.3541e-01	5.0852e-05	2.7476e-13	8.1410e-03	8.5868e-01	1.3317e-01	1.6467e-06	6.0917e-02	9.3389e-01	5.1937e-03	1.1755e-36	1.1755e-36	1.1755e-36	4.0668e-21	0.00e+00	0.00e+00	2.5432e+00
1.39605e+14	7.5344e+03	2.167e-14	1.0000e+05	1.0029e+05	2.4937e-12	5.9507e-02	9.4049e-01	3.0089e-01	6.9906e-01	4.2591e-05	4.1808e-13	8.7383e-03	8.7620e-01	1.1506e-01	1.1438e-06	7.2578e-02	9.2349e-01	3.9328e-03	1.1755e-36	1.1755e-36	1.1755e-36	7.0332e-21	0.00e+00	0.00e+00	2.9107e+00
1.48674e+14	7.5696e+03	2.194e-14	1.0000e+05	9.8664e+04	3.5115e-12	7.0741e-02	9.2926e-01	3.3932e-01	6.6064e-01	3.5975e-05	6.3281e-13	9.2393e-03	8.9111e-01	9.9646e-02	7.9694e-07	8.6186e-02	9.1084e-01	2.9730e-03	1.1755e-36	1.1755e-36	1.1755e-36	1.2069e-20	0.00e+00	0.00e+00	3.2841e+00
1.56591e+14	7.6066e+03	2.222e-14	1.0000e+05	9.7181e+04	4.9748e-12	8.4270e-02	9.1573e-01	3.7967e-01	6.2030e-01	3.0765e-05	9.6961e-13	9.6965e-03	9.0420e-01	8.6107e-02	5.5193e-07	1.0247e-01	8.9529e-01	2.2348e-03	1.1755e-36	1.1755e-36	1.1755e-36	2.1094e-20	0.00e+00	0.00e+00	3.6818e+00
1.63654e+14	7.6410e+03	2.234e-14	1.0000e+05	9.5126e+04	7.0741e-12	1.0027e-01	8.9973e-01	4.2142e-01	5.7856e-01	2.6406e-05	1.4842e-12	1.0036e-02	9.1542e-01	7.4544e-02	3.8260e-07	1.2159e-01	8.7673e-01	1.6737e-03	1.1755e-36	1.1755e-36	1.1755e-36	3.6693e-20	0.00e+00	0.00e+00	4.1030e+00
1.70016e+14	7.6638e+03	2.240e-14	1.0000e+05	9.3006e+04	1.0255e-11	1.1977e-01	8.8023e-01	4.6479e-01	5.3519e-01	2.2701e-05	2.3123e-12	1.0314e-02	9.2539e-01	6.4300e-02	2.6268e-07	1.4470e-01	8.5406e-01	1.2411e-03	1.1755e-36	1.1755e-36	1.1755e-36	6.5350e-20	0.00e+00	0.00e+00	4.5622e+00
1.75762e+14	7.7004e+03	2.217e-14	1.0000e+05	9.0120e+04	1.4688e-11	1.4233e-01	8.5767e-01	5.0751e-01	4.9247e-01	1.9650e-05	3.5639e-12	1.0428e-02	9.3380e-01	5.5769e-02	1.8188e-07	1.7115e-01	8.2794e-01	9.1825e-04	1.1755e-36	1.1755e-36	1.1755e-36	1.1456e-19	0.00e+00	0.00e+00	5.0494e+00
1.80993e+14	7.7243e+03	2.177e-14	1.0000e+05	8.6999e+04	2.1330e-11	1.6913e-01	8.3087e-01	5.5023e-01	4.4976e-01	1.7015e-05	5.5422e-12	1.0451e-02	9.4124e-01	4.8313e-02	1.2555e-07	2.0221e-01	7.9712e-01	6.7407e-04	1.1755e-36	1.1755e-36	1.1755e-36	2.0325e-19	0.00e+00	0.00e+00	5.5878e+00
1.85831e+14	7.7222e+03	2.114e-14	1.0000e+05	8.3466e+04	3.1753e-11	2.0116e-01	7.9884e-01	5.9200e-01	4.0798e-01	1.4805e-05	8.7090e-12	1.0368e-02	9.4785e-01	4.1777e-02	1.1755e-36	2.3883e-01	7.6068e-01	4.8965e-04	1.1755e-36	1.1755e-36	1.1755e-36	3.6607e-19	0.00e+00	0.00e+00	6.1762e+00
1.90244e+14	7.7115e+03	2.023e-14	1.0000e+05	7.9457e+04	4.7327e-11	2.3781e-01	7.6219e-01	6.3070e-01	3.6929e-01	1.3037e-05	1.3570e-11	1.0158e-02	9.5359e-01	3.6254e-02	1.1755e-36	2.8007e-01	7.1957e-01	3.5461e-04	1.1755e-36	1.1755e-36	1.1755e-36	6.5476e-19	0.00e+00	0.00e+00	6.8059e+00
1.94002e+14	7.6993e+03	1.913e-14	1.0000e+05	7.5359e+04	6.8100e-11	2.7563e-01	7.2437e-01	6.6383e-01	3.3616e-01	1.1680e-05	2.0236e-11	9.8558e-03	9.5821e-01	3.1937e-02	1.1755e-36	3.2189e-01	6.7784e-01	2.6297e-04	1.1755e-36	1.1755e-36	1.1755e-36	1.1100e-18	0.00e+00	0.00e+00	7.3844e+00
1.96887e+14	7.6539e+03	1.810e-14	1.0000e+05	7.1769e+04	9.3582e-11	3.0992e-01	6.9008e-01	6.8911e-01	3.1088e-01	1.0725e-05	2.8010e-11	9.5530e-03	9.6165e-01	2.8794e-02	1.1755e-36	3.5920e-01	6.4059e-01	2.0553e-04	1.1755e-36	1.1755e-36	1.1755e-36	1.7094e-18	0.00e+00	0.00e+00	7.8629e+00
1.99087e+14	7.6169e+03	1.716e-14	1.0000e+05	6.8706e+04	1.2002e-10	3.3869e-01	6.6131e-01	7.0755e-01	2.9244e-01	1.0094e-05	3.5972e-11	9.2631e-03	9.6418e-01	2.6557e-02	1.1755e-36	3.9006e-01	6.0977e-01	1.6873e-04	1.1755e-36	1.1755e-36	1.1755e-36	2.3897e-18	0.00e+00	0.00e+00	8.2810e+00
2.00942e+14	7.5746e+03	1.628e-14	1.0000e+05	6.5980e+04	1.4973e-10	3.6506e-01	6.3494e-01	7.2280e-01	2.7719e-01	9.5957e-06	4.4646e-11	8.9908e-03	9.6627e-01	2.4737e-02	1.1755e-36	4.1799e-01	5.8186e-01	1.4179e-04	1.1755e-36	1.1755e-36	1.1755e-36	3.1976e-18	0.00e+00	0.00e+00	8.6853e+00
2.02668e+14	7.5260e+03	1.540e-14	1.0000e+05	6.3336e+04	1.8575e-10	3.9145e-01	6.0855e-01	7.3684e-01	2.6316e-01	9.1499e-06	5.4858e-11	8.7168e-03	9.6819e-01	2.3094e-02	1.1755e-36	4.4563e-01	5.5425e-01	1.1977e-04	1.1755e-36	1.1755e-36	1.1755e-36	4.2277e-18	0.00e+00	0.00e+00	9.1051e+00
2.04331e+14	7.4751e+03	1.448e-14	1.0000e+05	6.0596e+04	2.2954e-10	4.1791e-01	5.8209e-01	7.4989e-01	2.5010e-01	8.7609e-06	6.6829e-11	8.4190e-03	9.6997e-01	2.1609e-02	1.1755e-36	4.7300e-01	5.2690e-01	1.0143e-04	1.1755e-36	1.1755e-36	1.1755e-36	5.5332e-18	0.00e+00	0.00e+00	9.5346e+00
2.05865e+14	7.4213e+03	1.360e-14	1.0000e+05	5.7955e+04	2.8006e-10	4.4312e-01	5.5688e-01	7.6127e-01	2.3872e-01	8.4478e-06	7.9942e-11	8.1208e-03	9.7156e-01	2.0319e-02	1.1755e-36	4.9878e-01	5.0114e-01	8.6809e-05	1.1755e-36	1.1755e-36	1.1755e-36	7.0726e-18	0.00e+00	0.00e+00	9.9374e+00
2.07216e+14	7.3687e+03	1.280e-14	1.0000e+05	5.5543e+04	3.3492e-10	4.6594e-01	5.3406e-01	7.7084e-01	2.2915e-01	8.2033e-06	9.3480e-11	7.8410e-03	9.7292e-01	1.9236e-02	1.1755e-36	5.2188e-01	4.7805e-01	7.5492e-05	1.1755e-36	1.1755e-36	1.1755e-36	8.7741e-18	0.00e+00	0.00e+00	1.0309e+01
2.08430e+14	7.3162e+03	1.206e-14	1.0000e+05	5.3335e+04	3.9501e-10	4.8703e-01	5.1297e-01	7.7918e-01	2.2081e-01	8.0003e-06	1.0763e-10	7.5800e-03	9.7413e-01	1.8295e-02	1.1755e-36	5.4301e-01	4.5693e-01	6.6396e-05	1.1755e-36	1.1755e-36	1.1755e-36	1.0667e-17	0.00e+00	0.00e+00	1.0667e+01
2.09574e+14	7.2632e+03	1.136e-14	1.0000e+05	5.1229e+04	4.6298e-10	5.0737e-01	4.9263e-01	7.8681e-01	2.1318e-01	7.8233e-06	1.2296e-10	7.3268e-03	9.7524e-01	1.7433e-02	1.1755e-36	5.6320e-01	4.3674e-01	5.8667e-05	1.1755e-36	1.1755e-36	1.1755e-36	1.2847e-17	0.00e+00	0.00e+00	1.1027e+01
2.10684e+14	7.2095e+03	1.068e-14	1.0000e+05	4.9119e+04	5.4040e-10	5.2708e-01	4.7292e-01	7.9391e-01	2.0608e-01	7.6736e-06	1.3944e-10	7.0678e-03	9.7629e-01	1.6642e-02	1.1755e-36	5.8259e-01	4.1736e-01	5.1996e-05	1.1755e-36	1.1755e-36	1.1755e-36	1.5316e-17	0.00e+00	0.00e+00	1.1392e+01
2.11592e+14	7.1684e+03	1.015e-14	1.0000e+05	4.7494e+04	6.0971e-10	5.4273e-01	4.5727e-01	7.9915e-01	2.0084e-01	7.5737e-06	1.5387e-10	6.8649e-03	9.7710e-01	1.6035e-02	1.1755e-36	5.9787e-01	4.0208e-01	4.7243e-05	1.1755e-36	1.1755e-36	1.1755e-36	1.7611e-17	0.00e+00	0.00e+00	1.1639e+01
2.12248e+14	7.1311e+03	9.766e-15	1.0000e+05	4.6286e+04	6.7018e-10	5.5446e-01	4.4554e-01	8.0305e-01	1.9694e-01	7.4964e-06	1.6562e-10	6.7152e-03	9.7769e-01	1.5591e-02	1.1755e-36	6.0926e-01	3.9070e-01	4.3968e-05	1.1755e-36	1.1755e-36	1.1755e-36	1.9546e-17	0.00e+00	0.00e+00	1.1846e+01
2.12863e+14	7.0913e+03	9.396e-15	1.0000e+05	4.5122e+04	7.3630e-10	5.6588e-01	4.3412e-01	8.0678e-01	1.9322e-01	7.4223e-06	1.7787e-10	6.5700e-03	9.7826e-01	1.5168e-02	1.1755e-36	6.2030e-01	3.7965e-01	4.0981e-05	1.1755e-36	1.1755e-36	1.1755e-36	2.1625e-17	0.00e+00	0.00e+00	1.2074e+01
2.13535e+14	7.0411e+03	8.999e-15	1.0000e+05	4.3878e+04	8.2118e-10	5.7871e-01	4.2129e-01	8.1093e-01	1.8906e-01	7.3313e-06	1.9288e-10	6.4163e-03	9.7888e-01	1.4699e-02	1.1755e-36	6.3263e-01	3.6734e-01	3.7889e-05	1.1755e-36	1.1755e-36	1.1755e-36	2.4268e-17	0.00e+00	0.00e+00	1.2332e+01
2.14233e+14	7.0090e+03	8.585e-15	1.0000e+05	4.2542e+04	9.0236e-10	5.9090e-01	4.0910e-01	8.1459e-01	1.8540e-01	7.2874e-06	2.0754e-10	6.2425e-03	9.7948e-01	1.4275e-02	1.1755e-36	6.4426e-01	3.5571e-01	3.5036e-05	1.1755e-36	1.1755e-36	1.1755e-36	2.6962e-17	0.00e+00	0.00e+00	1.2589e+01
2.14931e+14	6.9596e+03	8.186e-15	1.0000e+05	4.1236e+04	1.0064e-09	6.0366e-01	3.9634e-01	8.1846e-01	1.8154e-01	7.2229e-06	2.2445e-10	6.0757e-03	9.8009e-01	1.3832e-02	1.1755e-36	6.5641e-01	3.4356e-01	3.2321e-05	1.1755e-36	1.1755e-36	1.1755e-36	3.0163e-17	0.00e+00	0.00e+00	1.2858e+01
2.15624e+14	6.9071e+03	7.801e-15	1.0000e+05	3.9987e+04	1.1252e-09	6.1651e-01	3.8349e-01	8.2229e-01	1.7770e-01	7.1525e-06	2.4309e-10	5.9169e-03	9.8069e-01	1.3393e-02	1.1755e-36	6.6854e-01	3.3143e-01	2.9805e-05	1.1755e-36	1.1755e-36	1.1755e-36	3.3853e-17	0.00e+00	0.00e+00	1.3124e+01
2.16290e+14	6.8677e+03	7.433e-15	1.0000e+05	3.8741e+04	1.2388e-09	6.2804e-01	3.7196e-01	8.2557e-01	1.7443e-01	7.1200e-06	2.6043e-10	5.7526e-03	9.8123e-01	1.3013e-02	1.1755e-36	6.7937e-01	3.2060e-01	2.7624e-05	1.1755e-36	1.1755e-36	1.1755e-36	3.7408e-17	0.00e+00	0.00e+00	1.3381e+01
2.16953e+14	6.8121e+03	7.078e-15	1.0000e+05	3.7547e+04	1.3847e-09	6.4026e-01	3.5974e-01	8.2905e-01	1.7094e-01	7.0631e-06	2.8085e-10	5.5988e-03	9.8179e-01	1.2610e-02	1.1755e-36	6.9080e-01	3.0918e-01	2.5525e-05	1.1755e-36	1.1755e-36	1.1755e-36	4.1755e-17	0.00e+00	0.00e+00	1.3655e+01
2.17622e+14	6.7723e+03	6.725e-15	1.0000e+05	3.6319e+04	1.5251e-09	6.5161e-01	3.4839e-01	8.3210e-01	1.6789e-01	7.0448e-06	3.0046e-10	5.4345e-03	9.8232e-01	1.2247e-02	1.1755e-36	7.0137e-01	2.9861e-01	2.3625e-05	1.1755e-36	1.1755e-36	1.1755e-36	4.6099e-17	0.00e+00	0.00e+00	1.3927e+01
2.18293e+14	6.7185e+03	6.382e-15	1.0000e+05	3.5114e+04	1.7016e-09	6.6340e-01	3.3660e-01	8.3532e-01	1.6467e-01	7.0096e-06	3.2285e-10	5.2754e-03	9.8285e-01	1.1872e-02	1.1755e-36	7.1228e-01	2.8770e-01	2.1818e-05	1.1755e-36	1.1755e-36	1.1755e-36	5.1223e-17	0.00e+00	0.00e+00	1.4212e+01
2.18968e+14	6.6596e+03	6.053e-15	1.0000e+05	3.3953e+04	1.9083e-09	6.7532e-01	3.2468e-01	8.3858e-01	1.6142e-01	6.9654e-06	3.4771e-10	5.1230e-03	9.8338e-01	1.1495e-02	1.1755e-36	7.2325e-01	2.7673e-01	2.0123e-05	1.1755e-36	1.1755e-36	1.1755e-36	5.7162e-17	0.00e+00	0.00e+00	1.4497e+01
2.19621e+14	6.6144e+03	5.740e-15	1.0000e+05	3.2805e+04	2.1069e-09	6.8601e-01	3.1399e-01	8.4133e-01	1.5866e-01	6.9575e-06	3.7074e-10	4.9674e-03	9.8387e-01	1.1165e-02	1.1755e-36	7.3305e-01	2.6693e-01	1.8646e-05	1.1755e-36	1.1755e-36	1.1755e-36	6.2870e-17	0.00e+00	0.00e+00	1.4773e+01
2.20272e+14	6.5538e+03	5.440e-15	1.0000e+05	3.1705e+04	2.3614e-09	6.9722e-01	3.0278e-01	8.4430e-01	1.5569e-01	6.9248e-06	3.9768e-10	4.8210e-03	9.8436e-01	1.0819e-02	1.1755e-36	7.4327e-01	2.5672e-01	1.7231e-05	1.1755e-36	1.1755e-36	1.1755e-36	6.9806e-17	0.00e+00	0.00e+00	1.5066e+01
2.20928e+14	6.5091e+03	5.147e-15	1.0000e+05	3.0592e+04	2.6064e-09	7.0759e-01	2.9241e-01	8.4689e-01	1.5311e-01	6.9280e-06	4.2344e-10	4.6681e-03	9.8483e-01	1.0505e-02	1.1755e-36	7.5269e-01	2.4730e-01	1.5947e-05	1.1755e-36	1.1755e-36	1.1755e-36	7.6720e-17	0.00e+00	0.00e+00	1.5355e+01
2.21587e+14	6.4500e+03	4.864e-15	1.0000e+05	2.9500e+04	2.9177e-09	7.1828e-01	2.8172e-01	8.4962e-01	1.5038e-01	6.9155e-06	4.5265e-10	4.5198e-03	9.8530e-01	1.0182e-02	1.1755e-36	7.6235e-01	2.3764e-01	1.4730e-05	1.1755e-36	1.1755e-36	1.1755e-36	8.4831e-17	0.00e+00	0.00e+00	1.5659e+01
2.22250e+14	6.3855e+03	4.594e-15	1.0000e+05	2.8452e+04	3.2856e-09	7.2904e-01	2.7096e-01	8.5240e-01	1.4759e-01	6.8922e-06	4.8508e-10	4.3782e-03	9.8576e-01	9.8580e-03	1.1755e-36	7.7201e-01	2.2797e-01	1.3589e-05	1.1755e-36	1.1755e-36	1.1755e-36	9.4242e-17	0.00e+00	0.00e+00	1.5962e+01
2.22893e+14	6.3352e+03	4.341e-15	1.0000e+05	2.7426e+04	3.6394e-09	7.3863e-01	2.6137e-01	8.5473e-01	1.4527e-01	6.9042e-06	5.1483e-10	4.2357e-03	9.8619e-01	9.5731e-03	1.1755e-36	7.8061e-01	2.1938e-01	1.2592e-05	1.1755e-36	1.1755e-36	1.1755e-36	1.0323e-16	0.00e+00	0.00e+00	1.6254e+01
2.23534e+14	6.2704e+03	4.099e-15	1.0000e+05	2.6441e+04	4.0936e-09	7.4860e-01	2.5140e-01	8.5726e-01	1.4273e-01	6.8918e-06	5.4953e-10	4.1011e-03	9.8662e-01	9.2769e-03	1.1755e-36	7.8949e-01	2.1050e-01	1.1640e-05	1.1755e-36	1.1755e-36	1.1755e-36	1.1414e-16	0.00e+00	0.00e+00	1.6564e+01
2.24183e+14	6.2199e+03	3.864e-15	1.0000e+05	2.5457e+04	4.5395e-09	7.5786e-01	2.4214e-01	8.5949e-01	1.4051e-01	6.9110e-06	5.8290e-10	3.9628e-03	9.8703e-01	9.0035e-03	1.1755e-36	7.9772e-01	2.0227e-01	1.0772e-05	1.1755e-36	1.1755e-36	1.1755e-36	1.2510e-16	0.00e+00	0.00e+00	1.6872e+01
2.24835e+14	6.1575e+03	3.640e-15	1.0000e+05	2.4494e+04	5.0983e-09	7.6728e-01	2.3272e-01	8.6181e-01	1.3818e-01	6.9173e-06	6.2029e-10	3.8285e-03	9.8744e-01	8.7265e-03	1.1755e-36	8.0605e-01	1.9394e-01	9.9512e-06	1.1755e-36	1.1755e-36	1.1755e-36	1.3789e-16	0.00e+00	0.00e+00	1.7192e+01
2.25492e+14	6.0883e+03	3.427e-15	1.0000e+05	2.3571e+04	5.7712e-09	7.7673e-01	2.2327e-01	8.6422e-01	1.3578e-01	6.9105e-06	6.6200e-10	3.7009e-03	9.8785e-01	8.4492e-03	1.1755e-36	8.1436e-01	1.8563e-01	9.1826e-06	1.1755e-36	1.1755e-36	1.1755e-36	1.5286e-16	0.00e+00	0.00e+00	1.7512e+01
2.26130e+14	6.0354e+03	3.229e-15	1.0000e+05	2.2677e+04	6.4101e-09	7.8509e-01	2.1491e-01	8.6620e-01	1.3380e-01	6.9395e-06	6.9986e-10	3.5736e-03	9.8822e-01	8.2039e-03	1.1755e-36	8.2170e-01	1.7829e-01	8.5101e-06	1.1755e-36	1.1755e-36	1.1755e-36	1.6708e-16	0.00e+00	0.00e+00	1.7821e+01
2.26758e+14	5.9657e+03	3.044e-15	1.0000e+05	2.1836e+04	7.2504e-09	7.9368e-01	2.0632e-01	8.6839e-01	1.3160e-01	6.9376e-06	7.4421e-10	3.4561e-03	9.8859e-01	7.9536e-03	1.1755e-36	8.2919e-01	1.7080e-01	7.8781e-06	1.1755e-36	1.1755e-36	1.1755e-36	1.8453e-16	0.00e+00	0.00e+00	1.8138e+01
2.27388e+14	5.9114e+03	2.866e-15	1.0000e+05	2.1000e+04	8.0662e-09	8.0155e-01	1.9845e-01	8.7029e-01	1.2971e-01	6.9685e-06	7.8609e-10	3.3363e-03	9.8894e-01	7.7228e-03	1.1755e-36	8.3605e-01	1.6395e-01	7.3034e-06	1.1755e-36	1.1755e-36	1.1755e-36	2.0183e-16	0.00e+00	0.00e+00	1.8456e+01
2.28018e+14	5.8448e+03	2.699e-15	1.0000e+05	2.0190e+04	9.0998e-09	8.0945e-01	1.9055e-01	8.7225e-01	1.2775e-01	6.9866e-06	8.3273e-10	3.2209e-03	9.8929e-01	7.4930e-03	1.1755e-36	8.4289e-01	1.5710e-01	6.7667e-06	1.1755e-36	1.1755e-36	1.1755e-36	2.2205e-16	0.00e+00	0.00e+00	1.8779e+01
2.28649e+14	5.7795e+03	2.540e-15	1.0000e+05	1.9424e+04	1.0264e-08	8.1720e-01	1.8280e-01	8.7424e-01	1.2575e-01	6.9967e-06	8.8370e-10	3.1122e-03	9.8962e-01	7.2661e-03	1.1755e-36	8.4960e-01	1.5040e-01	6.2634e-06	1.1755e-36	1.1755e-36	1.1755e-36	2.4544e-16	0.00e+00	0.00e+00	1.9104e+01
2.29241e+14	5.7215e+03	2.401e-15	1.0000e+05	1.8719e+04	1.1440e-08	8.2394e-01	1.7606e-01	8.7591e-01	1.2408e-01	7.0236e-06	9.3035e-10	3.0108e-03	9.8992e-01	7.0685e-03	1.1755e-36	8.5541e-01	1.4458e-01	5.8390e-06	1.1755e-36	1.1755e-36	1.1755e-36	2.6799e-16	0.00e+00	0.00e+00	1.9392e+01
2.29789e+14	5.6705e+03	2.278e-15	1.0000e+05	1.8086e+04	1.2625e-08	8.3006e-01	1.6994e-01	8.7746e-01	1.2253e-01	7.0490e-06	9.7630e-10	2.9189e-03	9.9019e-01	6.8881e-03	1.1755e-36	8.6067e-01	1.3933e-01	5.4662e-06	1.1755e-36	1.1755e-36	1.1755e-36	2.9133e-16	0.00e+00	0.00e+00	1.9676e+01
2.30346e+14	5.6050e+03	2.157e-15	1.0000e+05	1.7456e+04	1.4199e-08	8.3646e-01	1.6354e-01	8.7917e-01	1.2082e-01	7.0570e-06	1.0306e-09	2.8289e-03	9.9047e-01	6.7020e-03	1.1755e-36	8.6615e-01	1.3385e-01	5.1027e-06	1.1755e-36	1.1755e-36	1.1755e-36	3.2052e-16	0.00e+00	0.00e+00	1.9979e+01
2.30894e+14	5.5555e+03	2.047e-15	1.0000e+05	1.6857e+04	1.5641e-08	8.4203e-01	1.5797e-01	8.8054e-01	1.1945e-01	7.0950e-06	1.0787e-09	2.7406e-03	9.9072e-01	6.5362e-03	1.1755e-36	8.7092e-01	1.2907e-01	4.7837e-06	1.1755e-36	1.1755e-36	1.1755e-36	3.4773e-16	0.00e+00	0.00e+00	2.0255e+01
2.31435e+14	5.4946e+03	1.940e-15	1.0000e+05	1.6272e+04	1.7496e-08	8.4777e-01	1.5223e-01	8.8206e-01	1.1793e-01	7.1158e-06	1.1351e-09	2.6559e-03	9.9098e-01	6.3688e-03	1.1755e-36	8.7580e-01	1.2419e-01	4.4780e-06	1.1755e-36	1.1755e-36	1.1755e-36	3.8158e-16	0.00e+00	0.00e+00	2.0557e+01
2.31982e+14	5.4361e+03	1.841e-15	1.0000e+05	1.5720e+04	1.9531e-08	8.5332e-01	1.4668e-01	8.8357e-01	1.1642e-01	7.1310e-06	1.1956e-09	2.5761e-03	9.9122e-01	6.2050e-03	1.1755e-36	8.8052e-01	1.1948e-01	4.1916e-06	1.1755e-36	1.1755e-36	1.1755e-36	4.2009e-16	0.00e+00	0.00e+00	2.0843e+01
2.32502e+14	5.3817e+03	1.750e-15	1.0000e+05	1.5199e+04	2.1659e-08	8.5833e-01	1.4167e-01	8.8491e-01	1.1508e-01	7.1573e-06	1.2541e-09	2.4998e-03	9.9144e-01	6.0565e-03	1.1755e-36	8.8477e-01	1.1522e-01	3.9389e-06	1.1755e-36	1.1755e-36	1.1755e-36	4.5974e-16	0.00e+00	0.00e+00	2.1119e+01
2.33017e+14	5.3278e+03	1.664e-15	1.0000e+05	1.4701e+04	2.4020e-08	8.6320e-01	1.3680e-01	8.8624e-01	1.1375e-01	7.1811e-06	1.3169e-09	2.4265e-03	9.9166e-01	5.9117e-03	1.1755e-36	8.8889e-01	1.1110e-01	3.7016e-06	1.1755e-36	1.1755e-36	1.1755e-36	5.0482e-16	0.00e+00	0.00e+00	2.1402e+01
2.33540e+14	5.2721e+03	1.581e-15	1.0000e+05	1.4208e+04	2.6741e-08	8.6802e-01	1.3198e-01	8.8758e-01	1.1241e-01	7.2047e-06	1.3858e-09	2.3540e-03	9.9188e-01	5.7689e-03	1.1755e-36	8.9295e-01	1.0705e-01	3.4756e-06	1.1755e-36	1.1755e-36	1.1755e-36	5.5743e-16	0.00e+00	0.00e+00	2.1691e+01
2.34063e+14	5.2111e+03	1.503e-15	1.0000e+05	1.3736e+04	3.0008e-08	8.7277e-01	1.2723e-01	8.8897e-01	1.1103e-01	7.2172e-06	1.4634e-09	2.2850e-03	9.9209e-01	5.6287e-03	1.1755e-36	8.9695e-01	1.0304e-01	3.2626e-06	1.1755e-36	1.1755e-36	1.1755e-36	6.2107e-16	0.00e+00	0.00e+00	2.1977e+01
2.34561e+14	5.1631e+03	1.432e-15	1.0000e+05	1.3296e+04	3.3030e-08	8.7685e-01	1.2315e-01	8.9008e-01	1.0991e-01	7.2533e-06	1.5331e-09	2.2190e-03	9.9228e-01	5.5042e-03	1.1755e-36	9.0040e-01	9.9595e-02	3.0777e-06	1.1755e-36	1.1755e-36	1.1755e-36	6.8184e-16	0.00e+00	0.00e+00	2.2241e+01
2.35060e+14	5.1057e+03	1.364e-15	1.0000e+05	1.2861e+04	3.6898e-08	8.8109e-01	1.1891e-01	8.9132e-01	1.0867e-01	7.2749e-06	1.6175e-09	2.1548e-03	9.9247e-01	5.3785e-03	1.1755e-36	9.0395e-01	9.6047e-02	2.8976e-06	1.1755e-36	1.1755e-36	1.1755e-36	7.6069e-16	0.00e+00	0.00e+00	2.2531e+01
2.35569e+14	5.0488e+03	1.299e-15	1.0000e+05	1.2449e+04	4.1255e-08	8.8526e-01	1.1474e-01	8.9260e-01	1.0739e-01	7.2863e-06	1.7124e-09	2.0943e-03	9.9265e-01	5.2537e-03	1.1755e-36	9.0744e-01	9.2556e-02	2.7260e-06	1.1755e-36	1.1755e-36	1.1755e-36	8.5531e-16	0.00e+00	0.00e+00	2.2809e+01
2.36052e+14	4.9970e+03	1.240e-15	1.0000e+05	1.2060e+04	4.5733e-08	8.8897e-01	1.1103e-01	8.9371e-01	1.0628e-01	7.3117e-06	1.8051e-09	2.0362e-03	9.9282e-01	5.1403e-03	1.1755e-36	9.1055e-01	8.9449e-02	2.5751e-06	1.1755e-36	1.1755e-36	1.1755e-36	9.5449e-16	0.00e+00	0.00e+00	2.3073e+01
2.36528e+14	4.9418e+03	1.184e-15	1.0000e+05	1.1688e+04	5.0964e-08	8.9264e-01	1.0736e-01	8.9485e-01	1.0514e-01	7.3275e-06	1.9142e-09	1.9808e-03	9.9301e-01	5.0123e-03	1.1755e-36	9.1360e-01	8.6402e-02	2.4333e-06	1.1755e-36	1.1755e-36	1.1755e-36	1.0715e-15	0.00e+00	0.00e+00	2.3343e+01
2.37002e+14	4.8882e+03	1.131e-15	1.0000e+05	1.1330e+04	5.6693e-08	8.9611e-01	1.0389e-01	8.9597e-01	1.0403e-01	7.3438e-06	2.0293e-09	1.9279e-03	9.9318e-01	4.8879e-03	1.1755e-36	9.1651e-01	8.3491e-02	2.3000e-06	1.1755e-36	1.1755e-36	1.1755e-36	1.2037e-15	0.00e+00	0.00e+00	2.3608e+01
2.37468e+14	4.8368e+03	1.082e-15	1.0000e+05	1.0988e+04	6.2892e-08	8.9941e-01	1.0059e-01	8.9702e-01	1.0297e-01	7.3632e-06	2.1499e-09	1.8768e-03	9.9335e-01	4.7693e-03	1.1755e-36	9.1925e-01	8.0745e-02	2.1769e-06	1.1755e-36	1.1755e-36	1.1755e-36	1.3521e-15	0.00e+00	0.00e+00	2.3871e+01
2.37934e+14	4.7842e+03	1.035e-15	1.0000e+05	1.0657e+04	6.9986e-08	9.0266e-01	9.7341e-02	8.9810e-01	1.0189e-01	7.3779e-06	2.2840e-09	1.8273e-03	9.9352e-01	4.6519e-03	1.1755e-36	9.2195e-01	7.8050e-02	2.0595e-06	1.1755e-36	1.1755e-36	1.1755e-36	1.5288e-15	0.00e+00	0.00e+00	2.4139e+01
2.38401e+14	4.7299e+03	9.898e-16	1.0000e+05	1.0336e+04	7.8147e-08	9.0581e-01	9.4194e-02	8.9917e-01	1.0082e-01	7.3896e-06	2.4322e-09	1.7794e-03	9.9368e-01	4.5370e-03	1.1755e-36	9.2456e-01	7.5439e-02	1.9491e-06	1.1755e-36	1.1755e-36	1.1755e-36	1.7390e-15	0.00e+00	0.00e+00	2.4404e+01
2.38855e+14	4.6781e+03	9.483e-16	1.0000e+05	1.0032e+04	8.6940e-08	9.0873e-01	9.1265e-02	9.0017e-01	9.9820e-02	7.4049e-06	2.5865e-09	1.7339e-03	9.9384e-01	4.4292e-03	1.1755e-36	9.2698e-01	7.3017e-02	1.8487e-06	1.1755e-36	1.1755e-36	1.1755e-36	1.9748e-15	0.00e+00	0.00e+00	2.4659e+01
2.39296e+14	4.6279e+03	9.097e-16	1.0000e+05	9.7450e+03	9.6497e-08	9.1150e-01	8.8503e-02	9.0114e-01	9.8848e-02	7.4183e-06	2.7500e-09	1.6908e-03	9.9398e-01	4.3258e-03	1.1755e-36	9.2927e-01	7.0727e-02	1.7555e-06	1.1755e-36	1.1755e-36	1.1755e-36	2.2433e-15	0.00e+00	0.00e+00	2.4912e+01
2.39737e+14	4.5774e+03	8.727e-16	1.0000e+05	9.4672e+03	1.0730e-07	9.1421e-01	8.5792e-02	9.0212e-01	9.7868e-02	7.4285e-06	2.9311e-09	1.6491e-03	9.9413e-01	4.2242e-03	1.1755e-36	9.3151e-01	6.8492e-02	1.6669e-06	1.1755e-36	1.1755e-36	1.1755e-36	2.5630e-15	0.00e+00	0.00e+00	2.5167e+01
2.40179e+14	4.5260e+03	8.374e-16	1.0000e+05	9.1976e+03	1.1956e-07	9.1683e-01	8.3171e-02	9.0310e-01	9.6890e-02	7.4363e-06	3.1307e-09	1.6086e-03	9.9427e-01	4.1243e-03	1.1755e-36	9.3367e-01	6.6324e-02	1.5829e-06	1.1755e-36	1.1755e-36	1.1755e-36	2.9430e-15	0.00e+00	0.00e+00	2.5422e+01
2.40613e+14	4.4762e+03	8.043e-16	1.0000e+05	8.9396e+03	1.3295e-07	9.1932e-01	8.0682e-02	9.0404e-01	9.5957e-02	7.4458e-06	3.3438e-09	1.5698e-03	9.9440e-01	4.0292e-03	1.1755e-36	9.3572e-01	6.4277e-02	1.5051e-06	1.1755e-36	1.1755e-36	1.1755e-36	3.3814e-15	0.00e+00	0.00e+00	2.5671e+01
2.41041e+14	4.4269e+03	7.731e-16	1.0000e+05	8.6932e+03	1.4776e-07	9.2170e-01	7.8304e-02	9.0496e-01	9.5036e-02	7.4529e-06	3.5746e-09	1.5328e-03	9.9453e-01	3.9371e-03	1.1755e-36	9.3768e-01	6.2318e-02	1.4321e-06	1.1755e-36	1.1755e-36	1.1755e-36	3.8935e-15	0.00e+00	0.00e+00	2.5919e+01
2.41467e+14	4.3777e+03	7.434e-16	1.0000e+05	8.4553e+03	1.6433e-07	9.2400e-01	7.6002e-02	9.0587e-01	9.4119e-02	7.4577e-06	3.8281e-09	1.4970e-03	9.9466e-01	3.8470e-03	1.1755e-36	9.3958e-01	6.0422e-02	1.3630e-06	1.1755e-36	1.1755e-36	1.1755e-36	4.5008e-15	0.00e+00	0.00e+00	2.6167e+01
2.41890e+14	4.3287e+03	7.152e-16	1.0000e+05	8.2255e+03	1.8279e-07	9.2622e-01	7.3781e-02	9.0678e-01	9.3215e-02	7.4615e-06	4.1052e-09	1.4624e-03	9.9478e-01	3.7594e-03	1.1755e-36	9.4140e-01	5.8598e-02	1.2979e-06	1.1755e-36	1.1755e-36	1.1755e-36	5.2193e-15	0.00e+00	0.00e+00	2.6414e+01
2.42310e+14	4.2801e+03	6.884e-16	1.0000e+05	8.0045e+03	2.0324e-07	9.2835e-01	7.1648e-02	9.0766e-01	9.2328e-02	7.4641e-06	4.4071e-09	1.4291e-03	9.9490e-01	3.6746e-03	1.1755e-36	9.4315e-01	5.6847e-02	1.2366e-06	1.1755e-36	1.1755e-36	1.1755e-36	6.0661e-15	0.00e+00	0.00e+00	2.6659e+01
2.42726e+14	4.2319e+03	6.629e-16	1.0000e+05	7.7915e+03	2.2593e-07	9.3041e-01	6.9594e-02	9.0854e-01	9.1451e-02	7.4650e-06	4.7367e-09	1.3970e-03	9.9501e-01	3.5921e-03	1.1755e-36	9.4484e-01	5.5163e-02	1.1788e-06	1.1755e-36	1.1755e-36	1.1755e-36	7.0675e-15	0.00e+00	0.00e+00	2.6903e+01
2.43140e+14	4.1838e+03	6.387e-16	1.0000e+05	7.5858e+03	2.5117e-07	9.3239e-01	6.7609e-02	9.0941e-01	9.0581e-02	7.4641e-06	5.0980e-09	1.3661e-03	9.9512e-01	3.5117e-03	1.1755e-36	9.4646e-01	5.3538e-02	1.1240e-06	1.1755e-36	1.1755e-36	1.1755e-36	8.2565e-15	0.00e+00	0.00e+00	2.7146e+01
2.43553e+14	4.1358e+03	6.156e-16	1.0000e+05	7.3869e+03	2.7916e-07	9.3431e-01	6.5692e-02	9.1027e-01	8.9720e-02	7.4616e-06	5.4933e-09	1.3361e-03	9.9523e-01	3.4334e-03	1.1755e-36	9.4803e-01	5.1969e-02	1.0722e-06	1.1755e-36	1.1755e-36	1.1755e-36	9.6674e-15	0.00e+00	0.00e+00	2.7388e+01
2.43963e+14	4.0880e+03	5.936e-16	1.0000e+05	7.1944e+03	3.1021e-07	9.3616e-01	6.3838e-02	9.1113e-01	8.8866e-02	7.4575e-06	5.9260e-09	1.3071e-03	9.9534e-01	3.3569e-03	1.1755e-36	9.4954e-01	5.0454e-02	1.0231e-06	1.1755e-36	1.1755e-36	1.1755e-36	1.1343e-14	0.00e+00	0.00e+00	2.7631e+01
2.44373e+14	4.0419e+03	5.727e-16	1.0000e+05	7.0036e+03	3.4324e-07	9.3788e-01	6.2115e-02	9.1192e-01	8.8076e-02	7.4628e-06	6.3776e-09	1.2781e-03	9.9544e-01	3.2828e-03	1.1755e-36	9.5097e-01	4.9024e-02	9.7659e-07	1.1755e-36	1.1755e-36	1.1755e-36	1.3238e-14	0.00e+00	0.00e+00	2.7874e+01
2.44791e+14	3.9970e+03	5.518e-16	1.0000e+05	6.8196e+03	3.7931e-07	9.3966e-01	6.0338e-02	9.1275e-01	8.7240e-02	7.4610e-06	6.8794e-09	1.2501e-03	9.9554e-01	3.2092e-03	1.1755e-36	9.5240e-01	4.7595e-02	9.3159e-07	1.1755e-36	1.1755e-36	1.1755e-36	1.5510e-14	0.00e+00	0.00e+00	2.8126e+01
###########################
5.25128e+10	8.3077e+03	2.594e-14	1.0000e+05	1.0563e+05	2.2072e-13	2.2360e-02	9.7764e-01	1.1176e-01	8.8801e-01	2.3383e-04	3.8212e-14	4.6179e-03	6.9515e-01	3.0022e-01	1.2464e-05	2.6530e-02	9.5045e-01	2.3020e-02	4.1121e-07	1.1755e-36	1.1755e-36	3.7934e-22	0.00e+00	0.00e+00	1.4830e-03
3.15077e+11	8.2984e+03	2.585e-14	1.0000e+05	1.0549e+05	2.2093e-13	2.2312e-02	9.7769e-01	1.1174e-01	8.8803e-01	2.3370e-04	3.7981e-14	4.5983e-03	6.9516e-01	3.0023e-01	1.2491e-05	2.6474e-02	9.5047e-01	2.3051e-02	4.1067e-07	1.1755e-36	1.1755e-36	3.7538e-22	0.00e+00	0.00e+00	7.4025e-03
1.36533e+12	8.2866e+03	2.567e-14	1.0000e+05	1.0545e+05	2.2160e-13	2.2285e-02	9.7772e-01	1.1214e-01	8.8762e-01	2.3176e-04	3.7945e-14	4.5981e-03	6.9610e-01	2.9929e-01	1.2401e-05	2.6449e-02	9.5059e-01	2.2959e-02	4.0345e-07	1.1755e-36	1.1755e-36	3.7352e-22	0.00e+00	0.00e+00	3.1051e-02
5.56636e+12	8.2383e+03	2.524e-14	1.0000e+05	1.0541e+05	2.3124e-13	2.2486e-02	9.7751e-01	1.1451e-01	8.8527e-01	2.2194e-04	3.9047e-14	4.6597e-03	7.0114e-01	2.9419e-01	1.1887e-05	2.6725e-02	9.5095e-01	2.2324e-02	3.6717e-07	1.1755e-36	1.1755e-36	3.8288e-22	0.00e+00	0.00e+00	1.2650e-01
1.32963e+13	8.0756e+03	2.379e-14	1.0000e+05	1.0544e+05	2.3894e-13	2.1932e-02	9.7807e-01	1.1658e-01	8.8321e-01	2.1209e-04	3.7418e-14	4.6495e-03	7.0625e-01	2.8909e-01	1.1566e-05	2.6123e-02	9.5178e-01	2.2093e-02	3.4019e-07	1.1755e-36	1.1755e-36	3.4988e-22	0.00e+00	0.00e+00	2.4753e-01
2.33451e+13	7.9291e+03	2.267e-14	1.0000e+05	1.0541e+05	2.5971e-13	2.1998e-02	9.7800e-01	1.2082e-01	8.7899e-01	1.9500e-04	3.8207e-14	4.7340e-03	7.1513e-01	2.8013e-01	1.0755e-05	2.6278e-02	9.5262e-01	2.1106e-02	2.8888e-07	1.1755e-36	1.1755e-36	3.4822e-22	0.00e+00	0.00e+00	4.0534e-01
3.64086e+13	7.7931e+03	2.177e-14	1.0000e+05	1.0528e+05	2.9895e-13	2.2739e-02	9.7726e-01	1.2815e-01	8.7168e-01	1.7130e-04	4.1814e-14	4.9298e-03	7.2876e-01	2.6630e-01	9.4677e-06	2.7264e-02	9.5341e-01	1.9328e-02	2.2087e-07	1.1755e-36	1.1755e-36	3.7947e-22	0.00e+00	0.00e+00	6.1740e-01
5.33912e+13	7.6678e+03	2.108e-14	1.0000e+05	1.0501e+05	3.7299e-13	2.4502e-02	9.7550e-01	1.4061e-01	8.5925e-01	1.4164e-04	5.0420e-14	5.2860e-03	7.4892e-01	2.4579e-01	7.7049e-06	2.9512e-02	9.5382e-01	1.6666e-02	1.4611e-07	1.1755e-36	1.1755e-36	4.6935e-22	0.00e+00	0.00e+00	9.1445e-01
7.22996e+13	7.5649e+03	2.062e-14	1.0000e+05	1.0457e+05	4.9200e-13	2.7285e-02	9.7272e-01	1.5791e-01	8.4198e-01	1.1339e-04	6.5413e-14	5.7652e-03	7.7260e-01	2.2163e-01	5.9178e-06	3.3012e-02	9.5326e-01	1.3724e-02	1.1755e-36	1.1755e-36	1.1755e-36	6.4168e-22	0.00e+00	0.00e+00	1.2353e+00
8.94942e+13	7.5096e+03	2.056e-14	1.0000e+05	1.0408e+05	6.6709e-13	3.1184e-02	9.6882e-01	1.7927e-01	8.2064e-01	9.1162e-05	9.0010e-14	6.3316e-03	7.9655e-01	1.9711e-01	4.4008e-06	3.7864e-02	9.5114e-01	1.0999e-02	1.1755e-36	1.1755e-36	1.1755e-36	9.5876e-22	0.00e+00	0.00e+00	1.5458e+00
1.04196e+14	7.4907e+03	2.068e-14	1.0000e+05	1.0330e+05	9.0843e-13	3.6050e-02	9.6395e-01	2.0359e-01	7.9634e-01	7.4391e-05	1.2693e-13	6.9222e-03	8.1870e-01	1.7437e-01	3.2354e-06	4.3879e-02	9.4741e-01	8.7149e-03	1.1755e-36	1.1755e-36	1.1755e-36	1.4899e-21	0.00e+00	0.00e+00	1.8562e+00
1.17187e+14	7.4908e+03	2.094e-14	1.0000e+05	1.0245e+05	1.2538e-12	4.2140e-02	9.5786e-01	2.3167e-01	7.6827e-01	6.1367e-05	1.8402e-13	7.5371e-03	8.3946e-01	1.5300e-01	2.3351e-06	5.1372e-02	9.4182e-01	6.8043e-03	1.1755e-36	1.1755e-36	1.1755e-36	2.4122e-21	0.00e+00	0.00e+00	2.1849e+00
1.28896e+14	7.5054e+03	2.127e-14	1.0000e+05	1.0142e+05	1.7556e-12	4.9758e-02	9.5024e-01	2.6386e-01	7.3608e-01	5.0989e-05	2.7361e-13	8.1549e-03	8.5869e-01	1.3316e-01	1.6523e-06	6.0702e-02	9.3407e-01	5.2277e-03	1.1755e-36	1.1755e-36	1.1755e-36	4.0475e-21	0.00e+00	0.00e+00	2.5326e+00
1.39280e+14	7.5289e+03	2.164e-14	1.0000e+05	1.0033e+05	2.4891e-12	5.9201e-02	9.4080e-01	2.9976e-01	7.0019e-01	4.2807e-05	4.1557e-13	8.7579e-03	8.7609e-01	1.1516e-01	1.1510e-06	7.2208e-02	9.2383e-01	3.9663e-03	1.1755e-36	1.1755e-36	1.1755e-36	7.0003e-21	0.00e+00	0.00e+00	2.8953e+00
1.48315e+14	7.5634e+03	2.191e-14	1.0000e+05	9.8734e+04	3.5040e-12	7.0298e-02	9.2970e-01	3.3778e-01	6.6218e-01	3.6224e-05	6.2846e-13	9.2690e-03	8.9095e-01	9.9784e-02	8.0364e-07	8.5655e-02	9.1134e-01	3.0046e-03	1.1755e-36	1.1755e-36	1.1755e-36	1.2017e-20	0.00e+00	0.00e+00	3.2668e+00
1.56263e+14	7.5969e+03	2.217e-14	1.0000e+05	9.7136e+04	4.9743e-12	8.3673e-02	9.1633e-01	3.7799e-01	6.2198e-01	3.0938e-05	9.6143e-13	9.7254e-03	9.0401e-01	8.6268e-02	5.5739e-07	1.0176e-01	8.9598e-01	2.2616e-03	1.1755e-36	1.1755e-36	1.1755e-36	2.0960e-20	0.00e+00	0.00e+00	3.6645e+00
1.63398e+14	7.6334e+03	2.234e-14	1.0000e+05	9.5325e+04	7.1179e-12	9.9876e-02	9.0012e-01	4.2018e-01	5.7980e-01	2.6531e-05	1.4885e-12	1.0105e-02	9.1548e-01	7.4420e-02	3.8371e-07	1.2113e-01	8.7719e-01	1.6871e-03	1.1755e-36	1.1755e-36	1.1755e-36	3.7134e-20	0.00e+00	0.00e+00	4.0898e+00
1.69771e+14	7.6602e+03	2.238e-14	1.0000e+05	9.3090e+04	1.0287e-11	1.1918e-01	8.8082e-01	4.6322e-01	5.3676e-01	2.2838e-05	2.3127e-12	1.0378e-02	9.2537e-01	6.4256e-02	2.6402e-07	1.4400e-01	8.5474e-01	1.2527e-03	1.1755e-36	1.1755e-36	1.1755e-36	6.5952e-20	0.00e+00	0.00e+00	4.5416e+00
1.75482e+14	7.6899e+03	2.222e-14	1.0000e+05	9.0491e+04	1.4846e-11	1.4186e-01	8.5814e-01	5.0594e-01	4.9404e-01	1.9773e-05	3.5904e-12	1.0536e-02	9.3386e-01	5.5603e-02	1.8221e-07	1.7060e-01	8.2847e-01	9.2659e-04	1.1755e-36	1.1755e-36	1.1755e-36	1.1704e-19	0.00e+00	0.00e+00	5.0268e+00
1.80675e+14	7.7030e+03	2.180e-14	1.0000e+05	8.7148e+04	2.1610e-11	1.6818e-01	8.3182e-01	5.4799e-01	4.5199e-01	1.7168e-05	5.5386e-12	1.0543e-02	9.4117e-01	4.8290e-02	1.2651e-07	2.0114e-01	7.9818e-01	6.8354e-04	1.1755e-36	1.1755e-36	1.1755e-36	2.0513e-19	0.00e+00	0.00e+00	5.5546e+00
1.85498e+14	7.7138e+03	2.116e-14	1.0000e+05	8.3642e+04	3.1813e-11	1.9969e-01	8.0031e-01	5.8915e-01	4.1083e-01	1.4988e-05	8.6582e-12	1.0462e-02	9.4773e-01	4.1813e-02	1.1755e-36	2.3717e-01	7.6233e-01	4.9763e-04	1.1755e-36	1.1755e-36	1.1755e-36	3.6764e-19	0.00e+00	0.00e+00	6.1442e+00
1.89975e+14	7.7196e+03	2.022e-14	1.0000e+05	7.9598e+04	4.7096e-11	2.3628e-01	7.6372e-01	6.2870e-01	3.7128e-01	1.3135e-05	1.3537e-11	1.0251e-02	9.5350e-01	3.6247e-02	1.1755e-36	2.7836e-01	7.2128e-01	3.5936e-04	1.1755e-36	1.1755e-36	1.1755e-36	6.6072e-19	0.00e+00	0.00e+00	6.7824e+00
1.93798e+14	7.6836e+03	1.916e-14	1.0000e+05	7.5481e+04	6.9437e-11	2.7510e-01	7.2490e-01	6.6277e-01	3.3722e-01	1.1717e-05	2.0454e-11	9.9616e-03	9.5825e-01	3.1790e-02	1.1755e-36	3.2133e-01	6.7841e-01	2.6502e-04	1.1755e-36	1.1755e-36	1.1755e-36	1.1389e-18	0.00e+00	0.00e+00	7.3674e+00
1.96717e+14	7.6504e+03	1.810e-14	1.0000e+05	7.1813e+04	9.4944e-11	3.0953e-01	6.9047e-01	6.8804e-01	3.1195e-01	1.0779e-05	2.8335e-11	9.6471e-03	9.6170e-01	2.8654e-02	1.1755e-36	3.5879e-01	6.4100e-01	2.0660e-04	1.1755e-36	1.1755e-36	1.1755e-36	1.7579e-18	0.00e+00	0.00e+00	7.8500e+00
1.98918e+14	7.6139e+03	1.716e-14	1.0000e+05	6.8752e+04	1.2177e-10	3.3831e-01	6.6169e-01	7.0650e-01	2.9349e-01	1.0147e-05	3.6397e-11	9.3571e-03	9.6422e-01	2.6427e-02	1.1755e-36	3.8967e-01	6.1016e-01	1.6961e-04	1.1755e-36	1.1755e-36	1.1755e-36	2.4589e-18	0.00e+00	0.00e+00	8.2633e+00
2.00754e+14	7.5685e+03	1.630e-14	1.0000e+05	6.6128e+04	1.5226e-10	3.6479e-01	6.3521e-01	7.2179e-01	2.7820e-01	9.6367e-06	4.5279e-11	9.0985e-03	9.6630e-01	2.4598e-02	1.1755e-36	4.1772e-01	5.8213e-01	1.4257e-04	1.1755e-36	1.1755e-36	1.1755e-36	3.3032e-18	0.00e+00	0.00e+00	8.6635e+00
2.02499e+14	7.5229e+03	1.539e-14	1.0000e+05	6.3372e+04	1.8887e-10	3.9126e-01	6.0874e-01	7.3600e-01	2.6399e-01	9.1905e-06	5.5648e-11	8.8085e-03	9.6823e-01	2.2965e-02	1.1755e-36	4.4544e-01	5.5444e-01	1.2025e-04	1.1755e-36	1.1755e-36	1.1755e-36	4.3666e-18	0.00e+00	0.00e+00	9.0961e+00
2.04180e+14	7.4720e+03	1.447e-14	1.0000e+05	6.0604e+04	2.3360e-10	4.1794e-01	5.8206e-01	7.4907e-01	2.5092e-01	8.8050e-06	6.7827e-11	8.5049e-03	9.7002e-01	2.1479e-02	1.1755e-36	4.7303e-01	5.2686e-01	1.0172e-04	1.1755e-36	1.1755e-36	1.1755e-36	5.7185e-18	0.00e+00	0.00e+00	9.5214e+00
2.05691e+14	7.4192e+03	1.360e-14	1.0000e+05	5.7991e+04	2.8408e-10	4.4277e-01	5.5723e-01	7.6025e-01	2.3974e-01	8.4994e-06	8.0881e-11	8.2085e-03	9.7157e-01	2.0219e-02	1.1755e-36	4.9842e-01	5.0149e-01	8.7270e-05	1.1755e-36	1.1755e-36	1.1755e-36	7.2777e-18	0.00e+00	0.00e+00	9.9158e+00
2.07023e+14	7.3678e+03	1.281e-14	1.0000e+05	5.5613e+04	3.3877e-10	4.6529e-01	5.3471e-01	7.6971e-01	2.3028e-01	8.2577e-06	9.4367e-11	7.9313e-03	9.7291e-01	1.9156e-02	1.1755e-36	5.2122e-01	4.7870e-01	7.6033e-05	1.1755e-36	1.1755e-36	1.1755e-36	9.0004e-18	0.00e+00	0.00e+00	1.0284e+01
2.08235e+14	7.3157e+03	1.208e-14	1.0000e+05	5.3409e+04	3.9949e-10	4.8641e-01	5.1359e-01	7.7809e-01	2.2190e-01	8.0529e-06	1.0866e-10	7.6696e-03	9.7411e-01	1.8217e-02	1.1755e-36	5.4239e-01	4.5754e-01	6.6861e-05	1.1755e-36	1.1755e-36	1.1755e-36	1.0944e-17	0.00e+00	0.00e+00	1.0644e+01
2.09389e+14	7.2630e+03	1.138e-14	1.0000e+05	5.1285e+04	4.6857e-10	5.0694e-01	4.9306e-01	7.8580e-01	2.1419e-01	7.8740e-06	1.2427e-10	7.4128e-03	9.7523e-01	1.7352e-02	1.1755e-36	5.6277e-01	4.3717e-01	5.9013e-05	1.1755e-36	1.1755e-36	1.1755e-36	1.3199e-17	0.00e+00	0.00e+00	1.1007e+01
2.10505e+14	7.2052e+03	1.069e-14	1.0000e+05	4.9161e+04	5.4891e-10	5.2688e-01	4.7312e-01	7.9294e-01	2.0705e-01	7.7229e-06	1.4109e-10	7.1524e-03	9.7629e-01	1.6557e-02	1.1755e-36	5.8239e-01	4.1756e-01	5.2258e-05	1.1755e-36	1.1755e-36	1.1755e-36	1.5757e-17	0.00e+00	0.00e+00	1.1372e+01
2.11411e+14	7.1620e+03	1.017e-14	1.0000e+05	4.7554e+04	6.2048e-10	5.4264e-01	4.5736e-01	7.9836e-01	2.0163e-01	7.6103e-06	1.5591e-10	6.9523e-03	9.7710e-01	1.5949e-02	1.1755e-36	5.9778e-01	4.0217e-01	4.7474e-05	1.1755e-36	1.1755e-36	1.1755e-36	1.8149e-17	0.00e+00	0.00e+00	1.1617e+01
2.12059e+14	7.1259e+03	9.785e-15	1.0000e+05	4.6370e+04	6.8088e-10	5.5428e-01	4.4572e-01	8.0224e-01	1.9775e-01	7.5321e-06	1.6774e-10	6.8042e-03	9.7768e-01	1.5512e-02	1.1755e-36	6.0908e-01	3.9087e-01	4.4211e-05	1.1755e-36	1.1755e-36	1.1755e-36	2.0131e-17	0.00e+00	0.00e+00	1.1821e+01
2.12667e+14	7.0917e+03	9.412e-15	1.0000e+05	4.5185e+04	7.4362e-10	5.6530e-01	4.3470e-01	8.0573e-01	1.9426e-01	7.4761e-06	1.7940e-10	6.6531e-03	9.7824e-01	1.5109e-02	1.1755e-36	6.1974e-01	3.8022e-01	4.1273e-05	1.1755e-36	1.1755e-36	1.1755e-36	2.2140e-17	0.00e+00	0.00e+00	1.2047e+01
2.13346e+14	7.0456e+03	9.005e-15	1.0000e+05	4.3885e+04	8.2663e-10	5.7799e-01	4.2201e-01	8.0981e-01	1.9019e-01	7.3980e-06	1.9408e-10	6.4892e-03	9.7886e-01	1.4653e-02	1.1755e-36	6.3193e-01	3.6803e-01	3.8155e-05	1.1755e-36	1.1755e-36	1.1755e-36	2.4754e-17	0.00e+00	0.00e+00	1.2311e+01
2.14067e+14	6.9970e+03	8.589e-15	1.0000e+05	4.2579e+04	9.2445e-10	5.9145e-01	4.0855e-01	8.1404e-01	1.8595e-01	7.3126e-06	2.1114e-10	6.3233e-03	9.7950e-01	1.4176e-02	1.1755e-36	6.4480e-01	3.5517e-01	3.5096e-05	1.1755e-36	1.1755e-36	1.1755e-36	2.7939e-17	0.00e+00	0.00e+00	1.2579e+01
2.14758e+14	6.9582e+03	8.191e-15	1.0000e+05	4.1261e+04	1.0197e-09	6.0353e-01	3.9647e-01	8.1764e-01	1.8235e-01	7.2688e-06	2.2693e-10	6.1511e-03	9.8008e-01	1.3767e-02	1.1755e-36	6.5628e-01	3.4369e-01	3.2473e-05	1.1755e-36	1.1755e-36	1.1755e-36	3.0977e-17	0.00e+00	0.00e+00	1.2832e+01
2.15430e+14	6.9070e+03	7.815e-15	1.0000e+05	4.0037e+04	1.1367e-09	6.1602e-01	3.8398e-01	8.2135e-01	1.7865e-01	7.2033e-06	2.4514e-10	5.9934e-03	9.8066e-01	1.3343e-02	1.1755e-36	6.6808e-01	3.3189e-01	3.0008e-05	1.1755e-36	1.1755e-36	1.1755e-36	3.4633e-17	0.00e+00	0.00e+00	1.3096e+01
2.16101e+14	6.8665e+03	7.443e-15	1.0000e+05	3.8777e+04	1.2531e-09	6.2772e-01	3.7228e-01	8.2465e-01	1.7534e-01	7.1710e-06	2.6280e-10	5.8267e-03	9.8121e-01	1.2960e-02	1.1755e-36	6.7909e-01	3.2088e-01	2.7783e-05	1.1755e-36	1.1755e-36	1.1755e-36	3.8300e-17	0.00e+00	0.00e+00	1.3359e+01
2.16774e+14	6.8149e+03	7.080e-15	1.0000e+05	3.7539e+04	1.3963e-09	6.3985e-01	3.6015e-01	8.2807e-01	1.7192e-01	7.1260e-06	2.8285e-10	5.6640e-03	9.8177e-01	1.2565e-02	1.1755e-36	6.9042e-01	3.0956e-01	2.5669e-05	1.1755e-36	1.1755e-36	1.1755e-36	4.2616e-17	0.00e+00	0.00e+00	1.3635e+01
2.17452e+14	6.7630e+03	6.727e-15	1.0000e+05	3.6341e+04	1.5568e-09	6.5197e-01	3.4803e-01	8.3148e-01	1.6851e-01	7.0785e-06	3.0474e-10	5.5057e-03	9.8232e-01	1.2175e-02	1.1755e-36	7.0170e-01	2.9828e-01	2.3689e-05	1.1755e-36	1.1755e-36	1.1755e-36	4.7536e-17	0.00e+00	0.00e+00	1.3912e+01
2.18112e+14	6.7140e+03	6.391e-15	1.0000e+05	3.5159e+04	1.7270e-09	6.6339e-01	3.3661e-01	8.3457e-01	1.6542e-01	7.0496e-06	3.2650e-10	5.3477e-03	9.8284e-01	1.1815e-02	1.1755e-36	7.1227e-01	2.8770e-01	2.1921e-05	1.1755e-36	1.1755e-36	1.1755e-36	5.2601e-17	0.00e+00	0.00e+00	1.4184e+01
2.18766e+14	6.6630e+03	6.068e-15	1.0000e+05	3.4002e+04	1.9184e-09	6.7466e-01	3.2534e-01	8.3759e-01	1.6240e-01	7.0230e-06	3.4960e-10	5.1923e-03	9.8334e-01	1.1464e-02	1.1755e-36	7.2265e-01	2.7733e-01	2.0284e-05	1.1755e-36	1.1755e-36	1.1755e-36	5.8180e-17	0.00e+00	0.00e+00	1.4464e+01
2.19426e+14	6.6122e+03	5.751e-15	1.0000e+05	3.2857e+04	2.1316e-09	6.8584e-01	3.1416e-01	8.4054e-01	1.5946e-01	7.0014e-06	3.7426e-10	5.0373e-03	9.8384e-01	1.1120e-02	1.1755e-36	7.3289e-01	2.6709e-01	1.8751e-05	1.1755e-36	1.1755e-36	1.1755e-36	6.4377e-17	0.00e+00	0.00e+00	1.4751e+01
2.20087e+14	6.5596e+03	5.445e-15	1.0000e+05	3.1717e+04	2.3719e-09	6.9681e-01	3.0319e-01	8.4339e-01	1.5660e-01	6.9863e-06	4.0013e-10	4.8824e-03	9.8433e-01	1.0787e-02	1.1755e-36	7.4289e-01	2.5710e-01	1.7334e-05	1.1755e-36	1.1755e-36	1.1755e-36	7.1111e-17	0.00e+00	0.00e+00	1.5042e+01
2.20747e+14	6.4983e+03	5.153e-15	1.0000e+05	3.0623e+04	2.6611e-09	7.0789e-01	2.9211e-01	8.4631e-01	1.5369e-01	6.9588e-06	4.2894e-10	4.7342e-03	9.8482e-01	1.0450e-02	1.1755e-36	7.5296e-01	2.4703e-01	1.6003e-05	1.1755e-36	1.1755e-36	1.1755e-36	7.8922e-17	0.00e+00	0.00e+00	1.5336e+01
2.21396e+14	6.4545e+03	4.874e-15	1.0000e+05	2.9542e+04	2.9313e-09	7.1791e-01	2.8209e-01	8.4877e-01	1.5122e-01	6.9686e-06	4.5566e-10	4.5838e-03	9.8527e-01	1.0151e-02	1.1755e-36	7.6202e-01	2.3797e-01	1.4823e-05	1.1755e-36	1.1755e-36	1.1755e-36	8.6465e-17	0.00e+00	0.00e+00	1.5626e+01
2.22049e+14	6.3939e+03	4.604e-15	1.0000e+05	2.8478e+04	3.2842e-09	7.2836e-01	2.7164e-01	8.5142e-01	1.4857e-01	6.9593e-06	4.8649e-10	4.4373e-03	9.8572e-01	9.8402e-03	1.1755e-36	7.7141e-01	2.2858e-01	1.3696e-05	1.1755e-36	1.1755e-36	1.1755e-36	9.5469e-17	0.00e+00	0.00e+00	1.5933e+01
2.22712e+14	6.3284e+03	4.344e-15	1.0000e+05	2.7451e+04	3.7015e-09	7.3888e-01	2.6112e-01	8.5414e-01	1.4585e-01	6.9397e-06	5.2087e-10	4.2962e-03	9.8618e-01	9.5278e-03	1.1755e-36	7.8083e-01	2.1916e-01	1.2633e-05	1.1755e-36	1.1755e-36	1.1755e-36	1.0598e-16	0.00e+00	0.00e+00	1.6239e+01
2.23353e+14	6.2793e+03	4.102e-15	1.0000e+05	2.6451e+04	4.0940e-09	7.4822e-01	2.5178e-01	8.5639e-01	1.4360e-01	6.9569e-06	5.5202e-10	4.1555e-03	9.8659e-01	9.2537e-03	1.1755e-36	7.8915e-01	2.1084e-01	1.1707e-05	1.1755e-36	1.1755e-36	1.1755e-36	1.1590e-16	0.00e+00	0.00e+00	1.6535e+01
2.23994e+14	6.2108e+03	3.871e-15	1.0000e+05	2.5490e+04	4.6226e-09	7.5804e-01	2.4196e-01	8.5891e-01	1.4108e-01	6.9437e-06	5.8926e-10	4.0223e-03	9.8701e-01	8.9656e-03	1.1755e-36	7.9787e-01	2.0212e-01	1.0818e-05	1.1755e-36	1.1755e-36	1.1755e-36	1.2824e-16	0.00e+00	0.00e+00	1.6849e+01
2.24641e+14	6.1595e+03	3.648e-15	1.0000e+05	2.4527e+04	5.1264e-09	7.6700e-01	2.3300e-01	8.6103e-01	1.3897e-01	6.9702e-06	6.2379e-10	3.8851e-03	9.8741e-01	8.7050e-03	1.1755e-36	8.0578e-01	1.9421e-01	1.0017e-05	1.1755e-36	1.1755e-36	1.1755e-36	1.4020e-16	0.00e+00	0.00e+00	1.7158e+01
2.25284e+14	6.0941e+03	3.437e-15	1.0000e+05	2.3601e+04	5.7704e-09	7.7610e-01	2.2390e-01	8.6330e-01	1.3670e-01	6.9759e-06	6.6306e-10	3.7548e-03	9.8781e-01	8.4398e-03	1.1755e-36	8.1380e-01	1.8619e-01	9.2632e-06	1.1755e-36	1.1755e-36	1.1755e-36	1.5435e-16	0.00e+00	0.00e+00	1.7476e+01
2.25930e+14	6.0306e+03	3.237e-15	1.0000e+05	2.2712e+04	6.4895e-09	7.8502e-01	2.1498e-01	8.6554e-01	1.3445e-01	6.9809e-06	7.0516e-10	3.6287e-03	9.8819e-01	8.1800e-03	1.1755e-36	8.2163e-01	1.7836e-01	8.5596e-06	1.1755e-36	1.1755e-36	1.1755e-36	1.7032e-16	0.00e+00	0.00e+00	1.7795e+01
2.26570e+14	5.9697e+03	3.047e-15	1.0000e+05	2.1846e+04	7.2739e-09	7.9345e-01	2.0655e-01	8.6762e-01	1.3237e-01	6.9982e-06	7.4750e-10	3.5049e-03	9.8856e-01	7.9353e-03	1.1755e-36	8.2900e-01	1.7100e-01	7.9218e-06	1.1755e-36	1.1755e-36	1.1755e-36	1.8714e-16	0.00e+00	0.00e+00	1.8113e+01
2.27208e+14	5.9090e+03	2.868e-15	1.0000e+05	2.1008e+04	8.1553e-09	8.0164e-01	1.9836e-01	8.6965e-01	1.3034e-01	7.0168e-06	7.9223e-10	3.3846e-03	9.8892e-01	7.6974e-03	1.1755e-36	8.3612e-01	1.6387e-01	7.3305e-06	1.1755e-36	1.1755e-36	1.1755e-36	2.0582e-16	0.00e+00	0.00e+00	1.8438e+01
2.27850e+14	5.8446e+03	2.697e-15	1.0000e+05	2.0189e+04	9.1878e-09	8.0968e-01	1.9032e-01	8.7167e-01	1.2832e-01	7.0351e-06	8.4011e-10	3.2668e-03	9.8927e-01	7.4650e-03	1.1755e-36	8.4308e-01	1.5691e-01	6.7810e-06	1.1755e-36	1.1755e-36	1.1755e-36	2.2684e-16	0.00e+00	0.00e+00	1.8766e+01
2.28489e+14	5.7798e+03	2.537e-15	1.0000e+05	1.9392e+04	1.0351e-08	8.1731e-01	1.8269e-01	8.7357e-01	1.2642e-01	7.0613e-06	8.8880e-10	3.1515e-03	9.8961e-01	7.2432e-03	1.1755e-36	8.4969e-01	1.5030e-01	6.2781e-06	1.1755e-36	1.1755e-36	1.1755e-36	2.4933e-16	0.00e+00	0.00e+00	1.9094e+01
2.29088e+14	5.7190e+03	2.397e-15	1.0000e+05	1.8695e+04	1.1585e-08	8.2429e-01	1.7571e-01	8.7538e-01	1.2461e-01	7.0754e-06	9.3868e-10	3.0505e-03	9.8991e-01	7.0401e-03	1.1755e-36	8.5571e-01	1.4428e-01	5.8421e-06	1.1755e-36	1.1755e-36	1.1755e-36	2.7372e-16	0.00e+00	0.00e+00	1.9387e+01
2.29635e+14	5.6690e+03	2.274e-15	1.0000e+05	1.8062e+04	1.2762e-08	8.3032e-01	1.6968e-01	8.7689e-01	1.2310e-01	7.1053e-06	9.8370e-10	2.9578e-03	9.9018e-01	6.8635e-03	1.1755e-36	8.6089e-01	1.3910e-01	5.4726e-06	1.1755e-36	1.1755e-36	1.1755e-36	2.9685e-16	0.00e+00	0.00e+00	1.9665e+01
2.30187e+14	5.6037e+03	2.155e-15	1.0000e+05	1.7438e+04	1.4344e-08	8.3668e-01	1.6332e-01	8.7860e-01	1.2139e-01	7.1120e-06	1.0382e-09	2.8675e-03	9.9045e-01	6.6798e-03	1.1755e-36	8.6634e-01	1.3366e-01	5.1110e-06	1.1755e-36	1.1755e-36	1.1755e-36	3.2645e-16	0.00e+00	0.00e+00	1.9969e+01
2.30735e+14	5.5538e+03	2.044e-15	1.0000e+05	1.6839e+04	1.5807e-08	8.4226e-01	1.5774e-01	8.8000e-01	1.2000e-01	7.1495e-06	1.0866e-09	2.7787e-03	9.9071e-01	6.5150e-03	1.1755e-36	8.7112e-01	1.2887e-01	4.7909e-06	1.1755e-36	1.1755e-36	1.1755e-36	3.5417e-16	0.00e+00	0.00e+00	2.0246e+01
2.31276e+14	5.4932e+03	1.938e-15	1.0000e+05	1.6254e+04	1.7673e-08	8.4800e-01	1.5200e-01	8.8151e-01	1.1848e-01	7.1710e-06	1.1432e-09	2.6929e-03	9.9096e-01	6.3488e-03	1.1755e-36	8.7599e-01	1.2400e-01	4.4845e-06	1.1755e-36	1.1755e-36	1.1755e-36	3.8850e-16	0.00e+00	0.00e+00	2.0547e+01
2.31824e+14	5.4346e+03	1.838e-15	1.0000e+05	1.5702e+04	1.9729e-08	8.5355e-01	1.4645e-01	8.8304e-01	1.1695e-01	7.1863e-06	1.2041e-09	2.6116e-03	9.9120e-01	6.1860e-03	1.1755e-36	8.8071e-01	1.1928e-01	4.1971e-06	1.1755e-36	1.1755e-36	1.1755e-36	4.2769e-16	0.00e+00	0.00e+00	2.0834e+01
2.32346e+14	5.3801e+03	1.747e-15	1.0000e+05	1.5180e+04	2.1881e-08	8.5857e-01	1.4143e-01	8.8439e-01	1.1561e-01	7.2128e-06	1.2631e-09	2.5343e-03	9.9143e-01	6.0382e-03	1.1755e-36	8.8497e-01	1.1502e-01	3.9432e-06	1.1755e-36	1.1755e-36	1.1755e-36	4.6807e-16	0.00e+00	0.00e+00	2.1111e+01
2.32862e+14	5.3262e+03	1.661e-15	1.0000e+05	1.4681e+04	2.4267e-08	8.6345e-01	1.3655e-01	8.8573e-01	1.1426e-01	7.2369e-06	1.3264e-09	2.4601e-03	9.9165e-01	5.8941e-03	1.1755e-36	8.8910e-01	1.1090e-01	3.7051e-06	1.1755e-36	1.1755e-36	1.1755e-36	5.1396e-16	0.00e+00	0.00e+00	2.1395e+01
2.33387e+14	5.2700e+03	1.578e-15	1.0000e+05	1.4187e+04	2.7034e-08	8.6827e-01	1.3173e-01	8.8708e-01	1.1291e-01	7.2603e-06	1.3959e-09	2.3867e-03	9.9186e-01	5.7521e-03	1.1755e-36	8.9316e-01	1.0683e-01	3.4784e-06	1.1755e-36	1.1755e-36	1.1755e-36	5.6770e-16	0.00e+00	0.00e+00	2.1685e+01
2.33909e+14	5.2099e+03	1.500e-15	1.0000e+05	1.3716e+04	3.0288e-08	8.7298e-01	1.2702e-01	8.8846e-01	1.1153e-01	7.2745e-06	1.4731e-09	2.3169e-03	9.9207e-01	5.6133e-03	1.1755e-36	8.9714e-01	1.0286e-01	3.2656e-06	1.1755e-36	1.1755e-36	1.1755e-36	6.3160e-16	0.00e+00	0.00e+00	2.1970e+01
2.34408e+14	5.1621e+03	1.430e-15	1.0000e+05	1.3277e+04	3.3334e-08	8.7709e-01	1.2291e-01	8.8960e-01	1.1039e-01	7.3094e-06	1.5438e-09	2.2506e-03	9.9226e-01	5.4891e-03	1.1755e-36	9.0060e-01	9.9396e-02	3.0796e-06	1.1755e-36	1.1755e-36	1.1755e-36	6.9386e-16	0.00e+00	0.00e+00	2.2236e+01
2.34912e+14	5.1035e+03	1.361e-15	1.0000e+05	1.2838e+04	3.7308e-08	8.8137e-01	1.1863e-01	8.9086e-01	1.0914e-01	7.3309e-06	1.6299e-09	2.1848e-03	9.9245e-01	5.3630e-03	1.1755e-36	9.0419e-01	9.5812e-02	2.8975e-06	1.1755e-36	1.1755e-36	1.1755e-36	7.7520e-16	0.00e+00	0.00e+00	2.2529e+01
2.35422e+14	5.0467e+03	1.296e-15	1.0000e+05	1.2426e+04	4.1704e-08	8.8552e-01	1.1448e-01	8.9214e-01	1.0785e-01	7.3431e-06	1.7251e-09	2.1232e-03	9.9264e-01	5.2393e-03	1.1755e-36	9.0766e-01	9.2333e-02	2.7261e-06	1.1755e-36	1.1755e-36	1.1755e-36	8.7129e-16	0.00e+00	0.00e+00	2.2805e+01
2.35903e+14	4.9951e+03	1.237e-15	1.0000e+05	1.2039e+04	4.6203e-08	8.8921e-01	1.1079e-01	8.9325e-01	1.0674e-01	7.3685e-06	1.8181e-09	2.0648e-03	9.9281e-01	5.1267e-03	1.1755e-36	9.1075e-01	8.9246e-02	2.5758e-06	1.1755e-36	1.1755e-36	1.1755e-36	9.7162e-16	0.00e+00	0.00e+00	2.3068e+01
2.36379e+14	4.9405e+03	1.181e-15	1.0000e+05	1.1668e+04	5.1444e-08	8.9287e-01	1.0713e-01	8.9440e-01	1.0559e-01	7.3848e-06	1.9273e-09	2.0090e-03	9.9299e-01	4.9996e-03	1.1755e-36	9.1379e-01	8.6209e-02	2.4339e-06	1.1755e-36	1.1755e-36	1.1755e-36	1.0901e-15	0.00e+00	0.00e+00	2.3340e+01
2.36856e+14	4.8855e+03	1.129e-15	1.0000e+05	1.1309e+04	5.7355e-08	8.9639e-01	1.0361e-01	8.9554e-01	1.0445e-01	7.3987e-06	2.0456e-09	1.9551e-03	9.9317e-01	4.8748e-03	1.1755e-36	9.1673e-01	8.3268e-02	2.2995e-06	1.1755e-36	1.1755e-36	1.1755e-36	1.2274e-15	0.00e+00	0.00e+00	2.3607e+01
2.37321e+14	4.8348e+03	1.080e-15	1.0000e+05	1.0968e+04	6.3540e-08	8.9964e-01	1.0036e-01	8.9658e-01	1.0341e-01	7.4204e-06	2.1652e-09	1.9033e-03	9.9334e-01	4.7579e-03	1.1755e-36	9.1944e-01	8.0553e-02	2.1771e-06	1.1755e-36	1.1755e-36	1.1755e-36	1.3762e-15	0.00e+00	0.00e+00	2.3868e+01
2.37786e+14	4.7829e+03	1.033e-15	1.0000e+05	1.0638e+04	7.0612e-08	9.0287e-01	9.7129e-02	8.9766e-01	1.0233e-01	7.4356e-06	2.2990e-09	1.8534e-03	9.9351e-01	4.6416e-03	1.1755e-36	9.2212e-01	7.7875e-02	2.0600e-06	1.1755e-36	1.1755e-36	1.1755e-36	1.5544e-15	0.00e+00	0.00e+00	2.4136e+01
2.38256e+14	4.7281e+03	9.876e-16	1.0000e+05	1.0316e+04	7.8940e-08	9.0605e-01	9.3947e-02	8.9876e-01	1.0123e-01	7.4459e-06	2.4503e-09	1.8047e-03	9.9367e-01	4.5260e-03	1.1755e-36	9.2476e-01	7.5236e-02	1.9482e-06	1.1755e-36	1.1755e-36	1.1755e-36	1.7711e-15	0.00e+00	0.00e+00	2.4405e+01
2.38714e+14	4.6753e+03	9.459e-16	1.0000e+05	1.0010e+04	8.7966e-08	9.0900e-01	9.0998e-02	8.9978e-01	1.0021e-01	7.4601e-06	2.6078e-09	1.7583e-03	9.9382e-01	4.4178e-03	1.1755e-36	9.2720e-01	7.2796e-02	1.8470e-06	1.1755e-36	1.1755e-36	1.1755e-36	2.0147e-15	0.00e+00	0.00e+00	2.4661e+01
2.39155e+14	4.6257e+03	9.076e-16	1.0000e+05	9.7240e+03	9.7515e-08	9.1173e-01	8.8268e-02	9.0074e-01	9.9250e-02	7.4754e-06	2.7706e-09	1.7148e-03	9.9397e-01	4.3160e-03	1.1755e-36	9.2946e-01	7.0534e-02	1.7546e-06	1.1755e-36	1.1755e-36	1.1755e-36	2.2850e-15	0.00e+00	0.00e+00	2.4911e+01
2.39594e+14	4.5756e+03	8.709e-16	1.0000e+05	9.4480e+03	1.0833e-07	9.1442e-01	8.5578e-02	9.0173e-01	9.8266e-02	7.4854e-06	2.9517e-09	1.6727e-03	9.9411e-01	4.2153e-03	1.1755e-36	9.3169e-01	6.8312e-02	1.6662e-06	1.1755e-36	1.1755e-36	1.1755e-36	2.6082e-15	0.00e+00	0.00e+00	2.5167e+01
2.40038e+14	4.5239e+03	8.355e-16	1.0000e+05	9.1778e+03	1.2080e-07	9.1706e-01	8.2936e-02	9.0272e-01	9.7271e-02	7.4922e-06	3.1547e-09	1.6317e-03	9.9425e-01	4.1155e-03	1.1755e-36	9.3387e-01	6.6132e-02	1.5817e-06	1.1755e-36	1.1755e-36	1.1755e-36	2.9989e-15	0.00e+00	0.00e+00	2.5424e+01
2.40475e+14	4.4735e+03	8.024e-16	1.0000e+05	8.9190e+03	1.3445e-07	9.1956e-01	8.0444e-02	9.0367e-01	9.6324e-02	7.5011e-06	3.3711e-09	1.5923e-03	9.9439e-01	4.0203e-03	1.1755e-36	9.3592e-01	6.4078e-02	1.5035e-06	1.1755e-36	1.1755e-36	1.1755e-36	3.4490e-15	0.00e+00	0.00e+00	2.5674e+01
2.40902e+14	4.4247e+03	7.713e-16	1.0000e+05	8.6733e+03	1.4930e-07	9.2192e-01	7.8077e-02	9.0458e-01	9.5408e-02	7.5094e-06	3.6023e-09	1.5548e-03	9.9452e-01	3.9294e-03	1.1755e-36	9.3786e-01	6.2134e-02	1.4309e-06	1.1755e-36	1.1755e-36	1.1755e-36	3.9681e-15	0.00e+00	0.00e+00	2.5921e+01
2.41328e+14	4.3755e+03	7.418e-16	1.0000e+05	8.4363e+03	1.6602e-07	9.2422e-01	7.5782e-02	9.0551e-01	9.4482e-02	7.5135e-06	3.8578e-09	1.5186e-03	9.9464e-01	3.8398e-03	1.1755e-36	9.3976e-01	6.0243e-02	1.3618e-06	1.1755e-36	1.1755e-36	1.1755e-36	4.5870e-15	0.00e+00	0.00e+00	2.6170e+01
2.41752e+14	4.3263e+03	7.135e-16	1.0000e+05	8.2065e+03	1.8473e-07	9.2644e-01	7.3558e-02	9.0642e-01	9.3569e-02	7.5169e-06	4.1382e-09	1.4835e-03	9.9476e-01	3.7526e-03	1.1755e-36	9.4158e-01	5.8416e-02	1.2965e-06	1.1755e-36	1.1755e-36	1.1755e-36	5.3221e-15	0.00e+00	0.00e+00	2.6418e+01
2.42173e+14	4.2778e+03	6.868e-16	1.0000e+05	7.9854e+03	2.0539e-07	9.2857e-01	7.1428e-02	9.0732e-01	9.2676e-02	7.5196e-06	4.4428e-09	1.4498e-03	9.9488e-01	3.6682e-03	1.1755e-36	9.4333e-01	5.6668e-02	1.2352e-06	1.1755e-36	1.1755e-36	1.1755e-36	6.1862e-15	0.00e+00	0.00e+00	2.6663e+01
2.42590e+14	4.2296e+03	6.614e-16	1.0000e+05	7.7726e+03	2.2829e-07	9.3062e-01	6.9376e-02	9.0820e-01	9.1794e-02	7.5206e-06	4.7752e-09	1.4172e-03	9.9500e-01	3.5863e-03	1.1755e-36	9.4501e-01	5.4987e-02	1.1773e-06	1.1755e-36	1.1755e-36	1.1755e-36	7.2074e-15	0.00e+00	0.00e+00	2.6907e+01
2.43005e+14	4.1814e+03	6.372e-16	1.0000e+05	7.5669e+03	2.5379e-07	9.3261e-01	6.7390e-02	9.0907e-01	9.0918e-02	7.5197e-06	5.1401e-09	1.3858e-03	9.9511e-01	3.5063e-03	1.1755e-36	9.4664e-01	5.3361e-02	1.1225e-06	1.1755e-36	1.1755e-36	1.1755e-36	8.4222e-15	0.00e+00	0.00e+00	2.7151e+01
2.43418e+14	4.1334e+03	6.140e-16	1.0000e+05	7.3677e+03	2.8211e-07	9.3453e-01	6.5471e-02	9.0994e-01	9.0053e-02	7.5176e-06	5.5397e-09	1.3554e-03	9.9522e-01	3.4285e-03	1.1755e-36	9.4821e-01	5.1791e-02	1.0706e-06	1.1755e-36	1.1755e-36	1.1755e-36	9.8649e-15	0.00e+00	0.00e+00	2.7394e+01
2.43829e+14	4.0856e+03	5.920e-16	1.0000e+05	7.1747e+03	3.1347e-07	9.3639e-01	6.3613e-02	9.1080e-01	8.9197e-02	7.5144e-06	5.9769e-09	1.3259e-03	9.9532e-01	3.3526e-03	1.1755e-36	9.4973e-01	5.0272e-02	1.0213e-06	1.1755e-36	1.1755e-36	1.1755e-36	1.1578e-14	0.00e+00	0.00e+00	2.7637e+01
2.44240e+14	4.0395e+03	5.710e-16	1.0000e+05	6.9825e+03	3.4689e-07	9.3813e-01	6.1875e-02	9.1158e-01	8.8415e-02	7.5227e-06	6.4343e-09	1.2963e-03	9.9542e-01	3.2794e-03	1.1755e-36	9.5117e-01	4.8830e-02	9.7447e-07	1.1755e-36	1.1755e-36	1.1755e-36	1.3521e-14	0.00e+00	0.00e+00	2.7880e+01
2.44658e+14	3.9945e+03	5.498e-16	1.0000e+05	6.7932e+03	3.8354e-07	9.3996e-01	6.0043e-02	9.1237e-01	8.7623e-02	7.5309e-06	6.9463e-09	1.2669e-03	9.9553e-01	3.2074e-03	1.1755e-36	9.5264e-01	4.7357e-02	9.2853e-07	1.1755e-36	1.1755e-36	1.1755e-36	1.5875e-14	0.00e+00	0.00e+00	2.8133e+01
###########################
5.25128e+10	8.3077e+03	2.594e-14	1.0000e+05	1.0563e+05	2.2073e-13	2.2360e-02	9.7764e-01	1.1176e-01	8.8801e-01	2.3383e-04	3.8213e-14	4.6179e-03	6.9515e-01	3.0022e-01	1.2464e-05	2.6530e-02	9.5045e-01	2.3020e-02	4.1121e-07	1.1755e-36	1.1755e-36	3.7936e-22	0.00e+00	0.00e+00	1.4830e-03
3.15077e+11	8.2984e+03	2.585e-14	1.0000e+05	1.0549e+05	2.2094e-13	2.2312e-02	9.7769e-01	1.1174e-01	8.8803e-01	2.3370e-04	3.7982e-14	4.5983e-03	6.9516e-01	3.0023e-01	1.2491e-05	2.6474e-02	9.5047e-01	2.3051e-02	4.1067e-07	1.1755e-36	1.1755e-36	3.7542e-22	0.00e+00	0.00e+00	7.4025e-03
1.36533e+12	8.2866e+03	2.567e-14	1.0000e+05	1.0545e+05	2.2161e-13	2.2285e-02	9.7772e-01	1.1214e-01	8.8762e-01	2.3176e-04	3.7947e-14	4.5981e-03	6.9610e-01	2.9929e-01	1.2401e-05	2.6449e-02	9.5059e-01	2.2959e-02	4.0345e-07	1.1755e-36	1.1755e-36	3.7355e-22	0.00e+00	0.00e+00	3.1051e-02
5.56636e+12	8.2383e+03	2.524e-14	1.0000e+05	1.0541e+05	2.3125e-13	2.2486e-02	9.7751e-01	1.1451e-01	8.8527e-01	2.2194e-04	3.9049e-14	4.6597e-03	7.0114e-01	2.9419e-01	1.1887e-05	2.6725e-02	9.5095e-01	2.2324e-02	3.6717e-07	1.1755e-36	1.1755e-36	3.8291e-22	0.00e+00	0.00e+00	1.2650e-01
1.32963e+13	8.0756e+03	2.379e-14	1.0000e+05	1.0544e+05	2.3895e-13	2.1932e-02	9.7807e-01	1.1658e-01	8.8321e-01	2.1209e-04	3.7419e-14	4.6495e-03	7.0625e-01	2.8909e-01	1.1566e-05	2.6123e-02	9.5178e-01	2.2093e-02	3.4019e-07	1.1755e-36	1.1755e-36	3.4991e-22	0.00e+00	0.00e+00	2.4753e-01
2.33451e+13	7.9291e+03	2.267e-14	1.0000e+05	1.0541e+05	2.5972e-13	2.1998e-02	9.7800e-01	1.2082e-01	8.7899e-01	1.9500e-04	3.8208e-14	4.7340e-03	7.1513e-01	2.8013e-01	1.0755e-05	2.6278e-02	9.5262e-01	2.1106e-02	2.8888e-07	1.1755e-36	1.1755e-36	3.4825e-22	0.00e+00	0.00e+00	4.0534e-01
3.64086e+13	7.7931e+03	2.177e-14	1.0000e+05	1.0528e+05	2.9897e-13	2.2739e-02	9.7726e-01	1.2815e-01	8.7168e-01	1.7130e-04	4.1816e-14	4.9298e-03	7.2876e-01	2.6630e-01	9.4677e-06	2.7264e-02	9.5341e-01	1.9328e-02	2.2087e-07	1.1755e-36	1.1755e-36	3.7950e-22	0.00e+00	0.00e+00	6.1740e-01
5.33912e+13	7.6678e+03	2.108e-14	1.0000e+05	1.0501e+05	3.7300e-13	2.4502e-02	9.7550e-01	1.4061e-01	8.5925e-01	1.4164e-04	5.0422e-14	5.2860e-03	7.4892e-01	2.4579e-01	7.7049e-06	2.9512e-02	9.5382e-01	1.6666e-02	1.4611e-07	1.1755e-36	1.1755e-36	4.6938e-22	0.00e+00	0.00e+00	9.1445e-01
7.22996e+13	7.5649e+03	2.062e-14	1.0000e+05	1.0457e+05	4.9201e-13	2.7285e-02	9.7272e-01	1.5791e-01	8.4198e-01	1.1339e-04	6.5414e-14	5.7652e-03	7.7260e-01	2.2163e-01	5.9178e-06	3.3012e-02	9.5326e-01	1.3724e-02	1.1755e-36	1.1755e-36	1.1755e-36	6.4171e-22	0.00e+00	0.00e+00	1.2353e+00
8.94942e+13	7.5096e+03	2.056e-14	1.0000e+05	1.0408e+05	6.6709e-13	3.1184e-02	9.6882e-01	1.7927e-01	8.2064e-01	9.1162e-05	9.0010e-14	6.3317e-03	7.9655e-01	1.9711e-01	4.4008e-06	3.7864e-02	9.5114e-01	1.0999e-02	1.1755e-36	1.1755e-36	1.1755e-36	9.5877e-22	0.00e+00	0.00e+00	1.5458e+00
1.04196e+14	7.4907e+03	2.068e-14	1.0000e+05	1.0330e+05	9.0842e-13	3.6050e-02	9.6395e-01	2.0359e-01	7.9634e-01	7.4391e-05	1.2693e-13	6.9222e-03	8.1870e-01	1.7437e-01	3.2354e-06	4.3879e-02	9.4741e-01	8.7149e-03	1.1755e-36	1.1755e-36	1.1755e-36	1.4899e-21	0.00e+00	0.00e+00	1.8562e+00
1.17187e+14	7.4908e+03	2.094e-14	1.0000e+05	1.0245e+05	1.2538e-12	4.2140e-02	9.5786e-01	2.3167e-01	7.6827e-01	6.1367e-05	1.8401e-13	7.5371e-03	8.3946e-01	1.5300e-01	2.3351e-06	5.1372e-02	9.4182e-01	6.8043e-03	1.1755e-36	1.1755e-36	1.1755e-36	2.4120e-21	0.00e+00	0.00e+00	2.1849e+00
1.28896e+14	7.5054e+03	2.127e-14	1.0000e+05	1.0142e+05	1.7555e-12	4.9758e-02	9.5024e-01	2.6386e-01	7.3608e-01	5.0989e-05	2.7359e-13	8.1550e-03	8.5869e-01	1.3316e-01	1.6523e-06	6.0702e-02	9.3407e-01	5.2277e-03	1.1755e-36	1.1755e-36	1.1755e-36	4.0471e-21	0.00e+00	0.00e+00	2.5326e+00
1.39280e+14	7.5289e+03	2.164e-14	1.0000e+05	1.0033e+05	2.4890e-12	5.9201e-02	9.4080e-01	2.9976e-01	7.0019e-01	4.2807e-05	4.1555e-13	8.7580e-03	8.7609e-01	1.1516e-01	1.1510e-06	7.2208e-02	9.2383e-01	3.9663e-03	1.1755e-36	1.1755e-36	1.1755e-36	6.9993e-21	0.00e+00	0.00e+00	2.8953e+00
1.48315e+14	7.5634e+03	2.191e-14	1.0000e+05	9.8734e+04	3.5037e-12	7.0298e-02	9.2970e-01	3.3778e-01	6.6218e-01	3.6224e-05	6.2841e-13	9.2690e-03	8.9095e-01	9.9784e-02	8.0364e-07	8.5655e-02	9.1134e-01	3.0046e-03	1.1755e-36	1.1755e-36	1.1755e-36	1.2016e-20	0.00e+00	0.00e+00	3.2668e+00
1.56263e+14	7.5969e+03	2.217e-14	1.0000e+05	9.7136e+04	4.9738e-12	8.3673e-02	9.1633e-01	3.7799e-01	6.2198e-01	3.0938e-05	9.6134e-13	9.7255e-03	9.0401e-01	8.6268e-02	5.5739e-07	1.0176e-01	8.9598e-01	2.2616e-03	1.1755e-36	1.1755e-36	1.1755e-36	2.0956e-20	0.00e+00	0.00e+00	3.6645e+00
1.63399e+14	7.6334e+03	2.234e-14	1.0000e+05	9.5325e+04	7.1173e-12	9.9876e-02	9.0012e-01	4.2018e-01	5.7980e-01	2.6531e-05	1.4884e-12	1.0105e-02	9.1548e-01	7.4420e-02	3.8371e-07	1.2113e-01	8.7719e-01	1.6871e-03	1.1755e-36	1.1755e-36	1.1755e-36	3.7127e-20	0.00e+00	0.00e+00	4.0898e+00
1.69772e+14	7.6602e+03	2.238e-14	1.0000e+05	9.3090e+04	1.0286e-11	1.1918e-01	8.8082e-01	4.6322e-01	5.3676e-01	2.2838e-05	2.3125e-12	1.0378e-02	9.2537e-01	6.4256e-02	2.6402e-07	1.4400e-01	8.5474e-01	1.2527e-03	1.1755e-36	1.1755e-36	1.1755e-36	6.5940e-20	0.00e+00	0.00e+00	4.5416e+00
1.75482e+14	7.6899e+03	2.222e-14	1.0000e+05	9.0491e+04	1.4845e-11	1.4186e-01	8.5814e-01	5.0594e-01	4.9404e-01	1.9773e-05	3.5901e-12	1.0536e-02	9.3386e-01	5.5603e-02	1.8221e-07	1.7060e-01	8.2847e-01	9.2659e-04	1.1755e-36	1.1755e-36	1.1755e-36	1.1702e-19	0.00e+00	0.00e+00	5.0268e+00
1.80675e+14	7.7030e+03	2.180e-14	1.0000e+05	8.7148e+04	2.1608e-11	1.6818e-01	8.3182e-01	5.4799e-01	4.5199e-01	1.7168e-05	5.5382e-12	1.0543e-02	9.4117e-01	4.8290e-02	1.2651e-07	2.0114e-01	7.9818e-01	6.8354e-04	1.1755e-36	1.1755e-36	1.1755e-36	2.0510e-19	0.00e+00	0.00e+00	5.5546e+00
1.85498e+14	7.7138e+03	2.116e-14	1.0000e+05	8.3642e+04	3.1810e-11	1.9969e-01	8.0031e-01	5.8915e-01	4.1083e-01	1.4988e-05	8.6575e-12	1.0462e-02	9.4773e-01	4.1813e-02	1.1755e-36	2.3717e-01	7.6233e-01	4.9763e-04	1.1755e-36	1.1755e-36	1.1755e-36	3.6758e-19	0.00e+00	0.00e+00	6.1442e+00
1.89975e+14	7.7079e+03	2.024e-14	1.0000e+05	7.9598e+04	4.7512e-11	2.3650e-01	7.6350e-01	6.2896e-01	3.7103e-01	1.3112e-05	1.3576e-11	1.0256e-02	9.5353e-01	3.6211e-02	1.1755e-36	2.7862e-01	7.2102e-01	3.5920e-04	1.1755e-36	1.1755e-36	1.1755e-36	6.6256e-19	0.00e+00	0.00e+00	6.7830e+00
1.93798e+14	7.6957e+03	1.914e-14	1.0000e+05	7.5450e+04	6.8804e-11	2.7484e-01	7.2516e-01	6.6245e-01	3.3754e-01	1.1747e-05	2.0380e-11	9.9531e-03	9.5822e-01	3.1826e-02	1.1755e-36	3.2103e-01	6.7870e-01	2.6513e-04	1.1755e-36	1.1755e-36	1.1755e-36	1.1343e-18	0.00e+00	0.00e+00	7.3675e+00
1.96707e+14	7.6506e+03	1.810e-14	1.0000e+05	7.1810e+04	9.4780e-11	3.0934e-01	6.9066e-01	6.8780e-01	3.1219e-01	1.0795e-05	2.8269e-11	9.6462e-03	9.6168e-01	2.8673e-02	1.1755e-36	3.5859e-01	6.4121e-01	2.0686e-04	1.1755e-36	1.1755e-36	1.1755e-36	1.7525e-18	0.00e+00	0.00e+00	7.8460e+00
1.98899e+14	7.6143e+03	1.717e-14	1.0000e+05	6.8781e+04	1.2147e-10	3.3804e-01	6.6196e-01	7.0632e-01	2.9367e-01	1.0154e-05	3.6310e-11	9.3599e-03	9.6419e-01	2.6448e-02	1.1755e-36	3.8938e-01	6.1045e-01	1.6993e-04	1.1755e-36	1.1755e-36	1.1755e-36	2.4509e-18	0.00e+00	0.00e+00	8.2587e+00
2.00744e+14	7.5724e+03	1.629e-14	1.0000e+05	6.6066e+04	1.5144e-10	3.6429e-01	6.3571e-01	7.2153e-01	2.7846e-01	9.6554e-06	4.5039e-11	9.0886e-03	9.6627e-01	2.4641e-02	1.1755e-36	4.1719e-01	5.8266e-01	1.4290e-04	1.1755e-36	1.1755e-36	1.1755e-36	3.2774e-18	0.00e+00	0.00e+00	8.6627e+00
2.02477e+14	7.5238e+03	1.541e-14	1.0000e+05	6.3413e+04	1.8816e-10	3.9081e-01	6.0919e-01	7.3579e-01	2.6420e-01	9.1962e-06	5.5451e-11	8.8128e-03	9.6820e-01	2.2992e-02	1.1755e-36	4.4496e-01	5.5492e-01	1.2060e-04	1.1755e-36	1.1755e-36	1.1755e-36	4.3449e-18	0.00e+00	0.00e+00	9.0846e+00
2.04149e+14	7.4728e+03	1.449e-14	1.0000e+05	6.0657e+04	2.3268e-10	4.1743e-01	5.8257e-01	7.4885e-01	2.5115e-01	8.8105e-06	6.7577e-11	8.5110e-03	9.6998e-01	2.1506e-02	1.1755e-36	4.7251e-01	5.2739e-01	1.0204e-04	1.1755e-36	1.1755e-36	1.1755e-36	5.6891e-18	0.00e+00	0.00e+00	9.5154e+00
2.05686e+14	7.4192e+03	1.361e-14	1.0000e+05	5.8006e+04	2.8393e-10	4.4269e-01	5.5731e-01	7.6024e-01	2.3975e-01	8.4984e-06	8.0847e-11	8.2105e-03	9.7157e-01	2.0221e-02	1.1755e-36	4.9835e-01	5.0156e-01	8.7308e-05	1.1755e-36	1.1755e-36	1.1755e-36	7.2732e-18	0.00e+00	0.00e+00	9.9176e+00
2.07035e+14	7.3670e+03	1.281e-14	1.0000e+05	5.5596e+04	3.3933e-10	4.6549e-01	5.3451e-01	7.6980e-01	2.3019e-01	8.2545e-06	9.4492e-11	7.9295e-03	9.7292e-01	1.9146e-02	1.1755e-36	5.2142e-01	4.7851e-01	7.5945e-05	1.1755e-36	1.1755e-36	1.1755e-36	9.0162e-18	0.00e+00	0.00e+00	1.0288e+01
2.08245e+14	7.3203e+03	1.207e-14	1.0000e+05	5.3341e+04	3.9789e-10	4.8616e-01	5.1384e-01	7.7809e-01	2.2191e-01	8.0599e-06	1.0836e-10	7.6591e-03	9.7411e-01	1.8235e-02	1.1755e-36	5.4214e-01	4.5779e-01	6.6890e-05	1.1755e-36	1.1755e-36	1.1755e-36	1.0891e-17	0.00e+00	0.00e+00	1.0644e+01
2.09376e+14	7.2590e+03	1.139e-14	1.0000e+05	5.1325e+04	4.6917e-10	5.0675e-01	4.9325e-01	7.8582e-01	2.1417e-01	7.8658e-06	1.2419e-10	7.4193e-03	9.7522e-01	1.7357e-02	1.1755e-36	5.6259e-01	4.3735e-01	5.9120e-05	1.1755e-36	1.1755e-36	1.1755e-36	1.3180e-17	0.00e+00	0.00e+00	1.0996e+01
2.10486e+14	7.2041e+03	1.071e-14	1.0000e+05	4.9239e+04	5.4878e-10	5.2679e-01	4.7321e-01	7.9294e-01	2.0705e-01	7.7142e-06	1.4117e-10	7.1629e-03	9.7628e-01	1.6553e-02	1.1755e-36	5.8232e-01	4.1763e-01	5.2312e-05	1.1755e-36	1.1755e-36	1.1755e-36	1.5777e-17	0.00e+00	0.00e+00	1.1369e+01
2.11409e+14	7.1650e+03	1.016e-14	1.0000e+05	4.7531e+04	6.1832e-10	5.4236e-01	4.5764e-01	7.9823e-01	2.0177e-01	7.6207e-06	1.5547e-10	6.9482e-03	9.7709e-01	1.5962e-02	1.1755e-36	5.9751e-01	4.0244e-01	4.7522e-05	1.1755e-36	1.1755e-36	1.1755e-36	1.8071e-17	0.00e+00	0.00e+00	1.1617e+01
2.12071e+14	7.1252e+03	9.777e-15	1.0000e+05	4.6334e+04	6.8173e-10	5.5440e-01	4.4560e-01	8.0226e-01	1.9773e-01	7.5345e-06	1.6777e-10	6.7995e-03	9.7769e-01	1.5508e-02	1.1755e-36	6.0920e-01	3.9076e-01	4.4170e-05	1.1755e-36	1.1755e-36	1.1755e-36	2.0131e-17	0.00e+00	0.00e+00	1.1827e+01
2.12685e+14	7.0906e+03	9.404e-15	1.0000e+05	4.5159e+04	7.4535e-10	5.6559e-01	4.3441e-01	8.0583e-01	1.9416e-01	7.4733e-06	1.7972e-10	6.6499e-03	9.7825e-01	1.5098e-02	1.1755e-36	6.2001e-01	3.7994e-01	4.1201e-05	1.1755e-36	1.1755e-36	1.1755e-36	2.2196e-17	0.00e+00	0.00e+00	1.2052e+01
2.13355e+14	7.0455e+03	9.002e-15	1.0000e+05	4.3876e+04	8.2710e-10	5.7808e-01	4.2192e-01	8.0984e-01	1.9015e-01	7.3971e-06	1.9417e-10	6.4881e-03	9.7886e-01	1.4650e-02	1.1755e-36	6.3202e-01	3.6795e-01	3.8133e-05	1.1755e-36	1.1755e-36	1.1755e-36	2.4770e-17	0.00e+00	0.00e+00	1.2311e+01
2.14067e+14	6.9975e+03	8.591e-15	1.0000e+05	4.2582e+04	9.2368e-10	5.9138e-01	4.0862e-01	8.1402e-01	1.8597e-01	7.3137e-06	2.1101e-10	6.3235e-03	9.7950e-01	1.4179e-02	1.1755e-36	6.4472e-01	3.5524e-01	3.5109e-05	1.1755e-36	1.1755e-36	1.1755e-36	2.7912e-17	0.00e+00	0.00e+00	1.2578e+01
2.14759e+14	6.9542e+03	8.195e-15	1.0000e+05	4.1285e+04	1.0235e-09	6.0375e-01	3.9625e-01	8.1771e-01	1.8228e-01	7.2601e-06	2.2743e-10	6.1553e-03	9.8009e-01	1.3756e-02	1.1755e-36	6.5648e-01	3.4349e-01	3.2453e-05	1.1755e-36	1.1755e-36	1.1755e-36	3.1081e-17	0.00e+00	0.00e+00	1.2833e+01
2.15427e+14	6.9140e+03	7.815e-15	1.0000e+05	4.0024e+04	1.1285e-09	6.1559e-01	3.8441e-01	8.2119e-01	1.7880e-01	7.2168e-06	2.4418e-10	5.9900e-03	9.8065e-01	1.3361e-02	1.1755e-36	6.6767e-01	3.3230e-01	3.0056e-05	1.1755e-36	1.1755e-36	1.1755e-36	3.4429e-17	0.00e+00	0.00e+00	1.3092e+01
2.16105e+14	6.8632e+03	7.441e-15	1.0000e+05	3.8768e+04	1.2572e-09	6.2789e-01	3.7211e-01	8.2471e-01	1.7528e-01	7.1673e-06	2.6310e-10	5.8260e-03	9.8122e-01	1.2954e-02	1.1755e-36	6.7923e-01	3.2074e-01	2.7765e-05	1.1755e-36	1.1755e-36	1.1755e-36	3.8356e-17	0.00e+00	0.00e+00	1.3365e+01
2.16786e+14	6.8124e+03	7.078e-15	1.0000e+05	3.7552e+04	1.4013e-09	6.4021e-01	3.5979e-01	8.2824e-01	1.7176e-01	7.1140e-06	2.8383e-10	5.6665e-03	9.8178e-01	1.2550e-02	1.1755e-36	6.9076e-01	3.0922e-01	2.5621e-05	1.1755e-36	1.1755e-36	1.1755e-36	4.2845e-17	0.00e+00	0.00e+00	1.3638e+01
2.17449e+14	6.7642e+03	6.730e-15	1.0000e+05	3.6348e+04	1.5539e-09	6.5180e-01	3.4820e-01	8.3142e-01	1.6857e-01	7.0811e-06	3.0433e-10	5.5064e-03	9.8231e-01	1.2180e-02	1.1755e-36	7.0154e-01	2.9843e-01	2.3711e-05	1.1755e-36	1.1755e-36	1.1755e-36	4.7439e-17	0.00e+00	0.00e+00	1.3906e+01
2.18105e+14	6.7143e+03	6.395e-15	1.0000e+05	3.5171e+04	1.7251e-09	6.6325e-01	3.3675e-01	8.3454e-01	1.6545e-01	7.0499e-06	3.2619e-10	5.3493e-03	9.8283e-01	1.1819e-02	1.1755e-36	7.1214e-01	2.8783e-01	2.1941e-05	1.1755e-36	1.1755e-36	1.1755e-36	5.2521e-17	0.00e+00	0.00e+00	1.4182e+01
2.18768e+14	6.6646e+03	6.067e-15	1.0000e+05	3.4003e+04	1.9159e-09	6.7465e-01	3.2535e-01	8.3759e-01	1.6241e-01	7.0237e-06	3.4957e-10	5.1922e-03	9.8334e-01	1.1464e-02	1.1755e-36	7.2264e-01	2.7734e-01	2.0281e-05	1.1755e-36	1.1755e-36	1.1755e-36	5.8180e-17	0.00e+00	0.00e+00	1.4466e+01
2.19432e+14	6.6130e+03	5.748e-15	1.0000e+05	3.2838e+04	2.1307e-09	6.8584e-01	3.1416e-01	8.4055e-01	1.5944e-01	7.0036e-06	3.7410e-10	5.0348e-03	9.8384e-01	1.1121e-02	1.1755e-36	7.3287e-01	2.6711e-01	1.8748e-05	1.1755e-36	1.1755e-36	1.1755e-36	6.4318e-17	0.00e+00	0.00e+00	1.4753e+01
2.20095e+14	6.5528e+03	5.444e-15	1.0000e+05	3.1723e+04	2.3887e-09	6.9715e-01	3.0285e-01	8.4355e-01	1.5644e-01	6.9723e-06	4.0146e-10	4.8845e-03	9.8434e-01	1.0774e-02	1.1755e-36	7.4321e-01	2.5677e-01	1.7308e-05	1.1755e-36	1.1755e-36	1.1755e-36	7.1459e-17	0.00e+00	0.00e+00	1.5044e+01
2.20745e+14	6.5106e+03	5.153e-15	1.0000e+05	3.0618e+04	2.6281e-09	7.0738e-01	2.9262e-01	8.4609e-01	1.5391e-01	6.9790e-06	4.2680e-10	4.7314e-03	9.8480e-01	1.0466e-02	1.1755e-36	7.5250e-01	2.4749e-01	1.6031e-05	1.1755e-36	1.1755e-36	1.1755e-36	7.8343e-17	0.00e+00	0.00e+00	1.5330e+01
2.21400e+14	6.4504e+03	4.871e-15	1.0000e+05	2.9528e+04	2.9437e-09	7.1808e-01	2.8192e-01	8.4883e-01	1.5116e-01	6.9654e-06	4.5616e-10	4.5822e-03	9.8527e-01	1.0146e-02	1.1755e-36	7.6216e-01	2.3782e-01	1.4811e-05	1.1755e-36	1.1755e-36	1.1755e-36	8.6582e-17	0.00e+00	0.00e+00	1.5634e+01
2.22065e+14	6.3858e+03	4.600e-15	1.0000e+05	2.8477e+04	3.3152e-09	7.2886e-01	2.7114e-01	8.5163e-01	1.4836e-01	6.9418e-06	4.8888e-10	4.4386e-03	9.8574e-01	9.8236e-03	1.1755e-36	7.7186e-01	2.2813e-01	1.3661e-05	1.1755e-36	1.1755e-36	1.1755e-36	9.6195e-17	0.00e+00	0.00e+00	1.5937e+01
2.22708e+14	6.3379e+03	4.347e-15	1.0000e+05	2.7452e+04	3.6628e-09	7.3842e-01	2.6158e-01	8.5396e-01	1.4604e-01	6.9560e-06	5.1848e-10	4.2950e-03	9.8616e-01	9.5419e-03	1.1755e-36	7.8042e-01	2.1957e-01	1.2660e-05	1.1755e-36	1.1755e-36	1.1755e-36	1.0524e-16	0.00e+00	0.00e+00	1.6229e+01
2.23350e+14	6.2700e+03	4.104e-15	1.0000e+05	2.6466e+04	4.1325e-09	7.4850e-01	2.5150e-01	8.5655e-01	1.4344e-01	6.9392e-06	5.5394e-10	4.1591e-03	9.8660e-01	9.2446e-03	1.1755e-36	7.8940e-01	2.1058e-01	1.1698e-05	1.1755e-36	1.1755e-36	1.1755e-36	1.1650e-16	0.00e+00	0.00e+00	1.6540e+01
2.23997e+14	6.2196e+03	3.870e-15	1.0000e+05	2.5477e+04	4.5793e-09	7.5771e-01	2.4229e-01	8.5873e-01	1.4126e-01	6.9624e-06	5.8686e-10	4.0188e-03	9.8701e-01	8.9761e-03	1.1755e-36	7.9757e-01	2.0242e-01	1.0832e-05	1.1755e-36	1.1755e-36	1.1755e-36	1.2743e-16	0.00e+00	0.00e+00	1.6845e+01
2.24644e+14	6.1546e+03	3.647e-15	1.0000e+05	2.4518e+04	5.1528e-09	7.6712e-01	2.3288e-01	8.6108e-01	1.3891e-01	6.9654e-06	6.2445e-10	3.8845e-03	9.8741e-01	8.7009e-03	1.1755e-36	8.0590e-01	1.9409e-01	1.0011e-05	1.1755e-36	1.1755e-36	1.1755e-36	1.4038e-16	0.00e+00	0.00e+00	1.7163e+01
2.25297e+14	6.0914e+03	3.434e-15	1.0000e+05	2.3596e+04	5.7934e-09	7.7636e-01	2.2364e-01	8.6341e-01	1.3659e-01	6.9681e-06	6.6479e-10	3.7544e-03	9.8781e-01	8.4313e-03	1.1755e-36	8.1404e-01	1.8595e-01	9.2452e-06	1.1755e-36	1.1755e-36	1.1755e-36	1.5501e-16	0.00e+00	0.00e+00	1.7481e+01
2.25938e+14	6.0312e+03	3.235e-15	1.0000e+05	2.2704e+04	6.4870e-09	7.8505e-01	2.1495e-01	8.6554e-01	1.3445e-01	6.9829e-06	7.0514e-10	3.6274e-03	9.8819e-01	8.1789e-03	1.1755e-36	8.2166e-01	1.7833e-01	8.5556e-06	1.1755e-36	1.1755e-36	1.1755e-36	1.7031e-16	0.00e+00	0.00e+00	1.7796e+01
2.26576e+14	5.9705e+03	3.046e-15	1.0000e+05	2.1841e+04	7.2708e-09	7.9349e-01	2.0651e-01	8.6763e-01	1.3236e-01	6.9990e-06	7.4768e-10	3.5040e-03	9.8856e-01	7.9338e-03	1.1755e-36	8.2903e-01	1.7096e-01	7.9174e-06	1.1755e-36	1.1755e-36	1.1755e-36	1.8722e-16	0.00e+00	0.00e+00	1.8117e+01
2.27220e+14	5.9086e+03	2.865e-15	1.0000e+05	2.0993e+04	8.1661e-09	8.0176e-01	1.9824e-01	8.6969e-01	1.3031e-01	7.0181e-06	7.9283e-10	3.3824e-03	9.8892e-01	7.6940e-03	1.1755e-36	8.3622e-01	1.6377e-01	7.3217e-06	1.1755e-36	1.1755e-36	1.1755e-36	2.0606e-16	0.00e+00	0.00e+00	1.8444e+01
2.27865e+14	5.8428e+03	2.694e-15	1.0000e+05	2.0166e+04	9.2101e-09	8.0975e-01	1.9025e-01	8.7168e-01	1.2831e-01	7.0395e-06	8.4002e-10	3.2633e-03	9.8927e-01	7.4621e-03	1.1755e-36	8.4317e-01	1.5683e-01	6.7727e-06	1.1755e-36	1.1755e-36	1.1755e-36	2.2674e-16	0.00e+00	0.00e+00	1.8772e+01
2.28498e+14	5.7777e+03	2.536e-15	1.0000e+05	1.9398e+04	1.0385e-08	8.1750e-01	1.8250e-01	8.7368e-01	1.2632e-01	7.0509e-06	8.9118e-10	3.1526e-03	9.8961e-01	7.2373e-03	1.1755e-36	8.4986e-01	1.5014e-01	6.2691e-06	1.1755e-36	1.1755e-36	1.1755e-36	2.5049e-16	0.00e+00	0.00e+00	1.9095e+01
2.29087e+14	5.7198e+03	2.398e-15	1.0000e+05	1.8697e+04	1.1569e-08	8.2420e-01	1.7580e-01	8.7535e-01	1.2464e-01	7.0775e-06	9.3776e-10	3.0507e-03	9.8991e-01	7.0424e-03	1.1755e-36	8.5564e-01	1.4436e-01	5.8464e-06	1.1755e-36	1.1755e-36	1.1755e-36	2.7325e-16	0.00e+00	0.00e+00	1.9383e+01
2.29633e+14	5.6688e+03	2.275e-15	1.0000e+05	1.8066e+04	1.2763e-08	8.3031e-01	1.6969e-01	8.7690e-01	1.2309e-01	7.1030e-06	9.8381e-10	2.9584e-03	9.9018e-01	6.8637e-03	1.1755e-36	8.6088e-01	1.3911e-01	5.4737e-06	1.1755e-36	1.1755e-36	1.1755e-36	2.9689e-16	0.00e+00	0.00e+00	1.9666e+01
2.30192e+14	5.6032e+03	2.154e-15	1.0000e+05	1.7435e+04	1.4357e-08	8.3672e-01	1.6328e-01	8.7862e-01	1.2137e-01	7.1111e-06	1.0386e-09	2.8670e-03	9.9045e-01	6.6784e-03	1.1755e-36	8.6637e-01	1.3362e-01	5.1086e-06	1.1755e-36	1.1755e-36	1.1755e-36	3.2667e-16	0.00e+00	0.00e+00	1.9971e+01
2.30741e+14	5.5537e+03	2.044e-15	1.0000e+05	1.6835e+04	1.5813e-08	8.4230e-01	1.5770e-01	8.8001e-01	1.1999e-01	7.1496e-06	1.0869e-09	2.7780e-03	9.9071e-01	6.5137e-03	1.1755e-36	8.7115e-01	1.2884e-01	4.7885e-06	1.1755e-36	1.1755e-36	1.1755e-36	3.5432e-16	0.00e+00	0.00e+00	2.0247e+01
2.31283e+14	5.4927e+03	1.937e-15	1.0000e+05	1.6249e+04	1.7690e-08	8.4805e-01	1.5195e-01	8.8153e-01	1.1846e-01	7.1708e-06	1.1437e-09	2.6921e-03	9.9096e-01	6.3472e-03	1.1755e-36	8.7603e-01	1.2396e-01	4.4817e-06	1.1755e-36	1.1755e-36	1.1755e-36	3.8880e-16	0.00e+00	0.00e+00	2.0550e+01
2.31831e+14	5.4341e+03	1.837e-15	1.0000e+05	1.5697e+04	1.9749e-08	8.5359e-01	1.4641e-01	8.8306e-01	1.1694e-01	7.1861e-06	1.2047e-09	2.6109e-03	9.9120e-01	6.1844e-03	1.1755e-36	8.8075e-01	1.1924e-01	4.1945e-06	1.1755e-36	1.1755e-36	1.1755e-36	4.2804e-16	0.00e+00	0.00e+00	2.0837e+01
2.32353e+14	5.3797e+03	1.747e-15	1.0000e+05	1.5176e+04	2.1899e-08	8.5861e-01	1.4139e-01	8.8440e-01	1.1559e-01	7.2127e-06	1.2636e-09	2.5337e-03	9.9143e-01	6.0369e-03	1.1755e-36	8.8501e-01	1.1499e-01	3.9412e-06	1.1755e-36	1.1755e-36	1.1755e-36	4.6839e-16	0.00e+00	0.00e+00	2.1113e+01
2.32868e+14	5.3258e+03	1.661e-15	1.0000e+05	1.4677e+04	2.4285e-08	8.6348e-01	1.3652e-01	8.8574e-01	1.1425e-01	7.2367e-06	1.3268e-09	2.4595e-03	9.9165e-01	5.8930e-03	1.1755e-36	8.8913e-01	1.1087e-01	3.7033e-06	1.1755e-36	1.1755e-36	1.1755e-36	5.1429e-16	0.00e+00	0.00e+00	2.1397e+01
2.33392e+14	5.2690e+03	1.578e-15	1.0000e+05	1.4183e+04	2.7073e-08	8.6831e-01	1.3169e-01	8.8710e-01	1.1289e-01	7.2596e-06	1.3966e-09	2.3862e-03	9.9186e-01	5.7509e-03	1.1755e-36	8.9320e-01	1.0680e-01	3.4767e-06	1.1755e-36	1.1755e-36	1.1755e-36	5.6828e-16	0.00e+00	0.00e+00	2.1687e+01
2.33914e+14	5.2099e+03	1.500e-15	1.0000e+05	1.3714e+04	3.0290e-08	8.7299e-01	1.2701e-01	8.8846e-01	1.1153e-01	7.2751e-06	1.4730e-09	2.3164e-03	9.9207e-01	5.6128e-03	1.1755e-36	8.9714e-01	1.0285e-01	3.2649e-06	1.1755e-36	1.1755e-36	1.1755e-36	6.3155e-16	0.00e+00	0.00e+00	2.1970e+01
2.34413e+14	5.1620e+03	1.429e-15	1.0000e+05	1.3275e+04	3.3346e-08	8.7712e-01	1.2288e-01	8.8961e-01	1.1038e-01	7.3088e-06	1.5442e-09	2.2503e-03	9.9226e-01	5.4882e-03	1.1755e-36	9.0062e-01	9.9375e-02	3.0784e-06	1.1755e-36	1.1755e-36	1.1755e-36	6.9422e-16	0.00e+00	0.00e+00	2.2238e+01
2.34918e+14	5.1028e+03	1.360e-15	1.0000e+05	1.2833e+04	3.7350e-08	8.8141e-01	1.1859e-01	8.9087e-01	1.0912e-01	7.3309e-06	1.6306e-09	2.1842e-03	9.9245e-01	5.3617e-03	1.1755e-36	9.0422e-01	9.5780e-02	2.8958e-06	1.1755e-36	1.1755e-36	1.1755e-36	7.7594e-16	0.00e+00	0.00e+00	2.2532e+01
2.35429e+14	5.0462e+03	1.295e-15	1.0000e+05	1.2422e+04	4.1745e-08	8.8556e-01	1.1444e-01	8.9216e-01	1.0783e-01	7.3429e-06	1.7259e-09	2.1227e-03	9.9264e-01	5.2382e-03	1.1755e-36	9.0769e-01	9.2305e-02	2.7246e-06	1.1755e-36	1.1755e-36	1.1755e-36	8.7213e-16	0.00e+00	0.00e+00	2.2807e+01
2.35909e+14	4.9948e+03	1.237e-15	1.0000e+05	1.2037e+04	4.6230e-08	8.8923e-01	1.1077e-01	8.9326e-01	1.0673e-01	7.3684e-06	1.8186e-09	2.0644e-03	9.9281e-01	5.1258e-03	1.1755e-36	9.1077e-01	8.9229e-02	2.5749e-06	1.1755e-36	1.1755e-36	1.1755e-36	9.7217e-16	0.00e+00	0.00e+00	2.3070e+01
2.36383e+14	4.9408e+03	1.181e-15	1.0000e+05	1.1666e+04	5.1429e-08	8.9288e-01	1.0712e-01	8.9440e-01	1.0559e-01	7.3853e-06	1.9273e-09	2.0087e-03	9.9299e-01	4.9989e-03	1.1755e-36	9.1380e-01	8.6197e-02	2.4330e-06	1.1755e-36	1.1755e-36	1.1755e-36	1.0900e-15	0.00e+00	0.00e+00	2.3341e+01
2.36863e+14	4.8841e+03	1.128e-15	1.0000e+05	1.1306e+04	5.7489e-08	8.9644e-01	1.0356e-01	8.9557e-01	1.0442e-01	7.3963e-06	2.0482e-09	1.9547e-03	9.9317e-01	4.8725e-03	1.1755e-36	9.1678e-01	8.3219e-02	2.2974e-06	1.1755e-36	1.1755e-36	1.1755e-36	1.2304e-15	0.00e+00	0.00e+00	2.3611e+01
2.37328e+14	4.8345e+03	1.079e-15	1.0000e+05	1.0964e+04	6.3574e-08	8.9966e-01	1.0034e-01	8.9659e-01	1.0341e-01	7.4213e-06	2.1655e-09	1.9027e-03	9.9334e-01	4.7570e-03	1.1755e-36	9.1946e-01	8.0538e-02	2.1762e-06	1.1755e-36	1.1755e-36	1.1755e-36	1.3767e-15	0.00e+00	0.00e+00	2.3868e+01
2.37790e+14	4.7812e+03	1.032e-15	1.0000e+05	1.0635e+04	7.0819e-08	9.0291e-01	9.7090e-02	8.9768e-01	1.0232e-01	7.4346e-06	2.3018e-09	1.8530e-03	9.9351e-01	4.6409e-03	1.1755e-36	9.2214e-01	7.7854e-02	2.0597e-06	1.1755e-36	1.1755e-36	1.1755e-36	1.5585e-15	0.00e+00	0.00e+00	2.4138e+01
2.38257e+14	4.7255e+03	9.878e-16	1.0000e+05	1.0316e+04	7.9244e-08	9.0606e-01	9.3936e-02	8.9878e-01	1.0121e-01	7.4422e-06	2.4537e-09	1.8049e-03	9.9367e-01	4.5256e-03	1.1755e-36	9.2477e-01	7.5225e-02	1.9486e-06	1.1755e-36	1.1755e-36	1.1755e-36	1.7764e-15	0.00e+00	0.00e+00	2.4402e+01
2.38706e+14	4.6777e+03	9.471e-16	1.0000e+05	1.0015e+04	8.7537e-08	9.0887e-01	9.1125e-02	8.9972e-01	1.0027e-01	7.4654e-06	2.5993e-09	1.7589e-03	9.9382e-01	4.4217e-03	1.1755e-36	9.2710e-01	7.2894e-02	1.8502e-06	1.1755e-36	1.1755e-36	1.1755e-36	2.0013e-15	0.00e+00	0.00e+00	2.4651e+01
2.39152e+14	4.6264e+03	9.076e-16	1.0000e+05	9.7250e+03	9.7406e-08	9.1173e-01	8.8267e-02	9.0074e-01	9.9251e-02	7.4756e-06	2.7696e-09	1.7149e-03	9.9397e-01	4.3165e-03	1.1755e-36	9.2945e-01	7.0544e-02	1.7550e-06	1.1755e-36	1.1755e-36	1.1755e-36	2.2832e-15	0.00e+00	0.00e+00	2.4915e+01
2.39608e+14	4.5740e+03	8.698e-16	1.0000e+05	9.4340e+03	1.0864e-07	9.1445e-01	8.5545e-02	9.0171e-01	9.8283e-02	7.4934e-06	2.9538e-09	1.6705e-03	9.9412e-01	4.2134e-03	1.1755e-36	9.3172e-01	6.8281e-02	1.6644e-06	1.1755e-36	1.1755e-36	1.1755e-36	2.6130e-15	0.00e+00	0.00e+00	2.5177e+01
2.40053e+14	4.5215e+03	8.345e-16	1.0000e+05	9.1701e+03	1.2136e-07	9.1715e-01	8.2852e-02	9.0276e-01	9.7231e-02	7.4904e-06	3.1630e-09	1.6306e-03	9.9426e-01	4.1123e-03	1.1755e-36	9.3394e-01	6.6062e-02	1.5792e-06	1.1755e-36	1.1755e-36	1.1755e-36	3.0156e-15	0.00e+00	0.00e+00	2.5430e+01
2.40481e+14	4.4738e+03	8.022e-16	1.0000e+05	8.9163e+03	1.3437e-07	9.1955e-01	8.0452e-02	9.0365e-01	9.6338e-02	7.5041e-06	3.3693e-09	1.5918e-03	9.9439e-01	4.0203e-03	1.1755e-36	9.3591e-01	6.4084e-02	1.5034e-06	1.1755e-36	1.1755e-36	1.1755e-36	3.4455e-15	0.00e+00	0.00e+00	2.5673e+01
2.40906e+14	4.4251e+03	7.711e-16	1.0000e+05	8.6725e+03	1.4922e-07	9.2193e-01	7.8069e-02	9.0459e-01	9.5403e-02	7.5096e-06	3.6018e-09	1.5546e-03	9.9452e-01	3.9289e-03	1.1755e-36	9.3787e-01	6.2128e-02	1.4305e-06	1.1755e-36	1.1755e-36	1.1755e-36	3.9667e-15	0.00e+00	0.00e+00	2.5924e+01
2.41338e+14	4.3740e+03	7.411e-16	1.0000e+05	8.4321e+03	1.6655e-07	9.2428e-01	7.5718e-02	9.0555e-01	9.4444e-02	7.5108e-06	3.8661e-09	1.5180e-03	9.9464e-01	3.8374e-03	1.1755e-36	9.3981e-01	6.0191e-02	1.3601e-06	1.1755e-36	1.1755e-36	1.1755e-36	4.6076e-15	0.00e+00	0.00e+00	2.6177e+01
2.41763e+14	4.3254e+03	7.130e-16	1.0000e+05	8.2019e+03	1.8511e-07	9.2648e-01	7.3520e-02	9.0644e-01	9.3553e-02	7.5171e-06	4.1436e-09	1.4828e-03	9.9477e-01	3.7510e-03	1.1755e-36	9.4161e-01	5.8385e-02	1.2953e-06	1.1755e-36	1.1755e-36	1.1755e-36	5.3369e-15	0.00e+00	0.00e+00	2.6421e+01
2.42179e+14	4.2776e+03	6.865e-16	1.0000e+05	7.9830e+03	2.0549e-07	9.2859e-01	7.1414e-02	9.0732e-01	9.2672e-02	7.5204e-06	4.4442e-09	1.4494e-03	9.9488e-01	3.6675e-03	1.1755e-36	9.4334e-01	5.6657e-02	1.2347e-06	1.1755e-36	1.1755e-36	1.1755e-36	6.1905e-15	0.00e+00	0.00e+00	2.6664e+01
2.42597e+14	4.2290e+03	6.611e-16	1.0000e+05	7.7702e+03	2.2859e-07	9.3065e-01	6.9349e-02	9.0821e-01	9.1778e-02	7.5198e-06	4.7798e-09	1.4169e-03	9.9500e-01	3.5851e-03	1.1755e-36	9.4503e-01	5.4965e-02	1.1765e-06	1.1755e-36	1.1755e-36	1.1755e-36	7.2219e-15	0.00e+00	0.00e+00	2.6910e+01
2.43013e+14	4.1805e+03	6.368e-16	1.0000e+05	7.5637e+03	2.5430e-07	9.3264e-01	6.7356e-02	9.0909e-01	9.0899e-02	7.5189e-06	5.1472e-09	1.3854e-03	9.9511e-01	3.5049e-03	1.1755e-36	9.4667e-01	5.3333e-02	1.1216e-06	1.1755e-36	1.1755e-36	1.1755e-36	8.4468e-15	0.00e+00	0.00e+00	2.7155e+01
2.43426e+14	4.1328e+03	6.137e-16	1.0000e+05	7.3648e+03	2.8247e-07	9.3455e-01	6.5447e-02	9.0995e-01	9.0042e-02	7.5177e-06	5.5448e-09	1.3549e-03	9.9522e-01	3.4275e-03	1.1755e-36	9.4823e-01	5.1771e-02	1.0699e-06	1.1755e-36	1.1755e-36	1.1755e-36	9.8840e-15	0.00e+00	0.00e+00	2.7397e+01
2.43836e+14	4.0850e+03	5.917e-16	1.0000e+05	7.1723e+03	3.1386e-07	9.3641e-01	6.3590e-02	9.1081e-01	8.9186e-02	7.5143e-06	5.9823e-09	1.3255e-03	9.9532e-01	3.3517e-03	1.1755e-36	9.4974e-01	5.0254e-02	1.0207e-06	1.1755e-36	1.1755e-36	1.1755e-36	1.1600e-14	0.00e+00	0.00e+00	2.7640e+01
2.44247e+14	4.0388e+03	5.707e-16	1.0000e+05	6.9794e+03	3.4743e-07	9.3815e-01	6.1846e-02	9.1159e-01	8.8405e-02	7.5230e-06	6.4418e-09	1.2958e-03	9.9543e-01	3.2785e-03	1.1755e-36	9.5119e-01	4.8806e-02	9.7373e-07	1.1755e-36	1.1755e-36	1.1755e-36	1.3554e-14	0.00e+00	0.00e+00	2.7883e+01
2.44666e+14	3.9938e+03	5.495e-16	1.0000e+05	6.7893e+03	3.8417e-07	9.4000e-01	6.0004e-02	9.1237e-01	8.7623e-02	7.5331e-06	6.9556e-09	1.2662e-03	9.9553e-01	3.2067e-03	1.1755e-36	9.5267e-01	4.7326e-02	9.2766e-07	1.1755e-36	1.1755e-36	1.1755e-36	1.5921e-14	0.00e+00	0.00e+00	2.8136e+01
