#depth	Te	Htot	hden	eden	2H_2/H	HI	HII	HeI	HeII	HeIII	CO/C	C1	C2	C3	C4	O1	O2	O3	O4	O5	O6	H2O/O	AV(point)	AV(extend)	Tau912
1.52075e+11	8.5472e+03	3.495e-15	3.5938e+04	3.8949e+04	1.8564e-15	2.3026e-03	9.9770e-01	1.2432e-02	9.8499e-01	2.5763e-03	1.8676e-17	1.3172e-04	1.8899e-01	8.0994e-01	9.3921e-04	1.2180e-03	5.0949e-01	4.8890e-01	3.8811e-04	1.1755e-36	1.1755e-36	1.3593e-25	0.00e+00	0.00e+00	1.5891e-04
9.12450e+11	8.5453e+03	3.494e-15	3.5938e+04	3.8946e+04	1.8576e-15	2.3019e-03	9.9770e-01	1.2432e-02	9.8499e-01	2.5744e-03	1.8657e-17	1.3158e-04	1.8898e-01	8.0994e-01	9.4164e-04	1.2174e-03	5.0940e-01	4.8900e-01	3.8684e-04	1.1755e-36	1.1755e-36	1.3574e-25	0.00e+00	0.00e+00	7.9435e-04
3.95395e+12	8.5418e+03	3.491e-15	3.5938e+04	3.8945e+04	1.8591e-15	2.3006e-03	9.9770e-01	1.2436e-02	9.8501e-01	2.5585e-03	1.8642e-17	1.3136e-04	1.8903e-01	8.0990e-01	9.4026e-04	1.2171e-03	5.0951e-01	4.8889e-01	3.8126e-04	1.1755e-36	1.1755e-36	1.3550e-25	0.00e+00	0.00e+00	3.3347e-03
1.61199e+13	8.5314e+03	3.480e-15	3.5938e+04	3.8945e+04	1.8657e-15	2.2990e-03	9.9770e-01	1.2462e-02	9.8506e-01	2.4741e-03	1.8674e-17	1.3123e-04	1.8935e-01	8.0958e-01	9.3217e-04	1.2188e-03	5.1026e-01	4.8816e-01	3.5947e-04	1.1755e-36	1.1755e-36	1.3534e-25	0.00e+00	0.00e+00	1.3489e-02
3.85054e+13	8.5036e+03	3.439e-15	3.5938e+04	3.8945e+04	1.8451e-15	2.2749e-03	9.9773e-01	1.2442e-02	9.8513e-01	2.4278e-03	1.8207e-17	1.2997e-04	1.8925e-01	8.0969e-01	9.2604e-04	1.2079e-03	5.1044e-01	4.8802e-01	3.3190e-04	1.1755e-36	1.1755e-36	1.3002e-25	0.00e+00	0.00e+00	2.6551e-02
6.76064e+13	8.4714e+03	3.397e-15	3.5938e+04	3.8946e+04	1.8328e-15	2.2539e-03	9.9775e-01	1.2443e-02	9.8526e-01	2.2935e-03	1.7840e-17	1.2925e-04	1.8941e-01	8.0955e-01	9.1281e-04	1.2002e-03	5.1118e-01	4.8732e-01	2.9748e-04	1.1755e-36	1.1755e-36	1.2550e-25	0.00e+00	0.00e+00	4.3375e-02
1.05438e+14	8.4364e+03	3.352e-15	3.5938e+04	3.8946e+04	1.8204e-15	2.2340e-03	9.9777e-01	1.2461e-02	9.8546e-01	2.0760e-03	1.7490e-17	1.2881e-04	1.8978e-01	8.0920e-01	8.9298e-04	1.1949e-03	5.1252e-01	4.8603e-01	2.5667e-04	1.1755e-36	1.1755e-36	1.2082e-25	0.00e+00	0.00e+00	6.5053e-02
1.54619e+14	8.3946e+03	3.302e-15	3.5938e+04	3.8946e+04	1.8164e-15	2.2161e-03	9.9778e-01	1.2506e-02	9.8572e-01	1.7784e-03	1.7221e-17	1.2869e-04	1.9047e-01	8.0853e-01	8.6596e-04	1.1931e-03	5.1471e-01	4.8389e-01	2.1061e-04	1.1755e-36	1.1755e-36	1.1663e-25	0.00e+00	0.00e+00	9.3009e-02
2.18554e+14	8.3525e+03	3.246e-15	3.5938e+04	3.8945e+04	1.8099e-15	2.1999e-03	9.9780e-01	1.2578e-02	9.8600e-01	1.4190e-03	1.6986e-17	1.2892e-04	1.9152e-01	8.0752e-01	8.3276e-04	1.1953e-03	5.1793e-01	4.8071e-01	1.6191e-04	1.1755e-36	1.1755e-36	1.1234e-25	0.00e+00	0.00e+00	1.2909e-01
3.01669e+14	8.3038e+03	3.185e-15	3.5938e+04	3.8944e+04	1.8116e-15	2.1884e-03	9.9781e-01	1.2697e-02	9.8627e-01	1.0327e-03	1.6861e-17	1.2973e-04	1.9316e-01	8.0592e-01	7.9393e-04	1.2042e-03	5.2264e-01	4.7604e-01	1.1431e-04	1.1755e-36	1.1755e-36	1.0842e-25	0.00e+00	0.00e+00	1.7574e-01
4.09719e+14	8.2534e+03	3.118e-15	3.5938e+04	3.8942e+04	1.8197e-15	2.1836e-03	9.9782e-01	1.2879e-02	9.8645e-01	6.6950e-04	1.6894e-17	1.3132e-04	1.9559e-01	8.0353e-01	7.5165e-04	1.2223e-03	5.2923e-01	4.6947e-01	7.2398e-05	1.1755e-36	1.1755e-36	1.0521e-25	0.00e+00	0.00e+00	2.3626e-01
5.50185e+14	8.1992e+03	3.047e-15	3.5938e+04	3.8940e+04	1.8427e-15	2.1904e-03	9.9781e-01	1.3158e-02	9.8647e-01	3.7603e-04	1.7191e-17	1.3414e-04	1.9923e-01	7.9993e-01	7.0696e-04	1.2541e-03	5.3833e-01	4.6037e-01	3.9970e-05	1.1755e-36	1.1755e-36	1.0316e-25	0.00e+00	0.00e+00	3.1518e-01
7.32790e+14	8.1463e+03	2.973e-15	3.5938e+04	3.8937e+04	1.8865e-15	2.2153e-03	9.9778e-01	1.3584e-02	9.8624e-01	1.7744e-04	1.7921e-17	1.3882e-04	2.0462e-01	7.9458e-01	6.5991e-04	1.3065e-03	5.5075e-01	4.4792e-01	1.8623e-05	1.1755e-36	1.1755e-36	1.0323e-25	0.00e+00	0.00e+00	4.1895e-01
9.70176e+14	8.0969e+03	2.900e-15	3.5938e+04	3.8933e+04	1.9640e-15	2.2697e-03	9.9773e-01	1.4245e-02	9.8569e-01	6.7977e-05	1.9372e-17	1.4644e-04	2.1271e-01	7.8654e-01	6.0814e-04	1.3914e-03	5.6780e-01	4.3080e-01	7.0824e-06	1.1755e-36	1.1755e-36	1.0656e-25	0.00e+00	0.00e+00	5.5715e-01
1.27878e+15	8.0577e+03	2.831e-15	3.5938e+04	3.8927e+04	2.1025e-15	2.3729e-03	9.9763e-01	1.5300e-02	9.8468e-01	2.0428e-05	2.2216e-17	1.5894e-04	2.2510e-01	7.7420e-01	5.4787e-04	1.5304e-03	5.9151e-01	4.0696e-01	2.1557e-06	1.1755e-36	1.1755e-36	1.1643e-25	0.00e+00	0.00e+00	7.4499e-01
1.67996e+15	8.0202e+03	2.778e-15	3.5938e+04	3.8910e+04	2.3909e-15	2.5658e-03	9.9743e-01	1.7072e-02	9.8292e-01	4.6828e-06	2.8184e-17	1.8030e-04	2.4492e-01	7.5443e-01	4.7360e-04	1.7704e-03	6.2537e-01	3.7286e-01	5.5314e-07	1.1755e-36	1.1755e-36	1.4104e-25	0.00e+00	0.00e+00	1.0090e+00
2.08746e+15	8.0204e+03	2.735e-15	3.5938e+04	3.8894e+04	2.6767e-15	2.7994e-03	9.9720e-01	1.9284e-02	9.8071e-01	1.1110e-06	3.5841e-17	2.0594e-04	2.6798e-01	7.3141e-01	4.0642e-04	2.0637e-03	6.6066e-01	3.3727e-01	1.9160e-07	1.1755e-36	1.1755e-36	1.7064e-25	0.00e+00	0.00e+00	1.2387e+00
2.40571e+15	8.0416e+03	2.728e-15	3.5938e+04	3.8877e+04	3.0233e-15	3.0593e-03	9.9694e-01	2.1685e-02	9.7831e-01	4.1071e-07	4.5929e-17	2.3306e-04	2.9108e-01	7.0833e-01	3.5416e-04	2.3814e-03	6.9175e-01	3.0587e-01	1.1755e-36	1.1755e-36	1.1755e-36	2.1316e-25	0.00e+00	0.00e+00	1.4296e+00
2.66612e+15	8.0725e+03	2.739e-15	3.5938e+04	3.8859e+04	3.4410e-15	3.3438e-03	9.9666e-01	2.4329e-02	9.7567e-01	1.9499e-07	5.9239e-17	2.6204e-04	3.1462e-01	6.8481e-01	3.1057e-04	2.7284e-03	7.2002e-01	2.7725e-01	1.1755e-36	1.1755e-36	1.1755e-36	2.7211e-25	0.00e+00	0.00e+00	1.6161e+00
2.91034e+15	8.1010e+03	2.761e-15	3.5938e+04	3.8834e+04	4.0283e-15	3.6847e-03	9.9632e-01	2.7556e-02	9.7244e-01	1.0096e-07	7.8807e-17	2.9601e-04	3.4117e-01	6.5826e-01	2.6920e-04	3.1470e-03	7.4858e-01	2.4827e-01	1.1755e-36	1.1755e-36	1.1755e-36	3.6338e-25	0.00e+00	0.00e+00	1.8190e+00
3.14712e+15	8.1571e+03	2.787e-15	3.5938e+04	3.8806e+04	4.7484e-15	4.0915e-03	9.9591e-01	3.1619e-02	9.6838e-01	5.5508e-08	1.0749e-16	3.3580e-04	3.7138e-01	6.2806e-01	2.3015e-04	3.6545e-03	7.7758e-01	2.1877e-01	1.1755e-36	1.1755e-36	1.1755e-36	5.0343e-25	0.00e+00	0.00e+00	2.0334e+00
3.36745e+15	8.2062e+03	2.823e-15	3.5938e+04	3.8774e+04	5.7537e-15	4.5748e-03	9.9543e-01	3.6715e-02	9.6328e-01	3.2765e-08	1.5026e-16	3.8157e-04	4.0506e-01	5.9436e-01	1.9381e-04	4.2628e-03	8.0588e-01	1.8986e-01	1.1755e-36	1.1755e-36	1.1755e-36	7.2454e-25	0.00e+00	0.00e+00	2.2511e+00
3.56460e+15	8.2634e+03	2.864e-15	3.5938e+04	3.8746e+04	7.0645e-15	5.1193e-03	9.9488e-01	4.2915e-02	9.5709e-01	2.0909e-08	2.1280e-16	4.3099e-04	4.4066e-01	5.5875e-01	1.6177e-04	4.9554e-03	8.3203e-01	1.6302e-01	1.1755e-36	1.1755e-36	1.1755e-36	1.0774e-24	0.00e+00	0.00e+00	2.4655e+00
3.73971e+15	8.2963e+03	2.912e-15	3.5938e+04	3.8695e+04	8.6874e-15	5.7435e-03	9.9426e-01	5.0411e-02	9.4959e-01	1.4162e-08	2.9634e-16	4.8558e-04	4.7840e-01	5.2098e-01	1.3323e-04	5.7522e-03	8.5580e-01	1.3844e-01	1.1755e-36	1.1755e-36	1.1755e-36	1.5480e-24	0.00e+00	0.00e+00	2.6814e+00
3.89798e+15	8.3497e+03	2.957e-15	3.5938e+04	3.8642e+04	1.0682e-14	6.4394e-03	9.9356e-01	5.9579e-02	9.4042e-01	1.0053e-08	4.1466e-16	5.4262e-04	5.1739e-01	4.8196e-01	1.0852e-04	6.6475e-03	8.7719e-01	1.1616e-01	1.1755e-36	1.1755e-36	1.1755e-36	2.2703e-24	0.00e+00	0.00e+00	2.9019e+00
4.04418e+15	8.3810e+03	3.010e-15	3.5938e+04	3.8571e+04	1.3363e-14	7.2587e-03	9.9274e-01	7.1323e-02	9.2868e-01	7.3301e-09	5.8229e-16	6.0482e-04	5.5896e-01	4.4035e-01	8.6308e-05	7.7021e-03	8.9664e-01	9.5658e-02	1.1755e-36	1.1755e-36	1.1755e-36	3.3332e-24	0.00e+00	0.00e+00	3.1351e+00
4.18056e+15	8.4305e+03	3.063e-15	3.5938e+04	3.8497e+04	1.6916e-14	8.2132e-03	9.9179e-01	8.6814e-02	9.1319e-01	5.4833e-09	8.3325e-16	6.7180e-04	6.0273e-01	3.9653e-01	6.6907e-05	8.9340e-03	9.1408e-01	7.6983e-02	1.1755e-36	1.1755e-36	1.1755e-36	5.0847e-24	0.00e+00	0.00e+00	3.3795e+00
4.29546e+15	8.4618e+03	3.119e-15	3.5938e+04	3.8405e+04	2.1174e-14	9.2383e-03	9.9076e-01	1.0562e-01	8.9438e-01	4.3019e-09	1.1544e-15	7.3638e-04	6.4441e-01	3.5480e-01	5.1607e-05	1.0254e-02	9.2805e-01	6.1697e-02	1.1755e-36	1.1755e-36	1.1755e-36	7.4333e-24	0.00e+00	0.00e+00	3.5863e+00
4.38634e+15	8.4903e+03	3.164e-15	3.5938e+04	3.8304e+04	2.5795e-14	1.0236e-02	9.8976e-01	1.2647e-01	8.7353e-01	3.5204e-09	1.5318e-15	7.9294e-04	6.8056e-01	3.1861e-01	4.0362e-05	1.1537e-02	9.3840e-01	5.0060e-02	1.1755e-36	1.1755e-36	1.1755e-36	1.0370e-23	0.00e+00	0.00e+00	3.7794e+00
4.46703e+15	8.5133e+03	3.208e-15	3.5938e+04	3.8211e+04	3.1630e-14	1.1302e-02	9.8870e-01	1.5202e-01	8.4798e-01	2.9210e-09	2.0320e-15	8.4692e-04	7.1473e-01	2.8439e-01	3.1246e-05	1.2906e-02	9.4681e-01	4.0284e-02	1.1755e-36	1.1755e-36	1.1755e-36	1.4626e-23	0.00e+00	0.00e+00	3.9800e+00
4.54300e+15	8.5323e+03	3.247e-15	3.5938e+04	3.8054e+04	3.8293e-14	1.2508e-02	9.8749e-01	1.8465e-01	8.1535e-01	2.4126e-09	2.6447e-15	9.0085e-04	7.4829e-01	2.5079e-01	2.3602e-05	1.4449e-02	9.5384e-01	3.1706e-02	1.1755e-36	1.1755e-36	1.1755e-36	1.9822e-23	0.00e+00	0.00e+00	4.1893e+00
4.61290e+15	8.5569e+03	3.286e-15	3.5938e+04	3.7915e+04	4.7380e-14	1.3837e-02	9.8616e-01	2.2695e-01	7.7305e-01	1.9982e-09	3.5312e-15	9.5174e-04	7.8009e-01	2.1894e-01	1.7454e-05	1.6144e-02	9.5945e-01	2.4410e-02	1.1755e-36	1.1755e-36	1.1755e-36	2.8352e-23	0.00e+00	0.00e+00	4.3968e+00
4.67444e+15	8.5659e+03	3.315e-15	3.5938e+04	3.7683e+04	5.6471e-14	1.5240e-02	9.8476e-01	2.7775e-01	7.2225e-01	1.6365e-09	4.4690e-15	9.9648e-04	8.0819e-01	1.9080e-01	1.2816e-05	1.7927e-02	9.6349e-01	1.8582e-02	1.1755e-36	1.1755e-36	1.1755e-36	3.6727e-23	0.00e+00	0.00e+00	4.5939e+00
4.72813e+15	8.5790e+03	3.341e-15	3.5938e+04	3.7487e+04	6.8787e-14	1.6696e-02	9.8330e-01	3.3833e-01	6.6167e-01	1.3413e-09	5.7971e-15	1.0359e-03	8.3235e-01	1.6660e-01	9.3892e-06	1.9767e-02	9.6621e-01	1.4018e-02	1.1755e-36	1.1755e-36	1.1755e-36	5.0483e-23	0.00e+00	0.00e+00	4.7848e+00
4.77622e+15	8.5838e+03	3.358e-15	3.5938e+04	3.7240e+04	8.2591e-14	1.8220e-02	9.8178e-01	4.0884e-01	5.9116e-01	1.0798e-09	7.3632e-15	1.0685e-03	8.5290e-01	1.4602e-01	6.8523e-06	2.1686e-02	9.6787e-01	1.0443e-02	1.1755e-36	1.1755e-36	1.1755e-36	6.6769e-23	0.00e+00	0.00e+00	4.9742e+00
4.82070e+15	8.5897e+03	3.366e-15	3.5938e+04	3.6947e+04	9.8999e-14	1.9847e-02	9.8015e-01	4.8955e-01	5.1045e-01	8.4410e-10	9.3389e-15	1.0953e-03	8.7031e-01	1.2859e-01	4.9612e-06	2.3725e-02	9.6864e-01	7.6298e-03	1.1755e-36	1.1755e-36	1.1755e-36	8.8028e-23	0.00e+00	0.00e+00	5.1685e+00
4.86326e+15	8.5882e+03	3.369e-15	3.5938e+04	3.6622e+04	1.1973e-13	2.1665e-02	9.7834e-01	5.7972e-01	4.2028e-01	6.2982e-10	1.1924e-14	1.1178e-03	8.8510e-01	1.1377e-01	3.5348e-06	2.5993e-02	9.6859e-01	5.4209e-03	1.1755e-36	1.1755e-36	1.1755e-36	1.1678e-22	0.00e+00	0.00e+00	5.3749e+00
4.90517e+15	8.5850e+03	3.368e-15	3.5938e+04	3.6261e+04	1.4648e-13	2.3753e-02	9.7625e-01	6.7496e-01	3.2504e-01	4.4152e-10	1.5389e-14	1.1361e-03	8.9749e-01	1.0137e-01	2.4666e-06	2.8585e-02	9.6770e-01	3.7190e-03	1.1755e-36	1.1755e-36	1.1755e-36	1.5727e-22	0.00e+00	0.00e+00	5.6005e+00
4.94521e+15	8.5799e+03	3.367e-15	3.5938e+04	3.5894e+04	1.7984e-13	2.6092e-02	9.7391e-01	7.6270e-01	2.3730e-01	2.9378e-10	1.9794e-14	1.1500e-03	9.0723e-01	9.1622e-02	1.7153e-06	3.1475e-02	9.6602e-01	2.5066e-03	1.1755e-36	1.1755e-36	1.1755e-36	2.1219e-22	0.00e+00	0.00e+00	5.8268e+00
4.98916e+15	8.5662e+03	3.374e-15	3.5938e+04	3.5528e+04	2.3109e-13	2.9224e-02	9.7078e-01	8.4346e-01	1.5654e-01	1.7478e-10	2.6475e-14	1.1638e-03	9.1599e-01	8.2848e-02	1.1174e-06	3.5331e-02	9.6309e-01	1.5756e-03	1.1755e-36	1.1755e-36	1.1755e-36	3.0529e-22	0.00e+00	0.00e+00	6.1562e+00
5.04629e+15	8.5479e+03	3.402e-15	3.5938e+04	3.5140e+04	3.2991e-13	3.4384e-02	9.6562e-01	9.1547e-01	8.4529e-02	8.3158e-11	3.9149e-14	1.1806e-03	9.2509e-01	7.3724e-02	6.2235e-07	4.1657e-02	9.5751e-01	8.3506e-04	1.1755e-36	1.1755e-36	1.1755e-36	5.1468e-22	0.00e+00	0.00e+00	6.6602e+00
5.10984e+15	8.5347e+03	3.457e-15	3.5938e+04	3.4728e+04	5.1179e-13	4.2265e-02	9.5774e-01	9.5974e-01	4.0258e-02	3.4858e-11	6.2049e-14	1.1961e-03	9.3361e-01	6.5191e-02	3.1307e-07	5.1280e-02	9.4832e-01	3.9539e-04	1.1755e-36	1.1755e-36	1.1755e-36	9.8667e-22	0.00e+00	0.00e+00	7.2597e+00
5.16815e+15	8.5129e+03	3.511e-15	3.5938e+04	3.4216e+04	7.9505e-13	5.2814e-02	9.4719e-01	9.7960e-01	2.0402e-02	1.5836e-11	9.6173e-14	1.2044e-03	9.4106e-01	5.7736e-02	1.5858e-07	6.4111e-02	9.3570e-01	1.9271e-04	1.1755e-36	1.1755e-36	1.1755e-36	1.8323e-21	0.00e+00	0.00e+00	7.9082e+00
5.21684e+15	8.4868e+03	3.560e-15	3.5938e+04	3.3793e+04	1.3276e-12	6.6052e-02	9.3395e-01	9.8821e-01	1.1788e-02	8.4091e-12	1.6013e-13	1.2124e-03	9.4775e-01	5.1033e-02	1.1755e-36	8.0128e-02	9.1977e-01	1.0239e-04	1.1755e-36	1.1755e-36	1.1755e-36	3.9871e-21	0.00e+00	0.00e+00	8.5566e+00
5.25141e+15	8.4623e+03	3.569e-15	3.5938e+04	3.3230e+04	1.9309e-12	7.9212e-02	9.2079e-01	9.9185e-01	8.1465e-03	5.5307e-12	2.2933e-13	1.2082e-03	9.5266e-01	4.6130e-02	1.1755e-36	9.5965e-02	9.0397e-01	6.4217e-05	1.1755e-36	1.1755e-36	1.1755e-36	6.7473e-21	0.00e+00	0.00e+00	9.0219e+00
5.27410e+15	8.4360e+03	3.565e-15	3.5938e+04	3.2833e+04	2.6605e-12	9.0731e-02	9.0927e-01	9.9359e-01	6.4052e-03	4.2080e-12	3.1228e-13	1.2052e-03	9.5619e-01	4.2602e-02	1.1755e-36	1.0975e-01	8.9020e-01	4.6294e-05	1.1755e-36	1.1755e-36	1.1755e-36	1.0853e-20	0.00e+00	0.00e+00	9.4232e+00
5.29651e+15	8.4003e+03	3.536e-15	3.5938e+04	3.2292e+04	3.6686e-12	1.0497e-01	8.9503e-01	9.9499e-01	5.0105e-03	3.1875e-12	4.2171e-13	1.1968e-03	9.5980e-01	3.9000e-02	1.1755e-36	1.2670e-01	8.7327e-01	3.2634e-05	1.1755e-36	1.1755e-36	1.1755e-36	1.6983e-20	0.00e+00	0.00e+00	1.0027e+01
5.32129e+15	8.3622e+03	3.471e-15	3.5938e+04	3.1502e+04	5.4910e-12	1.2467e-01	8.7533e-01	9.9615e-01	3.8536e-03	2.3867e-12	6.1526e-13	1.1801e-03	9.6380e-01	3.5020e-02	1.1755e-36	1.4998e-01	8.5000e-01	2.1894e-05	1.1755e-36	1.1755e-36	1.1755e-36	3.0264e-20	0.00e+00	0.00e+00	1.0712e+01
5.34308e+15	8.2973e+03	3.388e-15	3.5938e+04	3.0665e+04	8.3175e-12	1.4806e-01	8.5194e-01	9.9691e-01	3.0852e-03	1.8734e-12	8.9631e-13	1.1611e-03	9.6760e-01	3.1235e-02	1.1755e-36	1.7735e-01	8.2263e-01	1.5013e-05	1.1755e-36	1.1755e-36	1.1755e-36	5.3752e-20	0.00e+00	0.00e+00	1.1362e+01
5.36050e+15	8.2383e+03	3.283e-15	3.5938e+04	2.9805e+04	1.2060e-11	1.7230e-01	8.2770e-01	9.9741e-01	2.5940e-03	1.5597e-12	1.2514e-12	1.1386e-03	9.7078e-01	2.8086e-02	1.1755e-36	2.0540e-01	7.9459e-01	1.0834e-05	1.1755e-36	1.1755e-36	1.1755e-36	8.9690e-20	0.00e+00	0.00e+00	1.1967e+01
5.37532e+15	8.1727e+03	3.159e-15	3.5938e+04	2.8898e+04	1.7144e-11	1.9815e-01	8.0185e-01	9.9776e-01	2.2393e-03	1.3411e-12	1.7045e-12	1.1129e-03	9.7356e-01	2.5326e-02	1.1755e-36	2.3497e-01	7.6502e-01	8.0222e-06	1.1755e-36	1.1755e-36	1.1755e-36	1.4420e-19	0.00e+00	0.00e+00	1.2605e+01
5.38950e+15	8.0972e+03	2.998e-15	3.5938e+04	2.7781e+04	2.4757e-11	2.2811e-01	7.7189e-01	9.9805e-01	1.9480e-03	1.1714e-12	2.3331e-12	1.0790e-03	9.7622e-01	2.2698e-02	1.1755e-36	2.6882e-01	7.3117e-01	5.9018e-06	1.1755e-36	1.1755e-36	1.1755e-36	2.3403e-19	0.00e+00	0.00e+00	1.3339e+01
5.40362e+15	8.0007e+03	2.797e-15	3.5938e+04	2.6463e+04	3.7051e-11	2.6473e-01	7.3527e-01	9.9830e-01	1.7038e-03	1.0362e-12	3.2607e-12	1.0375e-03	9.7892e-01	2.0047e-02	1.1755e-36	3.0957e-01	6.9042e-01	4.2488e-06	1.1755e-36	1.1755e-36	1.1755e-36	3.9285e-19	0.00e+00	0.00e+00	1.4184e+01
5.41630e+15	7.8923e+03	2.576e-15	3.5938e+04	2.5037e+04	5.5365e-11	3.0436e-01	6.9564e-01	9.9848e-01	1.5250e-03	9.4633e-13	4.5027e-12	9.9064e-04	9.8133e-01	1.7675e-02	1.1755e-36	3.5291e-01	6.4709e-01	3.1052e-06	1.1755e-36	1.1755e-36	1.1755e-36	6.5027e-19	0.00e+00	0.00e+00	1.4963e+01
5.42591e+15	7.7920e+03	2.380e-15	3.5938e+04	2.3777e+04	7.6773e-11	3.3935e-01	6.6065e-01	9.9859e-01	1.4114e-03	8.9647e-13	5.7914e-12	9.4806e-04	9.8316e-01	1.5891e-02	1.1755e-36	3.9055e-01	6.0945e-01	2.4143e-06	1.1755e-36	1.1755e-36	1.1755e-36	9.6331e-19	0.00e+00	0.00e+00	1.5574e+01
5.43287e+15	7.7045e+03	2.224e-15	3.5938e+04	2.2773e+04	9.8800e-11	3.6773e-01	6.3227e-01	9.9866e-01	1.3397e-03	8.6889e-13	6.9782e-12	9.1346e-04	9.8448e-01	1.4609e-02	1.1755e-36	4.2063e-01	5.7937e-01	1.9925e-06	1.1755e-36	1.1755e-36	1.1755e-36	1.2887e-18	0.00e+00	0.00e+00	1.6073e+01
5.43858e+15	7.6235e+03	2.087e-15	3.5938e+04	2.1888e+04	1.2276e-10	3.9314e-01	6.0686e-01	9.9872e-01	1.2847e-03	8.5003e-13	8.1530e-12	8.8271e-04	9.8555e-01	1.3565e-02	1.1755e-36	4.4724e-01	5.5276e-01	1.6882e-06	1.1755e-36	1.1755e-36	1.1755e-36	1.6432e-18	0.00e+00	0.00e+00	1.6558e+01
5.44398e+15	7.5408e+03	1.949e-15	3.5938e+04	2.0979e+04	1.5179e-10	4.1860e-01	5.8140e-01	9.9876e-01	1.2361e-03	8.3682e-13	9.4416e-12	8.5077e-04	9.8654e-01	1.2606e-02	1.1755e-36	4.7361e-01	5.2639e-01	1.4358e-06	1.1755e-36	1.1755e-36	1.1755e-36	2.0668e-18	0.00e+00	0.00e+00	1.7069e+01
5.44915e+15	7.4591e+03	1.811e-15	3.5938e+04	2.0029e+04	1.8602e-10	4.4351e-01	5.5649e-01	9.9880e-01	1.1971e-03	8.3286e-13	1.0793e-11	8.1656e-04	9.8744e-01	1.1739e-02	1.1755e-36	4.9912e-01	5.0088e-01	1.2286e-06	1.1755e-36	1.1755e-36	1.1755e-36	2.5454e-18	0.00e+00	0.00e+00	1.7568e+01
5.45372e+15	7.3708e+03	1.689e-15	3.5938e+04	1.9189e+04	2.2563e-10	4.6693e-01	5.3307e-01	9.9883e-01	1.1652e-03	8.3088e-13	1.2183e-11	7.8638e-04	9.8824e-01	1.0969e-02	1.1755e-36	5.2285e-01	4.7715e-01	1.0661e-06	1.1755e-36	1.1755e-36	1.1755e-36	3.0742e-18	0.00e+00	0.00e+00	1.8011e+01
5.45772e+15	7.2858e+03	1.581e-15	3.5938e+04	1.8425e+04	2.6920e-10	4.8839e-01	5.1161e-01	9.9886e-01	1.1400e-03	8.3229e-13	1.3552e-11	7.5868e-04	9.8894e-01	1.0305e-02	1.1755e-36	5.4438e-01	4.5562e-01	9.3783e-07	1.1755e-36	1.1755e-36	1.1755e-36	3.6287e-18	0.00e+00	0.00e+00	1.8435e+01
5.46148e+15	7.2030e+03	1.478e-15	3.5938e+04	1.7682e+04	3.1862e-10	5.0902e-01	4.9098e-01	9.9888e-01	1.1189e-03	8.3722e-13	1.4948e-11	7.3155e-04	9.8957e-01	9.6991e-03	1.1755e-36	5.6488e-01	4.3512e-01	8.2944e-07	1.1755e-36	1.1755e-36	1.1755e-36	4.2277e-18	0.00e+00	0.00e+00	1.8860e+01
5.46508e+15	7.1220e+03	1.379e-15	3.5938e+04	1.6953e+04	3.7497e-10	5.2904e-01	4.7096e-01	9.9890e-01	1.1011e-03	8.4555e-13	1.6381e-11	7.0474e-04	9.9016e-01	9.1380e-03	1.1755e-36	5.8460e-01	4.1540e-01	7.3625e-07	1.1755e-36	1.1755e-36	1.1755e-36	4.8748e-18	0.00e+00	0.00e+00	1.9282e+01
5.46797e+15	7.0484e+03	1.305e-15	3.5938e+04	1.6395e+04	4.2924e-10	5.4511e-01	4.5489e-01	9.9891e-01	1.0884e-03	8.5272e-13	1.7608e-11	6.8417e-04	9.9062e-01	8.6971e-03	1.1755e-36	6.0031e-01	3.9969e-01	6.7023e-07	1.1755e-36	1.1755e-36	1.1755e-36	5.4548e-18	0.00e+00	0.00e+00	1.9564e+01
5.47002e+15	6.9994e+03	1.250e-15	3.5938e+04	1.5971e+04	4.7149e-10	5.5642e-01	4.4358e-01	9.9892e-01	1.0807e-03	8.6096e-13	1.8484e-11	6.6840e-04	9.9093e-01	8.3994e-03	1.1755e-36	6.1129e-01	3.8871e-01	6.2650e-07	1.1755e-36	1.1755e-36	1.1755e-36	5.8811e-18	0.00e+00	0.00e+00	1.9793e+01
5.47195e+15	6.9469e+03	1.198e-15	3.5938e+04	1.5564e+04	5.1892e-10	5.6774e-01	4.3226e-01	9.9893e-01	1.0730e-03	8.6862e-13	1.9399e-11	6.5321e-04	9.9124e-01	8.1108e-03	1.1755e-36	6.2224e-01	3.7776e-01	5.8565e-07	1.1755e-36	1.1755e-36	1.1755e-36	6.3389e-18	0.00e+00	0.00e+00	2.0055e+01
5.47409e+15	6.8781e+03	1.141e-15	3.5938e+04	1.5119e+04	5.8275e-10	5.8082e-01	4.1918e-01	9.9894e-01	1.0639e-03	8.7592e-13	2.0517e-11	6.3675e-04	9.9158e-01	7.7850e-03	1.1755e-36	6.3482e-01	3.6518e-01	5.4237e-07	1.1755e-36	1.1755e-36	1.1755e-36	6.9147e-18	0.00e+00	0.00e+00	2.0354e+01
5.47631e+15	6.8172e+03	1.084e-15	3.5938e+04	1.4653e+04	6.5040e-10	5.9363e-01	4.0637e-01	9.9894e-01	1.0573e-03	8.8797e-13	2.1620e-11	6.1915e-04	9.9191e-01	7.4722e-03	1.1755e-36	6.4707e-01	3.5293e-01	5.0210e-07	1.1755e-36	1.1755e-36	1.1755e-36	7.4993e-18	0.00e+00	0.00e+00	2.0646e+01
5.47845e+15	6.7541e+03	1.029e-15	3.5938e+04	1.4201e+04	7.2588e-10	6.0609e-01	3.9391e-01	9.9895e-01	1.0515e-03	9.0076e-13	2.2727e-11	6.0205e-04	9.9222e-01	7.1753e-03	1.1755e-36	6.5892e-01	3.4108e-01	4.6570e-07	1.1755e-36	1.1755e-36	1.1755e-36	8.1004e-18	0.00e+00	0.00e+00	2.0936e+01
5.48055e+15	6.6887e+03	9.764e-16	3.5938e+04	1.3757e+04	8.1098e-10	6.1835e-01	3.8165e-01	9.9895e-01	1.0464e-03	9.1450e-13	2.3850e-11	5.8521e-04	9.9253e-01	6.8897e-03	1.1755e-36	6.7052e-01	3.2948e-01	4.3228e-07	1.1755e-36	1.1755e-36	1.1755e-36	8.7256e-18	0.00e+00	0.00e+00	2.1229e+01
5.48263e+15	6.6242e+03	9.254e-16	3.5938e+04	1.3320e+04	9.0534e-10	6.3048e-01	3.6952e-01	9.9896e-01	1.0420e-03	9.2955e-13	2.4997e-11	5.6854e-04	9.9282e-01	6.6131e-03	1.1755e-36	6.8192e-01	3.1808e-01	4.0126e-07	1.1755e-36	1.1755e-36	1.1755e-36	9.3823e-18	0.00e+00	0.00e+00	2.1525e+01
5.48469e+15	6.5523e+03	8.760e-16	3.5938e+04	1.2882e+04	1.0169e-09	6.4252e-01	3.5748e-01	9.9896e-01	1.0381e-03	9.4570e-13	2.6163e-11	5.5174e-04	9.9310e-01	6.3447e-03	1.1755e-36	6.9319e-01	3.0681e-01	3.7258e-07	1.1755e-36	1.1755e-36	1.1755e-36	1.0060e-17	0.00e+00	0.00e+00	2.1825e+01
5.48673e+15	6.4802e+03	8.288e-16	3.5938e+04	1.2460e+04	1.1426e-09	6.5450e-01	3.4550e-01	9.9897e-01	1.0345e-03	9.6207e-13	2.7376e-11	5.3570e-04	9.9338e-01	6.0821e-03	1.1755e-36	7.0435e-01	2.9565e-01	3.4582e-07	1.1755e-36	1.1755e-36	1.1755e-36	1.0788e-17	0.00e+00	0.00e+00	2.2125e+01
5.48873e+15	6.4111e+03	7.834e-16	3.5938e+04	1.2044e+04	1.2791e-09	6.6598e-01	3.3402e-01	9.9897e-01	1.0323e-03	9.8102e-13	2.8551e-11	5.1963e-04	9.9365e-01	5.8351e-03	1.1755e-36	7.1498e-01	2.8502e-01	3.2151e-07	1.1755e-36	1.1755e-36	1.1755e-36	1.1508e-17	0.00e+00	0.00e+00	2.2424e+01
5.49071e+15	6.3404e+03	7.399e-16	3.5938e+04	1.1637e+04	1.4344e-09	6.7734e-01	3.2266e-01	9.9897e-01	1.0304e-03	1.0008e-12	2.9752e-11	5.0387e-04	9.9390e-01	5.5953e-03	1.1755e-36	7.2545e-01	2.7455e-01	2.9888e-07	1.1755e-36	1.1755e-36	1.1755e-36	1.2263e-17	0.00e+00	0.00e+00	2.2729e+01
5.49269e+15	6.2714e+03	6.975e-16	3.5938e+04	1.1224e+04	1.6050e-09	6.8827e-01	3.1173e-01	9.9897e-01	1.0302e-03	1.0246e-12	3.0893e-11	4.8770e-04	9.9414e-01	5.3681e-03	1.1755e-36	7.3548e-01	2.6452e-01	2.7810e-07	1.1755e-36	1.1755e-36	1.1755e-36	1.2985e-17	0.00e+00	0.00e+00	2.3037e+01
5.49468e+15	6.1913e+03	6.568e-16	3.5938e+04	1.0828e+04	1.8190e-09	6.9970e-01	3.0030e-01	9.9897e-01	1.0284e-03	1.0458e-12	3.2191e-11	4.7234e-04	9.9439e-01	5.1360e-03	1.1755e-36	7.4590e-01	2.5410e-01	2.5806e-07	1.1755e-36	1.1755e-36	1.1755e-36	1.3842e-17	0.00e+00	0.00e+00	2.3356e+01
5.49664e+15	6.1154e+03	6.181e-16	3.5938e+04	1.0431e+04	2.0500e-09	7.1032e-01	2.8968e-01	9.9897e-01	1.0292e-03	1.0719e-12	3.3360e-11	4.5674e-04	9.9462e-01	4.9223e-03	1.1755e-36	7.5556e-01	2.4444e-01	2.4015e-07	1.1755e-36	1.1755e-36	1.1755e-36	1.4615e-17	0.00e+00	0.00e+00	2.3664e+01
5.49856e+15	6.0383e+03	5.815e-16	3.5938e+04	1.0052e+04	2.3144e-09	7.2080e-01	2.7920e-01	9.9897e-01	1.0297e-03	1.0978e-12	3.4576e-11	4.4186e-04	9.9484e-01	4.7154e-03	1.1755e-36	7.6503e-01	2.3497e-01	2.2350e-07	1.1755e-36	1.1755e-36	1.1755e-36	1.5448e-17	0.00e+00	0.00e+00	2.3978e+01
5.50048e+15	5.9580e+03	5.465e-16	3.5938e+04	9.6794e+03	2.6232e-09	7.3114e-01	2.6886e-01	9.9897e-01	1.0306e-03	1.1251e-12	3.5808e-11	4.2717e-04	9.9506e-01	4.5144e-03	1.1755e-36	7.7435e-01	2.2565e-01	2.0794e-07	1.1755e-36	1.1755e-36	1.1755e-36	1.6314e-17	0.00e+00	0.00e+00	2.4296e+01
5.50238e+15	5.8759e+03	5.132e-16	3.5938e+04	9.3159e+03	2.9802e-09	7.4123e-01	2.5877e-01	9.9897e-01	1.0318e-03	1.1538e-12	3.7050e-11	4.1280e-04	9.9527e-01	4.3213e-03	1.1755e-36	7.8340e-01	2.1660e-01	1.9354e-07	1.1755e-36	1.1755e-36	1.1755e-36	1.7213e-17	0.00e+00	0.00e+00	2.4614e+01
5.50426e+15	5.7892e+03	4.818e-16	3.5938e+04	8.9681e+03	3.4065e-09	7.5125e-01	2.4875e-01	9.9897e-01	1.0325e-03	1.1815e-12	3.8367e-11	3.9913e-04	9.9547e-01	4.1337e-03	1.1755e-36	7.9232e-01	2.0768e-01	1.8013e-07	1.1755e-36	1.1755e-36	1.1755e-36	1.8211e-17	0.00e+00	0.00e+00	2.4932e+01
5.50609e+15	5.7102e+03	4.523e-16	3.5938e+04	8.6255e+03	3.8580e-09	7.6043e-01	2.3957e-01	9.9896e-01	1.0355e-03	1.2147e-12	3.9533e-11	3.8538e-04	9.9565e-01	3.9618e-03	1.1755e-36	8.0050e-01	1.9950e-01	1.6812e-07	1.1755e-36	1.1755e-36	1.1755e-36	1.9110e-17	0.00e+00	0.00e+00	2.5245e+01
5.50791e+15	5.6220e+03	4.245e-16	3.5938e+04	8.3015e+03	4.4230e-09	7.6982e-01	2.3018e-01	9.9896e-01	1.0368e-03	1.2445e-12	4.0877e-11	3.7257e-04	9.9584e-01	3.7915e-03	1.1755e-36	8.0879e-01	1.9121e-01	1.5672e-07	1.1755e-36	1.1755e-36	1.1755e-36	2.0215e-17	0.00e+00	0.00e+00	2.5563e+01
5.50972e+15	5.5364e+03	3.981e-16	3.5938e+04	7.9814e+03	5.0578e-09	7.7871e-01	2.2129e-01	9.9896e-01	1.0396e-03	1.2783e-12	4.2161e-11	3.5976e-04	9.9601e-01	3.6310e-03	1.1755e-36	8.1663e-01	1.8337e-01	1.4627e-07	1.1755e-36	1.1755e-36	1.1755e-36	2.1312e-17	0.00e+00	0.00e+00	2.5879e+01
5.51151e+15	5.4496e+03	3.732e-16	3.5938e+04	7.6712e+03	5.7978e-09	7.8736e-01	2.1264e-01	9.9896e-01	1.0426e-03	1.3134e-12	4.3487e-11	3.4731e-04	9.9618e-01	3.4773e-03	1.1755e-36	8.2422e-01	1.7578e-01	1.3655e-07	1.1755e-36	1.1755e-36	1.1755e-36	2.2511e-17	0.00e+00	0.00e+00	2.6198e+01
5.51328e+15	5.3616e+03	3.496e-16	3.5938e+04	7.3700e+03	6.6634e-09	7.9574e-01	2.0426e-01	9.9895e-01	1.0459e-03	1.3500e-12	4.4865e-11	3.3520e-04	9.9633e-01	3.3302e-03	1.1755e-36	8.3156e-01	1.6844e-01	1.2753e-07	1.1755e-36	1.1755e-36	1.1755e-36	2.3834e-17	0.00e+00	0.00e+00	2.6517e+01
5.51503e+15	5.2731e+03	3.277e-16	3.5938e+04	7.0804e+03	7.6692e-09	8.0378e-01	1.9622e-01	9.9895e-01	1.0495e-03	1.3878e-12	4.6298e-11	3.2352e-04	9.9649e-01	3.1908e-03	1.1755e-36	8.3858e-01	1.6142e-01	1.1923e-07	1.1755e-36	1.1755e-36	1.1755e-36	2.5303e-17	0.00e+00	0.00e+00	2.6832e+01
5.51674e+15	5.1847e+03	3.072e-16	3.5938e+04	6.8038e+03	8.8323e-09	8.1148e-01	1.8852e-01	9.9895e-01	1.0533e-03	1.4264e-12	4.7810e-11	3.1235e-04	9.9663e-01	3.0595e-03	1.1755e-36	8.4527e-01	1.5473e-01	1.1162e-07	1.1755e-36	1.1755e-36	1.1755e-36	2.6965e-17	0.00e+00	0.00e+00	2.7144e+01
5.51842e+15	5.0961e+03	2.882e-16	3.5938e+04	6.5387e+03	1.0183e-08	8.1886e-01	1.8114e-01	9.9894e-01	1.0573e-03	1.4660e-12	4.9428e-11	3.0163e-04	9.9676e-01	2.9353e-03	1.1755e-36	8.5167e-01	1.4833e-01	1.0460e-07	1.1755e-36	1.1755e-36	1.1755e-36	2.8875e-17	0.00e+00	0.00e+00	2.7453e+01
5.51987e+15	5.0200e+03	2.730e-16	3.5938e+04	6.3201e+03	1.1510e-08	8.2489e-01	1.7511e-01	9.9894e-01	1.0611e-03	1.5011e-12	5.0906e-11	2.9277e-04	9.9687e-01	2.8335e-03	1.1755e-36	8.5688e-01	1.4312e-01	9.9077e-08	1.1755e-36	1.1755e-36	1.1755e-36	3.0740e-17	0.00e+00	0.00e+00	2.7688e+01
5.52105e+15	4.9591e+03	2.611e-16	3.5938e+04	6.1413e+03	1.2691e-08	8.2959e-01	1.7041e-01	9.9893e-01	1.0652e-03	1.5333e-12	5.2087e-11	2.8546e-04	9.9697e-01	2.7491e-03	1.1755e-36	8.6094e-01	1.3906e-01	9.4826e-08	1.1755e-36	1.1755e-36	1.1755e-36	3.2226e-17	0.00e+00	0.00e+00	2.7892e+01
5.52217e+15	4.8910e+03	2.497e-16	3.5938e+04	5.9739e+03	1.4136e-08	8.3451e-01	1.6549e-01	9.9893e-01	1.0672e-03	1.5598e-12	5.3525e-11	2.7877e-04	9.9706e-01	2.6612e-03	1.1755e-36	8.6515e-01	1.3485e-01	9.0644e-08	1.1755e-36	1.1755e-36	1.1755e-36	3.4087e-17	0.00e+00	0.00e+00	2.8114e+01
5.52333e+15	4.8247e+03	2.386e-16	3.5938e+04	5.8041e+03	1.5713e-08	8.3922e-01	1.6078e-01	9.9893e-01	1.0704e-03	1.5904e-12	5.4937e-11	2.7191e-04	9.9715e-01	2.5760e-03	1.1755e-36	8.6920e-01	1.3080e-01	8.6662e-08	1.1755e-36	1.1755e-36	1.1755e-36	3.6013e-17	0.00e+00	0.00e+00	2.8331e+01
5.52447e+15	4.7580e+03	2.280e-16	3.5938e+04	5.6394e+03	1.7472e-08	8.4380e-01	1.5620e-01	9.9893e-01	1.0736e-03	1.6214e-12	5.6409e-11	2.6525e-04	9.9724e-01	2.4936e-03	1.1755e-36	8.7313e-01	1.2687e-01	8.2881e-08	1.1755e-36	1.1755e-36	1.1755e-36	3.8133e-17	0.00e+00	0.00e+00	2.8550e+01
5.52561e+15	4.6908e+03	2.178e-16	3.5938e+04	5.4786e+03	1.9441e-08	8.4828e-01	1.5172e-01	9.9892e-01	1.0769e-03	1.6530e-12	5.7951e-11	2.5875e-04	9.9733e-01	2.4136e-03	1.1755e-36	8.7696e-01	1.2304e-01	7.9284e-08	1.1755e-36	1.1755e-36	1.1755e-36	4.0481e-17	0.00e+00	0.00e+00	2.8767e+01
5.52673e+15	4.6235e+03	2.082e-16	3.5938e+04	5.3224e+03	2.1626e-08	8.5263e-01	1.4737e-01	9.9892e-01	1.0802e-03	1.6850e-12	5.9558e-11	2.5245e-04	9.9741e-01	2.3362e-03	1.1755e-36	8.8067e-01	1.1933e-01	7.5872e-08	1.1755e-36	1.1755e-36	1.1755e-36	4.3064e-17	0.00e+00	0.00e+00	2.8984e+01
5.52784e+15	4.5559e+03	1.990e-16	3.5938e+04	5.1708e+03	2.4042e-08	8.5685e-01	1.4315e-01	9.9892e-01	1.0835e-03	1.7174e-12	6.1229e-11	2.4633e-04	9.9749e-01	2.2614e-03	1.1755e-36	8.8427e-01	1.1573e-01	7.2638e-08	1.1755e-36	1.1755e-36	1.1755e-36	4.5900e-17	0.00e+00	0.00e+00	2.9199e+01
5.52895e+15	4.4880e+03	1.902e-16	3.5938e+04	5.0231e+03	2.6713e-08	8.6096e-01	1.3904e-01	9.9891e-01	1.0869e-03	1.7502e-12	6.2969e-11	2.4038e-04	9.9757e-01	2.1890e-03	1.1755e-36	8.8776e-01	1.1224e-01	6.9557e-08	1.1755e-36	1.1755e-36	1.1755e-36	4.9015e-17	0.00e+00	0.00e+00	2.9414e+01
5.53005e+15	4.4193e+03	1.818e-16	3.5938e+04	4.8784e+03	2.9668e-08	8.6498e-01	1.3502e-01	9.9891e-01	1.0903e-03	1.7838e-12	6.4780e-11	2.3456e-04	9.9765e-01	2.1185e-03	1.1755e-36	8.9118e-01	1.0882e-01	6.6611e-08	1.1755e-36	1.1755e-36	1.1755e-36	5.2436e-17	0.00e+00	0.00e+00	2.9630e+01
5.53115e+15	4.3496e+03	1.737e-16	3.5938e+04	4.7364e+03	3.2929e-08	8.6894e-01	1.3106e-01	9.9891e-01	1.0938e-03	1.8179e-12	6.6668e-11	2.2887e-04	9.9772e-01	2.0495e-03	1.1755e-36	8.9454e-01	1.0546e-01	6.3774e-08	1.1755e-36	1.1755e-36	1.1755e-36	5.6191e-17	0.00e+00	0.00e+00	2.9848e+01
5.53226e+15	4.2784e+03	1.658e-16	3.5938e+04	4.5961e+03	3.6518e-08	8.7285e-01	1.2715e-01	9.9890e-01	1.0973e-03	1.8530e-12	6.8625e-11	2.2325e-04	9.9780e-01	1.9816e-03	1.1755e-36	8.9785e-01	1.0215e-01	6.1032e-08	1.1755e-36	1.1755e-36	1.1755e-36	6.0285e-17	0.00e+00	0.00e+00	3.0069e+01
5.53339e+15	4.2051e+03	1.582e-16	3.5938e+04	4.4564e+03	4.0465e-08	8.7674e-01	1.2326e-01	9.9890e-01	1.1009e-03	1.8894e-12	7.0638e-11	2.1768e-04	9.9787e-01	1.9146e-03	1.1755e-36	9.0113e-01	9.8868e-02	5.8367e-08	1.1755e-36	1.1755e-36	1.1755e-36	6.4715e-17	0.00e+00	0.00e+00	3.0294e+01
5.53454e+15	4.1263e+03	1.507e-16	3.5938e+04	4.3143e+03	4.4932e-08	8.8063e-01	1.1937e-01	9.9890e-01	1.1047e-03	1.9276e-12	7.2716e-11	2.1207e-04	9.9794e-01	1.8480e-03	1.1755e-36	9.0442e-01	9.5580e-02	5.5769e-08	1.1755e-36	1.1755e-36	1.1755e-36	6.9538e-17	0.00e+00	0.00e+00	3.0527e+01
5.53570e+15	4.0483e+03	1.434e-16	3.5938e+04	4.1758e+03	4.9543e-08	8.8448e-01	1.1552e-01	9.9889e-01	1.1085e-03	1.9666e-12	7.4732e-11	2.0659e-04	9.9801e-01	1.7822e-03	1.1755e-36	9.0767e-01	9.2332e-02	5.3240e-08	1.1755e-36	1.1755e-36	1.1755e-36	7.4416e-17	0.00e+00	0.00e+00	3.0762e+01
5.53692e+15	3.9693e+03	1.361e-16	3.5938e+04	4.0321e+03	5.4257e-08	8.8833e-01	1.1167e-01	9.9889e-01	1.1135e-03	2.0122e-12	7.6563e-11	2.0085e-04	9.9808e-01	1.7167e-03	1.1755e-36	9.1090e-01	8.9100e-02	5.0741e-08	1.1755e-36	1.1755e-36	1.1755e-36	7.9048e-17	0.00e+00	0.00e+00	3.1016e+01
###########################
1.52075e+11	8.5434e+03	3.496e-15	3.5938e+04	3.8951e+04	1.6379e-15	2.3013e-03	9.9770e-01	1.2424e-02	9.8500e-01	2.5754e-03	1.6321e-17	1.2890e-04	1.8893e-01	8.1000e-01	9.4201e-04	1.2168e-03	5.0940e-01	4.8900e-01	3.8834e-04	1.1755e-36	1.1755e-36	1.0369e-25	0.00e+00	0.00e+00	1.5882e-04
9.12450e+11	8.5419e+03	3.495e-15	3.5938e+04	3.8947e+04	1.6325e-15	2.3004e-03	9.9770e-01	1.2423e-02	9.8500e-01	2.5737e-03	1.6238e-17	1.2915e-04	1.8892e-01	8.1001e-01	9.4322e-04	1.2161e-03	5.0927e-01	4.8912e-01	3.8702e-04	1.1755e-36	1.1755e-36	1.0271e-25	0.00e+00	0.00e+00	7.9386e-04
3.95395e+12	8.5386e+03	3.492e-15	3.5938e+04	3.8945e+04	1.6011e-15	2.2991e-03	9.9770e-01	1.2427e-02	9.8502e-01	2.5579e-03	1.5900e-17	1.2900e-04	1.8896e-01	8.0997e-01	9.4070e-04	1.2157e-03	5.0933e-01	4.8907e-01	3.8149e-04	1.1755e-36	1.1755e-36	9.8437e-26	0.00e+00	0.00e+00	3.3325e-03
1.61199e+13	8.5288e+03	3.481e-15	3.5938e+04	3.8945e+04	1.5971e-15	2.2971e-03	9.9770e-01	1.2452e-02	9.8507e-01	2.4736e-03	1.5852e-17	1.2904e-04	1.8928e-01	8.0966e-01	9.3203e-04	1.2167e-03	5.0992e-01	4.8850e-01	3.5982e-04	1.1755e-36	1.1755e-36	9.7457e-26	0.00e+00	0.00e+00	1.3479e-02
3.85054e+13	8.5028e+03	3.441e-15	3.5938e+04	3.8945e+04	1.5665e-15	2.2719e-03	9.9773e-01	1.2431e-02	9.8514e-01	2.4277e-03	1.5338e-17	1.2791e-04	1.8916e-01	8.0979e-01	9.2580e-04	1.2042e-03	5.0978e-01	4.8869e-01	3.3252e-04	1.1755e-36	1.1755e-36	9.2340e-26	0.00e+00	0.00e+00	2.6523e-02
6.76064e+13	8.4718e+03	3.400e-15	3.5938e+04	3.8946e+04	1.5501e-15	2.2501e-03	9.9775e-01	1.2431e-02	9.8528e-01	2.2937e-03	1.4973e-17	1.2732e-04	1.8931e-01	8.0965e-01	9.1258e-04	1.1954e-03	5.1029e-01	4.8822e-01	2.9821e-04	1.1755e-36	1.1755e-36	8.8562e-26	0.00e+00	0.00e+00	4.3319e-02
1.05438e+14	8.4372e+03	3.355e-15	3.5938e+04	3.8946e+04	1.5411e-15	2.2300e-03	9.9777e-01	1.2450e-02	9.8547e-01	2.0762e-03	1.4695e-17	1.2701e-04	1.8968e-01	8.0930e-01	8.9269e-04	1.1896e-03	5.1148e-01	4.8707e-01	2.5739e-04	1.1755e-36	1.1755e-36	8.5466e-26	0.00e+00	0.00e+00	6.4959e-02
1.54619e+14	8.3948e+03	3.305e-15	3.5938e+04	3.8946e+04	1.5380e-15	2.2123e-03	9.9779e-01	1.2496e-02	9.8573e-01	1.7785e-03	1.4469e-17	1.2703e-04	1.9040e-01	8.0861e-01	8.6552e-04	1.1879e-03	5.1364e-01	4.8496e-01	2.1121e-04	1.1755e-36	1.1755e-36	8.2469e-26	0.00e+00	0.00e+00	9.2867e-02
2.18554e+14	8.3529e+03	3.248e-15	3.5938e+04	3.8945e+04	1.5354e-15	2.1964e-03	9.9780e-01	1.2568e-02	9.8601e-01	1.4191e-03	1.4305e-17	1.2738e-04	1.9146e-01	8.0758e-01	8.3225e-04	1.1905e-03	5.1693e-01	4.8172e-01	1.6234e-04	1.1755e-36	1.1755e-36	7.9765e-26	0.00e+00	0.00e+00	1.2889e-01
3.01669e+14	8.3037e+03	3.187e-15	3.5938e+04	3.8944e+04	1.5438e-15	2.1853e-03	9.9781e-01	1.2689e-02	9.8628e-01	1.0327e-03	1.4272e-17	1.2832e-04	1.9313e-01	8.0595e-01	7.9330e-04	1.2002e-03	5.2182e-01	4.7686e-01	1.1457e-04	1.1755e-36	1.1755e-36	7.7692e-26	0.00e+00	0.00e+00	1.7548e-01
4.09719e+14	8.2532e+03	3.119e-15	3.5938e+04	3.8942e+04	1.5592e-15	2.1808e-03	9.9782e-01	1.2872e-02	9.8646e-01	6.6952e-04	1.4388e-17	1.3005e-04	1.9560e-01	8.0352e-01	7.5095e-04	1.2190e-03	5.2864e-01	4.7007e-01	7.2523e-05	1.1755e-36	1.1755e-36	7.6238e-26	0.00e+00	0.00e+00	2.3592e-01
5.50185e+14	8.1987e+03	3.047e-15	3.5938e+04	3.8940e+04	1.5908e-15	2.1879e-03	9.9781e-01	1.3154e-02	9.8647e-01	3.7603e-04	1.4761e-17	1.3300e-04	1.9928e-01	7.9988e-01	7.0618e-04	1.2516e-03	5.3797e-01	4.6074e-01	4.0017e-05	1.1755e-36	1.1755e-36	7.5918e-26	0.00e+00	0.00e+00	3.1475e-01
7.32790e+14	8.1456e+03	2.973e-15	3.5938e+04	3.8938e+04	1.6438e-15	2.2129e-03	9.9779e-01	1.3581e-02	9.8624e-01	1.7744e-04	1.5541e-17	1.3781e-04	2.0472e-01	7.9449e-01	6.5910e-04	1.3045e-03	5.5057e-01	4.4811e-01	1.8637e-05	1.1755e-36	1.1755e-36	7.7422e-26	0.00e+00	0.00e+00	4.1840e-01
9.70176e+14	8.0957e+03	2.899e-15	3.5938e+04	3.8933e+04	1.7353e-15	2.2674e-03	9.9773e-01	1.4244e-02	9.8569e-01	6.7973e-05	1.7045e-17	1.4557e-04	2.1286e-01	7.8638e-01	6.0729e-04	1.3898e-03	5.6773e-01	4.3087e-01	7.0845e-06	1.1755e-36	1.1755e-36	8.2213e-26	0.00e+00	0.00e+00	5.5647e-01
1.27878e+15	8.0562e+03	2.830e-15	3.5938e+04	3.8927e+04	1.8920e-15	2.3706e-03	9.9763e-01	1.5302e-02	9.8468e-01	2.0426e-05	1.9923e-17	1.5821e-04	2.2532e-01	7.7397e-01	5.4700e-04	1.5290e-03	5.9152e-01	4.0695e-01	2.1551e-06	1.1755e-36	1.1755e-36	9.3273e-26	0.00e+00	0.00e+00	7.4413e-01
1.67996e+15	8.0278e+03	2.774e-15	3.5938e+04	3.8910e+04	2.1879e-15	2.5613e-03	9.9744e-01	1.7065e-02	9.8293e-01	4.6865e-06	2.5838e-17	1.7969e-04	2.4512e-01	7.5422e-01	4.7330e-04	1.7673e-03	6.2531e-01	3.7293e-01	5.5255e-07	1.1755e-36	1.1755e-36	1.1837e-25	0.00e+00	0.00e+00	1.0077e+00
2.08853e+15	8.0185e+03	2.733e-15	3.5938e+04	3.8894e+04	2.5521e-15	2.7977e-03	9.9720e-01	1.9298e-02	9.8070e-01	1.1072e-06	3.4152e-17	2.0583e-04	2.6850e-01	7.3089e-01	4.0540e-04	2.0633e-03	6.6086e-01	3.3708e-01	1.9030e-07	1.1755e-36	1.1755e-36	1.5412e-25	0.00e+00	0.00e+00	1.2385e+00
2.40726e+15	8.0381e+03	2.726e-15	3.5938e+04	3.8876e+04	2.9710e-15	3.0580e-03	9.9694e-01	2.1705e-02	9.7829e-01	4.0868e-07	4.5142e-17	2.3333e-04	2.9176e-01	7.0765e-01	3.5309e-04	2.3817e-03	6.9199e-01	3.0563e-01	1.1755e-36	1.1755e-36	1.1755e-36	2.0475e-25	0.00e+00	0.00e+00	1.4286e+00
2.66606e+15	8.0687e+03	2.736e-15	3.5938e+04	3.8859e+04	3.4649e-15	3.3408e-03	9.9666e-01	2.4340e-02	9.7566e-01	1.9500e-07	5.9685e-17	2.6239e-04	3.1526e-01	6.8416e-01	3.0981e-04	2.7267e-03	7.2010e-01	2.7718e-01	1.1755e-36	1.1755e-36	1.1755e-36	2.7520e-25	0.00e+00	0.00e+00	1.6134e+00
2.90887e+15	8.1076e+03	2.755e-15	3.5938e+04	3.8836e+04	4.0989e-15	3.6757e-03	9.9632e-01	2.7539e-02	9.7246e-01	1.0146e-07	8.0676e-17	2.9632e-04	3.4162e-01	6.5781e-01	2.6906e-04	3.1390e-03	7.4841e-01	2.4845e-01	1.1755e-36	1.1755e-36	1.1755e-36	3.8115e-25	0.00e+00	0.00e+00	1.8151e+00
3.14647e+15	8.1519e+03	2.783e-15	3.5938e+04	3.8806e+04	5.0295e-15	4.0868e-03	9.9591e-01	3.1623e-02	9.6838e-01	5.5544e-08	1.1412e-16	3.3691e-04	3.7219e-01	6.2724e-01	2.2953e-04	3.6509e-03	7.7759e-01	2.1876e-01	1.1755e-36	1.1755e-36	1.1755e-36	5.6594e-25	0.00e+00	0.00e+00	2.0315e+00
3.36784e+15	8.2009e+03	2.820e-15	3.5938e+04	3.8774e+04	6.2442e-15	4.5720e-03	9.9543e-01	3.6746e-02	9.6325e-01	3.2720e-08	1.6374e-16	3.8351e-04	4.0618e-01	5.9325e-01	1.9308e-04	4.2617e-03	8.0601e-01	1.8973e-01	1.1755e-36	1.1755e-36	1.1755e-36	8.5715e-25	0.00e+00	0.00e+00	2.2488e+00
3.56419e+15	8.2575e+03	2.861e-15	3.5938e+04	3.8746e+04	7.7436e-15	5.1143e-03	9.9489e-01	4.2928e-02	9.5707e-01	2.0924e-08	2.3419e-16	4.3316e-04	4.4181e-01	5.5760e-01	1.6120e-04	4.9514e-03	8.3205e-01	1.6300e-01	1.1755e-36	1.1755e-36	1.1755e-36	1.3013e-24	0.00e+00	0.00e+00	2.4614e+00
3.73829e+15	8.2943e+03	2.906e-15	3.5938e+04	3.8696e+04	9.7103e-15	5.7319e-03	9.9427e-01	5.0359e-02	9.4964e-01	1.4207e-08	3.3344e-16	4.8844e-04	4.7940e-01	5.1998e-01	1.3294e-04	5.7404e-03	8.5567e-01	1.3859e-01	1.1755e-36	1.1755e-36	1.1755e-36	1.9606e-24	0.00e+00	0.00e+00	2.6760e+00
3.89648e+15	8.3475e+03	2.953e-15	3.5938e+04	3.8653e+04	1.2094e-14	6.4241e-03	9.9358e-01	5.9581e-02	9.4042e-01	1.0091e-08	4.7312e-16	5.4549e-04	5.1846e-01	4.8089e-01	1.0826e-04	6.6312e-03	8.7706e-01	1.1631e-01	1.1755e-36	1.1755e-36	1.1755e-36	2.9583e-24	0.00e+00	0.00e+00	2.8968e+00
4.04325e+15	8.3797e+03	3.005e-15	3.5938e+04	3.8580e+04	1.5395e-14	7.2461e-03	9.9275e-01	7.1383e-02	9.2862e-01	7.3525e-09	6.7751e-16	6.1034e-04	5.6049e-01	4.3882e-01	8.5951e-05	7.6895e-03	8.9660e-01	9.5710e-02	1.1755e-36	1.1755e-36	1.1755e-36	4.5089e-24	0.00e+00	0.00e+00	3.1304e+00
4.17980e+15	8.4292e+03	3.058e-15	3.5938e+04	3.8514e+04	1.9588e-14	8.1981e-03	9.9180e-01	8.6996e-02	9.1300e-01	5.5024e-09	9.7532e-16	6.7752e-04	6.0451e-01	3.9475e-01	6.6551e-05	8.9185e-03	9.1409e-01	7.6994e-02	1.1755e-36	1.1755e-36	1.1755e-36	6.9583e-24	0.00e+00	0.00e+00	3.3741e+00
4.29523e+15	8.4570e+03	3.112e-15	3.5938e+04	3.8396e+04	2.4838e-14	9.2284e-03	9.9077e-01	1.0567e-01	8.9433e-01	4.2973e-09	1.3669e-15	7.4448e-04	6.4653e-01	3.5268e-01	5.1209e-05	1.0245e-02	9.2811e-01	6.1647e-02	1.1755e-36	1.1755e-36	1.1755e-36	1.0393e-23	0.00e+00	0.00e+00	3.5833e+00
4.38726e+15	8.4762e+03	3.161e-15	3.5938e+04	3.8301e+04	3.0795e-14	1.0250e-02	9.8975e-01	1.2696e-01	8.7304e-01	3.5055e-09	1.8413e-15	8.0382e-04	6.8341e-01	3.1574e-01	3.9818e-05	1.1558e-02	9.3858e-01	4.9861e-02	1.1755e-36	1.1755e-36	1.1755e-36	1.4863e-23	0.00e+00	0.00e+00	3.7791e+00
4.46810e+15	8.5126e+03	3.202e-15	3.5938e+04	3.8207e+04	3.7337e-14	1.1311e-02	9.8869e-01	1.5264e-01	8.4736e-01	2.9124e-09	2.4296e-15	8.5823e-04	7.1767e-01	2.8144e-01	3.0796e-05	1.2921e-02	9.4699e-01	4.0085e-02	1.1755e-36	1.1755e-36	1.1755e-36	2.0778e-23	0.00e+00	0.00e+00	3.9780e+00
4.54344e+15	8.5208e+03	3.243e-15	3.5938e+04	3.8051e+04	4.6134e-14	1.2522e-02	9.8748e-01	1.8534e-01	8.1466e-01	2.4061e-09	3.2139e-15	9.1396e-04	7.5123e-01	2.4784e-01	2.3226e-05	1.4470e-02	9.5395e-01	3.1576e-02	1.1755e-36	1.1755e-36	1.1755e-36	2.9068e-23	0.00e+00	0.00e+00	4.1859e+00
4.61282e+15	8.5510e+03	3.280e-15	3.5938e+04	3.7913e+04	5.6296e-14	1.3840e-02	9.8616e-01	2.2748e-01	7.7252e-01	1.9959e-09	4.2385e-15	9.6510e-04	7.8287e-01	2.1615e-01	1.7180e-05	1.6151e-02	9.5951e-01	2.4339e-02	1.1755e-36	1.1755e-36	1.1755e-36	4.0642e-23	0.00e+00	0.00e+00	4.3920e+00
4.67413e+15	8.5604e+03	3.309e-15	3.5938e+04	3.7681e+04	6.8772e-14	1.5240e-02	9.8476e-01	2.7823e-01	7.2177e-01	1.6352e-09	5.5074e-15	1.0114e-03	8.1092e-01	1.8805e-01	1.2597e-05	1.7930e-02	9.6353e-01	1.8538e-02	1.1755e-36	1.1755e-36	1.1755e-36	5.5564e-23	0.00e+00	0.00e+00	4.5891e+00
4.72789e+15	8.5692e+03	3.335e-15	3.5938e+04	3.7485e+04	8.3365e-14	1.6708e-02	9.8329e-01	3.3913e-01	6.6087e-01	1.3388e-09	7.0942e-15	1.0517e-03	8.3520e-01	1.6374e-01	9.1945e-06	1.9786e-02	9.6624e-01	1.3972e-02	1.1755e-36	1.1755e-36	1.1755e-36	7.5182e-23	0.00e+00	0.00e+00	4.7807e+00
4.77600e+15	8.5754e+03	3.352e-15	3.5938e+04	3.7236e+04	1.0025e-13	1.8237e-02	9.8176e-01	4.0988e-01	5.9012e-01	1.0773e-09	9.0325e-15	1.0852e-03	8.5576e-01	1.4315e-01	6.6900e-06	2.1711e-02	9.6789e-01	1.0400e-02	1.1755e-36	1.1755e-36	1.1755e-36	9.9898e-23	0.00e+00	0.00e+00	4.9698e+00
4.82034e+15	8.5812e+03	3.360e-15	3.5938e+04	3.6943e+04	1.2014e-13	1.9866e-02	9.8013e-01	4.9056e-01	5.0944e-01	8.4216e-10	1.1451e-14	1.1127e-03	8.7312e-01	1.2576e-01	4.8329e-06	2.3753e-02	9.6865e-01	7.6002e-03	1.1755e-36	1.1755e-36	1.1755e-36	1.3162e-22	0.00e+00	0.00e+00	5.1635e+00
4.86277e+15	8.5801e+03	3.363e-15	3.5938e+04	3.6618e+04	1.4512e-13	2.1686e-02	9.7831e-01	5.8057e-01	4.1943e-01	6.2850e-10	1.4604e-14	1.1357e-03	8.8785e-01	1.1101e-01	3.4358e-06	2.6022e-02	9.6858e-01	5.4021e-03	1.1755e-36	1.1755e-36	1.1755e-36	1.7426e-22	0.00e+00	0.00e+00	5.3696e+00
4.90464e+15	8.5762e+03	3.362e-15	3.5938e+04	3.6257e+04	1.7726e-13	2.3784e-02	9.7622e-01	6.7575e-01	3.2425e-01	4.4041e-10	1.8808e-14	1.1546e-03	9.0019e-01	9.8651e-02	2.3904e-06	2.8626e-02	9.6767e-01	3.7055e-03	1.1755e-36	1.1755e-36	1.1755e-36	2.3365e-22	0.00e+00	0.00e+00	5.5956e+00
4.94472e+15	8.5711e+03	3.362e-15	3.5938e+04	3.5890e+04	2.1735e-13	2.6138e-02	9.7386e-01	7.6353e-01	2.3647e-01	2.9270e-10	2.4162e-14	1.1689e-03	9.0988e-01	8.8949e-02	1.6568e-06	3.1535e-02	9.6597e-01	2.4951e-03	1.1755e-36	1.1755e-36	1.1755e-36	3.1432e-22	0.00e+00	0.00e+00	5.8227e+00
4.98877e+15	8.5577e+03	3.368e-15	3.5938e+04	3.5523e+04	2.7844e-13	2.9298e-02	9.7070e-01	8.4428e-01	1.5572e-01	1.7380e-10	3.2214e-14	1.1833e-03	9.1859e-01	8.0221e-02	1.0749e-06	3.5425e-02	9.6301e-01	1.5657e-03	1.1755e-36	1.1755e-36	1.1755e-36	4.4901e-22	0.00e+00	0.00e+00	6.1538e+00
5.04603e+15	8.5394e+03	3.397e-15	3.5938e+04	3.5134e+04	3.9535e-13	3.4512e-02	9.6549e-01	9.1611e-01	8.3890e-02	8.2483e-11	4.7348e-14	1.2006e-03	9.2761e-01	7.1188e-02	5.9566e-07	4.1818e-02	9.5735e-01	8.2776e-04	1.1755e-36	1.1755e-36	1.1755e-36	7.4717e-22	0.00e+00	0.00e+00	6.6607e+00
5.10957e+15	8.5264e+03	3.453e-15	3.5938e+04	3.4721e+04	6.1060e-13	4.2472e-02	9.5753e-01	9.6007e-01	3.9925e-02	3.4557e-11	7.4663e-14	1.2166e-03	9.3595e-01	6.2834e-02	2.9873e-07	5.1537e-02	9.4807e-01	3.9142e-04	1.1755e-36	1.1755e-36	1.1755e-36	1.4172e-21	0.00e+00	0.00e+00	7.2617e+00
5.16758e+15	8.5060e+03	3.506e-15	3.5938e+04	3.4206e+04	9.7672e-13	5.3082e-02	9.4692e-01	9.7970e-01	2.0298e-02	1.5764e-11	1.1941e-13	1.2259e-03	9.4316e-01	5.5613e-02	1.5147e-07	6.4440e-02	9.3537e-01	1.9122e-04	1.1755e-36	1.1755e-36	1.1755e-36	2.8059e-21	0.00e+00	0.00e+00	7.9081e+00
5.21585e+15	8.4794e+03	3.556e-15	3.5938e+04	3.3783e+04	1.5685e-12	6.6352e-02	9.3365e-01	9.8822e-01	1.1782e-02	8.4164e-12	1.9062e-13	1.2337e-03	9.4961e-01	4.9157e-02	1.1755e-36	8.0494e-02	9.1940e-01	1.0202e-04	1.1755e-36	1.1755e-36	1.1755e-36	5.6142e-21	0.00e+00	0.00e+00	8.5535e+00
5.25014e+15	8.4554e+03	3.564e-15	3.5938e+04	3.3219e+04	2.3149e-12	7.9520e-02	9.2048e-01	9.9184e-01	8.1628e-03	5.5525e-12	2.7730e-13	1.2298e-03	9.5430e-01	4.4469e-02	1.1755e-36	9.6339e-02	9.0360e-01	6.4170e-05	1.1755e-36	1.1755e-36	1.1755e-36	9.8176e-21	0.00e+00	0.00e+00	9.0176e+00
5.27272e+15	8.4293e+03	3.560e-15	3.5938e+04	3.2821e+04	3.1182e-12	9.1079e-02	9.0892e-01	9.9358e-01	6.4242e-03	4.2295e-12	3.6859e-13	1.2269e-03	9.5770e-01	4.1072e-02	1.1755e-36	1.1017e-01	8.8978e-01	4.6293e-05	1.1755e-36	1.1755e-36	1.1755e-36	1.5046e-20	0.00e+00	0.00e+00	9.4194e+00
5.29508e+15	8.3935e+03	3.531e-15	3.5938e+04	3.2277e+04	4.3236e-12	1.0542e-01	8.9458e-01	9.9497e-01	5.0262e-03	3.2049e-12	5.0056e-13	1.2185e-03	9.6122e-01	3.7560e-02	1.1755e-36	1.2724e-01	8.7273e-01	3.2626e-05	1.1755e-36	1.1755e-36	1.1755e-36	2.3805e-20	0.00e+00	0.00e+00	1.0024e+01
5.31975e+15	8.3557e+03	3.465e-15	3.5938e+04	3.1483e+04	6.3652e-12	1.2521e-01	8.7479e-01	9.9613e-01	3.8691e-03	2.4028e-12	7.1749e-13	1.2015e-03	9.6508e-01	3.3715e-02	1.1755e-36	1.5062e-01	8.4935e-01	2.1899e-05	1.1755e-36	1.1755e-36	1.1755e-36	4.0943e-20	0.00e+00	0.00e+00	1.0708e+01
5.34141e+15	8.2912e+03	3.382e-15	3.5938e+04	3.0643e+04	9.5161e-12	1.4867e-01	8.5133e-01	9.9690e-01	3.1015e-03	1.8891e-12	1.0308e-12	1.1821e-03	9.6874e-01	3.0079e-02	1.1755e-36	1.7806e-01	8.2193e-01	1.5034e-05	1.1755e-36	1.1755e-36	1.1755e-36	7.0756e-20	0.00e+00	0.00e+00	1.1357e+01
5.35873e+15	8.2325e+03	3.277e-15	3.5938e+04	2.9782e+04	1.3634e-11	1.7296e-01	8.2704e-01	9.9739e-01	2.6100e-03	1.5746e-12	1.4210e-12	1.1593e-03	9.7179e-01	2.7053e-02	1.1755e-36	2.0616e-01	7.9383e-01	1.0857e-05	1.1755e-36	1.1755e-36	1.1755e-36	1.1514e-19	0.00e+00	0.00e+00	1.1962e+01
5.37350e+15	8.1670e+03	3.152e-15	3.5938e+04	2.8871e+04	1.9198e-11	1.9891e-01	8.0109e-01	9.9775e-01	2.2541e-03	1.3548e-12	1.9156e-12	1.1332e-03	9.7448e-01	2.4389e-02	1.1755e-36	2.3584e-01	7.6415e-01	8.0402e-06	1.1755e-36	1.1755e-36	1.1755e-36	1.8134e-19	0.00e+00	0.00e+00	1.2600e+01
5.38764e+15	8.0913e+03	2.990e-15	3.5938e+04	2.7749e+04	2.7404e-11	2.2901e-01	7.7099e-01	9.9804e-01	1.9617e-03	1.1842e-12	2.5892e-12	1.0985e-03	9.7705e-01	2.1848e-02	1.1755e-36	2.6984e-01	7.3015e-01	5.9138e-06	1.1755e-36	1.1755e-36	1.1755e-36	2.8693e-19	0.00e+00	0.00e+00	1.3335e+01
5.40171e+15	7.9947e+03	2.789e-15	3.5938e+04	2.6426e+04	4.0534e-11	2.6575e-01	7.3425e-01	9.9828e-01	1.7169e-03	1.0485e-12	3.5728e-12	1.0560e-03	9.7966e-01	1.9288e-02	1.1755e-36	3.1070e-01	6.8929e-01	4.2584e-06	1.1755e-36	1.1755e-36	1.1755e-36	4.6956e-19	0.00e+00	0.00e+00	1.4178e+01
5.41429e+15	7.8867e+03	2.569e-15	3.5938e+04	2.5002e+04	5.9468e-11	3.0531e-01	6.9469e-01	9.9846e-01	1.5382e-03	9.5869e-13	4.8391e-12	1.0084e-03	9.8197e-01	1.7019e-02	1.1755e-36	3.5395e-01	6.4605e-01	3.1168e-06	1.1755e-36	1.1755e-36	1.1755e-36	7.4824e-19	0.00e+00	0.00e+00	1.4953e+01
5.42381e+15	7.7871e+03	2.375e-15	3.5938e+04	2.3751e+04	8.1389e-11	3.4009e-01	6.5991e-01	9.9858e-01	1.4248e-03	9.0893e-13	6.1415e-12	9.6535e-04	9.8371e-01	1.5322e-02	1.1755e-36	3.9134e-01	6.0866e-01	2.4282e-06	1.1755e-36	1.1755e-36	1.1755e-36	1.0802e-18	0.00e+00	0.00e+00	1.5559e+01
5.43071e+15	7.7001e+03	2.220e-15	3.5938e+04	2.2751e+04	1.0393e-10	3.6834e-01	6.3166e-01	9.9865e-01	1.3530e-03	8.8129e-13	7.3417e-12	9.3046e-04	9.8497e-01	1.4097e-02	1.1755e-36	4.2127e-01	5.7873e-01	2.0060e-06	1.1755e-36	1.1755e-36	1.1755e-36	1.4232e-18	0.00e+00	0.00e+00	1.6057e+01
5.43641e+15	7.6192e+03	2.082e-15	3.5938e+04	2.1867e+04	1.2857e-10	3.9374e-01	6.0626e-01	9.9870e-01	1.2976e-03	8.6231e-13	8.5374e-12	8.9906e-04	9.8601e-01	1.3091e-02	1.1755e-36	4.4788e-01	5.5212e-01	1.6999e-06	1.1755e-36	1.1755e-36	1.1755e-36	1.7978e-18	0.00e+00	0.00e+00	1.6542e+01
5.44180e+15	7.5363e+03	1.944e-15	3.5938e+04	2.0956e+04	1.5837e-10	4.1924e-01	5.8076e-01	9.9875e-01	1.2486e-03	8.4904e-13	9.8450e-12	8.6642e-04	9.8697e-01	1.2164e-02	1.1755e-36	4.7427e-01	5.2573e-01	1.4456e-06	1.1755e-36	1.1755e-36	1.1755e-36	2.2423e-18	0.00e+00	0.00e+00	1.7052e+01
5.44696e+15	7.4547e+03	1.806e-15	3.5938e+04	2.0007e+04	1.9332e-10	4.4414e-01	5.5586e-01	9.9879e-01	1.2094e-03	8.4522e-13	1.1206e-11	8.3170e-04	9.8784e-01	1.1329e-02	1.1755e-36	4.9975e-01	5.0024e-01	1.2372e-06	1.1755e-36	1.1755e-36	1.1755e-36	2.7385e-18	0.00e+00	0.00e+00	1.7550e+01
5.45151e+15	7.3667e+03	1.686e-15	3.5938e+04	1.9168e+04	2.3371e-10	4.6749e-01	5.3251e-01	9.9882e-01	1.1774e-03	8.4332e-13	1.2607e-11	8.0108e-04	9.8861e-01	1.0591e-02	1.1755e-36	5.2342e-01	4.7658e-01	1.0741e-06	1.1755e-36	1.1755e-36	1.1755e-36	3.2861e-18	0.00e+00	0.00e+00	1.7992e+01
5.45550e+15	7.2818e+03	1.578e-15	3.5938e+04	1.8406e+04	2.7813e-10	4.8890e-01	5.1110e-01	9.9885e-01	1.1521e-03	8.4484e-13	1.3988e-11	7.7303e-04	9.8928e-01	9.9513e-03	1.1755e-36	5.4489e-01	4.5511e-01	9.4512e-07	1.1755e-36	1.1755e-36	1.1755e-36	3.8596e-18	0.00e+00	0.00e+00	1.8415e+01
5.45924e+15	7.1991e+03	1.475e-15	3.5938e+04	1.7664e+04	3.2855e-10	5.0951e-01	4.9049e-01	9.9887e-01	1.1308e-03	8.4991e-13	1.5396e-11	7.4543e-04	9.8989e-01	9.3670e-03	1.1755e-36	5.6537e-01	4.3463e-01	8.3598e-07	1.1755e-36	1.1755e-36	1.1755e-36	4.4779e-18	0.00e+00	0.00e+00	1.8840e+01
5.46284e+15	7.1182e+03	1.376e-15	3.5938e+04	1.6936e+04	3.8595e-10	5.2952e-01	4.7048e-01	9.9889e-01	1.1128e-03	8.5845e-13	1.6839e-11	7.1806e-04	9.9046e-01	8.8258e-03	1.1755e-36	5.8507e-01	4.1493e-01	7.4210e-07	1.1755e-36	1.1755e-36	1.1755e-36	5.1438e-18	0.00e+00	0.00e+00	1.9261e+01
5.46572e+15	7.0447e+03	1.302e-15	3.5938e+04	1.6379e+04	4.4125e-10	5.4555e-01	4.5445e-01	9.9890e-01	1.1001e-03	8.6571e-13	1.8077e-11	6.9717e-04	9.9090e-01	8.4054e-03	1.1755e-36	6.0074e-01	3.9925e-01	6.7568e-07	1.1755e-36	1.1755e-36	1.1755e-36	5.7418e-18	0.00e+00	0.00e+00	1.9543e+01
5.46777e+15	6.9952e+03	1.248e-15	3.5938e+04	1.5955e+04	4.8446e-10	5.5689e-01	4.4311e-01	9.9891e-01	1.0922e-03	8.7399e-13	1.8958e-11	6.8111e-04	9.9120e-01	8.1189e-03	1.1755e-36	6.1174e-01	3.8826e-01	6.3157e-07	1.1755e-36	1.1755e-36	1.1755e-36	6.1782e-18	0.00e+00	0.00e+00	1.9773e+01
5.46970e+15	6.9431e+03	1.195e-15	3.5938e+04	1.5547e+04	5.3257e-10	5.6820e-01	4.3180e-01	9.9892e-01	1.0845e-03	8.8192e-13	1.9880e-11	6.6561e-04	9.9150e-01	7.8391e-03	1.1755e-36	6.2269e-01	3.7731e-01	5.9036e-07	1.1755e-36	1.1755e-36	1.1755e-36	6.6479e-18	0.00e+00	0.00e+00	2.0035e+01
5.47184e+15	6.8743e+03	1.139e-15	3.5938e+04	1.5102e+04	5.9775e-10	5.8128e-01	4.1872e-01	9.9892e-01	1.0753e-03	8.8938e-13	2.1010e-11	6.4881e-04	9.9183e-01	7.5231e-03	1.1755e-36	6.3527e-01	3.6473e-01	5.4670e-07	1.1755e-36	1.1755e-36	1.1755e-36	7.2414e-18	0.00e+00	0.00e+00	2.0333e+01
5.47406e+15	6.8134e+03	1.081e-15	3.5938e+04	1.4636e+04	6.6658e-10	5.9409e-01	4.0591e-01	9.9893e-01	1.0686e-03	9.0167e-13	2.2118e-11	6.3087e-04	9.9215e-01	7.2212e-03	1.1755e-36	6.4751e-01	3.5249e-01	5.0612e-07	1.1755e-36	1.1755e-36	1.1755e-36	7.8387e-18	0.00e+00	0.00e+00	2.0625e+01
5.47620e+15	6.7504e+03	1.027e-15	3.5938e+04	1.4185e+04	7.4335e-10	6.0654e-01	3.9346e-01	9.9894e-01	1.0628e-03	9.1469e-13	2.3231e-11	6.1346e-04	9.9245e-01	6.9346e-03	1.1755e-36	6.5935e-01	3.4065e-01	4.6944e-07	1.1755e-36	1.1755e-36	1.1755e-36	8.4535e-18	0.00e+00	0.00e+00	2.0915e+01
5.47829e+15	6.6850e+03	9.741e-16	3.5938e+04	1.3741e+04	8.2998e-10	6.1880e-01	3.8120e-01	9.9894e-01	1.0576e-03	9.2867e-13	2.4360e-11	5.9631e-04	9.9275e-01	6.6586e-03	1.1755e-36	6.7094e-01	3.2906e-01	4.3574e-07	1.1755e-36	1.1755e-36	1.1755e-36	9.0924e-18	0.00e+00	0.00e+00	2.1208e+01
5.48037e+15	6.6204e+03	9.232e-16	3.5938e+04	1.3304e+04	9.2602e-10	6.3092e-01	3.6908e-01	9.9895e-01	1.0532e-03	9.4398e-13	2.5513e-11	5.7934e-04	9.9303e-01	6.3913e-03	1.1755e-36	6.8234e-01	3.1766e-01	4.0448e-07	1.1755e-36	1.1755e-36	1.1755e-36	9.7629e-18	0.00e+00	0.00e+00	2.1504e+01
5.48243e+15	6.5484e+03	8.740e-16	3.5938e+04	1.2866e+04	1.0396e-09	6.4296e-01	3.5704e-01	9.9895e-01	1.0493e-03	9.6040e-13	2.6683e-11	5.6233e-04	9.9331e-01	6.1319e-03	1.1755e-36	6.9360e-01	3.0640e-01	3.7557e-07	1.1755e-36	1.1755e-36	1.1755e-36	1.0452e-17	0.00e+00	0.00e+00	2.1803e+01
5.48446e+15	6.4766e+03	8.268e-16	3.5938e+04	1.2445e+04	1.1672e-09	6.5491e-01	3.4509e-01	9.9895e-01	1.0457e-03	9.7711e-13	2.7902e-11	5.4589e-04	9.9358e-01	5.8785e-03	1.1755e-36	7.0474e-01	2.9526e-01	3.4861e-07	1.1755e-36	1.1755e-36	1.1755e-36	1.1195e-17	0.00e+00	0.00e+00	2.2104e+01
5.48646e+15	6.4075e+03	7.816e-16	3.5938e+04	1.2029e+04	1.3060e-09	6.6639e-01	3.3361e-01	9.9896e-01	1.0435e-03	9.9637e-13	2.9083e-11	5.2953e-04	9.9383e-01	5.6398e-03	1.1755e-36	7.1537e-01	2.8463e-01	3.2410e-07	1.1755e-36	1.1755e-36	1.1755e-36	1.1929e-17	0.00e+00	0.00e+00	2.2403e+01
5.48844e+15	6.3367e+03	7.381e-16	3.5938e+04	1.1622e+04	1.4639e-09	6.7775e-01	3.2225e-01	9.9896e-01	1.0416e-03	1.0165e-12	3.0291e-11	5.1347e-04	9.9408e-01	5.4079e-03	1.1755e-36	7.2583e-01	2.7416e-01	3.0128e-07	1.1755e-36	1.1755e-36	1.1755e-36	1.2698e-17	0.00e+00	0.00e+00	2.2708e+01
5.49042e+15	6.2678e+03	6.958e-16	3.5938e+04	1.1209e+04	1.6372e-09	6.8868e-01	3.1132e-01	9.9896e-01	1.0414e-03	1.0407e-12	3.1431e-11	4.9704e-04	9.9431e-01	5.1884e-03	1.1755e-36	7.3585e-01	2.6415e-01	2.8033e-07	1.1755e-36	1.1755e-36	1.1755e-36	1.3429e-17	0.00e+00	0.00e+00	2.3016e+01
5.49241e+15	6.1877e+03	6.551e-16	3.5938e+04	1.0813e+04	1.8547e-09	7.0010e-01	2.9990e-01	9.9896e-01	1.0396e-03	1.0622e-12	3.2737e-11	4.8139e-04	9.9455e-01	4.9640e-03	1.1755e-36	7.4626e-01	2.5374e-01	2.6013e-07	1.1755e-36	1.1755e-36	1.1755e-36	1.4302e-17	0.00e+00	0.00e+00	2.3334e+01
5.49436e+15	6.1119e+03	6.165e-16	3.5938e+04	1.0417e+04	2.0891e-09	7.1070e-01	2.8930e-01	9.9896e-01	1.0404e-03	1.0888e-12	3.3907e-11	4.6551e-04	9.9478e-01	4.7578e-03	1.1755e-36	7.5590e-01	2.4410e-01	2.4209e-07	1.1755e-36	1.1755e-36	1.1755e-36	1.5085e-17	0.00e+00	0.00e+00	2.3642e+01
5.49628e+15	6.0348e+03	5.800e-16	3.5938e+04	1.0039e+04	2.3577e-09	7.2117e-01	2.7883e-01	9.9896e-01	1.0409e-03	1.1152e-12	3.5127e-11	4.5036e-04	9.9499e-01	4.5579e-03	1.1755e-36	7.6537e-01	2.3463e-01	2.2530e-07	1.1755e-36	1.1755e-36	1.1755e-36	1.5931e-17	0.00e+00	0.00e+00	2.3956e+01
5.49820e+15	5.9545e+03	5.450e-16	3.5938e+04	9.6660e+03	2.6714e-09	7.3150e-01	2.6850e-01	9.9896e-01	1.0418e-03	1.1430e-12	3.6365e-11	4.3538e-04	9.9520e-01	4.3637e-03	1.1755e-36	7.7468e-01	2.2532e-01	2.0961e-07	1.1755e-36	1.1755e-36	1.1755e-36	1.6812e-17	0.00e+00	0.00e+00	2.4274e+01
5.50010e+15	5.8726e+03	5.118e-16	3.5938e+04	9.3028e+03	3.0340e-09	7.4159e-01	2.5841e-01	9.9896e-01	1.0430e-03	1.1721e-12	3.7611e-11	4.2075e-04	9.9540e-01	4.1770e-03	1.1755e-36	7.8372e-01	2.1628e-01	1.9509e-07	1.1755e-36	1.1755e-36	1.1755e-36	1.7726e-17	0.00e+00	0.00e+00	2.4592e+01
5.50197e+15	5.7858e+03	4.805e-16	3.5938e+04	8.9555e+03	3.4675e-09	7.5160e-01	2.4840e-01	9.9896e-01	1.0437e-03	1.2002e-12	3.8937e-11	4.0680e-04	9.9560e-01	3.9958e-03	1.1755e-36	7.9263e-01	2.0737e-01	1.8157e-07	1.1755e-36	1.1755e-36	1.1755e-36	1.8744e-17	0.00e+00	0.00e+00	2.4910e+01
5.50381e+15	5.7070e+03	4.511e-16	3.5938e+04	8.6132e+03	3.9253e-09	7.6077e-01	2.3923e-01	9.9895e-01	1.0468e-03	1.2340e-12	4.0105e-11	3.9281e-04	9.9578e-01	3.8300e-03	1.1755e-36	8.0080e-01	1.9920e-01	1.6947e-07	1.1755e-36	1.1755e-36	1.1755e-36	1.9655e-17	0.00e+00	0.00e+00	2.5222e+01
5.50562e+15	5.6188e+03	4.233e-16	3.5938e+04	8.2899e+03	4.4993e-09	7.7015e-01	2.2985e-01	9.9895e-01	1.0481e-03	1.2642e-12	4.1460e-11	3.7975e-04	9.9595e-01	3.6654e-03	1.1755e-36	8.0908e-01	1.9092e-01	1.5798e-07	1.1755e-36	1.1755e-36	1.1755e-36	2.0784e-17	0.00e+00	0.00e+00	2.5540e+01
5.50743e+15	5.5333e+03	3.970e-16	3.5938e+04	7.9703e+03	5.1436e-09	7.7902e-01	2.2098e-01	9.9895e-01	1.0508e-03	1.2985e-12	4.2752e-11	3.6671e-04	9.9612e-01	3.5105e-03	1.1755e-36	8.1690e-01	1.8310e-01	1.4745e-07	1.1755e-36	1.1755e-36	1.1755e-36	2.1905e-17	0.00e+00	0.00e+00	2.5856e+01
5.50921e+15	5.4467e+03	3.722e-16	3.5938e+04	7.6606e+03	5.8946e-09	7.8765e-01	2.1235e-01	9.9895e-01	1.0539e-03	1.3342e-12	4.4089e-11	3.5403e-04	9.9628e-01	3.3621e-03	1.1755e-36	8.2448e-01	1.7552e-01	1.3766e-07	1.1755e-36	1.1755e-36	1.1755e-36	2.3130e-17	0.00e+00	0.00e+00	2.6174e+01
5.51099e+15	5.3588e+03	3.487e-16	3.5938e+04	7.3598e+03	6.7733e-09	7.9602e-01	2.0398e-01	9.9894e-01	1.0572e-03	1.3714e-12	4.5479e-11	3.4169e-04	9.9644e-01	3.2200e-03	1.1755e-36	8.3181e-01	1.6819e-01	1.2857e-07	1.1755e-36	1.1755e-36	1.1755e-36	2.4485e-17	0.00e+00	0.00e+00	2.6493e+01
5.51273e+15	5.2703e+03	3.268e-16	3.5938e+04	7.0705e+03	7.7945e-09	8.0406e-01	1.9594e-01	9.9894e-01	1.0609e-03	1.4098e-12	4.6929e-11	3.2980e-04	9.9658e-01	3.0855e-03	1.1755e-36	8.3882e-01	1.6118e-01	1.2021e-07	1.1755e-36	1.1755e-36	1.1755e-36	2.5993e-17	0.00e+00	0.00e+00	2.6808e+01
5.51444e+15	5.1821e+03	3.064e-16	3.5938e+04	6.7944e+03	8.9748e-09	8.1175e-01	1.8825e-01	9.9894e-01	1.0647e-03	1.4490e-12	4.8458e-11	3.1842e-04	9.9672e-01	2.9587e-03	1.1755e-36	8.4550e-01	1.5450e-01	1.1253e-07	1.1755e-36	1.1755e-36	1.1755e-36	2.7698e-17	0.00e+00	0.00e+00	2.7119e+01
5.51612e+15	5.0936e+03	2.874e-16	3.5938e+04	6.5297e+03	1.0345e-08	8.1912e-01	1.8088e-01	9.9893e-01	1.0687e-03	1.4892e-12	5.0096e-11	3.0750e-04	9.9685e-01	2.8388e-03	1.1755e-36	8.5189e-01	1.4811e-01	1.0546e-07	1.1755e-36	1.1755e-36	1.1755e-36	2.9659e-17	0.00e+00	0.00e+00	2.7428e+01
5.51757e+15	5.0176e+03	2.723e-16	3.5938e+04	6.3114e+03	1.1691e-08	8.2514e-01	1.7486e-01	9.9893e-01	1.0725e-03	1.5248e-12	5.1589e-11	2.9848e-04	9.9696e-01	2.7414e-03	1.1755e-36	8.5709e-01	1.4291e-01	9.9891e-08	1.1755e-36	1.1755e-36	1.1755e-36	3.1570e-17	0.00e+00	0.00e+00	2.7663e+01
5.51875e+15	4.9568e+03	2.603e-16	3.5938e+04	6.1325e+03	1.2887e-08	8.2983e-01	1.7017e-01	9.9892e-01	1.0767e-03	1.5576e-12	5.2780e-11	2.9102e-04	9.9705e-01	2.6597e-03	1.1755e-36	8.6114e-01	1.3886e-01	9.5600e-08	1.1755e-36	1.1755e-36	1.1755e-36	3.3086e-17	0.00e+00	0.00e+00	2.7868e+01
5.51988e+15	4.8884e+03	2.489e-16	3.5938e+04	5.9647e+03	1.4364e-08	8.3477e-01	1.6523e-01	9.9892e-01	1.0787e-03	1.5845e-12	5.4248e-11	2.8417e-04	9.9714e-01	2.5742e-03	1.1755e-36	8.6538e-01	1.3462e-01	9.1358e-08	1.1755e-36	1.1755e-36	1.1755e-36	3.5012e-17	0.00e+00	0.00e+00	2.8091e+01
5.52104e+15	4.8219e+03	2.378e-16	3.5938e+04	5.7947e+03	1.5969e-08	8.3948e-01	1.6052e-01	9.9892e-01	1.0819e-03	1.6157e-12	5.5678e-11	2.7716e-04	9.9723e-01	2.4917e-03	1.1755e-36	8.6942e-01	1.3058e-01	8.7340e-08	1.1755e-36	1.1755e-36	1.1755e-36	3.6992e-17	0.00e+00	0.00e+00	2.8308e+01
5.52218e+15	4.7554e+03	2.272e-16	3.5938e+04	5.6304e+03	1.7754e-08	8.4405e-01	1.5595e-01	9.9891e-01	1.0851e-03	1.6471e-12	5.7170e-11	2.7038e-04	9.9732e-01	2.4122e-03	1.1755e-36	8.7334e-01	1.2665e-01	8.3537e-08	1.1755e-36	1.1755e-36	1.1755e-36	3.9172e-17	0.00e+00	0.00e+00	2.8526e+01
5.52331e+15	4.6884e+03	2.172e-16	3.5938e+04	5.4700e+03	1.9750e-08	8.4852e-01	1.5148e-01	9.9891e-01	1.0883e-03	1.6791e-12	5.8733e-11	2.6376e-04	9.9740e-01	2.3349e-03	1.1755e-36	8.7717e-01	1.2283e-01	7.9912e-08	1.1755e-36	1.1755e-36	1.1755e-36	4.1585e-17	0.00e+00	0.00e+00	2.8743e+01
5.52443e+15	4.6210e+03	2.075e-16	3.5938e+04	5.3139e+03	2.1970e-08	8.5287e-01	1.4713e-01	9.9891e-01	1.0916e-03	1.7116e-12	6.0363e-11	2.5733e-04	9.9748e-01	2.2601e-03	1.1755e-36	8.8088e-01	1.1912e-01	7.6470e-08	1.1755e-36	1.1755e-36	1.1755e-36	4.4244e-17	0.00e+00	0.00e+00	2.8960e+01
5.52554e+15	4.5534e+03	1.984e-16	3.5938e+04	5.1623e+03	2.4428e-08	8.5709e-01	1.4291e-01	9.9890e-01	1.0950e-03	1.7445e-12	6.2060e-11	2.5108e-04	9.9756e-01	2.1878e-03	1.1755e-36	8.8447e-01	1.1553e-01	7.3206e-08	1.1755e-36	1.1755e-36	1.1755e-36	4.7165e-17	0.00e+00	0.00e+00	2.9175e+01
5.52665e+15	4.4854e+03	1.896e-16	3.5938e+04	5.0147e+03	2.7143e-08	8.6120e-01	1.3880e-01	9.9890e-01	1.0983e-03	1.7778e-12	6.3827e-11	2.4501e-04	9.9764e-01	2.1178e-03	1.1755e-36	8.8797e-01	1.1203e-01	7.0099e-08	1.1755e-36	1.1755e-36	1.1755e-36	5.0374e-17	0.00e+00	0.00e+00	2.9390e+01
5.52775e+15	4.4167e+03	1.812e-16	3.5938e+04	4.8700e+03	3.0146e-08	8.6522e-01	1.3478e-01	9.9890e-01	1.1018e-03	1.8119e-12	6.5665e-11	2.3907e-04	9.9771e-01	2.0496e-03	1.1755e-36	8.9138e-01	1.0862e-01	6.7128e-08	1.1755e-36	1.1755e-36	1.1755e-36	5.3895e-17	0.00e+00	0.00e+00	2.9606e+01
5.52885e+15	4.3469e+03	1.731e-16	3.5938e+04	4.7282e+03	3.3458e-08	8.6917e-01	1.3083e-01	9.9889e-01	1.1052e-03	1.8465e-12	6.7581e-11	2.3325e-04	9.9778e-01	1.9829e-03	1.1755e-36	8.9473e-01	1.0527e-01	6.4268e-08	1.1755e-36	1.1755e-36	1.1755e-36	5.7761e-17	0.00e+00	0.00e+00	2.9823e+01
5.52996e+15	4.2757e+03	1.653e-16	3.5938e+04	4.5880e+03	3.7105e-08	8.7308e-01	1.2692e-01	9.9889e-01	1.1086e-03	1.8820e-12	6.9568e-11	2.2753e-04	9.9786e-01	1.9173e-03	1.1755e-36	8.9804e-01	1.0196e-01	6.1503e-08	1.1755e-36	1.1755e-36	1.1755e-36	6.1977e-17	0.00e+00	0.00e+00	3.0044e+01
5.53108e+15	4.2023e+03	1.576e-16	3.5938e+04	4.4484e+03	4.1116e-08	8.7697e-01	1.2303e-01	9.9889e-01	1.1121e-03	1.9187e-12	7.1612e-11	2.2184e-04	9.9793e-01	1.8526e-03	1.1755e-36	9.0132e-01	9.8677e-02	5.8816e-08	1.1755e-36	1.1755e-36	1.1755e-36	6.6538e-17	0.00e+00	0.00e+00	3.0270e+01
5.53223e+15	4.1232e+03	1.502e-16	3.5938e+04	4.3063e+03	4.5662e-08	8.8085e-01	1.1915e-01	9.9888e-01	1.1158e-03	1.9573e-12	7.3721e-11	2.1610e-04	9.9800e-01	1.7881e-03	1.1755e-36	9.0461e-01	9.5391e-02	5.6197e-08	1.1755e-36	1.1755e-36	1.1755e-36	7.1504e-17	0.00e+00	0.00e+00	3.0502e+01
5.53340e+15	4.0452e+03	1.429e-16	3.5938e+04	4.1678e+03	5.0341e-08	8.8471e-01	1.1529e-01	9.9888e-01	1.1194e-03	1.9965e-12	7.5764e-11	2.1051e-04	9.9806e-01	1.7246e-03	1.1755e-36	9.0785e-01	9.2147e-02	5.3649e-08	1.1755e-36	1.1755e-36	1.1755e-36	7.6518e-17	0.00e+00	0.00e+00	3.0737e+01
5.53461e+15	3.9660e+03	1.356e-16	3.5938e+04	4.0241e+03	5.5128e-08	8.8855e-01	1.1145e-01	9.9888e-01	1.1241e-03	2.0421e-12	7.7626e-11	2.0464e-04	9.9813e-01	1.6612e-03	1.1755e-36	9.1108e-01	8.8917e-02	5.1131e-08	1.1755e-36	1.1755e-36	1.1755e-36	8.1285e-17	0.00e+00	0.00e+00	3.0990e+01
###########################
1.52075e+11	8.5434e+03	3.496e-15	3.5938e+04	3.8951e+04	1.6387e-15	2.3013e-03	9.9770e-01	1.2424e-02	9.8500e-01	2.5754e-03	1.6329e-17	1.2890e-04	1.8893e-01	8.1000e-01	9.4201e-04	1.2168e-03	5.0940e-01	4.8900e-01	3.8834e-04	1.1755e-36	1.1755e-36	1.0380e-25	0.00e+00	0.00e+00	1.5882e-04
9.12450e+11	8.5419e+03	3.495e-15	3.5938e+04	3.8947e+04	1.6333e-15	2.3004e-03	9.9770e-01	1.2423e-02	9.8500e-01	2.5737e-03	1.6247e-17	1.2915e-04	1.8892e-01	8.1001e-01	9.4322e-04	1.2161e-03	5.0927e-01	4.8912e-01	3.8702e-04	1.1755e-36	1.1755e-36	1.0282e-25	0.00e+00	0.00e+00	7.9386e-04
3.95395e+12	8.5386e+03	3.492e-15	3.5938e+04	3.8945e+04	1.6020e-15	2.2991e-03	9.9770e-01	1.2427e-02	9.8502e-01	2.5579e-03	1.5909e-17	1.2900e-04	1.8896e-01	8.0997e-01	9.4070e-04	1.2157e-03	5.0933e-01	4.8907e-01	3.8149e-04	1.1755e-36	1.1755e-36	9.8558e-26	0.00e+00	0.00e+00	3.3325e-03
1.61199e+13	8.5288e+03	3.481e-15	3.5938e+04	3.8945e+04	1.5981e-15	2.2971e-03	9.9770e-01	1.2452e-02	9.8507e-01	2.4736e-03	1.5862e-17	1.2904e-04	1.8928e-01	8.0966e-01	9.3203e-04	1.2167e-03	5.0992e-01	4.8850e-01	3.5982e-04	1.1755e-36	1.1755e-36	9.7577e-26	0.00e+00	0.00e+00	1.3479e-02
3.85054e+13	8.5028e+03	3.441e-15	3.5938e+04	3.8945e+04	1.5675e-15	2.2719e-03	9.9773e-01	1.2431e-02	9.8514e-01	2.4277e-03	1.5348e-17	1.2791e-04	1.8916e-01	8.0979e-01	9.2580e-04	1.2042e-03	5.0978e-01	4.8869e-01	3.3252e-04	1.1755e-36	1.1755e-36	9.2462e-26	0.00e+00	0.00e+00	2.6523e-02
6.76064e+13	8.4718e+03	3.400e-15	3.5938e+04	3.8946e+04	1.5511e-15	2.2501e-03	9.9775e-01	1.2431e-02	9.8528e-01	2.2937e-03	1.4983e-17	1.2732e-04	1.8931e-01	8.0965e-01	9.1258e-04	1.1954e-03	5.1029e-01	4.8822e-01	2.9821e-04	1.1755e-36	1.1755e-36	8.8681e-26	0.00e+00	0.00e+00	4.3319e-02
1.05438e+14	8.4372e+03	3.355e-15	3.5938e+04	3.8946e+04	1.5421e-15	2.2300e-03	9.9777e-01	1.2450e-02	9.8547e-01	2.0762e-03	1.4705e-17	1.2701e-04	1.8968e-01	8.0930e-01	8.9269e-04	1.1896e-03	5.1148e-01	4.8707e-01	2.5739e-04	1.1755e-36	1.1755e-36	8.5581e-26	0.00e+00	0.00e+00	6.4959e-02
1.54619e+14	8.3948e+03	3.305e-15	3.5938e+04	3.8946e+04	1.5390e-15	2.2123e-03	9.9779e-01	1.2496e-02	9.8573e-01	1.7785e-03	1.4479e-17	1.2703e-04	1.9040e-01	8.0861e-01	8.6552e-04	1.1879e-03	5.1364e-01	4.8496e-01	2.1121e-04	1.1755e-36	1.1755e-36	8.2581e-26	0.00e+00	0.00e+00	9.2867e-02
2.18554e+14	8.3529e+03	3.248e-15	3.5938e+04	3.8945e+04	1.5364e-15	2.1964e-03	9.9780e-01	1.2568e-02	9.8601e-01	1.4191e-03	1.4315e-17	1.2738e-04	1.9146e-01	8.0758e-01	8.3225e-04	1.1905e-03	5.1693e-01	4.8172e-01	1.6234e-04	1.1755e-36	1.1755e-36	7.9873e-26	0.00e+00	0.00e+00	1.2889e-01
3.01669e+14	8.3037e+03	3.187e-15	3.5938e+04	3.8944e+04	1.5448e-15	2.1853e-03	9.9781e-01	1.2689e-02	9.8628e-01	1.0327e-03	1.4281e-17	1.2832e-04	1.9313e-01	8.0595e-01	7.9330e-04	1.2002e-03	5.2182e-01	4.7686e-01	1.1457e-04	1.1755e-36	1.1755e-36	7.7796e-26	0.00e+00	0.00e+00	1.7548e-01
4.09719e+14	8.2532e+03	3.119e-15	3.5938e+04	3.8942e+04	1.5602e-15	2.1808e-03	9.9782e-01	1.2872e-02	9.8646e-01	6.6952e-04	1.4397e-17	1.3005e-04	1.9560e-01	8.0352e-01	7.5095e-04	1.2190e-03	5.2864e-01	4.7007e-01	7.2523e-05	1.1755e-36	1.1755e-36	7.6339e-26	0.00e+00	0.00e+00	2.3592e-01
5.50185e+14	8.1987e+03	3.047e-15	3.5938e+04	3.8940e+04	1.5918e-15	2.1879e-03	9.9781e-01	1.3154e-02	9.8647e-01	3.7603e-04	1.4771e-17	1.3300e-04	1.9928e-01	7.9988e-01	7.0618e-04	1.2516e-03	5.3797e-01	4.6074e-01	4.0017e-05	1.1755e-36	1.1755e-36	7.6016e-26	0.00e+00	0.00e+00	3.1475e-01
7.32790e+14	8.1456e+03	2.973e-15	3.5938e+04	3.8938e+04	1.6448e-15	2.2129e-03	9.9779e-01	1.3581e-02	9.8624e-01	1.7744e-04	1.5551e-17	1.3781e-04	2.0472e-01	7.9449e-01	6.5910e-04	1.3045e-03	5.5057e-01	4.4811e-01	1.8637e-05	1.1755e-36	1.1755e-36	7.7518e-26	0.00e+00	0.00e+00	4.1840e-01
9.70176e+14	8.0957e+03	2.899e-15	3.5938e+04	3.8933e+04	1.7363e-15	2.2674e-03	9.9773e-01	1.4244e-02	9.8569e-01	6.7973e-05	1.7055e-17	1.4557e-04	2.1286e-01	7.8638e-01	6.0729e-04	1.3898e-03	5.6773e-01	4.3087e-01	7.0846e-06	1.1755e-36	1.1755e-36	8.2308e-26	0.00e+00	0.00e+00	5.5647e-01
1.27878e+15	8.0562e+03	2.830e-15	3.5938e+04	3.8927e+04	1.8929e-15	2.3706e-03	9.9763e-01	1.5302e-02	9.8468e-01	2.0426e-05	1.9933e-17	1.5821e-04	2.2532e-01	7.7397e-01	5.4701e-04	1.5290e-03	5.9152e-01	4.0695e-01	2.1551e-06	1.1755e-36	1.1755e-36	9.3369e-26	0.00e+00	0.00e+00	7.4413e-01
1.67996e+15	8.0278e+03	2.774e-15	3.5938e+04	3.8910e+04	2.1878e-15	2.5613e-03	9.9744e-01	1.7065e-02	9.8293e-01	4.6865e-06	2.5837e-17	1.7969e-04	2.4512e-01	7.5422e-01	4.7330e-04	1.7673e-03	6.2531e-01	3.7293e-01	5.5255e-07	1.1755e-36	1.1755e-36	1.1836e-25	0.00e+00	0.00e+00	1.0077e+00
2.08853e+15	8.0185e+03	2.733e-15	3.5938e+04	3.8894e+04	2.5527e-15	2.7977e-03	9.9720e-01	1.9298e-02	9.8070e-01	1.1072e-06	3.4160e-17	2.0583e-04	2.6850e-01	7.3089e-01	4.0540e-04	2.0633e-03	6.6085e-01	3.3708e-01	1.9030e-07	1.1755e-36	1.1755e-36	1.5420e-25	0.00e+00	0.00e+00	1.2385e+00
2.40726e+15	8.0382e+03	2.726e-15	3.5938e+04	3.8876e+04	2.9712e-15	3.0580e-03	9.9694e-01	2.1705e-02	9.7829e-01	4.0868e-07	4.5145e-17	2.3333e-04	2.9176e-01	7.0765e-01	3.5309e-04	2.3817e-03	6.9199e-01	3.0563e-01	1.1755e-36	1.1755e-36	1.1755e-36	2.0479e-25	0.00e+00	0.00e+00	1.4286e+00
2.66606e+15	8.0687e+03	2.736e-15	3.5938e+04	3.8859e+04	3.4647e-15	3.3408e-03	9.9666e-01	2.4340e-02	9.7566e-01	1.9500e-07	5.9680e-17	2.6239e-04	3.1526e-01	6.8416e-01	3.0981e-04	2.7266e-03	7.2010e-01	2.7718e-01	1.1755e-36	1.1755e-36	1.1755e-36	2.7516e-25	0.00e+00	0.00e+00	1.6134e+00
2.90887e+15	8.1076e+03	2.755e-15	3.5938e+04	3.8836e+04	4.0981e-15	3.6757e-03	9.9632e-01	2.7539e-02	9.7246e-01	1.0146e-07	8.0658e-17	2.9632e-04	3.4162e-01	6.5781e-01	2.6906e-04	3.1390e-03	7.4841e-01	2.4845e-01	1.1755e-36	1.1755e-36	1.1755e-36	3.8098e-25	0.00e+00	0.00e+00	1.8151e+00
3.14647e+15	8.1519e+03	2.783e-15	3.5938e+04	3.8806e+04	5.0273e-15	4.0867e-03	9.9591e-01	3.1623e-02	9.6838e-01	5.5544e-08	1.1407e-16	3.3691e-04	3.7219e-01	6.2724e-01	2.2953e-04	3.6509e-03	7.7759e-01	2.1876e-01	1.1755e-36	1.1755e-36	1.1755e-36	5.6540e-25	0.00e+00	0.00e+00	2.0315e+00
3.36784e+15	8.2009e+03	2.820e-15	3.5938e+04	3.8774e+04	6.2400e-15	4.5720e-03	9.9543e-01	3.6746e-02	9.6325e-01	3.2720e-08	1.6362e-16	3.8351e-04	4.0617e-01	5.9325e-01	1.9308e-04	4.2617e-03	8.0601e-01	1.8973e-01	1.1755e-36	1.1755e-36	1.1755e-36	8.5591e-25	0.00e+00	0.00e+00	2.2488e+00
3.56419e+15	8.2575e+03	2.861e-15	3.5938e+04	3.8746e+04	7.7380e-15	5.1143e-03	9.9489e-01	4.2928e-02	9.5707e-01	2.0924e-08	2.3402e-16	4.3316e-04	4.4181e-01	5.5760e-01	1.6120e-04	4.9514e-03	8.3205e-01	1.6300e-01	1.1755e-36	1.1755e-36	1.1755e-36	1.2993e-24	0.00e+00	0.00e+00	2.4614e+00
3.73829e+15	8.2943e+03	2.906e-15	3.5938e+04	3.8696e+04	9.7005e-15	5.7319e-03	9.9427e-01	5.0359e-02	9.4964e-01	1.4207e-08	3.3309e-16	4.8844e-04	4.7940e-01	5.1998e-01	1.3294e-04	5.7403e-03	8.5567e-01	1.3859e-01	1.1755e-36	1.1755e-36	1.1755e-36	1.9563e-24	0.00e+00	0.00e+00	2.6760e+00
3.89649e+15	8.3475e+03	2.953e-15	3.5938e+04	3.8653e+04	1.2081e-14	6.4241e-03	9.9358e-01	5.9581e-02	9.4042e-01	1.0091e-08	4.7260e-16	5.4550e-04	5.1846e-01	4.8089e-01	1.0826e-04	6.6312e-03	8.7706e-01	1.1631e-01	1.1755e-36	1.1755e-36	1.1755e-36	2.9517e-24	0.00e+00	0.00e+00	2.8968e+00
4.04325e+15	8.3798e+03	3.005e-15	3.5938e+04	3.8580e+04	1.5381e-14	7.2461e-03	9.9275e-01	7.1383e-02	9.2862e-01	7.3524e-09	6.7684e-16	6.1035e-04	5.6049e-01	4.3882e-01	8.5952e-05	7.6895e-03	8.9660e-01	9.5710e-02	1.1755e-36	1.1755e-36	1.1755e-36	4.4999e-24	0.00e+00	0.00e+00	3.1304e+00
4.17980e+15	8.4292e+03	3.058e-15	3.5938e+04	3.8514e+04	1.9563e-14	8.1981e-03	9.9180e-01	8.6997e-02	9.1300e-01	5.5023e-09	9.7404e-16	6.7753e-04	6.0451e-01	3.9475e-01	6.6551e-05	8.9185e-03	9.1409e-01	7.6993e-02	1.1755e-36	1.1755e-36	1.1755e-36	6.9400e-24	0.00e+00	0.00e+00	3.3741e+00
4.29524e+15	8.4571e+03	3.112e-15	3.5938e+04	3.8396e+04	2.4798e-14	9.2284e-03	9.9077e-01	1.0567e-01	8.9433e-01	4.2972e-09	1.3646e-15	7.4449e-04	6.4653e-01	3.5268e-01	5.1209e-05	1.0245e-02	9.2811e-01	6.1647e-02	1.1755e-36	1.1755e-36	1.1755e-36	1.0357e-23	0.00e+00	0.00e+00	3.5833e+00
4.38726e+15	8.4763e+03	3.161e-15	3.5938e+04	3.8301e+04	3.0746e-14	1.0250e-02	9.8975e-01	1.2696e-01	8.7304e-01	3.5055e-09	1.8381e-15	8.0383e-04	6.8341e-01	3.1574e-01	3.9818e-05	1.1558e-02	9.3858e-01	4.9861e-02	1.1755e-36	1.1755e-36	1.1755e-36	1.4812e-23	0.00e+00	0.00e+00	3.7791e+00
4.46811e+15	8.5126e+03	3.202e-15	3.5938e+04	3.8207e+04	3.7281e-14	1.1311e-02	9.8869e-01	1.5264e-01	8.4736e-01	2.9124e-09	2.4258e-15	8.5824e-04	7.1767e-01	2.8144e-01	3.0796e-05	1.2921e-02	9.4699e-01	4.0085e-02	1.1755e-36	1.1755e-36	1.1755e-36	2.0712e-23	0.00e+00	0.00e+00	3.9780e+00
4.54345e+15	8.5209e+03	3.243e-15	3.5938e+04	3.8051e+04	4.6055e-14	1.2522e-02	9.8748e-01	1.8534e-01	8.1466e-01	2.4060e-09	3.2082e-15	9.1398e-04	7.5123e-01	2.4783e-01	2.3226e-05	1.4470e-02	9.5395e-01	3.1575e-02	1.1755e-36	1.1755e-36	1.1755e-36	2.8964e-23	0.00e+00	0.00e+00	4.1859e+00
4.61283e+15	8.5510e+03	3.280e-15	3.5938e+04	3.7913e+04	5.6209e-14	1.3840e-02	9.8616e-01	2.2748e-01	7.7252e-01	1.9959e-09	4.2316e-15	9.6512e-04	7.8287e-01	2.1615e-01	1.7180e-05	1.6151e-02	9.5951e-01	2.4339e-02	1.1755e-36	1.1755e-36	1.1755e-36	4.0510e-23	0.00e+00	0.00e+00	4.3920e+00
4.67414e+15	8.5604e+03	3.309e-15	3.5938e+04	3.7681e+04	6.8651e-14	1.5240e-02	9.8476e-01	2.7823e-01	7.2177e-01	1.6352e-09	5.4974e-15	1.0114e-03	8.1092e-01	1.8805e-01	1.2597e-05	1.7930e-02	9.6353e-01	1.8538e-02	1.1755e-36	1.1755e-36	1.1755e-36	5.5359e-23	0.00e+00	0.00e+00	4.5891e+00
4.72790e+15	8.5693e+03	3.335e-15	3.5938e+04	3.7485e+04	8.3239e-14	1.6708e-02	9.8329e-01	3.3913e-01	6.6087e-01	1.3387e-09	7.0830e-15	1.0518e-03	8.3520e-01	1.6374e-01	9.1943e-06	1.9785e-02	9.6624e-01	1.3972e-02	1.1755e-36	1.1755e-36	1.1755e-36	7.4942e-23	0.00e+00	0.00e+00	4.7807e+00
4.77601e+15	8.5754e+03	3.352e-15	3.5938e+04	3.7236e+04	1.0012e-13	1.8237e-02	9.8176e-01	4.0989e-01	5.9011e-01	1.0773e-09	9.0202e-15	1.0852e-03	8.5576e-01	1.4314e-01	6.6899e-06	2.1711e-02	9.6789e-01	1.0400e-02	1.1755e-36	1.1755e-36	1.1755e-36	9.9624e-23	0.00e+00	0.00e+00	4.9698e+00
4.82035e+15	8.5812e+03	3.360e-15	3.5938e+04	3.6943e+04	1.2000e-13	1.9866e-02	9.8013e-01	4.9056e-01	5.0944e-01	8.4213e-10	1.1437e-14	1.1127e-03	8.7312e-01	1.2576e-01	4.8328e-06	2.3752e-02	9.6865e-01	7.6000e-03	1.1755e-36	1.1755e-36	1.1755e-36	1.3129e-22	0.00e+00	0.00e+00	5.1635e+00
4.86277e+15	8.5801e+03	3.363e-15	3.5938e+04	3.6618e+04	1.4498e-13	2.1686e-02	9.7831e-01	5.8058e-01	4.1942e-01	6.2847e-10	1.4589e-14	1.1358e-03	8.8785e-01	1.1101e-01	3.4358e-06	2.6022e-02	9.6858e-01	5.4020e-03	1.1755e-36	1.1755e-36	1.1755e-36	1.7391e-22	0.00e+00	0.00e+00	5.3696e+00
4.90464e+15	8.5762e+03	3.362e-15	3.5938e+04	3.6257e+04	1.7712e-13	2.3783e-02	9.7622e-01	6.7576e-01	3.2424e-01	4.4039e-10	1.8794e-14	1.1546e-03	9.0019e-01	9.8650e-02	2.3904e-06	2.8626e-02	9.6767e-01	3.7054e-03	1.1755e-36	1.1755e-36	1.1755e-36	2.3329e-22	0.00e+00	0.00e+00	5.5956e+00
4.94473e+15	8.5711e+03	3.362e-15	3.5938e+04	3.5890e+04	2.1724e-13	2.6138e-02	9.7386e-01	7.6354e-01	2.3646e-01	2.9268e-10	2.4149e-14	1.1690e-03	9.0988e-01	8.8949e-02	1.6568e-06	3.1535e-02	9.6597e-01	2.4950e-03	1.1755e-36	1.1755e-36	1.1755e-36	3.1398e-22	0.00e+00	0.00e+00	5.8227e+00
4.98878e+15	8.5577e+03	3.368e-15	3.5938e+04	3.5523e+04	2.7839e-13	2.9298e-02	9.7070e-01	8.4429e-01	1.5571e-01	1.7379e-10	3.2209e-14	1.1833e-03	9.1859e-01	8.0221e-02	1.0749e-06	3.5425e-02	9.6301e-01	1.5656e-03	1.1755e-36	1.1755e-36	1.1755e-36	4.4887e-22	0.00e+00	0.00e+00	6.1538e+00
5.04604e+15	8.5394e+03	3.397e-15	3.5938e+04	3.5134e+04	3.9545e-13	3.4511e-02	9.6549e-01	9.1612e-01	8.3883e-02	8.2474e-11	4.7362e-14	1.2006e-03	9.2761e-01	7.1188e-02	5.9564e-07	4.1817e-02	9.5736e-01	8.2771e-04	1.1755e-36	1.1755e-36	1.1755e-36	7.4761e-22	0.00e+00	0.00e+00	6.6607e+00
5.10959e+15	8.5264e+03	3.453e-15	3.5938e+04	3.4721e+04	6.1087e-13	4.2471e-02	9.5753e-01	9.6008e-01	3.9921e-02	3.4553e-11	7.4699e-14	1.2167e-03	9.3595e-01	6.2834e-02	2.9871e-07	5.1536e-02	9.4807e-01	3.9139e-04	1.1755e-36	1.1755e-36	1.1755e-36	1.4185e-21	0.00e+00	0.00e+00	7.2618e+00
5.16760e+15	8.5060e+03	3.506e-15	3.5938e+04	3.4206e+04	9.7728e-13	5.3082e-02	9.4692e-01	9.7971e-01	2.0295e-02	1.5762e-11	1.1949e-13	1.2259e-03	9.4316e-01	5.5612e-02	1.5146e-07	6.4440e-02	9.3537e-01	1.9120e-04	1.1755e-36	1.1755e-36	1.1755e-36	2.8095e-21	0.00e+00	0.00e+00	7.9081e+00
5.21586e+15	8.4794e+03	3.556e-15	3.5938e+04	3.3783e+04	1.5694e-12	6.6351e-02	9.3365e-01	9.8822e-01	1.1781e-02	8.4151e-12	1.9075e-13	1.2338e-03	9.4961e-01	4.9157e-02	1.1755e-36	8.0494e-02	9.1940e-01	1.0201e-04	1.1755e-36	1.1755e-36	1.1755e-36	5.6217e-21	0.00e+00	0.00e+00	8.5535e+00
5.25015e+15	8.4554e+03	3.564e-15	3.5938e+04	3.3219e+04	2.3164e-12	7.9519e-02	9.2048e-01	9.9184e-01	8.1618e-03	5.5516e-12	2.7749e-13	1.2298e-03	9.5430e-01	4.4468e-02	1.1755e-36	9.6339e-02	9.0360e-01	6.4163e-05	1.1755e-36	1.1755e-36	1.1755e-36	9.8316e-21	0.00e+00	0.00e+00	9.0177e+00
5.27274e+15	8.4293e+03	3.560e-15	3.5938e+04	3.2821e+04	3.1201e-12	9.1078e-02	9.0892e-01	9.9358e-01	6.4234e-03	4.2289e-12	3.6884e-13	1.2269e-03	9.5770e-01	4.1072e-02	1.1755e-36	1.1017e-01	8.8978e-01	4.6288e-05	1.1755e-36	1.1755e-36	1.1755e-36	1.5066e-20	0.00e+00	0.00e+00	9.4194e+00
5.29509e+15	8.3935e+03	3.531e-15	3.5938e+04	3.2277e+04	4.3263e-12	1.0541e-01	8.9459e-01	9.9497e-01	5.0256e-03	3.2044e-12	5.0090e-13	1.2186e-03	9.6122e-01	3.7560e-02	1.1755e-36	1.2724e-01	8.7273e-01	3.2623e-05	1.1755e-36	1.1755e-36	1.1755e-36	2.3838e-20	0.00e+00	0.00e+00	1.0024e+01
5.31977e+15	8.3557e+03	3.465e-15	3.5938e+04	3.1483e+04	6.3690e-12	1.2521e-01	8.7479e-01	9.9613e-01	3.8686e-03	2.4024e-12	7.1796e-13	1.2015e-03	9.6508e-01	3.3715e-02	1.1755e-36	1.5062e-01	8.4936e-01	2.1897e-05	1.1755e-36	1.1755e-36	1.1755e-36	4.0999e-20	0.00e+00	0.00e+00	1.0708e+01
5.34143e+15	8.2913e+03	3.382e-15	3.5938e+04	3.0643e+04	9.5218e-12	1.4867e-01	8.5133e-01	9.9690e-01	3.1011e-03	1.8888e-12	1.0315e-12	1.1821e-03	9.6874e-01	3.0078e-02	1.1755e-36	1.7806e-01	8.2193e-01	1.5032e-05	1.1755e-36	1.1755e-36	1.1755e-36	7.0851e-20	0.00e+00	0.00e+00	1.1357e+01
5.35875e+15	8.2325e+03	3.277e-15	3.5938e+04	2.9782e+04	1.3642e-11	1.7295e-01	8.2705e-01	9.9739e-01	2.6097e-03	1.5743e-12	1.4220e-12	1.1593e-03	9.7179e-01	2.7053e-02	1.1755e-36	2.0616e-01	7.9383e-01	1.0856e-05	1.1755e-36	1.1755e-36	1.1755e-36	1.1529e-19	0.00e+00	0.00e+00	1.1962e+01
5.37352e+15	8.1670e+03	3.152e-15	3.5938e+04	2.8871e+04	1.9209e-11	1.9891e-01	8.0109e-01	9.9775e-01	2.2539e-03	1.3546e-12	1.9169e-12	1.1332e-03	9.7448e-01	2.4389e-02	1.1755e-36	2.3584e-01	7.6415e-01	8.0393e-06	1.1755e-36	1.1755e-36	1.1755e-36	1.8157e-19	0.00e+00	0.00e+00	1.2600e+01
5.38766e+15	8.0914e+03	2.990e-15	3.5938e+04	2.7749e+04	2.7419e-11	2.2901e-01	7.7099e-01	9.9804e-01	1.9614e-03	1.1840e-12	2.5908e-12	1.0985e-03	9.7705e-01	2.1848e-02	1.1755e-36	2.6984e-01	7.3016e-01	5.9131e-06	1.1755e-36	1.1755e-36	1.1755e-36	2.8729e-19	0.00e+00	0.00e+00	1.3335e+01
5.40172e+15	7.9947e+03	2.789e-15	3.5938e+04	2.6426e+04	4.0554e-11	2.6575e-01	7.3425e-01	9.9828e-01	1.7167e-03	1.0483e-12	3.5748e-12	1.0560e-03	9.7966e-01	1.9288e-02	1.1755e-36	3.1070e-01	6.8930e-01	4.2580e-06	1.1755e-36	1.1755e-36	1.1755e-36	4.7010e-19	0.00e+00	0.00e+00	1.4178e+01
5.41431e+15	7.8868e+03	2.569e-15	3.5938e+04	2.5003e+04	5.9490e-11	3.0530e-01	6.9470e-01	9.9846e-01	1.5380e-03	9.5854e-13	4.8412e-12	1.0084e-03	9.8197e-01	1.7019e-02	1.1755e-36	3.5394e-01	6.4605e-01	3.1165e-06	1.1755e-36	1.1755e-36	1.1755e-36	7.4890e-19	0.00e+00	0.00e+00	1.4953e+01
5.42382e+15	7.7872e+03	2.375e-15	3.5938e+04	2.3751e+04	8.1413e-11	3.4009e-01	6.5991e-01	9.9858e-01	1.4246e-03	9.0879e-13	6.1437e-12	9.6536e-04	9.8371e-01	1.5321e-02	1.1755e-36	3.9134e-01	6.0866e-01	2.4279e-06	1.1755e-36	1.1755e-36	1.1755e-36	1.0810e-18	0.00e+00	0.00e+00	1.5559e+01
5.43073e+15	7.7002e+03	2.220e-15	3.5938e+04	2.2751e+04	1.0396e-10	3.6834e-01	6.3166e-01	9.9865e-01	1.3528e-03	8.8116e-13	7.3440e-12	9.3046e-04	9.8497e-01	1.4097e-02	1.1755e-36	4.2127e-01	5.7873e-01	2.0058e-06	1.1755e-36	1.1755e-36	1.1755e-36	1.4241e-18	0.00e+00	0.00e+00	1.6057e+01
5.43643e+15	7.6192e+03	2.082e-15	3.5938e+04	2.1867e+04	1.2860e-10	3.9374e-01	6.0626e-01	9.9870e-01	1.2974e-03	8.6217e-13	8.5397e-12	8.9906e-04	9.8601e-01	1.3091e-02	1.1755e-36	4.4787e-01	5.5212e-01	1.6997e-06	1.1755e-36	1.1755e-36	1.1755e-36	1.7988e-18	0.00e+00	0.00e+00	1.6542e+01
5.44182e+15	7.5364e+03	1.944e-15	3.5938e+04	2.0957e+04	1.5840e-10	4.1924e-01	5.8076e-01	9.9875e-01	1.2485e-03	8.4891e-13	9.8474e-12	8.6643e-04	9.8697e-01	1.2164e-02	1.1755e-36	4.7427e-01	5.2573e-01	1.4455e-06	1.1755e-36	1.1755e-36	1.1755e-36	2.2434e-18	0.00e+00	0.00e+00	1.7052e+01
5.44698e+15	7.4548e+03	1.806e-15	3.5938e+04	2.0007e+04	1.9335e-10	4.4414e-01	5.5586e-01	9.9879e-01	1.2093e-03	8.4509e-13	1.1209e-11	8.3170e-04	9.8784e-01	1.1329e-02	1.1755e-36	4.9975e-01	5.0025e-01	1.2371e-06	1.1755e-36	1.1755e-36	1.1755e-36	2.7397e-18	0.00e+00	0.00e+00	1.7551e+01
5.45153e+15	7.3667e+03	1.686e-15	3.5938e+04	1.9168e+04	2.3375e-10	4.6749e-01	5.3251e-01	9.9882e-01	1.1773e-03	8.4319e-13	1.2610e-11	8.0108e-04	9.8861e-01	1.0591e-02	1.1755e-36	5.2342e-01	4.7658e-01	1.0739e-06	1.1755e-36	1.1755e-36	1.1755e-36	3.2874e-18	0.00e+00	0.00e+00	1.7992e+01
5.45552e+15	7.2819e+03	1.578e-15	3.5938e+04	1.8406e+04	2.7817e-10	4.8890e-01	5.1110e-01	9.9885e-01	1.1519e-03	8.4471e-13	1.3990e-11	7.7303e-04	9.8928e-01	9.9512e-03	1.1755e-36	5.4489e-01	4.5511e-01	9.4500e-07	1.1755e-36	1.1755e-36	1.1755e-36	3.8611e-18	0.00e+00	0.00e+00	1.8415e+01
5.45926e+15	7.1992e+03	1.475e-15	3.5938e+04	1.7664e+04	3.2859e-10	5.0951e-01	4.9049e-01	9.9887e-01	1.1306e-03	8.4978e-13	1.5399e-11	7.4543e-04	9.8989e-01	9.3670e-03	1.1755e-36	5.6537e-01	4.3463e-01	8.3588e-07	1.1755e-36	1.1755e-36	1.1755e-36	4.4794e-18	0.00e+00	0.00e+00	1.8840e+01
5.46285e+15	7.1182e+03	1.376e-15	3.5938e+04	1.6936e+04	3.8599e-10	5.2952e-01	4.7048e-01	9.9889e-01	1.1127e-03	8.5832e-13	1.6842e-11	7.1806e-04	9.9046e-01	8.8257e-03	1.1755e-36	5.8507e-01	4.1493e-01	7.4201e-07	1.1755e-36	1.1755e-36	1.1755e-36	5.1455e-18	0.00e+00	0.00e+00	1.9261e+01
5.46574e+15	7.0448e+03	1.302e-15	3.5938e+04	1.6379e+04	4.4129e-10	5.4555e-01	4.5445e-01	9.9890e-01	1.0999e-03	8.6558e-13	1.8080e-11	6.9717e-04	9.9090e-01	8.4053e-03	1.1755e-36	6.0074e-01	3.9926e-01	6.7560e-07	1.1755e-36	1.1755e-36	1.1755e-36	5.7435e-18	0.00e+00	0.00e+00	1.9543e+01
5.46779e+15	6.9952e+03	1.248e-15	3.5938e+04	1.5955e+04	4.8450e-10	5.5689e-01	4.4311e-01	9.9891e-01	1.0920e-03	8.7386e-13	1.8961e-11	6.8111e-04	9.9120e-01	8.1188e-03	1.1755e-36	6.1174e-01	3.8826e-01	6.3149e-07	1.1755e-36	1.1755e-36	1.1755e-36	6.1800e-18	0.00e+00	0.00e+00	1.9773e+01
5.46972e+15	6.9432e+03	1.195e-15	3.5938e+04	1.5547e+04	5.3262e-10	5.6820e-01	4.3180e-01	9.9892e-01	1.0844e-03	8.8178e-13	1.9882e-11	6.6561e-04	9.9150e-01	7.8391e-03	1.1755e-36	6.2269e-01	3.7731e-01	5.9029e-07	1.1755e-36	1.1755e-36	1.1755e-36	6.6497e-18	0.00e+00	0.00e+00	2.0035e+01
5.47186e+15	6.8743e+03	1.139e-15	3.5938e+04	1.5102e+04	5.9780e-10	5.8128e-01	4.1872e-01	9.9892e-01	1.0751e-03	8.8924e-13	2.1012e-11	6.4881e-04	9.9183e-01	7.5230e-03	1.1755e-36	6.3527e-01	3.6473e-01	5.4663e-07	1.1755e-36	1.1755e-36	1.1755e-36	7.2433e-18	0.00e+00	0.00e+00	2.0333e+01
5.47408e+15	6.8134e+03	1.081e-15	3.5938e+04	1.4636e+04	6.6663e-10	5.9409e-01	4.0591e-01	9.9893e-01	1.0685e-03	9.0153e-13	2.2120e-11	6.3087e-04	9.9215e-01	7.2212e-03	1.1755e-36	6.4751e-01	3.5249e-01	5.0606e-07	1.1755e-36	1.1755e-36	1.1755e-36	7.8407e-18	0.00e+00	0.00e+00	2.0625e+01
5.47621e+15	6.7504e+03	1.027e-15	3.5938e+04	1.4185e+04	7.4340e-10	6.0654e-01	3.9346e-01	9.9894e-01	1.0626e-03	9.1455e-13	2.3234e-11	6.1346e-04	9.9245e-01	6.9345e-03	1.1755e-36	6.5935e-01	3.4065e-01	4.6938e-07	1.1755e-36	1.1755e-36	1.1755e-36	8.4556e-18	0.00e+00	0.00e+00	2.0915e+01
5.47831e+15	6.6851e+03	9.741e-16	3.5938e+04	1.3741e+04	8.3004e-10	6.1880e-01	3.8120e-01	9.9894e-01	1.0575e-03	9.2853e-13	2.4363e-11	5.9631e-04	9.9275e-01	6.6586e-03	1.1755e-36	6.7094e-01	3.2906e-01	4.3569e-07	1.1755e-36	1.1755e-36	1.1755e-36	9.0946e-18	0.00e+00	0.00e+00	2.1208e+01
5.48038e+15	6.6204e+03	9.232e-16	3.5938e+04	1.3304e+04	9.2608e-10	6.3092e-01	3.6908e-01	9.9895e-01	1.0531e-03	9.4384e-13	2.5516e-11	5.7934e-04	9.9303e-01	6.3912e-03	1.1755e-36	6.8234e-01	3.1766e-01	4.0443e-07	1.1755e-36	1.1755e-36	1.1755e-36	9.7651e-18	0.00e+00	0.00e+00	2.1504e+01
5.48245e+15	6.5484e+03	8.740e-16	3.5938e+04	1.2866e+04	1.0397e-09	6.4296e-01	3.5704e-01	9.9895e-01	1.0492e-03	9.6025e-13	2.6686e-11	5.6233e-04	9.9331e-01	6.1318e-03	1.1755e-36	6.9360e-01	3.0640e-01	3.7553e-07	1.1755e-36	1.1755e-36	1.1755e-36	1.0454e-17	0.00e+00	0.00e+00	2.1803e+01
5.48448e+15	6.4766e+03	8.268e-16	3.5938e+04	1.2445e+04	1.1672e-09	6.5491e-01	3.4509e-01	9.9895e-01	1.0456e-03	9.7696e-13	2.7905e-11	5.4589e-04	9.9358e-01	5.8784e-03	1.1755e-36	7.0474e-01	2.9526e-01	3.4857e-07	1.1755e-36	1.1755e-36	1.1755e-36	1.1198e-17	0.00e+00	0.00e+00	2.2104e+01
5.48648e+15	6.4075e+03	7.816e-16	3.5938e+04	1.2029e+04	1.3060e-09	6.6639e-01	3.3361e-01	9.9896e-01	1.0433e-03	9.9622e-13	2.9086e-11	5.2953e-04	9.9383e-01	5.6397e-03	1.1755e-36	7.1537e-01	2.8463e-01	3.2406e-07	1.1755e-36	1.1755e-36	1.1755e-36	1.1931e-17	0.00e+00	0.00e+00	2.2403e+01
5.48846e+15	6.3367e+03	7.381e-16	3.5938e+04	1.1622e+04	1.4640e-09	6.7775e-01	3.2225e-01	9.9896e-01	1.0414e-03	1.0164e-12	3.0294e-11	5.1347e-04	9.9408e-01	5.4079e-03	1.1755e-36	7.2583e-01	2.7417e-01	3.0124e-07	1.1755e-36	1.1755e-36	1.1755e-36	1.2700e-17	0.00e+00	0.00e+00	2.2708e+01
5.49044e+15	6.2678e+03	6.958e-16	3.5938e+04	1.1210e+04	1.6373e-09	6.8868e-01	3.1132e-01	9.9896e-01	1.0413e-03	1.0406e-12	3.1434e-11	4.9704e-04	9.9431e-01	5.1884e-03	1.1755e-36	7.3585e-01	2.6415e-01	2.8030e-07	1.1755e-36	1.1755e-36	1.1755e-36	1.3431e-17	0.00e+00	0.00e+00	2.3016e+01
5.49243e+15	6.1877e+03	6.551e-16	3.5938e+04	1.0813e+04	1.8548e-09	7.0010e-01	2.9990e-01	9.9896e-01	1.0395e-03	1.0621e-12	3.2740e-11	4.8139e-04	9.9455e-01	4.9640e-03	1.1755e-36	7.4626e-01	2.5374e-01	2.6010e-07	1.1755e-36	1.1755e-36	1.1755e-36	1.4305e-17	0.00e+00	0.00e+00	2.3334e+01
5.49438e+15	6.1119e+03	6.165e-16	3.5938e+04	1.0417e+04	2.0893e-09	7.1070e-01	2.8930e-01	9.9896e-01	1.0403e-03	1.0887e-12	3.3910e-11	4.6551e-04	9.9478e-01	4.7578e-03	1.1755e-36	7.5590e-01	2.4410e-01	2.4206e-07	1.1755e-36	1.1755e-36	1.1755e-36	1.5087e-17	0.00e+00	0.00e+00	2.3642e+01
5.49630e+15	6.0348e+03	5.800e-16	3.5938e+04	1.0039e+04	2.3578e-09	7.2117e-01	2.7883e-01	9.9896e-01	1.0408e-03	1.1150e-12	3.5131e-11	4.5036e-04	9.9499e-01	4.5578e-03	1.1755e-36	7.6537e-01	2.3463e-01	2.2527e-07	1.1755e-36	1.1755e-36	1.1755e-36	1.5934e-17	0.00e+00	0.00e+00	2.3956e+01
5.49821e+15	5.9545e+03	5.450e-16	3.5938e+04	9.6660e+03	2.6716e-09	7.3150e-01	2.6850e-01	9.9896e-01	1.0417e-03	1.1428e-12	3.6368e-11	4.3538e-04	9.9520e-01	4.3636e-03	1.1755e-36	7.7468e-01	2.2532e-01	2.0959e-07	1.1755e-36	1.1755e-36	1.1755e-36	1.6815e-17	0.00e+00	0.00e+00	2.4274e+01
5.50012e+15	5.8726e+03	5.118e-16	3.5938e+04	9.3028e+03	3.0343e-09	7.4159e-01	2.5841e-01	9.9896e-01	1.0429e-03	1.1719e-12	3.7614e-11	4.2075e-04	9.9540e-01	4.1770e-03	1.1755e-36	7.8372e-01	2.1628e-01	1.9507e-07	1.1755e-36	1.1755e-36	1.1755e-36	1.7729e-17	0.00e+00	0.00e+00	2.4592e+01
5.50199e+15	5.7858e+03	4.805e-16	3.5938e+04	8.9555e+03	3.4677e-09	7.5160e-01	2.4840e-01	9.9896e-01	1.0435e-03	1.2000e-12	3.8940e-11	4.0680e-04	9.9560e-01	3.9958e-03	1.1755e-36	7.9263e-01	2.0737e-01	1.8155e-07	1.1755e-36	1.1755e-36	1.1755e-36	1.8747e-17	0.00e+00	0.00e+00	2.4910e+01
5.50383e+15	5.7069e+03	4.511e-16	3.5938e+04	8.6132e+03	3.9257e-09	7.6077e-01	2.3923e-01	9.9895e-01	1.0467e-03	1.2338e-12	4.0108e-11	3.9281e-04	9.9578e-01	3.8300e-03	1.1755e-36	8.0080e-01	1.9920e-01	1.6945e-07	1.1755e-36	1.1755e-36	1.1755e-36	1.9658e-17	0.00e+00	0.00e+00	2.5222e+01
5.50564e+15	5.6187e+03	4.233e-16	3.5938e+04	8.2899e+03	4.4997e-09	7.7015e-01	2.2985e-01	9.9895e-01	1.0479e-03	1.2640e-12	4.1463e-11	3.7975e-04	9.9595e-01	3.6654e-03	1.1755e-36	8.0908e-01	1.9092e-01	1.5796e-07	1.1755e-36	1.1755e-36	1.1755e-36	2.0788e-17	0.00e+00	0.00e+00	2.5540e+01
5.50745e+15	5.5333e+03	3.970e-16	3.5938e+04	7.9703e+03	5.1441e-09	7.7902e-01	2.2098e-01	9.9895e-01	1.0507e-03	1.2983e-12	4.2756e-11	3.6671e-04	9.9612e-01	3.5105e-03	1.1755e-36	8.1690e-01	1.8310e-01	1.4744e-07	1.1755e-36	1.1755e-36	1.1755e-36	2.1908e-17	0.00e+00	0.00e+00	2.5856e+01
5.50923e+15	5.4466e+03	3.722e-16	3.5938e+04	7.6606e+03	5.8954e-09	7.8765e-01	2.1235e-01	9.9895e-01	1.0537e-03	1.3340e-12	4.4094e-11	3.5403e-04	9.9628e-01	3.3621e-03	1.1755e-36	8.2448e-01	1.7552e-01	1.3765e-07	1.1755e-36	1.1755e-36	1.1755e-36	2.3135e-17	0.00e+00	0.00e+00	2.6174e+01
5.51101e+15	5.3587e+03	3.487e-16	3.5938e+04	7.3598e+03	6.7741e-09	7.9602e-01	2.0398e-01	9.9894e-01	1.0571e-03	1.3712e-12	4.5483e-11	3.4169e-04	9.9644e-01	3.2200e-03	1.1755e-36	8.3181e-01	1.6819e-01	1.2855e-07	1.1755e-36	1.1755e-36	1.1755e-36	2.4488e-17	0.00e+00	0.00e+00	2.6493e+01
5.51275e+15	5.2703e+03	3.268e-16	3.5938e+04	7.0705e+03	7.7955e-09	8.0406e-01	1.9594e-01	9.9894e-01	1.0607e-03	1.4095e-12	4.6933e-11	3.2980e-04	9.9658e-01	3.0855e-03	1.1755e-36	8.3882e-01	1.6118e-01	1.2019e-07	1.1755e-36	1.1755e-36	1.1755e-36	2.5997e-17	0.00e+00	0.00e+00	2.6808e+01
5.51446e+15	5.1820e+03	3.064e-16	3.5938e+04	6.7944e+03	8.9762e-09	8.1175e-01	1.8825e-01	9.9894e-01	1.0646e-03	1.4488e-12	4.8462e-11	3.1842e-04	9.9672e-01	2.9587e-03	1.1755e-36	8.4550e-01	1.5450e-01	1.1252e-07	1.1755e-36	1.1755e-36	1.1755e-36	2.7702e-17	0.00e+00	0.00e+00	2.7119e+01
5.51613e+15	5.0935e+03	2.874e-16	3.5938e+04	6.5297e+03	1.0347e-08	8.1912e-01	1.8088e-01	9.9893e-01	1.0686e-03	1.4889e-12	5.0100e-11	3.0750e-04	9.9685e-01	2.8388e-03	1.1755e-36	8.5189e-01	1.4811e-01	1.0545e-07	1.1755e-36	1.1755e-36	1.1755e-36	2.9664e-17	0.00e+00	0.00e+00	2.7428e+01
5.51759e+15	5.0175e+03	2.723e-16	3.5938e+04	6.3114e+03	1.1693e-08	8.2513e-01	1.7487e-01	9.9893e-01	1.0723e-03	1.5245e-12	5.1593e-11	2.9848e-04	9.9696e-01	2.7414e-03	1.1755e-36	8.5709e-01	1.4291e-01	9.9881e-08	1.1755e-36	1.1755e-36	1.1755e-36	3.1576e-17	0.00e+00	0.00e+00	2.7663e+01
5.51876e+15	4.9567e+03	2.603e-16	3.5938e+04	6.1325e+03	1.2890e-08	8.2983e-01	1.7017e-01	9.9892e-01	1.0765e-03	1.5573e-12	5.2785e-11	2.9102e-04	9.9705e-01	2.6597e-03	1.1755e-36	8.6114e-01	1.3886e-01	9.5590e-08	1.1755e-36	1.1755e-36	1.1755e-36	3.3091e-17	0.00e+00	0.00e+00	2.7868e+01
5.51990e+15	4.8883e+03	2.489e-16	3.5938e+04	5.9647e+03	1.4366e-08	8.3476e-01	1.6524e-01	9.9892e-01	1.0785e-03	1.5842e-12	5.4252e-11	2.8418e-04	9.9714e-01	2.5742e-03	1.1755e-36	8.6538e-01	1.3462e-01	9.1350e-08	1.1755e-36	1.1755e-36	1.1755e-36	3.5017e-17	0.00e+00	0.00e+00	2.8090e+01
5.52105e+15	4.8218e+03	2.378e-16	3.5938e+04	5.7948e+03	1.5971e-08	8.3948e-01	1.6052e-01	9.9892e-01	1.0817e-03	1.6154e-12	5.5682e-11	2.7716e-04	9.9723e-01	2.4918e-03	1.1755e-36	8.6942e-01	1.3058e-01	8.7333e-08	1.1755e-36	1.1755e-36	1.1755e-36	3.6998e-17	0.00e+00	0.00e+00	2.8308e+01
5.52219e+15	4.7553e+03	2.273e-16	3.5938e+04	5.6305e+03	1.7757e-08	8.4405e-01	1.5595e-01	9.9892e-01	1.0849e-03	1.6468e-12	5.7174e-11	2.7038e-04	9.9732e-01	2.4122e-03	1.1755e-36	8.7334e-01	1.2666e-01	8.3530e-08	1.1755e-36	1.1755e-36	1.1755e-36	3.9178e-17	0.00e+00	0.00e+00	2.8526e+01
5.52333e+15	4.6883e+03	2.172e-16	3.5938e+04	5.4701e+03	1.9753e-08	8.4852e-01	1.5148e-01	9.9891e-01	1.0882e-03	1.6788e-12	5.8737e-11	2.6377e-04	9.9740e-01	2.3349e-03	1.1755e-36	8.7716e-01	1.2284e-01	7.9906e-08	1.1755e-36	1.1755e-36	1.1755e-36	4.1591e-17	0.00e+00	0.00e+00	2.8743e+01
5.52445e+15	4.6209e+03	2.075e-16	3.5938e+04	5.3140e+03	2.1974e-08	8.5287e-01	1.4713e-01	9.9891e-01	1.0915e-03	1.7112e-12	6.0368e-11	2.5733e-04	9.9748e-01	2.2601e-03	1.1755e-36	8.8087e-01	1.1913e-01	7.6465e-08	1.1755e-36	1.1755e-36	1.1755e-36	4.4251e-17	0.00e+00	0.00e+00	2.8960e+01
5.52556e+15	4.5533e+03	1.984e-16	3.5938e+04	5.1624e+03	2.4431e-08	8.5709e-01	1.4291e-01	9.9891e-01	1.0948e-03	1.7441e-12	6.2065e-11	2.5109e-04	9.9756e-01	2.1878e-03	1.1755e-36	8.8447e-01	1.1553e-01	7.3201e-08	1.1755e-36	1.1755e-36	1.1755e-36	4.7172e-17	0.00e+00	0.00e+00	2.9175e+01
5.52667e+15	4.4853e+03	1.896e-16	3.5938e+04	5.0148e+03	2.7147e-08	8.6120e-01	1.3880e-01	9.9890e-01	1.0982e-03	1.7774e-12	6.3832e-11	2.4501e-04	9.9764e-01	2.1178e-03	1.1755e-36	8.8796e-01	1.1204e-01	7.0094e-08	1.1755e-36	1.1755e-36	1.1755e-36	5.0382e-17	0.00e+00	0.00e+00	2.9390e+01
5.52776e+15	4.4166e+03	1.812e-16	3.5938e+04	4.8702e+03	3.0150e-08	8.6521e-01	1.3479e-01	9.9890e-01	1.1016e-03	1.8114e-12	6.5670e-11	2.3907e-04	9.9771e-01	2.0497e-03	1.1755e-36	8.9138e-01	1.0862e-01	6.7124e-08	1.1755e-36	1.1755e-36	1.1755e-36	5.3903e-17	0.00e+00	0.00e+00	2.9605e+01
5.52887e+15	4.3468e+03	1.731e-16	3.5938e+04	4.7283e+03	3.3463e-08	8.6917e-01	1.3083e-01	9.9890e-01	1.1049e-03	1.8460e-12	6.7586e-11	2.3326e-04	9.9778e-01	1.9829e-03	1.1755e-36	8.9473e-01	1.0527e-01	6.4264e-08	1.1755e-36	1.1755e-36	1.1755e-36	5.7770e-17	0.00e+00	0.00e+00	2.9823e+01
5.52998e+15	4.2756e+03	1.653e-16	3.5938e+04	4.5881e+03	3.7111e-08	8.7308e-01	1.2692e-01	9.9889e-01	1.1084e-03	1.8815e-12	6.9573e-11	2.2753e-04	9.9786e-01	1.9174e-03	1.1755e-36	8.9804e-01	1.0196e-01	6.1499e-08	1.1755e-36	1.1755e-36	1.1755e-36	6.1986e-17	0.00e+00	0.00e+00	3.0044e+01
5.53110e+15	4.2022e+03	1.577e-16	3.5938e+04	4.4485e+03	4.1122e-08	8.7696e-01	1.2304e-01	9.9889e-01	1.1119e-03	1.9182e-12	7.1617e-11	2.2184e-04	9.9793e-01	1.8526e-03	1.1755e-36	9.0132e-01	9.8680e-02	5.8813e-08	1.1755e-36	1.1755e-36	1.1755e-36	6.6549e-17	0.00e+00	0.00e+00	3.0270e+01
5.53225e+15	4.1232e+03	1.502e-16	3.5938e+04	4.3064e+03	4.5668e-08	8.8085e-01	1.1915e-01	9.9888e-01	1.1155e-03	1.9566e-12	7.3726e-11	2.1610e-04	9.9800e-01	1.7881e-03	1.1755e-36	9.0461e-01	9.5394e-02	5.6194e-08	1.1755e-36	1.1755e-36	1.1755e-36	7.1515e-17	0.00e+00	0.00e+00	3.0502e+01
5.53341e+15	4.0451e+03	1.429e-16	3.5938e+04	4.1679e+03	5.0348e-08	8.8470e-01	1.1530e-01	9.9888e-01	1.1190e-03	1.9956e-12	7.5770e-11	2.1051e-04	9.9806e-01	1.7246e-03	1.1755e-36	9.0785e-01	9.2149e-02	5.3645e-08	1.1755e-36	1.1755e-36	1.1755e-36	7.6530e-17	0.00e+00	0.00e+00	3.0737e+01
5.53463e+15	3.9660e+03	1.356e-16	3.5938e+04	4.0241e+03	5.5132e-08	8.8855e-01	1.1145e-01	9.9888e-01	1.1234e-03	2.0408e-12	7.7630e-11	2.0465e-04	9.9813e-01	1.6612e-03	1.1755e-36	9.1108e-01	8.8919e-02	5.1127e-08	1.1755e-36	1.1755e-36	1.1755e-36	8.1296e-17	0.00e+00	0.00e+00	3.0990e+01
