#depth	Te	Htot	hden	eden	2H_2/H	HI	HII	HeI	HeII	HeIII	CO/C	C1	C2	C3	C4	O1	O2	O3	O4	O5	O6	H2O/O	AV(point)	AV(extend)	Tau912
5.57720e+13	6.1754e+03	1.903e-20	7.7426e+01	8.1276e+01	2.6100e-11	2.7449e-02	9.7255e-01	1.3372e-01	8.6609e-01	1.8834e-04	6.2741e-14	5.6792e-03	7.3625e-01	2.5806e-01	8.6767e-06	3.2787e-02	9.4578e-01	2.1437e-02	3.2678e-07	1.1755e-36	1.1755e-36	5.7700e-22	0.00e+00	0.00e+00	1.4971e-03
3.34632e+14	6.1663e+03	1.897e-20	7.7426e+01	8.1124e+01	2.6224e-11	2.7392e-02	9.7261e-01	1.3367e-01	8.6614e-01	1.8832e-04	6.2339e-14	5.6507e-03	7.3622e-01	2.5812e-01	8.7032e-06	3.2721e-02	9.4581e-01	2.1468e-02	3.2691e-07	1.1755e-36	1.1755e-36	5.7051e-22	0.00e+00	0.00e+00	7.4729e-03
1.45007e+15	6.1429e+03	1.887e-20	7.7426e+01	8.1096e+01	2.6916e-11	2.7435e-02	9.7257e-01	1.3439e-01	8.6543e-01	1.8655e-04	6.2647e-14	5.6475e-03	7.3745e-01	2.5689e-01	8.6154e-06	3.2786e-02	9.4586e-01	2.1350e-02	3.2071e-07	1.1755e-36	1.1755e-36	5.7111e-22	0.00e+00	0.00e+00	3.1414e-02
5.91183e+15	6.0718e+03	1.863e-20	7.7426e+01	8.1045e+01	2.9873e-11	2.7881e-02	9.7212e-01	1.3772e-01	8.6210e-01	1.7875e-04	6.5367e-14	5.7199e-03	7.4286e-01	2.5141e-01	8.1921e-06	3.3375e-02	9.4594e-01	2.0686e-02	2.9179e-07	1.1755e-36	1.1755e-36	5.9402e-22	0.00e+00	0.00e+00	1.2873e-01
1.41215e+16	5.8438e+03	1.786e-20	7.7426e+01	8.1023e+01	3.7254e-11	2.7764e-02	9.7224e-01	1.4211e-01	8.5772e-01	1.6891e-04	6.5292e-14	5.7371e-03	7.5031e-01	2.4395e-01	7.7452e-06	3.3331e-02	9.4644e-01	2.0230e-02	2.6609e-07	1.1755e-36	1.1755e-36	5.6487e-22	0.00e+00	0.00e+00	2.5472e-01
2.22446e+16	5.6397e+03	1.724e-20	7.7426e+01	8.0998e+01	4.6091e-11	2.7706e-02	9.7229e-01	1.4615e-01	8.5369e-01	1.6017e-04	6.5312e-14	5.7641e-03	7.5697e-01	2.3726e-01	7.3411e-06	3.3351e-02	9.4687e-01	1.9779e-02	2.4400e-07	1.1755e-36	1.1755e-36	5.4110e-22	0.00e+00	0.00e+00	3.4908e-01
2.86153e+16	5.5310e+03	1.694e-20	7.7426e+01	8.0946e+01	5.3455e-11	2.8057e-02	9.7194e-01	1.5000e-01	8.4984e-01	1.5260e-04	6.7435e-14	5.8410e-03	7.6275e-01	2.3140e-01	6.9452e-06	3.3840e-02	9.4701e-01	1.9146e-02	2.2134e-07	1.1755e-36	1.1755e-36	5.5109e-22	0.00e+00	0.00e+00	4.2832e-01
3.52571e+16	5.4691e+03	1.677e-20	7.7426e+01	8.0849e+01	6.1029e-11	2.8861e-02	9.7114e-01	1.5514e-01	8.4471e-01	1.4375e-04	7.2275e-14	5.9834e-03	7.6972e-01	2.2429e-01	6.4445e-06	3.4878e-02	9.4693e-01	1.8189e-02	1.9280e-07	1.1755e-36	1.1755e-36	5.9471e-22	0.00e+00	0.00e+00	5.3427e-01
4.38914e+16	5.3977e+03	1.662e-20	7.7426e+01	8.0697e+01	7.2962e-11	3.0154e-02	9.6985e-01	1.6265e-01	8.3722e-01	1.3248e-04	8.0363e-14	6.1976e-03	7.7917e-01	2.1463e-01	5.7940e-06	3.6530e-02	9.4658e-01	1.6885e-02	1.5882e-07	1.1755e-36	1.1755e-36	6.7228e-22	0.00e+00	0.00e+00	6.7818e-01
5.51159e+16	5.3268e+03	1.650e-20	7.7426e+01	8.0472e+01	9.1714e-11	3.2226e-02	9.6777e-01	1.7377e-01	8.2611e-01	1.1865e-04	9.4318e-14	6.5182e-03	7.9184e-01	2.0163e-01	4.9793e-06	3.9155e-02	9.4570e-01	1.5146e-02	1.1755e-36	1.1755e-36	1.1755e-36	8.1609e-22	0.00e+00	0.00e+00	8.7811e-01
6.97079e+16	5.2790e+03	1.645e-20	7.7426e+01	8.0232e+01	1.2085e-10	3.5637e-02	9.6436e-01	1.9073e-01	8.0916e-01	1.0234e-04	1.2033e-13	7.0093e-03	8.0874e-01	1.8425e-01	3.9988e-06	4.3443e-02	9.4368e-01	1.2881e-02	1.1755e-36	1.1755e-36	1.1755e-36	1.1110e-21	0.00e+00	0.00e+00	1.1655e+00
8.65227e+16	5.2651e+03	1.641e-20	7.7426e+01	7.9560e+01	1.6235e-10	4.0527e-02	9.5947e-01	2.1327e-01	7.8664e-01	8.6153e-05	1.6343e-13	7.6152e-03	8.2760e-01	1.6479e-01	3.0436e-06	4.9555e-02	9.3999e-01	1.0454e-02	1.1755e-36	1.1755e-36	1.1755e-36	1.6515e-21	0.00e+00	0.00e+00	1.5051e+00
1.03148e+17	5.3053e+03	1.649e-20	7.7426e+01	7.8858e+01	2.1504e-10	4.7227e-02	9.5277e-01	2.4131e-01	7.5862e-01	7.2154e-05	2.3584e-13	8.3241e-03	8.4678e-01	1.4490e-01	2.2189e-06	5.7865e-02	9.3397e-01	8.1655e-03	1.1755e-36	1.1755e-36	1.1755e-36	2.6904e-21	0.00e+00	0.00e+00	1.8772e+00
1.18598e+17	5.3933e+03	1.662e-20	7.7426e+01	7.7965e+01	2.7844e-10	5.5887e-02	9.4411e-01	2.7409e-01	7.2584e-01	6.0679e-05	3.5377e-13	9.0678e-03	8.6492e-01	1.2601e-01	1.5709e-06	6.8530e-02	9.2527e-01	6.2021e-03	1.1755e-36	1.1755e-36	1.1755e-36	4.6471e-21	0.00e+00	0.00e+00	2.2812e+00
1.32616e+17	5.4939e+03	1.680e-20	7.7426e+01	7.6885e+01	3.6678e-10	6.6999e-02	9.3300e-01	3.1177e-01	6.8818e-01	5.1197e-05	5.4923e-13	9.8040e-03	8.8171e-01	1.0848e-01	1.0827e-06	8.2124e-02	9.1327e-01	4.6050e-03	1.1755e-36	1.1755e-36	1.1755e-36	8.4183e-21	0.00e+00	0.00e+00	2.7153e+00
1.44973e+17	5.6121e+03	1.693e-20	7.7426e+01	7.5540e+01	4.7995e-10	8.0589e-02	9.1941e-01	3.5265e-01	6.4730e-01	4.3509e-05	8.6282e-13	1.0457e-02	8.9642e-01	9.3121e-02	7.3866e-07	9.8623e-02	8.9800e-01	3.3798e-03	1.1755e-36	1.1755e-36	1.1755e-36	1.5499e-20	0.00e+00	0.00e+00	3.1670e+00
1.55690e+17	5.7264e+03	1.699e-20	7.7426e+01	7.3996e+01	6.3408e-10	9.6865e-02	9.0314e-01	3.9550e-01	6.0446e-01	3.7295e-05	1.3604e-12	1.0998e-02	9.0910e-01	7.9902e-02	5.0257e-07	1.1822e-01	8.7931e-01	2.4704e-03	1.1755e-36	1.1755e-36	1.1755e-36	2.8628e-20	0.00e+00	0.00e+00	3.6392e+00
1.65064e+17	5.8295e+03	1.695e-20	7.7426e+01	7.2203e+01	8.4944e-10	1.1616e-01	8.8384e-01	4.3964e-01	5.6033e-01	3.2112e-05	2.1465e-12	1.1407e-02	9.2000e-01	6.8595e-02	3.4196e-07	1.4125e-01	8.5695e-01	1.8014e-03	1.1755e-36	1.1755e-36	1.1755e-36	5.2792e-20	0.00e+00	0.00e+00	4.1377e+00
1.73358e+17	5.9155e+03	1.677e-20	7.7426e+01	7.0181e+01	1.1608e-09	1.3902e-01	8.6098e-01	4.8411e-01	5.1586e-01	2.7831e-05	3.3950e-12	1.1683e-02	9.2942e-01	5.8893e-02	2.3264e-07	1.6824e-01	8.3045e-01	1.3093e-03	1.1755e-36	1.1755e-36	1.1755e-36	9.7571e-20	0.00e+00	0.00e+00	4.6685e+00
1.80747e+17	5.9819e+03	1.642e-20	7.7426e+01	6.7784e+01	1.6132e-09	1.6563e-01	8.3437e-01	5.2817e-01	4.7180e-01	2.4180e-05	5.3472e-12	1.1797e-02	9.3752e-01	5.0678e-02	1.5907e-07	1.9928e-01	7.9977e-01	9.5090e-04	1.1755e-36	1.1755e-36	1.1755e-36	1.7903e-19	0.00e+00	0.00e+00	5.2328e+00
1.87383e+17	6.0321e+03	1.588e-20	7.7426e+01	6.5108e+01	2.2676e-09	1.9631e-01	8.0369e-01	5.7103e-01	4.2895e-01	2.1075e-05	8.3922e-12	1.1767e-02	9.4454e-01	4.3688e-02	1.1755e-36	2.3458e-01	7.6473e-01	6.8957e-04	1.1755e-36	1.1755e-36	1.1755e-36	3.2740e-19	0.00e+00	0.00e+00	5.8377e+00
1.93404e+17	6.0340e+03	1.519e-20	7.7426e+01	6.2125e+01	3.3425e-09	2.3198e-01	7.6802e-01	6.1241e-01	3.8758e-01	1.8411e-05	1.3226e-11	1.1604e-02	9.5075e-01	3.7647e-02	1.1755e-36	2.7500e-01	7.2450e-01	4.9849e-04	1.1755e-36	1.1755e-36	1.1755e-36	6.0458e-19	0.00e+00	0.00e+00	6.4885e+00
1.98662e+17	6.0160e+03	1.432e-20	7.7426e+01	5.8910e+01	4.9083e-09	2.7041e-01	7.2959e-01	6.4899e-01	3.5099e-01	1.6330e-05	2.0292e-11	1.1306e-02	9.5592e-01	3.2775e-02	1.1755e-36	3.1779e-01	6.8184e-01	3.6522e-04	1.1755e-36	1.1755e-36	1.1755e-36	1.0866e-18	0.00e+00	0.00e+00	7.1204e+00
2.02804e+17	5.9756e+03	1.345e-20	7.7426e+01	5.5887e+01	6.9455e-09	3.0651e-01	6.9349e-01	6.7741e-01	3.2257e-01	1.4877e-05	2.9068e-11	1.0948e-02	9.5982e-01	2.9229e-02	1.1755e-36	3.5730e-01	6.4242e-01	2.8031e-04	1.1755e-36	1.1755e-36	1.1755e-36	1.7976e-18	0.00e+00	0.00e+00	7.6454e+00
2.05851e+17	5.9258e+03	1.271e-20	7.7426e+01	5.3410e+01	9.2441e-09	3.3672e-01	6.6328e-01	6.9812e-01	3.0186e-01	1.3879e-05	3.8427e-11	1.0618e-02	9.6262e-01	2.6767e-02	1.1755e-36	3.8987e-01	6.0990e-01	2.2795e-04	1.1755e-36	1.1755e-36	1.1755e-36	2.6821e-18	0.00e+00	0.00e+00	8.0719e+00
2.08263e+17	5.8714e+03	1.205e-20	7.7426e+01	5.1288e+01	1.1827e-08	3.6276e-01	6.3724e-01	7.1432e-01	2.8567e-01	1.3134e-05	4.8321e-11	1.0313e-02	9.6479e-01	2.4894e-02	1.1755e-36	4.1759e-01	5.8222e-01	1.9209e-04	1.1755e-36	1.1755e-36	1.1755e-36	3.7519e-18	0.00e+00	0.00e+00	8.4681e+00
2.09892e+17	5.8317e+03	1.159e-20	7.7426e+01	4.9789e+01	1.4021e-08	3.8117e-01	6.1883e-01	7.2422e-01	2.7577e-01	1.2715e-05	5.6395e-11	1.0085e-02	9.6614e-01	2.3773e-02	1.1755e-36	4.3698e-01	5.6285e-01	1.7127e-04	1.1755e-36	1.1755e-36	1.1755e-36	4.7378e-18	0.00e+00	0.00e+00	8.6587e+00
2.10730e+17	5.8047e+03	1.135e-20	7.7426e+01	4.8991e+01	1.5430e-08	3.9109e-01	6.0891e-01	7.2962e-01	2.7036e-01	1.2475e-05	6.1284e-11	9.9625e-03	9.6686e-01	2.3181e-02	1.1755e-36	4.4736e-01	5.5247e-01	1.6112e-04	1.1755e-36	1.1755e-36	1.1755e-36	5.3769e-18	0.00e+00	0.00e+00	8.7837e+00
2.11415e+17	5.7820e+03	1.114e-20	7.7426e+01	4.8317e+01	1.6713e-08	3.9940e-01	6.0060e-01	7.3417e-01	2.6582e-01	1.2277e-05	6.5687e-11	9.8573e-03	9.6746e-01	2.2678e-02	1.1755e-36	4.5602e-01	5.4382e-01	1.5295e-04	1.1755e-36	1.1755e-36	1.1755e-36	5.9781e-18	0.00e+00	0.00e+00	8.9234e+00
2.12238e+17	5.7467e+03	1.088e-20	7.7426e+01	4.7500e+01	1.8594e-08	4.0986e-01	5.9014e-01	7.3983e-01	2.6015e-01	1.2021e-05	7.1743e-11	9.7306e-03	9.6822e-01	2.2050e-02	1.1755e-36	4.6691e-01	5.3295e-01	1.4340e-04	1.1755e-36	1.1755e-36	1.1755e-36	6.8531e-18	0.00e+00	0.00e+00	9.1098e+00
2.13163e+17	5.7136e+03	1.059e-20	7.7426e+01	4.6592e+01	2.0796e-08	4.2163e-01	5.7837e-01	7.4582e-01	2.5417e-01	1.1764e-05	7.9071e-11	9.5852e-03	9.6902e-01	2.1396e-02	1.1755e-36	4.7906e-01	5.2080e-01	1.3344e-04	1.1755e-36	1.1755e-36	1.1755e-36	7.9806e-18	0.00e+00	0.00e+00	9.2995e+00
2.14058e+17	5.6779e+03	1.030e-20	7.7426e+01	4.5661e+01	2.3270e-08	4.3314e-01	5.6686e-01	7.5141e-01	2.4858e-01	1.1535e-05	8.6867e-11	9.4330e-03	9.6978e-01	2.0789e-02	1.1755e-36	4.9089e-01	5.0898e-01	1.2446e-04	1.1755e-36	1.1755e-36	1.1755e-36	9.2696e-18	0.00e+00	0.00e+00	9.4835e+00
2.14901e+17	5.6412e+03	1.003e-20	7.7426e+01	4.4753e+01	2.5970e-08	4.4417e-01	5.5583e-01	7.5658e-01	2.4341e-01	1.1331e-05	9.5022e-11	9.2824e-03	9.7048e-01	2.0233e-02	1.1755e-36	5.0218e-01	4.9771e-01	1.1648e-04	1.1755e-36	1.1755e-36	1.1755e-36	1.0718e-17	0.00e+00	0.00e+00	9.6609e+00
2.15702e+17	5.6050e+03	9.757e-21	7.7426e+01	4.3883e+01	2.8895e-08	4.5488e-01	5.4512e-01	7.6145e-01	2.3854e-01	1.1139e-05	1.0368e-10	9.1364e-03	9.7115e-01	1.9712e-02	1.1755e-36	5.1307e-01	4.8682e-01	1.0927e-04	1.1755e-36	1.1755e-36	1.1755e-36	1.2365e-17	0.00e+00	0.00e+00	9.8357e+00
2.16483e+17	5.5675e+03	9.494e-21	7.7426e+01	4.3026e+01	3.2170e-08	4.6552e-01	5.3448e-01	7.6617e-01	2.3382e-01	1.0956e-05	1.1313e-10	8.9913e-03	9.7180e-01	1.9209e-02	1.1755e-36	5.2385e-01	4.7605e-01	1.0258e-04	1.1755e-36	1.1755e-36	1.1755e-36	1.4297e-17	0.00e+00	0.00e+00	1.0012e+01
2.17253e+17	5.5250e+03	9.231e-21	7.7426e+01	4.2149e+01	3.6016e-08	4.7616e-01	5.2384e-01	7.7078e-01	2.2921e-01	1.0779e-05	1.2357e-10	8.8418e-03	9.7243e-01	1.8725e-02	1.1755e-36	5.3458e-01	4.6532e-01	9.6356e-05	1.1755e-36	1.1755e-36	1.1755e-36	1.6605e-17	0.00e+00	0.00e+00	1.0190e+01
2.17991e+17	5.4852e+03	8.980e-21	7.7426e+01	4.1330e+01	4.0134e-08	4.8660e-01	5.1340e-01	7.7512e-01	2.2487e-01	1.0613e-05	1.3482e-10	8.7007e-03	9.7303e-01	1.8265e-02	1.1755e-36	5.4505e-01	4.5486e-01	9.0649e-05	1.1755e-36	1.1755e-36	1.1755e-36	1.9282e-17	0.00e+00	0.00e+00	1.0360e+01
2.18696e+17	5.4450e+03	8.737e-21	7.7426e+01	4.0522e+01	4.4634e-08	4.9662e-01	5.0338e-01	7.7919e-01	2.2080e-01	1.0463e-05	1.4670e-10	8.5601e-03	9.7360e-01	1.7837e-02	1.1755e-36	5.5507e-01	4.4485e-01	8.5484e-05	1.1755e-36	1.1755e-36	1.1755e-36	2.2335e-17	0.00e+00	0.00e+00	1.0529e+01
2.19390e+17	5.4040e+03	8.496e-21	7.7426e+01	3.9722e+01	4.9677e-08	5.0659e-01	4.9341e-01	7.8315e-01	2.1684e-01	1.0318e-05	1.5975e-10	8.4199e-03	9.7416e-01	1.7423e-02	1.1755e-36	5.6498e-01	4.3493e-01	8.0643e-05	1.1755e-36	1.1755e-36	1.1755e-36	2.5956e-17	0.00e+00	0.00e+00	1.0700e+01
2.20075e+17	5.3618e+03	8.256e-21	7.7426e+01	3.8906e+01	5.5339e-08	5.1643e-01	4.8357e-01	7.8698e-01	2.1301e-01	1.0185e-05	1.7396e-10	8.2756e-03	9.7470e-01	1.7029e-02	1.1755e-36	5.7473e-01	4.2520e-01	7.6129e-05	1.1755e-36	1.1755e-36	1.1755e-36	3.0226e-17	0.00e+00	0.00e+00	1.0872e+01
2.20747e+17	5.3120e+03	8.028e-21	7.7426e+01	3.8138e+01	6.2341e-08	5.2666e-01	4.7334e-01	7.9090e-01	2.0909e-01	1.0031e-05	1.9094e-10	8.1415e-03	9.7524e-01	1.6622e-02	1.1755e-36	5.8482e-01	4.1511e-01	7.1807e-05	1.1755e-36	1.1755e-36	1.1755e-36	3.5811e-17	0.00e+00	0.00e+00	1.1043e+01
2.21376e+17	5.2769e+03	7.804e-21	7.7426e+01	3.7366e+01	6.8489e-08	5.3547e-01	4.6453e-01	7.9402e-01	2.0597e-01	9.9440e-06	2.0616e-10	8.0005e-03	9.7570e-01	1.6297e-02	1.1755e-36	5.9346e-01	4.0647e-01	6.8140e-05	1.1755e-36	1.1755e-36	1.1755e-36	4.1196e-17	0.00e+00	0.00e+00	1.1198e+01
2.22001e+17	5.2264e+03	7.588e-21	7.7426e+01	3.6612e+01	7.7011e-08	5.4501e-01	4.5499e-01	7.9757e-01	2.0242e-01	9.8121e-06	2.2586e-10	7.8672e-03	9.7620e-01	1.5933e-02	1.1755e-36	6.0280e-01	3.9713e-01	6.4494e-05	1.1755e-36	1.1755e-36	1.1755e-36	4.8832e-17	0.00e+00	0.00e+00	1.1373e+01
2.22629e+17	5.1780e+03	7.376e-21	7.7426e+01	3.5884e+01	8.6446e-08	5.5464e-01	4.4536e-01	8.0099e-01	1.9900e-01	9.6874e-06	2.4798e-10	7.7368e-03	9.7668e-01	1.5583e-02	1.1755e-36	6.1218e-01	3.8776e-01	6.1026e-05	1.1755e-36	1.1755e-36	1.1755e-36	5.8182e-17	0.00e+00	0.00e+00	1.1535e+01
2.23199e+17	5.1413e+03	7.175e-21	7.7426e+01	3.5181e+01	9.4925e-08	5.6285e-01	4.3715e-01	8.0378e-01	1.9621e-01	9.6088e-06	2.6813e-10	7.6072e-03	9.7709e-01	1.5298e-02	1.1755e-36	6.2015e-01	3.7979e-01	5.8104e-05	1.1755e-36	1.1755e-36	1.1755e-36	6.7375e-17	0.00e+00	0.00e+00	1.1685e+01
2.23778e+17	5.0882e+03	6.978e-21	7.7426e+01	3.4471e+01	1.0698e-07	5.7188e-01	4.2812e-01	8.0694e-01	1.9305e-01	9.4946e-06	2.9492e-10	7.4802e-03	9.7754e-01	1.4977e-02	1.1755e-36	6.2887e-01	3.7108e-01	5.5165e-05	1.1755e-36	1.1755e-36	1.1755e-36	8.0880e-17	0.00e+00	0.00e+00	1.1856e+01
2.24355e+17	5.0389e+03	6.785e-21	7.7426e+01	3.3791e+01	1.2002e-07	5.8083e-01	4.1917e-01	8.0994e-01	1.9005e-01	9.3892e-06	3.2459e-10	7.3570e-03	9.7797e-01	1.4672e-02	1.1755e-36	6.3749e-01	3.6245e-01	5.2387e-05	1.1755e-36	1.1755e-36	1.1755e-36	9.7220e-17	0.00e+00	0.00e+00	1.2010e+01
2.24875e+17	5.0004e+03	6.606e-21	7.7426e+01	3.3142e+01	1.3187e-07	5.8844e-01	4.1156e-01	8.1238e-01	1.8761e-01	9.3247e-06	3.5183e-10	7.2362e-03	9.7834e-01	1.4425e-02	1.1755e-36	6.4478e-01	3.5517e-01	5.0056e-05	1.1755e-36	1.1755e-36	1.1755e-36	1.1351e-16	0.00e+00	0.00e+00	1.2153e+01
2.25403e+17	4.9469e+03	6.430e-21	7.7426e+01	3.2489e+01	1.4837e-07	5.9674e-01	4.0326e-01	8.1518e-01	1.8482e-01	9.2251e-06	3.8300e-10	7.1186e-03	9.7875e-01	1.4131e-02	1.1755e-36	6.5273e-01	3.4722e-01	4.7701e-05	1.1755e-36	1.1755e-36	1.1755e-36	1.3374e-16	0.00e+00	0.00e+00	1.2316e+01
2.25930e+17	4.8960e+03	6.258e-21	7.7426e+01	3.1862e+01	1.6651e-07	6.0504e-01	3.9496e-01	8.1785e-01	1.8214e-01	9.1310e-06	4.1723e-10	7.0045e-03	9.7915e-01	1.3849e-02	1.1755e-36	6.6064e-01	3.3931e-01	4.5458e-05	1.1755e-36	1.1755e-36	1.1755e-36	1.5788e-16	0.00e+00	0.00e+00	1.2463e+01
2.26409e+17	4.8571e+03	6.097e-21	7.7426e+01	3.1262e+01	1.8271e-07	6.1204e-01	3.8796e-01	8.1999e-01	1.8000e-01	9.0783e-06	4.4785e-10	6.8921e-03	9.7949e-01	1.3622e-02	1.1755e-36	6.6729e-01	3.3267e-01	4.3570e-05	1.1755e-36	1.1755e-36	1.1755e-36	1.8118e-16	0.00e+00	0.00e+00	1.2600e+01
2.26897e+17	4.8021e+03	5.938e-21	7.7426e+01	3.0654e+01	2.0595e-07	6.1979e-01	3.8021e-01	8.2252e-01	1.7747e-01	8.9883e-06	4.8801e-10	6.7825e-03	9.7986e-01	1.3358e-02	1.1755e-36	6.7463e-01	3.2533e-01	4.1639e-05	1.1755e-36	1.1755e-36	1.1755e-36	2.1465e-16	0.00e+00	0.00e+00	1.2757e+01
2.27385e+17	4.7514e+03	5.783e-21	7.7426e+01	3.0073e+01	2.3092e-07	6.2745e-01	3.7255e-01	8.2490e-01	1.7509e-01	8.9069e-06	5.3145e-10	6.6762e-03	9.8022e-01	1.3108e-02	1.1755e-36	6.8186e-01	3.1810e-01	3.9804e-05	1.1755e-36	1.1755e-36	1.1755e-36	2.5400e-16	0.00e+00	0.00e+00	1.2898e+01
2.27826e+17	4.7113e+03	5.640e-21	7.7426e+01	2.9522e+01	2.5362e-07	6.3394e-01	3.6606e-01	8.2682e-01	1.7317e-01	8.8596e-06	5.7076e-10	6.5732e-03	9.8052e-01	1.2904e-02	1.1755e-36	6.8796e-01	3.1200e-01	3.8256e-05	1.1755e-36	1.1755e-36	1.1755e-36	2.9251e-16	0.00e+00	0.00e+00	1.3029e+01
2.28274e+17	4.6581e+03	5.498e-21	7.7426e+01	2.8965e+01	2.8503e-07	6.4102e-01	3.5898e-01	8.2905e-01	1.7094e-01	8.7819e-06	6.2135e-10	6.4722e-03	9.8086e-01	1.2670e-02	1.1755e-36	6.9462e-01	3.0535e-01	3.6675e-05	1.1755e-36	1.1755e-36	1.1755e-36	3.4670e-16	0.00e+00	0.00e+00	1.3177e+01
2.28726e+17	4.6072e+03	5.359e-21	7.7426e+01	2.8431e+01	3.1957e-07	6.4813e-01	3.5187e-01	8.3123e-01	1.6876e-01	8.7059e-06	6.7715e-10	6.3750e-03	9.8118e-01	1.2444e-02	1.1755e-36	7.0127e-01	2.9870e-01	3.5150e-05	1.1755e-36	1.1755e-36	1.1755e-36	4.1167e-16	0.00e+00	0.00e+00	1.3313e+01
2.29139e+17	4.5670e+03	5.230e-21	7.7426e+01	2.7918e+01	3.5091e-07	6.5416e-01	3.4584e-01	8.3296e-01	1.6703e-01	8.6654e-06	7.2758e-10	6.2783e-03	9.8146e-01	1.2259e-02	1.1755e-36	7.0690e-01	2.9307e-01	3.3850e-05	1.1755e-36	1.1755e-36	1.1755e-36	4.7529e-16	0.00e+00	0.00e+00	1.3441e+01
2.29561e+17	4.5190e+03	5.099e-21	7.7426e+01	2.7397e+01	3.9094e-07	6.6059e-01	3.3941e-01	8.3489e-01	1.6510e-01	8.6074e-06	7.8920e-10	6.1821e-03	9.8176e-01	1.2056e-02	1.1755e-36	7.1287e-01	2.8710e-01	3.2536e-05	1.1755e-36	1.1755e-36	1.1755e-36	5.5974e-16	0.00e+00	0.00e+00	1.3584e+01
2.30001e+17	4.4664e+03	4.968e-21	7.7426e+01	2.6879e+01	4.4005e-07	6.6747e-01	3.3253e-01	8.3699e-01	1.6301e-01	8.5339e-06	8.6360e-10	6.0879e-03	9.8207e-01	1.1840e-02	1.1755e-36	7.1926e-01	2.8071e-01	3.1197e-05	1.1755e-36	1.1755e-36	1.1755e-36	6.7090e-16	0.00e+00	0.00e+00	1.3726e+01
2.30413e+17	4.4199e+03	4.845e-21	7.7426e+01	2.6367e+01	4.8879e-07	6.7351e-01	3.2649e-01	8.3867e-01	1.6133e-01	8.4936e-06	9.3513e-10	5.9924e-03	9.8235e-01	1.1660e-02	1.1755e-36	7.2484e-01	2.7513e-01	3.0038e-05	1.1755e-36	1.1755e-36	1.1755e-36	7.8833e-16	0.00e+00	0.00e+00	1.3854e+01
2.30803e+17	4.3700e+03	4.731e-21	7.7426e+01	2.5912e+01	5.4649e-07	6.7965e-01	3.2035e-01	8.4053e-01	1.5946e-01	8.4251e-06	1.0183e-09	5.9105e-03	9.8262e-01	1.1469e-02	1.1755e-36	7.3051e-01	2.6946e-01	2.8923e-05	1.1755e-36	1.1755e-36	1.1755e-36	9.3631e-16	0.00e+00	0.00e+00	1.3984e+01
2.31183e+17	4.3252e+03	4.620e-21	7.7426e+01	2.5441e+01	6.0433e-07	6.8518e-01	3.1482e-01	8.4207e-01	1.5793e-01	8.3884e-06	1.0996e-09	5.8229e-03	9.8287e-01	1.1304e-02	1.1755e-36	7.3561e-01	2.6437e-01	2.7921e-05	1.1755e-36	1.1755e-36	1.1755e-36	1.0943e-15	0.00e+00	0.00e+00	1.4108e+01
2.31561e+17	4.2757e+03	4.513e-21	7.7426e+01	2.5005e+01	6.7500e-07	6.9110e-01	3.0890e-01	8.4387e-01	1.5612e-01	8.3211e-06	1.1979e-09	5.7448e-03	9.8313e-01	1.1121e-02	1.1755e-36	7.4104e-01	2.5893e-01	2.6903e-05	1.1755e-36	1.1755e-36	1.1755e-36	1.3007e-15	0.00e+00	0.00e+00	1.4239e+01
2.31939e+17	4.2269e+03	4.406e-21	7.7426e+01	2.4553e+01	7.5227e-07	6.9675e-01	3.0324e-01	8.4549e-01	1.5450e-01	8.2713e-06	1.3018e-09	5.6625e-03	9.8339e-01	1.0952e-02	1.1755e-36	7.4623e-01	2.5375e-01	2.5951e-05	1.1755e-36	1.1755e-36	1.1755e-36	1.5398e-15	0.00e+00	0.00e+00	1.4364e+01
2.32303e+17	4.1792e+03	4.304e-21	7.7426e+01	2.4105e+01	8.3526e-07	7.0206e-01	2.9794e-01	8.4697e-01	1.5303e-01	8.2326e-06	1.4098e-09	5.5805e-03	9.8362e-01	1.0795e-02	1.1755e-36	7.5108e-01	2.4889e-01	2.5076e-05	1.1755e-36	1.1755e-36	1.1755e-36	1.8113e-15	0.00e+00	0.00e+00	1.4488e+01
2.32664e+17	4.1316e+03	4.205e-21	7.7426e+01	2.3680e+01	9.2747e-07	7.0741e-01	2.9259e-01	8.4851e-01	1.5149e-01	8.1848e-06	1.5291e-09	5.5033e-03	9.8386e-01	1.0635e-02	1.1755e-36	7.5597e-01	2.4401e-01	2.4219e-05	1.1755e-36	1.1755e-36	1.1755e-36	2.1354e-15	0.00e+00	0.00e+00	1.4613e+01
2.33027e+17	4.0814e+03	4.107e-21	7.7426e+01	2.3264e+01	1.0347e-06	7.1292e-01	2.8708e-01	8.5014e-01	1.4985e-01	8.1259e-06	1.6654e-09	5.4295e-03	9.8410e-01	1.0470e-02	1.1755e-36	7.6098e-01	2.3899e-01	2.3370e-05	1.1755e-36	1.1755e-36	1.1755e-36	2.5374e-15	0.00e+00	0.00e+00	1.4740e+01
2.33384e+17	4.0341e+03	4.011e-21	7.7426e+01	2.2836e+01	1.1456e-06	7.1801e-01	2.8199e-01	8.5154e-01	1.4845e-01	8.0898e-06	1.8021e-09	5.3514e-03	9.8433e-01	1.0322e-02	1.1755e-36	7.6561e-01	2.3436e-01	2.2590e-05	1.1755e-36	1.1755e-36	1.1755e-36	2.9778e-15	0.00e+00	0.00e+00	1.4863e+01
2.33741e+17	3.9831e+03	3.918e-21	7.7426e+01	2.2433e+01	1.2769e-06	7.2340e-01	2.7660e-01	8.5314e-01	1.4685e-01	8.0304e-06	1.9618e-09	5.2806e-03	9.8456e-01	1.0161e-02	1.1755e-36	7.7049e-01	2.2948e-01	2.1801e-05	1.1755e-36	1.1755e-36	1.1755e-36	3.5340e-15	0.00e+00	0.00e+00	1.4991e+01
###########################
5.57720e+13	6.1768e+03	1.903e-20	7.7426e+01	8.1276e+01	2.6025e-11	2.7441e-02	9.7256e-01	1.3370e-01	8.6611e-01	1.8837e-04	6.2624e-14	5.5931e-03	7.3627e-01	2.5813e-01	8.6931e-06	3.2777e-02	9.4578e-01	2.1442e-02	3.2693e-07	1.1755e-36	1.1755e-36	5.7541e-22	0.00e+00	0.00e+00	1.4966e-03
3.34632e+14	6.1681e+03	1.897e-20	7.7426e+01	8.1125e+01	2.6134e-11	2.7381e-02	9.7262e-01	1.3365e-01	8.6617e-01	1.8836e-04	6.2213e-14	5.5679e-03	7.3623e-01	2.5820e-01	8.7136e-06	3.2708e-02	9.4582e-01	2.1477e-02	3.2714e-07	1.1755e-36	1.1755e-36	5.6884e-22	0.00e+00	0.00e+00	7.4702e-03
1.45007e+15	6.1456e+03	1.887e-20	7.7426e+01	8.1099e+01	2.6791e-11	2.7419e-02	9.7258e-01	1.3435e-01	8.6546e-01	1.8661e-04	6.2498e-14	5.5746e-03	7.3745e-01	2.5697e-01	8.6213e-06	3.2766e-02	9.4587e-01	2.1366e-02	3.2109e-07	1.1755e-36	1.1755e-36	5.6919e-22	0.00e+00	0.00e+00	3.1397e-02
5.91183e+15	6.0756e+03	1.864e-20	7.7426e+01	8.1042e+01	2.9671e-11	2.7852e-02	9.7215e-01	1.3766e-01	8.6216e-01	1.7885e-04	6.5147e-14	5.6612e-03	7.4284e-01	2.5149e-01	8.1981e-06	3.3337e-02	9.4595e-01	2.0715e-02	2.9246e-07	1.1755e-36	1.1755e-36	5.9120e-22	0.00e+00	0.00e+00	1.2861e-01
1.41215e+16	5.8460e+03	1.786e-20	7.7426e+01	8.1025e+01	3.7074e-11	2.7743e-02	9.7226e-01	1.4207e-01	8.5776e-01	1.6896e-04	6.5139e-14	5.6977e-03	7.5040e-01	2.4389e-01	7.7425e-06	3.3305e-02	9.4644e-01	2.0258e-02	2.6661e-07	1.1755e-36	1.1755e-36	5.6279e-22	0.00e+00	0.00e+00	2.5451e-01
2.22043e+16	5.6406e+03	1.724e-20	7.7426e+01	8.1001e+01	4.5917e-11	2.7681e-02	9.7232e-01	1.4607e-01	8.5377e-01	1.6028e-04	6.5141e-14	5.7345e-03	7.5709e-01	2.3717e-01	7.3388e-06	3.3319e-02	9.4687e-01	1.9811e-02	2.4472e-07	1.1755e-36	1.1755e-36	5.3879e-22	0.00e+00	0.00e+00	3.4769e-01
2.84828e+16	5.5325e+03	1.694e-20	7.7426e+01	8.0949e+01	5.3186e-11	2.8023e-02	9.7198e-01	1.4986e-01	8.4998e-01	1.5282e-04	6.7219e-14	5.8156e-03	7.6280e-01	2.3137e-01	6.9480e-06	3.3796e-02	9.4702e-01	1.9187e-02	2.2235e-07	1.1755e-36	1.1755e-36	5.4841e-22	0.00e+00	0.00e+00	4.2541e-01
3.50054e+16	5.4646e+03	1.679e-20	7.7426e+01	8.0869e+01	6.1189e-11	2.8839e-02	9.7116e-01	1.5504e-01	8.4481e-01	1.4398e-04	7.2127e-14	5.9635e-03	7.6985e-01	2.2418e-01	6.4438e-06	3.4849e-02	9.4692e-01	1.8234e-02	1.9389e-07	1.1755e-36	1.1755e-36	5.9230e-22	0.00e+00	0.00e+00	5.2938e-01
4.34849e+16	5.4022e+03	1.662e-20	7.7426e+01	8.0710e+01	7.2083e-11	3.0067e-02	9.6993e-01	1.6224e-01	8.3763e-01	1.3308e-04	7.9800e-14	6.1731e-03	7.7895e-01	2.1487e-01	5.8160e-06	3.6419e-02	9.4662e-01	1.6960e-02	1.6055e-07	1.1755e-36	1.1755e-36	6.6600e-22	0.00e+00	0.00e+00	6.7030e-01
5.45081e+16	5.3302e+03	1.650e-20	7.7426e+01	8.0487e+01	9.0426e-11	3.2083e-02	9.6792e-01	1.7309e-01	8.2679e-01	1.1941e-04	9.3317e-14	6.4913e-03	7.9142e-01	2.0208e-01	5.0132e-06	3.8975e-02	9.4578e-01	1.5250e-02	1.1755e-36	1.1755e-36	1.1755e-36	8.0448e-22	0.00e+00	0.00e+00	8.6578e-01
6.88384e+16	5.2783e+03	1.645e-20	7.7426e+01	8.0254e+01	1.1919e-10	3.5402e-02	9.6460e-01	1.8966e-01	8.1024e-01	1.0324e-04	1.1845e-13	6.9748e-03	8.0808e-01	1.8494e-01	4.0430e-06	4.3150e-02	9.4383e-01	1.3018e-02	1.1755e-36	1.1755e-36	1.1755e-36	1.0875e-21	0.00e+00	0.00e+00	1.1462e+00
8.55620e+16	5.2626e+03	1.640e-20	7.7426e+01	7.9604e+01	1.6005e-10	4.0204e-02	9.5980e-01	2.1190e-01	7.8802e-01	8.7025e-05	1.6043e-13	7.5864e-03	8.2690e-01	1.6551e-01	3.0840e-06	4.9155e-02	9.4026e-01	1.0587e-02	1.1755e-36	1.1755e-36	1.1755e-36	1.6103e-21	0.00e+00	0.00e+00	1.4852e+00
1.02237e+17	5.2996e+03	1.648e-20	7.7426e+01	7.8903e+01	2.1229e-10	4.6793e-02	9.5321e-01	2.3961e-01	7.6031e-01	7.2864e-05	2.3082e-13	8.2998e-03	8.4609e-01	1.4561e-01	2.2526e-06	5.7329e-02	9.3438e-01	8.2869e-03	1.1755e-36	1.1755e-36	1.1755e-36	2.6115e-21	0.00e+00	0.00e+00	1.8536e+00
1.17649e+17	5.3846e+03	1.661e-20	7.7426e+01	7.8028e+01	2.7474e-10	5.5270e-02	9.4473e-01	2.7189e-01	7.2805e-01	6.1340e-05	3.4468e-13	9.0489e-03	8.6417e-01	1.2678e-01	1.6005e-06	6.7774e-02	9.2591e-01	6.3157e-03	1.1755e-36	1.1755e-36	1.1755e-36	4.4830e-21	0.00e+00	0.00e+00	2.2515e+00
1.31669e+17	5.4831e+03	1.678e-20	7.7426e+01	7.6969e+01	3.6137e-10	6.6149e-02	9.3385e-01	3.0904e-01	6.9090e-01	5.1788e-05	5.3295e-13	9.7959e-03	8.8097e-01	1.0924e-01	1.1065e-06	8.1089e-02	9.1421e-01	4.7037e-03	1.1755e-36	1.1755e-36	1.1755e-36	8.0769e-21	0.00e+00	0.00e+00	2.6822e+00
1.44129e+17	5.6005e+03	1.691e-20	7.7426e+01	7.5640e+01	4.7281e-10	7.9544e-02	9.2046e-01	3.4970e-01	6.5026e-01	4.3991e-05	8.3657e-13	1.0468e-02	8.9578e-01	9.3746e-02	7.5513e-07	9.7362e-02	8.9918e-01	3.4553e-03	1.1755e-36	1.1755e-36	1.1755e-36	1.4857e-20	0.00e+00	0.00e+00	3.1335e+00
1.54977e+17	5.7154e+03	1.698e-20	7.7426e+01	7.4108e+01	6.2485e-10	9.5671e-02	9.0433e-01	3.9253e-01	6.0743e-01	3.7677e-05	1.3209e-12	1.1034e-02	9.0860e-01	8.0363e-02	5.1301e-07	1.1679e-01	8.8068e-01	2.5240e-03	1.1755e-36	1.1755e-36	1.1755e-36	2.7503e-20	0.00e+00	0.00e+00	3.6056e+00
1.64448e+17	5.8197e+03	1.694e-20	7.7426e+01	7.2328e+01	8.3681e-10	1.1480e-01	8.8520e-01	4.3667e-01	5.6330e-01	3.2425e-05	2.0865e-12	1.1465e-02	9.1960e-01	6.8932e-02	3.4861e-07	1.3963e-01	8.5853e-01	1.8396e-03	1.1755e-36	1.1755e-36	1.1755e-36	5.0814e-20	0.00e+00	0.00e+00	4.1022e+00
1.72796e+17	5.9068e+03	1.678e-20	7.7426e+01	7.0325e+01	1.1422e-09	1.3742e-01	8.6258e-01	4.8108e-01	5.1889e-01	2.8102e-05	3.3002e-12	1.1762e-02	9.2908e-01	5.9154e-02	2.3706e-07	1.6636e-01	8.3230e-01	1.3376e-03	1.1755e-36	1.1755e-36	1.1755e-36	9.3951e-20	0.00e+00	0.00e+00	4.6296e+00
1.80224e+17	5.9746e+03	1.644e-20	7.7426e+01	6.7951e+01	1.5847e-09	1.6373e-01	8.3627e-01	5.2510e-01	4.7488e-01	2.4419e-05	5.1957e-12	1.1896e-02	9.3722e-01	5.0885e-02	1.6207e-07	1.9708e-01	8.0195e-01	9.7204e-04	1.1755e-36	1.1755e-36	1.1755e-36	1.7234e-19	0.00e+00	0.00e+00	5.1904e+00
1.86899e+17	6.0255e+03	1.592e-20	7.7426e+01	6.5299e+01	2.2267e-09	1.9413e-01	8.0587e-01	5.6804e-01	4.3194e-01	2.1278e-05	8.1581e-12	1.1884e-02	9.4428e-01	4.3838e-02	1.1755e-36	2.3209e-01	7.6720e-01	7.0507e-04	1.1755e-36	1.1755e-36	1.1755e-36	3.1538e-19	0.00e+00	0.00e+00	5.7924e+00
1.92957e+17	6.0304e+03	1.523e-20	7.7426e+01	6.2334e+01	3.2749e-09	2.2950e-01	7.7050e-01	6.0952e-01	3.9046e-01	1.8588e-05	1.2861e-11	1.1736e-02	9.5051e-01	3.7755e-02	1.1755e-36	2.7222e-01	7.2727e-01	5.0970e-04	1.1755e-36	1.1755e-36	1.1755e-36	5.8262e-19	0.00e+00	0.00e+00	6.4401e+00
1.98270e+17	6.0143e+03	1.438e-20	7.7426e+01	5.9125e+01	4.8120e-09	2.6785e-01	7.3215e-01	6.4648e-01	3.5351e-01	1.6471e-05	1.9787e-11	1.1450e-02	9.5572e-01	3.2826e-02	1.1755e-36	3.1498e-01	6.8465e-01	3.7284e-04	1.1755e-36	1.1755e-36	1.1755e-36	1.0507e-18	0.00e+00	0.00e+00	7.0758e+00
2.02486e+17	5.9751e+03	1.350e-20	7.7426e+01	5.6075e+01	6.8338e-09	3.0425e-01	6.9575e-01	6.7544e-01	3.2455e-01	1.4981e-05	2.8497e-11	1.1096e-02	9.5969e-01	2.9217e-02	1.1755e-36	3.5486e-01	6.4485e-01	2.8512e-04	1.1755e-36	1.1755e-36	1.1755e-36	1.7503e-18	0.00e+00	0.00e+00	7.6079e+00
2.05590e+17	5.9258e+03	1.275e-20	7.7426e+01	5.3565e+01	9.1296e-09	3.3485e-01	6.6515e-01	6.9656e-01	3.0343e-01	1.3960e-05	3.7850e-11	1.0764e-02	9.6252e-01	2.6715e-02	1.1755e-36	3.8787e-01	6.1189e-01	2.3111e-04	1.1755e-36	1.1755e-36	1.1755e-36	2.6284e-18	0.00e+00	0.00e+00	8.0386e+00
2.08029e+17	5.8717e+03	1.209e-20	7.7426e+01	5.1428e+01	1.1700e-08	3.6107e-01	6.3893e-01	7.1294e-01	2.8705e-01	1.3204e-05	4.7702e-11	1.0459e-02	9.6471e-01	2.4827e-02	1.1755e-36	4.1580e-01	5.8400e-01	1.9446e-04	1.1755e-36	1.1755e-36	1.1755e-36	3.6878e-18	0.00e+00	0.00e+00	8.4351e+00
2.09663e+17	5.8339e+03	1.163e-20	7.7426e+01	4.9930e+01	1.3847e-08	3.7944e-01	6.2056e-01	7.2287e-01	2.7712e-01	1.2785e-05	5.5665e-11	1.0232e-02	9.6605e-01	2.3713e-02	1.1755e-36	4.3517e-01	5.6466e-01	1.7336e-04	1.1755e-36	1.1755e-36	1.1755e-36	4.6543e-18	0.00e+00	0.00e+00	8.6247e+00
2.10504e+17	5.8059e+03	1.139e-20	7.7426e+01	4.9131e+01	1.5261e-08	3.8939e-01	6.1061e-01	7.2834e-01	2.7165e-01	1.2539e-05	6.0528e-11	1.0110e-02	9.6677e-01	2.3119e-02	1.1755e-36	4.4560e-01	5.5424e-01	1.6305e-04	1.1755e-36	1.1755e-36	1.1755e-36	5.2866e-18	0.00e+00	0.00e+00	8.7503e+00
2.11190e+17	5.7835e+03	1.118e-20	7.7426e+01	4.8458e+01	1.6526e-08	3.9768e-01	6.0232e-01	7.3289e-01	2.6710e-01	1.2340e-05	6.4873e-11	1.0005e-02	9.6738e-01	2.2618e-02	1.1755e-36	4.5424e-01	5.4560e-01	1.5480e-04	1.1755e-36	1.1755e-36	1.1755e-36	5.8765e-18	0.00e+00	0.00e+00	8.8886e+00
2.12008e+17	5.7488e+03	1.093e-20	7.7426e+01	4.7648e+01	1.8366e-08	4.0806e-01	5.9194e-01	7.3853e-01	2.6145e-01	1.2085e-05	7.0811e-11	9.8792e-03	9.6813e-01	2.1994e-02	1.1755e-36	4.6504e-01	5.3481e-01	1.4520e-04	1.1755e-36	1.1755e-36	1.1755e-36	6.7289e-18	0.00e+00	0.00e+00	9.0732e+00
2.12932e+17	5.7160e+03	1.064e-20	7.7426e+01	4.6742e+01	2.0534e-08	4.1979e-01	5.8021e-01	7.4454e-01	2.5545e-01	1.1826e-05	7.8032e-11	9.7336e-03	9.6893e-01	2.1341e-02	1.1755e-36	4.7717e-01	5.2270e-01	1.3513e-04	1.1755e-36	1.1755e-36	1.1755e-36	7.8323e-18	0.00e+00	0.00e+00	9.2628e+00
2.13832e+17	5.6807e+03	1.035e-20	7.7426e+01	4.5810e+01	2.2978e-08	4.3134e-01	5.6866e-01	7.5017e-01	2.4981e-01	1.1595e-05	8.5758e-11	9.5809e-03	9.6969e-01	2.0733e-02	1.1755e-36	4.8904e-01	5.1083e-01	1.2600e-04	1.1755e-36	1.1755e-36	1.1755e-36	9.1002e-18	0.00e+00	0.00e+00	9.4472e+00
2.14680e+17	5.6440e+03	1.007e-20	7.7426e+01	4.4899e+01	2.5656e-08	4.4242e-01	5.5758e-01	7.5539e-01	2.4459e-01	1.1387e-05	9.3858e-11	9.4294e-03	9.7040e-01	2.0174e-02	1.1755e-36	5.0039e-01	4.9949e-01	1.1788e-04	1.1755e-36	1.1755e-36	1.1755e-36	1.0528e-17	0.00e+00	0.00e+00	9.6251e+00
2.15485e+17	5.6078e+03	9.798e-21	7.7426e+01	4.4026e+01	2.8550e-08	4.5314e-01	5.4686e-01	7.6030e-01	2.3969e-01	1.1194e-05	1.0243e-10	9.2824e-03	9.7106e-01	1.9653e-02	1.1755e-36	5.1131e-01	4.8858e-01	1.1057e-04	1.1755e-36	1.1755e-36	1.1755e-36	1.2148e-17	0.00e+00	0.00e+00	9.7996e+00
2.16267e+17	5.5705e+03	9.534e-21	7.7426e+01	4.3168e+01	3.1782e-08	4.6378e-01	5.3622e-01	7.6504e-01	2.3495e-01	1.1009e-05	1.1176e-10	9.1366e-03	9.7171e-01	1.9151e-02	1.1755e-36	5.2210e-01	4.7780e-01	1.0379e-04	1.1755e-36	1.1755e-36	1.1755e-36	1.4039e-17	0.00e+00	0.00e+00	9.9757e+00
2.17038e+17	5.5317e+03	9.272e-21	7.7426e+01	4.2314e+01	3.5434e-08	4.7445e-01	5.2555e-01	7.6966e-01	2.3033e-01	1.0832e-05	1.2203e-10	8.9901e-03	9.7234e-01	1.8666e-02	1.1755e-36	5.3286e-01	4.6705e-01	9.7460e-05	1.1755e-36	1.1755e-36	1.1755e-36	1.6280e-17	0.00e+00	0.00e+00	1.0153e+01
2.17791e+17	5.4904e+03	9.014e-21	7.7426e+01	4.1467e+01	3.9591e-08	4.8505e-01	5.1495e-01	7.7411e-01	2.2588e-01	1.0662e-05	1.3330e-10	8.8436e-03	9.7296e-01	1.8200e-02	1.1755e-36	5.4350e-01	4.5641e-01	9.1590e-05	1.1755e-36	1.1755e-36	1.1755e-36	1.8940e-17	0.00e+00	0.00e+00	1.0329e+01
2.18515e+17	5.4476e+03	8.766e-21	7.7426e+01	4.0636e+01	4.4246e-08	4.9537e-01	5.0463e-01	7.7833e-01	2.2166e-01	1.0504e-05	1.4545e-10	8.6989e-03	9.7354e-01	1.7761e-02	1.1755e-36	5.5383e-01	4.4608e-01	8.6244e-05	1.1755e-36	1.1755e-36	1.1755e-36	2.2049e-17	0.00e+00	0.00e+00	1.0500e+01
2.19204e+17	5.4057e+03	8.527e-21	7.7426e+01	3.9833e+01	4.9266e-08	5.0526e-01	4.9474e-01	7.8224e-01	2.1775e-01	1.0362e-05	1.5826e-10	8.5574e-03	9.7409e-01	1.7355e-02	1.1755e-36	5.6367e-01	4.3625e-01	8.1420e-05	1.1755e-36	1.1755e-36	1.1755e-36	2.5594e-17	0.00e+00	0.00e+00	1.0666e+01
2.19869e+17	5.3637e+03	8.297e-21	7.7426e+01	3.9054e+01	5.4807e-08	5.1493e-01	4.8507e-01	7.8601e-01	2.1398e-01	1.0226e-05	1.7214e-10	8.4193e-03	9.7461e-01	1.6967e-02	1.1755e-36	5.7325e-01	4.2667e-01	7.6964e-05	1.1755e-36	1.1755e-36	1.1755e-36	2.9745e-17	0.00e+00	0.00e+00	1.0831e+01
2.20524e+17	5.3214e+03	8.069e-21	7.7426e+01	3.8284e+01	6.0982e-08	5.2454e-01	4.7546e-01	7.8966e-01	2.1033e-01	1.0096e-05	1.8741e-10	8.2818e-03	9.7513e-01	1.6591e-02	1.1755e-36	5.8274e-01	4.1719e-01	7.2775e-05	1.1755e-36	1.1755e-36	1.1755e-36	3.4685e-17	0.00e+00	0.00e+00	1.0999e+01
2.21171e+17	5.2792e+03	7.841e-21	7.7426e+01	3.7503e+01	6.7806e-08	5.3397e-01	4.6603e-01	7.9317e-01	2.0682e-01	9.9783e-06	2.0396e-10	8.1410e-03	9.7562e-01	1.6235e-02	1.1755e-36	5.9200e-01	4.0793e-01	6.8864e-05	1.1755e-36	1.1755e-36	1.1755e-36	4.0485e-17	0.00e+00	0.00e+00	1.1167e+01
2.21813e+17	5.2292e+03	7.623e-21	7.7426e+01	3.6761e+01	7.6325e-08	5.4387e-01	4.5613e-01	7.9682e-01	2.0317e-01	9.8388e-06	2.2405e-10	8.0087e-03	9.7613e-01	1.5861e-02	1.1755e-36	6.0169e-01	3.9825e-01	6.5073e-05	1.1755e-36	1.1755e-36	1.1755e-36	4.8198e-17	0.00e+00	0.00e+00	1.1337e+01
2.22419e+17	5.1895e+03	7.410e-21	7.7426e+01	3.6008e+01	8.4330e-08	5.5258e-01	4.4742e-01	7.9985e-01	2.0014e-01	9.7509e-06	2.4292e-10	7.8700e-03	9.7657e-01	1.5556e-02	1.1755e-36	6.1018e-01	3.8976e-01	6.1806e-05	1.1755e-36	1.1755e-36	1.1755e-36	5.6059e-17	0.00e+00	0.00e+00	1.1491e+01
2.23007e+17	5.1402e+03	7.208e-21	7.7426e+01	3.5293e+01	9.4507e-08	5.6161e-01	4.3839e-01	8.0303e-01	1.9696e-01	9.6387e-06	2.6597e-10	7.7408e-03	9.7703e-01	1.5231e-02	1.1755e-36	6.1895e-01	3.8099e-01	5.8668e-05	1.1755e-36	1.1755e-36	1.1755e-36	6.6578e-17	0.00e+00	0.00e+00	1.1657e+01
2.23589e+17	5.0924e+03	7.011e-21	7.7426e+01	3.4605e+01	1.0575e-07	5.7060e-01	4.2940e-01	8.0611e-01	1.9388e-01	9.5303e-06	2.9168e-10	7.6153e-03	9.7746e-01	1.4920e-02	1.1755e-36	6.2764e-01	3.7231e-01	5.5704e-05	1.1755e-36	1.1755e-36	1.1755e-36	7.9375e-17	0.00e+00	0.00e+00	1.1813e+01
2.24133e+17	5.0524e+03	6.823e-21	7.7426e+01	3.3933e+01	1.1660e-07	5.7860e-01	4.2140e-01	8.0878e-01	1.9121e-01	9.4525e-06	3.1666e-10	7.4903e-03	9.7786e-01	1.4653e-02	1.1755e-36	6.3536e-01	3.6459e-01	5.3116e-05	1.1755e-36	1.1755e-36	1.1755e-36	9.2850e-17	0.00e+00	0.00e+00	1.1962e+01
2.24679e+17	5.0014e+03	6.639e-21	7.7426e+01	3.3259e+01	1.3088e-07	5.8712e-01	4.1288e-01	8.1165e-01	1.8834e-01	9.3537e-06	3.4829e-10	7.3674e-03	9.7827e-01	1.4365e-02	1.1755e-36	6.4353e-01	3.5642e-01	5.0555e-05	1.1755e-36	1.1755e-36	1.1755e-36	1.1165e-16	0.00e+00	0.00e+00	1.2125e+01
2.25222e+17	4.9509e+03	6.459e-21	7.7426e+01	3.2614e+01	1.4684e-07	5.9565e-01	4.0435e-01	8.1445e-01	1.8554e-01	9.2546e-06	3.7951e-10	7.2493e-03	9.7868e-01	1.4073e-02	1.1755e-36	6.5169e-01	3.4826e-01	4.8120e-05	1.1755e-36	1.1755e-36	1.1755e-36	1.3167e-16	0.00e+00	0.00e+00	1.2276e+01
2.25721e+17	4.9091e+03	6.291e-21	7.7426e+01	3.1987e+01	1.6194e-07	6.0301e-01	3.9699e-01	8.1677e-01	1.8323e-01	9.1926e-06	4.0837e-10	7.1318e-03	9.7904e-01	1.3831e-02	1.1755e-36	6.5872e-01	3.4123e-01	4.6044e-05	1.1755e-36	1.1755e-36	1.1755e-36	1.5173e-16	0.00e+00	0.00e+00	1.2417e+01
2.26216e+17	4.8542e+03	6.131e-21	7.7426e+01	3.1392e+01	1.8263e-07	6.1107e-01	3.8893e-01	8.1945e-01	1.8054e-01	9.0888e-06	4.4551e-10	7.0243e-03	9.7942e-01	1.3554e-02	1.1755e-36	6.6638e-01	3.3357e-01	4.3959e-05	1.1755e-36	1.1755e-36	1.1755e-36	1.7987e-16	0.00e+00	0.00e+00	1.2570e+01
2.26698e+17	4.8158e+03	5.969e-21	7.7426e+01	3.0784e+01	2.0030e-07	6.1802e-01	3.8198e-01	8.2149e-01	1.7850e-01	9.0454e-06	4.7823e-10	6.9082e-03	9.7976e-01	1.3336e-02	1.1755e-36	6.7296e-01	3.2700e-01	4.2131e-05	1.1755e-36	1.1755e-36	1.1755e-36	2.0661e-16	0.00e+00	0.00e+00	1.2707e+01
2.27181e+17	4.7652e+03	5.812e-21	7.7426e+01	3.0186e+01	2.2430e-07	6.2554e-01	3.7446e-01	8.2391e-01	1.7608e-01	8.9650e-06	5.1983e-10	6.7976e-03	9.8012e-01	1.3086e-02	1.1755e-36	6.8006e-01	3.1990e-01	4.0285e-05	1.1755e-36	1.1755e-36	1.1755e-36	2.4354e-16	0.00e+00	0.00e+00	1.2864e+01
2.27676e+17	4.7146e+03	5.654e-21	7.7426e+01	2.9580e+01	2.5160e-07	6.3315e-01	3.6685e-01	8.2625e-01	1.7375e-01	8.8925e-06	5.6638e-10	6.6847e-03	9.8047e-01	1.2843e-02	1.1755e-36	6.8723e-01	3.1273e-01	3.8492e-05	1.1755e-36	1.1755e-36	1.1755e-36	2.8866e-16	0.00e+00	0.00e+00	1.3012e+01
2.28137e+17	4.6661e+03	5.509e-21	7.7426e+01	2.9018e+01	2.8078e-07	6.4023e-01	3.5977e-01	8.2838e-01	1.7161e-01	8.8271e-06	6.1478e-10	6.5800e-03	9.8080e-01	1.2621e-02	1.1755e-36	6.9387e-01	3.0610e-01	3.6892e-05	1.1755e-36	1.1755e-36	1.1755e-36	3.3990e-16	0.00e+00	0.00e+00	1.3150e+01
2.28570e+17	4.6130e+03	5.375e-21	7.7426e+01	2.8487e+01	3.1537e-07	6.4710e-01	3.5290e-01	8.3050e-01	1.6950e-01	8.7524e-06	6.6907e-10	6.4832e-03	9.8112e-01	1.2401e-02	1.1755e-36	7.0031e-01	2.9965e-01	3.5421e-05	1.1755e-36	1.1755e-36	1.1755e-36	4.0296e-16	0.00e+00	0.00e+00	1.3284e+01
2.28976e+17	4.5709e+03	5.249e-21	7.7426e+01	2.7997e+01	3.4742e-07	6.5324e-01	3.4676e-01	8.3232e-01	1.6767e-01	8.6993e-06	7.2050e-10	6.3912e-03	9.8140e-01	1.2213e-02	1.1755e-36	7.0604e-01	2.9392e-01	3.4112e-05	1.1755e-36	1.1755e-36	1.1755e-36	4.6724e-16	0.00e+00	0.00e+00	1.3408e+01
2.29380e+17	4.5182e+03	5.127e-21	7.7426e+01	2.7513e+01	3.9010e-07	6.5980e-01	3.4020e-01	8.3437e-01	1.6562e-01	8.6199e-06	7.8493e-10	6.3037e-03	9.8169e-01	1.2002e-02	1.1755e-36	7.1215e-01	2.8782e-01	3.2805e-05	1.1755e-36	1.1755e-36	1.1755e-36	5.5530e-16	0.00e+00	0.00e+00	1.3544e+01
2.29781e+17	4.4802e+03	5.003e-21	7.7426e+01	2.7017e+01	4.2661e-07	6.6551e-01	3.3449e-01	8.3596e-01	1.6403e-01	8.5889e-06	8.4196e-10	6.2084e-03	9.8196e-01	1.1834e-02	1.1755e-36	7.1746e-01	2.8251e-01	3.1626e-05	1.1755e-36	1.1755e-36	1.1755e-36	6.3913e-16	0.00e+00	0.00e+00	1.3668e+01
2.30198e+17	4.4283e+03	4.878e-21	7.7426e+01	2.6515e+01	4.7909e-07	6.7204e-01	3.2796e-01	8.3797e-01	1.6202e-01	8.5184e-06	9.1927e-10	6.1161e-03	9.8226e-01	1.1629e-02	1.1755e-36	7.2349e-01	2.7648e-01	3.0381e-05	1.1755e-36	1.1755e-36	1.1755e-36	7.6296e-16	0.00e+00	0.00e+00	1.3816e+01
2.30626e+17	4.3770e+03	4.752e-21	7.7426e+01	2.6001e+01	5.3777e-07	6.7855e-01	3.2145e-01	8.3986e-01	1.6013e-01	8.4609e-06	1.0042e-09	6.0207e-03	9.8255e-01	1.1434e-02	1.1755e-36	7.2950e-01	2.7047e-01	2.9176e-05	1.1755e-36	1.1755e-36	1.1755e-36	9.1224e-16	0.00e+00	0.00e+00	1.3952e+01
2.31019e+17	4.3286e+03	4.639e-21	7.7426e+01	2.5529e+01	5.9938e-07	6.8447e-01	3.1553e-01	8.4155e-01	1.5844e-01	8.4099e-06	1.0909e-09	5.9331e-03	9.8281e-01	1.1258e-02	1.1755e-36	7.3496e-01	2.6502e-01	2.8114e-05	1.1755e-36	1.1755e-36	1.1755e-36	1.0790e-15	0.00e+00	0.00e+00	1.4077e+01
2.31389e+17	4.2848e+03	4.531e-21	7.7426e+01	2.5073e+01	6.6146e-07	6.8984e-01	3.1016e-01	8.4305e-01	1.5695e-01	8.3743e-06	1.1767e-09	5.8472e-03	9.8305e-01	1.1100e-02	1.1755e-36	7.3989e-01	2.6008e-01	2.7159e-05	1.1755e-36	1.1755e-36	1.1755e-36	1.2582e-15	0.00e+00	0.00e+00	1.4200e+01
2.31766e+17	4.2349e+03	4.424e-21	7.7426e+01	2.4619e+01	7.3852e-07	6.9555e-01	3.0445e-01	8.4472e-01	1.5527e-01	8.3203e-06	1.2802e-09	5.7640e-03	9.8331e-01	1.0928e-02	1.1755e-36	7.4514e-01	2.5484e-01	2.6190e-05	1.1755e-36	1.1755e-36	1.1755e-36	1.4929e-15	0.00e+00	0.00e+00	1.4332e+01
2.32147e+17	4.1835e+03	4.319e-21	7.7426e+01	2.4179e+01	8.2750e-07	7.0142e-01	2.9857e-01	8.4646e-01	1.5353e-01	8.2577e-06	1.3981e-09	5.6843e-03	9.8356e-01	1.0753e-02	1.1755e-36	7.5051e-01	2.4947e-01	2.5233e-05	1.1755e-36	1.1755e-36	1.1755e-36	1.7843e-15	0.00e+00	0.00e+00	1.4460e+01
2.32506e+17	4.1368e+03	4.220e-21	7.7426e+01	2.3744e+01	9.1695e-07	7.0666e-01	2.9334e-01	8.4791e-01	1.5208e-01	8.2195e-06	1.5132e-09	5.6038e-03	9.8379e-01	1.0602e-02	1.1755e-36	7.5529e-01	2.4469e-01	2.4388e-05	1.1755e-36	1.1755e-36	1.1755e-36	2.0956e-15	0.00e+00	0.00e+00	1.4580e+01
2.32857e+17	4.0899e+03	4.124e-21	7.7426e+01	2.3329e+01	1.0159e-06	7.1187e-01	2.8813e-01	8.4939e-01	1.5060e-01	8.1741e-06	1.6389e-09	5.5278e-03	9.8402e-01	1.0450e-02	1.1755e-36	7.6003e-01	2.3994e-01	2.3571e-05	1.1755e-36	1.1755e-36	1.1755e-36	2.4631e-15	0.00e+00	0.00e+00	1.4704e+01
2.33217e+17	4.0396e+03	4.028e-21	7.7426e+01	2.2915e+01	1.1329e-06	7.1735e-01	2.8265e-01	8.5099e-01	1.4900e-01	8.1176e-06	1.7848e-09	5.4534e-03	9.8426e-01	1.0290e-02	1.1755e-36	7.6501e-01	2.3496e-01	2.2742e-05	1.1755e-36	1.1755e-36	1.1755e-36	2.9262e-15	0.00e+00	0.00e+00	1.4831e+01
2.33576e+17	3.9901e+03	3.932e-21	7.7426e+01	2.2491e+01	1.2597e-06	7.2269e-01	2.7731e-01	8.5246e-01	1.4754e-01	8.0748e-06	1.9391e-09	5.3765e-03	9.8448e-01	1.0141e-02	1.1755e-36	7.6985e-01	2.3012e-01	2.1953e-05	1.1755e-36	1.1755e-36	1.1755e-36	3.4610e-15	0.00e+00	0.00e+00	1.4956e+01
###########################
5.57720e+13	6.1768e+03	1.903e-20	7.7426e+01	8.1276e+01	2.6024e-11	2.7441e-02	9.7256e-01	1.3370e-01	8.6611e-01	1.8837e-04	6.2624e-14	5.5931e-03	7.3627e-01	2.5813e-01	8.6931e-06	3.2777e-02	9.4578e-01	2.1442e-02	3.2693e-07	1.1755e-36	1.1755e-36	5.7540e-22	0.00e+00	0.00e+00	1.4966e-03
3.34632e+14	6.1681e+03	1.897e-20	7.7426e+01	8.1125e+01	2.6134e-11	2.7381e-02	9.7262e-01	1.3365e-01	8.6617e-01	1.8836e-04	6.2213e-14	5.5679e-03	7.3623e-01	2.5820e-01	8.7136e-06	3.2708e-02	9.4582e-01	2.1477e-02	3.2714e-07	1.1755e-36	1.1755e-36	5.6884e-22	0.00e+00	0.00e+00	7.4702e-03
1.45007e+15	6.1456e+03	1.887e-20	7.7426e+01	8.1099e+01	2.6791e-11	2.7419e-02	9.7258e-01	1.3435e-01	8.6546e-01	1.8661e-04	6.2497e-14	5.5746e-03	7.3745e-01	2.5697e-01	8.6213e-06	3.2766e-02	9.4587e-01	2.1366e-02	3.2109e-07	1.1755e-36	1.1755e-36	5.6918e-22	0.00e+00	0.00e+00	3.1397e-02
5.91183e+15	6.0756e+03	1.864e-20	7.7426e+01	8.1042e+01	2.9671e-11	2.7852e-02	9.7215e-01	1.3766e-01	8.6216e-01	1.7885e-04	6.5147e-14	5.6612e-03	7.4284e-01	2.5149e-01	8.1981e-06	3.3337e-02	9.4595e-01	2.0715e-02	2.9246e-07	1.1755e-36	1.1755e-36	5.9119e-22	0.00e+00	0.00e+00	1.2861e-01
1.41215e+16	5.8460e+03	1.786e-20	7.7426e+01	8.1025e+01	3.7074e-11	2.7743e-02	9.7226e-01	1.4207e-01	8.5776e-01	1.6896e-04	6.5139e-14	5.6977e-03	7.5040e-01	2.4389e-01	7.7425e-06	3.3305e-02	9.4644e-01	2.0258e-02	2.6661e-07	1.1755e-36	1.1755e-36	5.6279e-22	0.00e+00	0.00e+00	2.5451e-01
2.22043e+16	5.6406e+03	1.724e-20	7.7426e+01	8.1001e+01	4.5917e-11	2.7681e-02	9.7232e-01	1.4607e-01	8.5377e-01	1.6028e-04	6.5141e-14	5.7345e-03	7.5709e-01	2.3717e-01	7.3388e-06	3.3319e-02	9.4687e-01	1.9811e-02	2.4472e-07	1.1755e-36	1.1755e-36	5.3879e-22	0.00e+00	0.00e+00	3.4769e-01
2.84828e+16	5.5325e+03	1.694e-20	7.7426e+01	8.0949e+01	5.3186e-11	2.8023e-02	9.7198e-01	1.4986e-01	8.4998e-01	1.5282e-04	6.7218e-14	5.8156e-03	7.6280e-01	2.3137e-01	6.9480e-06	3.3796e-02	9.4702e-01	1.9187e-02	2.2235e-07	1.1755e-36	1.1755e-36	5.4840e-22	0.00e+00	0.00e+00	4.2541e-01
3.50054e+16	5.4646e+03	1.679e-20	7.7426e+01	8.0869e+01	6.1189e-11	2.8839e-02	9.7116e-01	1.5504e-01	8.4481e-01	1.4398e-04	7.2127e-14	5.9635e-03	7.6985e-01	2.2418e-01	6.4438e-06	3.4849e-02	9.4692e-01	1.8234e-02	1.9389e-07	1.1755e-36	1.1755e-36	5.9230e-22	0.00e+00	0.00e+00	5.2938e-01
4.34849e+16	5.4022e+03	1.662e-20	7.7426e+01	8.0710e+01	7.2082e-11	3.0067e-02	9.6993e-01	1.6224e-01	8.3763e-01	1.3308e-04	7.9800e-14	6.1731e-03	7.7895e-01	2.1487e-01	5.8160e-06	3.6419e-02	9.4662e-01	1.6960e-02	1.6055e-07	1.1755e-36	1.1755e-36	6.6599e-22	0.00e+00	0.00e+00	6.7030e-01
5.45081e+16	5.3301e+03	1.650e-20	7.7426e+01	8.0487e+01	9.0435e-11	3.2083e-02	9.6792e-01	1.7309e-01	8.2679e-01	1.1941e-04	9.3318e-14	6.4913e-03	7.9142e-01	2.0208e-01	5.0131e-06	3.8975e-02	9.4578e-01	1.5250e-02	1.1755e-36	1.1755e-36	1.1755e-36	8.0449e-22	0.00e+00	0.00e+00	8.6578e-01
6.88384e+16	5.2784e+03	1.645e-20	7.7426e+01	8.0254e+01	1.1918e-10	3.5402e-02	9.6460e-01	1.8966e-01	8.1024e-01	1.0324e-04	1.1845e-13	6.9748e-03	8.0808e-01	1.8494e-01	4.0430e-06	4.3150e-02	9.4383e-01	1.3018e-02	1.1755e-36	1.1755e-36	1.1755e-36	1.0875e-21	0.00e+00	0.00e+00	1.1462e+00
8.55620e+16	5.2626e+03	1.640e-20	7.7426e+01	7.9604e+01	1.6005e-10	4.0205e-02	9.5980e-01	2.1190e-01	7.8802e-01	8.7025e-05	1.6043e-13	7.5864e-03	8.2690e-01	1.6551e-01	3.0839e-06	4.9155e-02	9.4026e-01	1.0587e-02	1.1755e-36	1.1755e-36	1.1755e-36	1.6103e-21	0.00e+00	0.00e+00	1.4853e+00
1.02237e+17	5.2996e+03	1.648e-20	7.7426e+01	7.8903e+01	2.1229e-10	4.6793e-02	9.5321e-01	2.3961e-01	7.6031e-01	7.2864e-05	2.3082e-13	8.2999e-03	8.4609e-01	1.4561e-01	2.2526e-06	5.7329e-02	9.3438e-01	8.2868e-03	1.1755e-36	1.1755e-36	1.1755e-36	2.6115e-21	0.00e+00	0.00e+00	1.8536e+00
1.17649e+17	5.3846e+03	1.661e-20	7.7426e+01	7.8028e+01	2.7474e-10	5.5270e-02	9.4473e-01	2.7189e-01	7.2805e-01	6.1340e-05	3.4468e-13	9.0489e-03	8.6417e-01	1.2678e-01	1.6005e-06	6.7774e-02	9.2591e-01	6.3157e-03	1.1755e-36	1.1755e-36	1.1755e-36	4.4830e-21	0.00e+00	0.00e+00	2.2515e+00
1.31669e+17	5.4831e+03	1.678e-20	7.7426e+01	7.6969e+01	3.6137e-10	6.6149e-02	9.3385e-01	3.0904e-01	6.9090e-01	5.1788e-05	5.3295e-13	9.7959e-03	8.8097e-01	1.0924e-01	1.1065e-06	8.1089e-02	9.1421e-01	4.7037e-03	1.1755e-36	1.1755e-36	1.1755e-36	8.0768e-21	0.00e+00	0.00e+00	2.6822e+00
1.44129e+17	5.6005e+03	1.691e-20	7.7426e+01	7.5640e+01	4.7281e-10	7.9544e-02	9.2046e-01	3.4970e-01	6.5026e-01	4.3991e-05	8.3656e-13	1.0468e-02	8.9578e-01	9.3746e-02	7.5513e-07	9.7362e-02	8.9918e-01	3.4553e-03	1.1755e-36	1.1755e-36	1.1755e-36	1.4857e-20	0.00e+00	0.00e+00	3.1335e+00
1.54977e+17	5.7154e+03	1.698e-20	7.7426e+01	7.4108e+01	6.2484e-10	9.5671e-02	9.0433e-01	3.9253e-01	6.0743e-01	3.7677e-05	1.3209e-12	1.1034e-02	9.0860e-01	8.0363e-02	5.1301e-07	1.1679e-01	8.8068e-01	2.5240e-03	1.1755e-36	1.1755e-36	1.1755e-36	2.7502e-20	0.00e+00	0.00e+00	3.6056e+00
1.64447e+17	5.8197e+03	1.694e-20	7.7426e+01	7.2328e+01	8.3681e-10	1.1480e-01	8.8520e-01	4.3667e-01	5.6329e-01	3.2425e-05	2.0865e-12	1.1465e-02	9.1960e-01	6.8932e-02	3.4861e-07	1.3963e-01	8.5853e-01	1.8396e-03	1.1755e-36	1.1755e-36	1.1755e-36	5.0813e-20	0.00e+00	0.00e+00	4.1022e+00
1.72796e+17	5.9069e+03	1.678e-20	7.7426e+01	7.0325e+01	1.1422e-09	1.3742e-01	8.6258e-01	4.8108e-01	5.1889e-01	2.8102e-05	3.3001e-12	1.1762e-02	9.2908e-01	5.9154e-02	2.3706e-07	1.6636e-01	8.3230e-01	1.3376e-03	1.1755e-36	1.1755e-36	1.1755e-36	9.3950e-20	0.00e+00	0.00e+00	4.6296e+00
1.80224e+17	5.9746e+03	1.644e-20	7.7426e+01	6.7951e+01	1.5847e-09	1.6373e-01	8.3627e-01	5.2510e-01	4.7488e-01	2.4419e-05	5.1957e-12	1.1896e-02	9.3722e-01	5.0885e-02	1.6207e-07	1.9708e-01	8.0195e-01	9.7204e-04	1.1755e-36	1.1755e-36	1.1755e-36	1.7234e-19	0.00e+00	0.00e+00	5.1904e+00
1.86899e+17	6.0255e+03	1.592e-20	7.7426e+01	6.5299e+01	2.2267e-09	1.9413e-01	8.0587e-01	5.6804e-01	4.3194e-01	2.1278e-05	8.1580e-12	1.1885e-02	9.4428e-01	4.3838e-02	1.1755e-36	2.3209e-01	7.6720e-01	7.0507e-04	1.1755e-36	1.1755e-36	1.1755e-36	3.1538e-19	0.00e+00	0.00e+00	5.7924e+00
1.92957e+17	6.0304e+03	1.523e-20	7.7426e+01	6.2334e+01	3.2749e-09	2.2950e-01	7.7050e-01	6.0952e-01	3.9046e-01	1.8588e-05	1.2861e-11	1.1736e-02	9.5051e-01	3.7755e-02	1.1755e-36	2.7222e-01	7.2727e-01	5.0970e-04	1.1755e-36	1.1755e-36	1.1755e-36	5.8261e-19	0.00e+00	0.00e+00	6.4401e+00
1.98270e+17	6.0143e+03	1.438e-20	7.7426e+01	5.9125e+01	4.8120e-09	2.6785e-01	7.3215e-01	6.4648e-01	3.5351e-01	1.6471e-05	1.9787e-11	1.1450e-02	9.5572e-01	3.2826e-02	1.1755e-36	3.1498e-01	6.8465e-01	3.7284e-04	1.1755e-36	1.1755e-36	1.1755e-36	1.0506e-18	0.00e+00	0.00e+00	7.0758e+00
2.02486e+17	5.9751e+03	1.350e-20	7.7426e+01	5.6075e+01	6.8337e-09	3.0425e-01	6.9575e-01	6.7544e-01	3.2455e-01	1.4981e-05	2.8496e-11	1.1096e-02	9.5969e-01	2.9217e-02	1.1755e-36	3.5486e-01	6.4485e-01	2.8512e-04	1.1755e-36	1.1755e-36	1.1755e-36	1.7503e-18	0.00e+00	0.00e+00	7.6079e+00
2.05590e+17	5.9258e+03	1.275e-20	7.7426e+01	5.3565e+01	9.1294e-09	3.3485e-01	6.6515e-01	6.9656e-01	3.0343e-01	1.3960e-05	3.7850e-11	1.0765e-02	9.6252e-01	2.6715e-02	1.1755e-36	3.8787e-01	6.1189e-01	2.3111e-04	1.1755e-36	1.1755e-36	1.1755e-36	2.6284e-18	0.00e+00	0.00e+00	8.0386e+00
2.08029e+17	5.8717e+03	1.209e-20	7.7426e+01	5.1428e+01	1.1700e-08	3.6107e-01	6.3893e-01	7.1294e-01	2.8704e-01	1.3204e-05	4.7701e-11	1.0459e-02	9.6471e-01	2.4827e-02	1.1755e-36	4.1580e-01	5.8400e-01	1.9446e-04	1.1755e-36	1.1755e-36	1.1755e-36	3.6877e-18	0.00e+00	0.00e+00	8.4351e+00
2.09663e+17	5.8339e+03	1.163e-20	7.7426e+01	4.9930e+01	1.3847e-08	3.7944e-01	6.2056e-01	7.2287e-01	2.7712e-01	1.2785e-05	5.5665e-11	1.0232e-02	9.6605e-01	2.3713e-02	1.1755e-36	4.3517e-01	5.6466e-01	1.7335e-04	1.1755e-36	1.1755e-36	1.1755e-36	4.6543e-18	0.00e+00	0.00e+00	8.6247e+00
2.10504e+17	5.8060e+03	1.139e-20	7.7426e+01	4.9131e+01	1.5261e-08	3.8939e-01	6.1061e-01	7.2834e-01	2.7165e-01	1.2539e-05	6.0527e-11	1.0110e-02	9.6677e-01	2.3119e-02	1.1755e-36	4.4560e-01	5.5424e-01	1.6305e-04	1.1755e-36	1.1755e-36	1.1755e-36	5.2865e-18	0.00e+00	0.00e+00	8.7503e+00
2.11190e+17	5.7835e+03	1.118e-20	7.7426e+01	4.8458e+01	1.6526e-08	3.9768e-01	6.0232e-01	7.3289e-01	2.6710e-01	1.2340e-05	6.4873e-11	1.0005e-02	9.6738e-01	2.2618e-02	1.1755e-36	4.5424e-01	5.4560e-01	1.5480e-04	1.1755e-36	1.1755e-36	1.1755e-36	5.8764e-18	0.00e+00	0.00e+00	8.8886e+00
2.12008e+17	5.7488e+03	1.093e-20	7.7426e+01	4.7648e+01	1.8365e-08	4.0806e-01	5.9194e-01	7.3853e-01	2.6145e-01	1.2085e-05	7.0810e-11	9.8793e-03	9.6813e-01	2.1994e-02	1.1755e-36	4.6504e-01	5.3481e-01	1.4520e-04	1.1755e-36	1.1755e-36	1.1755e-36	6.7288e-18	0.00e+00	0.00e+00	9.0732e+00
2.12932e+17	5.7160e+03	1.064e-20	7.7426e+01	4.6742e+01	2.0534e-08	4.1979e-01	5.8021e-01	7.4454e-01	2.5545e-01	1.1826e-05	7.8032e-11	9.7337e-03	9.6893e-01	2.1341e-02	1.1755e-36	4.7717e-01	5.2270e-01	1.3513e-04	1.1755e-36	1.1755e-36	1.1755e-36	7.8321e-18	0.00e+00	0.00e+00	9.2628e+00
2.13832e+17	5.6807e+03	1.035e-20	7.7426e+01	4.5810e+01	2.2977e-08	4.3134e-01	5.6866e-01	7.5018e-01	2.4981e-01	1.1595e-05	8.5757e-11	9.5811e-03	9.6969e-01	2.0733e-02	1.1755e-36	4.8904e-01	5.1083e-01	1.2600e-04	1.1755e-36	1.1755e-36	1.1755e-36	9.1000e-18	0.00e+00	0.00e+00	9.4472e+00
2.14680e+17	5.6440e+03	1.007e-20	7.7426e+01	4.4899e+01	2.5656e-08	4.4242e-01	5.5758e-01	7.5539e-01	2.4459e-01	1.1387e-05	9.3857e-11	9.4296e-03	9.7040e-01	2.0174e-02	1.1755e-36	5.0039e-01	4.9949e-01	1.1788e-04	1.1755e-36	1.1755e-36	1.1755e-36	1.0528e-17	0.00e+00	0.00e+00	9.6251e+00
2.15485e+17	5.6078e+03	9.798e-21	7.7426e+01	4.4026e+01	2.8550e-08	4.5315e-01	5.4685e-01	7.6030e-01	2.3969e-01	1.1194e-05	1.0243e-10	9.2825e-03	9.7106e-01	1.9653e-02	1.1755e-36	5.1131e-01	4.8857e-01	1.1057e-04	1.1755e-36	1.1755e-36	1.1755e-36	1.2147e-17	0.00e+00	0.00e+00	9.7996e+00
2.16267e+17	5.5705e+03	9.534e-21	7.7426e+01	4.3168e+01	3.1781e-08	4.6379e-01	5.3621e-01	7.6504e-01	2.3495e-01	1.1009e-05	1.1176e-10	9.1368e-03	9.7171e-01	1.9151e-02	1.1755e-36	5.2210e-01	4.7780e-01	1.0379e-04	1.1755e-36	1.1755e-36	1.1755e-36	1.4038e-17	0.00e+00	0.00e+00	9.9757e+00
2.17038e+17	5.5317e+03	9.272e-21	7.7426e+01	4.2314e+01	3.5433e-08	4.7445e-01	5.2555e-01	7.6966e-01	2.3033e-01	1.0832e-05	1.2202e-10	8.9902e-03	9.7234e-01	1.8666e-02	1.1755e-36	5.3286e-01	4.6705e-01	9.7460e-05	1.1755e-36	1.1755e-36	1.1755e-36	1.6279e-17	0.00e+00	0.00e+00	1.0153e+01
2.17791e+17	5.4904e+03	9.014e-21	7.7426e+01	4.1467e+01	3.9591e-08	4.8505e-01	5.1495e-01	7.7411e-01	2.2588e-01	1.0662e-05	1.3330e-10	8.8438e-03	9.7296e-01	1.8200e-02	1.1755e-36	5.4350e-01	4.5640e-01	9.1589e-05	1.1755e-36	1.1755e-36	1.1755e-36	1.8940e-17	0.00e+00	0.00e+00	1.0329e+01
2.18515e+17	5.4476e+03	8.766e-21	7.7426e+01	4.0636e+01	4.4246e-08	4.9538e-01	5.0462e-01	7.7833e-01	2.2166e-01	1.0504e-05	1.4545e-10	8.6990e-03	9.7354e-01	1.7761e-02	1.1755e-36	5.5383e-01	4.4608e-01	8.6244e-05	1.1755e-36	1.1755e-36	1.1755e-36	2.2049e-17	0.00e+00	0.00e+00	1.0500e+01
2.19204e+17	5.4057e+03	8.527e-21	7.7426e+01	3.9833e+01	4.9266e-08	5.0526e-01	4.9474e-01	7.8224e-01	2.1775e-01	1.0362e-05	1.5826e-10	8.5575e-03	9.7409e-01	1.7355e-02	1.1755e-36	5.6367e-01	4.3625e-01	8.1420e-05	1.1755e-36	1.1755e-36	1.1755e-36	2.5593e-17	0.00e+00	0.00e+00	1.0666e+01
2.19868e+17	5.3637e+03	8.297e-21	7.7426e+01	3.9054e+01	5.4806e-08	5.1493e-01	4.8507e-01	7.8601e-01	2.1398e-01	1.0226e-05	1.7214e-10	8.4194e-03	9.7461e-01	1.6967e-02	1.1755e-36	5.7325e-01	4.2667e-01	7.6964e-05	1.1755e-36	1.1755e-36	1.1755e-36	2.9745e-17	0.00e+00	0.00e+00	1.0831e+01
2.20524e+17	5.3214e+03	8.069e-21	7.7426e+01	3.8284e+01	6.0981e-08	5.2454e-01	4.7546e-01	7.8966e-01	2.1033e-01	1.0096e-05	1.8741e-10	8.2819e-03	9.7513e-01	1.6591e-02	1.1755e-36	5.8274e-01	4.1719e-01	7.2774e-05	1.1755e-36	1.1755e-36	1.1755e-36	3.4685e-17	0.00e+00	0.00e+00	1.0999e+01
2.21171e+17	5.2792e+03	7.841e-21	7.7426e+01	3.7503e+01	6.7804e-08	5.3397e-01	4.6603e-01	7.9317e-01	2.0682e-01	9.9783e-06	2.0395e-10	8.1411e-03	9.7562e-01	1.6235e-02	1.1755e-36	5.9200e-01	4.0793e-01	6.8864e-05	1.1755e-36	1.1755e-36	1.1755e-36	4.0484e-17	0.00e+00	0.00e+00	1.1167e+01
2.21813e+17	5.2293e+03	7.623e-21	7.7426e+01	3.6761e+01	7.6321e-08	5.4387e-01	4.5613e-01	7.9682e-01	2.0317e-01	9.8388e-06	2.2404e-10	8.0088e-03	9.7613e-01	1.5862e-02	1.1755e-36	6.0169e-01	3.9825e-01	6.5072e-05	1.1755e-36	1.1755e-36	1.1755e-36	4.8195e-17	0.00e+00	0.00e+00	1.1337e+01
2.22419e+17	5.1888e+03	7.410e-21	7.7426e+01	3.6007e+01	8.4419e-08	5.5260e-01	4.4740e-01	7.9986e-01	2.0013e-01	9.7496e-06	2.4305e-10	7.8701e-03	9.7658e-01	1.5555e-02	1.1755e-36	6.1021e-01	3.8973e-01	6.1804e-05	1.1755e-36	1.1755e-36	1.1755e-36	5.6122e-17	0.00e+00	0.00e+00	1.1491e+01
2.23004e+17	5.1372e+03	7.213e-21	7.7426e+01	3.5320e+01	9.4982e-08	5.6185e-01	4.3815e-01	8.0317e-01	1.9682e-01	9.6223e-06	2.6704e-10	7.7472e-03	9.7703e-01	1.5219e-02	1.1755e-36	6.1918e-01	3.8076e-01	5.8630e-05	1.1755e-36	1.1755e-36	1.1755e-36	6.7091e-17	0.00e+00	0.00e+00	1.1655e+01
2.23571e+17	5.1011e+03	7.013e-21	7.7426e+01	3.4612e+01	1.0421e-07	5.6995e-01	4.3005e-01	8.0580e-01	1.9419e-01	9.5570e-06	2.8873e-10	7.6142e-03	9.7744e-01	1.4949e-02	1.1755e-36	6.2700e-01	3.7294e-01	5.5852e-05	1.1755e-36	1.1755e-36	1.1755e-36	7.7783e-17	0.00e+00	0.00e+00	1.1805e+01
2.24143e+17	5.0509e+03	6.818e-21	7.7426e+01	3.3911e+01	1.1696e-07	5.7878e-01	4.2122e-01	8.0888e-01	1.9111e-01	9.4497e-06	3.1735e-10	7.4863e-03	9.7787e-01	1.4642e-02	1.1755e-36	6.3552e-01	3.6443e-01	5.3047e-05	1.1755e-36	1.1755e-36	1.1755e-36	9.3246e-17	0.00e+00	0.00e+00	1.1977e+01
2.24725e+17	4.9973e+03	6.624e-21	7.7426e+01	3.3205e+01	1.3211e-07	5.8781e-01	4.1218e-01	8.1187e-01	1.8812e-01	9.3465e-06	3.5081e-10	7.3576e-03	9.7830e-01	1.4342e-02	1.1755e-36	6.4420e-01	3.5575e-01	5.0352e-05	1.1755e-36	1.1755e-36	1.1755e-36	1.1322e-16	0.00e+00	0.00e+00	1.2137e+01
2.25246e+17	4.9497e+03	6.451e-21	7.7426e+01	3.2581e+01	1.4730e-07	5.9591e-01	4.0409e-01	8.1449e-01	1.8550e-01	9.2577e-06	3.8036e-10	7.2427e-03	9.7869e-01	1.4068e-02	1.1755e-36	6.5195e-01	3.4800e-01	4.8042e-05	1.1755e-36	1.1755e-36	1.1755e-36	1.3227e-16	0.00e+00	0.00e+00	1.2278e+01
2.25724e+17	4.9134e+03	6.289e-21	7.7426e+01	3.1986e+01	1.6090e-07	6.0291e-01	3.9709e-01	8.1670e-01	1.8329e-01	9.2011e-06	4.0728e-10	7.1303e-03	9.7903e-01	1.3838e-02	1.1755e-36	6.5860e-01	3.4135e-01	4.6050e-05	1.1755e-36	1.1755e-36	1.1755e-36	1.5083e-16	0.00e+00	0.00e+00	1.2417e+01
2.26237e+17	4.8603e+03	6.118e-21	7.7426e+01	3.1345e+01	1.8099e-07	6.1095e-01	3.8905e-01	8.1935e-01	1.8064e-01	9.1104e-06	4.4359e-10	7.0125e-03	9.7943e-01	1.3562e-02	1.1755e-36	6.6626e-01	3.3370e-01	4.3917e-05	1.1755e-36	1.1755e-36	1.1755e-36	1.7821e-16	0.00e+00	0.00e+00	1.2583e+01
2.26766e+17	4.8092e+03	5.946e-21	7.7426e+01	3.0698e+01	2.0333e-07	6.1906e-01	3.8094e-01	8.2187e-01	1.7812e-01	9.0322e-06	4.8369e-10	6.8921e-03	9.7981e-01	1.3299e-02	1.1755e-36	6.7394e-01	3.2602e-01	4.1860e-05	1.1755e-36	1.1755e-36	1.1755e-36	2.1120e-16	0.00e+00	0.00e+00	1.2735e+01
2.27245e+17	4.7547e+03	5.794e-21	7.7426e+01	3.0111e+01	2.2910e-07	6.2667e-01	3.7333e-01	8.2426e-01	1.7574e-01	8.9482e-06	5.2722e-10	6.7854e-03	9.8016e-01	1.3051e-02	1.1755e-36	6.8113e-01	3.1883e-01	4.0047e-05	1.1755e-36	1.1755e-36	1.1755e-36	2.5064e-16	0.00e+00	0.00e+00	1.2875e+01
2.27676e+17	4.7146e+03	5.656e-21	7.7426e+01	2.9586e+01	2.5159e-07	6.3315e-01	3.6685e-01	8.2618e-01	1.7381e-01	8.8954e-06	5.6628e-10	6.6862e-03	9.8047e-01	1.2848e-02	1.1755e-36	6.8722e-01	3.1274e-01	3.8508e-05	1.1755e-36	1.1755e-36	1.1755e-36	2.8867e-16	0.00e+00	0.00e+00	1.3000e+01
2.28106e+17	4.6601e+03	5.522e-21	7.7426e+01	2.9070e+01	2.8320e-07	6.4023e-01	3.5977e-01	8.2849e-01	1.7150e-01	8.8030e-06	6.1714e-10	6.5934e-03	9.8079e-01	1.2613e-02	1.1755e-36	6.9388e-01	3.0608e-01	3.6947e-05	1.1755e-36	1.1755e-36	1.1755e-36	3.4277e-16	0.00e+00	0.00e+00	1.3142e+01
2.28536e+17	4.6202e+03	5.385e-21	7.7426e+01	2.8530e+01	3.1093e-07	6.4646e-01	3.5354e-01	8.3026e-01	1.6974e-01	8.7657e-06	6.6286e-10	6.4902e-03	9.8108e-01	1.2425e-02	1.1755e-36	6.9970e-01	3.0026e-01	3.5546e-05	1.1755e-36	1.1755e-36	1.1755e-36	3.9534e-16	0.00e+00	0.00e+00	1.3271e+01
2.28968e+17	4.5724e+03	5.250e-21	7.7426e+01	2.7998e+01	3.4636e-07	6.5307e-01	3.4693e-01	8.3229e-01	1.6770e-01	8.7019e-06	7.1890e-10	6.3909e-03	9.8139e-01	1.2215e-02	1.1755e-36	7.0588e-01	2.9409e-01	3.4133e-05	1.1755e-36	1.1755e-36	1.1755e-36	4.6508e-16	0.00e+00	0.00e+00	1.3416e+01
2.29419e+17	4.5202e+03	5.113e-21	7.7426e+01	2.7462e+01	3.8958e-07	6.6012e-01	3.3988e-01	8.3444e-01	1.6555e-01	8.6285e-06	7.8597e-10	6.2921e-03	9.8171e-01	1.1995e-02	1.1755e-36	7.1244e-01	2.8753e-01	3.2703e-05	1.1755e-36	1.1755e-36	1.1755e-36	5.5620e-16	0.00e+00	0.00e+00	1.3560e+01
2.29842e+17	4.4736e+03	4.984e-21	7.7426e+01	2.6937e+01	4.3308e-07	6.6639e-01	3.3361e-01	8.3621e-01	1.6379e-01	8.5846e-06	8.5151e-10	6.1930e-03	9.8200e-01	1.1807e-02	1.1755e-36	7.1825e-01	2.8171e-01	3.1453e-05	1.1755e-36	1.1755e-36	1.1755e-36	6.5393e-16	0.00e+00	0.00e+00	1.3691e+01
2.30243e+17	4.4234e+03	4.866e-21	7.7426e+01	2.6464e+01	4.8448e-07	6.7271e-01	3.2729e-01	8.3813e-01	1.6186e-01	8.5152e-06	9.2722e-10	6.1066e-03	9.8228e-01	1.1612e-02	1.1755e-36	7.2410e-01	2.7587e-01	3.0261e-05	1.1755e-36	1.1755e-36	1.1755e-36	7.7648e-16	0.00e+00	0.00e+00	1.3823e+01
2.30632e+17	4.3723e+03	4.752e-21	7.7426e+01	2.5980e+01	5.4195e-07	6.7863e-01	3.2137e-01	8.3984e-01	1.6015e-01	8.4628e-06	1.0074e-09	6.0176e-03	9.8255e-01	1.1433e-02	1.1755e-36	7.2959e-01	2.7038e-01	2.9177e-05	1.1755e-36	1.1755e-36	1.1755e-36	9.1962e-16	0.00e+00	0.00e+00	1.3948e+01
2.30998e+17	4.3267e+03	4.646e-21	7.7426e+01	2.5550e+01	6.0054e-07	6.8428e-01	3.1572e-01	8.4150e-01	1.5849e-01	8.4069e-06	1.0903e-09	5.9385e-03	9.8280e-01	1.1263e-02	1.1755e-36	7.3479e-01	2.6518e-01	2.8167e-05	1.1755e-36	1.1755e-36	1.1755e-36	1.0790e-15	0.00e+00	0.00e+00	1.4067e+01
2.31358e+17	4.2821e+03	4.542e-21	7.7426e+01	2.5118e+01	6.6383e-07	6.8970e-01	3.1030e-01	8.4308e-01	1.5692e-01	8.3588e-06	1.1779e-09	5.8584e-03	9.8304e-01	1.1100e-02	1.1755e-36	7.3977e-01	2.6020e-01	2.7213e-05	1.1755e-36	1.1755e-36	1.1755e-36	1.2615e-15	0.00e+00	0.00e+00	1.4190e+01
2.31732e+17	4.2311e+03	4.436e-21	7.7426e+01	2.4669e+01	7.4267e-07	6.9544e-01	3.0456e-01	8.4479e-01	1.5520e-01	8.2998e-06	1.2829e-09	5.7770e-03	9.8330e-01	1.0927e-02	1.1755e-36	7.4504e-01	2.5494e-01	2.6247e-05	1.1755e-36	1.1755e-36	1.1755e-36	1.5004e-15	0.00e+00	0.00e+00	1.4320e+01
2.32103e+17	4.1834e+03	4.333e-21	7.7426e+01	2.4233e+01	8.2591e-07	7.0101e-01	2.9899e-01	8.4638e-01	1.5361e-01	8.2497e-06	1.3934e-09	5.6965e-03	9.8354e-01	1.0763e-02	1.1755e-36	7.5014e-01	2.4984e-01	2.5326e-05	1.1755e-36	1.1755e-36	1.1755e-36	1.7734e-15	0.00e+00	0.00e+00	1.4443e+01
2.32461e+17	4.1376e+03	4.233e-21	7.7426e+01	2.3808e+01	9.1413e-07	7.0630e-01	2.9370e-01	8.4789e-01	1.5211e-01	8.2060e-06	1.5083e-09	5.6179e-03	9.8377e-01	1.0609e-02	1.1755e-36	7.5496e-01	2.4501e-01	2.4467e-05	1.1755e-36	1.1755e-36	1.1755e-36	2.0820e-15	0.00e+00	0.00e+00	1.4566e+01
2.32825e+17	4.0897e+03	4.133e-21	7.7426e+01	2.3369e+01	1.0150e-06	7.1162e-01	2.8838e-01	8.4938e-01	1.5061e-01	8.1648e-06	1.6360e-09	5.5371e-03	9.8401e-01	1.0455e-02	1.1755e-36	7.5981e-01	2.4017e-01	2.3626e-05	1.1755e-36	1.1755e-36	1.1755e-36	2.4548e-15	0.00e+00	0.00e+00	1.4695e+01
2.33197e+17	4.0434e+03	4.032e-21	7.7426e+01	2.2928e+01	1.1236e-06	7.1695e-01	2.8305e-01	8.5083e-01	1.4916e-01	8.1295e-06	1.7730e-09	5.4549e-03	9.8424e-01	1.0304e-02	1.1755e-36	7.6465e-01	2.3533e-01	2.2796e-05	1.1755e-36	1.1755e-36	1.1755e-36	2.8878e-15	0.00e+00	0.00e+00	1.4826e+01
2.33576e+17	3.9898e+03	3.931e-21	7.7426e+01	2.2489e+01	1.2608e-06	7.2277e-01	2.7723e-01	8.5248e-01	1.4751e-01	8.0737e-06	1.9411e-09	5.3763e-03	9.8448e-01	1.0139e-02	1.1755e-36	7.6993e-01	2.3005e-01	2.1940e-05	1.1755e-36	1.1755e-36	1.1755e-36	3.4678e-15	0.00e+00	0.00e+00	1.4962e+01
