#depth	Te	Htot	hden	eden	2H_2/H	HI	HII	HeI	HeII	HeIII	CO/C	C1	C2	C3	C4	O1	O2	O3	O4	O5	O6	H2O/O	AV(point)	AV(extend)	Tau912
2.53191e+13	7.0947e+03	1.436e-19	2.1544e+02	2.3338e+02	1.0112e-14	2.6333e-03	9.9737e-01	1.4234e-02	9.8349e-01	2.2724e-03	2.8371e-17	1.6260e-04	2.1091e-01	7.8819e-01	7.4221e-04	1.4406e-03	5.3223e-01	4.6598e-01	3.4586e-04	1.1755e-36	1.1755e-36	1.8659e-25	0.00e+00	0.00e+00	1.8138e-04
1.51915e+14	7.0914e+03	1.436e-19	2.1544e+02	2.3336e+02	1.0132e-14	2.6330e-03	9.9737e-01	1.4236e-02	9.8349e-01	2.2701e-03	2.8356e-17	1.6244e-04	2.1094e-01	7.8816e-01	7.4377e-04	1.4402e-03	5.3218e-01	4.6603e-01	3.4467e-04	1.1755e-36	1.1755e-36	1.8638e-25	0.00e+00	0.00e+00	9.0680e-04
6.58296e+14	7.0869e+03	1.435e-19	2.1544e+02	2.3335e+02	1.0156e-14	2.6320e-03	9.9737e-01	1.4244e-02	9.8350e-01	2.2551e-03	2.8352e-17	1.6221e-04	2.1103e-01	7.8806e-01	7.4240e-04	1.4404e-03	5.3237e-01	4.6585e-01	3.3957e-04	1.1755e-36	1.1755e-36	1.8613e-25	0.00e+00	0.00e+00	3.8074e-03
2.68382e+15	7.0773e+03	1.430e-19	2.1544e+02	2.3335e+02	1.0220e-14	2.6313e-03	9.9737e-01	1.4281e-02	9.8354e-01	2.1783e-03	2.8444e-17	1.6216e-04	2.1149e-01	7.8761e-01	7.3556e-04	1.4436e-03	5.3330e-01	4.6494e-01	3.1980e-04	1.1755e-36	1.1755e-36	1.8613e-25	0.00e+00	0.00e+00	1.5407e-02
6.41079e+15	7.0367e+03	1.414e-19	2.1544e+02	2.3335e+02	1.0300e-14	2.6079e-03	9.9739e-01	1.4288e-02	9.8358e-01	2.1281e-03	2.7908e-17	1.6092e-04	2.1171e-01	7.8740e-01	7.2841e-04	1.4348e-03	5.3404e-01	4.6423e-01	2.9421e-04	1.1755e-36	1.1755e-36	1.7969e-25	0.00e+00	0.00e+00	3.0352e-02
1.12559e+16	6.9941e+03	1.397e-19	2.1544e+02	2.3336e+02	1.0435e-14	2.5886e-03	9.9741e-01	1.4321e-02	9.8368e-01	2.0018e-03	2.7551e-17	1.6038e-04	2.1222e-01	7.8690e-01	7.1577e-04	1.4301e-03	5.3540e-01	4.6291e-01	2.6263e-04	1.1755e-36	1.1755e-36	1.7464e-25	0.00e+00	0.00e+00	4.9637e-02
1.75544e+16	6.9479e+03	1.380e-19	2.1544e+02	2.3335e+02	1.0614e-14	2.5720e-03	9.9743e-01	1.4381e-02	9.8382e-01	1.8040e-03	2.7293e-17	1.6028e-04	2.1305e-01	7.8609e-01	6.9773e-04	1.4294e-03	5.3747e-01	4.6087e-01	2.2552e-04	1.1755e-36	1.1755e-36	1.7000e-25	0.00e+00	0.00e+00	7.4547e-02
2.57426e+16	6.8941e+03	1.361e-19	2.1544e+02	2.3335e+02	1.0892e-14	2.5595e-03	9.9744e-01	1.4481e-02	9.8398e-01	1.5382e-03	2.7214e-17	1.6069e-04	2.1436e-01	7.8480e-01	6.7381e-04	1.4344e-03	5.4057e-01	4.5781e-01	1.8399e-04	1.1755e-36	1.1755e-36	1.6628e-25	0.00e+00	0.00e+00	1.0677e-01
3.63872e+16	6.8393e+03	1.340e-19	2.1544e+02	2.3335e+02	1.1210e-14	2.5511e-03	9.9745e-01	1.4627e-02	9.8415e-01	1.2216e-03	2.7293e-17	1.6174e-04	2.1620e-01	7.8299e-01	6.4489e-04	1.4458e-03	5.4488e-01	4.5353e-01	1.4049e-04	1.1755e-36	1.1755e-36	1.6321e-25	0.00e+00	0.00e+00	1.4853e-01
5.02252e+16	6.7768e+03	1.317e-19	2.1544e+02	2.3334e+02	1.1678e-14	2.5513e-03	9.9745e-01	1.4845e-02	9.8427e-01	8.8498e-04	2.7656e-17	1.6374e-04	2.1889e-01	7.8033e-01	6.1127e-04	1.4660e-03	5.5023e-01	4.4820e-01	9.8548e-05	1.1755e-36	1.1755e-36	1.6148e-25	0.00e+00	0.00e+00	2.0281e-01
6.82145e+16	6.7167e+03	1.293e-19	2.1544e+02	2.3332e+02	1.2242e-14	2.5624e-03	9.9744e-01	1.5161e-02	9.8427e-01	5.7150e-04	2.8495e-17	1.6705e-04	2.2270e-01	7.7655e-01	5.7495e-04	1.5023e-03	5.5862e-01	4.3982e-01	6.1788e-05	1.1755e-36	1.1755e-36	1.6221e-25	0.00e+00	0.00e+00	2.7369e-01
9.16007e+16	6.6526e+03	1.267e-19	2.1544e+02	2.3330e+02	1.3064e-14	2.5935e-03	9.9741e-01	1.5633e-02	9.8405e-01	3.1983e-04	3.0094e-17	1.7245e-04	2.2826e-01	7.7103e-01	5.3614e-04	1.5611e-03	5.6996e-01	4.2845e-01	3.3657e-05	1.1755e-36	1.1755e-36	1.6675e-25	0.00e+00	0.00e+00	3.6696e-01
1.22003e+17	6.5954e+03	1.242e-19	2.1544e+02	2.3328e+02	1.4149e-14	2.6537e-03	9.9735e-01	1.6334e-02	9.8352e-01	1.5052e-04	3.2869e-17	1.8093e-04	2.3629e-01	7.6303e-01	4.9509e-04	1.6520e-03	5.8507e-01	4.1326e-01	1.5384e-05	1.1755e-36	1.1755e-36	1.7722e-25	0.00e+00	0.00e+00	4.9101e-01
1.61525e+17	6.5455e+03	1.218e-19	2.1544e+02	2.3322e+02	1.5769e-14	2.7632e-03	9.9724e-01	1.7416e-02	9.8253e-01	5.7548e-05	3.7898e-17	1.9453e-04	2.4824e-01	7.5112e-01	4.4950e-04	1.7968e-03	6.0557e-01	3.9263e-01	5.6573e-06	1.1755e-36	1.1755e-36	1.9935e-25	0.00e+00	0.00e+00	6.5894e-01
2.12905e+17	6.5181e+03	1.198e-19	2.1544e+02	2.3313e+02	1.8162e-14	2.9544e-03	9.9705e-01	1.9144e-02	9.8084e-01	1.7285e-05	4.7326e-17	2.1664e-04	2.6643e-01	7.3295e-01	3.9655e-04	2.0330e-03	6.3371e-01	3.6425e-01	1.5985e-06	1.1755e-36	1.1755e-36	2.4420e-25	0.00e+00	0.00e+00	8.9236e-01
2.68558e+17	6.5128e+03	1.183e-19	2.1544e+02	2.3303e+02	2.1070e-14	3.2037e-03	9.9680e-01	2.1419e-02	9.7858e-01	4.8322e-06	6.1082e-17	2.4500e-04	2.8882e-01	7.1059e-01	3.4492e-04	2.3390e-03	6.6490e-01	3.3276e-01	4.2046e-07	1.1755e-36	1.1755e-36	3.1114e-25	0.00e+00	0.00e+00	1.1243e+00
3.16984e+17	6.5433e+03	1.180e-19	2.1544e+02	2.3291e+02	2.4135e-14	3.4946e-03	9.9651e-01	2.4031e-02	9.7597e-01	1.7294e-06	7.9781e-17	2.7689e-04	3.1263e-01	6.8679e-01	3.0168e-04	2.6898e-03	6.9444e-01	3.0287e-01	1.3851e-07	1.1755e-36	1.1755e-36	4.0739e-25	0.00e+00	0.00e+00	1.3317e+00
3.58221e+17	6.5932e+03	1.184e-19	2.1544e+02	2.3279e+02	2.7544e-14	3.8225e-03	9.9618e-01	2.7013e-02	9.7299e-01	7.7165e-07	1.0508e-16	3.1194e-04	3.3756e-01	6.6187e-01	2.6467e-04	3.0844e-03	7.2215e-01	2.7477e-01	1.1755e-36	1.1755e-36	1.1755e-36	5.4422e-25	0.00e+00	0.00e+00	1.5337e+00
3.96315e+17	6.6531e+03	1.193e-19	2.1544e+02	2.3264e+02	3.1738e-14	4.2076e-03	9.9579e-01	3.0618e-02	9.6938e-01	3.8325e-07	1.4110e-16	3.5228e-04	3.6516e-01	6.3425e-01	2.3020e-04	3.5525e-03	7.4978e-01	2.4667e-01	1.1755e-36	1.1755e-36	1.1755e-36	7.4746e-25	0.00e+00	0.00e+00	1.7474e+00
4.32744e+17	6.7101e+03	1.208e-19	2.1544e+02	2.3244e+02	3.7472e-14	4.6754e-03	9.9532e-01	3.5165e-02	9.6483e-01	2.0360e-07	1.9439e-16	3.9982e-04	3.9666e-01	6.0274e-01	1.9695e-04	4.1270e-03	7.7791e-01	2.1796e-01	1.1755e-36	1.1755e-36	1.1755e-36	1.0600e-24	0.00e+00	0.00e+00	1.9733e+00
4.66540e+17	6.7912e+03	1.223e-19	2.1544e+02	2.3221e+02	4.3817e-14	5.2107e-03	9.9479e-01	4.0750e-02	9.5925e-01	1.1724e-07	2.6963e-16	4.5304e-04	4.3088e-01	5.6851e-01	1.6674e-04	4.7960e-03	8.0510e-01	1.9011e-01	1.1755e-36	1.1755e-36	1.1755e-36	1.5237e-24	0.00e+00	0.00e+00	2.2007e+00
4.97041e+17	6.8652e+03	1.242e-19	2.1544e+02	2.3199e+02	5.1984e-14	5.8240e-03	9.9418e-01	4.7677e-02	9.5232e-01	7.2881e-08	3.7613e-16	5.1197e-04	4.6756e-01	5.3179e-01	1.3932e-04	5.5703e-03	8.3067e-01	1.6376e-01	1.1755e-36	1.1755e-36	1.1755e-36	2.2117e-24	0.00e+00	0.00e+00	2.4299e+00
5.24640e+17	6.9353e+03	1.263e-19	2.1544e+02	2.3175e+02	6.2354e-14	6.5214e-03	9.9348e-01	5.6290e-02	9.4371e-01	4.8115e-08	5.2681e-16	5.7542e-04	5.0639e-01	4.9292e-01	1.1471e-04	6.4594e-03	8.5437e-01	1.3917e-01	1.1755e-36	1.1755e-36	1.1755e-36	3.2419e-24	0.00e+00	0.00e+00	2.6629e+00
5.49832e+17	6.9849e+03	1.286e-19	2.1544e+02	2.3127e+02	7.6179e-14	7.3304e-03	9.9267e-01	6.6978e-02	9.3302e-01	3.3073e-08	7.3700e-16	6.4446e-04	5.4764e-01	4.5162e-01	9.2537e-05	7.4959e-03	8.7613e-01	1.1638e-01	1.1755e-36	1.1755e-36	1.1755e-36	4.7244e-24	0.00e+00	0.00e+00	2.9034e+00
5.72969e+17	7.0549e+03	1.309e-19	2.1544e+02	2.3095e+02	9.2758e-14	8.2476e-03	9.9175e-01	8.1003e-02	9.1900e-01	2.3707e-08	1.0399e-15	7.1818e-04	5.9060e-01	4.0861e-01	7.3157e-05	8.6801e-03	8.9579e-01	9.5531e-02	1.1755e-36	1.1755e-36	1.1755e-36	7.0446e-24	0.00e+00	0.00e+00	3.1520e+00
5.92584e+17	7.0946e+03	1.332e-19	2.1544e+02	2.3028e+02	1.1322e-13	9.2317e-03	9.9077e-01	9.7546e-02	9.0245e-01	1.7869e-08	1.4210e-15	7.8985e-04	6.3193e-01	3.6722e-01	5.7466e-05	9.9509e-03	9.1196e-01	7.8087e-02	1.1755e-36	1.1755e-36	1.1755e-36	1.0043e-23	0.00e+00	0.00e+00	3.3664e+00
6.08424e+17	7.1325e+03	1.352e-19	2.1544e+02	2.2973e+02	1.3551e-13	1.0202e-02	9.8980e-01	1.1638e-01	8.8362e-01	1.4171e-08	1.8785e-15	8.5487e-04	6.6875e-01	3.3035e-01	4.5510e-05	1.1206e-02	9.2449e-01	6.4299e-02	1.1755e-36	1.1755e-36	1.1755e-36	1.3879e-23	0.00e+00	0.00e+00	3.5691e+00
6.23019e+17	7.1637e+03	1.371e-19	2.1544e+02	2.2905e+02	1.6314e-13	1.1273e-02	9.8873e-01	1.4009e-01	8.5991e-01	1.1313e-08	2.4783e-15	9.1996e-04	7.0511e-01	2.9394e-01	3.5316e-05	1.2592e-02	9.3529e-01	5.2117e-02	1.1755e-36	1.1755e-36	1.1755e-36	1.9165e-23	0.00e+00	0.00e+00	3.7928e+00
6.37149e+17	7.1859e+03	1.391e-19	2.1544e+02	2.2824e+02	2.0010e-13	1.2531e-02	9.8747e-01	1.7250e-01	8.2750e-01	9.0264e-09	3.3130e-15	9.8749e-04	7.4238e-01	2.5661e-01	2.6422e-05	1.4215e-02	9.4482e-01	4.0961e-02	1.1755e-36	1.1755e-36	1.1755e-36	2.6896e-23	0.00e+00	0.00e+00	4.0259e+00
6.49834e+17	7.2218e+03	1.408e-19	2.1544e+02	2.2749e+02	2.4317e-13	1.3882e-02	9.8612e-01	2.1441e-01	7.8559e-01	7.2946e-09	4.4182e-15	1.0515e-03	7.7728e-01	2.2165e-01	1.9400e-05	1.5957e-02	9.5248e-01	3.1559e-02	1.1755e-36	1.1755e-36	1.1755e-36	3.7919e-23	0.00e+00	0.00e+00	4.2467e+00
6.59291e+17	7.2325e+03	1.419e-19	2.1544e+02	2.2616e+02	2.8485e-13	1.5070e-02	9.8493e-01	2.5726e-01	7.4274e-01	6.0800e-09	5.4844e-15	1.0982e-03	8.0376e-01	1.9513e-01	1.4845e-05	1.7486e-02	9.5746e-01	2.5051e-02	1.1755e-36	1.1755e-36	1.1755e-36	4.8391e-23	0.00e+00	0.00e+00	4.3947e+00
6.65610e+17	7.2407e+03	1.426e-19	2.1544e+02	2.2529e+02	3.2045e-13	1.5975e-02	9.8402e-01	2.9438e-01	7.0562e-01	5.3037e-09	6.4432e-15	1.1301e-03	8.2150e-01	1.7736e-01	1.2113e-05	1.8646e-02	9.6039e-01	2.0966e-02	1.1755e-36	1.1755e-36	1.1755e-36	5.8305e-23	0.00e+00	0.00e+00	4.5125e+00
6.71840e+17	7.2425e+03	1.431e-19	2.1544e+02	2.2430e+02	3.6384e-13	1.6970e-02	9.8303e-01	3.3880e-01	6.6120e-01	4.5310e-09	7.6232e-15	1.1610e-03	8.3860e-01	1.6023e-01	9.6874e-06	1.9918e-02	9.6285e-01	1.7237e-02	1.1755e-36	1.1755e-36	1.1755e-36	7.0687e-23	0.00e+00	0.00e+00	4.6751e+00
6.78863e+17	7.2379e+03	1.438e-19	2.1544e+02	2.2322e+02	4.2556e-13	1.8242e-02	9.8176e-01	3.9976e-01	6.0024e-01	3.7128e-09	9.3326e-15	1.1951e-03	8.5690e-01	1.4190e-01	7.3721e-06	2.1536e-02	9.6499e-01	1.3471e-02	1.1755e-36	1.1755e-36	1.1755e-36	8.9075e-23	0.00e+00	0.00e+00	4.8489e+00
6.85283e+17	7.2405e+03	1.438e-19	2.1544e+02	2.2155e+02	4.8947e-13	1.9504e-02	9.8050e-01	4.6699e-01	5.3301e-01	2.9933e-09	1.1246e-14	1.2204e-03	8.7229e-01	1.2649e-01	5.6308e-06	2.3138e-02	9.6643e-01	1.0431e-02	1.1755e-36	1.1755e-36	1.1755e-36	1.0953e-22	0.00e+00	0.00e+00	5.0038e+00
6.90805e+17	7.2330e+03	1.438e-19	2.1544e+02	2.1999e+02	5.6130e-13	2.0741e-02	9.7926e-01	5.3442e-01	4.6558e-01	2.4008e-09	1.3383e-14	1.2410e-03	8.8453e-01	1.1423e-01	4.3684e-06	2.4701e-02	9.6716e-01	8.1431e-03	1.1755e-36	1.1755e-36	1.1755e-36	1.3275e-22	0.00e+00	0.00e+00	5.1507e+00
6.96793e+17	7.2211e+03	1.434e-19	2.1544e+02	2.1803e+02	6.5751e-13	2.2233e-02	9.7777e-01	6.1399e-01	3.8601e-01	1.7984e-09	1.6301e-14	1.2597e-03	8.9628e-01	1.0246e-01	3.2475e-06	2.6579e-02	9.6736e-01	6.0564e-03	1.1755e-36	1.1755e-36	1.1755e-36	1.6498e-22	0.00e+00	0.00e+00	5.3554e+00
7.04576e+17	7.1998e+03	1.430e-19	2.1544e+02	2.1558e+02	8.2107e-13	2.4491e-02	9.7551e-01	7.1856e-01	2.8144e-01	1.1538e-09	2.1321e-14	1.2808e-03	9.0895e-01	8.9765e-02	2.1592e-06	2.9403e-02	9.6663e-01	3.9715e-03	1.1755e-36	1.1755e-36	1.1755e-36	2.2296e-22	0.00e+00	0.00e+00	5.6485e+00
7.13351e+17	7.1745e+03	1.429e-19	2.1544e+02	2.1305e+02	1.0790e-12	2.7631e-02	9.7237e-01	8.2371e-01	1.7629e-01	6.3492e-10	2.9272e-14	1.3011e-03	9.2009e-01	7.8609e-02	1.3256e-06	3.3303e-02	9.6436e-01	2.3406e-03	1.1755e-36	1.1755e-36	1.1755e-36	3.2375e-22	0.00e+00	0.00e+00	5.9775e+00
7.21924e+17	7.1496e+03	1.437e-19	2.1544e+02	2.1127e+02	1.4582e-12	3.1613e-02	9.6839e-01	8.9863e-01	1.0137e-01	3.2475e-10	4.0740e-14	1.3218e-03	9.2859e-01	7.0087e-02	7.9575e-07	3.8222e-02	9.6044e-01	1.3335e-03	1.1755e-36	1.1755e-36	1.1755e-36	4.9410e-22	0.00e+00	0.00e+00	6.3385e+00
7.31579e+17	7.1377e+03	1.446e-19	2.1544e+02	2.0890e+02	2.0654e-12	3.7251e-02	9.6275e-01	9.4795e-01	5.2051e-02	1.4555e-10	5.8876e-14	1.3378e-03	9.3610e-01	6.2558e-02	4.3581e-07	4.5162e-02	9.5415e-01	6.8980e-04	1.1755e-36	1.1755e-36	1.1755e-36	8.1453e-22	0.00e+00	0.00e+00	6.8915e+00
7.41625e+17	7.1145e+03	1.466e-19	2.1544e+02	2.0695e+02	3.2166e-12	4.5666e-02	9.5433e-01	9.7441e-01	2.5594e-02	6.3046e-11	9.1831e-14	1.3575e-03	9.4317e-01	5.5474e-02	2.2547e-07	5.5478e-02	9.4418e-01	3.3750e-04	1.1755e-36	1.1755e-36	1.1755e-36	1.5481e-21	0.00e+00	0.00e+00	7.4618e+00
7.50233e+17	7.1082e+03	1.476e-19	2.1544e+02	2.0427e+02	4.9113e-12	5.5913e-02	9.4409e-01	9.8580e-01	1.4200e-02	3.1579e-11	1.4017e-13	1.3657e-03	9.4909e-01	4.9543e-02	1.1755e-36	6.7991e-02	9.3183e-01	1.7823e-04	1.1755e-36	1.1755e-36	1.1755e-36	2.8840e-21	0.00e+00	0.00e+00	8.0730e+00
7.57814e+17	7.0838e+03	1.479e-19	2.1544e+02	2.0119e+02	7.7334e-12	6.8878e-02	9.3112e-01	9.9141e-01	8.5920e-03	1.7541e-11	2.1706e-13	1.3690e-03	9.5460e-01	4.4035e-02	1.1755e-36	8.3749e-02	9.1615e-01	9.8796e-05	1.1755e-36	1.1755e-36	1.1755e-36	5.5334e-21	0.00e+00	0.00e+00	8.7407e+00
7.63682e+17	7.0624e+03	1.476e-19	2.1544e+02	1.9823e+02	1.1930e-11	8.3508e-02	9.1649e-01	9.9406e-01	5.9407e-03	1.1440e-11	3.2996e-13	1.3678e-03	9.5916e-01	3.9468e-02	1.1755e-36	1.0142e-01	8.9852e-01	6.0987e-05	1.1755e-36	1.1755e-36	1.1755e-36	1.0464e-20	0.00e+00	0.00e+00	9.2644e+00
7.67615e+17	7.0419e+03	1.466e-19	2.1544e+02	1.9568e+02	1.6636e-11	9.6795e-02	9.0321e-01	9.9534e-01	4.6632e-03	8.6525e-12	4.5333e-13	1.3634e-03	9.6247e-01	3.6165e-02	1.1755e-36	1.1737e-01	8.8259e-01	4.3143e-05	1.1755e-36	1.1755e-36	1.1755e-36	1.6958e-20	0.00e+00	0.00e+00	9.6931e+00
7.70777e+17	7.0234e+03	1.445e-19	2.1544e+02	1.9214e+02	2.1992e-11	1.0949e-01	8.9051e-01	9.9618e-01	3.8209e-03	6.9183e-12	5.8698e-13	1.3487e-03	9.6509e-01	3.3562e-02	1.1755e-36	1.3252e-01	8.6745e-01	3.2213e-05	1.1755e-36	1.1755e-36	1.1755e-36	2.5044e-20	0.00e+00	0.00e+00	1.0150e+01
7.74306e+17	6.9959e+03	1.416e-19	2.1544e+02	1.8830e+02	3.0948e-11	1.2713e-01	8.7287e-01	9.9694e-01	3.0551e-03	5.3668e-12	8.0604e-13	1.3333e-03	9.6824e-01	3.0423e-02	1.1755e-36	1.5343e-01	8.4655e-01	2.2687e-05	1.1755e-36	1.1755e-36	1.1755e-36	4.0503e-20	0.00e+00	0.00e+00	1.0840e+01
7.78158e+17	6.9387e+03	1.371e-19	2.1544e+02	1.8283e+02	4.7958e-11	1.5271e-01	8.4729e-01	9.9758e-01	2.4198e-03	4.1424e-12	1.1887e-12	1.3077e-03	9.7177e-01	2.6919e-02	1.1755e-36	1.8344e-01	8.1654e-01	1.5135e-05	1.1755e-36	1.1755e-36	1.1755e-36	7.2984e-20	0.00e+00	0.00e+00	1.1612e+01
7.81738e+17	6.8690e+03	1.306e-19	2.1544e+02	1.7588e+02	7.6722e-11	1.8491e-01	8.1509e-01	9.9804e-01	1.9574e-03	3.3008e-12	1.7849e-12	1.2706e-03	9.7521e-01	2.3521e-02	1.1755e-36	2.2072e-01	7.7927e-01	1.0013e-05	1.1755e-36	1.1755e-36	1.1755e-36	1.3541e-19	0.00e+00	0.00e+00	1.2478e+01
7.84919e+17	6.7773e+03	1.224e-19	2.1544e+02	1.6756e+02	1.2535e-10	2.2356e-01	7.7644e-01	9.9837e-01	1.6332e-03	2.7474e-12	2.6784e-12	1.2222e-03	9.7836e-01	2.0415e-02	1.1755e-36	2.6473e-01	7.3527e-01	6.6844e-06	1.1755e-36	1.1755e-36	1.1755e-36	2.5147e-19	0.00e+00	0.00e+00	1.3366e+01
7.87553e+17	6.6663e+03	1.131e-19	2.1544e+02	1.5845e+02	2.0191e-10	2.6556e-01	7.3444e-01	9.9858e-01	1.4165e-03	2.4062e-12	3.8830e-12	1.1663e-03	9.8104e-01	1.7795e-02	1.1755e-36	3.1168e-01	6.8832e-01	4.6237e-06	1.1755e-36	1.1755e-36	1.1755e-36	4.4380e-19	0.00e+00	0.00e+00	1.4214e+01
7.89545e+17	6.5510e+03	1.043e-19	2.1544e+02	1.4985e+02	3.0631e-10	3.0542e-01	6.9458e-01	9.9872e-01	1.2823e-03	2.2166e-12	5.2688e-12	1.1116e-03	9.8308e-01	1.5805e-02	1.1755e-36	3.5539e-01	6.4461e-01	3.4145e-06	1.1755e-36	1.1755e-36	1.1755e-36	7.0905e-19	0.00e+00	0.00e+00	1.4893e+01
7.90932e+17	6.4484e+03	9.720e-20	2.1544e+02	1.4286e+02	4.2351e-10	3.3783e-01	6.6217e-01	9.9880e-01	1.2010e-03	2.1147e-12	6.5824e-12	1.0662e-03	9.8451e-01	1.4423e-02	1.1755e-36	3.9036e-01	6.0964e-01	2.7263e-06	1.1755e-36	1.1755e-36	1.1755e-36	9.9878e-19	0.00e+00	0.00e+00	1.5417e+01
7.91967e+17	6.3558e+03	9.142e-20	2.1544e+02	1.3712e+02	5.5065e-10	3.6455e-01	6.3545e-01	9.9885e-01	1.1456e-03	2.0510e-12	7.8003e-12	1.0284e-03	9.8558e-01	1.3395e-02	1.1755e-36	4.1880e-01	5.8120e-01	2.2858e-06	1.1755e-36	1.1755e-36	1.1755e-36	1.2976e-18	0.00e+00	0.00e+00	1.5879e+01
7.92878e+17	6.2612e+03	8.600e-20	2.1544e+02	1.3166e+02	7.0524e-10	3.8983e-01	6.1017e-01	9.9890e-01	1.0993e-03	2.0024e-12	9.0697e-12	9.9222e-04	9.8651e-01	1.2498e-02	1.1755e-36	4.4539e-01	5.5460e-01	1.9460e-06	1.1755e-36	1.1755e-36	1.1755e-36	1.6376e-18	0.00e+00	0.00e+00	1.6351e+01
7.93752e+17	6.1576e+03	8.054e-20	2.1544e+02	1.2606e+02	9.0958e-10	4.1576e-01	5.8424e-01	9.9894e-01	1.0583e-03	1.9652e-12	1.0498e-11	9.5480e-04	9.8739e-01	1.1651e-02	1.1755e-36	4.7237e-01	5.2763e-01	1.6594e-06	1.1755e-36	1.1755e-36	1.1755e-36	2.0535e-18	0.00e+00	0.00e+00	1.6836e+01
7.94567e+17	6.0481e+03	7.525e-20	2.1544e+02	1.2050e+02	1.1733e-09	4.4147e-01	5.5853e-01	9.9898e-01	1.0244e-03	1.9425e-12	1.2047e-11	9.1739e-04	9.8820e-01	1.0879e-02	1.1755e-36	4.9880e-01	5.0119e-01	1.4243e-06	1.1755e-36	1.1755e-36	1.1755e-36	2.5428e-18	0.00e+00	0.00e+00	1.7300e+01
7.95289e+17	5.9393e+03	7.044e-20	2.1544e+02	1.1533e+02	1.4942e-09	4.6541e-01	5.3459e-01	9.9900e-01	9.9733e-04	1.9312e-12	1.3618e-11	8.8234e-04	9.8891e-01	1.0209e-02	1.1755e-36	5.2316e-01	4.7684e-01	1.2399e-06	1.1755e-36	1.1755e-36	1.1755e-36	3.0788e-18	0.00e+00	0.00e+00	1.7725e+01
7.95923e+17	5.8328e+03	6.613e-20	2.1544e+02	1.1059e+02	1.8761e-09	4.8734e-01	5.1266e-01	9.9902e-01	9.7533e-04	1.9272e-12	1.5175e-11	8.5011e-04	9.8952e-01	9.6293e-03	1.1755e-36	5.4524e-01	4.5476e-01	1.0943e-06	1.1755e-36	1.1755e-36	1.1755e-36	3.6490e-18	0.00e+00	0.00e+00	1.8121e+01
7.96501e+17	5.7260e+03	6.216e-20	2.1544e+02	1.0613e+02	2.3412e-09	5.0800e-01	4.9200e-01	9.9904e-01	9.5662e-04	1.9283e-12	1.6754e-11	8.1960e-04	9.9007e-01	9.1094e-03	1.1755e-36	5.6585e-01	4.3415e-01	9.7408e-07	1.1755e-36	1.1755e-36	1.1755e-36	4.2681e-18	0.00e+00	0.00e+00	1.8507e+01
7.97045e+17	5.6140e+03	5.843e-20	2.1544e+02	1.0183e+02	2.9335e-09	5.2815e-01	4.7185e-01	9.9906e-01	9.3958e-04	1.9314e-12	1.8421e-11	7.9035e-04	9.9059e-01	8.6245e-03	1.1755e-36	5.8577e-01	4.1423e-01	8.7075e-07	1.1755e-36	1.1755e-36	1.1755e-36	4.9690e-18	0.00e+00	0.00e+00	1.8888e+01
7.97482e+17	5.5244e+03	5.549e-20	2.1544e+02	9.8336e+01	3.5171e-09	5.4412e-01	4.5588e-01	9.9907e-01	9.2951e-04	1.9449e-12	1.9821e-11	7.6614e-04	9.9097e-01	8.2645e-03	1.1755e-36	6.0144e-01	3.9856e-01	7.9738e-07	1.1755e-36	1.1755e-36	1.1755e-36	5.5971e-18	0.00e+00	0.00e+00	1.9141e+01
7.97790e+17	5.4539e+03	5.341e-20	2.1544e+02	9.5823e+01	4.0421e-09	5.5578e-01	4.4422e-01	9.9908e-01	9.2179e-04	1.9532e-12	2.0908e-11	7.4885e-04	9.9125e-01	8.0051e-03	1.1755e-36	6.1282e-01	3.8718e-01	7.4780e-07	1.1755e-36	1.1755e-36	1.1755e-36	6.1126e-18	0.00e+00	0.00e+00	1.9349e+01
7.98077e+17	5.3827e+03	5.145e-20	2.1544e+02	9.3457e+01	4.6444e-09	5.6700e-01	4.3300e-01	9.9909e-01	9.1353e-04	1.9582e-12	2.2021e-11	7.3267e-04	9.9151e-01	7.7568e-03	1.1755e-36	6.2370e-01	3.7630e-01	7.0285e-07	1.1755e-36	1.1755e-36	1.1755e-36	6.6673e-18	0.00e+00	0.00e+00	1.9579e+01
7.98394e+17	5.3009e+03	4.929e-20	2.1544e+02	9.0805e+01	5.4458e-09	5.7947e-01	4.2053e-01	9.9910e-01	9.0486e-04	1.9657e-12	2.3325e-11	7.1446e-04	9.9180e-01	7.4874e-03	1.1755e-36	6.3575e-01	3.6425e-01	6.5591e-07	1.1755e-36	1.1755e-36	1.1755e-36	7.3554e-18	0.00e+00	0.00e+00	1.9844e+01
7.98730e+17	5.2116e+03	4.704e-20	2.1544e+02	8.7950e+01	6.4794e-09	5.9261e-01	4.0739e-01	9.9910e-01	8.9702e-04	1.9784e-12	2.4783e-11	6.9480e-04	9.9209e-01	7.2130e-03	1.1755e-36	6.4837e-01	3.5163e-01	6.0979e-07	1.1755e-36	1.1755e-36	1.1755e-36	8.1762e-18	0.00e+00	0.00e+00	2.0116e+01
7.99059e+17	5.1203e+03	4.487e-20	2.1544e+02	8.5167e+01	7.7402e-09	6.0556e-01	3.9444e-01	9.9911e-01	8.8974e-04	1.9922e-12	2.6342e-11	6.7564e-04	9.9237e-01	6.9500e-03	1.1755e-36	6.6074e-01	3.3926e-01	5.6756e-07	1.1755e-36	1.1755e-36	1.1755e-36	9.1237e-18	0.00e+00	0.00e+00	2.0379e+01
7.99371e+17	5.0293e+03	4.285e-20	2.1544e+02	8.2506e+01	9.2424e-09	6.1794e-01	3.8206e-01	9.9912e-01	8.8313e-04	2.0067e-12	2.7968e-11	6.5732e-04	9.9264e-01	6.7046e-03	1.1755e-36	6.7250e-01	3.2750e-01	5.2978e-07	1.1755e-36	1.1755e-36	1.1755e-36	1.0196e-17	0.00e+00	0.00e+00	2.0635e+01
7.99674e+17	4.9323e+03	4.091e-20	2.1544e+02	7.9887e+01	1.1130e-08	6.3009e-01	3.6991e-01	9.9912e-01	8.7655e-04	2.0205e-12	2.9691e-11	6.3948e-04	9.9290e-01	6.4595e-03	1.1755e-36	6.8399e-01	3.1601e-01	4.9524e-07	1.1755e-36	1.1755e-36	1.1755e-36	1.1396e-17	0.00e+00	0.00e+00	2.0893e+01
7.99912e+17	4.8611e+03	3.947e-20	2.1544e+02	7.7905e+01	1.2791e-08	6.3923e-01	3.6077e-01	9.9913e-01	8.7303e-04	2.0364e-12	3.1057e-11	6.2578e-04	9.9310e-01	6.2785e-03	1.1755e-36	6.9260e-01	3.0740e-01	4.7065e-07	1.1755e-36	1.1755e-36	1.1755e-36	1.2405e-17	0.00e+00	0.00e+00	2.1047e+01
8.00069e+17	4.8070e+03	3.852e-20	2.1544e+02	7.6539e+01	1.4181e-08	6.4540e-01	3.5460e-01	9.9913e-01	8.7044e-04	2.0462e-12	3.2035e-11	6.1647e-04	9.9323e-01	6.1562e-03	1.1755e-36	6.9839e-01	3.0161e-01	4.5481e-07	1.1755e-36	1.1755e-36	1.1755e-36	1.3172e-17	0.00e+00	0.00e+00	2.1166e+01
8.00207e+17	4.7558e+03	3.768e-20	2.1544e+02	7.5381e+01	1.5642e-08	6.5120e-01	3.4880e-01	9.9913e-01	8.6697e-04	2.0501e-12	3.3036e-11	6.0879e-04	9.9335e-01	6.0403e-03	1.1755e-36	7.0382e-01	2.9618e-01	4.4047e-07	1.1755e-36	1.1755e-36	1.1755e-36	1.3996e-17	0.00e+00	0.00e+00	2.1289e+01
8.00351e+17	4.7113e+03	3.678e-20	2.1544e+02	7.4102e+01	1.7090e-08	6.5671e-01	3.4329e-01	9.9914e-01	8.6477e-04	2.0621e-12	3.3954e-11	5.9986e-04	9.9347e-01	5.9320e-03	1.1755e-36	7.0897e-01	2.9103e-01	4.2652e-07	1.1755e-36	1.1755e-36	1.1755e-36	1.4784e-17	0.00e+00	0.00e+00	2.1422e+01
8.00513e+17	4.6531e+03	3.579e-20	2.1544e+02	7.2694e+01	1.9147e-08	6.6335e-01	3.3665e-01	9.9914e-01	8.6139e-04	2.0709e-12	3.5176e-11	5.9032e-04	9.9361e-01	5.8016e-03	1.1755e-36	7.1515e-01	2.8485e-01	4.1070e-07	1.1755e-36	1.1755e-36	1.1755e-36	1.5890e-17	0.00e+00	0.00e+00	2.1581e+01
8.00682e+17	4.5921e+03	3.478e-20	2.1544e+02	7.1249e+01	2.1572e-08	6.7014e-01	3.2986e-01	9.9914e-01	8.5824e-04	2.0810e-12	3.6501e-11	5.8054e-04	9.9375e-01	5.6700e-03	1.1755e-36	7.2146e-01	2.7854e-01	3.9507e-07	1.1755e-36	1.1755e-36	1.1755e-36	1.7165e-17	0.00e+00	0.00e+00	2.1730e+01
8.00837e+17	4.5351e+03	3.388e-20	2.1544e+02	6.9921e+01	2.4113e-08	6.7627e-01	3.2373e-01	9.9914e-01	8.5561e-04	2.0913e-12	3.7764e-11	5.7157e-04	9.9388e-01	5.5527e-03	1.1755e-36	7.2714e-01	2.7286e-01	3.8144e-07	1.1755e-36	1.1755e-36	1.1755e-36	1.8458e-17	0.00e+00	0.00e+00	2.1864e+01
8.00979e+17	4.4815e+03	3.306e-20	2.1544e+02	6.8698e+01	2.6780e-08	6.8192e-01	3.1808e-01	9.9915e-01	8.5315e-04	2.1008e-12	3.8996e-11	5.6335e-04	9.9399e-01	5.4451e-03	1.1755e-36	7.3237e-01	2.6763e-01	3.6922e-07	1.1755e-36	1.1755e-36	1.1755e-36	1.9795e-17	0.00e+00	0.00e+00	2.1992e+01
8.01117e+17	4.4281e+03	3.227e-20	2.1544e+02	6.7507e+01	2.9725e-08	6.8746e-01	3.1254e-01	9.9915e-01	8.5068e-04	2.1099e-12	4.0275e-11	5.5536e-04	9.9410e-01	5.3402e-03	1.1755e-36	7.3748e-01	2.6252e-01	3.5754e-07	1.1755e-36	1.1755e-36	1.1755e-36	2.1262e-17	0.00e+00	0.00e+00	2.2121e+01
8.01256e+17	4.3737e+03	3.148e-20	2.1544e+02	6.6313e+01	3.3065e-08	6.9303e-01	3.0697e-01	9.9915e-01	8.4820e-04	2.1191e-12	4.1638e-11	5.4739e-04	9.9422e-01	5.2354e-03	1.1755e-36	7.4260e-01	2.5740e-01	3.4609e-07	1.1755e-36	1.1755e-36	1.1755e-36	2.2916e-17	0.00e+00	0.00e+00	2.2253e+01
8.01395e+17	4.3185e+03	3.070e-20	2.1544e+02	6.5125e+01	3.6823e-08	6.9858e-01	3.0142e-01	9.9915e-01	8.4576e-04	2.1286e-12	4.3076e-11	5.3948e-04	9.9433e-01	5.1318e-03	1.1755e-36	7.4770e-01	2.5230e-01	3.3499e-07	1.1755e-36	1.1755e-36	1.1755e-36	2.4766e-17	0.00e+00	0.00e+00	2.2385e+01
8.01532e+17	4.2632e+03	2.994e-20	2.1544e+02	6.3957e+01	4.0991e-08	7.0402e-01	2.9598e-01	9.9916e-01	8.4341e-04	2.1381e-12	4.4571e-11	5.3174e-04	9.9444e-01	5.0309e-03	1.1755e-36	7.5269e-01	2.4731e-01	3.2438e-07	1.1755e-36	1.1755e-36	1.1755e-36	2.6807e-17	0.00e+00	0.00e+00	2.2515e+01
8.01667e+17	4.2029e+03	2.921e-20	2.1544e+02	6.2790e+01	4.5954e-08	7.0947e-01	2.9053e-01	9.9916e-01	8.4072e-04	2.1457e-12	4.6190e-11	5.2422e-04	9.9455e-01	4.9306e-03	1.1755e-36	7.5767e-01	2.4233e-01	3.1421e-07	1.1755e-36	1.1755e-36	1.1755e-36	2.9170e-17	0.00e+00	0.00e+00	2.2644e+01
8.01796e+17	4.1537e+03	2.852e-20	2.1544e+02	6.1708e+01	5.0516e-08	7.1437e-01	2.8563e-01	9.9916e-01	8.3912e-04	2.1576e-12	4.7657e-11	5.1697e-04	9.9464e-01	4.8412e-03	1.1755e-36	7.6215e-01	2.3785e-01	3.0497e-07	1.1755e-36	1.1755e-36	1.1755e-36	3.1415e-17	0.00e+00	0.00e+00	2.2764e+01
8.01926e+17	4.0922e+03	2.783e-20	2.1544e+02	6.0575e+01	5.6614e-08	7.1970e-01	2.8030e-01	9.9916e-01	8.3629e-04	2.1642e-12	4.9428e-11	5.0979e-04	9.9475e-01	4.7441e-03	1.1755e-36	7.6701e-01	2.3299e-01	2.9550e-07	1.1755e-36	1.1755e-36	1.1755e-36	3.4315e-17	0.00e+00	0.00e+00	2.2898e+01
8.02058e+17	4.0404e+03	2.714e-20	2.1544e+02	5.9469e+01	6.2352e-08	7.2468e-01	2.7532e-01	9.9917e-01	8.3475e-04	2.1771e-12	5.1069e-11	5.0244e-04	9.9484e-01	4.6545e-03	1.1755e-36	7.7153e-01	2.2847e-01	2.8652e-07	1.1755e-36	1.1755e-36	1.1755e-36	3.7129e-17	0.00e+00	0.00e+00	2.3023e+01
8.02190e+17	3.9758e+03	2.646e-20	2.1544e+02	5.8341e+01	6.9961e-08	7.3012e-01	2.6988e-01	9.9917e-01	8.3166e-04	2.1826e-12	5.3064e-11	4.9544e-04	9.9495e-01	4.5568e-03	1.1755e-36	7.7647e-01	2.2353e-01	2.7733e-07	1.1755e-36	1.1755e-36	1.1755e-36	4.0777e-17	0.00e+00	0.00e+00	2.3160e+01
###########################
2.53191e+13	7.0982e+03	1.436e-19	2.1544e+02	2.3338e+02	9.9587e-15	2.6310e-03	9.9737e-01	1.4226e-02	9.8350e-01	2.2732e-03	2.7967e-17	1.5921e-04	2.1076e-01	7.8834e-01	7.4469e-04	1.4386e-03	5.3206e-01	4.6615e-01	3.4612e-04	1.1755e-36	1.1755e-36	1.8187e-25	0.00e+00	0.00e+00	1.8122e-04
1.51915e+14	7.0960e+03	1.436e-19	2.1544e+02	2.3336e+02	9.9654e-15	2.6303e-03	9.9737e-01	1.4226e-02	9.8350e-01	2.2711e-03	2.7933e-17	1.5904e-04	2.1077e-01	7.8833e-01	7.4557e-04	1.4380e-03	5.3198e-01	4.6624e-01	3.4497e-04	1.1755e-36	1.1755e-36	1.8149e-25	0.00e+00	0.00e+00	9.0592e-04
6.58296e+14	7.0914e+03	1.434e-19	2.1544e+02	2.3336e+02	9.9796e-15	2.6294e-03	9.9737e-01	1.4235e-02	9.8351e-01	2.2560e-03	2.7899e-17	1.5891e-04	2.1087e-01	7.8823e-01	7.4335e-04	1.4381e-03	5.3211e-01	4.6611e-01	3.3990e-04	1.1755e-36	1.1755e-36	1.8085e-25	0.00e+00	0.00e+00	3.8037e-03
2.68382e+15	7.0818e+03	1.430e-19	2.1544e+02	2.3335e+02	1.0049e-14	2.6287e-03	9.9737e-01	1.4272e-02	9.8355e-01	2.1793e-03	2.8008e-17	1.5918e-04	2.1135e-01	7.8775e-01	7.3599e-04	1.4409e-03	5.3293e-01	4.6531e-01	3.2019e-04	1.1755e-36	1.1755e-36	1.8109e-25	0.00e+00	0.00e+00	1.5392e-02
6.41079e+15	7.0421e+03	1.414e-19	2.1544e+02	2.3335e+02	1.0113e-14	2.6044e-03	9.9740e-01	1.4277e-02	9.8359e-01	2.1292e-03	2.7441e-17	1.5821e-04	2.1157e-01	7.8754e-01	7.2868e-04	1.4306e-03	5.3337e-01	4.6490e-01	2.9480e-04	1.1755e-36	1.1755e-36	1.7451e-25	0.00e+00	0.00e+00	3.0317e-02
1.12559e+16	6.9998e+03	1.398e-19	2.1544e+02	2.3336e+02	1.0241e-14	2.5848e-03	9.9742e-01	1.4308e-02	9.8369e-01	2.0030e-03	2.7073e-17	1.5791e-04	2.1209e-01	7.8703e-01	7.1594e-04	1.4251e-03	5.3454e-01	4.6378e-01	2.6329e-04	1.1755e-36	1.1755e-36	1.6947e-25	0.00e+00	0.00e+00	4.9573e-02
1.75544e+16	6.9532e+03	1.380e-19	2.1544e+02	2.3336e+02	1.0418e-14	2.5682e-03	9.9743e-01	1.4368e-02	9.8383e-01	1.8050e-03	2.6818e-17	1.5802e-04	2.1295e-01	7.8620e-01	6.9778e-04	1.4241e-03	5.3649e-01	4.6185e-01	2.2614e-04	1.1755e-36	1.1755e-36	1.6493e-25	0.00e+00	0.00e+00	7.4446e-02
2.57426e+16	6.9018e+03	1.361e-19	2.1544e+02	2.3335e+02	1.0666e-14	2.5553e-03	9.9744e-01	1.4465e-02	9.8400e-01	1.5395e-03	2.6725e-17	1.5865e-04	2.1423e-01	7.8493e-01	6.7400e-04	1.4287e-03	5.3952e-01	4.5887e-01	1.8455e-04	1.1755e-36	1.1755e-36	1.6125e-25	0.00e+00	0.00e+00	1.0662e-01
3.63872e+16	6.8456e+03	1.340e-19	2.1544e+02	2.3334e+02	1.0994e-14	2.5474e-03	9.9745e-01	1.4612e-02	9.8417e-01	1.2225e-03	2.6826e-17	1.5995e-04	2.1612e-01	7.8307e-01	6.4487e-04	1.4408e-03	5.4393e-01	4.5449e-01	1.4088e-04	1.1755e-36	1.1755e-36	1.5837e-25	0.00e+00	0.00e+00	1.4831e-01
5.02252e+16	6.7838e+03	1.317e-19	2.1544e+02	2.3333e+02	1.1450e-14	2.5475e-03	9.9745e-01	1.4829e-02	9.8429e-01	8.8568e-04	2.7204e-17	1.6216e-04	2.1883e-01	7.8040e-01	6.1125e-04	1.4612e-03	5.4939e-01	4.4905e-01	9.8804e-05	1.1755e-36	1.1755e-36	1.5687e-25	0.00e+00	0.00e+00	2.0252e-01
6.82145e+16	6.7184e+03	1.293e-19	2.1544e+02	2.3332e+02	1.2060e-14	2.5601e-03	9.9744e-01	1.5152e-02	9.8428e-01	5.7165e-04	2.8083e-17	1.6559e-04	2.2275e-01	7.7651e-01	5.7448e-04	1.4994e-03	5.5811e-01	4.4033e-01	6.1887e-05	1.1755e-36	1.1755e-36	1.5774e-25	0.00e+00	0.00e+00	2.7334e-01
9.16007e+16	6.6558e+03	1.267e-19	2.1544e+02	2.3330e+02	1.2859e-14	2.5909e-03	9.9741e-01	1.5623e-02	9.8406e-01	3.1997e-04	2.9688e-17	1.7116e-04	2.2833e-01	7.7096e-01	5.3575e-04	1.5584e-03	5.6965e-01	4.2876e-01	3.3698e-05	1.1755e-36	1.1755e-36	1.6242e-25	0.00e+00	0.00e+00	3.6650e-01
1.22003e+17	6.5962e+03	1.242e-19	2.1544e+02	2.3328e+02	1.3977e-14	2.6517e-03	9.9735e-01	1.6327e-02	9.8352e-01	1.5054e-04	3.2501e-17	1.7985e-04	2.3644e-01	7.6288e-01	4.9451e-04	1.6503e-03	5.8496e-01	4.1338e-01	1.5394e-05	1.1755e-36	1.1755e-36	1.7314e-25	0.00e+00	0.00e+00	4.9046e-01
1.61525e+17	6.5463e+03	1.218e-19	2.1544e+02	2.3322e+02	1.5570e-14	2.7610e-03	9.9724e-01	1.7404e-02	9.8254e-01	5.7550e-05	3.7465e-17	1.9372e-04	2.4845e-01	7.5091e-01	4.4892e-04	1.7952e-03	6.0555e-01	3.9265e-01	5.6603e-06	1.1755e-36	1.1755e-36	1.9455e-25	0.00e+00	0.00e+00	6.5826e-01
2.12905e+17	6.5179e+03	1.198e-19	2.1544e+02	2.3314e+02	1.7990e-14	2.9524e-03	9.9705e-01	1.9139e-02	9.8084e-01	1.7286e-05	4.6927e-17	2.1604e-04	2.6674e-01	7.3265e-01	3.9592e-04	2.0317e-03	6.3375e-01	3.6422e-01	1.5990e-06	1.1755e-36	1.1755e-36	2.3954e-25	0.00e+00	0.00e+00	8.9151e-01
2.68521e+17	6.5112e+03	1.183e-19	2.1544e+02	2.3303e+02	2.0922e-14	3.2015e-03	9.9680e-01	2.1413e-02	9.7858e-01	4.8350e-06	6.0662e-17	2.4465e-04	2.8923e-01	7.1019e-01	3.4428e-04	2.3377e-03	6.6496e-01	3.3271e-01	4.2085e-07	1.1755e-36	1.1755e-36	3.0594e-25	0.00e+00	0.00e+00	1.1230e+00
3.16860e+17	6.5407e+03	1.179e-19	2.1544e+02	2.3291e+02	2.4063e-14	3.4919e-03	9.9651e-01	2.4020e-02	9.7598e-01	1.7334e-06	7.9509e-17	2.7679e-04	3.1310e-01	6.8632e-01	3.0112e-04	2.6879e-03	6.9445e-01	3.0286e-01	1.3890e-07	1.1755e-36	1.1755e-36	4.0332e-25	0.00e+00	0.00e+00	1.3297e+00
3.58015e+17	6.5883e+03	1.184e-19	2.1544e+02	2.3280e+02	2.7633e-14	3.8198e-03	9.9618e-01	2.7005e-02	9.7299e-01	7.7443e-07	1.0522e-16	3.1207e-04	3.3810e-01	6.6132e-01	2.6412e-04	3.0823e-03	7.2213e-01	2.7479e-01	1.1755e-36	1.1755e-36	1.1755e-36	5.4364e-25	0.00e+00	0.00e+00	1.5313e+00
3.96038e+17	6.6492e+03	1.193e-19	2.1544e+02	2.3264e+02	3.1920e-14	4.2031e-03	9.9580e-01	3.0591e-02	9.6941e-01	3.8506e-07	1.4176e-16	3.5276e-04	3.6573e-01	6.3369e-01	2.2980e-04	3.5484e-03	7.4968e-01	2.4677e-01	1.1755e-36	1.1755e-36	1.1755e-36	7.5227e-25	0.00e+00	0.00e+00	1.7443e+00
4.32439e+17	6.7055e+03	1.207e-19	2.1544e+02	2.3244e+02	3.7861e-14	4.6699e-03	9.9533e-01	3.5126e-02	9.6487e-01	2.0457e-07	1.9616e-16	4.0074e-04	3.9730e-01	6.0211e-01	1.9659e-04	4.1216e-03	7.7778e-01	2.1810e-01	1.1755e-36	1.1755e-36	1.1755e-36	1.0764e-24	0.00e+00	0.00e+00	1.9701e+00
4.66262e+17	6.7866e+03	1.222e-19	2.1544e+02	2.3222e+02	4.4452e-14	5.2048e-03	9.9480e-01	4.0702e-02	9.5930e-01	1.1771e-07	2.7331e-16	4.5459e-04	4.3162e-01	5.6775e-01	1.6640e-04	4.7900e-03	8.0497e-01	1.9024e-01	1.1755e-36	1.1755e-36	1.1755e-36	1.5608e-24	0.00e+00	0.00e+00	2.1974e+00
4.96785e+17	6.8605e+03	1.241e-19	2.1544e+02	2.3199e+02	5.2947e-14	5.8174e-03	9.9418e-01	4.7617e-02	9.5238e-01	7.3138e-08	3.8292e-16	5.1430e-04	4.6844e-01	5.3091e-01	1.3899e-04	5.5636e-03	8.3055e-01	1.6389e-01	1.1755e-36	1.1755e-36	1.1755e-36	2.2850e-24	0.00e+00	0.00e+00	2.4264e+00
5.24382e+17	6.9305e+03	1.262e-19	2.1544e+02	2.3175e+02	6.3626e-14	6.5137e-03	9.9349e-01	5.6208e-02	9.4379e-01	4.8281e-08	5.3738e-16	5.7824e-04	5.0737e-01	4.9194e-01	1.1441e-04	6.4511e-03	8.5423e-01	1.3932e-01	1.1755e-36	1.1755e-36	1.1755e-36	3.3623e-24	0.00e+00	0.00e+00	2.6591e+00
5.49563e+17	6.9806e+03	1.285e-19	2.1544e+02	2.3127e+02	7.8111e-14	7.3207e-03	9.9268e-01	6.6857e-02	9.3314e-01	3.3193e-08	7.5601e-16	6.4868e-04	5.4871e-01	4.5055e-01	9.2292e-05	7.4850e-03	8.7598e-01	1.1654e-01	1.1755e-36	1.1755e-36	1.1755e-36	4.9569e-24	0.00e+00	0.00e+00	2.8991e+00
5.72696e+17	7.0496e+03	1.307e-19	2.1544e+02	2.3096e+02	9.5104e-14	8.2370e-03	9.9176e-01	8.0836e-02	9.1916e-01	2.3790e-08	1.0660e-15	7.2310e-04	5.9181e-01	4.0740e-01	7.2928e-05	8.6678e-03	8.9564e-01	9.5696e-02	1.1755e-36	1.1755e-36	1.1755e-36	7.3785e-24	0.00e+00	0.00e+00	3.1475e+00
5.92330e+17	7.0903e+03	1.331e-19	2.1544e+02	2.3030e+02	1.1674e-13	9.2204e-03	9.9078e-01	9.7389e-02	9.0261e-01	1.7941e-08	1.4668e-15	7.9681e-04	6.3334e-01	3.6581e-01	5.7242e-05	9.9377e-03	9.1183e-01	7.8230e-02	1.1755e-36	1.1755e-36	1.1755e-36	1.0664e-23	0.00e+00	0.00e+00	3.3620e+00
6.08190e+17	7.1276e+03	1.351e-19	2.1544e+02	2.2974e+02	1.4016e-13	1.0190e-02	9.8981e-01	1.1614e-01	8.8386e-01	1.4215e-08	1.9447e-15	8.6300e-04	6.7028e-01	3.2881e-01	4.5294e-05	1.1193e-02	9.2438e-01	6.4422e-02	1.1755e-36	1.1755e-36	1.1755e-36	1.4819e-23	0.00e+00	0.00e+00	3.5646e+00
6.22795e+17	7.1482e+03	1.371e-19	2.1544e+02	2.2907e+02	1.7064e-13	1.1275e-02	9.8872e-01	1.3998e-01	8.6002e-01	1.1341e-08	2.5775e-15	9.2997e-04	7.0699e-01	2.9205e-01	3.5048e-05	1.2594e-02	9.3521e-01	5.2197e-02	1.1755e-36	1.1755e-36	1.1755e-36	2.0587e-23	0.00e+00	0.00e+00	3.7885e+00
6.36884e+17	7.1903e+03	1.389e-19	2.1544e+02	2.2832e+02	2.0604e-13	1.2508e-02	9.8749e-01	1.7210e-01	8.2790e-01	9.0873e-09	3.4377e-15	9.9839e-04	7.4408e-01	2.5490e-01	2.6275e-05	1.4188e-02	9.4474e-01	4.1076e-02	1.1755e-36	1.1755e-36	1.1755e-36	2.8907e-23	0.00e+00	0.00e+00	4.0196e+00
6.49543e+17	7.2106e+03	1.406e-19	2.1544e+02	2.2723e+02	2.5190e-13	1.3857e-02	9.8614e-01	2.1312e-01	7.8688e-01	7.2926e-09	4.5528e-15	1.0625e-03	7.7893e-01	2.1999e-01	1.9285e-05	1.5927e-02	9.5235e-01	3.1719e-02	1.1755e-36	1.1755e-36	1.1755e-36	4.0168e-23	0.00e+00	0.00e+00	4.2408e+00
6.59103e+17	7.2274e+03	1.420e-19	2.1544e+02	2.2642e+02	2.9740e-13	1.5076e-02	9.8492e-01	2.5716e-01	7.4284e-01	6.1195e-09	5.7443e-15	1.1127e-03	8.0600e-01	1.9287e-01	1.4661e-05	1.7492e-02	9.5742e-01	2.5092e-02	1.1755e-36	1.1755e-36	1.1755e-36	5.2759e-23	0.00e+00	0.00e+00	4.3923e+00
6.65476e+17	7.2285e+03	1.426e-19	2.1544e+02	2.2521e+02	3.3611e-13	1.5983e-02	9.8402e-01	2.9374e-01	7.0626e-01	5.2831e-09	6.7343e-15	1.1448e-03	8.2379e-01	1.7505e-01	1.1941e-05	1.8656e-02	9.6035e-01	2.0994e-02	1.1755e-36	1.1755e-36	1.1755e-36	6.3277e-23	0.00e+00	0.00e+00	4.5088e+00
6.71641e+17	7.2328e+03	1.431e-19	2.1544e+02	2.2430e+02	3.8078e-13	1.6970e-02	9.8303e-01	3.3777e-01	6.6223e-01	4.5360e-09	7.9642e-15	1.1764e-03	8.4081e-01	1.5800e-01	9.5547e-06	1.9918e-02	9.6279e-01	1.7295e-02	1.1755e-36	1.1755e-36	1.1755e-36	7.6757e-23	0.00e+00	0.00e+00	4.6697e+00
6.79656e+17	7.2317e+03	1.438e-19	2.1544e+02	2.2315e+02	4.5461e-13	1.8432e-02	9.8157e-01	4.0771e-01	5.9229e-01	3.6035e-09	1.0053e-14	1.2163e-03	8.6163e-01	1.3714e-01	6.9518e-06	2.1777e-02	9.6519e-01	1.3036e-02	1.1755e-36	1.1755e-36	1.1755e-36	1.0029e-22	0.00e+00	0.00e+00	4.8969e+00
6.87467e+17	7.2302e+03	1.441e-19	2.1544e+02	2.2147e+02	5.4545e-13	2.0060e-02	9.7994e-01	4.9322e-01	5.0678e-01	2.7616e-09	1.2766e-14	1.2502e-03	8.8011e-01	1.1864e-01	4.9559e-06	2.3839e-02	9.6670e-01	9.4660e-03	1.1755e-36	1.1755e-36	1.1755e-36	1.3129e-22	0.00e+00	0.00e+00	5.0760e+00
6.93096e+17	7.2186e+03	1.438e-19	2.1544e+02	2.1938e+02	6.2985e-13	2.1367e-02	9.7863e-01	5.6526e-01	4.3474e-01	2.1681e-09	1.5245e-14	1.2685e-03	8.9197e-01	1.0676e-01	3.7984e-06	2.5489e-02	9.6724e-01	7.2702e-03	1.1755e-36	1.1755e-36	1.1755e-36	1.5931e-22	0.00e+00	0.00e+00	5.2125e+00
6.98494e+17	7.2104e+03	1.436e-19	2.1544e+02	2.1788e+02	7.2934e-13	2.2811e-02	9.7719e-01	6.3953e-01	3.6047e-01	1.6507e-09	1.8365e-14	1.2869e-03	9.0224e-01	9.6469e-02	2.8697e-06	2.7301e-02	9.6720e-01	5.4955e-03	1.1755e-36	1.1755e-36	1.1755e-36	1.9610e-22	0.00e+00	0.00e+00	5.4018e+00
7.05512e+17	7.1922e+03	1.430e-19	2.1544e+02	2.1538e+02	8.9218e-13	2.4905e-02	9.7510e-01	7.3319e-01	2.6681e-01	1.0868e-09	2.3391e-14	1.3042e-03	9.1312e-01	8.5578e-02	1.9717e-06	2.9918e-02	9.6636e-01	3.7231e-03	1.1755e-36	1.1755e-36	1.1755e-36	2.5736e-22	0.00e+00	0.00e+00	5.6706e+00
7.14635e+17	7.1646e+03	1.428e-19	2.1544e+02	2.1262e+02	1.1879e-12	2.8242e-02	9.7176e-01	8.3733e-01	1.6267e-01	5.7245e-10	3.2450e-14	1.3245e-03	9.2412e-01	7.4550e-02	1.1757e-06	3.4061e-02	9.6380e-01	2.1433e-03	1.1755e-36	1.1755e-36	1.1755e-36	3.7958e-22	0.00e+00	0.00e+00	6.0668e+00
7.24672e+17	7.1358e+03	1.440e-19	2.1544e+02	2.1076e+02	1.6977e-12	3.3190e-02	9.6681e-01	9.1615e-01	8.3854e-02	2.5775e-10	4.7783e-14	1.3494e-03	9.3338e-01	6.5266e-02	6.4229e-07	4.0167e-02	9.5873e-01	1.1030e-03	1.1755e-36	1.1755e-36	1.1755e-36	6.2730e-22	0.00e+00	0.00e+00	6.5076e+00
7.34122e+17	7.1227e+03	1.450e-19	2.1544e+02	2.0827e+02	2.4446e-12	3.9365e-02	9.6064e-01	9.5694e-01	4.3058e-02	1.1673e-10	6.9690e-14	1.3653e-03	9.4023e-01	5.8405e-02	3.5419e-07	4.7759e-02	9.5167e-01	5.7162e-04	1.1755e-36	1.1755e-36	1.1755e-36	1.0594e-21	0.00e+00	0.00e+00	6.9968e+00
7.42373e+17	7.1111e+03	1.464e-19	2.1544e+02	2.0624e+02	3.5351e-12	4.6828e-02	9.5317e-01	9.7585e-01	2.4150e-02	5.9103e-11	1.0098e-13	1.3788e-03	9.4578e-01	5.2843e-02	2.0473e-07	5.6903e-02	9.4278e-01	3.1639e-04	1.1755e-36	1.1755e-36	1.1755e-36	1.8135e-21	0.00e+00	0.00e+00	7.4661e+00
7.48970e+17	7.1031e+03	1.475e-19	2.1544e+02	2.0457e+02	4.9571e-12	5.4955e-02	9.4505e-01	9.8457e-01	1.5428e-02	3.4940e-11	1.4158e-13	1.3890e-03	9.5029e-01	4.8318e-02	1.2794e-07	6.6825e-02	9.3298e-01	1.9402e-04	1.1755e-36	1.1755e-36	1.1755e-36	2.9891e-21	0.00e+00	0.00e+00	7.9018e+00
7.54403e+17	7.0850e+03	1.482e-19	2.1544e+02	2.0271e+02	6.8305e-12	6.3710e-02	9.3629e-01	9.8925e-01	1.0748e-02	2.2862e-11	1.9304e-13	1.3946e-03	9.5416e-01	4.4448e-02	1.1755e-36	7.7479e-02	9.2239e-01	1.2766e-04	1.1755e-36	1.1755e-36	1.1755e-36	4.7394e-21	0.00e+00	0.00e+00	8.3384e+00
7.59293e+17	7.0725e+03	1.482e-19	2.1544e+02	2.0067e+02	9.3637e-12	7.3775e-02	9.2622e-01	9.9219e-01	7.8052e-03	1.5724e-11	2.6252e-13	1.3968e-03	9.5777e-01	4.0833e-02	1.1755e-36	8.9677e-02	9.1024e-01	8.6056e-05	1.1755e-36	1.1755e-36	1.1755e-36	7.5101e-21	0.00e+00	0.00e+00	8.8144e+00
7.63917e+17	7.0548e+03	1.470e-19	2.1544e+02	1.9731e+02	1.2997e-11	8.5699e-02	9.1430e-01	9.9421e-01	5.7887e-03	1.1148e-11	3.5779e-13	1.3889e-03	9.6118e-01	3.7433e-02	1.1755e-36	1.0406e-01	8.9588e-01	5.8420e-05	1.1755e-36	1.1755e-36	1.1755e-36	1.1931e-20	0.00e+00	0.00e+00	9.3394e+00
7.68258e+17	7.0272e+03	1.458e-19	2.1544e+02	1.9450e+02	1.8640e-11	1.0077e-01	8.9923e-01	9.9559e-01	4.4087e-03	8.1287e-12	5.0285e-13	1.3837e-03	9.6472e-01	3.3898e-02	1.1755e-36	1.2212e-01	8.7784e-01	3.9607e-05	1.1755e-36	1.1755e-36	1.1755e-36	1.9924e-20	0.00e+00	0.00e+00	9.9123e+00
7.72131e+17	6.9978e+03	1.435e-19	2.1544e+02	1.9081e+02	2.6769e-11	1.1833e-01	8.8167e-01	9.9652e-01	3.4779e-03	6.2068e-12	7.0411e-13	1.3708e-03	9.6796e-01	3.0665e-02	1.1755e-36	1.4303e-01	8.5695e-01	2.7413e-05	1.1755e-36	1.1755e-36	1.1755e-36	3.3126e-20	0.00e+00	0.00e+00	1.0486e+01
7.75448e+17	6.9619e+03	1.403e-19	2.1544e+02	1.8662e+02	3.8073e-11	1.3784e-01	8.6216e-01	9.9715e-01	2.8457e-03	4.9604e-12	9.6986e-13	1.3525e-03	9.7087e-01	2.7781e-02	1.1755e-36	1.6604e-01	8.3394e-01	1.9556e-05	1.1755e-36	1.1755e-36	1.1755e-36	5.3772e-20	0.00e+00	0.00e+00	1.1062e+01
7.78377e+17	6.9211e+03	1.360e-19	2.1544e+02	1.8161e+02	5.3762e-11	1.5948e-01	8.4052e-01	9.9761e-01	2.3877e-03	4.1009e-12	1.3164e-12	1.3270e-03	9.7349e-01	2.5185e-02	1.1755e-36	1.9133e-01	8.0865e-01	1.4219e-05	1.1755e-36	1.1755e-36	1.1755e-36	8.5403e-20	0.00e+00	0.00e+00	1.1667e+01
7.81106e+17	6.8671e+03	1.306e-19	2.1544e+02	1.7588e+02	7.7231e-11	1.8485e-01	8.1515e-01	9.9797e-01	2.0276e-03	3.4502e-12	1.7967e-12	1.2953e-03	9.7602e-01	2.2685e-02	1.1755e-36	2.2065e-01	7.7934e-01	1.0335e-05	1.1755e-36	1.1755e-36	1.1755e-36	1.3691e-19	0.00e+00	0.00e+00	1.2338e+01
7.83698e+17	6.7948e+03	1.241e-19	2.1544e+02	1.6928e+02	1.1431e-10	2.1535e-01	7.8465e-01	9.9826e-01	1.7429e-03	2.9553e-12	2.4869e-12	1.2569e-03	9.7850e-01	2.0238e-02	1.1755e-36	2.5545e-01	7.4455e-01	7.4502e-06	1.1755e-36	1.1755e-36	1.1755e-36	2.2461e-19	0.00e+00	0.00e+00	1.3075e+01
7.86099e+17	6.7030e+03	1.163e-19	2.1544e+02	1.6162e+02	1.7298e-10	2.5087e-01	7.4913e-01	9.9848e-01	1.5235e-03	2.5956e-12	3.4517e-12	1.2100e-03	9.8085e-01	1.7939e-02	1.1755e-36	2.9536e-01	7.0463e-01	5.3657e-06	1.1755e-36	1.1755e-36	1.1755e-36	3.7059e-19	0.00e+00	0.00e+00	1.3855e+01
7.88207e+17	6.5938e+03	1.077e-19	2.1544e+02	1.5334e+02	2.6217e-10	2.8958e-01	7.1042e-01	9.9864e-01	1.3620e-03	2.3504e-12	4.7136e-12	1.1574e-03	9.8294e-01	1.5907e-02	1.1755e-36	3.3811e-01	6.6188e-01	3.9277e-06	1.1755e-36	1.1755e-36	1.1755e-36	5.9749e-19	0.00e+00	0.00e+00	1.4615e+01
7.89886e+17	6.4802e+03	9.960e-20	2.1544e+02	1.4532e+02	3.8118e-10	3.2644e-01	6.7356e-01	9.9874e-01	1.2554e-03	2.2084e-12	6.1277e-12	1.1049e-03	9.8458e-01	1.4311e-02	1.1755e-36	3.7813e-01	6.2186e-01	3.0111e-06	1.1755e-36	1.1755e-36	1.1755e-36	8.9402e-19	0.00e+00	0.00e+00	1.5250e+01
7.91119e+17	6.3781e+03	9.289e-20	2.1544e+02	1.3866e+02	5.1592e-10	3.5730e-01	6.4270e-01	9.9881e-01	1.1866e-03	2.1279e-12	7.4860e-12	1.0605e-03	9.8579e-01	1.3148e-02	1.1755e-36	4.1113e-01	5.8887e-01	2.4498e-06	1.1755e-36	1.1755e-36	1.1755e-36	1.2172e-18	0.00e+00	0.00e+00	1.5754e+01
7.92069e+17	6.2824e+03	8.734e-20	2.1544e+02	1.3307e+02	6.6559e-10	3.8331e-01	6.1669e-01	9.9886e-01	1.1377e-03	2.0761e-12	8.7626e-12	1.0230e-03	9.8673e-01	1.2251e-02	1.1755e-36	4.3858e-01	5.6142e-01	2.0751e-06	1.1755e-36	1.1755e-36	1.1755e-36	1.5519e-18	0.00e+00	0.00e+00	1.6204e+01
7.92911e+17	6.1858e+03	8.213e-20	2.1544e+02	1.2775e+02	8.4694e-10	4.0793e-01	5.9207e-01	9.9890e-01	1.0966e-03	2.0374e-12	1.0086e-11	9.8693e-04	9.8755e-01	1.1460e-02	1.1755e-36	4.6426e-01	5.3573e-01	1.7815e-06	1.1755e-36	1.1755e-36	1.1755e-36	1.9288e-18	0.00e+00	0.00e+00	1.6659e+01
7.93716e+17	6.0813e+03	7.695e-20	2.1544e+02	1.2235e+02	1.0838e-09	4.3291e-01	5.6709e-01	9.9894e-01	1.0602e-03	2.0088e-12	1.1551e-11	9.5007e-04	9.8833e-01	1.0716e-02	1.1755e-36	4.9004e-01	5.0996e-01	1.5331e-06	1.1755e-36	1.1755e-36	1.1755e-36	2.3802e-18	0.00e+00	0.00e+00	1.7124e+01
7.94469e+17	5.9718e+03	7.197e-20	2.1544e+02	1.1704e+02	1.3869e-09	4.5751e-01	5.4249e-01	9.9897e-01	1.0299e-03	1.9928e-12	1.3123e-11	9.1350e-04	9.8905e-01	1.0038e-02	1.1755e-36	5.1515e-01	4.8485e-01	1.3277e-06	1.1755e-36	1.1755e-36	1.1755e-36	2.9031e-18	0.00e+00	0.00e+00	1.7570e+01
7.95142e+17	5.8626e+03	6.742e-20	2.1544e+02	1.1207e+02	1.7565e-09	4.8051e-01	5.1949e-01	9.9899e-01	1.0053e-03	1.9863e-12	1.4716e-11	8.7911e-04	9.8968e-01	9.4438e-03	1.1755e-36	5.3839e-01	4.6161e-01	1.1639e-06	1.1755e-36	1.1755e-36	1.1755e-36	3.4740e-18	0.00e+00	0.00e+00	1.7982e+01
7.95741e+17	5.7551e+03	6.332e-20	2.1544e+02	1.0748e+02	2.2000e-09	5.0175e-01	4.9825e-01	9.9901e-01	9.8507e-04	1.9861e-12	1.6305e-11	8.4723e-04	9.9023e-01	8.9235e-03	1.1755e-36	5.5964e-01	4.4036e-01	1.0324e-06	1.1755e-36	1.1755e-36	1.1755e-36	4.0842e-18	0.00e+00	0.00e+00	1.8370e+01
7.96292e+17	5.6470e+03	5.953e-20	2.1544e+02	1.0314e+02	2.7429e-09	5.2183e-01	4.7817e-01	9.9903e-01	9.6773e-04	1.9905e-12	1.7921e-11	8.1694e-04	9.9073e-01	8.4533e-03	1.1755e-36	5.7955e-01	4.2045e-01	9.2259e-07	1.1755e-36	1.1755e-36	1.1755e-36	4.7486e-18	0.00e+00	0.00e+00	1.8748e+01
7.96811e+17	5.5335e+03	5.597e-20	2.1544e+02	9.8976e+01	3.4376e-09	5.4141e-01	4.5859e-01	9.9905e-01	9.5173e-04	1.9960e-12	1.9631e-11	7.8798e-04	9.9120e-01	8.0133e-03	1.1755e-36	5.9880e-01	4.0120e-01	8.2778e-07	1.1755e-36	1.1755e-36	1.1755e-36	5.5049e-18	0.00e+00	0.00e+00	1.9121e+01
7.97232e+17	5.4428e+03	5.315e-20	2.1544e+02	9.5557e+01	4.1241e-09	5.5698e-01	4.4302e-01	9.9906e-01	9.4235e-04	2.0120e-12	2.1068e-11	7.6386e-04	9.9155e-01	7.6886e-03	1.1755e-36	6.1398e-01	3.8602e-01	7.5978e-07	1.1755e-36	1.1755e-36	1.1755e-36	6.1844e-18	0.00e+00	0.00e+00	1.9374e+01
7.97536e+17	5.3696e+03	5.110e-20	2.1544e+02	9.3042e+01	4.7611e-09	5.6862e-01	4.3138e-01	9.9907e-01	9.3490e-04	2.0220e-12	2.2218e-11	7.4621e-04	9.9181e-01	7.4469e-03	1.1755e-36	6.2527e-01	3.7473e-01	7.1261e-07	1.1755e-36	1.1755e-36	1.1755e-36	6.7613e-18	0.00e+00	0.00e+00	1.9586e+01
7.97822e+17	5.2969e+03	4.916e-20	2.1544e+02	9.0643e+01	5.4884e-09	5.7981e-01	4.2019e-01	9.9907e-01	9.2724e-04	2.0304e-12	2.3390e-11	7.2937e-04	9.9206e-01	7.2144e-03	1.1755e-36	6.3608e-01	3.6392e-01	6.6968e-07	1.1755e-36	1.1755e-36	1.1755e-36	7.3822e-18	0.00e+00	0.00e+00	1.9821e+01
7.98136e+17	5.2092e+03	4.705e-20	2.1544e+02	8.7990e+01	6.4993e-09	5.9240e-01	4.0760e-01	9.9908e-01	9.1846e-04	2.0382e-12	2.4810e-11	7.1086e-04	9.9233e-01	6.9581e-03	1.1755e-36	6.4817e-01	3.5182e-01	6.2471e-07	1.1755e-36	1.1755e-36	1.1755e-36	8.1845e-18	0.00e+00	0.00e+00	2.0088e+01
7.98466e+17	5.1172e+03	4.487e-20	2.1544e+02	8.5188e+01	7.7749e-09	6.0545e-01	3.9455e-01	9.9909e-01	9.1078e-04	2.0520e-12	2.6384e-11	6.9119e-04	9.9261e-01	6.7023e-03	1.1755e-36	6.6064e-01	3.3936e-01	5.8107e-07	1.1755e-36	1.1755e-36	1.1755e-36	9.1416e-18	0.00e+00	0.00e+00	2.0358e+01
7.98786e+17	5.0221e+03	4.280e-20	2.1544e+02	8.2452e+01	9.3491e-09	6.1814e-01	3.8186e-01	9.9910e-01	9.0370e-04	2.0668e-12	2.8060e-11	6.7203e-04	9.9287e-01	6.4607e-03	1.1755e-36	6.7270e-01	3.2730e-01	5.4159e-07	1.1755e-36	1.1755e-36	1.1755e-36	1.0251e-17	0.00e+00	0.00e+00	2.0619e+01
7.99090e+17	4.9265e+03	4.086e-20	2.1544e+02	7.9836e+01	1.1240e-08	6.3033e-01	3.6967e-01	9.9910e-01	8.9707e-04	2.0815e-12	2.9791e-11	6.5376e-04	9.9312e-01	6.2233e-03	1.1755e-36	6.8423e-01	3.1577e-01	5.0607e-07	1.1755e-36	1.1755e-36	1.1755e-36	1.1456e-17	0.00e+00	0.00e+00	2.0875e+01
7.99327e+17	4.8556e+03	3.942e-20	2.1544e+02	7.7860e+01	1.2914e-08	6.3944e-01	3.6056e-01	9.9911e-01	8.9345e-04	2.0978e-12	3.1157e-11	6.3987e-04	9.9331e-01	6.0523e-03	1.1755e-36	6.9280e-01	3.0720e-01	4.8101e-07	1.1755e-36	1.1755e-36	1.1755e-36	1.2469e-17	0.00e+00	0.00e+00	2.1029e+01
7.99484e+17	4.8015e+03	3.847e-20	2.1544e+02	7.6491e+01	1.4319e-08	6.4563e-01	3.5437e-01	9.9911e-01	8.9079e-04	2.1079e-12	3.2141e-11	6.3037e-04	9.9343e-01	5.9351e-03	1.1755e-36	6.9861e-01	3.0139e-01	4.6477e-07	1.1755e-36	1.1755e-36	1.1755e-36	1.3243e-17	0.00e+00	0.00e+00	2.1149e+01
7.99622e+17	4.7497e+03	3.763e-20	2.1544e+02	7.5330e+01	1.5812e-08	6.5146e-01	3.4854e-01	9.9911e-01	8.8715e-04	2.1116e-12	3.3157e-11	6.2246e-04	9.9356e-01	5.8225e-03	1.1755e-36	7.0408e-01	2.9592e-01	4.5003e-07	1.1755e-36	1.1755e-36	1.1755e-36	1.4082e-17	0.00e+00	0.00e+00	2.1272e+01
7.99766e+17	4.7071e+03	3.673e-20	2.1544e+02	7.4057e+01	1.7222e-08	6.5689e-01	3.4311e-01	9.9911e-01	8.8514e-04	2.1251e-12	3.4054e-11	6.1337e-04	9.9367e-01	5.7197e-03	1.1755e-36	7.0915e-01	2.9085e-01	4.3588e-07	1.1755e-36	1.1755e-36	1.1755e-36	1.4855e-17	0.00e+00	0.00e+00	2.1404e+01
7.99929e+17	4.6465e+03	3.572e-20	2.1544e+02	7.2628e+01	1.9377e-08	6.6367e-01	3.3633e-01	9.9912e-01	8.8140e-04	2.1332e-12	3.5318e-11	6.0352e-04	9.9381e-01	5.5904e-03	1.1755e-36	7.1546e-01	2.8454e-01	4.1943e-07	1.1755e-36	1.1755e-36	1.1755e-36	1.6005e-17	0.00e+00	0.00e+00	2.1567e+01
8.00100e+17	4.5851e+03	3.471e-20	2.1544e+02	7.1169e+01	2.1854e-08	6.7051e-01	3.2949e-01	9.9912e-01	8.7819e-04	2.1439e-12	3.6658e-11	5.9345e-04	9.9394e-01	5.4635e-03	1.1755e-36	7.2181e-01	2.7819e-01	4.0339e-07	1.1755e-36	1.1755e-36	1.1755e-36	1.7301e-17	0.00e+00	0.00e+00	2.1715e+01
8.00253e+17	4.5287e+03	3.383e-20	2.1544e+02	6.9857e+01	2.4399e-08	6.7656e-01	3.2344e-01	9.9912e-01	8.7554e-04	2.1544e-12	3.7912e-11	5.8440e-04	9.9406e-01	5.3523e-03	1.1755e-36	7.2742e-01	2.7258e-01	3.8964e-07	1.1755e-36	1.1755e-36	1.1755e-36	1.8593e-17	0.00e+00	0.00e+00	2.1846e+01
8.00393e+17	4.4756e+03	3.302e-20	2.1544e+02	6.8647e+01	2.7072e-08	6.8215e-01	3.1785e-01	9.9913e-01	8.7302e-04	2.1640e-12	3.9139e-11	5.7609e-04	9.9417e-01	5.2498e-03	1.1755e-36	7.3259e-01	2.6741e-01	3.7728e-07	1.1755e-36	1.1755e-36	1.1755e-36	1.9931e-17	0.00e+00	0.00e+00	2.1973e+01
8.00531e+17	4.4223e+03	3.222e-20	2.1544e+02	6.7458e+01	3.0047e-08	6.8769e-01	3.1231e-01	9.9913e-01	8.7047e-04	2.1733e-12	4.0425e-11	5.6795e-04	9.9428e-01	5.1487e-03	1.1755e-36	7.3769e-01	2.6231e-01	3.6534e-07	1.1755e-36	1.1755e-36	1.1755e-36	2.1413e-17	0.00e+00	0.00e+00	2.2103e+01
8.00670e+17	4.3677e+03	3.143e-20	2.1544e+02	6.6261e+01	3.3435e-08	6.9328e-01	3.0672e-01	9.9913e-01	8.6791e-04	2.1828e-12	4.1799e-11	5.5979e-04	9.9439e-01	5.0474e-03	1.1755e-36	7.4284e-01	2.5716e-01	3.5360e-07	1.1755e-36	1.1755e-36	1.1755e-36	2.3089e-17	0.00e+00	0.00e+00	2.2235e+01
8.00810e+17	4.3124e+03	3.065e-20	2.1544e+02	6.5072e+01	3.7243e-08	6.9883e-01	3.0117e-01	9.9913e-01	8.6540e-04	2.1925e-12	4.3248e-11	5.5170e-04	9.9450e-01	4.9475e-03	1.1755e-36	7.4794e-01	2.5206e-01	3.4224e-07	1.1755e-36	1.1755e-36	1.1755e-36	2.4962e-17	0.00e+00	0.00e+00	2.2367e+01
8.00946e+17	4.2571e+03	2.990e-20	2.1544e+02	6.3905e+01	4.1456e-08	7.0427e-01	2.9573e-01	9.9914e-01	8.6299e-04	2.2023e-12	4.4749e-11	5.4381e-04	9.9461e-01	4.8505e-03	1.1755e-36	7.5292e-01	2.4708e-01	3.3141e-07	1.1755e-36	1.1755e-36	1.1755e-36	2.7023e-17	0.00e+00	0.00e+00	2.2496e+01
8.01081e+17	4.1969e+03	2.917e-20	2.1544e+02	6.2739e+01	4.6471e-08	7.0970e-01	2.9030e-01	9.9914e-01	8.6022e-04	2.2101e-12	4.6376e-11	5.3611e-04	9.9471e-01	4.7540e-03	1.1755e-36	7.5790e-01	2.4210e-01	3.2104e-07	1.1755e-36	1.1755e-36	1.1755e-36	2.9411e-17	0.00e+00	0.00e+00	2.2625e+01
8.01209e+17	4.1478e+03	2.848e-20	2.1544e+02	6.1659e+01	5.1075e-08	7.1460e-01	2.8540e-01	9.9914e-01	8.5858e-04	2.2223e-12	4.7849e-11	5.2873e-04	9.9480e-01	4.6682e-03	1.1755e-36	7.6236e-01	2.3763e-01	3.1160e-07	1.1755e-36	1.1755e-36	1.1755e-36	3.1676e-17	0.00e+00	0.00e+00	2.2745e+01
8.01339e+17	4.0861e+03	2.779e-20	2.1544e+02	6.0525e+01	5.7250e-08	7.1994e-01	2.8006e-01	9.9914e-01	8.5567e-04	2.2290e-12	4.9633e-11	5.2137e-04	9.9490e-01	4.5743e-03	1.1755e-36	7.6723e-01	2.3277e-01	3.0191e-07	1.1755e-36	1.1755e-36	1.1755e-36	3.4611e-17	0.00e+00	0.00e+00	2.2879e+01
8.01471e+17	4.0343e+03	2.710e-20	2.1544e+02	5.9419e+01	6.3040e-08	7.2492e-01	2.7508e-01	9.9915e-01	8.5408e-04	2.2423e-12	5.1280e-11	5.1388e-04	9.9500e-01	4.4882e-03	1.1755e-36	7.7175e-01	2.2825e-01	2.9274e-07	1.1755e-36	1.1755e-36	1.1755e-36	3.7452e-17	0.00e+00	0.00e+00	2.3004e+01
8.01603e+17	3.9696e+03	2.642e-20	2.1544e+02	5.8289e+01	7.0742e-08	7.3037e-01	2.6963e-01	9.9915e-01	8.5089e-04	2.2479e-12	5.3289e-11	5.0670e-04	9.9510e-01	4.3936e-03	1.1755e-36	7.7671e-01	2.2329e-01	2.8332e-07	1.1755e-36	1.1755e-36	1.1755e-36	4.1143e-17	0.00e+00	0.00e+00	2.3141e+01
###########################
2.53191e+13	7.0982e+03	1.436e-19	2.1544e+02	2.3338e+02	9.9583e-15	2.6310e-03	9.9737e-01	1.4226e-02	9.8350e-01	2.2732e-03	2.7966e-17	1.5921e-04	2.1076e-01	7.8834e-01	7.4469e-04	1.4386e-03	5.3206e-01	4.6615e-01	3.4612e-04	1.1755e-36	1.1755e-36	1.8186e-25	0.00e+00	0.00e+00	1.8122e-04
1.51915e+14	7.0960e+03	1.436e-19	2.1544e+02	2.3336e+02	9.9652e-15	2.6303e-03	9.9737e-01	1.4226e-02	9.8350e-01	2.2711e-03	2.7932e-17	1.5904e-04	2.1077e-01	7.8833e-01	7.4557e-04	1.4380e-03	5.3198e-01	4.6624e-01	3.4497e-04	1.1755e-36	1.1755e-36	1.8148e-25	0.00e+00	0.00e+00	9.0592e-04
6.58296e+14	7.0914e+03	1.434e-19	2.1544e+02	2.3336e+02	9.9794e-15	2.6294e-03	9.9737e-01	1.4235e-02	9.8351e-01	2.2560e-03	2.7898e-17	1.5891e-04	2.1087e-01	7.8823e-01	7.4335e-04	1.4381e-03	5.3211e-01	4.6611e-01	3.3990e-04	1.1755e-36	1.1755e-36	1.8084e-25	0.00e+00	0.00e+00	3.8037e-03
2.68382e+15	7.0818e+03	1.430e-19	2.1544e+02	2.3335e+02	1.0049e-14	2.6287e-03	9.9737e-01	1.4272e-02	9.8355e-01	2.1793e-03	2.8007e-17	1.5918e-04	2.1135e-01	7.8775e-01	7.3599e-04	1.4409e-03	5.3293e-01	4.6531e-01	3.2019e-04	1.1755e-36	1.1755e-36	1.8107e-25	0.00e+00	0.00e+00	1.5392e-02
6.41079e+15	7.0421e+03	1.414e-19	2.1544e+02	2.3335e+02	1.0113e-14	2.6044e-03	9.9740e-01	1.4277e-02	9.8359e-01	2.1292e-03	2.7441e-17	1.5821e-04	2.1157e-01	7.8754e-01	7.2868e-04	1.4306e-03	5.3337e-01	4.6490e-01	2.9480e-04	1.1755e-36	1.1755e-36	1.7450e-25	0.00e+00	0.00e+00	3.0317e-02
1.12559e+16	6.9997e+03	1.398e-19	2.1544e+02	2.3336e+02	1.0240e-14	2.5848e-03	9.9742e-01	1.4308e-02	9.8369e-01	2.0030e-03	2.7072e-17	1.5791e-04	2.1209e-01	7.8703e-01	7.1594e-04	1.4251e-03	5.3454e-01	4.6378e-01	2.6329e-04	1.1755e-36	1.1755e-36	1.6946e-25	0.00e+00	0.00e+00	4.9573e-02
1.75544e+16	6.9532e+03	1.380e-19	2.1544e+02	2.3336e+02	1.0418e-14	2.5682e-03	9.9743e-01	1.4368e-02	9.8383e-01	1.8050e-03	2.6817e-17	1.5802e-04	2.1295e-01	7.8620e-01	6.9778e-04	1.4241e-03	5.3649e-01	4.6185e-01	2.2614e-04	1.1755e-36	1.1755e-36	1.6492e-25	0.00e+00	0.00e+00	7.4446e-02
2.57426e+16	6.9018e+03	1.361e-19	2.1544e+02	2.3335e+02	1.0666e-14	2.5553e-03	9.9744e-01	1.4465e-02	9.8400e-01	1.5395e-03	2.6724e-17	1.5865e-04	2.1423e-01	7.8493e-01	6.7400e-04	1.4287e-03	5.3952e-01	4.5887e-01	1.8455e-04	1.1755e-36	1.1755e-36	1.6124e-25	0.00e+00	0.00e+00	1.0662e-01
3.63872e+16	6.8456e+03	1.340e-19	2.1544e+02	2.3334e+02	1.0994e-14	2.5474e-03	9.9745e-01	1.4612e-02	9.8417e-01	1.2225e-03	2.6825e-17	1.5995e-04	2.1612e-01	7.8307e-01	6.4487e-04	1.4408e-03	5.4393e-01	4.5449e-01	1.4088e-04	1.1755e-36	1.1755e-36	1.5836e-25	0.00e+00	0.00e+00	1.4831e-01
5.02252e+16	6.7838e+03	1.317e-19	2.1544e+02	2.3333e+02	1.1450e-14	2.5475e-03	9.9745e-01	1.4829e-02	9.8429e-01	8.8568e-04	2.7203e-17	1.6216e-04	2.1883e-01	7.8040e-01	6.1125e-04	1.4612e-03	5.4939e-01	4.4905e-01	9.8804e-05	1.1755e-36	1.1755e-36	1.5686e-25	0.00e+00	0.00e+00	2.0252e-01
6.82145e+16	6.7184e+03	1.293e-19	2.1544e+02	2.3332e+02	1.2060e-14	2.5601e-03	9.9744e-01	1.5152e-02	9.8428e-01	5.7165e-04	2.8083e-17	1.6559e-04	2.2275e-01	7.7651e-01	5.7448e-04	1.4994e-03	5.5811e-01	4.4033e-01	6.1887e-05	1.1755e-36	1.1755e-36	1.5773e-25	0.00e+00	0.00e+00	2.7334e-01
9.16007e+16	6.6558e+03	1.267e-19	2.1544e+02	2.3330e+02	1.2859e-14	2.5909e-03	9.9741e-01	1.5623e-02	9.8406e-01	3.1997e-04	2.9687e-17	1.7116e-04	2.2833e-01	7.7096e-01	5.3575e-04	1.5584e-03	5.6965e-01	4.2876e-01	3.3698e-05	1.1755e-36	1.1755e-36	1.6241e-25	0.00e+00	0.00e+00	3.6650e-01
1.22003e+17	6.5962e+03	1.242e-19	2.1544e+02	2.3328e+02	1.3976e-14	2.6517e-03	9.9735e-01	1.6327e-02	9.8352e-01	1.5054e-04	3.2500e-17	1.7985e-04	2.3644e-01	7.6288e-01	4.9451e-04	1.6503e-03	5.8496e-01	4.1338e-01	1.5394e-05	1.1755e-36	1.1755e-36	1.7313e-25	0.00e+00	0.00e+00	4.9046e-01
1.61525e+17	6.5463e+03	1.218e-19	2.1544e+02	2.3322e+02	1.5569e-14	2.7610e-03	9.9724e-01	1.7404e-02	9.8254e-01	5.7550e-05	3.7464e-17	1.9372e-04	2.4845e-01	7.5091e-01	4.4892e-04	1.7952e-03	6.0555e-01	3.9265e-01	5.6603e-06	1.1755e-36	1.1755e-36	1.9454e-25	0.00e+00	0.00e+00	6.5826e-01
2.12905e+17	6.5179e+03	1.198e-19	2.1544e+02	2.3314e+02	1.7989e-14	2.9524e-03	9.9705e-01	1.9139e-02	9.8084e-01	1.7286e-05	4.6925e-17	2.1604e-04	2.6674e-01	7.3265e-01	3.9592e-04	2.0317e-03	6.3375e-01	3.6422e-01	1.5990e-06	1.1755e-36	1.1755e-36	2.3952e-25	0.00e+00	0.00e+00	8.9151e-01
2.68521e+17	6.5112e+03	1.183e-19	2.1544e+02	2.3303e+02	2.0921e-14	3.2015e-03	9.9680e-01	2.1413e-02	9.7858e-01	4.8350e-06	6.0658e-17	2.4466e-04	2.8923e-01	7.1019e-01	3.4428e-04	2.3377e-03	6.6496e-01	3.3271e-01	4.2085e-07	1.1755e-36	1.1755e-36	3.0590e-25	0.00e+00	0.00e+00	1.1230e+00
3.16860e+17	6.5407e+03	1.179e-19	2.1544e+02	2.3291e+02	2.4061e-14	3.4919e-03	9.9651e-01	2.4020e-02	9.7598e-01	1.7334e-06	7.9502e-17	2.7679e-04	3.1310e-01	6.8632e-01	3.0112e-04	2.6879e-03	6.9445e-01	3.0286e-01	1.3890e-07	1.1755e-36	1.1755e-36	4.0325e-25	0.00e+00	0.00e+00	1.3297e+00
3.58014e+17	6.5883e+03	1.184e-19	2.1544e+02	2.3280e+02	2.7629e-14	3.8198e-03	9.9618e-01	2.7005e-02	9.7299e-01	7.7443e-07	1.0520e-16	3.1207e-04	3.3810e-01	6.6132e-01	2.6412e-04	3.0823e-03	7.2213e-01	2.7479e-01	1.1755e-36	1.1755e-36	1.1755e-36	5.4351e-25	0.00e+00	0.00e+00	1.5313e+00
3.96038e+17	6.6492e+03	1.193e-19	2.1544e+02	2.3264e+02	3.1916e-14	4.2031e-03	9.9580e-01	3.0591e-02	9.6941e-01	3.8506e-07	1.4174e-16	3.5276e-04	3.6573e-01	6.3369e-01	2.2980e-04	3.5484e-03	7.4968e-01	2.4677e-01	1.1755e-36	1.1755e-36	1.1755e-36	7.5205e-25	0.00e+00	0.00e+00	1.7443e+00
4.32439e+17	6.7055e+03	1.207e-19	2.1544e+02	2.3244e+02	3.7855e-14	4.6699e-03	9.9533e-01	3.5126e-02	9.6487e-01	2.0457e-07	1.9613e-16	4.0074e-04	3.9730e-01	6.0211e-01	1.9659e-04	4.1216e-03	7.7778e-01	2.1810e-01	1.1755e-36	1.1755e-36	1.1755e-36	1.0760e-24	0.00e+00	0.00e+00	1.9701e+00
4.66262e+17	6.7866e+03	1.222e-19	2.1544e+02	2.3222e+02	4.4445e-14	5.2048e-03	9.9480e-01	4.0702e-02	9.5930e-01	1.1771e-07	2.7326e-16	4.5459e-04	4.3162e-01	5.6775e-01	1.6640e-04	4.7900e-03	8.0497e-01	1.9024e-01	1.1755e-36	1.1755e-36	1.1755e-36	1.5603e-24	0.00e+00	0.00e+00	2.1974e+00
4.96785e+17	6.8605e+03	1.241e-19	2.1544e+02	2.3199e+02	5.2938e-14	5.8174e-03	9.9418e-01	4.7617e-02	9.5238e-01	7.3138e-08	3.8285e-16	5.1430e-04	4.6844e-01	5.3091e-01	1.3899e-04	5.5636e-03	8.3055e-01	1.6389e-01	1.1755e-36	1.1755e-36	1.1755e-36	2.2841e-24	0.00e+00	0.00e+00	2.4264e+00
5.24382e+17	6.9305e+03	1.262e-19	2.1544e+02	2.3175e+02	6.3616e-14	6.5137e-03	9.9349e-01	5.6208e-02	9.4379e-01	4.8282e-08	5.3729e-16	5.7825e-04	5.0737e-01	4.9194e-01	1.1441e-04	6.4511e-03	8.5423e-01	1.3932e-01	1.1755e-36	1.1755e-36	1.1755e-36	3.3612e-24	0.00e+00	0.00e+00	2.6591e+00
5.49563e+17	6.9806e+03	1.285e-19	2.1544e+02	2.3127e+02	7.8097e-14	7.3207e-03	9.9268e-01	6.6857e-02	9.3314e-01	3.3193e-08	7.5588e-16	6.4868e-04	5.4871e-01	4.5055e-01	9.2292e-05	7.4850e-03	8.7598e-01	1.1654e-01	1.1755e-36	1.1755e-36	1.1755e-36	4.9551e-24	0.00e+00	0.00e+00	2.8991e+00
5.72696e+17	7.0496e+03	1.307e-19	2.1544e+02	2.3096e+02	9.5090e-14	8.2370e-03	9.9176e-01	8.0836e-02	9.1916e-01	2.3790e-08	1.0658e-15	7.2311e-04	5.9181e-01	4.0740e-01	7.2928e-05	8.6678e-03	8.9564e-01	9.5696e-02	1.1755e-36	1.1755e-36	1.1755e-36	7.3762e-24	0.00e+00	0.00e+00	3.1475e+00
5.92330e+17	7.0903e+03	1.331e-19	2.1544e+02	2.3030e+02	1.1672e-13	9.2204e-03	9.9078e-01	9.7389e-02	9.0261e-01	1.7941e-08	1.4666e-15	7.9682e-04	6.3334e-01	3.6581e-01	5.7242e-05	9.9377e-03	9.1183e-01	7.8230e-02	1.1755e-36	1.1755e-36	1.1755e-36	1.0661e-23	0.00e+00	0.00e+00	3.3620e+00
6.08190e+17	7.1276e+03	1.351e-19	2.1544e+02	2.2974e+02	1.4014e-13	1.0190e-02	9.8981e-01	1.1614e-01	8.8386e-01	1.4215e-08	1.9444e-15	8.6301e-04	6.7028e-01	3.2881e-01	4.5294e-05	1.1193e-02	9.2438e-01	6.4422e-02	1.1755e-36	1.1755e-36	1.1755e-36	1.4814e-23	0.00e+00	0.00e+00	3.5646e+00
6.22795e+17	7.1482e+03	1.371e-19	2.1544e+02	2.2907e+02	1.7062e-13	1.1275e-02	9.8872e-01	1.3998e-01	8.6002e-01	1.1341e-08	2.5771e-15	9.2998e-04	7.0699e-01	2.9205e-01	3.5048e-05	1.2594e-02	9.3521e-01	5.2197e-02	1.1755e-36	1.1755e-36	1.1755e-36	2.0581e-23	0.00e+00	0.00e+00	3.7885e+00
6.36884e+17	7.1903e+03	1.389e-19	2.1544e+02	2.2832e+02	2.0601e-13	1.2508e-02	9.8749e-01	1.7210e-01	8.2790e-01	9.0873e-09	3.4372e-15	9.9841e-04	7.4408e-01	2.5490e-01	2.6275e-05	1.4188e-02	9.4474e-01	4.1076e-02	1.1755e-36	1.1755e-36	1.1755e-36	2.8899e-23	0.00e+00	0.00e+00	4.0196e+00
6.49543e+17	7.2106e+03	1.406e-19	2.1544e+02	2.2723e+02	2.5186e-13	1.3857e-02	9.8614e-01	2.1312e-01	7.8688e-01	7.2926e-09	4.5522e-15	1.0625e-03	7.7893e-01	2.1999e-01	1.9285e-05	1.5927e-02	9.5235e-01	3.1719e-02	1.1755e-36	1.1755e-36	1.1755e-36	4.0157e-23	0.00e+00	0.00e+00	4.2408e+00
6.59103e+17	7.2274e+03	1.420e-19	2.1544e+02	2.2642e+02	2.9737e-13	1.5076e-02	9.8492e-01	2.5716e-01	7.4284e-01	6.1195e-09	5.7436e-15	1.1127e-03	8.0600e-01	1.9287e-01	1.4661e-05	1.7492e-02	9.5742e-01	2.5091e-02	1.1755e-36	1.1755e-36	1.1755e-36	5.2746e-23	0.00e+00	0.00e+00	4.3923e+00
6.65476e+17	7.2285e+03	1.426e-19	2.1544e+02	2.2521e+02	3.3607e-13	1.5983e-02	9.8402e-01	2.9374e-01	7.0626e-01	5.2831e-09	6.7334e-15	1.1448e-03	8.2379e-01	1.7505e-01	1.1941e-05	1.8656e-02	9.6035e-01	2.0994e-02	1.1755e-36	1.1755e-36	1.1755e-36	6.3259e-23	0.00e+00	0.00e+00	4.5088e+00
6.71641e+17	7.2328e+03	1.431e-19	2.1544e+02	2.2430e+02	3.8073e-13	1.6970e-02	9.8303e-01	3.3777e-01	6.6223e-01	4.5360e-09	7.9631e-15	1.1765e-03	8.4081e-01	1.5800e-01	9.5547e-06	1.9918e-02	9.6279e-01	1.7295e-02	1.1755e-36	1.1755e-36	1.1755e-36	7.6737e-23	0.00e+00	0.00e+00	4.6697e+00
6.79656e+17	7.2317e+03	1.438e-19	2.1544e+02	2.2315e+02	4.5455e-13	1.8432e-02	9.8157e-01	4.0771e-01	5.9229e-01	3.6035e-09	1.0051e-14	1.2164e-03	8.6163e-01	1.3714e-01	6.9518e-06	2.1777e-02	9.6519e-01	1.3036e-02	1.1755e-36	1.1755e-36	1.1755e-36	1.0026e-22	0.00e+00	0.00e+00	4.8969e+00
6.87467e+17	7.2302e+03	1.441e-19	2.1544e+02	2.2147e+02	5.4541e-13	2.0060e-02	9.7994e-01	4.9322e-01	5.0678e-01	2.7616e-09	1.2766e-14	1.2503e-03	8.8011e-01	1.1864e-01	4.9559e-06	2.3839e-02	9.6670e-01	9.4660e-03	1.1755e-36	1.1755e-36	1.1755e-36	1.3127e-22	0.00e+00	0.00e+00	5.0760e+00
6.93096e+17	7.2185e+03	1.438e-19	2.1544e+02	2.1938e+02	6.2976e-13	2.1367e-02	9.7863e-01	5.6526e-01	4.3474e-01	2.1681e-09	1.5243e-14	1.2686e-03	8.9197e-01	1.0676e-01	3.7984e-06	2.5489e-02	9.6724e-01	7.2702e-03	1.1755e-36	1.1755e-36	1.1755e-36	1.5926e-22	0.00e+00	0.00e+00	5.2125e+00
6.98494e+17	7.2104e+03	1.436e-19	2.1544e+02	2.1788e+02	7.2924e-13	2.2811e-02	9.7719e-01	6.3953e-01	3.6047e-01	1.6507e-09	1.8362e-14	1.2870e-03	9.0224e-01	9.6469e-02	2.8697e-06	2.7301e-02	9.6720e-01	5.4955e-03	1.1755e-36	1.1755e-36	1.1755e-36	1.9604e-22	0.00e+00	0.00e+00	5.4018e+00
7.05512e+17	7.1922e+03	1.430e-19	2.1544e+02	2.1538e+02	8.9205e-13	2.4905e-02	9.7510e-01	7.3319e-01	2.6681e-01	1.0868e-09	2.3388e-14	1.3043e-03	9.1312e-01	8.5578e-02	1.9717e-06	2.9918e-02	9.6636e-01	3.7230e-03	1.1755e-36	1.1755e-36	1.1755e-36	2.5728e-22	0.00e+00	0.00e+00	5.6706e+00
7.14635e+17	7.1646e+03	1.428e-19	2.1544e+02	2.1262e+02	1.1877e-12	2.8242e-02	9.7176e-01	8.3733e-01	1.6267e-01	5.7244e-10	3.2444e-14	1.3246e-03	9.2412e-01	7.4550e-02	1.1757e-06	3.4061e-02	9.6380e-01	2.1432e-03	1.1755e-36	1.1755e-36	1.1755e-36	3.7945e-22	0.00e+00	0.00e+00	6.0668e+00
7.24672e+17	7.1358e+03	1.440e-19	2.1544e+02	2.1076e+02	1.6976e-12	3.3190e-02	9.6681e-01	9.1615e-01	8.3854e-02	2.5775e-10	4.7781e-14	1.3495e-03	9.3338e-01	6.5266e-02	6.4229e-07	4.0167e-02	9.5873e-01	1.1030e-03	1.1755e-36	1.1755e-36	1.1755e-36	6.2725e-22	0.00e+00	0.00e+00	6.5076e+00
7.34122e+17	7.1227e+03	1.450e-19	2.1544e+02	2.0827e+02	2.4447e-12	3.9365e-02	9.6064e-01	9.5694e-01	4.3058e-02	1.1673e-10	6.9694e-14	1.3654e-03	9.4023e-01	5.8405e-02	3.5419e-07	4.7759e-02	9.5167e-01	5.7162e-04	1.1755e-36	1.1755e-36	1.1755e-36	1.0596e-21	0.00e+00	0.00e+00	6.9969e+00
7.42373e+17	7.1111e+03	1.464e-19	2.1544e+02	2.0624e+02	3.5356e-12	4.6828e-02	9.5317e-01	9.7585e-01	2.4150e-02	5.9102e-11	1.0100e-13	1.3789e-03	9.4578e-01	5.2843e-02	2.0473e-07	5.6903e-02	9.4278e-01	3.1639e-04	1.1755e-36	1.1755e-36	1.1755e-36	1.8140e-21	0.00e+00	0.00e+00	7.4661e+00
7.48970e+17	7.1031e+03	1.475e-19	2.1544e+02	2.0457e+02	4.9577e-12	5.4955e-02	9.4505e-01	9.8457e-01	1.5428e-02	3.4939e-11	1.4160e-13	1.3890e-03	9.5029e-01	4.8318e-02	1.2794e-07	6.6825e-02	9.3298e-01	1.9402e-04	1.1755e-36	1.1755e-36	1.1755e-36	2.9899e-21	0.00e+00	0.00e+00	7.9018e+00
7.54403e+17	7.0851e+03	1.482e-19	2.1544e+02	2.0271e+02	6.8315e-12	6.3710e-02	9.3629e-01	9.8925e-01	1.0748e-02	2.2862e-11	1.9307e-13	1.3947e-03	9.5416e-01	4.4448e-02	1.1755e-36	7.7479e-02	9.2239e-01	1.2766e-04	1.1755e-36	1.1755e-36	1.1755e-36	4.7408e-21	0.00e+00	0.00e+00	8.3384e+00
7.59293e+17	7.0725e+03	1.482e-19	2.1544e+02	2.0067e+02	9.3649e-12	7.3775e-02	9.2622e-01	9.9219e-01	7.8051e-03	1.5724e-11	2.6256e-13	1.3969e-03	9.5777e-01	4.0833e-02	1.1755e-36	8.9677e-02	9.1024e-01	8.6055e-05	1.1755e-36	1.1755e-36	1.1755e-36	7.5123e-21	0.00e+00	0.00e+00	8.8144e+00
7.63917e+17	7.0550e+03	1.470e-19	2.1544e+02	1.9731e+02	1.2997e-11	8.5698e-02	9.1430e-01	9.9421e-01	5.7887e-03	1.1148e-11	3.5781e-13	1.3890e-03	9.6118e-01	3.7433e-02	1.1755e-36	1.0406e-01	8.9588e-01	5.8420e-05	1.1755e-36	1.1755e-36	1.1755e-36	1.1933e-20	0.00e+00	0.00e+00	9.3394e+00
7.68258e+17	7.0311e+03	1.456e-19	2.1544e+02	1.9427e+02	1.8541e-11	1.0062e-01	8.9938e-01	9.9559e-01	4.4109e-03	8.1454e-12	5.0079e-13	1.3822e-03	9.6467e-01	3.3949e-02	1.1755e-36	1.2195e-01	8.7801e-01	3.9652e-05	1.1755e-36	1.1755e-36	1.1755e-36	1.9799e-20	0.00e+00	0.00e+00	9.9115e+00
7.72149e+17	7.0018e+03	1.432e-19	2.1544e+02	1.9038e+02	2.6601e-11	1.1810e-01	8.8190e-01	9.9653e-01	3.4733e-03	6.2126e-12	6.9972e-13	1.3679e-03	9.6790e-01	3.0731e-02	1.1755e-36	1.4275e-01	8.5722e-01	2.7430e-05	1.1755e-36	1.1755e-36	1.1755e-36	3.2792e-20	0.00e+00	0.00e+00	1.0490e+01
7.75504e+17	6.9659e+03	1.399e-19	2.1544e+02	1.8606e+02	3.7909e-11	1.3769e-01	8.6231e-01	9.9717e-01	2.8319e-03	4.9487e-12	9.6502e-13	1.3487e-03	9.7082e-01	2.7830e-02	1.1755e-36	1.6587e-01	8.3411e-01	1.9510e-05	1.1755e-36	1.1755e-36	1.1755e-36	5.3312e-20	0.00e+00	0.00e+00	1.1073e+01
7.78465e+17	6.9216e+03	1.357e-19	2.1544e+02	1.8129e+02	5.3976e-11	1.5978e-01	8.4022e-01	9.9763e-01	2.3710e-03	4.0748e-12	1.3200e-12	1.3248e-03	9.7351e-01	2.5163e-02	1.1755e-36	1.9168e-01	8.0831e-01	1.4120e-05	1.1755e-36	1.1755e-36	1.1755e-36	8.5712e-20	0.00e+00	0.00e+00	1.1684e+01
7.81184e+17	6.8660e+03	1.305e-19	2.1544e+02	1.7576e+02	7.7787e-11	1.8538e-01	8.1462e-01	9.9798e-01	2.0186e-03	3.4336e-12	1.8077e-12	1.2947e-03	9.7606e-01	2.2641e-02	1.1755e-36	2.2126e-01	7.7873e-01	1.0260e-05	1.1755e-36	1.1755e-36	1.1755e-36	1.3819e-19	0.00e+00	0.00e+00	1.2346e+01
7.83729e+17	6.7948e+03	1.241e-19	2.1544e+02	1.6925e+02	1.1445e-10	2.1546e-01	7.8454e-01	9.9826e-01	1.7407e-03	2.9511e-12	2.4897e-12	1.2568e-03	9.7851e-01	2.0236e-02	1.1755e-36	2.5558e-01	7.4442e-01	7.4362e-06	1.1755e-36	1.1755e-36	1.1755e-36	2.2501e-19	0.00e+00	0.00e+00	1.3068e+01
7.86097e+17	6.7042e+03	1.164e-19	2.1544e+02	1.6171e+02	1.7216e-10	2.5045e-01	7.4955e-01	9.9848e-01	1.5242e-03	2.5959e-12	3.4393e-12	1.2106e-03	9.8083e-01	1.7964e-02	1.1755e-36	2.9490e-01	7.0510e-01	5.3794e-06	1.1755e-36	1.1755e-36	1.1755e-36	3.6857e-19	0.00e+00	0.00e+00	1.3843e+01
7.88209e+17	6.5951e+03	1.078e-19	2.1544e+02	1.5344e+02	2.6089e-10	2.8910e-01	7.1090e-01	9.9864e-01	1.3617e-03	2.3485e-12	4.6967e-12	1.1581e-03	9.8291e-01	1.5928e-02	1.1755e-36	3.3759e-01	6.6241e-01	3.9366e-06	1.1755e-36	1.1755e-36	1.1755e-36	5.9420e-19	0.00e+00	0.00e+00	1.4609e+01
7.89908e+17	6.4805e+03	9.962e-20	2.1544e+02	1.4535e+02	3.8074e-10	3.2632e-01	6.7368e-01	9.9875e-01	1.2538e-03	2.2046e-12	6.1227e-12	1.1051e-03	9.8458e-01	1.4314e-02	1.1755e-36	3.7800e-01	6.2200e-01	3.0094e-06	1.1755e-36	1.1755e-36	1.1755e-36	8.9288e-19	0.00e+00	0.00e+00	1.5252e+01
7.91152e+17	6.3810e+03	9.283e-20	2.1544e+02	1.3862e+02	5.1494e-10	3.5737e-01	6.4263e-01	9.9882e-01	1.1847e-03	2.1248e-12	7.4883e-12	1.0602e-03	9.8579e-01	1.3146e-02	1.1755e-36	4.1119e-01	5.8881e-01	2.4445e-06	1.1755e-36	1.1755e-36	1.1755e-36	1.2181e-18	0.00e+00	0.00e+00	1.5758e+01
7.92101e+17	6.2819e+03	8.731e-20	2.1544e+02	1.3303e+02	6.6652e-10	3.8346e-01	6.1654e-01	9.9886e-01	1.1359e-03	2.0725e-12	8.7703e-12	1.0228e-03	9.8673e-01	1.2246e-02	1.1755e-36	4.3873e-01	5.6127e-01	2.0706e-06	1.1755e-36	1.1755e-36	1.1755e-36	1.5540e-18	0.00e+00	0.00e+00	1.6205e+01
7.92938e+17	6.1858e+03	8.213e-20	2.1544e+02	1.2775e+02	8.4704e-10	4.0795e-01	5.9205e-01	9.9890e-01	1.0952e-03	2.0342e-12	1.0087e-11	9.8693e-04	9.8755e-01	1.1459e-02	1.1755e-36	4.6428e-01	5.3572e-01	1.7792e-06	1.1755e-36	1.1755e-36	1.1755e-36	1.9291e-18	0.00e+00	0.00e+00	1.6658e+01
7.93740e+17	6.0816e+03	7.696e-20	2.1544e+02	1.2237e+02	1.0831e-09	4.3284e-01	5.6716e-01	9.9894e-01	1.0589e-03	2.0057e-12	1.1547e-11	9.5019e-04	9.8833e-01	1.0718e-02	1.1755e-36	4.8998e-01	5.1002e-01	1.5318e-06	1.1755e-36	1.1755e-36	1.1755e-36	2.3790e-18	0.00e+00	0.00e+00	1.7123e+01
7.94494e+17	5.9720e+03	7.197e-20	2.1544e+02	1.1705e+02	1.3864e-09	4.5747e-01	5.4253e-01	9.9897e-01	1.0286e-03	1.9896e-12	1.3120e-11	9.1358e-04	9.8905e-01	1.0038e-02	1.1755e-36	5.1511e-01	4.8488e-01	1.3264e-06	1.1755e-36	1.1755e-36	1.1755e-36	2.9022e-18	0.00e+00	0.00e+00	1.7570e+01
7.95169e+17	5.8626e+03	6.742e-20	2.1544e+02	1.1206e+02	1.7568e-09	4.8052e-01	5.1948e-01	9.9900e-01	1.0040e-03	1.9831e-12	1.4717e-11	8.7911e-04	9.8968e-01	9.4432e-03	1.1755e-36	5.3840e-01	4.6159e-01	1.1624e-06	1.1755e-36	1.1755e-36	1.1755e-36	3.4744e-18	0.00e+00	0.00e+00	1.7982e+01
7.95769e+17	5.7549e+03	6.331e-20	2.1544e+02	1.0747e+02	2.2007e-09	5.0178e-01	4.9822e-01	9.9902e-01	9.8377e-04	1.9829e-12	1.6307e-11	8.4720e-04	9.9023e-01	8.9227e-03	1.1755e-36	5.5967e-01	4.4033e-01	1.0309e-06	1.1755e-36	1.1755e-36	1.1755e-36	4.0851e-18	0.00e+00	0.00e+00	1.8370e+01
7.96319e+17	5.6470e+03	5.952e-20	2.1544e+02	1.0313e+02	2.7434e-09	5.2185e-01	4.7815e-01	9.9903e-01	9.6647e-04	1.9874e-12	1.7922e-11	8.1694e-04	9.9073e-01	8.4529e-03	1.1755e-36	5.7957e-01	4.2043e-01	9.2138e-07	1.1755e-36	1.1755e-36	1.1755e-36	4.7492e-18	0.00e+00	0.00e+00	1.8748e+01
7.96838e+17	5.5335e+03	5.597e-20	2.1544e+02	9.8976e+01	3.4375e-09	5.4141e-01	4.5859e-01	9.9905e-01	9.5051e-04	1.9929e-12	1.9631e-11	7.8800e-04	9.9120e-01	8.0133e-03	1.1755e-36	5.9880e-01	4.0120e-01	8.2677e-07	1.1755e-36	1.1755e-36	1.1755e-36	5.5049e-18	0.00e+00	0.00e+00	1.9121e+01
7.97258e+17	5.4428e+03	5.315e-20	2.1544e+02	9.5557e+01	4.1239e-09	5.5697e-01	4.4303e-01	9.9906e-01	9.4114e-04	2.0088e-12	2.1068e-11	7.6389e-04	9.9155e-01	7.6886e-03	1.1755e-36	6.1398e-01	3.8602e-01	7.5886e-07	1.1755e-36	1.1755e-36	1.1755e-36	6.1843e-18	0.00e+00	0.00e+00	1.9374e+01
7.97563e+17	5.3696e+03	5.110e-20	2.1544e+02	9.3041e+01	4.7611e-09	5.6862e-01	4.3138e-01	9.9907e-01	9.3371e-04	2.0188e-12	2.2218e-11	7.4623e-04	9.9181e-01	7.4468e-03	1.1755e-36	6.2528e-01	3.7472e-01	7.1174e-07	1.1755e-36	1.1755e-36	1.1755e-36	6.7613e-18	0.00e+00	0.00e+00	1.9586e+01
7.97848e+17	5.2969e+03	4.916e-20	2.1544e+02	9.0642e+01	5.4886e-09	5.7981e-01	4.2019e-01	9.9907e-01	9.2605e-04	2.0272e-12	2.3390e-11	7.2938e-04	9.9206e-01	7.2142e-03	1.1755e-36	6.3608e-01	3.6392e-01	6.6885e-07	1.1755e-36	1.1755e-36	1.1755e-36	7.3825e-18	0.00e+00	0.00e+00	1.9821e+01
7.98163e+17	5.2092e+03	4.705e-20	2.1544e+02	8.7989e+01	6.4997e-09	5.9241e-01	4.0759e-01	9.9908e-01	9.1729e-04	2.0350e-12	2.4811e-11	7.1088e-04	9.9233e-01	6.9579e-03	1.1755e-36	6.4818e-01	3.5182e-01	6.2394e-07	1.1755e-36	1.1755e-36	1.1755e-36	8.1848e-18	0.00e+00	0.00e+00	2.0088e+01
7.98493e+17	5.1172e+03	4.487e-20	2.1544e+02	8.5187e+01	7.7752e-09	6.0545e-01	3.9455e-01	9.9909e-01	9.0962e-04	2.0488e-12	2.6384e-11	6.9120e-04	9.9261e-01	6.7022e-03	1.1755e-36	6.6064e-01	3.3936e-01	5.8036e-07	1.1755e-36	1.1755e-36	1.1755e-36	9.1418e-18	0.00e+00	0.00e+00	2.0358e+01
7.98812e+17	5.0221e+03	4.280e-20	2.1544e+02	8.2451e+01	9.3493e-09	6.1814e-01	3.8186e-01	9.9910e-01	9.0255e-04	2.0635e-12	2.8061e-11	6.7205e-04	9.9287e-01	6.4606e-03	1.1755e-36	6.7270e-01	3.2730e-01	5.4093e-07	1.1755e-36	1.1755e-36	1.1755e-36	1.0251e-17	0.00e+00	0.00e+00	2.0619e+01
7.99116e+17	4.9265e+03	4.086e-20	2.1544e+02	7.9835e+01	1.1241e-08	6.3033e-01	3.6967e-01	9.9910e-01	8.9593e-04	2.0783e-12	2.9792e-11	6.5378e-04	9.9312e-01	6.2231e-03	1.1755e-36	6.8423e-01	3.1577e-01	5.0545e-07	1.1755e-36	1.1755e-36	1.1755e-36	1.1456e-17	0.00e+00	0.00e+00	2.0875e+01
7.99354e+17	4.8555e+03	3.942e-20	2.1544e+02	7.7860e+01	1.2914e-08	6.3945e-01	3.6055e-01	9.9911e-01	8.9232e-04	2.0945e-12	3.1157e-11	6.3989e-04	9.9331e-01	6.0522e-03	1.1755e-36	6.9280e-01	3.0720e-01	4.8042e-07	1.1755e-36	1.1755e-36	1.1755e-36	1.2469e-17	0.00e+00	0.00e+00	2.1029e+01
7.99511e+17	4.8014e+03	3.847e-20	2.1544e+02	7.6491e+01	1.4320e-08	6.4563e-01	3.5437e-01	9.9911e-01	8.8966e-04	2.1046e-12	3.2141e-11	6.3038e-04	9.9343e-01	5.9350e-03	1.1755e-36	6.9861e-01	3.0139e-01	4.6420e-07	1.1755e-36	1.1755e-36	1.1755e-36	1.3244e-17	0.00e+00	0.00e+00	2.1149e+01
7.99649e+17	4.7497e+03	3.763e-20	2.1544e+02	7.5330e+01	1.5813e-08	6.5146e-01	3.4854e-01	9.9911e-01	8.8603e-04	2.1083e-12	3.3157e-11	6.2247e-04	9.9356e-01	5.8224e-03	1.1755e-36	7.0408e-01	2.9592e-01	4.4948e-07	1.1755e-36	1.1755e-36	1.1755e-36	1.4082e-17	0.00e+00	0.00e+00	2.1272e+01
7.99792e+17	4.7071e+03	3.673e-20	2.1544e+02	7.4057e+01	1.7223e-08	6.5689e-01	3.4311e-01	9.9912e-01	8.8402e-04	2.1217e-12	3.4055e-11	6.1339e-04	9.9367e-01	5.7196e-03	1.1755e-36	7.0915e-01	2.9085e-01	4.3535e-07	1.1755e-36	1.1755e-36	1.1755e-36	1.4855e-17	0.00e+00	0.00e+00	2.1404e+01
7.99956e+17	4.6465e+03	3.572e-20	2.1544e+02	7.2628e+01	1.9377e-08	6.6368e-01	3.3632e-01	9.9912e-01	8.8029e-04	2.1299e-12	3.5318e-11	6.0354e-04	9.9381e-01	5.5903e-03	1.1755e-36	7.1546e-01	2.8454e-01	4.1892e-07	1.1755e-36	1.1755e-36	1.1755e-36	1.6005e-17	0.00e+00	0.00e+00	2.1567e+01
8.00127e+17	4.5851e+03	3.471e-20	2.1544e+02	7.1169e+01	2.1854e-08	6.7051e-01	3.2949e-01	9.9912e-01	8.7708e-04	2.1405e-12	3.6658e-11	5.9346e-04	9.9394e-01	5.4634e-03	1.1755e-36	7.2181e-01	2.7819e-01	4.0290e-07	1.1755e-36	1.1755e-36	1.1755e-36	1.7301e-17	0.00e+00	0.00e+00	2.1715e+01
8.00279e+17	4.5287e+03	3.383e-20	2.1544e+02	6.9857e+01	2.4400e-08	6.7656e-01	3.2344e-01	9.9913e-01	8.7443e-04	2.1510e-12	3.7912e-11	5.8442e-04	9.9406e-01	5.3522e-03	1.1755e-36	7.2742e-01	2.7258e-01	3.8917e-07	1.1755e-36	1.1755e-36	1.1755e-36	1.8593e-17	0.00e+00	0.00e+00	2.1846e+01
8.00419e+17	4.4756e+03	3.302e-20	2.1544e+02	6.8647e+01	2.7072e-08	6.8216e-01	3.1784e-01	9.9913e-01	8.7192e-04	2.1606e-12	3.9139e-11	5.7610e-04	9.9417e-01	5.2497e-03	1.1755e-36	7.3259e-01	2.6741e-01	3.7682e-07	1.1755e-36	1.1755e-36	1.1755e-36	1.9931e-17	0.00e+00	0.00e+00	2.1973e+01
8.00557e+17	4.4223e+03	3.222e-20	2.1544e+02	6.7458e+01	3.0048e-08	6.8769e-01	3.1231e-01	9.9913e-01	8.6937e-04	2.1699e-12	4.0425e-11	5.6797e-04	9.9428e-01	5.1486e-03	1.1755e-36	7.3770e-01	2.6230e-01	3.6490e-07	1.1755e-36	1.1755e-36	1.1755e-36	2.1413e-17	0.00e+00	0.00e+00	2.2103e+01
8.00697e+17	4.3677e+03	3.143e-20	2.1544e+02	6.6261e+01	3.3436e-08	6.9328e-01	3.0672e-01	9.9913e-01	8.6682e-04	2.1794e-12	4.1800e-11	5.5980e-04	9.9439e-01	5.0473e-03	1.1755e-36	7.4284e-01	2.5716e-01	3.5317e-07	1.1755e-36	1.1755e-36	1.1755e-36	2.3090e-17	0.00e+00	0.00e+00	2.2235e+01
8.00836e+17	4.3124e+03	3.065e-20	2.1544e+02	6.5071e+01	3.7243e-08	6.9883e-01	3.0117e-01	9.9914e-01	8.6432e-04	2.1891e-12	4.3248e-11	5.5172e-04	9.9450e-01	4.9474e-03	1.1755e-36	7.4794e-01	2.5206e-01	3.4183e-07	1.1755e-36	1.1755e-36	1.1755e-36	2.4963e-17	0.00e+00	0.00e+00	2.2367e+01
8.00973e+17	4.2571e+03	2.990e-20	2.1544e+02	6.3904e+01	4.1457e-08	7.0427e-01	2.9573e-01	9.9914e-01	8.6190e-04	2.1989e-12	4.4750e-11	5.4382e-04	9.9461e-01	4.8504e-03	1.1755e-36	7.5292e-01	2.4708e-01	3.3101e-07	1.1755e-36	1.1755e-36	1.1755e-36	2.7024e-17	0.00e+00	0.00e+00	2.2496e+01
8.01107e+17	4.1969e+03	2.917e-20	2.1544e+02	6.2739e+01	4.6472e-08	7.0970e-01	2.9030e-01	9.9914e-01	8.5914e-04	2.2066e-12	4.6376e-11	5.3612e-04	9.9471e-01	4.7540e-03	1.1755e-36	7.5790e-01	2.4210e-01	3.2065e-07	1.1755e-36	1.1755e-36	1.1755e-36	2.9411e-17	0.00e+00	0.00e+00	2.2625e+01
8.01235e+17	4.1478e+03	2.848e-20	2.1544e+02	6.1658e+01	5.1076e-08	7.1460e-01	2.8540e-01	9.9914e-01	8.5750e-04	2.2188e-12	4.7849e-11	5.2874e-04	9.9480e-01	4.6681e-03	1.1755e-36	7.6237e-01	2.3763e-01	3.1122e-07	1.1755e-36	1.1755e-36	1.1755e-36	3.1677e-17	0.00e+00	0.00e+00	2.2745e+01
8.01365e+17	4.0861e+03	2.779e-20	2.1544e+02	6.0525e+01	5.7251e-08	7.1994e-01	2.8006e-01	9.9915e-01	8.5459e-04	2.2256e-12	4.9633e-11	5.2138e-04	9.9490e-01	4.5742e-03	1.1755e-36	7.6723e-01	2.3277e-01	3.0154e-07	1.1755e-36	1.1755e-36	1.1755e-36	3.4612e-17	0.00e+00	0.00e+00	2.2879e+01
8.01497e+17	4.0343e+03	2.710e-20	2.1544e+02	5.9418e+01	6.3042e-08	7.2492e-01	2.7508e-01	9.9915e-01	8.5301e-04	2.2388e-12	5.1281e-11	5.1389e-04	9.9500e-01	4.4881e-03	1.1755e-36	7.7176e-01	2.2824e-01	2.9238e-07	1.1755e-36	1.1755e-36	1.1755e-36	3.7452e-17	0.00e+00	0.00e+00	2.3004e+01
8.01630e+17	3.9695e+03	2.642e-20	2.1544e+02	5.8288e+01	7.0744e-08	7.3037e-01	2.6963e-01	9.9915e-01	8.4982e-04	2.2444e-12	5.3290e-11	5.0671e-04	9.9510e-01	4.3935e-03	1.1755e-36	7.7671e-01	2.2329e-01	2.8298e-07	1.1755e-36	1.1755e-36	1.1755e-36	4.1145e-17	0.00e+00	0.00e+00	2.3141e+01
