#depth	Te	Htot	hden	eden	2H_2/H	HI	HII	HeI	HeII	HeIII	CO/C	C1	C2	C3	C4	O1	O2	O3	O4	O5	O6	H2O/O	AV(point)	AV(extend)	Tau912
1.95937e+14	6.7383e+03	2.483e-21	2.7826e+01	3.0138e+01	5.1033e-14	2.7301e-03	9.9727e-01	1.4737e-02	9.8307e-01	2.1952e-03	3.1581e-17	1.6950e-04	2.1726e-01	7.8187e-01	6.9883e-04	1.5068e-03	5.3846e-01	4.5969e-01	3.3612e-04	1.1755e-36	1.1755e-36	2.0085e-25	0.00e+00	0.00e+00	1.8795e-04
1.17562e+15	6.7361e+03	2.482e-21	2.7826e+01	3.0135e+01	5.1093e-14	2.7294e-03	9.9727e-01	1.4738e-02	9.8307e-01	2.1931e-03	3.1554e-17	1.6932e-04	2.1728e-01	7.8186e-01	7.0036e-04	1.5061e-03	5.3838e-01	4.5978e-01	3.3500e-04	1.1755e-36	1.1755e-36	2.0056e-25	0.00e+00	0.00e+00	9.3955e-04
5.09437e+15	6.7309e+03	2.480e-21	2.7826e+01	3.0135e+01	5.1268e-14	2.7286e-03	9.9727e-01	1.4748e-02	9.8307e-01	2.1782e-03	3.1556e-17	1.6910e-04	2.1740e-01	7.8174e-01	6.9895e-04	1.5064e-03	5.3854e-01	4.5963e-01	3.3005e-04	1.1755e-36	1.1755e-36	2.0031e-25	0.00e+00	0.00e+00	3.9452e-03
2.07694e+16	6.7198e+03	2.472e-21	2.7826e+01	3.0134e+01	5.1720e-14	2.7287e-03	9.9727e-01	1.4790e-02	9.8311e-01	2.1031e-03	3.1678e-17	1.6910e-04	2.1791e-01	7.8123e-01	6.9224e-04	1.5101e-03	5.3942e-01	4.5875e-01	3.1078e-04	1.1755e-36	1.1755e-36	2.0039e-25	0.00e+00	0.00e+00	1.5968e-02
4.96114e+16	6.6731e+03	2.446e-21	2.7826e+01	3.0134e+01	5.2592e-14	2.7065e-03	9.9729e-01	1.4810e-02	9.8314e-01	2.0514e-03	3.1132e-17	1.6798e-04	2.1828e-01	7.8087e-01	6.8465e-04	1.5019e-03	5.4015e-01	4.5807e-01	2.8571e-04	1.1755e-36	1.1755e-36	1.9355e-25	0.00e+00	0.00e+00	3.1470e-02
8.71059e+16	6.6243e+03	2.419e-21	2.7826e+01	3.0135e+01	5.3766e-14	2.6888e-03	9.9731e-01	1.4858e-02	9.8322e-01	1.9266e-03	3.0785e-17	1.6761e-04	2.1897e-01	7.8019e-01	6.7187e-04	1.4984e-03	5.4157e-01	4.5668e-01	2.5478e-04	1.1755e-36	1.1755e-36	1.8813e-25	0.00e+00	0.00e+00	5.1491e-02
1.35849e+17	6.5714e+03	2.390e-21	2.7826e+01	3.0134e+01	5.5288e-14	2.6743e-03	9.9733e-01	1.4938e-02	9.8333e-01	1.7333e-03	3.0584e-17	1.6774e-04	2.2002e-01	7.7916e-01	6.5394e-04	1.4997e-03	5.4381e-01	4.5447e-01	2.1847e-04	1.1755e-36	1.1755e-36	1.8344e-25	0.00e+00	0.00e+00	7.7378e-02
1.99215e+17	6.5134e+03	2.359e-21	2.7826e+01	3.0134e+01	5.7322e-14	2.6641e-03	9.9734e-01	1.5059e-02	9.8347e-01	1.4757e-03	3.0600e-17	1.6842e-04	2.2156e-01	7.7764e-01	6.3067e-04	1.5072e-03	5.4716e-01	4.5116e-01	1.7795e-04	1.1755e-36	1.1755e-36	1.7998e-25	0.00e+00	0.00e+00	1.1090e-01
2.81590e+17	6.4502e+03	2.324e-21	2.7826e+01	3.0133e+01	5.9902e-14	2.6599e-03	9.9734e-01	1.5237e-02	9.8359e-01	1.1698e-03	3.0845e-17	1.6985e-04	2.2377e-01	7.7546e-01	6.0232e-04	1.5231e-03	5.5196e-01	4.4639e-01	1.3554e-04	1.1755e-36	1.1755e-36	1.7733e-25	0.00e+00	0.00e+00	1.5442e-01
3.88679e+17	6.3825e+03	2.287e-21	2.7826e+01	3.0131e+01	6.3286e-14	2.6649e-03	9.9734e-01	1.5496e-02	9.8366e-01	8.4603e-04	3.1476e-17	1.7234e-04	2.2689e-01	7.7237e-01	5.6977e-04	1.5508e-03	5.5862e-01	4.3974e-01	9.4656e-05	1.1755e-36	1.1755e-36	1.7652e-25	0.00e+00	0.00e+00	2.1109e-01
5.27893e+17	6.3117e+03	2.247e-21	2.7826e+01	3.0129e+01	6.7745e-14	2.6842e-03	9.9732e-01	1.5871e-02	9.8358e-01	5.4518e-04	3.2683e-17	1.7637e-04	2.3132e-01	7.6797e-01	5.3420e-04	1.5956e-03	5.6764e-01	4.3070e-01	5.9138e-05	1.1755e-36	1.1755e-36	1.7842e-25	0.00e+00	0.00e+00	2.8530e-01
7.08873e+17	6.2384e+03	2.207e-21	2.7826e+01	3.0126e+01	7.4017e-14	2.7264e-03	9.9727e-01	1.6425e-02	9.8327e-01	3.0451e-04	3.4892e-17	1.8269e-04	2.3768e-01	7.6165e-01	4.9629e-04	1.6658e-03	5.7972e-01	4.1859e-01	3.2078e-05	1.1755e-36	1.1755e-36	1.8544e-25	0.00e+00	0.00e+00	3.8329e-01
9.44146e+17	6.1773e+03	2.165e-21	2.7826e+01	3.0122e+01	8.1801e-14	2.8009e-03	9.9720e-01	1.7234e-02	9.8262e-01	1.4313e-04	3.8553e-17	1.9257e-04	2.4670e-01	7.5265e-01	4.5647e-04	1.7722e-03	5.9564e-01	4.0257e-01	1.4589e-05	1.1755e-36	1.1755e-36	1.9952e-25	0.00e+00	0.00e+00	5.1416e-01
1.25000e+18	6.1239e+03	2.128e-21	2.7826e+01	3.0113e+01	9.3404e-14	2.9328e-03	9.9707e-01	1.8476e-02	9.8147e-01	5.4658e-05	4.5194e-17	2.0836e-04	2.6009e-01	7.3929e-01	4.1215e-04	1.9413e-03	6.1718e-01	3.8087e-01	5.3280e-06	1.1755e-36	1.1755e-36	2.2873e-25	0.00e+00	0.00e+00	6.9231e-01
1.64761e+18	6.1082e+03	2.094e-21	2.7826e+01	3.0101e+01	1.0900e-13	3.1561e-03	9.9684e-01	2.0456e-02	9.7953e-01	1.6431e-05	5.7588e-17	2.3367e-04	2.8021e-01	7.1920e-01	3.6137e-04	2.2144e-03	6.4644e-01	3.5135e-01	1.4916e-06	1.1755e-36	1.1755e-36	2.8786e-25	0.00e+00	0.00e+00	9.4153e-01
2.06713e+18	6.1114e+03	2.072e-21	2.7826e+01	3.0087e+01	1.2785e-13	3.4406e-03	9.9656e-01	2.3015e-02	9.7698e-01	4.7291e-06	7.5369e-17	2.6541e-04	3.0436e-01	6.9506e-01	3.1301e-04	2.5613e-03	6.7796e-01	3.1947e-01	4.0070e-07	1.1755e-36	1.1755e-36	3.7449e-25	0.00e+00	0.00e+00	1.1770e+00
2.41680e+18	6.1619e+03	2.067e-21	2.7826e+01	3.0073e+01	1.4487e-13	3.7552e-03	9.9624e-01	2.5836e-02	9.7416e-01	1.8163e-06	9.8658e-17	2.9938e-04	3.2883e-01	6.7060e-01	2.7440e-04	2.9407e-03	7.0647e-01	2.9059e-01	1.4041e-07	1.1755e-36	1.1755e-36	4.9613e-25	0.00e+00	0.00e+00	1.3814e+00
2.71269e+18	6.2280e+03	2.074e-21	2.7826e+01	3.0054e+01	1.6352e-13	4.1049e-03	9.9590e-01	2.8995e-02	9.7100e-01	8.5628e-07	1.2992e-16	3.3628e-04	3.5408e-01	6.4534e-01	2.4132e-04	3.3627e-03	7.3300e-01	2.6364e-01	1.1755e-36	1.1755e-36	1.1755e-36	6.6858e-25	0.00e+00	0.00e+00	1.5848e+00
2.99306e+18	6.3029e+03	2.088e-21	2.7826e+01	3.0031e+01	1.8693e-13	4.5240e-03	9.9548e-01	3.2906e-02	9.6709e-01	4.3678e-07	1.7519e-16	3.7929e-04	3.8256e-01	6.1685e-01	2.0962e-04	3.8737e-03	7.6002e-01	2.3611e-01	1.1755e-36	1.1755e-36	1.1755e-36	9.2924e-25	0.00e+00	0.00e+00	1.8063e+00
3.26535e+18	6.3865e+03	2.110e-21	2.7826e+01	3.0004e+01	2.1690e-13	5.0338e-03	9.9497e-01	3.7904e-02	9.6210e-01	2.3553e-07	2.4246e-16	4.3023e-04	4.1521e-01	5.8418e-01	1.7885e-04	4.5038e-03	7.8773e-01	2.0776e-01	1.1755e-36	1.1755e-36	1.1755e-36	1.3350e-24	0.00e+00	0.00e+00	2.0414e+00
3.51776e+18	6.4670e+03	2.140e-21	2.7826e+01	2.9971e+01	2.5619e-13	5.6353e-03	9.9436e-01	4.4175e-02	9.5583e-01	1.3691e-07	3.4029e-16	4.8803e-04	4.5118e-01	5.4818e-01	1.5019e-04	5.2557e-03	8.1471e-01	1.8003e-01	1.1755e-36	1.1755e-36	1.1755e-36	1.9548e-24	0.00e+00	0.00e+00	2.2780e+00
3.74257e+18	6.5542e+03	2.171e-21	2.7826e+01	2.9934e+01	3.0148e-13	6.3071e-03	9.9369e-01	5.1777e-02	9.4822e-01	8.6383e-08	4.7553e-16	5.5001e-04	4.8875e-01	5.1057e-01	1.2492e-04	6.1066e-03	8.3954e-01	1.5435e-01	1.1755e-36	1.1755e-36	1.1755e-36	2.8593e-24	0.00e+00	0.00e+00	2.5114e+00
3.94371e+18	6.6295e+03	2.206e-21	2.7826e+01	2.9893e+01	3.6003e-13	7.0687e-03	9.9293e-01	6.1213e-02	9.3879e-01	5.7912e-08	6.6461e-16	6.1651e-04	5.2812e-01	4.7117e-01	1.0236e-04	7.0789e-03	8.6224e-01	1.3069e-01	1.1755e-36	1.1755e-36	1.1755e-36	4.1925e-24	0.00e+00	0.00e+00	2.7494e+00
4.12848e+18	6.7022e+03	2.243e-21	2.7826e+01	2.9845e+01	4.3425e-13	7.9453e-03	9.9205e-01	7.3251e-02	9.2675e-01	4.0413e-08	9.3300e-16	6.8854e-04	5.6967e-01	4.2956e-01	8.2143e-05	8.2060e-03	8.8307e-01	1.0872e-01	1.1755e-36	1.1755e-36	1.1755e-36	6.1978e-24	0.00e+00	0.00e+00	2.9978e+00
4.28566e+18	6.7523e+03	2.283e-21	2.7826e+01	2.9777e+01	5.2735e-13	8.8860e-03	9.9111e-01	8.7434e-02	9.1257e-01	2.9931e-08	1.2809e-15	7.5870e-04	6.0985e-01	3.8933e-01	6.5589e-05	9.4174e-03	9.0049e-01	9.0092e-02	1.1755e-36	1.1755e-36	1.1755e-36	8.9387e-24	0.00e+00	0.00e+00	3.2108e+00
4.41164e+18	6.8034e+03	2.316e-21	2.7826e+01	2.9716e+01	6.2252e-13	9.8009e-03	9.9020e-01	1.0320e-01	8.9680e-01	2.3523e-08	1.6885e-15	8.2247e-04	6.4564e-01	3.5348e-01	5.2921e-05	1.0601e-02	9.1407e-01	7.5326e-02	1.1755e-36	1.1755e-36	1.1755e-36	1.2336e-23	0.00e+00	0.00e+00	3.4098e+00
4.52666e+18	6.8326e+03	2.350e-21	2.7826e+01	2.9637e+01	7.4873e-13	1.0817e-02	9.8918e-01	1.2249e-01	8.7751e-01	1.8634e-08	2.2219e-15	8.8658e-04	6.8109e-01	3.1798e-01	4.1955e-05	1.1914e-02	9.2587e-01	6.2217e-02	1.1755e-36	1.1755e-36	1.1755e-36	1.6998e-23	0.00e+00	0.00e+00	3.6274e+00
4.64044e+18	6.8825e+03	2.382e-21	2.7826e+01	2.9571e+01	9.0017e-13	1.2005e-02	9.8799e-01	1.4916e-01	8.5084e-01	1.4836e-08	2.9763e-15	9.5515e-04	7.1837e-01	2.8064e-01	3.2099e-05	1.3452e-02	9.3672e-01	4.9827e-02	1.1755e-36	1.1755e-36	1.1755e-36	2.4062e-23	0.00e+00	0.00e+00	3.8659e+00
4.74717e+18	6.9021e+03	2.415e-21	2.7826e+01	2.9430e+01	1.1113e-12	1.3379e-02	9.8662e-01	1.8427e-01	8.1573e-01	1.1759e-08	3.9887e-15	1.0232e-03	7.5548e-01	2.4347e-01	2.3768e-05	1.5225e-02	9.4592e-01	3.8855e-02	1.1755e-36	1.1755e-36	1.1755e-36	3.3851e-23	0.00e+00	0.00e+00	4.1019e+00
4.83940e+18	6.9235e+03	2.443e-21	2.7826e+01	2.9286e+01	1.3555e-12	1.4812e-02	9.8519e-01	2.2765e-01	7.7235e-01	9.4545e-09	5.2611e-15	1.0844e-03	7.8866e-01	2.1023e-01	1.7459e-05	1.7070e-02	9.5294e-01	2.9991e-02	1.1755e-36	1.1755e-36	1.1755e-36	4.6873e-23	0.00e+00	0.00e+00	4.3206e+00
4.90822e+18	6.9385e+03	2.464e-21	2.7826e+01	2.9154e+01	1.5946e-12	1.6077e-02	9.8392e-01	2.7255e-01	7.2745e-01	7.9226e-09	6.5803e-15	1.1310e-03	8.1381e-01	1.8505e-01	1.3362e-05	1.8694e-02	9.5747e-01	2.3834e-02	1.1755e-36	1.1755e-36	1.1755e-36	6.0926e-23	0.00e+00	0.00e+00	4.4720e+00
4.95537e+18	6.9450e+03	2.475e-21	2.7826e+01	2.9028e+01	1.7988e-12	1.7054e-02	9.8295e-01	3.1152e-01	6.8848e-01	6.8812e-09	7.7338e-15	1.1617e-03	8.3087e-01	1.6796e-01	1.0870e-05	1.9946e-02	9.6015e-01	1.9905e-02	1.1755e-36	1.1755e-36	1.1755e-36	7.3436e-23	0.00e+00	0.00e+00	4.5940e+00
5.00223e+18	6.9439e+03	2.483e-21	2.7826e+01	2.8891e+01	2.0560e-12	1.8145e-02	9.8185e-01	3.5837e-01	6.4163e-01	5.8411e-09	9.1870e-15	1.1920e-03	8.4740e-01	1.5140e-01	8.6483e-06	2.1339e-02	9.6236e-01	1.6299e-02	1.1755e-36	1.1755e-36	1.1755e-36	8.9531e-23	0.00e+00	0.00e+00	4.7629e+00
5.05512e+18	6.9367e+03	2.495e-21	2.7826e+01	2.8747e+01	2.4251e-12	1.9550e-02	9.8045e-01	4.2224e-01	5.7776e-01	4.7417e-09	1.1314e-14	1.2256e-03	8.6500e-01	1.3377e-01	6.5376e-06	2.3123e-02	9.6421e-01	1.2671e-02	1.1755e-36	1.1755e-36	1.1755e-36	1.1375e-22	0.00e+00	0.00e+00	4.9444e+00
5.10377e+18	6.9317e+03	2.499e-21	2.7826e+01	2.8558e+01	2.8383e-12	2.0995e-02	9.7901e-01	4.9283e-01	5.0717e-01	3.7850e-09	1.3822e-14	1.2525e-03	8.7994e-01	1.1881e-01	4.9402e-06	2.4953e-02	9.6531e-01	9.7374e-03	1.1755e-36	1.1755e-36	1.1755e-36	1.4271e-22	0.00e+00	0.00e+00	5.1084e+00
5.14595e+18	6.9225e+03	2.498e-21	2.7826e+01	2.8352e+01	3.2877e-12	2.2401e-02	9.7760e-01	5.6252e-01	4.3748e-01	2.9970e-09	1.6589e-14	1.2725e-03	8.9167e-01	1.0706e-01	3.7989e-06	2.6726e-02	9.6573e-01	7.5417e-03	1.1755e-36	1.1755e-36	1.1755e-36	1.7503e-22	0.00e+00	0.00e+00	5.2654e+00
5.19183e+18	6.9044e+03	2.496e-21	2.7826e+01	2.8123e+01	3.9215e-12	2.4149e-02	9.7585e-01	6.4368e-01	3.5632e-01	2.2135e-09	2.0490e-14	1.2923e-03	9.0298e-01	9.5725e-02	2.7874e-06	2.8921e-02	9.6553e-01	5.5512e-03	1.1755e-36	1.1755e-36	1.1755e-36	2.2200e-22	0.00e+00	0.00e+00	5.4855e+00
5.25147e+18	6.8862e+03	2.482e-21	2.7826e+01	2.7723e+01	4.9366e-12	2.6680e-02	9.7332e-01	7.4532e-01	2.5468e-01	1.3805e-09	2.6877e-14	1.3082e-03	9.1468e-01	8.4013e-02	1.8405e-06	3.2087e-02	9.6431e-01	3.6062e-03	1.1755e-36	1.1755e-36	1.1755e-36	3.0213e-22	0.00e+00	0.00e+00	5.8015e+00
5.31721e+18	6.8554e+03	2.483e-21	2.7826e+01	2.7393e+01	6.6177e-12	3.0265e-02	9.6974e-01	8.4202e-01	1.5798e-01	7.5087e-10	3.7204e-14	1.3272e-03	9.2494e-01	7.3730e-02	1.1290e-06	3.6536e-02	9.6133e-01	2.1297e-03	1.1755e-36	1.1755e-36	1.1755e-36	4.4795e-22	0.00e+00	0.00e+00	6.1421e+00
5.38088e+18	6.8305e+03	2.498e-21	2.7826e+01	2.7166e+01	9.0594e-12	3.4793e-02	9.6521e-01	9.0828e-01	9.1722e-02	3.8879e-10	5.2050e-14	1.3471e-03	9.3286e-01	6.5791e-02	6.7985e-07	4.2127e-02	9.5665e-01	1.2260e-03	1.1755e-36	1.1755e-36	1.1755e-36	6.9498e-22	0.00e+00	0.00e+00	6.5290e+00
5.45367e+18	6.8181e+03	2.513e-21	2.7826e+01	2.6854e+01	1.3136e-11	4.1361e-02	9.5864e-01	9.5236e-01	4.7637e-02	1.7657e-10	7.6630e-14	1.3624e-03	9.4016e-01	5.8478e-02	3.7022e-07	5.0211e-02	9.4915e-01	6.3560e-04	1.1755e-36	1.1755e-36	1.1755e-36	1.1868e-21	0.00e+00	0.00e+00	7.1270e+00
5.52751e+18	6.8007e+03	2.543e-21	2.7826e+01	2.6588e+01	2.0830e-11	5.1064e-02	9.4894e-01	9.7571e-01	2.4289e-02	7.9763e-11	1.2173e-13	1.3802e-03	9.4697e-01	5.1651e-02	1.9313e-07	6.2098e-02	9.3759e-01	3.1655e-04	1.1755e-36	1.1755e-36	1.1755e-36	2.3365e-21	0.00e+00	0.00e+00	7.7136e+00
5.58781e+18	6.7889e+03	2.550e-21	2.7826e+01	2.6181e+01	3.2032e-11	6.2349e-02	9.3765e-01	9.8575e-01	1.4247e-02	4.2638e-11	1.8568e-13	1.3834e-03	9.5246e-01	4.6156e-02	1.1755e-36	7.5867e-02	9.2396e-01	1.7436e-04	1.1755e-36	1.1755e-36	1.1755e-36	4.3713e-21	0.00e+00	0.00e+00	8.3186e+00
5.64034e+18	6.7717e+03	2.549e-21	2.7826e+01	2.5807e+01	4.9719e-11	7.6394e-02	9.2361e-01	9.9093e-01	9.0709e-03	2.5116e-11	2.8480e-13	1.3857e-03	9.5759e-01	4.1023e-02	1.1755e-36	9.2905e-02	9.0699e-01	1.0053e-04	1.1755e-36	1.1755e-36	1.1755e-36	8.2960e-21	0.00e+00	0.00e+00	8.9873e+00
5.68183e+18	6.7542e+03	2.529e-21	2.7826e+01	2.5370e+01	7.4824e-11	9.2194e-02	9.0781e-01	9.9354e-01	6.4590e-03	1.6972e-11	4.2186e-13	1.3796e-03	9.6182e-01	3.6799e-02	1.1755e-36	1.1194e-01	8.8799e-01	6.3483e-05	1.1755e-36	1.1755e-36	1.1755e-36	1.4993e-20	0.00e+00	0.00e+00	9.5247e+00
5.71443e+18	6.7306e+03	2.493e-21	2.7826e+01	2.4905e+01	1.0798e-10	1.0871e-01	8.9129e-01	9.9507e-01	4.9342e-03	1.2454e-11	5.9559e-13	1.3682e-03	9.6540e-01	3.3236e-02	1.1755e-36	1.3171e-01	8.6825e-01	4.2902e-05	1.1755e-36	1.1755e-36	1.1755e-36	2.5228e-20	0.00e+00	0.00e+00	1.0136e+01
5.74386e+18	6.7002e+03	2.436e-21	2.7826e+01	2.4302e+01	1.5666e-10	1.2802e-01	8.7198e-01	9.9611e-01	3.8911e-03	9.5451e-12	8.3709e-13	1.3476e-03	9.6865e-01	3.0006e-02	1.1755e-36	1.5461e-01	8.4536e-01	2.9554e-05	1.1755e-36	1.1755e-36	1.1755e-36	4.2201e-20	0.00e+00	0.00e+00	1.0740e+01
5.76858e+18	6.6610e+03	2.371e-21	2.7826e+01	2.3705e+01	2.2510e-10	1.4942e-01	8.5058e-01	9.9680e-01	3.1997e-03	7.6841e-12	1.1587e-12	1.3253e-03	9.7157e-01	2.7108e-02	1.1755e-36	1.7976e-01	8.2022e-01	2.1056e-05	1.1755e-36	1.1755e-36	1.1755e-36	6.9163e-20	0.00e+00	0.00e+00	1.1334e+01
5.79007e+18	6.6125e+03	2.291e-21	2.7826e+01	2.3045e+01	3.2161e-10	1.7305e-01	8.2695e-01	9.9730e-01	2.7044e-03	6.4039e-12	1.5807e-12	1.2983e-03	9.7420e-01	2.4499e-02	1.1755e-36	2.0724e-01	7.9274e-01	1.5333e-05	1.1755e-36	1.1755e-36	1.1755e-36	1.1104e-19	0.00e+00	0.00e+00	1.1952e+01
5.80987e+18	6.5502e+03	2.193e-21	2.7826e+01	2.2285e+01	4.6612e-10	2.0030e-01	7.9970e-01	9.9768e-01	2.3204e-03	5.4510e-12	2.1584e-12	1.2648e-03	9.7670e-01	2.2032e-02	1.1755e-36	2.3856e-01	7.6143e-01	1.1196e-05	1.1755e-36	1.1755e-36	1.1755e-36	1.7884e-19	0.00e+00	0.00e+00	1.2630e+01
5.82869e+18	6.4681e+03	2.073e-21	2.7826e+01	2.1383e+01	6.9572e-10	2.3262e-01	7.6738e-01	9.9799e-01	2.0111e-03	4.7194e-12	2.9767e-12	1.2229e-03	9.7913e-01	1.9650e-02	1.1755e-36	2.7520e-01	7.2479e-01	8.1148e-06	1.1755e-36	1.1755e-36	1.1755e-36	2.9317e-19	0.00e+00	0.00e+00	1.3381e+01
5.84640e+18	6.3609e+03	1.931e-21	2.7826e+01	2.0334e+01	1.0729e-09	2.7060e-01	7.2940e-01	9.9823e-01	1.7665e-03	4.1735e-12	4.1378e-12	1.1723e-03	9.8145e-01	1.7375e-02	1.1755e-36	3.1755e-01	6.8244e-01	5.8456e-06	1.1755e-36	1.1755e-36	1.1755e-36	4.8825e-19	0.00e+00	0.00e+00	1.4192e+01
5.86155e+18	6.2373e+03	1.780e-21	2.7826e+01	1.9212e+01	1.6439e-09	3.1054e-01	6.8946e-01	9.9840e-01	1.5955e-03	3.8306e-12	5.6056e-12	1.1163e-03	9.8344e-01	1.5446e-02	1.1755e-36	3.6129e-01	6.3870e-01	4.3222e-06	1.1755e-36	1.1755e-36	1.1755e-36	7.8467e-19	0.00e+00	0.00e+00	1.4914e+01
5.87270e+18	6.1197e+03	1.651e-21	2.7826e+01	1.8244e+01	2.3497e-09	3.4530e-01	6.5470e-01	9.9851e-01	1.4878e-03	3.6396e-12	7.1160e-12	1.0670e-03	9.8491e-01	1.4028e-02	1.1755e-36	3.9873e-01	6.0127e-01	3.4085e-06	1.1755e-36	1.1755e-36	1.1755e-36	1.1445e-18	0.00e+00	0.00e+00	1.5464e+01
5.88066e+18	6.0175e+03	1.551e-21	2.7826e+01	1.7477e+01	3.1097e-09	3.7286e-01	6.2714e-01	9.9858e-01	1.4195e-03	3.5314e-12	8.4849e-12	1.0274e-03	9.8595e-01	1.3021e-02	1.1755e-36	4.2799e-01	5.7201e-01	2.8532e-06	1.1755e-36	1.1755e-36	1.1755e-36	1.5171e-18	0.00e+00	0.00e+00	1.5912e+01
5.88719e+18	5.9196e+03	1.463e-21	2.7826e+01	1.6799e+01	3.9873e-09	3.9717e-01	6.0283e-01	9.9864e-01	1.3650e-03	3.4500e-12	9.8330e-12	9.9229e-04	9.8681e-01	1.2196e-02	1.1755e-36	4.5351e-01	5.4649e-01	2.4512e-06	1.1755e-36	1.1755e-36	1.1755e-36	1.9277e-18	0.00e+00	0.00e+00	1.6347e+01
5.89339e+18	5.8134e+03	1.376e-21	2.7826e+01	1.6114e+01	5.1403e-09	4.2172e-01	5.7828e-01	9.9868e-01	1.3165e-03	3.3849e-12	1.1346e-11	9.5655e-04	9.8762e-01	1.1421e-02	1.1755e-36	4.7900e-01	5.2100e-01	2.1122e-06	1.1755e-36	1.1755e-36	1.1755e-36	2.4417e-18	0.00e+00	0.00e+00	1.6805e+01
5.89939e+18	5.6981e+03	1.288e-21	2.7826e+01	1.5413e+01	6.6908e-09	4.4682e-01	5.5318e-01	9.9873e-01	1.2735e-03	3.3376e-12	1.3072e-11	9.1974e-04	9.8839e-01	1.0688e-02	1.1755e-36	5.0477e-01	4.9523e-01	1.8226e-06	1.1755e-36	1.1755e-36	1.1755e-36	3.1018e-18	0.00e+00	0.00e+00	1.7261e+01
5.90485e+18	5.5781e+03	1.207e-21	2.7826e+01	1.4744e+01	8.6909e-09	4.7099e-01	5.2901e-01	9.9876e-01	1.2376e-03	3.3062e-12	1.4949e-11	8.8463e-04	9.8908e-01	1.0032e-02	1.1755e-36	5.2932e-01	4.7068e-01	1.5878e-06	1.1755e-36	1.1755e-36	1.1755e-36	3.9164e-18	0.00e+00	0.00e+00	1.7683e+01
5.90965e+18	5.4618e+03	1.134e-21	2.7826e+01	1.4129e+01	1.1116e-08	4.9311e-01	5.0689e-01	9.9879e-01	1.2089e-03	3.2910e-12	1.6887e-11	8.5207e-04	9.8968e-01	9.4653e-03	1.1755e-36	5.5158e-01	4.4842e-01	1.4023e-06	1.1755e-36	1.1755e-36	1.1755e-36	4.8734e-18	0.00e+00	0.00e+00	1.8074e+01
5.91294e+18	5.3831e+03	1.085e-21	2.7826e+01	1.3701e+01	1.3139e-08	5.0815e-01	4.9185e-01	9.9880e-01	1.1951e-03	3.3027e-12	1.8334e-11	8.2915e-04	9.9006e-01	9.1148e-03	1.1755e-36	5.6656e-01	4.3343e-01	1.2917e-06	1.1755e-36	1.1755e-36	1.1755e-36	5.6716e-18	0.00e+00	0.00e+00	1.8258e+01
5.91464e+18	5.3336e+03	1.060e-21	2.7826e+01	1.3483e+01	1.4511e-08	5.1648e-01	4.8352e-01	9.9881e-01	1.1853e-03	3.2975e-12	1.9227e-11	8.1773e-04	9.9026e-01	8.9182e-03	1.1755e-36	5.7484e-01	4.2516e-01	1.2350e-06	1.1755e-36	1.1755e-36	1.1755e-36	6.2038e-18	0.00e+00	0.00e+00	1.8380e+01
5.91602e+18	5.2918e+03	1.039e-21	2.7826e+01	1.3293e+01	1.5763e-08	5.2327e-01	4.7673e-01	9.9882e-01	1.1773e-03	3.2949e-12	1.9982e-11	8.0772e-04	9.9044e-01	8.7572e-03	1.1755e-36	5.8156e-01	4.1844e-01	1.1898e-06	1.1755e-36	1.1755e-36	1.1755e-36	6.6787e-18	0.00e+00	0.00e+00	1.8511e+01
5.91763e+18	5.2465e+03	1.014e-21	2.7826e+01	1.3074e+01	1.7298e-08	5.3119e-01	4.6881e-01	9.9883e-01	1.1682e-03	3.2935e-12	2.0903e-11	7.9604e-04	9.9063e-01	8.5702e-03	1.1755e-36	5.8937e-01	4.1063e-01	1.1382e-06	1.1755e-36	1.1755e-36	1.1755e-36	7.2864e-18	0.00e+00	0.00e+00	1.8677e+01
5.91953e+18	5.1886e+03	9.838e-22	2.7826e+01	1.2802e+01	1.9404e-08	5.4050e-01	4.5950e-01	9.9884e-01	1.1588e-03	3.2982e-12	2.2049e-11	7.8155e-04	9.9086e-01	8.3579e-03	1.1755e-36	5.9851e-01	4.0149e-01	1.0810e-06	1.1755e-36	1.1755e-36	1.1755e-36	8.0945e-18	0.00e+00	0.00e+00	1.8868e+01
5.92146e+18	5.1284e+03	9.542e-22	2.7826e+01	1.2534e+01	2.1867e-08	5.5013e-01	4.4987e-01	9.9885e-01	1.1494e-03	3.3022e-12	2.3343e-11	7.6729e-04	9.9109e-01	8.1441e-03	1.1755e-36	6.0794e-01	3.9206e-01	1.0254e-06	1.1755e-36	1.1755e-36	1.1755e-36	9.0729e-18	0.00e+00	0.00e+00	1.9048e+01
5.92321e+18	5.0708e+03	9.276e-22	2.7826e+01	1.2289e+01	2.4481e-08	5.5896e-01	4.4104e-01	9.9886e-01	1.1410e-03	3.3063e-12	2.4637e-11	7.5433e-04	9.9129e-01	7.9519e-03	1.1755e-36	6.1655e-01	3.8345e-01	9.7729e-07	1.1755e-36	1.1755e-36	1.1755e-36	1.0126e-17	0.00e+00	0.00e+00	1.9210e+01
5.92481e+18	5.0122e+03	9.036e-22	2.7826e+01	1.2064e+01	2.7372e-08	5.6726e-01	4.3274e-01	9.9887e-01	1.1329e-03	3.3073e-12	2.5978e-11	7.4252e-04	9.9148e-01	7.7740e-03	1.1755e-36	6.2461e-01	3.7538e-01	9.3467e-07	1.1755e-36	1.1755e-36	1.1755e-36	1.1302e-17	0.00e+00	0.00e+00	1.9363e+01
5.92631e+18	4.9565e+03	8.812e-22	2.7826e+01	1.1855e+01	3.0426e-08	5.7518e-01	4.2482e-01	9.9887e-01	1.1253e-03	3.3075e-12	2.7251e-11	7.3159e-04	9.9167e-01	7.6001e-03	1.1755e-36	6.3229e-01	3.6771e-01	8.9566e-07	1.1755e-36	1.1755e-36	1.1755e-36	1.2466e-17	0.00e+00	0.00e+00	1.9511e+01
5.92777e+18	4.9021e+03	8.591e-22	2.7826e+01	1.1643e+01	3.3720e-08	5.8276e-01	4.1724e-01	9.9888e-01	1.1186e-03	3.3126e-12	2.8491e-11	7.2045e-04	9.9184e-01	7.4349e-03	1.1755e-36	6.3960e-01	3.6039e-01	8.5953e-07	1.1755e-36	1.1755e-36	1.1755e-36	1.3666e-17	0.00e+00	0.00e+00	1.9660e+01
5.92924e+18	4.8452e+03	8.370e-22	2.7826e+01	1.1431e+01	3.7520e-08	5.9053e-01	4.0947e-01	9.9889e-01	1.1116e-03	3.3167e-12	2.9842e-11	7.0928e-04	9.9202e-01	7.2673e-03	1.1755e-36	6.4708e-01	3.5292e-01	8.2405e-07	1.1755e-36	1.1755e-36	1.1755e-36	1.5059e-17	0.00e+00	0.00e+00	1.9814e+01
5.93072e+18	4.7919e+03	8.143e-22	2.7826e+01	1.1205e+01	4.1488e-08	5.9791e-01	4.0209e-01	9.9889e-01	1.1065e-03	3.3326e-12	3.1149e-11	6.9720e-04	9.9219e-01	7.1125e-03	1.1755e-36	6.5415e-01	3.4585e-01	7.9093e-07	1.1755e-36	1.1755e-36	1.1755e-36	1.6495e-17	0.00e+00	0.00e+00	1.9969e+01
5.93222e+18	4.7287e+03	7.920e-22	2.7826e+01	1.0987e+01	4.6607e-08	6.0603e-01	3.9397e-01	9.9890e-01	1.0990e-03	3.3351e-12	3.2753e-11	6.8589e-04	9.9237e-01	6.9408e-03	1.1755e-36	6.6192e-01	3.3807e-01	7.5693e-07	1.1755e-36	1.1755e-36	1.1755e-36	1.8374e-17	0.00e+00	0.00e+00	2.0133e+01
5.93369e+18	4.6679e+03	7.705e-22	2.7826e+01	1.0772e+01	5.2092e-08	6.1378e-01	3.8622e-01	9.9891e-01	1.0929e-03	3.3434e-12	3.4361e-11	6.7462e-04	9.9254e-01	6.7808e-03	1.1755e-36	6.6931e-01	3.3069e-01	7.2568e-07	1.1755e-36	1.1755e-36	1.1755e-36	2.0394e-17	0.00e+00	0.00e+00	2.0284e+01
5.93506e+18	4.6090e+03	7.506e-22	2.7826e+01	1.0569e+01	5.7924e-08	6.2102e-01	3.7898e-01	9.9891e-01	1.0873e-03	3.3518e-12	3.5955e-11	6.6405e-04	9.9270e-01	6.6328e-03	1.1755e-36	6.7619e-01	3.2381e-01	6.9760e-07	1.1755e-36	1.1755e-36	1.1755e-36	2.2537e-17	0.00e+00	0.00e+00	2.0429e+01
5.93638e+18	4.5504e+03	7.314e-22	2.7826e+01	1.0372e+01	6.4309e-08	6.2811e-01	3.7189e-01	9.9892e-01	1.0818e-03	3.3596e-12	3.7609e-11	6.5383e-04	9.9286e-01	6.4890e-03	1.1755e-36	6.8291e-01	3.1709e-01	6.7106e-07	1.1755e-36	1.1755e-36	1.1755e-36	2.4908e-17	0.00e+00	0.00e+00	2.0574e+01
5.93771e+18	4.4904e+03	7.124e-22	2.7826e+01	1.0175e+01	7.1469e-08	6.3523e-01	3.6477e-01	9.9892e-01	1.0763e-03	3.3677e-12	3.9363e-11	6.4362e-04	9.9301e-01	6.3460e-03	1.1755e-36	6.8963e-01	3.1037e-01	6.4535e-07	1.1755e-36	1.1755e-36	1.1755e-36	2.7589e-17	0.00e+00	0.00e+00	2.0723e+01
5.93904e+18	4.4251e+03	6.935e-22	2.7826e+01	9.9742e+00	7.9888e-08	6.4246e-01	3.5754e-01	9.9893e-01	1.0706e-03	3.3743e-12	4.1262e-11	6.3340e-04	9.9316e-01	6.2023e-03	1.1755e-36	6.9645e-01	3.0355e-01	6.2042e-07	1.1755e-36	1.1755e-36	1.1755e-36	3.0704e-17	0.00e+00	0.00e+00	2.0873e+01
5.94033e+18	4.3676e+03	6.753e-22	2.7826e+01	9.7836e+00	8.8170e-08	6.4931e-01	3.5069e-01	9.9893e-01	1.0659e-03	3.3859e-12	4.3108e-11	6.2347e-04	9.9331e-01	6.0682e-03	1.1755e-36	7.0288e-01	2.9712e-01	5.9715e-07	1.1755e-36	1.1755e-36	1.1755e-36	3.3900e-17	0.00e+00	0.00e+00	2.1016e+01
5.94163e+18	4.2989e+03	6.572e-22	2.7826e+01	9.5860e+00	9.8578e-08	6.5652e-01	3.4348e-01	9.9894e-01	1.0600e-03	3.3909e-12	4.5195e-11	6.1360e-04	9.9346e-01	5.9273e-03	1.1755e-36	7.0963e-01	2.9037e-01	5.7408e-07	1.1755e-36	1.1755e-36	1.1755e-36	3.7792e-17	0.00e+00	0.00e+00	2.1171e+01
5.94294e+18	4.2339e+03	6.392e-22	2.7826e+01	9.3903e+00	1.0934e-07	6.6353e-01	3.3647e-01	9.9894e-01	1.0550e-03	3.4010e-12	4.7272e-11	6.0367e-04	9.9360e-01	5.7925e-03	1.1755e-36	7.1619e-01	2.8381e-01	5.5209e-07	1.1755e-36	1.1755e-36	1.1755e-36	4.1898e-17	0.00e+00	0.00e+00	2.1319e+01
5.94422e+18	4.1722e+03	6.215e-22	2.7826e+01	9.1930e+00	1.2023e-07	6.7019e-01	3.2981e-01	9.9895e-01	1.0512e-03	3.4182e-12	4.9245e-11	5.9348e-04	9.9374e-01	5.6663e-03	1.1755e-36	7.2239e-01	2.7761e-01	5.3155e-07	1.1755e-36	1.1755e-36	1.1755e-36	4.6041e-17	0.00e+00	0.00e+00	2.1471e+01
5.94558e+18	4.0969e+03	6.031e-22	2.7826e+01	8.9859e+00	1.3415e-07	6.7769e-01	3.2231e-01	9.9895e-01	1.0454e-03	3.4253e-12	5.1587e-11	5.8328e-04	9.9389e-01	5.5241e-03	1.1755e-36	7.2936e-01	2.7064e-01	5.0975e-07	1.1755e-36	1.1755e-36	1.1755e-36	5.1262e-17	0.00e+00	0.00e+00	2.1641e+01
5.94697e+18	4.0220e+03	5.846e-22	2.7826e+01	8.7757e+00	1.4876e-07	6.8522e-01	3.1478e-01	9.9896e-01	1.0401e-03	3.4370e-12	5.3915e-11	5.7287e-04	9.9404e-01	5.3839e-03	1.1755e-36	7.3634e-01	2.6366e-01	4.8848e-07	1.1755e-36	1.1755e-36	1.1755e-36	5.6742e-17	0.00e+00	0.00e+00	2.1806e+01
5.94836e+18	3.9517e+03	5.663e-22	2.7826e+01	8.5681e+00	1.6303e-07	6.9248e-01	3.0752e-01	9.9896e-01	1.0358e-03	3.4542e-12	5.6087e-11	5.6242e-04	9.9419e-01	5.2500e-03	1.1755e-36	7.4304e-01	2.5696e-01	4.6827e-07	1.1755e-36	1.1755e-36	1.1755e-36	6.2093e-17	0.00e+00	0.00e+00	2.1976e+01
###########################
1.95937e+14	6.7416e+03	2.483e-21	2.7826e+01	3.0138e+01	5.0411e-14	2.7277e-03	9.9727e-01	1.4728e-02	9.8308e-01	2.1959e-03	3.1233e-17	1.6511e-04	2.1712e-01	7.8202e-01	7.0110e-04	1.5048e-03	5.3829e-01	4.5987e-01	3.3637e-04	1.1755e-36	1.1755e-36	1.9705e-25	0.00e+00	0.00e+00	1.8779e-04
1.17562e+15	6.7395e+03	2.482e-21	2.7826e+01	3.0135e+01	5.0465e-14	2.7270e-03	9.9727e-01	1.4729e-02	9.8308e-01	2.1939e-03	3.1203e-17	1.6497e-04	2.1713e-01	7.8200e-01	7.0189e-04	1.5040e-03	5.3817e-01	4.5999e-01	3.3528e-04	1.1755e-36	1.1755e-36	1.9673e-25	0.00e+00	0.00e+00	9.3874e-04
5.09437e+15	6.7341e+03	2.480e-21	2.7826e+01	3.0135e+01	5.0637e-14	2.7263e-03	9.9727e-01	1.4739e-02	9.8308e-01	2.1789e-03	3.1196e-17	1.6484e-04	2.1725e-01	7.8188e-01	6.9971e-04	1.5040e-03	5.3823e-01	4.5994e-01	3.3039e-04	1.1755e-36	1.1755e-36	1.9639e-25	0.00e+00	0.00e+00	3.9418e-03
2.07694e+16	6.7230e+03	2.472e-21	2.7826e+01	3.0134e+01	5.1093e-14	2.7264e-03	9.9727e-01	1.4782e-02	9.8311e-01	2.1038e-03	3.1315e-17	1.6541e-04	2.1780e-01	7.8134e-01	6.9252e-04	1.5071e-03	5.3890e-01	4.5929e-01	3.1125e-04	1.1755e-36	1.1755e-36	1.9647e-25	0.00e+00	0.00e+00	1.5954e-02
4.96114e+16	6.6771e+03	2.447e-21	2.7826e+01	3.0134e+01	5.1887e-14	2.7033e-03	9.9730e-01	1.4799e-02	9.8315e-01	2.0522e-03	3.0726e-17	1.6482e-04	2.1816e-01	7.8099e-01	6.8478e-04	1.4969e-03	5.3919e-01	4.5903e-01	2.8645e-04	1.1755e-36	1.1755e-36	1.8940e-25	0.00e+00	0.00e+00	3.1438e-02
8.71059e+16	6.6281e+03	2.420e-21	2.7826e+01	3.0135e+01	5.3071e-14	2.6853e-03	9.9731e-01	1.4847e-02	9.8323e-01	1.9274e-03	3.0386e-17	1.6486e-04	2.1887e-01	7.8030e-01	6.7187e-04	1.4926e-03	5.4037e-01	4.5788e-01	2.5559e-04	1.1755e-36	1.1755e-36	1.8420e-25	0.00e+00	0.00e+00	5.1433e-02
1.35849e+17	6.5751e+03	2.391e-21	2.7826e+01	3.0134e+01	5.4550e-14	2.6709e-03	9.9733e-01	1.4926e-02	9.8334e-01	1.7340e-03	3.0176e-17	1.6536e-04	2.1994e-01	7.7924e-01	6.5384e-04	1.4937e-03	5.4255e-01	4.5574e-01	2.1920e-04	1.1755e-36	1.1755e-36	1.7944e-25	0.00e+00	0.00e+00	7.7288e-02
1.99215e+17	6.5166e+03	2.360e-21	2.7826e+01	3.0134e+01	5.6599e-14	2.6610e-03	9.9734e-01	1.5049e-02	9.8348e-01	1.4763e-03	3.0214e-17	1.6635e-04	2.2151e-01	7.7769e-01	6.3044e-04	1.5016e-03	5.4597e-01	4.5235e-01	1.7851e-04	1.1755e-36	1.1755e-36	1.7619e-25	0.00e+00	0.00e+00	1.1077e-01
2.81590e+17	6.4529e+03	2.325e-21	2.7826e+01	3.0133e+01	5.9194e-14	2.6571e-03	9.9734e-01	1.5228e-02	9.8360e-01	1.1702e-03	3.0489e-17	1.6805e-04	2.2376e-01	7.7547e-01	6.0199e-04	1.5184e-03	5.5098e-01	4.4737e-01	1.3591e-04	1.1755e-36	1.1755e-36	1.7379e-25	0.00e+00	0.00e+00	1.5424e-01
3.88679e+17	6.3848e+03	2.287e-21	2.7826e+01	3.0131e+01	6.2586e-14	2.6624e-03	9.9734e-01	1.5488e-02	9.8367e-01	8.4629e-04	3.1151e-17	1.7078e-04	2.2693e-01	7.7233e-01	5.6935e-04	1.5472e-03	5.5791e-01	4.4044e-01	9.4848e-05	1.1755e-36	1.1755e-36	1.7322e-25	0.00e+00	0.00e+00	2.1086e-01
5.27893e+17	6.3137e+03	2.247e-21	2.7826e+01	3.0129e+01	6.7076e-14	2.6819e-03	9.9732e-01	1.5864e-02	9.8359e-01	5.4533e-04	3.2403e-17	1.7503e-04	2.3140e-01	7.6789e-01	5.3373e-04	1.5928e-03	5.6721e-01	4.3113e-01	5.9221e-05	1.1755e-36	1.1755e-36	1.7552e-25	0.00e+00	0.00e+00	2.8501e-01
7.08873e+17	6.2430e+03	2.206e-21	2.7826e+01	3.0126e+01	7.3060e-14	2.7232e-03	9.9728e-01	1.6411e-02	9.8328e-01	3.0468e-04	3.4577e-17	1.8159e-04	2.3775e-01	7.6157e-01	4.9600e-04	1.6630e-03	5.7947e-01	4.1884e-01	3.2116e-05	1.1755e-36	1.1755e-36	1.8230e-25	0.00e+00	0.00e+00	3.8289e-01
9.44146e+17	6.1772e+03	2.165e-21	2.7826e+01	3.0122e+01	8.1221e-14	2.7990e-03	9.9720e-01	1.7228e-02	9.8263e-01	1.4314e-04	3.8309e-17	1.9156e-04	2.4690e-01	7.5246e-01	4.5585e-04	1.7708e-03	5.9559e-01	4.0262e-01	1.4596e-05	1.1755e-36	1.1755e-36	1.9673e-25	0.00e+00	0.00e+00	5.1367e-01
1.25000e+18	6.1284e+03	2.126e-21	2.7826e+01	3.0113e+01	9.2313e-14	2.9293e-03	9.9707e-01	1.8462e-02	9.8148e-01	5.4690e-05	4.4883e-17	2.0754e-04	2.6027e-01	7.3911e-01	4.1180e-04	1.9389e-03	6.1714e-01	3.8092e-01	5.3317e-06	1.1755e-36	1.1755e-36	2.2555e-25	0.00e+00	0.00e+00	6.9161e-01
1.64761e+18	6.1075e+03	2.094e-21	2.7826e+01	3.0102e+01	1.0846e-13	3.1541e-03	9.9685e-01	2.0457e-02	9.7953e-01	1.6434e-05	5.7361e-17	2.3320e-04	2.8057e-01	7.1884e-01	3.6073e-04	2.2134e-03	6.4653e-01	3.5125e-01	1.4917e-06	1.1755e-36	1.1755e-36	2.8480e-25	0.00e+00	0.00e+00	9.4067e-01
2.06623e+18	6.1136e+03	2.070e-21	2.7826e+01	3.0087e+01	1.2710e-13	3.4359e-03	9.9656e-01	2.2995e-02	9.7700e-01	4.7414e-06	7.5172e-17	2.6503e-04	3.0468e-01	6.9474e-01	3.1268e-04	2.5577e-03	6.7793e-01	3.1952e-01	4.0195e-07	1.1755e-36	1.1755e-36	3.7216e-25	0.00e+00	0.00e+00	1.1747e+00
2.41499e+18	6.1597e+03	2.066e-21	2.7826e+01	3.0073e+01	1.4486e-13	3.7509e-03	9.9625e-01	2.5815e-02	9.7418e-01	1.8247e-06	9.8617e-17	2.9931e-04	3.2924e-01	6.7018e-01	2.7400e-04	2.9372e-03	7.0642e-01	2.9064e-01	1.4116e-07	1.1755e-36	1.1755e-36	4.9458e-25	0.00e+00	0.00e+00	1.3789e+00
2.71072e+18	6.2246e+03	2.073e-21	2.7826e+01	3.0054e+01	1.6374e-13	4.1002e-03	9.9590e-01	2.8969e-02	9.7103e-01	8.6022e-07	1.2993e-16	3.3653e-04	3.5457e-01	6.4485e-01	2.4093e-04	3.3587e-03	7.3293e-01	2.6371e-01	1.1755e-36	1.1755e-36	1.1755e-36	6.6690e-25	0.00e+00	0.00e+00	1.5818e+00
2.99074e+18	6.2988e+03	2.087e-21	2.7826e+01	3.0032e+01	1.8756e-13	4.5181e-03	9.9548e-01	3.2868e-02	9.6713e-01	4.3901e-07	1.7548e-16	3.7984e-04	3.8310e-01	6.1631e-01	2.0929e-04	3.8682e-03	7.5991e-01	2.3623e-01	1.1755e-36	1.1755e-36	1.1755e-36	9.3006e-25	0.00e+00	0.00e+00	1.8027e+00
3.26278e+18	6.3809e+03	2.109e-21	2.7826e+01	3.0004e+01	2.1813e-13	5.0271e-03	9.9497e-01	3.7855e-02	9.6214e-01	2.3676e-07	2.4314e-16	4.3126e-04	4.1582e-01	5.8357e-01	1.7854e-04	4.4970e-03	7.8759e-01	2.0791e-01	1.1755e-36	1.1755e-36	1.1755e-36	1.3390e-24	0.00e+00	0.00e+00	2.0374e+00
3.51511e+18	6.4619e+03	2.138e-21	2.7826e+01	2.9972e+01	2.5770e-13	5.6266e-03	9.9437e-01	4.4102e-02	9.5590e-01	1.3762e-07	3.4154e-16	4.8962e-04	4.5185e-01	5.4751e-01	1.4995e-04	5.2465e-03	8.1453e-01	1.8022e-01	1.1755e-36	1.1755e-36	1.1755e-36	1.9645e-24	0.00e+00	0.00e+00	2.2736e+00
3.73997e+18	6.5491e+03	2.169e-21	2.7826e+01	2.9934e+01	3.0367e-13	6.2969e-03	9.9370e-01	5.1680e-02	9.4832e-01	8.6802e-08	4.7803e-16	5.5233e-04	4.8951e-01	5.0981e-01	1.2470e-04	6.0954e-03	8.3935e-01	1.5456e-01	1.1755e-36	1.1755e-36	1.1755e-36	2.8827e-24	0.00e+00	0.00e+00	2.5069e+00
3.94127e+18	6.6243e+03	2.204e-21	2.7826e+01	2.9893e+01	3.6307e-13	7.0573e-03	9.9294e-01	6.1089e-02	9.3891e-01	5.8164e-08	6.6901e-16	6.1975e-04	5.2900e-01	4.7028e-01	1.0215e-04	7.0662e-03	8.6205e-01	1.3089e-01	1.1755e-36	1.1755e-36	1.1755e-36	4.2374e-24	0.00e+00	0.00e+00	2.7447e+00
4.12615e+18	6.6970e+03	2.241e-21	2.7826e+01	2.9846e+01	4.3848e-13	7.9325e-03	9.9207e-01	7.3087e-02	9.2691e-01	4.0578e-08	9.4055e-16	6.9281e-04	5.7068e-01	4.2854e-01	8.1952e-05	8.1912e-03	8.8289e-01	1.0892e-01	1.1755e-36	1.1755e-36	1.1755e-36	6.2818e-24	0.00e+00	0.00e+00	2.9927e+00
4.28338e+18	6.7470e+03	2.281e-21	2.7826e+01	2.9777e+01	5.3291e-13	8.8714e-03	9.9113e-01	8.7215e-02	9.1278e-01	3.0050e-08	1.2925e-15	7.6417e-04	6.1097e-01	3.8820e-01	6.5414e-05	9.4003e-03	9.0031e-01	9.0285e-02	1.1755e-36	1.1755e-36	1.1755e-36	9.0768e-24	0.00e+00	0.00e+00	3.2055e+00
4.40946e+18	6.7981e+03	2.314e-21	2.7826e+01	2.9717e+01	6.2975e-13	9.7852e-03	9.9021e-01	1.0292e-01	8.9708e-01	2.3611e-08	1.7058e-15	8.2912e-04	6.4689e-01	3.5223e-01	5.2752e-05	1.0582e-02	9.1391e-01	7.5508e-02	1.1755e-36	1.1755e-36	1.1755e-36	1.2554e-23	0.00e+00	0.00e+00	3.4043e+00
4.52461e+18	6.8273e+03	2.348e-21	2.7826e+01	2.9639e+01	7.5809e-13	1.0800e-02	9.8920e-01	1.2214e-01	8.7786e-01	1.8701e-08	2.2471e-15	8.9441e-04	6.8247e-01	3.1659e-01	4.1790e-05	1.1894e-02	9.2573e-01	6.2380e-02	1.1755e-36	1.1755e-36	1.1755e-36	1.7332e-23	0.00e+00	0.00e+00	3.6219e+00
4.63854e+18	6.8772e+03	2.380e-21	2.7826e+01	2.9573e+01	9.1085e-13	1.1988e-02	9.8801e-01	1.4871e-01	8.5129e-01	1.4887e-08	3.0084e-15	9.6383e-04	7.1991e-01	2.7909e-01	3.1939e-05	1.3431e-02	9.3660e-01	4.9969e-02	1.1755e-36	1.1755e-36	1.1755e-36	2.4501e-23	0.00e+00	0.00e+00	3.8603e+00
4.74540e+18	6.8967e+03	2.414e-21	2.7826e+01	2.9432e+01	1.1276e-12	1.3362e-02	9.8664e-01	1.8369e-01	8.1631e-01	1.1798e-08	4.0435e-15	1.0340e-03	7.5718e-01	2.4176e-01	2.3617e-05	1.5204e-02	9.4582e-01	3.8976e-02	1.1755e-36	1.1755e-36	1.1755e-36	3.4663e-23	0.00e+00	0.00e+00	4.0963e+00
4.83774e+18	6.9181e+03	2.441e-21	2.7826e+01	2.9288e+01	1.3768e-12	1.4795e-02	9.8520e-01	2.2690e-01	7.7310e-01	9.4871e-09	5.3400e-15	1.0967e-03	7.9050e-01	2.0839e-01	1.7319e-05	1.7049e-02	9.5286e-01	3.0094e-02	1.1755e-36	1.1755e-36	1.1755e-36	4.8110e-23	0.00e+00	0.00e+00	4.3151e+00
4.90665e+18	6.9332e+03	2.462e-21	2.7826e+01	2.9157e+01	1.6204e-12	1.6061e-02	9.8394e-01	2.7163e-01	7.2837e-01	7.9510e-09	6.6819e-15	1.1444e-03	8.1574e-01	1.8310e-01	1.3234e-05	1.8675e-02	9.5740e-01	2.3922e-02	1.1755e-36	1.1755e-36	1.1755e-36	6.2584e-23	0.00e+00	0.00e+00	4.4665e+00
4.95389e+18	6.9397e+03	2.473e-21	2.7826e+01	2.9030e+01	1.8294e-12	1.7039e-02	9.8296e-01	3.1050e-01	6.8950e-01	6.9066e-09	7.8604e-15	1.1761e-03	8.3288e-01	1.6593e-01	1.0749e-05	1.9928e-02	9.6009e-01	1.9980e-02	1.1755e-36	1.1755e-36	1.1755e-36	7.5562e-23	0.00e+00	0.00e+00	4.5887e+00
5.00085e+18	6.9387e+03	2.482e-21	2.7826e+01	2.8894e+01	2.0924e-12	1.8133e-02	9.8187e-01	3.5726e-01	6.4274e-01	5.8631e-09	9.3442e-15	1.2072e-03	8.4951e-01	1.4927e-01	8.5339e-06	2.1324e-02	9.6232e-01	1.6360e-02	1.1755e-36	1.1755e-36	1.1755e-36	9.2233e-23	0.00e+00	0.00e+00	4.7579e+00
5.05383e+18	6.9314e+03	2.494e-21	2.7826e+01	2.8750e+01	2.4688e-12	1.9539e-02	9.8046e-01	4.2100e-01	5.7900e-01	4.7610e-09	1.1511e-14	1.2416e-03	8.6719e-01	1.3156e-01	6.4353e-06	2.3111e-02	9.6417e-01	1.2720e-02	1.1755e-36	1.1755e-36	1.1755e-36	1.1725e-22	0.00e+00	0.00e+00	4.9394e+00
5.10249e+18	6.9265e+03	2.498e-21	2.7826e+01	2.8561e+01	2.8909e-12	2.0986e-02	9.7901e-01	4.9143e-01	5.0857e-01	3.8028e-09	1.4070e-14	1.2693e-03	8.8217e-01	1.1655e-01	4.8520e-06	2.4942e-02	9.6528e-01	9.7790e-03	1.1755e-36	1.1755e-36	1.1755e-36	1.4724e-22	0.00e+00	0.00e+00	5.1033e+00
5.14465e+18	6.9173e+03	2.497e-21	2.7826e+01	2.8355e+01	3.3494e-12	2.2391e-02	9.7761e-01	5.6095e-01	4.3905e-01	3.0138e-09	1.6889e-14	1.2901e-03	8.9393e-01	1.0478e-01	3.7235e-06	2.6716e-02	9.6571e-01	7.5783e-03	1.1755e-36	1.1755e-36	1.1755e-36	1.8070e-22	0.00e+00	0.00e+00	5.2601e+00
5.19048e+18	6.8992e+03	2.495e-21	2.7826e+01	2.8127e+01	3.9964e-12	2.4140e-02	9.7586e-01	6.4201e-01	3.5799e-01	2.2286e-09	2.0866e-14	1.3107e-03	9.0527e-01	9.3420e-02	2.7255e-06	2.8910e-02	9.6551e-01	5.5819e-03	1.1755e-36	1.1755e-36	1.1755e-36	2.2932e-22	0.00e+00	0.00e+00	5.4799e+00
5.25007e+18	6.8788e+03	2.481e-21	2.7826e+01	2.7727e+01	5.0427e-12	2.6677e-02	9.7332e-01	7.4375e-01	2.5625e-01	1.3917e-09	2.7393e-14	1.3277e-03	9.1700e-01	8.1671e-02	1.7933e-06	3.2083e-02	9.6429e-01	3.6290e-03	1.1755e-36	1.1755e-36	1.1755e-36	3.1244e-22	0.00e+00	0.00e+00	5.7956e+00
5.31564e+18	6.8502e+03	2.482e-21	2.7826e+01	2.7397e+01	6.7422e-12	3.0247e-02	9.6975e-01	8.4062e-01	1.5938e-01	7.5939e-10	3.7876e-14	1.3475e-03	9.2719e-01	7.1461e-02	1.0985e-06	3.6515e-02	9.6134e-01	2.1469e-03	1.1755e-36	1.1755e-36	1.1755e-36	4.6255e-22	0.00e+00	0.00e+00	6.1344e+00
5.37902e+18	6.8251e+03	2.497e-21	2.7826e+01	2.7170e+01	9.2138e-12	3.4753e-02	9.6525e-01	9.0716e-01	9.2836e-02	3.9464e-10	5.2891e-14	1.3677e-03	9.3501e-01	6.3626e-02	6.6136e-07	4.2081e-02	9.5668e-01	1.2391e-03	1.1755e-36	1.1755e-36	1.1755e-36	7.1525e-22	0.00e+00	0.00e+00	6.5192e+00
5.45149e+18	6.8127e+03	2.512e-21	2.7826e+01	2.6857e+01	1.3352e-11	4.1284e-02	9.5872e-01	9.5164e-01	4.8361e-02	1.7985e-10	7.7821e-14	1.3844e-03	9.4218e-01	5.6435e-02	3.6022e-07	5.0118e-02	9.4924e-01	6.4422e-04	1.1755e-36	1.1755e-36	1.1755e-36	1.2207e-21	0.00e+00	0.00e+00	7.1134e+00
5.52515e+18	6.7948e+03	2.542e-21	2.7826e+01	2.6592e+01	2.0994e-11	5.0936e-02	9.4906e-01	9.7532e-01	2.4683e-02	8.1331e-11	1.2248e-13	1.4025e-03	9.4879e-01	4.9812e-02	1.8806e-07	6.1945e-02	9.3773e-01	3.2141e-04	1.1755e-36	1.1755e-36	1.1755e-36	2.3603e-21	0.00e+00	0.00e+00	7.6986e+00
5.58555e+18	6.7834e+03	2.548e-21	2.7826e+01	2.6186e+01	3.2167e-11	6.2199e-02	9.3780e-01	9.8555e-01	1.4454e-02	4.3392e-11	1.8615e-13	1.4073e-03	9.5411e-01	4.4481e-02	1.1755e-36	7.5687e-02	9.2414e-01	1.7686e-04	1.1755e-36	1.1755e-36	1.1755e-36	4.3839e-21	0.00e+00	0.00e+00	8.3043e+00
5.63825e+18	6.7665e+03	2.547e-21	2.7826e+01	2.5812e+01	4.9881e-11	7.6248e-02	9.2375e-01	9.9082e-01	9.1844e-03	2.5501e-11	2.8525e-13	1.4098e-03	9.5909e-01	3.9502e-02	1.1755e-36	9.2732e-02	9.0717e-01	1.0179e-04	1.1755e-36	1.1755e-36	1.1755e-36	8.3017e-21	0.00e+00	0.00e+00	8.9737e+00
5.67982e+18	6.7491e+03	2.528e-21	2.7826e+01	2.5374e+01	7.5069e-11	9.2050e-02	9.0795e-01	9.9347e-01	6.5333e-03	1.7213e-11	4.2246e-13	1.4042e-03	9.6315e-01	3.5441e-02	1.1755e-36	1.1177e-01	8.8816e-01	6.4233e-05	1.1755e-36	1.1755e-36	1.1755e-36	1.4997e-20	0.00e+00	0.00e+00	9.5103e+00
5.71240e+18	6.7256e+03	2.492e-21	2.7826e+01	2.4910e+01	1.0829e-10	1.0854e-01	8.9146e-01	9.9501e-01	4.9901e-03	1.2628e-11	5.9615e-13	1.3933e-03	9.6661e-01	3.1997e-02	1.1755e-36	1.3150e-01	8.6845e-01	4.3415e-05	1.1755e-36	1.1755e-36	1.1755e-36	2.5219e-20	0.00e+00	0.00e+00	1.0120e+01
5.74178e+18	6.6952e+03	2.436e-21	2.7826e+01	2.4312e+01	1.5707e-10	1.2781e-01	8.7219e-01	9.9606e-01	3.9373e-03	9.6825e-12	8.3764e-13	1.3733e-03	9.6974e-01	2.8888e-02	1.1755e-36	1.5437e-01	8.4560e-01	2.9917e-05	1.1755e-36	1.1755e-36	1.1755e-36	4.2175e-20	0.00e+00	0.00e+00	1.0722e+01
5.76649e+18	6.6564e+03	2.370e-21	2.7826e+01	2.3713e+01	2.2548e-10	1.4913e-01	8.5087e-01	9.9676e-01	3.2360e-03	7.7914e-12	1.1584e-12	1.3510e-03	9.7255e-01	2.6104e-02	1.1755e-36	1.7943e-01	8.2055e-01	2.1325e-05	1.1755e-36	1.1755e-36	1.1755e-36	6.9025e-20	0.00e+00	0.00e+00	1.1315e+01
5.78798e+18	6.6081e+03	2.291e-21	2.7826e+01	2.3054e+01	3.2207e-10	1.7272e-01	8.2728e-01	9.9727e-01	2.7341e-03	6.4907e-12	1.5799e-12	1.3239e-03	9.7509e-01	2.3589e-02	1.1755e-36	2.0686e-01	7.9312e-01	1.5528e-05	1.1755e-36	1.1755e-36	1.1755e-36	1.1079e-19	0.00e+00	0.00e+00	1.1932e+01
5.80780e+18	6.5458e+03	2.193e-21	2.7826e+01	2.2295e+01	4.6688e-10	1.9996e-01	8.0004e-01	9.9765e-01	2.3450e-03	5.5224e-12	2.1577e-12	1.2903e-03	9.7750e-01	2.1208e-02	1.1755e-36	2.3817e-01	7.6182e-01	1.1335e-05	1.1755e-36	1.1755e-36	1.1755e-36	1.7850e-19	0.00e+00	0.00e+00	1.2610e+01
5.82662e+18	6.4638e+03	2.074e-21	2.7826e+01	2.1398e+01	6.9725e-10	2.3230e-01	7.6770e-01	9.9797e-01	2.0311e-03	4.7769e-12	2.9777e-12	1.2483e-03	9.7985e-01	1.8904e-02	1.1755e-36	2.7484e-01	7.2515e-01	8.2123e-06	1.1755e-36	1.1755e-36	1.1755e-36	2.9297e-19	0.00e+00	0.00e+00	1.3359e+01
5.84431e+18	6.3572e+03	1.931e-21	2.7826e+01	2.0346e+01	1.0741e-09	2.7016e-01	7.2984e-01	9.9822e-01	1.7849e-03	4.2269e-12	4.1345e-12	1.1970e-03	9.8208e-01	1.6720e-02	1.1755e-36	3.1706e-01	6.8293e-01	5.9195e-06	1.1755e-36	1.1755e-36	1.1755e-36	4.8703e-19	0.00e+00	0.00e+00	1.4167e+01
5.85940e+18	6.2344e+03	1.781e-21	2.7826e+01	1.9230e+01	1.6425e-09	3.0990e-01	6.9010e-01	9.9839e-01	1.6129e-03	3.8811e-12	5.5944e-12	1.1407e-03	9.8398e-01	1.4876e-02	1.1755e-36	3.6061e-01	6.3939e-01	4.3818e-06	1.1755e-36	1.1755e-36	1.1755e-36	7.8124e-19	0.00e+00	0.00e+00	1.4884e+01
5.87053e+18	6.1175e+03	1.653e-21	2.7826e+01	1.8266e+01	2.3444e-09	3.4451e-01	6.5549e-01	9.9850e-01	1.5036e-03	3.6859e-12	7.0958e-12	1.0909e-03	9.8538e-01	1.3524e-02	1.1755e-36	3.9789e-01	6.0211e-01	3.4577e-06	1.1755e-36	1.1755e-36	1.1755e-36	1.1379e-18	0.00e+00	0.00e+00	1.5433e+01
5.87851e+18	6.0153e+03	1.552e-21	2.7826e+01	1.7498e+01	3.1045e-09	3.7212e-01	6.2788e-01	9.9857e-01	1.4341e-03	3.5749e-12	8.4645e-12	1.0508e-03	9.8639e-01	1.2556e-02	1.1755e-36	4.2721e-01	5.7278e-01	2.8927e-06	1.1755e-36	1.1755e-36	1.1755e-36	1.5095e-18	0.00e+00	0.00e+00	1.5883e+01
5.88508e+18	5.9171e+03	1.464e-21	2.7826e+01	1.6816e+01	3.9858e-09	3.9656e-01	6.0344e-01	9.9862e-01	1.3785e-03	3.4915e-12	9.8179e-12	1.0150e-03	9.8723e-01	1.1757e-02	1.1755e-36	4.5288e-01	5.4712e-01	2.4828e-06	1.1755e-36	1.1755e-36	1.1755e-36	1.9206e-18	0.00e+00	0.00e+00	1.6320e+01
5.89131e+18	5.8107e+03	1.377e-21	2.7826e+01	1.6128e+01	5.1428e-09	4.2121e-01	5.7879e-01	9.9867e-01	1.3293e-03	3.4251e-12	1.1334e-11	9.7858e-04	9.8801e-01	1.1007e-02	1.1755e-36	4.7847e-01	5.2152e-01	2.1382e-06	1.1755e-36	1.1755e-36	1.1755e-36	2.4348e-18	0.00e+00	0.00e+00	1.6778e+01
5.89730e+18	5.6955e+03	1.289e-21	2.7826e+01	1.5427e+01	6.6941e-09	4.4631e-01	5.5369e-01	9.9871e-01	1.2858e-03	3.3770e-12	1.3060e-11	9.4117e-04	9.8876e-01	1.0302e-02	1.1755e-36	5.0426e-01	4.9574e-01	1.8448e-06	1.1755e-36	1.1755e-36	1.1755e-36	3.0933e-18	0.00e+00	0.00e+00	1.7233e+01
5.90276e+18	5.5758e+03	1.208e-21	2.7826e+01	1.4759e+01	8.6926e-09	4.7046e-01	5.2954e-01	9.9875e-01	1.2495e-03	3.3450e-12	1.4933e-11	9.0549e-04	9.8942e-01	9.6711e-03	1.1755e-36	5.2880e-01	4.7120e-01	1.6073e-06	1.1755e-36	1.1755e-36	1.1755e-36	3.9049e-18	0.00e+00	0.00e+00	1.7655e+01
5.90756e+18	5.4596e+03	1.135e-21	2.7826e+01	1.4143e+01	1.1119e-08	4.9260e-01	5.0740e-01	9.9878e-01	1.2204e-03	3.3293e-12	1.6869e-11	8.7238e-04	9.9000e-01	9.1267e-03	1.1755e-36	5.5107e-01	4.4893e-01	1.4194e-06	1.1755e-36	1.1755e-36	1.1755e-36	4.8596e-18	0.00e+00	0.00e+00	1.8045e+01
5.91085e+18	5.3811e+03	1.087e-21	2.7826e+01	1.3716e+01	1.3140e-08	5.0763e-01	4.9237e-01	9.9879e-01	1.2064e-03	3.3409e-12	1.8316e-11	8.4913e-04	9.9035e-01	8.7969e-03	1.1755e-36	5.6606e-01	4.3394e-01	1.3074e-06	1.1755e-36	1.1755e-36	1.1755e-36	5.6556e-18	0.00e+00	0.00e+00	1.8229e+01
5.91256e+18	5.3317e+03	1.062e-21	2.7826e+01	1.3497e+01	1.4512e-08	5.1597e-01	4.8403e-01	9.9880e-01	1.1966e-03	3.3356e-12	1.9208e-11	8.3750e-04	9.9055e-01	8.6096e-03	1.1755e-36	5.7434e-01	4.2566e-01	1.2500e-06	1.1755e-36	1.1755e-36	1.1755e-36	6.1868e-18	0.00e+00	0.00e+00	1.8351e+01
5.91394e+18	5.2899e+03	1.040e-21	2.7826e+01	1.3307e+01	1.5767e-08	5.2278e-01	4.7722e-01	9.9881e-01	1.1884e-03	3.3329e-12	1.9964e-11	8.2729e-04	9.9072e-01	8.4536e-03	1.1755e-36	5.8108e-01	4.1892e-01	1.2041e-06	1.1755e-36	1.1755e-36	1.1755e-36	6.6616e-18	0.00e+00	0.00e+00	1.8482e+01
5.91555e+18	5.2445e+03	1.015e-21	2.7826e+01	1.3087e+01	1.7304e-08	5.3071e-01	4.6929e-01	9.9882e-01	1.1792e-03	3.3314e-12	2.0886e-11	8.1539e-04	9.9091e-01	8.2718e-03	1.1755e-36	5.8891e-01	4.1109e-01	1.1519e-06	1.1755e-36	1.1755e-36	1.1755e-36	7.2688e-18	0.00e+00	0.00e+00	1.8648e+01
5.91745e+18	5.1867e+03	9.849e-22	2.7826e+01	1.2815e+01	1.9410e-08	5.4002e-01	4.5998e-01	9.9883e-01	1.1697e-03	3.3360e-12	2.2031e-11	8.0063e-04	9.9113e-01	8.0663e-03	1.1755e-36	5.9806e-01	4.0194e-01	1.0939e-06	1.1755e-36	1.1755e-36	1.1755e-36	8.0750e-18	0.00e+00	0.00e+00	1.8839e+01
5.91938e+18	5.1267e+03	9.553e-22	2.7826e+01	1.2547e+01	2.1871e-08	5.4964e-01	4.5036e-01	9.9884e-01	1.1602e-03	3.3400e-12	2.3323e-11	7.8613e-04	9.9135e-01	7.8607e-03	1.1755e-36	6.0748e-01	3.9252e-01	1.0377e-06	1.1755e-36	1.1755e-36	1.1755e-36	9.0505e-18	0.00e+00	0.00e+00	1.9018e+01
5.92113e+18	5.0691e+03	9.288e-22	2.7826e+01	1.2303e+01	2.4484e-08	5.5848e-01	4.4152e-01	9.9885e-01	1.1517e-03	3.3440e-12	2.4616e-11	7.7293e-04	9.9155e-01	7.6762e-03	1.1755e-36	6.1609e-01	3.8390e-01	9.8902e-07	1.1755e-36	1.1755e-36	1.1755e-36	1.0101e-17	0.00e+00	0.00e+00	1.9180e+01
5.92272e+18	5.0105e+03	9.048e-22	2.7826e+01	1.2077e+01	2.7375e-08	5.6678e-01	4.3322e-01	9.9886e-01	1.1435e-03	3.3450e-12	2.5957e-11	7.6090e-04	9.9173e-01	7.5048e-03	1.1755e-36	6.2417e-01	3.7583e-01	9.4586e-07	1.1755e-36	1.1755e-36	1.1755e-36	1.1275e-17	0.00e+00	0.00e+00	1.9333e+01
5.92423e+18	4.9549e+03	8.823e-22	2.7826e+01	1.1868e+01	3.0434e-08	5.7472e-01	4.2528e-01	9.9886e-01	1.1358e-03	3.3451e-12	2.7227e-11	7.4973e-04	9.9191e-01	7.3369e-03	1.1755e-36	6.3185e-01	3.6815e-01	9.0633e-07	1.1755e-36	1.1755e-36	1.1755e-36	1.2433e-17	0.00e+00	0.00e+00	1.9481e+01
5.92568e+18	4.9004e+03	8.602e-22	2.7826e+01	1.1656e+01	3.3728e-08	5.8230e-01	4.1770e-01	9.9887e-01	1.1290e-03	3.3502e-12	2.8465e-11	7.3837e-04	9.9208e-01	7.1776e-03	1.1755e-36	6.3917e-01	3.6082e-01	8.6976e-07	1.1755e-36	1.1755e-36	1.1755e-36	1.3630e-17	0.00e+00	0.00e+00	1.9630e+01
5.92715e+18	4.8436e+03	8.380e-22	2.7826e+01	1.1443e+01	3.7527e-08	5.9007e-01	4.0993e-01	9.9888e-01	1.1219e-03	3.3544e-12	2.9816e-11	7.2699e-04	9.9226e-01	7.0159e-03	1.1755e-36	6.4665e-01	3.5335e-01	8.3387e-07	1.1755e-36	1.1755e-36	1.1755e-36	1.5019e-17	0.00e+00	0.00e+00	1.9784e+01
5.92863e+18	4.7904e+03	8.153e-22	2.7826e+01	1.1217e+01	4.1496e-08	5.9746e-01	4.0254e-01	9.9888e-01	1.1167e-03	3.3703e-12	3.1121e-11	7.1467e-04	9.9242e-01	6.8666e-03	1.1755e-36	6.5373e-01	3.4627e-01	8.0033e-07	1.1755e-36	1.1755e-36	1.1755e-36	1.6452e-17	0.00e+00	0.00e+00	1.9938e+01
5.93014e+18	4.7272e+03	7.930e-22	2.7826e+01	1.0999e+01	4.6618e-08	6.0559e-01	3.9441e-01	9.9889e-01	1.1092e-03	3.3729e-12	3.2726e-11	7.0313e-04	9.9260e-01	6.7006e-03	1.1755e-36	6.6151e-01	3.3848e-01	7.6590e-07	1.1755e-36	1.1755e-36	1.1755e-36	1.8327e-17	0.00e+00	0.00e+00	2.0102e+01
5.93161e+18	4.6664e+03	7.715e-22	2.7826e+01	1.0784e+01	5.2103e-08	6.1335e-01	3.8665e-01	9.9890e-01	1.1030e-03	3.3812e-12	3.4332e-11	6.9165e-04	9.9276e-01	6.5467e-03	1.1755e-36	6.6890e-01	3.3109e-01	7.3427e-07	1.1755e-36	1.1755e-36	1.1755e-36	2.0342e-17	0.00e+00	0.00e+00	2.0253e+01
5.93297e+18	4.6077e+03	7.516e-22	2.7826e+01	1.0581e+01	5.7936e-08	6.2059e-01	3.7941e-01	9.9890e-01	1.0974e-03	3.3896e-12	3.5925e-11	6.8086e-04	9.9291e-01	6.4042e-03	1.1755e-36	6.7579e-01	3.2421e-01	7.0585e-07	1.1755e-36	1.1755e-36	1.1755e-36	2.2480e-17	0.00e+00	0.00e+00	2.0398e+01
5.93429e+18	4.5491e+03	7.324e-22	2.7826e+01	1.0384e+01	6.4323e-08	6.2769e-01	3.7231e-01	9.9891e-01	1.0918e-03	3.3974e-12	3.7578e-11	6.7043e-04	9.9306e-01	6.2655e-03	1.1755e-36	6.8252e-01	3.1748e-01	6.7899e-07	1.1755e-36	1.1755e-36	1.1755e-36	2.4846e-17	0.00e+00	0.00e+00	2.0543e+01
5.93562e+18	4.4891e+03	7.133e-22	2.7826e+01	1.0187e+01	7.1486e-08	6.3482e-01	3.6518e-01	9.9891e-01	1.0862e-03	3.4056e-12	3.9333e-11	6.6002e-04	9.9321e-01	6.1275e-03	1.1755e-36	6.8925e-01	3.1075e-01	6.5295e-07	1.1755e-36	1.1755e-36	1.1755e-36	2.7522e-17	0.00e+00	0.00e+00	2.0692e+01
5.93695e+18	4.4239e+03	6.945e-22	2.7826e+01	9.9857e+00	7.9905e-08	6.4205e-01	3.5795e-01	9.9892e-01	1.0804e-03	3.4122e-12	4.1231e-11	6.4956e-04	9.9336e-01	5.9888e-03	1.1755e-36	6.9607e-01	3.0392e-01	6.2772e-07	1.1755e-36	1.1755e-36	1.1755e-36	3.0630e-17	0.00e+00	0.00e+00	2.0841e+01
5.93824e+18	4.3663e+03	6.762e-22	2.7826e+01	9.7949e+00	8.8189e-08	6.4891e-01	3.5109e-01	9.9892e-01	1.0757e-03	3.4239e-12	4.3075e-11	6.3946e-04	9.9350e-01	5.8596e-03	1.1755e-36	7.0251e-01	2.9749e-01	6.0417e-07	1.1755e-36	1.1755e-36	1.1755e-36	3.3821e-17	0.00e+00	0.00e+00	2.0985e+01
5.93954e+18	4.2977e+03	6.581e-22	2.7826e+01	9.5970e+00	9.8600e-08	6.5612e-01	3.4388e-01	9.9893e-01	1.0698e-03	3.4289e-12	4.5163e-11	6.2933e-04	9.9365e-01	5.7235e-03	1.1755e-36	7.0927e-01	2.9073e-01	5.8081e-07	1.1755e-36	1.1755e-36	1.1755e-36	3.7705e-17	0.00e+00	0.00e+00	2.1139e+01
5.94085e+18	4.2327e+03	6.401e-22	2.7826e+01	9.4012e+00	1.0936e-07	6.6314e-01	3.3686e-01	9.9894e-01	1.0647e-03	3.4391e-12	4.7238e-11	6.1919e-04	9.9379e-01	5.5936e-03	1.1755e-36	7.1584e-01	2.8416e-01	5.5856e-07	1.1755e-36	1.1755e-36	1.1755e-36	4.1802e-17	0.00e+00	0.00e+00	2.1287e+01
5.94213e+18	4.1711e+03	6.223e-22	2.7826e+01	9.2037e+00	1.2026e-07	6.6981e-01	3.3019e-01	9.9894e-01	1.0608e-03	3.4564e-12	4.9211e-11	6.0880e-04	9.9392e-01	5.4718e-03	1.1755e-36	7.2204e-01	2.7796e-01	5.3776e-07	1.1755e-36	1.1755e-36	1.1755e-36	4.5939e-17	0.00e+00	0.00e+00	2.1439e+01
5.94348e+18	4.0957e+03	6.040e-22	2.7826e+01	8.9963e+00	1.3418e-07	6.7732e-01	3.2268e-01	9.9895e-01	1.0549e-03	3.4636e-12	5.1554e-11	5.9836e-04	9.9407e-01	5.3342e-03	1.1755e-36	7.2903e-01	2.7097e-01	5.1570e-07	1.1755e-36	1.1755e-36	1.1755e-36	5.1151e-17	0.00e+00	0.00e+00	2.1609e+01
5.94488e+18	4.0210e+03	5.854e-22	2.7826e+01	8.7860e+00	1.4879e-07	6.8485e-01	3.1515e-01	9.9895e-01	1.0496e-03	3.4754e-12	5.3881e-11	5.8772e-04	9.9421e-01	5.1991e-03	1.1755e-36	7.3601e-01	2.6399e-01	4.9417e-07	1.1755e-36	1.1755e-36	1.1755e-36	5.6620e-17	0.00e+00	0.00e+00	2.1774e+01
5.94627e+18	3.9507e+03	5.671e-22	2.7826e+01	8.5782e+00	1.6307e-07	6.9212e-01	3.0788e-01	9.9895e-01	1.0453e-03	3.4927e-12	5.6054e-11	5.7707e-04	9.9435e-01	5.0698e-03	1.1755e-36	7.4272e-01	2.5728e-01	4.7371e-07	1.1755e-36	1.1755e-36	1.1755e-36	6.1964e-17	0.00e+00	0.00e+00	2.1944e+01
###########################
1.95937e+14	6.7416e+03	2.483e-21	2.7826e+01	3.0138e+01	5.0409e-14	2.7277e-03	9.9727e-01	1.4728e-02	9.8308e-01	2.1959e-03	3.1232e-17	1.6511e-04	2.1711e-01	7.8202e-01	7.0110e-04	1.5048e-03	5.3829e-01	4.5987e-01	3.3637e-04	1.1755e-36	1.1755e-36	1.9704e-25	0.00e+00	0.00e+00	1.8779e-04
1.17562e+15	6.7394e+03	2.482e-21	2.7826e+01	3.0135e+01	5.0465e-14	2.7270e-03	9.9727e-01	1.4729e-02	9.8308e-01	2.1939e-03	3.1202e-17	1.6497e-04	2.1713e-01	7.8200e-01	7.0188e-04	1.5040e-03	5.3817e-01	4.5999e-01	3.3528e-04	1.1755e-36	1.1755e-36	1.9672e-25	0.00e+00	0.00e+00	9.3874e-04
5.09437e+15	6.7341e+03	2.480e-21	2.7826e+01	3.0135e+01	5.0637e-14	2.7263e-03	9.9727e-01	1.4739e-02	9.8308e-01	2.1789e-03	3.1195e-17	1.6484e-04	2.1725e-01	7.8188e-01	6.9971e-04	1.5040e-03	5.3823e-01	4.5994e-01	3.3039e-04	1.1755e-36	1.1755e-36	1.9639e-25	0.00e+00	0.00e+00	3.9418e-03
2.07694e+16	6.7230e+03	2.472e-21	2.7826e+01	3.0134e+01	5.1092e-14	2.7264e-03	9.9727e-01	1.4782e-02	9.8311e-01	2.1038e-03	3.1315e-17	1.6541e-04	2.1780e-01	7.8134e-01	6.9252e-04	1.5071e-03	5.3890e-01	4.5929e-01	3.1125e-04	1.1755e-36	1.1755e-36	1.9646e-25	0.00e+00	0.00e+00	1.5954e-02
4.96114e+16	6.6771e+03	2.447e-21	2.7826e+01	3.0134e+01	5.1887e-14	2.7033e-03	9.9730e-01	1.4799e-02	9.8315e-01	2.0522e-03	3.0725e-17	1.6482e-04	2.1816e-01	7.8099e-01	6.8478e-04	1.4969e-03	5.3919e-01	4.5903e-01	2.8645e-04	1.1755e-36	1.1755e-36	1.8940e-25	0.00e+00	0.00e+00	3.1438e-02
8.71059e+16	6.6281e+03	2.420e-21	2.7826e+01	3.0135e+01	5.3070e-14	2.6853e-03	9.9731e-01	1.4847e-02	9.8323e-01	1.9274e-03	3.0385e-17	1.6486e-04	2.1887e-01	7.8030e-01	6.7187e-04	1.4926e-03	5.4037e-01	4.5788e-01	2.5559e-04	1.1755e-36	1.1755e-36	1.8419e-25	0.00e+00	0.00e+00	5.1433e-02
1.35849e+17	6.5751e+03	2.391e-21	2.7826e+01	3.0134e+01	5.4549e-14	2.6709e-03	9.9733e-01	1.4926e-02	9.8334e-01	1.7340e-03	3.0175e-17	1.6536e-04	2.1994e-01	7.7924e-01	6.5384e-04	1.4937e-03	5.4255e-01	4.5574e-01	2.1920e-04	1.1755e-36	1.1755e-36	1.7943e-25	0.00e+00	0.00e+00	7.7288e-02
1.99215e+17	6.5166e+03	2.360e-21	2.7826e+01	3.0134e+01	5.6598e-14	2.6610e-03	9.9734e-01	1.5049e-02	9.8348e-01	1.4763e-03	3.0213e-17	1.6635e-04	2.2151e-01	7.7769e-01	6.3044e-04	1.5016e-03	5.4597e-01	4.5235e-01	1.7851e-04	1.1755e-36	1.1755e-36	1.7618e-25	0.00e+00	0.00e+00	1.1077e-01
2.81590e+17	6.4529e+03	2.325e-21	2.7826e+01	3.0133e+01	5.9193e-14	2.6571e-03	9.9734e-01	1.5228e-02	9.8360e-01	1.1702e-03	3.0488e-17	1.6805e-04	2.2376e-01	7.7547e-01	6.0199e-04	1.5184e-03	5.5098e-01	4.4737e-01	1.3591e-04	1.1755e-36	1.1755e-36	1.7379e-25	0.00e+00	0.00e+00	1.5424e-01
3.88679e+17	6.3848e+03	2.287e-21	2.7826e+01	3.0131e+01	6.2585e-14	2.6624e-03	9.9734e-01	1.5488e-02	9.8367e-01	8.4629e-04	3.1151e-17	1.7078e-04	2.2693e-01	7.7233e-01	5.6935e-04	1.5472e-03	5.5791e-01	4.4044e-01	9.4848e-05	1.1755e-36	1.1755e-36	1.7322e-25	0.00e+00	0.00e+00	2.1086e-01
5.27893e+17	6.3137e+03	2.247e-21	2.7826e+01	3.0129e+01	6.7075e-14	2.6819e-03	9.9732e-01	1.5864e-02	9.8359e-01	5.4533e-04	3.2402e-17	1.7503e-04	2.3140e-01	7.6789e-01	5.3373e-04	1.5928e-03	5.6721e-01	4.3113e-01	5.9221e-05	1.1755e-36	1.1755e-36	1.7551e-25	0.00e+00	0.00e+00	2.8501e-01
7.08873e+17	6.2430e+03	2.206e-21	2.7826e+01	3.0126e+01	7.3058e-14	2.7232e-03	9.9728e-01	1.6411e-02	9.8328e-01	3.0468e-04	3.4576e-17	1.8159e-04	2.3775e-01	7.6157e-01	4.9600e-04	1.6630e-03	5.7947e-01	4.1884e-01	3.2116e-05	1.1755e-36	1.1755e-36	1.8229e-25	0.00e+00	0.00e+00	3.8289e-01
9.44146e+17	6.1772e+03	2.165e-21	2.7826e+01	3.0122e+01	8.1219e-14	2.7990e-03	9.9720e-01	1.7228e-02	9.8263e-01	1.4314e-04	3.8308e-17	1.9156e-04	2.4690e-01	7.5246e-01	4.5585e-04	1.7708e-03	5.9559e-01	4.0262e-01	1.4596e-05	1.1755e-36	1.1755e-36	1.9672e-25	0.00e+00	0.00e+00	5.1367e-01
1.25000e+18	6.1284e+03	2.126e-21	2.7826e+01	3.0113e+01	9.2311e-14	2.9293e-03	9.9707e-01	1.8462e-02	9.8148e-01	5.4690e-05	4.4881e-17	2.0754e-04	2.6027e-01	7.3911e-01	4.1180e-04	1.9389e-03	6.1714e-01	3.8092e-01	5.3317e-06	1.1755e-36	1.1755e-36	2.2554e-25	0.00e+00	0.00e+00	6.9161e-01
1.64761e+18	6.1075e+03	2.094e-21	2.7826e+01	3.0102e+01	1.0846e-13	3.1541e-03	9.9685e-01	2.0457e-02	9.7953e-01	1.6434e-05	5.7359e-17	2.3320e-04	2.8057e-01	7.1884e-01	3.6073e-04	2.2134e-03	6.4653e-01	3.5126e-01	1.4917e-06	1.1755e-36	1.1755e-36	2.8478e-25	0.00e+00	0.00e+00	9.4067e-01
2.06624e+18	6.1136e+03	2.070e-21	2.7826e+01	3.0087e+01	1.2709e-13	3.4359e-03	9.9656e-01	2.2995e-02	9.7700e-01	4.7414e-06	7.5169e-17	2.6503e-04	3.0468e-01	6.9474e-01	3.1268e-04	2.5577e-03	6.7793e-01	3.1952e-01	4.0195e-07	1.1755e-36	1.1755e-36	3.7213e-25	0.00e+00	0.00e+00	1.1747e+00
2.41500e+18	6.1597e+03	2.066e-21	2.7826e+01	3.0073e+01	1.4486e-13	3.7509e-03	9.9625e-01	2.5815e-02	9.7418e-01	1.8247e-06	9.8613e-17	2.9931e-04	3.2924e-01	6.7018e-01	2.7400e-04	2.9372e-03	7.0642e-01	2.9064e-01	1.4116e-07	1.1755e-36	1.1755e-36	4.9454e-25	0.00e+00	0.00e+00	1.3789e+00
2.71072e+18	6.2246e+03	2.073e-21	2.7826e+01	3.0054e+01	1.6373e-13	4.1002e-03	9.9590e-01	2.8969e-02	9.7103e-01	8.6022e-07	1.2992e-16	3.3653e-04	3.5457e-01	6.4485e-01	2.4093e-04	3.3587e-03	7.3293e-01	2.6371e-01	1.1755e-36	1.1755e-36	1.1755e-36	6.6684e-25	0.00e+00	0.00e+00	1.5818e+00
2.99074e+18	6.2988e+03	2.087e-21	2.7826e+01	3.0032e+01	1.8755e-13	4.5181e-03	9.9548e-01	3.2868e-02	9.6713e-01	4.3901e-07	1.7547e-16	3.7984e-04	3.8310e-01	6.1631e-01	2.0929e-04	3.8682e-03	7.5991e-01	2.3623e-01	1.1755e-36	1.1755e-36	1.1755e-36	9.2998e-25	0.00e+00	0.00e+00	1.8027e+00
3.26278e+18	6.3814e+03	2.109e-21	2.7826e+01	3.0004e+01	2.1801e-13	5.0268e-03	9.9497e-01	3.7853e-02	9.6215e-01	2.3677e-07	2.4310e-16	4.3124e-04	4.1581e-01	5.8358e-01	1.7856e-04	4.4967e-03	7.8758e-01	2.0792e-01	1.1755e-36	1.1755e-36	1.1755e-36	1.3387e-24	0.00e+00	0.00e+00	2.0374e+00
3.51515e+18	6.4620e+03	2.138e-21	2.7826e+01	2.9972e+01	2.5766e-13	5.6266e-03	9.9437e-01	4.4102e-02	9.5590e-01	1.3761e-07	3.4152e-16	4.8962e-04	4.5185e-01	5.4751e-01	1.4995e-04	5.2465e-03	8.1454e-01	1.8022e-01	1.1755e-36	1.1755e-36	1.1755e-36	1.9643e-24	0.00e+00	0.00e+00	2.2737e+00
3.74005e+18	6.5492e+03	2.169e-21	2.7826e+01	2.9934e+01	3.0367e-13	6.2971e-03	9.9370e-01	5.1682e-02	9.4832e-01	8.6787e-08	4.7805e-16	5.5235e-04	4.8952e-01	5.0980e-01	1.2470e-04	6.0957e-03	8.3935e-01	1.5455e-01	1.1755e-36	1.1755e-36	1.1755e-36	2.8827e-24	0.00e+00	0.00e+00	2.5069e+00
3.94132e+18	6.6243e+03	2.204e-21	2.7826e+01	2.9893e+01	3.6306e-13	7.0574e-03	9.9294e-01	6.1091e-02	9.3891e-01	5.8159e-08	6.6900e-16	6.1976e-04	5.2901e-01	4.7027e-01	1.0215e-04	7.0663e-03	8.6205e-01	1.3088e-01	1.1755e-36	1.1755e-36	1.1755e-36	4.2371e-24	0.00e+00	0.00e+00	2.7447e+00
4.12616e+18	6.6970e+03	2.241e-21	2.7826e+01	2.9846e+01	4.3844e-13	7.9324e-03	9.9207e-01	7.3086e-02	9.2691e-01	4.0578e-08	9.4047e-16	6.9281e-04	5.7068e-01	4.2854e-01	8.1953e-05	8.1911e-03	8.8289e-01	1.0892e-01	1.1755e-36	1.1755e-36	1.1755e-36	6.2808e-24	0.00e+00	0.00e+00	2.9927e+00
4.28338e+18	6.7470e+03	2.281e-21	2.7826e+01	2.9777e+01	5.3289e-13	8.8713e-03	9.9113e-01	8.7214e-02	9.1279e-01	3.0049e-08	1.2924e-15	7.6417e-04	6.1097e-01	3.8820e-01	6.5415e-05	9.4002e-03	9.0031e-01	9.0287e-02	1.1755e-36	1.1755e-36	1.1755e-36	9.0752e-24	0.00e+00	0.00e+00	3.2055e+00
4.40947e+18	6.7981e+03	2.314e-21	2.7826e+01	2.9717e+01	6.2971e-13	9.7852e-03	9.9021e-01	1.0292e-01	8.9708e-01	2.3611e-08	1.7057e-15	8.2912e-04	6.4689e-01	3.5223e-01	5.2752e-05	1.0582e-02	9.1391e-01	7.5508e-02	1.1755e-36	1.1755e-36	1.1755e-36	1.2552e-23	0.00e+00	0.00e+00	3.4043e+00
4.52463e+18	6.8273e+03	2.348e-21	2.7826e+01	2.9639e+01	7.5804e-13	1.0800e-02	9.8920e-01	1.2214e-01	8.7786e-01	1.8700e-08	2.2469e-15	8.9442e-04	6.8247e-01	3.1659e-01	4.1790e-05	1.1894e-02	9.2573e-01	6.2379e-02	1.1755e-36	1.1755e-36	1.1755e-36	1.7329e-23	0.00e+00	0.00e+00	3.6219e+00
4.63856e+18	6.8772e+03	2.380e-21	2.7826e+01	2.9573e+01	9.1080e-13	1.1988e-02	9.8801e-01	1.4872e-01	8.5128e-01	1.4886e-08	3.0082e-15	9.6384e-04	7.1991e-01	2.7909e-01	3.1939e-05	1.3432e-02	9.3660e-01	4.9968e-02	1.1755e-36	1.1755e-36	1.1755e-36	2.4498e-23	0.00e+00	0.00e+00	3.8603e+00
4.74541e+18	6.8967e+03	2.414e-21	2.7826e+01	2.9432e+01	1.1276e-12	1.3362e-02	9.8664e-01	1.8369e-01	8.1631e-01	1.1798e-08	4.0436e-15	1.0340e-03	7.5718e-01	2.4176e-01	2.3617e-05	1.5204e-02	9.4582e-01	3.8976e-02	1.1755e-36	1.1755e-36	1.1755e-36	3.4664e-23	0.00e+00	0.00e+00	4.0963e+00
4.83775e+18	6.9181e+03	2.441e-21	2.7826e+01	2.9288e+01	1.3767e-12	1.4795e-02	9.8520e-01	2.2690e-01	7.7310e-01	9.4868e-09	5.3395e-15	1.0967e-03	7.9050e-01	2.0839e-01	1.7320e-05	1.7049e-02	9.5286e-01	3.0094e-02	1.1755e-36	1.1755e-36	1.1755e-36	4.8102e-23	0.00e+00	0.00e+00	4.3150e+00
4.90666e+18	6.9332e+03	2.462e-21	2.7826e+01	2.9157e+01	1.6202e-12	1.6061e-02	9.8394e-01	2.7163e-01	7.2837e-01	7.9508e-09	6.6813e-15	1.1444e-03	8.1574e-01	1.8310e-01	1.3234e-05	1.8674e-02	9.5740e-01	2.3922e-02	1.1755e-36	1.1755e-36	1.1755e-36	6.2573e-23	0.00e+00	0.00e+00	4.4665e+00
4.95391e+18	6.9397e+03	2.473e-21	2.7826e+01	2.9030e+01	1.8292e-12	1.7039e-02	9.8296e-01	3.1050e-01	6.8950e-01	6.9064e-09	7.8597e-15	1.1761e-03	8.3288e-01	1.6593e-01	1.0749e-05	1.9928e-02	9.6009e-01	1.9980e-02	1.1755e-36	1.1755e-36	1.1755e-36	7.5548e-23	0.00e+00	0.00e+00	4.5887e+00
5.00087e+18	6.9387e+03	2.482e-21	2.7826e+01	2.8894e+01	2.0922e-12	1.8133e-02	9.8187e-01	3.5726e-01	6.4274e-01	5.8629e-09	9.3433e-15	1.2072e-03	8.4951e-01	1.4927e-01	8.5338e-06	2.1324e-02	9.6232e-01	1.6360e-02	1.1755e-36	1.1755e-36	1.1755e-36	9.2215e-23	0.00e+00	0.00e+00	4.7579e+00
5.05385e+18	6.9314e+03	2.494e-21	2.7826e+01	2.8750e+01	2.4686e-12	1.9539e-02	9.8046e-01	4.2101e-01	5.7899e-01	4.7609e-09	1.1510e-14	1.2416e-03	8.6719e-01	1.3156e-01	6.4353e-06	2.3111e-02	9.6417e-01	1.2720e-02	1.1755e-36	1.1755e-36	1.1755e-36	1.1722e-22	0.00e+00	0.00e+00	4.9394e+00
5.10251e+18	6.9265e+03	2.498e-21	2.7826e+01	2.8561e+01	2.8906e-12	2.0986e-02	9.7901e-01	4.9143e-01	5.0857e-01	3.8027e-09	1.4068e-14	1.2694e-03	8.8217e-01	1.1655e-01	4.8519e-06	2.4942e-02	9.6528e-01	9.7789e-03	1.1755e-36	1.1755e-36	1.1755e-36	1.4721e-22	0.00e+00	0.00e+00	5.1033e+00
5.14466e+18	6.9173e+03	2.497e-21	2.7826e+01	2.8355e+01	3.3491e-12	2.2391e-02	9.7761e-01	5.6095e-01	4.3905e-01	3.0137e-09	1.6887e-14	1.2901e-03	8.9393e-01	1.0478e-01	3.7235e-06	2.6716e-02	9.6571e-01	7.5782e-03	1.1755e-36	1.1755e-36	1.1755e-36	1.8066e-22	0.00e+00	0.00e+00	5.2601e+00
5.19050e+18	6.8992e+03	2.495e-21	2.7826e+01	2.8127e+01	3.9959e-12	2.4140e-02	9.7586e-01	6.4201e-01	3.5799e-01	2.2285e-09	2.0864e-14	1.3107e-03	9.0527e-01	9.3420e-02	2.7255e-06	2.8910e-02	9.6551e-01	5.5819e-03	1.1755e-36	1.1755e-36	1.1755e-36	2.2926e-22	0.00e+00	0.00e+00	5.4799e+00
5.25009e+18	6.8788e+03	2.481e-21	2.7826e+01	2.7727e+01	5.0421e-12	2.6677e-02	9.7332e-01	7.4375e-01	2.5625e-01	1.3916e-09	2.7389e-14	1.3278e-03	9.1700e-01	8.1671e-02	1.7933e-06	3.2083e-02	9.6429e-01	3.6290e-03	1.1755e-36	1.1755e-36	1.1755e-36	3.1235e-22	0.00e+00	0.00e+00	5.7956e+00
5.31565e+18	6.8503e+03	2.482e-21	2.7826e+01	2.7397e+01	6.7411e-12	3.0247e-02	9.6975e-01	8.4061e-01	1.5939e-01	7.5938e-10	3.7870e-14	1.3476e-03	9.2719e-01	7.1461e-02	1.0985e-06	3.6515e-02	9.6134e-01	2.1469e-03	1.1755e-36	1.1755e-36	1.1755e-36	4.6242e-22	0.00e+00	0.00e+00	6.1344e+00
5.37904e+18	6.8251e+03	2.497e-21	2.7826e+01	2.7170e+01	9.2135e-12	3.4753e-02	9.6525e-01	9.0716e-01	9.2836e-02	3.9462e-10	5.2888e-14	1.3677e-03	9.3501e-01	6.3626e-02	6.6136e-07	4.2081e-02	9.5668e-01	1.2391e-03	1.1755e-36	1.1755e-36	1.1755e-36	7.1518e-22	0.00e+00	0.00e+00	6.5192e+00
5.45151e+18	6.8128e+03	2.512e-21	2.7826e+01	2.6857e+01	1.3350e-11	4.1284e-02	9.5872e-01	9.5164e-01	4.8360e-02	1.7984e-10	7.7822e-14	1.3844e-03	9.4218e-01	5.6435e-02	3.6023e-07	5.0117e-02	9.4924e-01	6.4421e-04	1.1755e-36	1.1755e-36	1.1755e-36	1.2207e-21	0.00e+00	0.00e+00	7.1134e+00
5.52517e+18	6.8002e+03	2.536e-21	2.7826e+01	2.6544e+01	2.0821e-11	5.0820e-02	9.4918e-01	9.7529e-01	2.4711e-02	8.1471e-11	1.2169e-13	1.3999e-03	9.4868e-01	4.9920e-02	1.8887e-07	6.1804e-02	9.3787e-01	3.2186e-04	1.1755e-36	1.1755e-36	1.1755e-36	2.3371e-21	0.00e+00	0.00e+00	7.6974e+00
5.58591e+18	6.7798e+03	2.556e-21	2.7826e+01	2.6262e+01	3.2468e-11	6.2417e-02	9.3758e-01	9.8560e-01	1.4397e-02	4.3096e-11	1.8806e-13	1.4116e-03	9.5426e-01	4.4326e-02	1.1755e-36	7.5949e-02	9.2388e-01	1.7590e-04	1.1755e-36	1.1755e-36	1.1755e-36	4.4560e-21	0.00e+00	0.00e+00	8.3125e+00
5.63847e+18	6.7706e+03	2.544e-21	2.7826e+01	2.5785e+01	4.9739e-11	7.6245e-02	9.2376e-01	9.9082e-01	9.1780e-03	2.5515e-11	2.8498e-13	1.4086e-03	9.5906e-01	3.9533e-02	1.1755e-36	9.2727e-02	9.0717e-01	1.0167e-04	1.1755e-36	1.1755e-36	1.1755e-36	8.2906e-21	0.00e+00	0.00e+00	8.9691e+00
5.67957e+18	6.7501e+03	2.525e-21	2.7826e+01	2.5342e+01	7.4622e-11	9.1803e-02	9.0820e-01	9.9345e-01	6.5465e-03	1.7275e-11	4.1957e-13	1.4027e-03	9.6308e-01	3.5520e-02	1.1755e-36	1.1148e-01	8.8846e-01	6.4518e-05	1.1755e-36	1.1755e-36	1.1755e-36	1.4835e-20	0.00e+00	0.00e+00	9.5044e+00
5.71240e+18	6.7224e+03	2.493e-21	2.7826e+01	2.4909e+01	1.0845e-10	1.0849e-01	8.9151e-01	9.9501e-01	4.9854e-03	1.2610e-11	5.9554e-13	1.3934e-03	9.6661e-01	3.2000e-02	1.1755e-36	1.3144e-01	8.6851e-01	4.3438e-05	1.1755e-36	1.1755e-36	1.1755e-36	2.5171e-20	0.00e+00	0.00e+00	1.0124e+01
5.74205e+18	6.6935e+03	2.438e-21	2.7826e+01	2.4332e+01	1.5788e-10	1.2805e-01	8.7195e-01	9.9607e-01	3.9332e-03	9.6590e-12	8.4184e-13	1.3746e-03	9.6979e-01	2.8840e-02	1.1755e-36	1.5466e-01	8.4531e-01	2.9808e-05	1.1755e-36	1.1755e-36	1.1755e-36	4.2512e-20	0.00e+00	0.00e+00	1.0727e+01
5.76661e+18	6.6564e+03	2.370e-21	2.7826e+01	2.3711e+01	2.2570e-10	1.4920e-01	8.5080e-01	9.9676e-01	3.2350e-03	7.7891e-12	1.1596e-12	1.3509e-03	9.7255e-01	2.6099e-02	1.1755e-36	1.7952e-01	8.2046e-01	2.1304e-05	1.1755e-36	1.1755e-36	1.1755e-36	6.9133e-20	0.00e+00	0.00e+00	1.1311e+01
5.78788e+18	6.6085e+03	2.291e-21	2.7826e+01	2.3059e+01	3.2125e-10	1.7254e-01	8.2746e-01	9.9726e-01	2.7368e-03	6.4974e-12	1.5766e-12	1.3241e-03	9.7507e-01	2.3607e-02	1.1755e-36	2.0666e-01	7.9332e-01	1.5560e-05	1.1755e-36	1.1755e-36	1.1755e-36	1.1043e-19	0.00e+00	0.00e+00	1.1925e+01
5.80772e+18	6.5463e+03	2.194e-21	2.7826e+01	2.2301e+01	4.6556e-10	1.9974e-01	8.0026e-01	9.9765e-01	2.3465e-03	5.5254e-12	2.1526e-12	1.2906e-03	9.7749e-01	2.1223e-02	1.1755e-36	2.3792e-01	7.6207e-01	1.1357e-05	1.1755e-36	1.1755e-36	1.1755e-36	1.7785e-19	0.00e+00	0.00e+00	1.2607e+01
5.82667e+18	6.4639e+03	2.074e-21	2.7826e+01	2.1399e+01	6.9687e-10	2.3225e-01	7.6775e-01	9.9797e-01	2.0304e-03	4.7744e-12	2.9764e-12	1.2484e-03	9.7985e-01	1.8906e-02	1.1755e-36	2.7478e-01	7.2521e-01	8.2121e-06	1.1755e-36	1.1755e-36	1.1755e-36	2.9277e-19	0.00e+00	0.00e+00	1.3361e+01
5.84443e+18	6.3568e+03	1.931e-21	2.7826e+01	2.0343e+01	1.0754e-09	2.7027e-01	7.2973e-01	9.9822e-01	1.7836e-03	4.2235e-12	4.1385e-12	1.1969e-03	9.8209e-01	1.6714e-02	1.1755e-36	3.1719e-01	6.8280e-01	5.9118e-06	1.1755e-36	1.1755e-36	1.1755e-36	4.8775e-19	0.00e+00	0.00e+00	1.4170e+01
5.85950e+18	6.2341e+03	1.781e-21	2.7826e+01	1.9228e+01	1.6442e-09	3.1000e-01	6.9000e-01	9.9839e-01	1.6121e-03	3.8790e-12	5.5985e-12	1.1405e-03	9.8399e-01	1.4873e-02	1.1755e-36	3.6072e-01	6.3928e-01	4.3775e-06	1.1755e-36	1.1755e-36	1.1755e-36	7.8213e-19	0.00e+00	0.00e+00	1.4884e+01
5.87059e+18	6.1176e+03	1.653e-21	2.7826e+01	1.8267e+01	2.3437e-09	3.4449e-01	6.5551e-01	9.9850e-01	1.5032e-03	3.6847e-12	7.0946e-12	1.0910e-03	9.8538e-01	1.3526e-02	1.1755e-36	3.9786e-01	6.0213e-01	3.4574e-06	1.1755e-36	1.1755e-36	1.1755e-36	1.1376e-18	0.00e+00	0.00e+00	1.5432e+01
5.87855e+18	6.0157e+03	1.553e-21	2.7826e+01	1.7500e+01	3.1014e-09	3.7202e-01	6.2798e-01	9.9857e-01	1.4338e-03	3.5738e-12	8.4595e-12	1.0510e-03	9.8639e-01	1.2559e-02	1.1755e-36	4.2711e-01	5.7288e-01	2.8936e-06	1.1755e-36	1.1755e-36	1.1755e-36	1.5080e-18	0.00e+00	0.00e+00	1.5881e+01
5.88513e+18	5.9174e+03	1.464e-21	2.7826e+01	1.6818e+01	3.9828e-09	3.9649e-01	6.0351e-01	9.9862e-01	1.3782e-03	3.4902e-12	9.8136e-12	1.0151e-03	9.8723e-01	1.1759e-02	1.1755e-36	4.5280e-01	5.4719e-01	2.4832e-06	1.1755e-36	1.1755e-36	1.1755e-36	1.9192e-18	0.00e+00	0.00e+00	1.6319e+01
5.89137e+18	5.8108e+03	1.377e-21	2.7826e+01	1.6129e+01	5.1415e-09	4.2118e-01	5.7882e-01	9.9867e-01	1.3289e-03	3.4237e-12	1.1333e-11	9.7863e-04	9.8801e-01	1.1007e-02	1.1755e-36	4.7845e-01	5.2155e-01	2.1378e-06	1.1755e-36	1.1755e-36	1.1755e-36	2.4342e-18	0.00e+00	0.00e+00	1.6778e+01
5.89737e+18	5.6955e+03	1.289e-21	2.7826e+01	1.5427e+01	6.6938e-09	4.4631e-01	5.5369e-01	9.9871e-01	1.2854e-03	3.3756e-12	1.3059e-11	9.4119e-04	9.8876e-01	1.0302e-02	1.1755e-36	5.0426e-01	4.9574e-01	1.8443e-06	1.1755e-36	1.1755e-36	1.1755e-36	3.0932e-18	0.00e+00	0.00e+00	1.7233e+01
5.90282e+18	5.5759e+03	1.208e-21	2.7826e+01	1.4760e+01	8.6909e-09	4.7044e-01	5.2956e-01	9.9875e-01	1.2491e-03	3.3437e-12	1.4932e-11	9.0553e-04	9.8942e-01	9.6715e-03	1.1755e-36	5.2878e-01	4.7122e-01	1.6070e-06	1.1755e-36	1.1755e-36	1.1755e-36	3.9043e-18	0.00e+00	0.00e+00	1.7654e+01
5.90762e+18	5.4598e+03	1.135e-21	2.7826e+01	1.4144e+01	1.1114e-08	4.9256e-01	5.0744e-01	9.9878e-01	1.2201e-03	3.3279e-12	1.6866e-11	8.7244e-04	9.9000e-01	9.1274e-03	1.1755e-36	5.5103e-01	4.4896e-01	1.4193e-06	1.1755e-36	1.1755e-36	1.1755e-36	4.8580e-18	0.00e+00	0.00e+00	1.8044e+01
5.91091e+18	5.3813e+03	1.087e-21	2.7826e+01	1.3717e+01	1.3135e-08	5.0760e-01	4.9240e-01	9.9879e-01	1.2061e-03	3.3395e-12	1.8312e-11	8.4920e-04	9.9035e-01	8.7977e-03	1.1755e-36	5.6603e-01	4.3397e-01	1.3073e-06	1.1755e-36	1.1755e-36	1.1755e-36	5.6535e-18	0.00e+00	0.00e+00	1.8229e+01
5.91262e+18	5.3319e+03	1.062e-21	2.7826e+01	1.3498e+01	1.4506e-08	5.1594e-01	4.8406e-01	9.9880e-01	1.1962e-03	3.3342e-12	1.9204e-11	8.3756e-04	9.9055e-01	8.6103e-03	1.1755e-36	5.7431e-01	4.2569e-01	1.2498e-06	1.1755e-36	1.1755e-36	1.1755e-36	6.1846e-18	0.00e+00	0.00e+00	1.8351e+01
5.91400e+18	5.2900e+03	1.040e-21	2.7826e+01	1.3307e+01	1.5761e-08	5.2275e-01	4.7725e-01	9.9881e-01	1.1881e-03	3.3315e-12	1.9960e-11	8.2735e-04	9.9072e-01	8.4543e-03	1.1755e-36	5.8105e-01	4.1895e-01	1.2039e-06	1.1755e-36	1.1755e-36	1.1755e-36	6.6594e-18	0.00e+00	0.00e+00	1.8481e+01
5.91561e+18	5.2447e+03	1.015e-21	2.7826e+01	1.3088e+01	1.7298e-08	5.3068e-01	4.6932e-01	9.9882e-01	1.1788e-03	3.3300e-12	2.0882e-11	8.1545e-04	9.9091e-01	8.2724e-03	1.1755e-36	5.8888e-01	4.1112e-01	1.1517e-06	1.1755e-36	1.1755e-36	1.1755e-36	7.2663e-18	0.00e+00	0.00e+00	1.8648e+01
5.91751e+18	5.1869e+03	9.850e-22	2.7826e+01	1.2816e+01	1.9403e-08	5.3999e-01	4.6001e-01	9.9883e-01	1.1693e-03	3.3346e-12	2.2027e-11	8.0069e-04	9.9113e-01	8.0669e-03	1.1755e-36	5.9803e-01	4.0197e-01	1.0938e-06	1.1755e-36	1.1755e-36	1.1755e-36	8.0721e-18	0.00e+00	0.00e+00	1.8839e+01
5.91944e+18	5.1269e+03	9.554e-22	2.7826e+01	1.2548e+01	2.1863e-08	5.4961e-01	4.5039e-01	9.9884e-01	1.1598e-03	3.3386e-12	2.3319e-11	7.8619e-04	9.9135e-01	7.8614e-03	1.1755e-36	6.0745e-01	3.9255e-01	1.0376e-06	1.1755e-36	1.1755e-36	1.1755e-36	9.0471e-18	0.00e+00	0.00e+00	1.9018e+01
5.92119e+18	5.0693e+03	9.288e-22	2.7826e+01	1.2303e+01	2.4474e-08	5.5845e-01	4.4155e-01	9.9885e-01	1.1514e-03	3.3426e-12	2.4612e-11	7.7298e-04	9.9155e-01	7.6768e-03	1.1755e-36	6.1607e-01	3.8393e-01	9.8889e-07	1.1755e-36	1.1755e-36	1.1755e-36	1.0097e-17	0.00e+00	0.00e+00	1.9179e+01
5.92278e+18	5.0107e+03	9.048e-22	2.7826e+01	1.2078e+01	2.7365e-08	5.6675e-01	4.3325e-01	9.9886e-01	1.1432e-03	3.3436e-12	2.5952e-11	7.6096e-04	9.9173e-01	7.5054e-03	1.1755e-36	6.2414e-01	3.7586e-01	9.4572e-07	1.1755e-36	1.1755e-36	1.1755e-36	1.1271e-17	0.00e+00	0.00e+00	1.9333e+01
5.92429e+18	4.9551e+03	8.824e-22	2.7826e+01	1.1868e+01	3.0422e-08	5.7469e-01	4.2531e-01	9.9886e-01	1.1354e-03	3.3437e-12	2.7222e-11	7.4978e-04	9.9191e-01	7.3374e-03	1.1755e-36	6.3182e-01	3.6818e-01	9.0620e-07	1.1755e-36	1.1755e-36	1.1755e-36	1.2428e-17	0.00e+00	0.00e+00	1.9480e+01
5.92574e+18	4.9006e+03	8.603e-22	2.7826e+01	1.1657e+01	3.3715e-08	5.8227e-01	4.1773e-01	9.9887e-01	1.1286e-03	3.3488e-12	2.8461e-11	7.3842e-04	9.9208e-01	7.1781e-03	1.1755e-36	6.3915e-01	3.6085e-01	8.6964e-07	1.1755e-36	1.1755e-36	1.1755e-36	1.3626e-17	0.00e+00	0.00e+00	1.9629e+01
5.92722e+18	4.8438e+03	8.381e-22	2.7826e+01	1.1444e+01	3.7513e-08	5.9004e-01	4.0996e-01	9.9888e-01	1.1216e-03	3.3530e-12	2.9811e-11	7.2704e-04	9.9226e-01	7.0164e-03	1.1755e-36	6.4662e-01	3.5338e-01	8.3374e-07	1.1755e-36	1.1755e-36	1.1755e-36	1.5013e-17	0.00e+00	0.00e+00	1.9783e+01
5.92870e+18	4.7906e+03	8.154e-22	2.7826e+01	1.1218e+01	4.1481e-08	5.9743e-01	4.0257e-01	9.9888e-01	1.1164e-03	3.3689e-12	3.1116e-11	7.1472e-04	9.9242e-01	6.8671e-03	1.1755e-36	6.5371e-01	3.4629e-01	8.0021e-07	1.1755e-36	1.1755e-36	1.1755e-36	1.6446e-17	0.00e+00	0.00e+00	1.9938e+01
5.93020e+18	4.7274e+03	7.931e-22	2.7826e+01	1.1000e+01	4.6600e-08	6.0557e-01	3.9443e-01	9.9889e-01	1.1089e-03	3.3714e-12	3.2720e-11	7.0319e-04	9.9260e-01	6.7011e-03	1.1755e-36	6.6149e-01	3.3851e-01	7.6578e-07	1.1755e-36	1.1755e-36	1.1755e-36	1.8321e-17	0.00e+00	0.00e+00	2.0101e+01
5.93167e+18	4.6667e+03	7.716e-22	2.7826e+01	1.0785e+01	5.2084e-08	6.1332e-01	3.8668e-01	9.9890e-01	1.1027e-03	3.3798e-12	3.4326e-11	6.9170e-04	9.9276e-01	6.5472e-03	1.1755e-36	6.6888e-01	3.3112e-01	7.3416e-07	1.1755e-36	1.1755e-36	1.1755e-36	2.0334e-17	0.00e+00	0.00e+00	2.0252e+01
5.93303e+18	4.6079e+03	7.517e-22	2.7826e+01	1.0582e+01	5.7913e-08	6.2057e-01	3.7943e-01	9.9890e-01	1.0970e-03	3.3882e-12	3.5919e-11	6.8092e-04	9.9291e-01	6.4047e-03	1.1755e-36	6.7577e-01	3.2423e-01	7.0574e-07	1.1755e-36	1.1755e-36	1.1755e-36	2.2472e-17	0.00e+00	0.00e+00	2.0397e+01
5.93436e+18	4.5493e+03	7.325e-22	2.7826e+01	1.0385e+01	6.4298e-08	6.2766e-01	3.7234e-01	9.9891e-01	1.0915e-03	3.3960e-12	3.7572e-11	6.7048e-04	9.9306e-01	6.2660e-03	1.1755e-36	6.8249e-01	3.1751e-01	6.7888e-07	1.1755e-36	1.1755e-36	1.1755e-36	2.4837e-17	0.00e+00	0.00e+00	2.0543e+01
5.93568e+18	4.4893e+03	7.134e-22	2.7826e+01	1.0187e+01	7.1459e-08	6.3479e-01	3.6521e-01	9.9891e-01	1.0859e-03	3.4042e-12	3.9326e-11	6.6007e-04	9.9321e-01	6.1280e-03	1.1755e-36	6.8923e-01	3.1077e-01	6.5285e-07	1.1755e-36	1.1755e-36	1.1755e-36	2.7512e-17	0.00e+00	0.00e+00	2.0691e+01
5.93701e+18	4.4241e+03	6.945e-22	2.7826e+01	9.9864e+00	7.9875e-08	6.4203e-01	3.5797e-01	9.9892e-01	1.0801e-03	3.4108e-12	4.1224e-11	6.4961e-04	9.9336e-01	5.9893e-03	1.1755e-36	6.9605e-01	3.0395e-01	6.2762e-07	1.1755e-36	1.1755e-36	1.1755e-36	3.0619e-17	0.00e+00	0.00e+00	2.0841e+01
5.93830e+18	4.3666e+03	6.762e-22	2.7826e+01	9.7956e+00	8.8156e-08	6.4888e-01	3.5112e-01	9.9892e-01	1.0754e-03	3.4225e-12	4.3068e-11	6.3951e-04	9.9350e-01	5.8601e-03	1.1755e-36	7.0248e-01	2.9752e-01	6.0407e-07	1.1755e-36	1.1755e-36	1.1755e-36	3.3808e-17	0.00e+00	0.00e+00	2.0984e+01
5.93960e+18	4.2979e+03	6.581e-22	2.7826e+01	9.5977e+00	9.8563e-08	6.5609e-01	3.4391e-01	9.9893e-01	1.0695e-03	3.4275e-12	4.5155e-11	6.2938e-04	9.9365e-01	5.7239e-03	1.1755e-36	7.0925e-01	2.9075e-01	5.8072e-07	1.1755e-36	1.1755e-36	1.1755e-36	3.7691e-17	0.00e+00	0.00e+00	2.1139e+01
5.94091e+18	4.2330e+03	6.402e-22	2.7826e+01	9.4019e+00	1.0932e-07	6.6312e-01	3.3688e-01	9.9894e-01	1.0644e-03	3.4377e-12	4.7230e-11	6.1924e-04	9.9379e-01	5.5941e-03	1.1755e-36	7.1581e-01	2.8419e-01	5.5847e-07	1.1755e-36	1.1755e-36	1.1755e-36	4.1787e-17	0.00e+00	0.00e+00	2.1287e+01
5.94219e+18	4.1713e+03	6.224e-22	2.7826e+01	9.2044e+00	1.2021e-07	6.6978e-01	3.3022e-01	9.9894e-01	1.0605e-03	3.4550e-12	4.9204e-11	6.0886e-04	9.9392e-01	5.4722e-03	1.1755e-36	7.2202e-01	2.7798e-01	5.3768e-07	1.1755e-36	1.1755e-36	1.1755e-36	4.5923e-17	0.00e+00	0.00e+00	2.1439e+01
5.94355e+18	4.0960e+03	6.040e-22	2.7826e+01	8.9971e+00	1.3413e-07	6.7729e-01	3.2271e-01	9.9895e-01	1.0546e-03	3.4622e-12	5.1546e-11	5.9841e-04	9.9407e-01	5.3346e-03	1.1755e-36	7.2900e-01	2.7100e-01	5.1562e-07	1.1755e-36	1.1755e-36	1.1755e-36	5.1132e-17	0.00e+00	0.00e+00	2.1608e+01
5.94494e+18	4.0212e+03	5.855e-22	2.7826e+01	8.7867e+00	1.4874e-07	6.8482e-01	3.1518e-01	9.9895e-01	1.0493e-03	3.4739e-12	5.3873e-11	5.8778e-04	9.9421e-01	5.1995e-03	1.1755e-36	7.3598e-01	2.6402e-01	4.9410e-07	1.1755e-36	1.1755e-36	1.1755e-36	5.6600e-17	0.00e+00	0.00e+00	2.1773e+01
5.94633e+18	3.9509e+03	5.671e-22	2.7826e+01	8.5789e+00	1.6301e-07	6.9210e-01	3.0790e-01	9.9896e-01	1.0450e-03	3.4913e-12	5.6046e-11	5.7713e-04	9.9435e-01	5.0703e-03	1.1755e-36	7.4270e-01	2.5730e-01	4.7365e-07	1.1755e-36	1.1755e-36	1.1755e-36	6.1944e-17	0.00e+00	0.00e+00	2.1943e+01
