#depth	Te	Htot	hden	eden	2H_2/H	HI	HII	HeI	HeII	HeIII	CO/C	C1	C2	C3	C4	O1	O2	O3	O4	O5	O6	H2O/O	AV(point)	AV(extend)	Tau912
5.45150e+14	6.6602e+03	3.233e-22	1.0000e+01	1.0831e+01	1.2826e-13	2.7524e-03	9.9725e-01	1.4852e-02	9.8297e-01	2.1781e-03	3.2364e-17	1.7110e-04	2.1887e-01	7.8027e-01	6.8870e-04	1.5219e-03	5.3983e-01	4.5832e-01	3.3407e-04	1.1755e-36	1.1755e-36	2.0413e-25	0.00e+00	0.00e+00	1.8946e-04
3.27090e+15	6.6579e+03	3.232e-22	1.0000e+01	1.0830e+01	1.2841e-13	2.7517e-03	9.9725e-01	1.4853e-02	9.8297e-01	2.1760e-03	3.2337e-17	1.7091e-04	2.1888e-01	7.8026e-01	6.9019e-04	1.5213e-03	5.3974e-01	4.5840e-01	3.3295e-04	1.1755e-36	1.1755e-36	2.0384e-25	0.00e+00	0.00e+00	9.4714e-04
1.41739e+16	6.6526e+03	3.229e-22	1.0000e+01	1.0829e+01	1.2887e-13	2.7510e-03	9.9725e-01	1.4863e-02	9.8298e-01	2.1611e-03	3.2342e-17	1.7070e-04	2.1901e-01	7.8013e-01	6.8878e-04	1.5216e-03	5.3991e-01	4.5824e-01	3.2802e-04	1.1755e-36	1.1755e-36	2.0359e-25	0.00e+00	0.00e+00	3.9771e-03
5.77859e+16	6.6422e+03	3.219e-22	1.0000e+01	1.0829e+01	1.2993e-13	2.7509e-03	9.9725e-01	1.4906e-02	9.8301e-01	2.0867e-03	3.2463e-17	1.7070e-04	2.1952e-01	7.7963e-01	6.8221e-04	1.5253e-03	5.4079e-01	4.5737e-01	3.0886e-04	1.1755e-36	1.1755e-36	2.0366e-25	0.00e+00	0.00e+00	1.6096e-02
1.38032e+17	6.5930e+03	3.185e-22	1.0000e+01	1.0829e+01	1.3242e-13	2.7294e-03	9.9727e-01	1.4931e-02	9.8304e-01	2.0343e-03	3.1932e-17	1.6965e-04	2.1994e-01	7.7921e-01	6.7443e-04	1.5176e-03	5.4159e-01	4.5661e-01	2.8383e-04	1.1755e-36	1.1755e-36	1.9682e-25	0.00e+00	0.00e+00	3.1728e-02
2.42352e+17	6.5425e+03	3.151e-22	1.0000e+01	1.0829e+01	1.3559e-13	2.7122e-03	9.9729e-01	1.4983e-02	9.8311e-01	1.9098e-03	3.1598e-17	1.6933e-04	2.2068e-01	7.7849e-01	6.6161e-04	1.5147e-03	5.4308e-01	4.5515e-01	2.5302e-04	1.1755e-36	1.1755e-36	1.9138e-25	0.00e+00	0.00e+00	5.1922e-02
3.77968e+17	6.4880e+03	3.114e-22	1.0000e+01	1.0829e+01	1.3961e-13	2.6984e-03	9.9730e-01	1.5068e-02	9.8321e-01	1.7175e-03	3.1413e-17	1.6953e-04	2.2179e-01	7.7740e-01	6.4373e-04	1.5166e-03	5.4540e-01	4.5287e-01	2.1687e-04	1.1755e-36	1.1755e-36	1.8668e-25	0.00e+00	0.00e+00	7.8040e-02
5.54268e+17	6.4281e+03	3.074e-22	1.0000e+01	1.0829e+01	1.4503e-13	2.6890e-03	9.9731e-01	1.5196e-02	9.8334e-01	1.4616e-03	3.1459e-17	1.7029e-04	2.2340e-01	7.7581e-01	6.2055e-04	1.5249e-03	5.4884e-01	4.4946e-01	1.7656e-04	1.1755e-36	1.1755e-36	1.8327e-25	0.00e+00	0.00e+00	1.1187e-01
7.83459e+17	6.3627e+03	3.030e-22	1.0000e+01	1.0829e+01	1.5191e-13	2.6859e-03	9.9731e-01	1.5384e-02	9.8346e-01	1.1580e-03	3.1750e-17	1.7182e-04	2.2569e-01	7.7354e-01	5.9234e-04	1.5420e-03	5.5374e-01	4.4458e-01	1.3440e-04	1.1755e-36	1.1755e-36	1.8074e-25	0.00e+00	0.00e+00	1.5581e-01
1.08141e+18	6.2925e+03	2.982e-22	1.0000e+01	1.0828e+01	1.6094e-13	2.6925e-03	9.9731e-01	1.5654e-02	9.8351e-01	8.3708e-04	3.2448e-17	1.7443e-04	2.2894e-01	7.7033e-01	5.5997e-04	1.5713e-03	5.6054e-01	4.3780e-01	9.3790e-05	1.1755e-36	1.1755e-36	1.8011e-25	0.00e+00	0.00e+00	2.1307e-01
1.46874e+18	6.2192e+03	2.931e-22	1.0000e+01	1.0827e+01	1.7286e-13	2.7140e-03	9.9729e-01	1.6044e-02	9.8342e-01	5.3910e-04	3.3758e-17	1.7864e-04	2.3352e-01	7.6578e-01	5.2462e-04	1.6183e-03	5.6971e-01	4.2861e-01	5.8547e-05	1.1755e-36	1.1755e-36	1.8234e-25	0.00e+00	0.00e+00	2.8809e-01
1.97227e+18	6.1461e+03	2.879e-22	1.0000e+01	1.0826e+01	1.8902e-13	2.7582e-03	9.9724e-01	1.6611e-02	9.8309e-01	3.0104e-04	3.6093e-17	1.8525e-04	2.4003e-01	7.5930e-01	4.8714e-04	1.6908e-03	5.8193e-01	4.1634e-01	3.1732e-05	1.1755e-36	1.1755e-36	1.8980e-25	0.00e+00	0.00e+00	3.8722e-01
2.62686e+18	6.0771e+03	2.828e-22	1.0000e+01	1.0825e+01	2.1104e-13	2.8387e-03	9.9716e-01	1.7461e-02	9.8240e-01	1.4135e-04	4.0057e-17	1.9551e-04	2.4943e-01	7.4993e-01	4.4716e-04	1.8030e-03	5.9818e-01	4.0000e-01	1.4404e-05	1.1755e-36	1.1755e-36	2.0490e-25	0.00e+00	0.00e+00	5.1984e-01
3.47783e+18	6.0281e+03	2.778e-22	1.0000e+01	1.0821e+01	2.4088e-13	2.9749e-03	9.9703e-01	1.8739e-02	9.8121e-01	5.3995e-05	4.7096e-17	2.1176e-04	2.6310e-01	7.3628e-01	4.0347e-04	1.9773e-03	6.1988e-01	3.7813e-01	5.2533e-06	1.1755e-36	1.1755e-36	2.3595e-25	0.00e+00	0.00e+00	7.0053e-01
4.58409e+18	5.9975e+03	2.741e-22	1.0000e+01	1.0817e+01	2.8762e-13	3.2137e-03	9.9679e-01	2.0827e-02	9.7916e-01	1.6201e-05	6.0632e-17	2.3836e-04	2.8409e-01	7.1531e-01	3.5223e-04	2.2660e-03	6.4977e-01	3.4796e-01	1.4642e-06	1.1755e-36	1.1755e-36	2.9988e-25	0.00e+00	0.00e+00	9.5427e-01
5.73602e+18	6.0138e+03	2.709e-22	1.0000e+01	1.0812e+01	3.3385e-13	3.5007e-03	9.9650e-01	2.3417e-02	9.7658e-01	4.7360e-06	7.9131e-17	2.7048e-04	3.0830e-01	6.9112e-01	3.0559e-04	2.6172e-03	6.8094e-01	3.1645e-01	3.9915e-07	1.1755e-36	1.1755e-36	3.9002e-25	0.00e+00	0.00e+00	1.1871e+00
6.68464e+18	6.0609e+03	2.705e-22	1.0000e+01	1.0806e+01	3.8086e-13	3.8224e-03	9.9618e-01	2.6282e-02	9.7372e-01	1.8619e-06	1.0363e-16	3.0494e-04	3.3290e-01	6.6653e-01	2.6799e-04	3.0041e-03	7.0910e-01	2.8790e-01	1.4296e-07	1.1755e-36	1.1755e-36	5.1742e-25	0.00e+00	0.00e+00	1.3908e+00
7.49353e+18	6.1271e+03	2.715e-22	1.0000e+01	1.0800e+01	4.3127e-13	4.1798e-03	9.9582e-01	2.9499e-02	9.7050e-01	8.8750e-07	1.3655e-16	3.4242e-04	3.5832e-01	6.4110e-01	2.3566e-04	3.4351e-03	7.3542e-01	2.6115e-01	1.1755e-36	1.1755e-36	1.1755e-36	6.9862e-25	0.00e+00	0.00e+00	1.5950e+00
8.26359e+18	6.2023e+03	2.734e-22	1.0000e+01	1.0791e+01	4.9462e-13	4.6094e-03	9.9539e-01	3.3497e-02	9.6650e-01	4.5540e-07	1.8439e-16	3.8619e-04	3.8707e-01	6.1234e-01	2.0455e-04	3.9588e-03	7.6230e-01	2.3374e-01	1.1755e-36	1.1755e-36	1.1755e-36	9.7383e-25	0.00e+00	0.00e+00	1.8180e+00
9.01136e+18	6.2861e+03	2.763e-22	1.0000e+01	1.0781e+01	5.7582e-13	5.1321e-03	9.9487e-01	3.8609e-02	9.6139e-01	2.4684e-07	2.5555e-16	4.3795e-04	4.1999e-01	5.7940e-01	1.7436e-04	4.6046e-03	7.8986e-01	2.0553e-01	1.1755e-36	1.1755e-36	1.1755e-36	1.4034e-24	0.00e+00	0.00e+00	2.0543e+00
9.70313e+18	6.3663e+03	2.802e-22	1.0000e+01	1.0769e+01	6.8231e-13	5.7481e-03	9.9425e-01	4.5016e-02	9.5498e-01	1.4423e-07	3.5907e-16	4.9652e-04	4.5616e-01	5.4320e-01	1.4630e-04	5.3745e-03	8.1663e-01	1.7800e-01	1.1755e-36	1.1755e-36	1.1755e-36	2.0608e-24	0.00e+00	0.00e+00	2.2918e+00
1.03187e+19	6.4529e+03	2.843e-22	1.0000e+01	1.0755e+01	8.0486e-13	6.4358e-03	9.9356e-01	5.2775e-02	9.4723e-01	9.1390e-08	5.0193e-16	5.5917e-04	4.9386e-01	5.0546e-01	1.2158e-04	6.2454e-03	8.4122e-01	1.5253e-01	1.1755e-36	1.1755e-36	1.1755e-36	3.0193e-24	0.00e+00	0.00e+00	2.5262e+00
1.08698e+19	6.5272e+03	2.890e-22	1.0000e+01	1.0740e+01	9.6404e-13	7.2168e-03	9.9278e-01	6.2429e-02	9.3757e-01	6.1462e-08	7.0215e-16	6.2639e-04	5.3334e-01	4.6594e-01	9.9495e-05	7.2420e-03	8.6370e-01	1.2906e-01	1.1755e-36	1.1755e-36	1.1755e-36	4.4380e-24	0.00e+00	0.00e+00	2.7656e+00
1.13767e+19	6.5989e+03	2.939e-22	1.0000e+01	1.0723e+01	1.1667e-12	8.1173e-03	9.9188e-01	7.4764e-02	9.2524e-01	4.2982e-08	9.8735e-16	6.9918e-04	5.7500e-01	4.2422e-01	7.9703e-05	8.3994e-03	8.8435e-01	1.0725e-01	1.1755e-36	1.1755e-36	1.1755e-36	6.5849e-24	0.00e+00	0.00e+00	3.0159e+00
1.18080e+19	6.6480e+03	2.992e-22	1.0000e+01	1.0698e+01	1.4205e-12	9.0851e-03	9.9091e-01	8.9318e-02	9.1068e-01	3.1878e-08	1.3568e-15	7.7003e-04	6.1523e-01	3.8394e-01	6.3512e-05	9.6451e-03	9.0159e-01	8.8767e-02	1.1755e-36	1.1755e-36	1.1755e-36	9.5167e-24	0.00e+00	0.00e+00	3.2306e+00
1.21534e+19	6.6953e+03	3.036e-22	1.0000e+01	1.0674e+01	1.6856e-12	1.0029e-02	9.8997e-01	1.0546e-01	8.9454e-01	2.5054e-08	1.7914e-15	8.3421e-04	6.5098e-01	3.4814e-01	5.1137e-05	1.0865e-02	9.1500e-01	7.4135e-02	1.1755e-36	1.1755e-36	1.1755e-36	1.3171e-23	0.00e+00	0.00e+00	3.4310e+00
1.24684e+19	6.7297e+03	3.078e-22	1.0000e+01	1.0647e+01	2.0207e-12	1.1068e-02	9.8893e-01	1.2538e-01	8.7462e-01	1.9927e-08	2.3576e-15	8.9859e-04	6.8630e-01	3.1276e-01	4.0485e-05	1.2209e-02	9.2662e-01	6.1168e-02	1.1755e-36	1.1755e-36	1.1755e-36	1.8179e-23	0.00e+00	0.00e+00	3.6502e+00
1.27795e+19	6.7514e+03	3.127e-22	1.0000e+01	1.0613e+01	2.4894e-12	1.2319e-02	9.8768e-01	1.5263e-01	8.4737e-01	1.5774e-08	3.1644e-15	9.6771e-04	7.2359e-01	2.7541e-01	3.0826e-05	1.3822e-02	9.3725e-01	4.8925e-02	1.1755e-36	1.1755e-36	1.1755e-36	2.5704e-23	0.00e+00	0.00e+00	3.8901e+00
1.30693e+19	6.7922e+03	3.167e-22	1.0000e+01	1.0573e+01	3.0259e-12	1.3706e-02	9.8629e-01	1.8843e-01	8.1157e-01	1.2600e-08	4.2414e-15	1.0354e-03	7.5991e-01	2.3903e-01	2.2876e-05	1.5613e-02	9.4622e-01	3.8171e-02	1.1755e-36	1.1755e-36	1.1755e-36	3.6405e-23	0.00e+00	0.00e+00	4.1249e+00
1.33192e+19	6.8058e+03	3.204e-22	1.0000e+01	1.0518e+01	3.7112e-12	1.5171e-02	9.8483e-01	2.3207e-01	7.6793e-01	1.0110e-08	5.5843e-15	1.0956e-03	7.9243e-01	2.0645e-01	1.6818e-05	1.7499e-02	9.5298e-01	2.9516e-02	1.1755e-36	1.1755e-36	1.1755e-36	5.0303e-23	0.00e+00	0.00e+00	4.3438e+00
1.35075e+19	6.8121e+03	3.231e-22	1.0000e+01	1.0462e+01	4.3994e-12	1.6477e-02	9.8352e-01	2.7713e-01	7.2287e-01	8.4120e-09	6.9825e-15	1.1409e-03	8.1711e-01	1.8174e-01	1.2868e-05	1.9174e-02	9.5736e-01	2.3471e-02	1.1755e-36	1.1755e-36	1.1755e-36	6.5339e-23	0.00e+00	0.00e+00	4.4978e+00
1.36387e+19	6.8237e+03	3.245e-22	1.0000e+01	1.0419e+01	4.9577e-12	1.7496e-02	9.8250e-01	3.1731e-01	6.8269e-01	7.3067e-09	8.2354e-15	1.1721e-03	8.3414e-01	1.6467e-01	1.0431e-05	2.0480e-02	9.5998e-01	1.9544e-02	1.1755e-36	1.1755e-36	1.1755e-36	7.9203e-23	0.00e+00	0.00e+00	4.6242e+00
1.37702e+19	6.8216e+03	3.255e-22	1.0000e+01	1.0365e+01	5.6949e-12	1.8648e-02	9.8135e-01	3.6566e-01	6.3434e-01	6.1465e-09	9.8247e-15	1.2023e-03	8.5070e-01	1.4809e-01	8.2515e-06	2.1950e-02	9.6213e-01	1.5924e-02	1.1755e-36	1.1755e-36	1.1755e-36	9.7084e-23	0.00e+00	0.00e+00	4.7992e+00
1.39177e+19	6.8138e+03	3.272e-22	1.0000e+01	1.0316e+01	6.7623e-12	2.0139e-02	9.7986e-01	4.3186e-01	5.6814e-01	4.9865e-09	1.2189e-14	1.2368e-03	8.6830e-01	1.3046e-01	6.1947e-06	2.3842e-02	9.6385e-01	1.2309e-02	1.1755e-36	1.1755e-36	1.1755e-36	1.2463e-22	0.00e+00	0.00e+00	4.9853e+00
1.40515e+19	6.8062e+03	3.279e-22	1.0000e+01	1.0248e+01	7.9603e-12	2.1659e-02	9.7834e-01	5.0360e-01	4.9640e-01	3.9714e-09	1.4951e-14	1.2635e-03	8.8297e-01	1.1577e-01	4.6668e-06	2.5765e-02	9.6480e-01	9.4360e-03	1.1755e-36	1.1755e-36	1.1755e-36	1.5727e-22	0.00e+00	0.00e+00	5.1511e+00
1.41668e+19	6.7961e+03	3.277e-22	1.0000e+01	1.0173e+01	9.2483e-12	2.3126e-02	9.7687e-01	5.7330e-01	4.2670e-01	3.1383e-09	1.7975e-14	1.2830e-03	8.9435e-01	1.0436e-01	3.5864e-06	2.7615e-02	9.6508e-01	7.3064e-03	1.1755e-36	1.1755e-36	1.1755e-36	1.9355e-22	0.00e+00	0.00e+00	5.3110e+00
1.42927e+19	6.7777e+03	3.274e-22	1.0000e+01	1.0090e+01	1.1069e-11	2.4959e-02	9.7504e-01	6.5389e-01	3.4611e-01	2.3104e-09	2.2252e-14	1.3023e-03	9.0535e-01	9.3347e-02	2.6290e-06	2.9914e-02	9.6471e-01	5.3752e-03	1.1755e-36	1.1755e-36	1.1755e-36	2.4660e-22	0.00e+00	0.00e+00	5.5352e+00
1.44564e+19	6.7600e+03	3.256e-22	1.0000e+01	9.9464e+00	1.3974e-11	2.7617e-02	9.7238e-01	7.5363e-01	2.4637e-01	1.4372e-09	2.9240e-14	1.3177e-03	9.1670e-01	8.1985e-02	1.7349e-06	3.3237e-02	9.6327e-01	3.4927e-03	1.1755e-36	1.1755e-36	1.1755e-36	3.3724e-22	0.00e+00	0.00e+00	5.8579e+00
1.46398e+19	6.7273e+03	3.260e-22	1.0000e+01	9.8268e+00	1.8937e-11	3.1467e-02	9.6853e-01	8.4860e-01	1.5140e-01	7.7336e-10	4.0796e-14	1.3368e-03	9.2684e-01	7.1818e-02	1.0542e-06	3.8014e-02	9.5994e-01	2.0479e-03	1.1755e-36	1.1755e-36	1.1755e-36	5.0678e-22	0.00e+00	0.00e+00	6.2194e+00
1.48198e+19	6.7036e+03	3.281e-22	1.0000e+01	9.7436e+00	2.6300e-11	3.6429e-02	9.6357e-01	9.1331e-01	8.6694e-02	3.9413e-10	5.7888e-14	1.3569e-03	9.3477e-01	6.3869e-02	6.2512e-07	4.4140e-02	9.5470e-01	1.1618e-03	1.1755e-36	1.1755e-36	1.1755e-36	8.0507e-22	0.00e+00	0.00e+00	6.6287e+00
1.49934e+19	6.6945e+03	3.298e-22	1.0000e+01	9.6375e+00	3.7003e-11	4.2572e-02	9.5743e-01	9.5075e-01	4.9247e-02	2.0041e-10	8.2505e-14	1.3690e-03	9.4101e-01	5.7622e-02	3.7096e-07	5.1700e-02	9.4764e-01	6.5736e-04	1.1755e-36	1.1755e-36	1.1755e-36	1.3261e-21	0.00e+00	0.00e+00	7.0836e+00
1.51533e+19	6.6833e+03	3.321e-22	1.0000e+01	9.5444e+00	5.2832e-11	5.0199e-02	9.4980e-01	9.7082e-01	2.9181e-02	1.0777e-10	1.1806e-13	1.3802e-03	9.4640e-01	5.2223e-02	2.2279e-07	6.1051e-02	9.3857e-01	3.8157e-04	1.1755e-36	1.1755e-36	1.1755e-36	2.2325e-21	0.00e+00	0.00e+00	7.5608e+00
1.52915e+19	6.6795e+03	3.338e-22	1.0000e+01	9.4623e+00	7.4578e-11	5.9099e-02	9.4090e-01	9.8126e-01	1.8741e-02	6.3969e-11	1.6723e-13	1.3895e-03	9.5107e-01	4.7543e-02	1.3896e-07	7.1920e-02	9.2785e-01	2.3393e-04	1.1755e-36	1.1755e-36	1.1755e-36	3.7419e-21	0.00e+00	0.00e+00	8.0311e+00
1.54079e+19	6.6645e+03	3.345e-22	1.0000e+01	9.3654e+00	1.0440e-10	6.9026e-02	9.3097e-01	9.8699e-01	1.3011e-02	4.1662e-11	2.3196e-13	1.3932e-03	9.5512e-01	4.3491e-02	1.1755e-36	8.3998e-02	9.1585e-01	1.5228e-04	1.1755e-36	1.1755e-36	1.1755e-36	6.0982e-21	0.00e+00	0.00e+00	8.4959e+00
1.55088e+19	6.6623e+03	3.324e-22	1.0000e+01	9.2282e+00	1.4194e-10	7.9835e-02	9.2016e-01	9.9045e-01	9.5465e-03	2.9102e-11	3.1380e-13	1.3873e-03	9.5860e-01	4.0015e-02	1.1755e-36	9.7089e-02	9.0281e-01	1.0330e-04	1.1755e-36	1.1755e-36	1.1755e-36	9.5982e-21	0.00e+00	0.00e+00	8.9760e+00
1.56021e+19	6.6443e+03	3.297e-22	1.0000e+01	9.0895e+00	1.9773e-10	9.2838e-02	9.0716e-01	9.9282e-01	7.1801e-03	2.0918e-11	4.3013e-13	1.3807e-03	9.6205e-01	3.6569e-02	1.1755e-36	1.1275e-01	8.8718e-01	7.0702e-05	1.1755e-36	1.1755e-36	1.1755e-36	1.5437e-20	0.00e+00	0.00e+00	9.5107e+00
1.56897e+19	6.6225e+03	3.253e-22	1.0000e+01	8.9312e+00	2.8108e-10	1.0877e-01	8.9123e-01	9.9447e-01	5.5312e-03	1.5497e-11	5.9970e-13	1.3700e-03	9.6545e-01	3.3176e-02	1.1755e-36	1.3182e-01	8.6813e-01	4.8459e-05	1.1755e-36	1.1755e-36	1.1755e-36	2.5551e-20	0.00e+00	0.00e+00	1.0088e+01
1.57684e+19	6.5936e+03	3.187e-22	1.0000e+01	8.7399e+00	4.0276e-10	1.2745e-01	8.7255e-01	9.9561e-01	4.3920e-03	1.1942e-11	8.3643e-13	1.3528e-03	9.6863e-01	3.0015e-02	1.1755e-36	1.5399e-01	8.4598e-01	3.3756e-05	1.1755e-36	1.1755e-36	1.1755e-36	4.2402e-20	0.00e+00	0.00e+00	1.0679e+01
1.58372e+19	6.5558e+03	3.102e-22	1.0000e+01	8.5273e+00	5.7706e-10	1.4863e-01	8.5137e-01	9.9640e-01	3.6028e-03	9.5818e-12	1.1573e-12	1.3308e-03	9.7154e-01	2.7129e-02	1.1755e-36	1.7890e-01	8.2108e-01	2.4040e-05	1.1755e-36	1.1755e-36	1.1755e-36	6.9699e-20	0.00e+00	0.00e+00	1.1280e+01
1.58982e+19	6.5072e+03	2.997e-22	1.0000e+01	8.2870e+00	8.2914e-10	1.7258e-01	8.2742e-01	9.9697e-01	3.0286e-03	7.9348e-12	1.5902e-12	1.3034e-03	9.7422e-01	2.4479e-02	1.1755e-36	2.0677e-01	7.9321e-01	1.7387e-05	1.1755e-36	1.1755e-36	1.1755e-36	1.1366e-19	0.00e+00	0.00e+00	1.1911e+01
1.59541e+19	6.4443e+03	2.868e-22	1.0000e+01	8.0100e+00	1.2085e-09	2.0022e-01	7.9978e-01	9.9741e-01	2.5892e-03	6.7264e-12	2.1874e-12	1.2694e-03	9.7674e-01	2.1987e-02	1.1755e-36	2.3855e-01	7.6143e-01	1.2631e-05	1.1755e-36	1.1755e-36	1.1755e-36	1.8630e-19	0.00e+00	0.00e+00	1.2593e+01
1.60063e+19	6.3617e+03	2.712e-22	1.0000e+01	7.6875e+00	1.8052e-09	2.3257e-01	7.6743e-01	9.9776e-01	2.2410e-03	5.8124e-12	3.0291e-12	1.2277e-03	9.7916e-01	1.9613e-02	1.1755e-36	2.7524e-01	7.2475e-01	9.1532e-06	1.1755e-36	1.1755e-36	1.1755e-36	3.1007e-19	0.00e+00	0.00e+00	1.3334e+01
1.60549e+19	6.2547e+03	2.528e-22	1.0000e+01	7.3129e+00	2.7728e-09	2.7010e-01	7.2990e-01	9.9803e-01	1.9691e-03	5.1393e-12	4.2165e-12	1.1774e-03	9.8145e-01	1.7373e-02	1.1755e-36	3.1711e-01	6.8288e-01	6.6154e-06	1.1755e-36	1.1755e-36	1.1755e-36	5.2388e-19	0.00e+00	0.00e+00	1.4133e+01
1.60967e+19	6.1307e+03	2.334e-22	1.0000e+01	6.9141e+00	4.2345e-09	3.0960e-01	6.9040e-01	9.9822e-01	1.7772e-03	4.7094e-12	5.7386e-12	1.1220e-03	9.8341e-01	1.5465e-02	1.1755e-36	3.6041e-01	6.3959e-01	4.9037e-06	1.1755e-36	1.1755e-36	1.1755e-36	8.6201e-19	0.00e+00	0.00e+00	1.4848e+01
1.61276e+19	6.0117e+03	2.167e-22	1.0000e+01	6.5669e+00	6.0535e-09	3.4428e-01	6.5572e-01	9.9835e-01	1.6550e-03	4.4650e-12	7.3468e-12	1.0727e-03	9.8488e-01	1.4050e-02	1.1755e-36	3.9779e-01	6.0221e-01	3.8669e-06	1.1755e-36	1.1755e-36	1.1755e-36	1.2973e-18	0.00e+00	0.00e+00	1.5400e+01
1.61499e+19	5.9072e+03	2.035e-22	1.0000e+01	6.2889e+00	8.0317e-09	3.7206e-01	6.2794e-01	9.9842e-01	1.5768e-03	4.3243e-12	8.8519e-12	1.0329e-03	9.8593e-01	1.3036e-02	1.1755e-36	4.2730e-01	5.7270e-01	3.2317e-06	1.1755e-36	1.1755e-36	1.1755e-36	1.7794e-18	0.00e+00	0.00e+00	1.5851e+01
1.61682e+19	5.8070e+03	1.920e-22	1.0000e+01	6.0433e+00	1.0316e-08	3.9657e-01	6.0343e-01	9.9849e-01	1.5146e-03	4.2186e-12	1.0372e-11	9.9743e-04	9.8680e-01	1.2206e-02	1.1755e-36	4.5306e-01	5.4694e-01	2.7729e-06	1.1755e-36	1.1755e-36	1.1755e-36	2.3438e-18	0.00e+00	0.00e+00	1.6286e+01
1.61808e+19	5.7347e+03	1.839e-22	1.0000e+01	5.8664e+00	1.2313e-08	4.1421e-01	5.8579e-01	9.9852e-01	1.4808e-03	4.1799e-12	1.1592e-11	9.7156e-04	9.8735e-01	1.1679e-02	1.1755e-36	4.7140e-01	5.2860e-01	2.4988e-06	1.1755e-36	1.1755e-36	1.1755e-36	2.8559e-18	0.00e+00	0.00e+00	1.6491e+01
1.61872e+19	5.6934e+03	1.798e-22	1.0000e+01	5.7749e+00	1.3544e-08	4.2347e-01	5.7653e-01	9.9854e-01	1.4622e-03	4.1548e-12	1.2286e-11	9.5828e-04	9.8764e-01	1.1406e-02	1.1755e-36	4.8097e-01	5.1903e-01	2.3671e-06	1.1755e-36	1.1755e-36	1.1755e-36	3.1724e-18	0.00e+00	0.00e+00	1.6620e+01
1.61922e+19	5.6583e+03	1.763e-22	1.0000e+01	5.6985e+00	1.4658e-08	4.3107e-01	5.6893e-01	9.9855e-01	1.4461e-03	4.1314e-12	1.2886e-11	9.4715e-04	9.8788e-01	1.1177e-02	1.1755e-36	4.8881e-01	5.1119e-01	2.2624e-06	1.1755e-36	1.1755e-36	1.1755e-36	3.4604e-18	0.00e+00	0.00e+00	1.6765e+01
1.61984e+19	5.6020e+03	1.724e-22	1.0000e+01	5.6135e+00	1.6433e-08	4.4127e-01	5.5873e-01	9.9858e-01	1.4235e-03	4.0815e-12	1.3780e-11	9.3540e-04	9.8820e-01	1.0867e-02	1.1755e-36	4.9929e-01	5.0071e-01	2.1349e-06	1.1755e-36	1.1755e-36	1.1755e-36	3.9195e-18	0.00e+00	0.00e+00	1.6958e+01
1.62050e+19	5.5664e+03	1.674e-22	1.0000e+01	5.5007e+00	1.7967e-08	4.5067e-01	5.4933e-01	9.9859e-01	1.4084e-03	4.0836e-12	1.4560e-11	9.1820e-04	9.8847e-01	1.0610e-02	1.1755e-36	5.0890e-01	4.9110e-01	2.0162e-06	1.1755e-36	1.1755e-36	1.1755e-36	4.3410e-18	0.00e+00	0.00e+00	1.7140e+01
1.62120e+19	5.5078e+03	1.625e-22	1.0000e+01	5.3890e+00	2.0287e-08	4.6184e-01	5.3816e-01	9.9861e-01	1.3884e-03	4.0587e-12	1.5625e-11	9.0195e-04	9.8880e-01	1.0299e-02	1.1755e-36	5.2026e-01	4.7974e-01	1.8909e-06	1.1755e-36	1.1755e-36	1.1755e-36	4.9638e-18	0.00e+00	0.00e+00	1.7359e+01
1.62190e+19	5.4500e+03	1.576e-22	1.0000e+01	5.2758e+00	2.2896e-08	4.7317e-01	5.2683e-01	9.9863e-01	1.3704e-03	4.0426e-12	1.6785e-11	8.8535e-04	9.8912e-01	9.9996e-03	1.1755e-36	5.3173e-01	4.6827e-01	1.7733e-06	1.1755e-36	1.1755e-36	1.1755e-36	5.6973e-18	0.00e+00	0.00e+00	1.7555e+01
1.62252e+19	5.3906e+03	1.534e-22	1.0000e+01	5.1788e+00	2.5758e-08	4.8373e-01	5.1627e-01	9.9865e-01	1.3535e-03	4.0198e-12	1.7990e-11	8.7131e-04	9.8940e-01	9.7247e-03	1.1755e-36	5.4237e-01	4.5763e-01	1.6731e-06	1.1755e-36	1.1755e-36	1.1755e-36	6.5244e-18	0.00e+00	0.00e+00	1.7731e+01
1.62306e+19	5.3457e+03	1.494e-22	1.0000e+01	5.0843e+00	2.8288e-08	4.9258e-01	5.0742e-01	9.9866e-01	1.3413e-03	4.0187e-12	1.9027e-11	8.5728e-04	9.8964e-01	9.5040e-03	1.1755e-36	5.5125e-01	4.4875e-01	1.5910e-06	1.1755e-36	1.1755e-36	1.1755e-36	7.2864e-18	0.00e+00	0.00e+00	1.7892e+01
1.62361e+19	5.2868e+03	1.454e-22	1.0000e+01	4.9916e+00	3.1646e-08	5.0229e-01	4.9771e-01	9.9867e-01	1.3266e-03	4.0018e-12	2.0314e-11	8.4382e-04	9.8990e-01	9.2601e-03	1.1755e-36	5.6096e-01	4.3904e-01	1.5083e-06	1.1755e-36	1.1755e-36	1.1755e-36	8.3092e-18	0.00e+00	0.00e+00	1.8076e+01
1.62418e+19	5.2322e+03	1.414e-22	1.0000e+01	4.8940e+00	3.5225e-08	5.1194e-01	4.8806e-01	9.9869e-01	1.3140e-03	3.9980e-12	2.1668e-11	8.2943e-04	9.9014e-01	9.0277e-03	1.1755e-36	5.7057e-01	4.2943e-01	1.4296e-06	1.1755e-36	1.1755e-36	1.1755e-36	9.4657e-18	0.00e+00	0.00e+00	1.8253e+01
1.62472e+19	5.1779e+03	1.374e-22	1.0000e+01	4.7992e+00	3.9138e-08	5.2139e-01	4.7861e-01	9.9870e-01	1.3020e-03	3.9952e-12	2.3110e-11	8.1542e-04	9.9038e-01	8.8043e-03	1.1755e-36	5.7993e-01	4.2007e-01	1.3567e-06	1.1755e-36	1.1755e-36	1.1755e-36	1.0793e-17	0.00e+00	0.00e+00	1.8430e+01
1.62526e+19	5.1147e+03	1.335e-22	1.0000e+01	4.7017e+00	4.3928e-08	5.3104e-01	4.6896e-01	9.9871e-01	1.2894e-03	3.9895e-12	2.4762e-11	8.0127e-04	9.9062e-01	8.5813e-03	1.1755e-36	5.8947e-01	4.1053e-01	1.2874e-06	1.1755e-36	1.1755e-36	1.1755e-36	1.2452e-17	0.00e+00	0.00e+00	1.8610e+01
1.62577e+19	5.0591e+03	1.298e-22	1.0000e+01	4.6106e+00	4.8768e-08	5.4026e-01	4.5974e-01	9.9872e-01	1.2787e-03	3.9897e-12	2.6457e-11	7.8780e-04	9.9084e-01	8.3730e-03	1.1755e-36	5.9853e-01	4.0147e-01	1.2240e-06	1.1755e-36	1.1755e-36	1.1755e-36	1.4281e-17	0.00e+00	0.00e+00	1.8778e+01
1.62627e+19	5.0029e+03	1.262e-22	1.0000e+01	4.5211e+00	5.4079e-08	5.4924e-01	4.5076e-01	9.9873e-01	1.2685e-03	3.9910e-12	2.8271e-11	7.7460e-04	9.9105e-01	8.1735e-03	1.1755e-36	6.0732e-01	3.9268e-01	1.1653e-06	1.1755e-36	1.1755e-36	1.1755e-36	1.6395e-17	0.00e+00	0.00e+00	1.8950e+01
1.62677e+19	4.9468e+03	1.225e-22	1.0000e+01	4.4253e+00	5.9820e-08	5.5806e-01	4.4194e-01	9.9874e-01	1.2597e-03	4.0030e-12	2.9889e-11	7.6037e-04	9.9126e-01	7.9758e-03	1.1755e-36	6.1593e-01	3.8407e-01	1.1096e-06	1.1755e-36	1.1755e-36	1.1755e-36	1.8404e-17	0.00e+00	0.00e+00	1.9129e+01
1.62728e+19	4.8767e+03	1.188e-22	1.0000e+01	4.3308e+00	6.7409e-08	5.6791e-01	4.3209e-01	9.9875e-01	1.2479e-03	3.9977e-12	3.1875e-11	7.4672e-04	9.9150e-01	7.7541e-03	1.1755e-36	6.2550e-01	3.7450e-01	1.0525e-06	1.1755e-36	1.1755e-36	1.1755e-36	2.1060e-17	0.00e+00	0.00e+00	1.9318e+01
1.62778e+19	4.8109e+03	1.152e-22	1.0000e+01	4.2375e+00	7.5306e-08	5.7715e-01	4.2285e-01	9.9876e-01	1.2385e-03	4.0035e-12	3.3834e-11	7.3309e-04	9.9171e-01	7.5527e-03	1.1755e-36	6.3446e-01	3.6554e-01	1.0012e-06	1.1755e-36	1.1755e-36	1.1755e-36	2.3886e-17	0.00e+00	0.00e+00	1.9488e+01
1.62824e+19	4.7475e+03	1.120e-22	1.0000e+01	4.1510e+00	8.3561e-08	5.8578e-01	4.1422e-01	9.9877e-01	1.2298e-03	4.0083e-12	3.5776e-11	7.2052e-04	9.9191e-01	7.3665e-03	1.1755e-36	6.4278e-01	3.5722e-01	9.5566e-07	1.1755e-36	1.1755e-36	1.1755e-36	2.6894e-17	0.00e+00	0.00e+00	1.9653e+01
1.62869e+19	4.6830e+03	1.088e-22	1.0000e+01	4.0656e+00	9.2647e-08	5.9435e-01	4.0565e-01	9.9878e-01	1.2212e-03	4.0131e-12	3.7811e-11	7.0813e-04	9.9211e-01	7.1835e-03	1.1755e-36	6.5102e-01	3.4898e-01	9.1236e-07	1.1755e-36	1.1755e-36	1.1755e-36	3.0270e-17	0.00e+00	0.00e+00	1.9823e+01
1.62914e+19	4.6156e+03	1.056e-22	1.0000e+01	3.9784e+00	1.0291e-07	6.0312e-01	3.9688e-01	9.9879e-01	1.2126e-03	4.0187e-12	4.0000e-11	6.9552e-04	9.9231e-01	6.9988e-03	1.1755e-36	6.5942e-01	3.4057e-01	8.7004e-07	1.1755e-36	1.1755e-36	1.1755e-36	3.4153e-17	0.00e+00	0.00e+00	1.9999e+01
1.62961e+19	4.5414e+03	1.024e-22	1.0000e+01	3.8886e+00	1.1485e-07	6.1211e-01	3.8789e-01	9.9880e-01	1.2037e-03	4.0230e-12	4.2359e-11	6.8272e-04	9.9251e-01	6.8123e-03	1.1755e-36	6.6801e-01	3.3199e-01	8.2902e-07	1.1755e-36	1.1755e-36	1.1755e-36	3.8657e-17	0.00e+00	0.00e+00	2.0177e+01
1.63006e+19	4.4698e+03	9.925e-23	1.0000e+01	3.8011e+00	1.2733e-07	6.2088e-01	3.7912e-01	9.9880e-01	1.1957e-03	4.0310e-12	4.4732e-11	6.7017e-04	9.9270e-01	6.6333e-03	1.1755e-36	6.7635e-01	3.2364e-01	7.9052e-07	1.1755e-36	1.1755e-36	1.1755e-36	4.3487e-17	0.00e+00	0.00e+00	2.0351e+01
1.63051e+19	4.3959e+03	9.616e-23	1.0000e+01	3.7138e+00	1.4092e-07	6.2967e-01	3.7033e-01	9.9881e-01	1.1876e-03	4.0381e-12	4.7177e-11	6.5776e-04	9.9289e-01	6.4558e-03	1.1755e-36	6.8468e-01	3.1532e-01	7.5363e-07	1.1755e-36	1.1755e-36	1.1755e-36	4.8789e-17	0.00e+00	0.00e+00	2.0532e+01
1.63097e+19	4.3183e+03	9.300e-23	1.0000e+01	3.6217e+00	1.5578e-07	6.3859e-01	3.6141e-01	9.9882e-01	1.1800e-03	4.0512e-12	4.9663e-11	6.4462e-04	9.9308e-01	6.2786e-03	1.1755e-36	6.9311e-01	3.0689e-01	7.1763e-07	1.1755e-36	1.1755e-36	1.1755e-36	5.4529e-17	0.00e+00	0.00e+00	2.0721e+01
1.63145e+19	4.2389e+03	8.973e-23	1.0000e+01	3.5267e+00	1.7168e-07	6.4783e-01	3.5217e-01	9.9883e-01	1.1727e-03	4.0682e-12	5.2220e-11	6.3104e-04	9.9327e-01	6.0975e-03	1.1755e-36	7.0181e-01	2.9819e-01	6.8166e-07	1.1755e-36	1.1755e-36	1.1755e-36	6.0749e-17	0.00e+00	0.00e+00	2.0923e+01
1.63196e+19	4.1439e+03	8.635e-23	1.0000e+01	3.4273e+00	1.9096e-07	6.5817e-01	3.4183e-01	9.9884e-01	1.1628e-03	4.0720e-12	5.5080e-11	6.1738e-04	9.9349e-01	5.8962e-03	1.1755e-36	7.1150e-01	2.8850e-01	6.4409e-07	1.1755e-36	1.1755e-36	1.1755e-36	6.8091e-17	0.00e+00	0.00e+00	2.1144e+01
1.63249e+19	4.0488e+03	8.288e-23	1.0000e+01	3.3231e+00	2.1014e-07	6.6845e-01	3.3155e-01	9.9885e-01	1.1546e-03	4.0895e-12	5.7697e-11	6.0286e-04	9.9370e-01	5.7010e-03	1.1755e-36	7.2110e-01	2.7890e-01	6.0807e-07	1.1755e-36	1.1755e-36	1.1755e-36	7.5115e-17	0.00e+00	0.00e+00	2.1367e+01
1.63305e+19	3.9391e+03	7.934e-23	1.0000e+01	3.2136e+00	2.3130e-07	6.7952e-01	3.2048e-01	9.9886e-01	1.1447e-03	4.0985e-12	6.0222e-11	5.8813e-04	9.9392e-01	5.4928e-03	1.1755e-36	7.3139e-01	2.6861e-01	5.7164e-07	1.1755e-36	1.1755e-36	1.1755e-36	8.2100e-17	0.00e+00	0.00e+00	2.1614e+01
###########################
5.45150e+14	6.6626e+03	3.233e-22	1.0000e+01	1.0831e+01	1.2657e-13	2.7503e-03	9.9725e-01	1.4845e-02	9.8298e-01	2.1786e-03	3.1956e-17	1.6550e-04	2.1874e-01	7.8041e-01	6.9084e-04	1.5201e-03	5.3967e-01	4.5847e-01	3.3429e-04	1.1755e-36	1.1755e-36	1.9954e-25	0.00e+00	0.00e+00	1.8932e-04
3.27090e+15	6.6604e+03	3.232e-22	1.0000e+01	1.0830e+01	1.2671e-13	2.7496e-03	9.9725e-01	1.4846e-02	9.8298e-01	2.1766e-03	3.1927e-17	1.6540e-04	2.1876e-01	7.8039e-01	6.9160e-04	1.5194e-03	5.3955e-01	4.5859e-01	3.3320e-04	1.1755e-36	1.1755e-36	1.9924e-25	0.00e+00	0.00e+00	9.4641e-04
1.41739e+16	6.6549e+03	3.229e-22	1.0000e+01	1.0830e+01	1.2719e-13	2.7491e-03	9.9725e-01	1.4856e-02	9.8298e-01	2.1616e-03	3.1931e-17	1.6550e-04	2.1890e-01	7.8025e-01	6.8941e-04	1.5195e-03	5.3962e-01	4.5854e-01	3.2833e-04	1.1755e-36	1.1755e-36	1.9898e-25	0.00e+00	0.00e+00	3.9742e-03
5.77859e+16	6.6445e+03	3.219e-22	1.0000e+01	1.0829e+01	1.2826e-13	2.7489e-03	9.9725e-01	1.4899e-02	9.8301e-01	2.0872e-03	3.2047e-17	1.6617e-04	2.1943e-01	7.7972e-01	6.8239e-04	1.5224e-03	5.4029e-01	4.5788e-01	3.0930e-04	1.1755e-36	1.1755e-36	1.9904e-25	0.00e+00	0.00e+00	1.6085e-02
1.38032e+17	6.5961e+03	3.187e-22	1.0000e+01	1.0829e+01	1.3056e-13	2.7265e-03	9.9727e-01	1.4921e-02	9.8304e-01	2.0350e-03	3.1476e-17	1.6601e-04	2.1984e-01	7.7932e-01	6.7447e-04	1.5128e-03	5.4066e-01	4.5755e-01	2.8455e-04	1.1755e-36	1.1755e-36	1.9204e-25	0.00e+00	0.00e+00	3.1700e-02
2.42352e+17	6.5455e+03	3.153e-22	1.0000e+01	1.0829e+01	1.3375e-13	2.7090e-03	9.9729e-01	1.4973e-02	9.8312e-01	1.9105e-03	3.1152e-17	1.6636e-04	2.2059e-01	7.7858e-01	6.6154e-04	1.5091e-03	5.4191e-01	4.5632e-01	2.5380e-04	1.1755e-36	1.1755e-36	1.8688e-25	0.00e+00	0.00e+00	5.1870e-02
3.77968e+17	6.4908e+03	3.116e-22	1.0000e+01	1.0829e+01	1.3771e-13	2.6953e-03	9.9730e-01	1.5058e-02	9.8322e-01	1.7180e-03	3.0965e-17	1.6704e-04	2.2172e-01	7.7747e-01	6.4354e-04	1.5108e-03	5.4416e-01	4.5411e-01	2.1757e-04	1.1755e-36	1.1755e-36	1.8219e-25	0.00e+00	0.00e+00	7.7957e-02
5.54268e+17	6.4303e+03	3.075e-22	1.0000e+01	1.0829e+01	1.4318e-13	2.6862e-03	9.9731e-01	1.5187e-02	9.8335e-01	1.4620e-03	3.1039e-17	1.6814e-04	2.2337e-01	7.7585e-01	6.2024e-04	1.5196e-03	5.4768e-01	4.5062e-01	1.7709e-04	1.1755e-36	1.1755e-36	1.7906e-25	0.00e+00	0.00e+00	1.1176e-01
7.83459e+17	6.3645e+03	3.031e-22	1.0000e+01	1.0829e+01	1.5012e-13	2.6835e-03	9.9732e-01	1.5376e-02	9.8347e-01	1.1583e-03	3.1365e-17	1.6996e-04	2.2570e-01	7.7354e-01	5.9193e-04	1.5375e-03	5.5279e-01	4.4553e-01	1.3474e-04	1.1755e-36	1.1755e-36	1.7684e-25	0.00e+00	0.00e+00	1.5565e-01
1.08141e+18	6.2940e+03	2.982e-22	1.0000e+01	1.0828e+01	1.5918e-13	2.6904e-03	9.9731e-01	1.5647e-02	9.8352e-01	8.3725e-04	3.2100e-17	1.7284e-04	2.2899e-01	7.7028e-01	5.5949e-04	1.5679e-03	5.5986e-01	4.3848e-01	9.3970e-05	1.1755e-36	1.1755e-36	1.7652e-25	0.00e+00	0.00e+00	2.1286e-01
1.46874e+18	6.2205e+03	2.931e-22	1.0000e+01	1.0827e+01	1.7118e-13	2.7119e-03	9.9729e-01	1.6037e-02	9.8342e-01	5.3921e-04	3.3459e-17	1.7729e-04	2.3362e-01	7.6568e-01	5.2410e-04	1.6157e-03	5.6931e-01	4.2902e-01	5.8623e-05	1.1755e-36	1.1755e-36	1.7921e-25	0.00e+00	0.00e+00	2.8783e-01
1.97227e+18	6.1473e+03	2.878e-22	1.0000e+01	1.0826e+01	1.8724e-13	2.7562e-03	9.9724e-01	1.6605e-02	9.8309e-01	3.0110e-04	3.5800e-17	1.8411e-04	2.4017e-01	7.5916e-01	4.8659e-04	1.6889e-03	5.8175e-01	4.1653e-01	3.1757e-05	1.1755e-36	1.1755e-36	1.8664e-25	0.00e+00	0.00e+00	3.8688e-01
2.62686e+18	6.0777e+03	2.827e-22	1.0000e+01	1.0825e+01	2.0950e-13	2.8368e-03	9.9716e-01	1.7456e-02	9.8240e-01	1.4137e-04	3.9819e-17	1.9449e-04	2.4963e-01	7.4973e-01	4.4657e-04	1.8016e-03	5.9814e-01	4.0004e-01	1.4410e-05	1.1755e-36	1.1755e-36	2.0221e-25	0.00e+00	0.00e+00	5.1942e-01
3.47783e+18	6.0283e+03	2.777e-22	1.0000e+01	1.0822e+01	2.3928e-13	2.9731e-03	9.9703e-01	1.8735e-02	9.8121e-01	5.3998e-05	4.6851e-17	2.1106e-04	2.6338e-01	7.3601e-01	4.0285e-04	1.9762e-03	6.1994e-01	3.7807e-01	5.2541e-06	1.1755e-36	1.1755e-36	2.3299e-25	0.00e+00	0.00e+00	6.9999e-01
4.58409e+18	5.9971e+03	2.740e-22	1.0000e+01	1.0817e+01	2.8628e-13	3.2118e-03	9.9679e-01	2.0824e-02	9.7916e-01	1.6201e-05	6.0427e-17	2.3790e-04	2.8447e-01	7.1494e-01	3.5160e-04	2.2651e-03	6.4988e-01	3.4785e-01	1.4642e-06	1.1755e-36	1.1755e-36	2.9701e-25	0.00e+00	0.00e+00	9.5359e-01
5.73545e+18	6.0123e+03	2.708e-22	1.0000e+01	1.0812e+01	3.3325e-13	3.4987e-03	9.9650e-01	2.3414e-02	9.7658e-01	4.7377e-06	7.9042e-17	2.7035e-04	3.0878e-01	6.9064e-01	3.0497e-04	2.6164e-03	6.8106e-01	3.1633e-01	3.9933e-07	1.1755e-36	1.1755e-36	3.8777e-25	0.00e+00	0.00e+00	1.1860e+00
6.68266e+18	6.0587e+03	2.704e-22	1.0000e+01	1.0806e+01	3.8130e-13	3.8199e-03	9.9618e-01	2.6275e-02	9.7372e-01	1.8650e-06	1.0377e-16	3.0506e-04	3.3344e-01	6.6599e-01	2.6743e-04	3.0027e-03	7.0918e-01	2.8781e-01	1.4323e-07	1.1755e-36	1.1755e-36	5.1700e-25	0.00e+00	0.00e+00	1.3892e+00
7.49014e+18	6.1243e+03	2.713e-22	1.0000e+01	1.0800e+01	4.3199e-13	4.1767e-03	9.9582e-01	2.9486e-02	9.7051e-01	8.8996e-07	1.3673e-16	3.4284e-04	3.5892e-01	6.4051e-01	2.3517e-04	3.4329e-03	7.3545e-01	2.6111e-01	1.1755e-36	1.1755e-36	1.1755e-36	6.9796e-25	0.00e+00	0.00e+00	1.5929e+00
8.25939e+18	6.1989e+03	2.733e-22	1.0000e+01	1.0791e+01	4.9639e-13	4.6055e-03	9.9539e-01	3.3476e-02	9.6652e-01	4.5688e-07	1.8492e-16	3.8696e-04	3.8773e-01	6.1167e-01	2.0411e-04	3.9557e-03	7.6231e-01	2.3374e-01	1.1755e-36	1.1755e-36	1.1755e-36	9.7594e-25	0.00e+00	0.00e+00	1.8156e+00
9.00687e+18	6.2771e+03	2.763e-22	1.0000e+01	1.0781e+01	5.8191e-13	5.1309e-03	9.9487e-01	3.8598e-02	9.6140e-01	2.4745e-07	2.5698e-16	4.3942e-04	4.2087e-01	5.7852e-01	1.7381e-04	4.6040e-03	7.8990e-01	2.0549e-01	1.1755e-36	1.1755e-36	1.1755e-36	1.4112e-24	0.00e+00	0.00e+00	2.0518e+00
9.69727e+18	6.3609e+03	2.801e-22	1.0000e+01	1.0769e+01	6.8691e-13	5.7432e-03	9.9426e-01	4.4976e-02	9.5502e-01	1.4482e-07	3.6073e-16	4.9843e-04	4.5701e-01	5.4234e-01	1.4594e-04	5.3698e-03	8.1657e-01	1.7806e-01	1.1755e-36	1.1755e-36	1.1755e-36	2.0718e-24	0.00e+00	0.00e+00	2.2882e+00
1.03115e+19	6.4477e+03	2.841e-22	1.0000e+01	1.0756e+01	8.1076e-13	6.4282e-03	9.9357e-01	5.2700e-02	9.4730e-01	9.1827e-08	5.0463e-16	5.6172e-04	4.9473e-01	5.0458e-01	1.2130e-04	6.2373e-03	8.4109e-01	1.5267e-01	1.1755e-36	1.1755e-36	1.1755e-36	3.0419e-24	0.00e+00	0.00e+00	2.5223e+00
1.08633e+19	6.5223e+03	2.887e-22	1.0000e+01	1.0741e+01	9.7138e-13	7.2085e-03	9.9279e-01	6.2334e-02	9.3767e-01	6.1717e-08	7.0654e-16	6.2990e-04	5.3435e-01	4.6492e-01	9.9229e-05	7.2331e-03	8.6358e-01	1.2918e-01	1.1755e-36	1.1755e-36	1.1755e-36	4.4777e-24	0.00e+00	0.00e+00	2.7620e+00
1.13712e+19	6.5941e+03	2.937e-22	1.0000e+01	1.0723e+01	1.1767e-12	8.1097e-03	9.9189e-01	7.4659e-02	9.2534e-01	4.3128e-08	9.9484e-16	7.0385e-04	5.7621e-01	4.2300e-01	7.9427e-05	8.3911e-03	8.8426e-01	1.0735e-01	1.1755e-36	1.1755e-36	1.1755e-36	6.6573e-24	0.00e+00	0.00e+00	3.0124e+00
1.18028e+19	6.6427e+03	2.990e-22	1.0000e+01	1.0698e+01	1.4351e-12	9.0780e-03	9.9092e-01	8.9194e-02	9.1081e-01	3.1977e-08	1.3692e-15	7.7601e-04	6.1661e-01	3.8255e-01	6.3244e-05	9.6374e-03	9.0151e-01	8.8849e-02	1.1755e-36	1.1755e-36	1.1755e-36	9.6466e-24	0.00e+00	0.00e+00	3.2270e+00
1.21481e+19	6.6902e+03	3.033e-22	1.0000e+01	1.0675e+01	1.7037e-12	1.0021e-02	9.8998e-01	1.0529e-01	8.9471e-01	2.5135e-08	1.8090e-15	8.4132e-04	6.5246e-01	3.4664e-01	5.0896e-05	1.0856e-02	9.1492e-01	7.4222e-02	1.1755e-36	1.1755e-36	1.1755e-36	1.3370e-23	0.00e+00	0.00e+00	3.4271e+00
1.24630e+19	6.7244e+03	3.076e-22	1.0000e+01	1.0647e+01	2.0439e-12	1.1060e-02	9.8894e-01	1.2515e-01	8.7485e-01	1.9992e-08	2.3823e-15	9.0688e-04	6.8790e-01	3.1116e-01	4.0266e-05	1.2199e-02	9.2654e-01	6.1257e-02	1.1755e-36	1.1755e-36	1.1755e-36	1.8477e-23	0.00e+00	0.00e+00	3.6462e+00
1.27742e+19	6.7465e+03	3.125e-22	1.0000e+01	1.0613e+01	2.5192e-12	1.2310e-02	9.8769e-01	1.5232e-01	8.4768e-01	1.5825e-08	3.2001e-15	9.7738e-04	7.2531e-01	2.7368e-01	3.0626e-05	1.3812e-02	9.3718e-01	4.9005e-02	1.1755e-36	1.1755e-36	1.1755e-36	2.6165e-23	0.00e+00	0.00e+00	3.8860e+00
1.30643e+19	6.7868e+03	3.165e-22	1.0000e+01	1.0574e+01	3.0648e-12	1.3698e-02	9.8630e-01	1.8804e-01	8.1196e-01	1.2639e-08	4.2924e-15	1.0466e-03	7.6178e-01	2.3715e-01	2.2692e-05	1.5605e-02	9.4616e-01	3.8239e-02	1.1755e-36	1.1755e-36	1.1755e-36	3.7099e-23	0.00e+00	0.00e+00	4.1209e+00
1.33143e+19	6.8009e+03	3.202e-22	1.0000e+01	1.0518e+01	3.7609e-12	1.5165e-02	9.8484e-01	2.3173e-01	7.6827e-01	1.0165e-08	5.6577e-15	1.1082e-03	7.9444e-01	2.0444e-01	1.6652e-05	1.7492e-02	9.5294e-01	2.9571e-02	1.1755e-36	1.1755e-36	1.1755e-36	5.1362e-23	0.00e+00	0.00e+00	4.3398e+00
1.35025e+19	6.8134e+03	3.228e-22	1.0000e+01	1.0464e+01	4.4347e-12	1.6459e-02	9.8354e-01	2.7659e-01	7.2341e-01	8.4750e-09	7.0684e-15	1.1546e-03	8.1912e-01	1.7971e-01	1.2733e-05	1.9153e-02	9.5732e-01	2.3526e-02	1.1755e-36	1.1755e-36	1.1755e-36	6.6712e-23	0.00e+00	0.00e+00	4.4932e+00
1.36334e+19	6.8187e+03	3.244e-22	1.0000e+01	1.0423e+01	5.0293e-12	1.7492e-02	9.8251e-01	3.1675e-01	6.8325e-01	7.3591e-09	8.3534e-15	1.1873e-03	8.3627e-01	1.6253e-01	1.0297e-05	2.0474e-02	9.5993e-01	1.9595e-02	1.1755e-36	1.1755e-36	1.1755e-36	8.1061e-23	0.00e+00	0.00e+00	4.6195e+00
1.37649e+19	6.8159e+03	3.254e-22	1.0000e+01	1.0367e+01	5.7815e-12	1.8643e-02	9.8136e-01	3.6484e-01	6.3516e-01	6.1826e-09	9.9650e-15	1.2180e-03	8.5288e-01	1.4589e-01	8.1321e-06	2.1944e-02	9.6209e-01	1.5970e-02	1.1755e-36	1.1755e-36	1.1755e-36	9.9367e-23	0.00e+00	0.00e+00	4.7946e+00
1.39127e+19	6.8079e+03	3.271e-22	1.0000e+01	1.0317e+01	6.8663e-12	2.0138e-02	9.7986e-01	4.3093e-01	5.6907e-01	5.0110e-09	1.2362e-14	1.2531e-03	8.7055e-01	1.2819e-01	6.0885e-06	2.3841e-02	9.6381e-01	1.2344e-02	1.1755e-36	1.1755e-36	1.1755e-36	1.2752e-22	0.00e+00	0.00e+00	4.9813e+00
1.40470e+19	6.8003e+03	3.277e-22	1.0000e+01	1.0249e+01	8.0885e-12	2.1665e-02	9.7834e-01	5.0276e-01	4.9724e-01	3.9882e-09	1.5176e-14	1.2808e-03	8.8529e-01	1.1343e-01	4.5719e-06	2.5773e-02	9.6477e-01	9.4575e-03	1.1755e-36	1.1755e-36	1.1755e-36	1.6111e-22	0.00e+00	0.00e+00	5.1477e+00
1.41625e+19	6.7903e+03	3.276e-22	1.0000e+01	1.0173e+01	9.4008e-12	2.3136e-02	9.7686e-01	5.7250e-01	4.2750e-01	3.1513e-09	1.8252e-14	1.3010e-03	8.9670e-01	1.0199e-01	3.5041e-06	2.7628e-02	9.6505e-01	7.3215e-03	1.1755e-36	1.1755e-36	1.1755e-36	1.9839e-22	0.00e+00	0.00e+00	5.3076e+00
1.42884e+19	6.7719e+03	3.273e-22	1.0000e+01	1.0091e+01	1.1253e-11	2.4973e-02	9.7503e-01	6.5308e-01	3.4692e-01	2.3209e-09	2.2600e-14	1.3211e-03	9.0771e-01	9.0966e-02	2.5613e-06	2.9932e-02	9.6468e-01	5.3870e-03	1.1755e-36	1.1755e-36	1.1755e-36	2.5283e-22	0.00e+00	0.00e+00	5.5320e+00
1.44520e+19	6.7541e+03	3.255e-22	1.0000e+01	9.9469e+00	1.4217e-11	2.7637e-02	9.7236e-01	7.5290e-01	2.4710e-01	1.4446e-09	2.9714e-14	1.3374e-03	9.1906e-01	7.9599e-02	1.6840e-06	3.3262e-02	9.6324e-01	3.5007e-03	1.1755e-36	1.1755e-36	1.1755e-36	3.4611e-22	0.00e+00	0.00e+00	5.8548e+00
1.46353e+19	6.7212e+03	3.259e-22	1.0000e+01	9.8271e+00	1.9276e-11	3.1493e-02	9.6851e-01	8.4799e-01	1.5201e-01	7.7816e-10	4.1470e-14	1.3574e-03	9.2914e-01	6.9502e-02	1.0204e-06	3.8048e-02	9.5990e-01	2.0539e-03	1.1755e-36	1.1755e-36	1.1755e-36	5.2036e-22	0.00e+00	0.00e+00	6.2158e+00
1.48147e+19	6.6975e+03	3.279e-22	1.0000e+01	9.7438e+00	2.6739e-11	3.6453e-02	9.6355e-01	9.1280e-01	8.7198e-02	3.9743e-10	5.8763e-14	1.3779e-03	9.3695e-01	6.1671e-02	6.0439e-07	4.4172e-02	9.5466e-01	1.1669e-03	1.1755e-36	1.1755e-36	1.1755e-36	8.2465e-22	0.00e+00	0.00e+00	6.6238e+00
1.49877e+19	6.6971e+03	3.291e-22	1.0000e+01	9.6322e+00	3.7060e-11	4.2524e-02	9.5748e-01	9.5033e-01	4.9666e-02	2.0259e-10	8.2963e-14	1.3900e-03	9.4298e-01	5.5632e-02	3.5950e-07	5.1643e-02	9.4770e-01	6.6154e-04	1.1755e-36	1.1755e-36	1.1755e-36	1.3368e-21	0.00e+00	0.00e+00	7.0771e+00
1.51482e+19	6.6755e+03	3.323e-22	1.0000e+01	9.5544e+00	5.3531e-11	5.0296e-02	9.4970e-01	9.7068e-01	2.9323e-02	1.0848e-10	1.1937e-13	1.4047e-03	9.4836e-01	5.0230e-02	2.1422e-07	6.1171e-02	9.3845e-01	3.8272e-04	1.1755e-36	1.1755e-36	1.1755e-36	2.2653e-21	0.00e+00	0.00e+00	7.5601e+00
1.52866e+19	6.6741e+03	3.329e-22	1.0000e+01	9.4390e+00	7.5001e-11	5.9062e-02	9.4094e-01	9.8117e-01	1.8828e-02	6.4464e-11	1.6741e-13	1.4093e-03	9.5274e-01	4.5851e-02	1.3438e-07	7.1880e-02	9.2788e-01	2.3509e-04	1.1755e-36	1.1755e-36	1.1755e-36	3.7342e-21	0.00e+00	0.00e+00	8.0254e+00
1.54027e+19	6.6595e+03	3.341e-22	1.0000e+01	9.3580e+00	1.0508e-10	6.9047e-02	9.3095e-01	9.8693e-01	1.3074e-02	4.1963e-11	2.3290e-13	1.4157e-03	9.5671e-01	4.1874e-02	1.1755e-36	8.4027e-02	9.1582e-01	1.5293e-04	1.1755e-36	1.1755e-36	1.1755e-36	6.1176e-21	0.00e+00	0.00e+00	8.4937e+00
1.55041e+19	6.6559e+03	3.325e-22	1.0000e+01	9.2354e+00	1.4375e-10	8.0064e-02	9.1994e-01	9.9042e-01	9.5812e-03	2.9244e-11	3.1723e-13	1.4130e-03	9.6015e-01	3.8433e-02	1.1755e-36	9.7368e-02	9.0253e-01	1.0340e-04	1.1755e-36	1.1755e-36	1.1755e-36	9.7366e-21	0.00e+00	0.00e+00	8.9754e+00
1.55965e+19	6.6384e+03	3.295e-22	1.0000e+01	9.0882e+00	1.9960e-10	9.2974e-02	9.0703e-01	9.9277e-01	7.2257e-03	2.1110e-11	4.3304e-13	1.4053e-03	9.6344e-01	3.5158e-02	1.1755e-36	1.1292e-01	8.8701e-01	7.1021e-05	1.1755e-36	1.1755e-36	1.1755e-36	1.5560e-20	0.00e+00	0.00e+00	9.5014e+00
1.56830e+19	6.6158e+03	3.253e-22	1.0000e+01	8.9367e+00	2.8313e-10	1.0880e-01	8.9120e-01	9.9442e-01	5.5831e-03	1.5684e-11	6.0246e-13	1.3958e-03	9.6670e-01	3.1900e-02	1.1755e-36	1.3186e-01	8.6810e-01	4.8866e-05	1.1755e-36	1.1755e-36	1.1755e-36	2.5678e-20	0.00e+00	0.00e+00	1.0074e+01
1.57614e+19	6.5881e+03	3.185e-22	1.0000e+01	8.7411e+00	4.0442e-10	1.2733e-01	8.7267e-01	9.9557e-01	4.4350e-03	1.2098e-11	8.3771e-13	1.3780e-03	9.6974e-01	2.8884e-02	1.1755e-36	1.5386e-01	8.4611e-01	3.4096e-05	1.1755e-36	1.1755e-36	1.1755e-36	4.2416e-20	0.00e+00	0.00e+00	1.0664e+01
1.58304e+19	6.5502e+03	3.100e-22	1.0000e+01	8.5278e+00	5.8022e-10	1.4858e-01	8.5142e-01	9.9637e-01	3.6335e-03	9.6938e-12	1.1604e-12	1.3559e-03	9.7255e-01	2.6092e-02	1.1755e-36	1.7885e-01	8.2113e-01	2.4245e-05	1.1755e-36	1.1755e-36	1.1755e-36	6.9853e-20	0.00e+00	0.00e+00	1.1271e+01
1.58918e+19	6.5013e+03	2.994e-22	1.0000e+01	8.2857e+00	8.3591e-10	1.7271e-01	8.2729e-01	9.9695e-01	3.0508e-03	8.0177e-12	1.5980e-12	1.3281e-03	9.7515e-01	2.3523e-02	1.1755e-36	2.0694e-01	7.9305e-01	1.7496e-05	1.1755e-36	1.1755e-36	1.1755e-36	1.1432e-19	0.00e+00	0.00e+00	1.1905e+01
1.59477e+19	6.4381e+03	2.865e-22	1.0000e+01	8.0076e+00	1.2196e-09	2.0045e-01	7.9955e-01	9.9739e-01	2.6081e-03	6.7972e-12	2.1996e-12	1.2938e-03	9.7759e-01	2.1119e-02	1.1755e-36	2.3883e-01	7.6116e-01	1.2704e-05	1.1755e-36	1.1755e-36	1.1755e-36	1.8762e-19	0.00e+00	0.00e+00	1.2584e+01
1.59996e+19	6.3557e+03	2.710e-22	1.0000e+01	7.6858e+00	1.8198e-09	2.3274e-01	7.6726e-01	9.9774e-01	2.2588e-03	5.8781e-12	3.0426e-12	1.2518e-03	9.7991e-01	1.8841e-02	1.1755e-36	2.7543e-01	7.2456e-01	9.2171e-06	1.1755e-36	1.1755e-36	1.1755e-36	3.1179e-19	0.00e+00	0.00e+00	1.3321e+01
1.60480e+19	6.2490e+03	2.526e-22	1.0000e+01	7.3124e+00	2.7913e-09	2.7015e-01	7.2985e-01	9.9801e-01	1.9857e-03	5.1998e-12	4.2295e-12	1.2010e-03	9.8211e-01	1.6692e-02	1.1755e-36	3.1717e-01	6.8282e-01	6.6696e-06	1.1755e-36	1.1755e-36	1.1755e-36	5.2576e-19	0.00e+00	0.00e+00	1.4118e+01
1.60897e+19	6.1252e+03	2.333e-22	1.0000e+01	6.9140e+00	4.2607e-09	3.0961e-01	6.9039e-01	9.9821e-01	1.7923e-03	4.7651e-12	5.7533e-12	1.1449e-03	9.8399e-01	1.4866e-02	1.1755e-36	3.6043e-01	6.3957e-01	4.9456e-06	1.1755e-36	1.1755e-36	1.1755e-36	8.6452e-19	0.00e+00	0.00e+00	1.4833e+01
1.61207e+19	6.0061e+03	2.166e-22	1.0000e+01	6.5664e+00	6.0928e-09	3.4433e-01	6.5567e-01	9.9833e-01	1.6689e-03	4.5175e-12	7.3663e-12	1.0950e-03	9.8539e-01	1.3514e-02	1.1755e-36	3.9784e-01	6.0215e-01	3.8992e-06	1.1755e-36	1.1755e-36	1.1755e-36	1.3015e-18	0.00e+00	0.00e+00	1.5385e+01
1.61430e+19	5.9014e+03	2.034e-22	1.0000e+01	6.2881e+00	8.0866e-09	3.7214e-01	6.2786e-01	9.9841e-01	1.5899e-03	4.3751e-12	8.8764e-12	1.0545e-03	9.8640e-01	1.2542e-02	1.1755e-36	4.2740e-01	5.7260e-01	3.2580e-06	1.1755e-36	1.1755e-36	1.1755e-36	1.7859e-18	0.00e+00	0.00e+00	1.5836e+01
1.61612e+19	5.8012e+03	1.918e-22	1.0000e+01	6.0423e+00	1.0387e-08	3.9667e-01	6.0333e-01	9.9847e-01	1.5273e-03	4.2683e-12	1.0401e-11	1.0185e-03	9.8724e-01	1.1745e-02	1.1755e-36	4.5316e-01	5.4683e-01	2.7956e-06	1.1755e-36	1.1755e-36	1.1755e-36	2.3529e-18	0.00e+00	0.00e+00	1.6270e+01
1.61738e+19	5.7292e+03	1.838e-22	1.0000e+01	5.8658e+00	1.2394e-08	4.1428e-01	5.8572e-01	9.9851e-01	1.4933e-03	4.2292e-12	1.1622e-11	9.9233e-04	9.8776e-01	1.1251e-02	1.1755e-36	4.7148e-01	5.2852e-01	2.5197e-06	1.1755e-36	1.1755e-36	1.1755e-36	2.8662e-18	0.00e+00	0.00e+00	1.6475e+01
1.61801e+19	5.6879e+03	1.797e-22	1.0000e+01	5.7744e+00	1.3631e-08	4.2352e-01	5.7648e-01	9.9853e-01	1.4745e-03	4.2038e-12	1.2317e-11	9.7885e-04	9.8803e-01	1.0991e-02	1.1755e-36	4.8104e-01	5.1896e-01	2.3871e-06	1.1755e-36	1.1755e-36	1.1755e-36	3.1838e-18	0.00e+00	0.00e+00	1.6604e+01
1.61852e+19	5.6527e+03	1.762e-22	1.0000e+01	5.6978e+00	1.4755e-08	4.3114e-01	5.6886e-01	9.9854e-01	1.4583e-03	4.1801e-12	1.2919e-11	9.6751e-04	9.8826e-01	1.0770e-02	1.1755e-36	4.8889e-01	5.1111e-01	2.2814e-06	1.1755e-36	1.1755e-36	1.1755e-36	3.4736e-18	0.00e+00	0.00e+00	1.6749e+01
1.61913e+19	5.5961e+03	1.723e-22	1.0000e+01	5.6127e+00	1.6551e-08	4.4137e-01	5.5863e-01	9.9856e-01	1.4353e-03	4.1293e-12	1.3820e-11	9.5549e-04	9.8858e-01	1.0468e-02	1.1755e-36	4.9941e-01	5.0059e-01	2.1524e-06	1.1755e-36	1.1755e-36	1.1755e-36	3.9373e-18	0.00e+00	0.00e+00	1.6942e+01
1.61980e+19	5.5592e+03	1.673e-22	1.0000e+01	5.4996e+00	1.8121e-08	4.5080e-01	5.4920e-01	9.9858e-01	1.4202e-03	4.1312e-12	1.4605e-11	9.3804e-04	9.8884e-01	1.0221e-02	1.1755e-36	5.0904e-01	4.9096e-01	2.0329e-06	1.1755e-36	1.1755e-36	1.1755e-36	4.3635e-18	0.00e+00	0.00e+00	1.7124e+01
1.62049e+19	5.5027e+03	1.625e-22	1.0000e+01	5.3893e+00	2.0402e-08	4.6181e-01	5.3819e-01	9.9860e-01	1.4003e-03	4.1072e-12	1.5656e-11	9.2167e-04	9.8915e-01	9.9249e-03	1.1755e-36	5.2024e-01	4.7976e-01	1.9081e-06	1.1755e-36	1.1755e-36	1.1755e-36	4.9787e-18	0.00e+00	0.00e+00	1.7338e+01
1.62118e+19	5.4453e+03	1.576e-22	1.0000e+01	5.2768e+00	2.3008e-08	4.7307e-01	5.2693e-01	9.9862e-01	1.3822e-03	4.0906e-12	1.6812e-11	9.0489e-04	9.8946e-01	9.6384e-03	1.1755e-36	5.3164e-01	4.6836e-01	1.7900e-06	1.1755e-36	1.1755e-36	1.1755e-36	5.7105e-18	0.00e+00	0.00e+00	1.7535e+01
1.62180e+19	5.3882e+03	1.532e-22	1.0000e+01	5.1753e+00	2.5799e-08	4.8343e-01	5.1657e-01	9.9863e-01	1.3661e-03	4.0749e-12	1.7977e-11	8.8984e-04	9.8973e-01	9.3816e-03	1.1755e-36	5.4208e-01	4.5792e-01	1.6896e-06	1.1755e-36	1.1755e-36	1.1755e-36	6.5102e-18	0.00e+00	0.00e+00	1.7713e+01
1.62236e+19	5.3423e+03	1.492e-22	1.0000e+01	5.0810e+00	2.8408e-08	4.9261e-01	5.0739e-01	9.9865e-01	1.3531e-03	4.0706e-12	1.9059e-11	8.7556e-04	9.8996e-01	9.1599e-03	1.1755e-36	5.5129e-01	4.4871e-01	1.6039e-06	1.1755e-36	1.1755e-36	1.1755e-36	7.3045e-18	0.00e+00	0.00e+00	1.7880e+01
1.62293e+19	5.2821e+03	1.451e-22	1.0000e+01	4.9842e+00	3.1849e-08	5.0245e-01	4.9755e-01	9.9866e-01	1.3383e-03	4.0559e-12	2.0362e-11	8.6129e-04	9.9022e-01	8.9226e-03	1.1755e-36	5.6113e-01	4.3887e-01	1.5194e-06	1.1755e-36	1.1755e-36	1.1755e-36	8.3432e-18	0.00e+00	0.00e+00	1.8066e+01
1.62349e+19	5.2239e+03	1.411e-22	1.0000e+01	4.8902e+00	3.5646e-08	5.1244e-01	4.8756e-01	9.9868e-01	1.3242e-03	4.0432e-12	2.1800e-11	8.4731e-04	9.9046e-01	8.6896e-03	1.1755e-36	5.7107e-01	4.2893e-01	1.4386e-06	1.1755e-36	1.1755e-36	1.1755e-36	9.5771e-18	0.00e+00	0.00e+00	1.8241e+01
1.62401e+19	5.1703e+03	1.373e-22	1.0000e+01	4.7970e+00	3.9510e-08	5.2157e-01	4.7843e-01	9.9869e-01	1.3128e-03	4.0423e-12	2.3204e-11	8.3329e-04	9.9068e-01	8.4835e-03	1.1755e-36	5.8012e-01	4.1988e-01	1.3679e-06	1.1755e-36	1.1755e-36	1.1755e-36	1.0879e-17	0.00e+00	0.00e+00	1.8408e+01
1.62453e+19	5.1167e+03	1.336e-22	1.0000e+01	4.7058e+00	4.3774e-08	5.3068e-01	4.6932e-01	9.9870e-01	1.3015e-03	4.0408e-12	2.4730e-11	8.1958e-04	9.9090e-01	8.2797e-03	1.1755e-36	5.8911e-01	4.1089e-01	1.3007e-06	1.1755e-36	1.1755e-36	1.1755e-36	1.2401e-17	0.00e+00	0.00e+00	1.8583e+01
1.62506e+19	5.0568e+03	1.297e-22	1.0000e+01	4.6068e+00	4.8842e-08	5.3999e-01	4.6001e-01	9.9871e-01	1.2905e-03	4.0443e-12	2.6442e-11	8.0473e-04	9.9112e-01	8.0777e-03	1.1755e-36	5.9827e-01	4.0173e-01	1.2358e-06	1.1755e-36	1.1755e-36	1.1755e-36	1.4257e-17	0.00e+00	0.00e+00	1.8765e+01
1.62558e+19	4.9992e+03	1.258e-22	1.0000e+01	4.5120e+00	5.4354e-08	5.4939e-01	4.5061e-01	9.9872e-01	1.2800e-03	4.0482e-12	2.8327e-11	7.9041e-04	9.9133e-01	7.8773e-03	1.1755e-36	6.0747e-01	3.9253e-01	1.1735e-06	1.1755e-36	1.1755e-36	1.1755e-36	1.6452e-17	0.00e+00	0.00e+00	1.8943e+01
1.62609e+19	4.9337e+03	1.222e-22	1.0000e+01	4.4193e+00	6.0937e-08	5.5897e-01	4.4103e-01	9.9873e-01	1.2684e-03	4.0442e-12	3.0142e-11	7.7670e-04	9.9156e-01	7.6670e-03	1.1755e-36	6.1683e-01	3.8317e-01	1.1145e-06	1.1755e-36	1.1755e-36	1.1755e-36	1.8719e-17	0.00e+00	0.00e+00	1.9122e+01
1.62658e+19	4.8707e+03	1.187e-22	1.0000e+01	4.3283e+00	6.7895e-08	5.6803e-01	4.3197e-01	9.9874e-01	1.2587e-03	4.0474e-12	3.1954e-11	7.6316e-04	9.9176e-01	7.4737e-03	1.1755e-36	6.2563e-01	3.7437e-01	1.0613e-06	1.1755e-36	1.1755e-36	1.1755e-36	2.1156e-17	0.00e+00	0.00e+00	1.9291e+01
1.62704e+19	4.8085e+03	1.154e-22	1.0000e+01	4.2413e+00	7.5385e-08	5.7675e-01	4.2325e-01	9.9875e-01	1.2495e-03	4.0507e-12	3.3807e-11	7.5022e-04	9.9196e-01	7.2896e-03	1.1755e-36	6.3407e-01	3.6593e-01	1.0125e-06	1.1755e-36	1.1755e-36	1.1755e-36	2.3830e-17	0.00e+00	0.00e+00	1.9458e+01
1.62750e+19	4.7446e+03	1.121e-22	1.0000e+01	4.1543e+00	8.3726e-08	5.8547e-01	4.1453e-01	9.9876e-01	1.2404e-03	4.0547e-12	3.5769e-11	7.3732e-04	9.9216e-01	7.1076e-03	1.1755e-36	6.4249e-01	3.5751e-01	9.6585e-07	1.1755e-36	1.1755e-36	1.1755e-36	2.6866e-17	0.00e+00	0.00e+00	1.9628e+01
1.62797e+19	4.6784e+03	1.088e-22	1.0000e+01	4.0664e+00	9.3095e-08	5.9429e-01	4.0571e-01	9.9877e-01	1.2315e-03	4.0597e-12	3.7865e-11	7.2432e-04	9.9235e-01	6.9261e-03	1.1755e-36	6.5098e-01	3.4902e-01	9.2084e-07	1.1755e-36	1.1755e-36	1.1755e-36	3.0341e-17	0.00e+00	0.00e+00	1.9802e+01
1.62843e+19	4.6071e+03	1.056e-22	1.0000e+01	3.9771e+00	1.0386e-07	6.0323e-01	3.9677e-01	9.9878e-01	1.2225e-03	4.0639e-12	4.0109e-11	7.1124e-04	9.9254e-01	6.7452e-03	1.1755e-36	6.5953e-01	3.4046e-01	8.7775e-07	1.1755e-36	1.1755e-36	1.1755e-36	3.4345e-17	0.00e+00	0.00e+00	1.9977e+01
1.62888e+19	4.5379e+03	1.024e-22	1.0000e+01	3.8901e+00	1.1520e-07	6.1193e-01	3.8807e-01	9.9879e-01	1.2142e-03	4.0710e-12	4.2379e-11	6.9845e-04	9.9273e-01	6.5717e-03	1.1755e-36	6.6785e-01	3.3215e-01	8.3731e-07	1.1755e-36	1.1755e-36	1.1755e-36	3.8670e-17	0.00e+00	0.00e+00	2.0149e+01
1.62933e+19	4.4665e+03	9.931e-23	1.0000e+01	3.8034e+00	1.2765e-07	6.2065e-01	3.7935e-01	9.9879e-01	1.2060e-03	4.0778e-12	4.4740e-11	6.8579e-04	9.9291e-01	6.3996e-03	1.1755e-36	6.7615e-01	3.2385e-01	7.9864e-07	1.1755e-36	1.1755e-36	1.1755e-36	4.3475e-17	0.00e+00	0.00e+00	2.0325e+01
1.62978e+19	4.3911e+03	9.617e-23	1.0000e+01	3.7145e+00	1.4155e-07	6.2961e-01	3.7039e-01	9.9880e-01	1.1975e-03	4.0848e-12	4.7231e-11	6.7288e-04	9.9310e-01	6.2250e-03	1.1755e-36	6.8464e-01	3.1536e-01	7.6068e-07	1.1755e-36	1.1755e-36	1.1755e-36	4.8879e-17	0.00e+00	0.00e+00	2.0509e+01
1.63025e+19	4.3129e+03	9.297e-23	1.0000e+01	3.6214e+00	1.5657e-07	6.3862e-01	3.6138e-01	9.9881e-01	1.1899e-03	4.0984e-12	4.9738e-11	6.5932e-04	9.9329e-01	6.0527e-03	1.1755e-36	6.9316e-01	3.0684e-01	7.2400e-07	1.1755e-36	1.1755e-36	1.1755e-36	5.4668e-17	0.00e+00	0.00e+00	2.0699e+01
1.63073e+19	4.2336e+03	8.970e-23	1.0000e+01	3.5264e+00	1.7247e-07	6.4786e-01	3.5214e-01	9.9882e-01	1.1825e-03	4.1159e-12	5.2286e-11	6.4545e-04	9.9348e-01	5.8783e-03	1.1755e-36	7.0185e-01	2.9815e-01	6.8774e-07	1.1755e-36	1.1755e-36	1.1755e-36	6.0870e-17	0.00e+00	0.00e+00	2.0900e+01
1.63124e+19	4.1385e+03	8.632e-23	1.0000e+01	3.4270e+00	1.9177e-07	6.5820e-01	3.4180e-01	9.9883e-01	1.1725e-03	4.1195e-12	5.5137e-11	6.3149e-04	9.9368e-01	5.6839e-03	1.1755e-36	7.1154e-01	2.8846e-01	6.4983e-07	1.1755e-36	1.1755e-36	1.1755e-36	6.8190e-17	0.00e+00	0.00e+00	2.1121e+01
1.63177e+19	4.0432e+03	8.285e-23	1.0000e+01	3.3224e+00	2.1100e-07	6.6852e-01	3.3148e-01	9.9884e-01	1.1643e-03	4.1372e-12	5.7750e-11	6.1661e-04	9.9389e-01	5.4952e-03	1.1755e-36	7.2117e-01	2.7883e-01	6.1337e-07	1.1755e-36	1.1755e-36	1.1755e-36	7.5200e-17	0.00e+00	0.00e+00	2.1344e+01
1.63233e+19	3.9327e+03	7.929e-23	1.0000e+01	3.2123e+00	2.3225e-07	6.7965e-01	3.2035e-01	9.9885e-01	1.1542e-03	4.1463e-12	6.0271e-11	6.0146e-04	9.9411e-01	5.2930e-03	1.1755e-36	7.3153e-01	2.6847e-01	5.7641e-07	1.1755e-36	1.1755e-36	1.1755e-36	8.2161e-17	0.00e+00	0.00e+00	2.1593e+01
###########################
5.45150e+14	6.6626e+03	3.233e-22	1.0000e+01	1.0831e+01	1.2656e-13	2.7503e-03	9.9725e-01	1.4845e-02	9.8298e-01	2.1786e-03	3.1955e-17	1.6550e-04	2.1874e-01	7.8041e-01	6.9084e-04	1.5201e-03	5.3967e-01	4.5847e-01	3.3429e-04	1.1755e-36	1.1755e-36	1.9953e-25	0.00e+00	0.00e+00	1.8932e-04
3.27090e+15	6.6604e+03	3.232e-22	1.0000e+01	1.0830e+01	1.2671e-13	2.7496e-03	9.9725e-01	1.4846e-02	9.8298e-01	2.1766e-03	3.1926e-17	1.6540e-04	2.1876e-01	7.8039e-01	6.9160e-04	1.5194e-03	5.3955e-01	4.5859e-01	3.3320e-04	1.1755e-36	1.1755e-36	1.9923e-25	0.00e+00	0.00e+00	9.4641e-04
1.41739e+16	6.6549e+03	3.229e-22	1.0000e+01	1.0830e+01	1.2719e-13	2.7491e-03	9.9725e-01	1.4856e-02	9.8298e-01	2.1616e-03	3.1931e-17	1.6550e-04	2.1890e-01	7.8025e-01	6.8941e-04	1.5195e-03	5.3962e-01	4.5854e-01	3.2833e-04	1.1755e-36	1.1755e-36	1.9897e-25	0.00e+00	0.00e+00	3.9742e-03
5.77859e+16	6.6445e+03	3.219e-22	1.0000e+01	1.0829e+01	1.2826e-13	2.7489e-03	9.9725e-01	1.4899e-02	9.8301e-01	2.0872e-03	3.2046e-17	1.6617e-04	2.1943e-01	7.7972e-01	6.8239e-04	1.5224e-03	5.4029e-01	4.5788e-01	3.0930e-04	1.1755e-36	1.1755e-36	1.9903e-25	0.00e+00	0.00e+00	1.6085e-02
1.38032e+17	6.5961e+03	3.187e-22	1.0000e+01	1.0829e+01	1.3056e-13	2.7265e-03	9.9727e-01	1.4921e-02	9.8304e-01	2.0350e-03	3.1475e-17	1.6601e-04	2.1984e-01	7.7932e-01	6.7447e-04	1.5128e-03	5.4066e-01	4.5755e-01	2.8455e-04	1.1755e-36	1.1755e-36	1.9203e-25	0.00e+00	0.00e+00	3.1700e-02
2.42352e+17	6.5455e+03	3.153e-22	1.0000e+01	1.0829e+01	1.3374e-13	2.7090e-03	9.9729e-01	1.4973e-02	9.8312e-01	1.9105e-03	3.1151e-17	1.6636e-04	2.2059e-01	7.7858e-01	6.6154e-04	1.5091e-03	5.4191e-01	4.5632e-01	2.5380e-04	1.1755e-36	1.1755e-36	1.8687e-25	0.00e+00	0.00e+00	5.1870e-02
3.77968e+17	6.4908e+03	3.116e-22	1.0000e+01	1.0829e+01	1.3771e-13	2.6953e-03	9.9730e-01	1.5058e-02	9.8322e-01	1.7180e-03	3.0964e-17	1.6704e-04	2.2172e-01	7.7747e-01	6.4354e-04	1.5108e-03	5.4416e-01	4.5411e-01	2.1757e-04	1.1755e-36	1.1755e-36	1.8218e-25	0.00e+00	0.00e+00	7.7957e-02
5.54268e+17	6.4303e+03	3.075e-22	1.0000e+01	1.0829e+01	1.4318e-13	2.6862e-03	9.9731e-01	1.5187e-02	9.8335e-01	1.4620e-03	3.1038e-17	1.6814e-04	2.2337e-01	7.7585e-01	6.2024e-04	1.5196e-03	5.4768e-01	4.5062e-01	1.7709e-04	1.1755e-36	1.1755e-36	1.7905e-25	0.00e+00	0.00e+00	1.1176e-01
7.83459e+17	6.3645e+03	3.031e-22	1.0000e+01	1.0829e+01	1.5011e-13	2.6835e-03	9.9732e-01	1.5376e-02	9.8347e-01	1.1583e-03	3.1364e-17	1.6996e-04	2.2570e-01	7.7354e-01	5.9193e-04	1.5375e-03	5.5279e-01	4.4553e-01	1.3474e-04	1.1755e-36	1.1755e-36	1.7683e-25	0.00e+00	0.00e+00	1.5565e-01
1.08141e+18	6.2940e+03	2.982e-22	1.0000e+01	1.0828e+01	1.5918e-13	2.6904e-03	9.9731e-01	1.5647e-02	9.8352e-01	8.3725e-04	3.2099e-17	1.7284e-04	2.2899e-01	7.7028e-01	5.5949e-04	1.5679e-03	5.5986e-01	4.3848e-01	9.3970e-05	1.1755e-36	1.1755e-36	1.7651e-25	0.00e+00	0.00e+00	2.1286e-01
1.46874e+18	6.2205e+03	2.931e-22	1.0000e+01	1.0827e+01	1.7118e-13	2.7119e-03	9.9729e-01	1.6037e-02	9.8342e-01	5.3921e-04	3.3458e-17	1.7729e-04	2.3362e-01	7.6568e-01	5.2410e-04	1.6157e-03	5.6931e-01	4.2902e-01	5.8623e-05	1.1755e-36	1.1755e-36	1.7920e-25	0.00e+00	0.00e+00	2.8783e-01
1.97227e+18	6.1473e+03	2.878e-22	1.0000e+01	1.0826e+01	1.8723e-13	2.7562e-03	9.9724e-01	1.6605e-02	9.8309e-01	3.0110e-04	3.5799e-17	1.8411e-04	2.4017e-01	7.5916e-01	4.8659e-04	1.6889e-03	5.8175e-01	4.1653e-01	3.1757e-05	1.1755e-36	1.1755e-36	1.8663e-25	0.00e+00	0.00e+00	3.8688e-01
2.62686e+18	6.0777e+03	2.827e-22	1.0000e+01	1.0825e+01	2.0950e-13	2.8368e-03	9.9716e-01	1.7456e-02	9.8240e-01	1.4137e-04	3.9817e-17	1.9449e-04	2.4963e-01	7.4973e-01	4.4657e-04	1.8016e-03	5.9814e-01	4.0004e-01	1.4410e-05	1.1755e-36	1.1755e-36	2.0220e-25	0.00e+00	0.00e+00	5.1942e-01
3.47783e+18	6.0283e+03	2.777e-22	1.0000e+01	1.0822e+01	2.3927e-13	2.9731e-03	9.9703e-01	1.8735e-02	9.8121e-01	5.3998e-05	4.6849e-17	2.1106e-04	2.6338e-01	7.3601e-01	4.0285e-04	1.9762e-03	6.1994e-01	3.7807e-01	5.2541e-06	1.1755e-36	1.1755e-36	2.3298e-25	0.00e+00	0.00e+00	6.9999e-01
4.58409e+18	5.9971e+03	2.740e-22	1.0000e+01	1.0817e+01	2.8627e-13	3.2118e-03	9.9679e-01	2.0824e-02	9.7916e-01	1.6201e-05	6.0425e-17	2.3790e-04	2.8447e-01	7.1494e-01	3.5160e-04	2.2651e-03	6.4988e-01	3.4785e-01	1.4642e-06	1.1755e-36	1.1755e-36	2.9699e-25	0.00e+00	0.00e+00	9.5359e-01
5.73544e+18	6.0123e+03	2.708e-22	1.0000e+01	1.0812e+01	3.3325e-13	3.4987e-03	9.9650e-01	2.3414e-02	9.7658e-01	4.7378e-06	7.9040e-17	2.7035e-04	3.0878e-01	6.9064e-01	3.0497e-04	2.6164e-03	6.8106e-01	3.1633e-01	3.9933e-07	1.1755e-36	1.1755e-36	3.8775e-25	0.00e+00	0.00e+00	1.1860e+00
6.68266e+18	6.0587e+03	2.704e-22	1.0000e+01	1.0806e+01	3.8129e-13	3.8199e-03	9.9618e-01	2.6275e-02	9.7372e-01	1.8650e-06	1.0377e-16	3.0506e-04	3.3344e-01	6.6599e-01	2.6743e-04	3.0027e-03	7.0918e-01	2.8781e-01	1.4323e-07	1.1755e-36	1.1755e-36	5.1696e-25	0.00e+00	0.00e+00	1.3892e+00
7.49014e+18	6.1243e+03	2.713e-22	1.0000e+01	1.0800e+01	4.3197e-13	4.1767e-03	9.9582e-01	2.9486e-02	9.7051e-01	8.8996e-07	1.3672e-16	3.4284e-04	3.5892e-01	6.4051e-01	2.3517e-04	3.4329e-03	7.3545e-01	2.6111e-01	1.1755e-36	1.1755e-36	1.1755e-36	6.9791e-25	0.00e+00	0.00e+00	1.5929e+00
8.25939e+18	6.1989e+03	2.733e-22	1.0000e+01	1.0791e+01	4.9637e-13	4.6055e-03	9.9539e-01	3.3476e-02	9.6652e-01	4.5688e-07	1.8491e-16	3.8696e-04	3.8773e-01	6.1167e-01	2.0411e-04	3.9557e-03	7.6231e-01	2.3374e-01	1.1755e-36	1.1755e-36	1.1755e-36	9.7586e-25	0.00e+00	0.00e+00	1.8156e+00
9.00687e+18	6.2771e+03	2.763e-22	1.0000e+01	1.0781e+01	5.8189e-13	5.1309e-03	9.9487e-01	3.8598e-02	9.6140e-01	2.4745e-07	2.5697e-16	4.3942e-04	4.2087e-01	5.7852e-01	1.7381e-04	4.6040e-03	7.8990e-01	2.0549e-01	1.1755e-36	1.1755e-36	1.1755e-36	1.4110e-24	0.00e+00	0.00e+00	2.0518e+00
9.69727e+18	6.3609e+03	2.801e-22	1.0000e+01	1.0769e+01	6.8688e-13	5.7432e-03	9.9426e-01	4.4976e-02	9.5502e-01	1.4482e-07	3.6072e-16	4.9843e-04	4.5701e-01	5.4234e-01	1.4594e-04	5.3698e-03	8.1657e-01	1.7806e-01	1.1755e-36	1.1755e-36	1.1755e-36	2.0716e-24	0.00e+00	0.00e+00	2.2882e+00
1.03115e+19	6.4423e+03	2.843e-22	1.0000e+01	1.0756e+01	8.1524e-13	6.4324e-03	9.9357e-01	5.2723e-02	9.4728e-01	9.1757e-08	5.0539e-16	5.6194e-04	4.9485e-01	5.0446e-01	1.2120e-04	6.2416e-03	8.4113e-01	1.5262e-01	1.1755e-36	1.1755e-36	1.1755e-36	3.0455e-24	0.00e+00	0.00e+00	2.5224e+00
1.08624e+19	6.5141e+03	2.890e-22	1.0000e+01	1.0739e+01	9.7913e-13	7.2141e-03	9.9279e-01	6.2295e-02	9.3771e-01	6.1633e-08	7.0748e-16	6.3004e-04	5.3441e-01	4.6486e-01	9.9150e-05	7.2386e-03	8.6359e-01	1.2917e-01	1.1755e-36	1.1755e-36	1.1755e-36	4.4814e-24	0.00e+00	0.00e+00	2.7615e+00
1.13685e+19	6.5886e+03	2.938e-22	1.0000e+01	1.0721e+01	1.1815e-12	8.1102e-03	9.9189e-01	7.4536e-02	9.2546e-01	4.3141e-08	9.9394e-16	7.0330e-04	5.7603e-01	4.2318e-01	7.9478e-05	8.3905e-03	8.8418e-01	1.0743e-01	1.1755e-36	1.1755e-36	1.1755e-36	6.6466e-24	0.00e+00	0.00e+00	3.0111e+00
1.17996e+19	6.6575e+03	2.987e-22	1.0000e+01	1.0705e+01	1.4147e-12	9.0608e-03	9.9094e-01	8.9223e-02	9.1078e-01	3.2194e-08	1.3651e-15	7.7483e-04	6.1615e-01	3.8301e-01	6.3449e-05	9.6172e-03	9.0139e-01	8.8988e-02	1.1755e-36	1.1755e-36	1.1755e-36	9.6378e-24	0.00e+00	0.00e+00	3.2255e+00
1.21456e+19	6.6902e+03	3.033e-22	1.0000e+01	1.0675e+01	1.7013e-12	1.0015e-02	9.8998e-01	1.0525e-01	8.9475e-01	2.5195e-08	1.8060e-15	8.4107e-04	6.5231e-01	3.4680e-01	5.0954e-05	1.0849e-02	9.1486e-01	7.4296e-02	1.1755e-36	1.1755e-36	1.1755e-36	1.3341e-23	0.00e+00	0.00e+00	3.4262e+00
1.24614e+19	6.7233e+03	3.077e-22	1.0000e+01	1.0647e+01	2.0443e-12	1.1057e-02	9.8894e-01	1.2510e-01	8.7490e-01	2.0015e-08	2.3805e-15	9.0671e-04	6.8780e-01	3.1125e-01	4.0292e-05	1.2195e-02	9.2651e-01	6.1296e-02	1.1755e-36	1.1755e-36	1.1755e-36	1.8457e-23	0.00e+00	0.00e+00	3.6455e+00
1.27726e+19	6.7550e+03	3.123e-22	1.0000e+01	1.0617e+01	2.4980e-12	1.2297e-02	9.8770e-01	1.5227e-01	8.4773e-01	1.5882e-08	3.1937e-15	9.7729e-04	7.2514e-01	2.7385e-01	3.0680e-05	1.3796e-02	9.3716e-01	4.9045e-02	1.1755e-36	1.1755e-36	1.1755e-36	2.6125e-23	0.00e+00	0.00e+00	3.8850e+00
1.30628e+19	6.7917e+03	3.166e-22	1.0000e+01	1.0582e+01	3.0532e-12	1.3692e-02	9.8631e-01	1.8829e-01	8.1171e-01	1.2698e-08	4.2959e-15	1.0462e-03	7.6178e-01	2.3715e-01	2.2701e-05	1.5597e-02	9.4616e-01	3.8247e-02	1.1755e-36	1.1755e-36	1.1755e-36	3.7188e-23	0.00e+00	0.00e+00	4.1200e+00
1.33124e+19	6.8003e+03	3.201e-22	1.0000e+01	1.0515e+01	3.7552e-12	1.5151e-02	9.8485e-01	2.3121e-01	7.6879e-01	1.0138e-08	5.6413e-15	1.1074e-03	7.9422e-01	2.0465e-01	1.6686e-05	1.7474e-02	9.5291e-01	2.9615e-02	1.1755e-36	1.1755e-36	1.1755e-36	5.1162e-23	0.00e+00	0.00e+00	4.3377e+00
1.35257e+19	6.8110e+03	3.229e-22	1.0000e+01	1.0458e+01	4.5470e-12	1.6638e-02	9.8336e-01	2.8271e-01	7.1729e-01	8.2100e-09	7.2832e-15	1.1606e-03	8.2216e-01	1.7667e-01	1.2254e-05	1.9382e-02	9.5780e-01	2.2820e-02	1.1755e-36	1.1755e-36	1.1755e-36	6.9086e-23	0.00e+00	0.00e+00	4.5468e+00
1.36922e+19	6.8174e+03	3.248e-22	1.0000e+01	1.0397e+01	5.3417e-12	1.7983e-02	9.8202e-01	3.3607e-01	6.6393e-01	6.8053e-09	9.0080e-15	1.2005e-03	8.4349e-01	1.5530e-01	9.3231e-06	2.1101e-02	9.6091e-01	1.7986e-02	1.1755e-36	1.1755e-36	1.1755e-36	8.8466e-23	0.00e+00	0.00e+00	4.6989e+00
1.38125e+19	6.8172e+03	3.260e-22	1.0000e+01	1.0349e+01	6.0761e-12	1.9091e-02	9.8091e-01	3.8435e-01	6.1565e-01	5.8291e-09	1.0635e-14	1.2289e-03	8.5852e-01	1.4025e-01	7.4674e-06	2.2514e-02	9.6271e-01	1.4776e-02	1.1755e-36	1.1755e-36	1.1755e-36	1.0716e-22	0.00e+00	0.00e+00	4.8273e+00
1.39350e+19	6.8068e+03	3.270e-22	1.0000e+01	1.0300e+01	7.0490e-12	2.0377e-02	9.7962e-01	4.4255e-01	5.5745e-01	4.8320e-09	1.2772e-14	1.2574e-03	8.7316e-01	1.2558e-01	5.8080e-06	2.4145e-02	9.6404e-01	1.1815e-02	1.1755e-36	1.1755e-36	1.1755e-36	1.3224e-22	0.00e+00	0.00e+00	5.0055e+00
1.40727e+19	6.7962e+03	3.277e-22	1.0000e+01	1.0233e+01	8.3759e-12	2.1985e-02	9.7802e-01	5.1772e-01	4.8228e-01	3.7892e-09	1.5814e-14	1.2857e-03	8.8798e-01	1.1073e-01	4.3066e-06	2.6177e-02	9.6487e-01	8.9502e-03	1.1755e-36	1.1755e-36	1.1755e-36	1.6875e-22	0.00e+00	0.00e+00	5.1958e+00
1.42019e+19	6.7839e+03	3.277e-22	1.0000e+01	1.0153e+01	9.9467e-12	2.3696e-02	9.7630e-01	5.9714e-01	4.0286e-01	2.8823e-09	1.9515e-14	1.3082e-03	9.0032e-01	9.8365e-02	3.1843e-06	2.8330e-02	9.6499e-01	6.6787e-03	1.1755e-36	1.1755e-36	1.1755e-36	2.1414e-22	0.00e+00	0.00e+00	5.3770e+00
1.43216e+19	6.7681e+03	3.272e-22	1.0000e+01	1.0067e+01	1.1809e-11	2.5503e-02	9.7450e-01	6.7433e-01	3.2567e-01	2.1303e-09	2.3927e-14	1.3256e-03	9.1024e-01	8.8427e-02	2.3618e-06	3.0596e-02	9.6445e-01	4.9501e-03	1.1755e-36	1.1755e-36	1.1755e-36	2.6998e-22	0.00e+00	0.00e+00	5.5677e+00
1.44578e+19	6.7448e+03	3.269e-22	1.0000e+01	9.9736e+00	1.4591e-11	2.7896e-02	9.7210e-01	7.5839e-01	2.4161e-01	1.4242e-09	3.0489e-14	1.3433e-03	9.1977e-01	7.8888e-02	1.6445e-06	3.3580e-02	9.6300e-01	3.4206e-03	1.1755e-36	1.1755e-36	1.1755e-36	3.5820e-22	0.00e+00	0.00e+00	5.8389e+00
1.46348e+19	6.7174e+03	3.265e-22	1.0000e+01	9.8448e+00	1.9448e-11	3.1588e-02	9.6841e-01	8.4848e-01	1.5152e-01	7.8141e-10	4.1834e-14	1.3605e-03	9.2936e-01	6.9275e-02	1.0106e-06	3.8164e-02	9.5979e-01	2.0458e-03	1.1755e-36	1.1755e-36	1.1755e-36	5.2705e-22	0.00e+00	0.00e+00	6.2381e+00
1.48650e+19	6.6867e+03	3.290e-22	1.0000e+01	9.7378e+00	2.9454e-11	3.8000e-02	9.6200e-01	9.2524e-01	7.4758e-02	3.2865e-10	6.4868e-14	1.3855e-03	9.3903e-01	5.9587e-02	5.1446e-07	4.6077e-02	9.5293e-01	9.9647e-04	1.1755e-36	1.1755e-36	1.1755e-36	9.4475e-22	0.00e+00	0.00e+00	6.8623e+00
1.51046e+19	6.6772e+03	3.310e-22	1.0000e+01	9.5745e+00	4.7568e-11	4.7547e-02	9.5245e-01	9.6613e-01	3.3869e-02	1.2813e-10	1.0590e-13	1.4000e-03	9.4685e-01	5.1747e-02	2.4719e-07	5.7806e-02	9.4175e-01	4.4716e-04	1.1755e-36	1.1755e-36	1.1755e-36	1.8978e-21	0.00e+00	0.00e+00	7.5198e+00
1.53001e+19	6.6674e+03	3.334e-22	1.0000e+01	9.4468e+00	7.6719e-11	5.9557e-02	9.4044e-01	9.8207e-01	1.7934e-02	6.0671e-11	1.7079e-13	1.4119e-03	9.5315e-01	4.5436e-02	1.2772e-07	7.2485e-02	9.2729e-01	2.2391e-04	1.1755e-36	1.1755e-36	1.1755e-36	3.8437e-21	0.00e+00	0.00e+00	8.1668e+00
1.54539e+19	6.6571e+03	3.340e-22	1.0000e+01	9.3259e+00	1.2023e-10	7.3572e-02	9.2643e-01	9.8891e-01	1.1092e-02	3.4537e-11	2.6657e-13	1.4179e-03	9.5836e-01	4.0217e-02	1.1755e-36	8.9514e-02	9.1036e-01	1.2591e-04	1.1755e-36	1.1755e-36	1.1755e-36	7.4949e-21	0.00e+00	0.00e+00	8.7963e+00
1.55648e+19	6.6398e+03	3.315e-22	1.0000e+01	9.1618e+00	1.7621e-10	8.7703e-02	9.1230e-01	9.9203e-01	7.9707e-03	2.3601e-11	3.8388e-13	1.4108e-03	9.6217e-01	3.6414e-02	1.1755e-36	1.0658e-01	8.9334e-01	8.1459e-05	1.1755e-36	1.1755e-36	1.1755e-36	1.2976e-20	0.00e+00	0.00e+00	9.2746e+00
1.56417e+19	6.6272e+03	3.287e-22	1.0000e+01	9.0436e+00	2.3759e-10	1.0060e-01	8.9940e-01	9.9365e-01	6.3471e-03	1.8143e-11	5.1218e-13	1.4053e-03	9.6506e-01	3.3537e-02	1.1755e-36	1.2206e-01	8.7788e-01	5.8891e-05	1.1755e-36	1.1755e-36	1.1755e-36	2.0100e-20	0.00e+00	0.00e+00	9.7031e+00
1.57193e+19	6.6022e+03	3.227e-22	1.0000e+01	8.8549e+00	3.2845e-10	1.1609e-01	8.8391e-01	9.9501e-01	4.9943e-03	1.3813e-11	6.8974e-13	1.3887e-03	9.6802e-01	3.0590e-02	1.1755e-36	1.4053e-01	8.5943e-01	4.1604e-05	1.1755e-36	1.1755e-36	1.1755e-36	3.1525e-20	0.00e+00	0.00e+00	1.0346e+01
1.58059e+19	6.5665e+03	3.139e-22	1.0000e+01	8.6241e+00	4.9557e-10	1.3890e-01	8.6110e-01	9.9613e-01	3.8737e-03	1.0378e-11	1.0064e-12	1.3664e-03	9.7142e-01	2.7211e-02	1.1755e-36	1.6750e-01	8.3247e-01	2.7615e-05	1.1755e-36	1.1755e-36	1.1755e-36	5.6138e-20	0.00e+00	0.00e+00	1.1095e+01
1.58887e+19	6.5066e+03	3.010e-22	1.0000e+01	8.3241e+00	7.9188e-10	1.6880e-01	8.3120e-01	9.9695e-01	3.0536e-03	7.9931e-12	1.5219e-12	1.3330e-03	9.7486e-01	2.3807e-02	1.1755e-36	2.0240e-01	7.9758e-01	1.7994e-05	1.1755e-36	1.1755e-36	1.1755e-36	1.0598e-19	0.00e+00	0.00e+00	1.1950e+01
1.59617e+19	6.4247e+03	2.842e-22	1.0000e+01	7.9608e+00	1.2965e-09	2.0505e-01	7.9495e-01	9.9750e-01	2.4952e-03	6.4669e-12	2.3099e-12	1.2879e-03	9.7800e-01	2.0709e-02	1.1755e-36	2.4408e-01	7.5591e-01	1.1874e-05	1.1755e-36	1.1755e-36	1.1755e-36	2.0245e-19	0.00e+00	0.00e+00	1.2803e+01
1.60206e+19	6.3240e+03	2.653e-22	1.0000e+01	7.5696e+00	2.0807e-09	2.4412e-01	7.5588e-01	9.9787e-01	2.1323e-03	5.5385e-12	3.3772e-12	1.2362e-03	9.8063e-01	1.8132e-02	1.1755e-36	2.8821e-01	7.1178e-01	8.1975e-06	1.1755e-36	1.1755e-36	1.1755e-36	3.6758e-19	0.00e+00	0.00e+00	1.3604e+01
1.60667e+19	6.2120e+03	2.465e-22	1.0000e+01	7.1861e+00	3.2014e-09	2.8283e-01	7.1717e-01	9.9811e-01	1.8946e-03	4.9707e-12	4.6863e-12	1.1834e-03	9.8273e-01	1.6084e-02	1.1755e-36	3.3116e-01	6.6884e-01	5.9740e-06	1.1755e-36	1.1755e-36	1.1755e-36	6.2003e-19	0.00e+00	0.00e+00	1.4321e+01
1.61019e+19	6.0985e+03	2.292e-22	1.0000e+01	6.8295e+00	4.6463e-09	3.1805e-01	6.8195e-01	9.9826e-01	1.7416e-03	4.6402e-12	6.1188e-12	1.1328e-03	9.8433e-01	1.4536e-02	1.1755e-36	3.6958e-01	6.3041e-01	4.6146e-06	1.1755e-36	1.1755e-36	1.1755e-36	9.5669e-19	0.00e+00	0.00e+00	1.4926e+01
1.61285e+19	5.9915e+03	2.147e-22	1.0000e+01	6.5285e+00	6.3575e-09	3.4859e-01	6.5141e-01	9.9836e-01	1.6366e-03	4.4279e-12	7.5868e-12	1.0896e-03	9.8555e-01	1.3361e-02	1.1755e-36	4.0239e-01	5.9760e-01	3.7518e-06	1.1755e-36	1.1755e-36	1.1755e-36	1.3681e-18	0.00e+00	0.00e+00	1.5434e+01
1.61500e+19	5.8875e+03	2.017e-22	1.0000e+01	6.2541e+00	8.3756e-09	3.7555e-01	6.2445e-01	9.9844e-01	1.5607e-03	4.2920e-12	9.0757e-12	1.0496e-03	9.8653e-01	1.2421e-02	1.1755e-36	4.3100e-01	5.6900e-01	3.1512e-06	1.1755e-36	1.1755e-36	1.1755e-36	1.8558e-18	0.00e+00	0.00e+00	1.5909e+01
1.61691e+19	5.7804e+03	1.896e-22	1.0000e+01	5.9942e+00	1.0914e-08	4.0147e-01	5.9853e-01	9.9850e-01	1.4969e-03	4.1854e-12	1.0722e-11	1.0114e-03	9.8740e-01	1.1590e-02	1.1755e-36	4.5817e-01	5.4182e-01	2.6829e-06	1.1755e-36	1.1755e-36	1.1755e-36	2.4831e-18	0.00e+00	0.00e+00	1.6371e+01
1.61822e+19	5.7039e+03	1.812e-22	1.0000e+01	5.8084e+00	1.3140e-08	4.1996e-01	5.8004e-01	9.9854e-01	1.4633e-03	4.1504e-12	1.2041e-11	9.8386e-04	9.8793e-01	1.1082e-02	1.1755e-36	4.7736e-01	5.2264e-01	2.4077e-06	1.1755e-36	1.1755e-36	1.1755e-36	3.0559e-18	0.00e+00	0.00e+00	1.6579e+01
1.61884e+19	5.6616e+03	1.772e-22	1.0000e+01	5.7175e+00	1.4463e-08	4.2922e-01	5.7078e-01	9.9855e-01	1.4454e-03	4.1268e-12	1.2762e-11	9.7047e-04	9.8820e-01	1.0827e-02	1.1755e-36	4.8691e-01	5.1308e-01	2.2821e-06	1.1755e-36	1.1755e-36	1.1755e-36	3.3977e-18	0.00e+00	0.00e+00	1.6705e+01
1.61933e+19	5.6270e+03	1.738e-22	1.0000e+01	5.6436e+00	1.5619e-08	4.3659e-01	5.6341e-01	9.9857e-01	1.4303e-03	4.1057e-12	1.3364e-11	9.5951e-04	9.8842e-01	1.0616e-02	1.1755e-36	4.9449e-01	5.0551e-01	2.1851e-06	1.1755e-36	1.1755e-36	1.1755e-36	3.6982e-18	0.00e+00	0.00e+00	1.6844e+01
1.61991e+19	5.5742e+03	1.699e-22	1.0000e+01	5.5601e+00	1.7396e-08	4.4628e-01	5.5372e-01	9.9859e-01	1.4098e-03	4.0637e-12	1.4238e-11	9.4757e-04	9.8872e-01	1.0336e-02	1.1755e-36	5.0442e-01	4.9558e-01	2.0677e-06	1.1755e-36	1.1755e-36	1.1755e-36	4.1629e-18	0.00e+00	0.00e+00	1.7030e+01
1.62056e+19	5.5303e+03	1.653e-22	1.0000e+01	5.4542e+00	1.9221e-08	4.5614e-01	5.4386e-01	9.9861e-01	1.3935e-03	4.0533e-12	1.5122e-11	9.3149e-04	9.8899e-01	1.0075e-02	1.1755e-36	5.1447e-01	4.8553e-01	1.9512e-06	1.1755e-36	1.1755e-36	1.1755e-36	4.6618e-18	0.00e+00	0.00e+00	1.7215e+01
1.62122e+19	5.4733e+03	1.606e-22	1.0000e+01	5.3445e+00	2.1594e-08	4.6673e-01	5.3327e-01	9.9862e-01	1.3751e-03	4.0337e-12	1.6166e-11	9.1525e-04	9.8929e-01	9.7976e-03	1.1755e-36	5.2523e-01	4.7477e-01	1.8367e-06	1.1755e-36	1.1755e-36	1.1755e-36	5.2983e-18	0.00e+00	0.00e+00	1.7415e+01
1.62187e+19	5.4187e+03	1.560e-22	1.0000e+01	5.2413e+00	2.4200e-08	4.7740e-01	5.2260e-01	9.9864e-01	1.3584e-03	4.0169e-12	1.7309e-11	8.9983e-04	9.8957e-01	9.5274e-03	1.1755e-36	5.3601e-01	4.6399e-01	1.7294e-06	1.1755e-36	1.1755e-36	1.1755e-36	6.0470e-18	0.00e+00	0.00e+00	1.7601e+01
1.62246e+19	5.3716e+03	1.516e-22	1.0000e+01	5.1387e+00	2.6734e-08	4.8691e-01	5.1309e-01	9.9866e-01	1.3446e-03	4.0143e-12	1.8370e-11	8.8430e-04	9.8982e-01	9.2961e-03	1.1755e-36	5.4557e-01	4.5442e-01	1.6377e-06	1.1755e-36	1.1755e-36	1.1755e-36	6.7934e-18	0.00e+00	0.00e+00	1.7778e+01
1.62305e+19	5.3126e+03	1.474e-22	1.0000e+01	5.0385e+00	2.9988e-08	4.9704e-01	5.0296e-01	9.9867e-01	1.3299e-03	4.0016e-12	1.9642e-11	8.6943e-04	9.9008e-01	9.0494e-03	1.1755e-36	5.5573e-01	4.4427e-01	1.5483e-06	1.1755e-36	1.1755e-36	1.1755e-36	7.7635e-18	0.00e+00	0.00e+00	1.7967e+01
1.62364e+19	5.2543e+03	1.433e-22	1.0000e+01	4.9422e+00	3.3613e-08	5.0724e-01	4.9276e-01	9.9868e-01	1.3155e-03	3.9886e-12	2.1042e-11	8.5510e-04	9.9034e-01	8.8086e-03	1.1755e-36	5.6590e-01	4.3409e-01	1.4639e-06	1.1755e-36	1.1755e-36	1.1755e-36	8.9152e-18	0.00e+00	0.00e+00	1.8146e+01
1.62417e+19	5.2006e+03	1.394e-22	1.0000e+01	4.8475e+00	3.7294e-08	5.1651e-01	4.8349e-01	9.9870e-01	1.3039e-03	3.9870e-12	2.2400e-11	8.4087e-04	9.9056e-01	8.5973e-03	1.1755e-36	5.7511e-01	4.2489e-01	1.3908e-06	1.1755e-36	1.1755e-36	1.1755e-36	1.0124e-17	0.00e+00	0.00e+00	1.8315e+01
1.62469e+19	5.1472e+03	1.356e-22	1.0000e+01	4.7558e+00	4.1329e-08	5.2567e-01	4.7433e-01	9.9871e-01	1.2924e-03	3.9846e-12	2.3863e-11	8.2708e-04	9.9078e-01	8.3903e-03	1.1755e-36	5.8417e-01	4.1583e-01	1.3221e-06	1.1755e-36	1.1755e-36	1.1755e-36	1.1524e-17	0.00e+00	0.00e+00	1.8488e+01
1.62522e+19	5.0849e+03	1.317e-22	1.0000e+01	4.6595e+00	4.6308e-08	5.3524e-01	4.6476e-01	9.9872e-01	1.2802e-03	3.9799e-12	2.5570e-11	8.1281e-04	9.9101e-01	8.1786e-03	1.1755e-36	5.9361e-01	4.0639e-01	1.2551e-06	1.1755e-36	1.1755e-36	1.1755e-36	1.3300e-17	0.00e+00	0.00e+00	1.8670e+01
1.62574e+19	5.0282e+03	1.280e-22	1.0000e+01	4.5644e+00	5.1441e-08	5.4439e-01	4.5561e-01	9.9873e-01	1.2703e-03	3.9855e-12	2.7322e-11	7.9845e-04	9.9122e-01	7.9830e-03	1.1755e-36	6.0259e-01	3.9741e-01	1.1935e-06	1.1755e-36	1.1755e-36	1.1755e-36	1.5267e-17	0.00e+00	0.00e+00	1.8841e+01
1.62624e+19	4.9729e+03	1.243e-22	1.0000e+01	4.4728e+00	5.6937e-08	5.5335e-01	4.4665e-01	9.9874e-01	1.2606e-03	3.9911e-12	2.9050e-11	7.8459e-04	9.9143e-01	7.7899e-03	1.1755e-36	6.1134e-01	3.8866e-01	1.1359e-06	1.1755e-36	1.1755e-36	1.1755e-36	1.7338e-17	0.00e+00	0.00e+00	1.9016e+01
1.62675e+19	4.9060e+03	1.206e-22	1.0000e+01	4.3798e+00	6.3916e-08	5.6298e-01	4.3702e-01	9.9875e-01	1.2491e-03	3.9868e-12	3.0926e-11	7.7085e-04	9.9165e-01	7.5794e-03	1.1755e-36	6.2072e-01	3.7928e-01	1.0786e-06	1.1755e-36	1.1755e-36	1.1755e-36	1.9756e-17	0.00e+00	0.00e+00	1.9200e+01
1.62724e+19	4.8413e+03	1.171e-22	1.0000e+01	4.2870e+00	7.1357e-08	5.7219e-01	4.2781e-01	9.9876e-01	1.2396e-03	3.9913e-12	3.2818e-11	7.5703e-04	9.9186e-01	7.3845e-03	1.1755e-36	6.2966e-01	3.7034e-01	1.0262e-06	1.1755e-36	1.1755e-36	1.1755e-36	2.2386e-17	0.00e+00	0.00e+00	1.9371e+01
1.62771e+19	4.7780e+03	1.138e-22	1.0000e+01	4.1995e+00	7.9271e-08	5.8094e-01	4.1906e-01	9.9877e-01	1.2306e-03	3.9955e-12	3.4728e-11	7.4403e-04	9.9205e-01	7.2013e-03	1.1755e-36	6.3812e-01	3.6188e-01	9.7891e-07	1.1755e-36	1.1755e-36	1.1755e-36	2.5235e-17	0.00e+00	0.00e+00	1.9538e+01
1.62816e+19	4.7138e+03	1.105e-22	1.0000e+01	4.1131e+00	8.7983e-08	5.8960e-01	4.1040e-01	9.9878e-01	1.2219e-03	3.9999e-12	3.6728e-11	7.3124e-04	9.9225e-01	7.0219e-03	1.1755e-36	6.4647e-01	3.5353e-01	9.3414e-07	1.1755e-36	1.1755e-36	1.1755e-36	2.8433e-17	0.00e+00	0.00e+00	1.9708e+01
1.62862e+19	4.6472e+03	1.073e-22	1.0000e+01	4.0257e+00	9.7755e-08	5.9837e-01	4.0163e-01	9.9879e-01	1.2133e-03	4.0053e-12	3.8861e-11	7.1833e-04	9.9244e-01	6.8426e-03	1.1755e-36	6.5489e-01	3.4511e-01	8.9084e-07	1.1755e-36	1.1755e-36	1.1755e-36	3.2088e-17	0.00e+00	0.00e+00	1.9882e+01
1.62908e+19	4.5748e+03	1.041e-22	1.0000e+01	3.9363e+00	1.0905e-07	6.0731e-01	3.9269e-01	9.9880e-01	1.2044e-03	4.0096e-12	4.1154e-11	7.0527e-04	9.9263e-01	6.6625e-03	1.1755e-36	6.6344e-01	3.3655e-01	8.4908e-07	1.1755e-36	1.1755e-36	1.1755e-36	3.6310e-17	0.00e+00	0.00e+00	2.0058e+01
1.62954e+19	4.5044e+03	1.009e-22	1.0000e+01	3.8491e+00	1.2094e-07	6.1605e-01	3.8395e-01	9.9880e-01	1.1963e-03	4.0171e-12	4.3475e-11	6.9247e-04	9.9282e-01	6.4895e-03	1.1755e-36	6.7178e-01	3.2822e-01	8.0982e-07	1.1755e-36	1.1755e-36	1.1755e-36	4.0875e-17	0.00e+00	0.00e+00	2.0231e+01
1.62998e+19	4.4318e+03	9.784e-23	1.0000e+01	3.7620e+00	1.3395e-07	6.2482e-01	3.7518e-01	9.9881e-01	1.1882e-03	4.0240e-12	4.5880e-11	6.7979e-04	9.9300e-01	6.3177e-03	1.1755e-36	6.8010e-01	3.1990e-01	7.7222e-07	1.1755e-36	1.1755e-36	1.1755e-36	4.5918e-17	0.00e+00	0.00e+00	2.0410e+01
1.63044e+19	4.3549e+03	9.470e-23	1.0000e+01	3.6726e+00	1.4846e-07	6.3384e-01	3.6616e-01	9.9882e-01	1.1799e-03	4.0311e-12	4.8411e-11	6.6685e-04	9.9319e-01	6.1429e-03	1.1755e-36	6.8864e-01	3.1136e-01	7.3521e-07	1.1755e-36	1.1755e-36	1.1755e-36	5.1569e-17	0.00e+00	0.00e+00	2.0596e+01
1.63091e+19	4.2788e+03	9.147e-23	1.0000e+01	3.5781e+00	1.6341e-07	6.4276e-01	3.5724e-01	9.9883e-01	1.1732e-03	4.0510e-12	5.0861e-11	6.5295e-04	9.9337e-01	5.9740e-03	1.1755e-36	6.9705e-01	3.0295e-01	6.9966e-07	1.1755e-36	1.1755e-36	1.1755e-36	5.7371e-17	0.00e+00	0.00e+00	2.0789e+01
1.63141e+19	4.1883e+03	8.814e-23	1.0000e+01	3.4811e+00	1.8165e-07	6.5277e-01	3.4723e-01	9.9884e-01	1.1637e-03	4.0559e-12	5.3664e-11	6.3920e-04	9.9358e-01	5.7842e-03	1.1755e-36	7.0646e-01	2.9354e-01	6.6232e-07	1.1755e-36	1.1755e-36	1.1755e-36	6.4379e-17	0.00e+00	0.00e+00	2.1004e+01
1.63193e+19	4.0917e+03	8.472e-23	1.0000e+01	3.3771e+00	2.0099e-07	6.6295e-01	3.3705e-01	9.9884e-01	1.1553e-03	4.0702e-12	5.6327e-11	6.2446e-04	9.9378e-01	5.5964e-03	1.1755e-36	7.1599e-01	2.8401e-01	6.2612e-07	1.1755e-36	1.1755e-36	1.1755e-36	7.1400e-17	0.00e+00	0.00e+00	2.1221e+01
1.63246e+19	3.9942e+03	8.130e-23	1.0000e+01	3.2746e+00	2.2055e-07	6.7343e-01	3.2657e-01	9.9885e-01	1.1463e-03	4.0815e-12	5.8905e-11	6.1010e-04	9.9398e-01	5.4050e-03	1.1755e-36	7.2575e-01	2.7425e-01	5.9043e-07	1.1755e-36	1.1755e-36	1.1755e-36	7.8401e-17	0.00e+00	0.00e+00	2.1450e+01
