#depth	Te	Htot	hden	eden	2H_2/H	HI	HII	HeI	HeII	HeIII	CO/C	C1	C2	C3	C4	O1	O2	O3	O4	O5	O6	H2O/O	AV(point)	AV(extend)	Tau912
4.18271e+11	8.2899e+03	4.581e-16	1.2916e+04	1.3943e+04	1.0810e-14	5.0441e-03	9.9496e-01	2.7048e-02	9.7179e-01	1.1603e-03	4.1320e-16	5.2005e-04	3.3886e-01	6.6035e-01	2.7795e-04	4.3512e-03	7.5717e-01	2.3842e-01	5.9290e-05	1.1755e-36	1.1755e-36	2.7198e-24	0.00e+00	0.00e+00	3.4411e-04
2.50962e+12	8.2870e+03	4.578e-16	1.2916e+04	1.3941e+04	1.0818e-14	5.0414e-03	9.9496e-01	2.7048e-02	9.7179e-01	1.1594e-03	4.1264e-16	5.1916e-04	3.3887e-01	6.6033e-01	2.7862e-04	4.3486e-03	7.5710e-01	2.3849e-01	5.9113e-05	1.1755e-36	1.1755e-36	2.7138e-24	0.00e+00	0.00e+00	1.7198e-03
1.08750e+13	8.2802e+03	4.569e-16	1.2916e+04	1.3940e+04	1.0844e-14	5.0382e-03	9.9496e-01	2.7075e-02	9.7177e-01	1.1515e-03	4.1252e-16	5.1826e-04	3.3912e-01	6.6008e-01	2.7793e-04	4.3480e-03	7.5732e-01	2.3827e-01	5.8228e-05	1.1755e-36	1.1755e-36	2.7082e-24	0.00e+00	0.00e+00	7.2193e-03
4.43367e+13	8.2677e+03	4.541e-16	1.2916e+04	1.3940e+04	1.0899e-14	5.0365e-03	9.9496e-01	2.7196e-02	9.7169e-01	1.1123e-03	4.1398e-16	5.1855e-04	3.4021e-01	6.5899e-01	2.7469e-04	4.3563e-03	7.5847e-01	2.3712e-01	5.4706e-05	1.1755e-36	1.1755e-36	2.7045e-24	0.00e+00	0.00e+00	2.9210e-02
1.05906e+14	8.2109e+03	4.448e-16	1.2916e+04	1.3941e+04	1.0847e-14	4.9568e-03	9.9504e-01	2.7205e-02	9.7171e-01	1.0860e-03	4.0052e-16	5.1305e-04	3.4064e-01	6.5857e-01	2.7232e-04	4.2944e-03	7.5875e-01	2.3690e-01	5.0698e-05	1.1755e-36	1.1755e-36	2.5581e-24	0.00e+00	0.00e+00	5.7344e-02
1.85946e+14	8.1544e+03	4.357e-16	1.2916e+04	1.3941e+04	1.0867e-14	4.8964e-03	9.9510e-01	2.7309e-02	9.7167e-01	1.0212e-03	3.9141e-16	5.1110e-04	3.4185e-01	6.5737e-01	2.6724e-04	4.2557e-03	7.5999e-01	2.3571e-01	4.5399e-05	1.1755e-36	1.1755e-36	2.4458e-24	0.00e+00	0.00e+00	9.3474e-02
2.89999e+14	8.0943e+03	4.263e-16	1.2916e+04	1.3942e+04	1.0971e-14	4.8521e-03	9.9515e-01	2.7522e-02	9.7156e-01	9.2009e-04	3.8608e-16	5.1178e-04	3.4397e-01	6.5526e-01	2.5939e-04	4.2386e-03	7.6229e-01	2.3344e-01	3.8936e-05	1.1755e-36	1.1755e-36	2.3592e-24	0.00e+00	0.00e+00	1.4002e-01
4.25267e+14	8.0274e+03	4.167e-16	1.2916e+04	1.3942e+04	1.1201e-14	4.8287e-03	9.9517e-01	2.7891e-02	9.7132e-01	7.8450e-04	3.8542e-16	5.1555e-04	3.4735e-01	6.5188e-01	2.4847e-04	4.2494e-03	7.6599e-01	2.2973e-01	3.1549e-05	1.1755e-36	1.1755e-36	2.3003e-24	0.00e+00	0.00e+00	2.0023e-01
6.01115e+14	7.9596e+03	4.065e-16	1.2916e+04	1.3941e+04	1.1552e-14	4.8319e-03	9.9517e-01	2.8466e-02	9.7091e-01	6.2310e-04	3.9081e-16	5.2371e-04	3.5241e-01	6.4683e-01	2.3456e-04	4.2962e-03	7.7148e-01	2.2420e-01	2.3736e-05	1.1755e-36	1.1755e-36	2.2768e-24	0.00e+00	0.00e+00	2.7857e-01
8.29718e+14	7.8883e+03	3.963e-16	1.2916e+04	1.3940e+04	1.2133e-14	4.8784e-03	9.9512e-01	2.9364e-02	9.7018e-01	4.5164e-04	4.0622e-16	5.3835e-04	3.5997e-01	6.3928e-01	2.1757e-04	4.3990e-03	7.7939e-01	2.1620e-01	1.6190e-05	1.1755e-36	1.1755e-36	2.3104e-24	0.00e+00	0.00e+00	3.8138e-01
1.12690e+15	7.8183e+03	3.863e-16	1.2916e+04	1.3937e+04	1.3053e-14	4.9910e-03	9.9501e-01	3.0761e-02	9.6895e-01	2.9176e-04	4.3801e-16	5.6281e-04	3.7119e-01	6.2805e-01	1.9772e-04	4.5860e-03	7.9047e-01	2.0493e-01	9.7147e-06	1.1755e-36	1.1755e-36	2.4373e-24	0.00e+00	0.00e+00	5.1812e-01
1.51324e+15	7.7521e+03	3.773e-16	1.2916e+04	1.3933e+04	1.4578e-14	5.2131e-03	9.9479e-01	3.2986e-02	9.6685e-01	1.6340e-04	4.9976e-16	6.0311e-04	3.8807e-01	6.1115e-01	1.7485e-04	4.9104e-03	8.0573e-01	1.8935e-01	4.9284e-06	1.1755e-36	1.1755e-36	2.7360e-24	0.00e+00	0.00e+00	7.0380e-01
2.01548e+15	7.6937e+03	3.702e-16	1.2916e+04	1.3925e+04	1.7280e-14	5.6276e-03	9.9437e-01	3.6697e-02	9.6323e-01	7.6859e-05	6.2325e-16	6.7055e-04	4.1403e-01	5.8515e-01	1.4822e-04	5.4753e-03	8.2651e-01	1.6801e-01	2.0029e-06	1.1755e-36	1.1755e-36	3.3969e-24	0.00e+00	0.00e+00	9.6437e-01
2.55403e+15	7.6452e+03	3.655e-16	1.2916e+04	1.3907e+04	2.1076e-14	6.1928e-03	9.9381e-01	4.1638e-02	9.5833e-01	3.3953e-05	8.0827e-16	7.5668e-04	4.4549e-01	5.5363e-01	1.2311e-04	6.2275e-03	8.4834e-01	1.4543e-01	7.5277e-07	1.1755e-36	1.1755e-36	4.4224e-24	0.00e+00	0.00e+00	1.2216e+00
3.00095e+15	7.6329e+03	3.654e-16	1.2916e+04	1.3893e+04	2.5570e-14	6.8523e-03	9.9315e-01	4.7279e-02	9.5270e-01	1.7520e-05	1.0572e-15	8.4948e-04	4.7703e-01	5.2202e-01	1.0315e-04	7.0823e-03	8.6704e-01	1.2588e-01	3.2795e-07	1.1755e-36	1.1755e-36	5.9095e-24	0.00e+00	0.00e+00	1.4365e+00
3.34632e+15	7.6384e+03	3.679e-16	1.2916e+04	1.3877e+04	3.0593e-14	7.5439e-03	9.9246e-01	5.3138e-02	9.4685e-01	1.0666e-05	1.3631e-15	9.4026e-04	5.0605e-01	4.9292e-01	8.7768e-05	7.9675e-03	8.8202e-01	1.1002e-01	1.6896e-07	1.1755e-36	1.1755e-36	7.8612e-24	0.00e+00	0.00e+00	1.6249e+00
3.63757e+15	7.6503e+03	3.714e-16	1.2916e+04	1.3860e+04	3.6483e-14	8.2906e-03	9.9171e-01	5.9515e-02	9.4048e-01	7.0644e-06	1.7487e-15	1.0324e-03	5.3412e-01	4.6477e-01	7.4885e-05	8.9184e-03	8.9479e-01	9.6293e-02	1.1755e-36	1.1755e-36	1.1755e-36	1.0468e-23	0.00e+00	0.00e+00	1.8117e+00
3.90875e+15	7.6653e+03	3.760e-16	1.2916e+04	1.3842e+04	4.3988e-14	9.1588e-03	9.9084e-01	6.7106e-02	9.3289e-01	4.8369e-06	2.2726e-15	1.1331e-03	5.6348e-01	4.3532e-01	6.3125e-05	1.0021e-02	9.0654e-01	8.3440e-02	1.1755e-36	1.1755e-36	1.1755e-36	1.4223e-23	0.00e+00	0.00e+00	2.0105e+00
4.16838e+15	7.6888e+03	3.813e-16	1.2916e+04	1.3820e+04	5.3595e-14	1.0186e-02	9.8981e-01	7.6356e-02	9.2364e-01	3.3835e-06	3.0001e-15	1.2438e-03	5.9450e-01	4.0420e-01	5.2322e-05	1.1324e-02	9.1739e-01	7.1287e-02	1.1755e-36	1.1755e-36	1.1755e-36	1.9789e-23	0.00e+00	0.00e+00	2.2208e+00
4.41191e+15	7.7151e+03	3.875e-16	1.2916e+04	1.3798e+04	6.6299e-14	1.1393e-02	9.8861e-01	8.7620e-02	9.1238e-01	2.4293e-06	4.0269e-15	1.3615e-03	6.2669e-01	3.7191e-01	4.2628e-05	1.2852e-02	9.2705e-01	6.0098e-02	1.1755e-36	1.1755e-36	1.1755e-36	2.8307e-23	0.00e+00	0.00e+00	2.4381e+00
4.63695e+15	7.7260e+03	3.943e-16	1.2916e+04	1.3754e+04	8.2835e-14	1.2808e-02	9.8719e-01	1.0098e-01	8.9901e-01	1.7780e-06	5.3911e-15	1.4871e-03	6.5933e-01	3.3915e-01	3.4137e-05	1.4638e-02	9.3529e-01	5.0067e-02	1.1755e-36	1.1755e-36	1.1755e-36	4.0081e-23	0.00e+00	0.00e+00	2.6639e+00
4.84627e+15	7.7559e+03	4.014e-16	1.2916e+04	1.3721e+04	1.0403e-13	1.4457e-02	9.8554e-01	1.1754e-01	8.8246e-01	1.3386e-06	7.3383e-15	1.6175e-03	6.9218e-01	3.0618e-01	2.6831e-05	1.6716e-02	9.4218e-01	4.1105e-02	1.1755e-36	1.1755e-36	1.1755e-36	5.8589e-23	0.00e+00	0.00e+00	2.9027e+00
5.04469e+15	7.7825e+03	4.094e-16	1.2916e+04	1.3684e+04	1.3391e-13	1.6445e-02	9.8355e-01	1.3849e-01	8.6151e-01	1.0187e-06	1.0230e-14	1.7526e-03	7.2571e-01	2.7252e-01	2.0494e-05	1.9216e-02	9.4773e-01	3.3057e-02	1.1755e-36	1.1755e-36	1.1755e-36	8.8889e-23	0.00e+00	0.00e+00	3.1633e+00
5.23044e+15	7.8052e+03	4.177e-16	1.2916e+04	1.3631e+04	1.7437e-13	1.8839e-02	9.8116e-01	1.6484e-01	8.3516e-01	7.8403e-07	1.4380e-14	1.8922e-03	7.5902e-01	2.3908e-01	1.5213e-05	2.2217e-02	9.5174e-01	2.6045e-02	1.1755e-36	1.1755e-36	1.1755e-36	1.3589e-22	0.00e+00	0.00e+00	3.4356e+00
5.39530e+15	7.8182e+03	4.252e-16	1.2916e+04	1.3537e+04	2.2594e-13	2.1557e-02	9.7844e-01	1.9561e-01	8.0439e-01	6.0871e-07	1.9865e-14	2.0221e-03	7.8962e-01	2.0834e-01	1.1159e-05	2.5614e-02	9.5402e-01	2.0363e-02	1.1755e-36	1.1755e-36	1.1755e-36	2.0173e-22	0.00e+00	0.00e+00	3.7037e+00
5.53829e+15	7.8423e+03	4.330e-16	1.2916e+04	1.3480e+04	2.9276e-13	2.4603e-02	9.7540e-01	2.3217e-01	7.6783e-01	4.8814e-07	2.7678e-14	2.1448e-03	8.1724e-01	1.8060e-01	8.1125e-06	2.9409e-02	9.5475e-01	1.5840e-02	1.1755e-36	1.1755e-36	1.1755e-36	3.0651e-22	0.00e+00	0.00e+00	3.9715e+00
5.66332e+15	7.8565e+03	4.398e-16	1.2916e+04	1.3400e+04	3.7804e-13	2.7965e-02	9.7204e-01	2.7384e-01	7.2616e-01	3.9529e-07	3.8082e-14	2.2520e-03	8.4152e-01	1.5623e-01	5.8741e-06	3.3585e-02	9.5412e-01	1.2295e-02	1.1755e-36	1.1755e-36	1.1755e-36	4.5678e-22	0.00e+00	0.00e+00	4.2374e+00
5.77417e+15	7.8711e+03	4.455e-16	1.2916e+04	1.3305e+04	4.8538e-13	3.1679e-02	9.6832e-01	3.2084e-01	6.7916e-01	3.2148e-07	5.2042e-14	2.3451e-03	8.6273e-01	1.3492e-01	4.2340e-06	3.8185e-02	9.5231e-01	9.5066e-03	1.1755e-36	1.1755e-36	1.1755e-36	6.7399e-22	0.00e+00	0.00e+00	4.5089e+00
5.87525e+15	7.8811e+03	4.505e-16	1.2916e+04	1.3200e+04	6.2623e-13	3.5905e-02	9.6409e-01	3.7424e-01	6.2576e-01	2.6012e-07	7.1388e-14	2.4275e-03	8.8150e-01	1.1607e-01	3.0158e-06	4.3404e-02	9.4932e-01	7.2783e-03	1.1755e-36	1.1755e-36	1.1755e-36	9.9689e-22	0.00e+00	0.00e+00	4.7932e+00
5.96859e+15	7.8905e+03	4.544e-16	1.2916e+04	1.3076e+04	8.1156e-13	4.0748e-02	9.5925e-01	4.3392e-01	5.6608e-01	2.0847e-07	9.8507e-14	2.4976e-03	8.9797e-01	9.9528e-02	2.1214e-06	4.9365e-02	9.4513e-01	5.5059e-03	1.1755e-36	1.1755e-36	1.1755e-36	1.4815e-21	0.00e+00	0.00e+00	5.0910e+00
6.05488e+15	7.8968e+03	4.574e-16	1.2916e+04	1.2938e+04	1.0587e-12	4.6328e-02	9.5367e-01	4.9857e-01	5.0143e-01	1.6489e-07	1.3687e-13	2.5557e-03	9.1219e-01	8.5255e-02	1.4763e-06	5.6209e-02	9.3967e-01	4.1174e-03	1.1755e-36	1.1755e-36	1.1755e-36	2.2152e-21	0.00e+00	0.00e+00	5.4044e+00
6.13523e+15	7.9014e+03	4.583e-16	1.2916e+04	1.2754e+04	1.3799e-12	5.2690e-02	9.4731e-01	5.6552e-01	4.3448e-01	1.2815e-07	1.8940e-13	2.5947e-03	9.2415e-01	7.3251e-02	1.0220e-06	6.3986e-02	9.3296e-01	3.0489e-03	1.1755e-36	1.1755e-36	1.1755e-36	3.2743e-21	0.00e+00	0.00e+00	5.7384e+00
6.21190e+15	7.8992e+03	4.600e-16	1.2916e+04	1.2605e+04	1.8596e-12	6.0528e-02	9.3947e-01	6.3478e-01	3.6522e-01	9.7410e-08	2.7206e-13	2.6352e-03	9.3468e-01	6.2685e-02	6.9108e-07	7.3527e-02	9.2426e-01	2.2097e-03	1.1755e-36	1.1755e-36	1.1755e-36	5.1300e-21	0.00e+00	0.00e+00	6.1117e+00
6.28550e+15	7.9019e+03	4.579e-16	1.2916e+04	1.2364e+04	2.4990e-12	6.9674e-02	9.3033e-01	7.0082e-01	2.9918e-01	7.2149e-08	3.8694e-13	2.6466e-03	9.4333e-01	5.4025e-02	4.6548e-07	8.4614e-02	9.1381e-01	1.5789e-03	1.1755e-36	1.1755e-36	1.1755e-36	7.8968e-21	0.00e+00	0.00e+00	6.5185e+00
6.35692e+15	7.8936e+03	4.564e-16	1.2916e+04	1.2152e+04	3.4860e-12	8.1341e-02	9.1866e-01	7.6265e-01	2.3735e-01	5.2282e-08	5.6911e-13	2.6591e-03	9.5091e-01	4.6428e-02	3.0535e-07	9.8678e-02	9.0022e-01	1.0995e-03	1.1755e-36	1.1755e-36	1.1755e-36	1.2863e-20	0.00e+00	0.00e+00	6.9910e+00
6.42676e+15	7.8824e+03	4.528e-16	1.2916e+04	1.1903e+04	5.0163e-12	9.6193e-02	9.0381e-01	8.1675e-01	1.8325e-01	3.7121e-08	8.5592e-13	2.6575e-03	9.5741e-01	3.9931e-02	1.9624e-07	1.1647e-01	8.8279e-01	7.4617e-04	1.1755e-36	1.1755e-36	1.1755e-36	2.1897e-20	0.00e+00	0.00e+00	7.5281e+00
6.49323e+15	7.8740e+03	4.456e-16	1.2916e+04	1.1600e+04	7.3628e-12	1.1468e-01	8.8532e-01	8.6048e-01	1.3952e-01	2.6204e-08	1.2991e-12	2.6360e-03	9.6286e-01	3.4506e-02	1.2523e-07	1.3844e-01	8.6106e-01	4.9879e-04	1.1755e-36	1.1755e-36	1.1755e-36	3.8426e-20	0.00e+00	0.00e+00	8.1311e+00
6.55577e+15	7.8380e+03	4.358e-16	1.2916e+04	1.1261e+04	1.1256e-11	1.3822e-01	8.6178e-01	8.9408e-01	1.0592e-01	1.8692e-08	2.0022e-12	2.6018e-03	9.6760e-01	2.9794e-02	1.1755e-36	1.6613e-01	8.3354e-01	3.2888e-04	1.1755e-36	1.1755e-36	1.1755e-36	7.0096e-20	0.00e+00	0.00e+00	8.8142e+00
6.61366e+15	7.8083e+03	4.201e-16	1.2916e+04	1.0856e+04	1.7378e-11	1.6715e-01	8.3285e-01	9.1876e-01	8.1235e-02	1.3666e-08	3.0891e-12	2.5444e-03	9.7168e-01	2.5779e-02	1.1755e-36	1.9975e-01	8.0003e-01	2.1556e-04	1.1755e-36	1.1755e-36	1.1755e-36	1.3044e-19	0.00e+00	0.00e+00	9.5662e+00
6.66591e+15	7.7391e+03	3.997e-16	1.2916e+04	1.0386e+04	2.7708e-11	2.0226e-01	7.9774e-01	9.3643e-01	6.3568e-02	1.0330e-08	4.7652e-12	2.4680e-03	9.7525e-01	2.2282e-02	1.1755e-36	2.3997e-01	7.5989e-01	1.4170e-04	1.1755e-36	1.1755e-36	1.1755e-36	2.4587e-19	0.00e+00	0.00e+00	1.0380e+01
6.71234e+15	7.6614e+03	3.732e-16	1.2916e+04	9.8466e+03	4.4112e-11	2.4290e-01	7.5710e-01	9.4889e-01	5.1114e-02	8.1515e-09	7.2331e-12	2.3691e-03	9.7833e-01	1.9297e-02	1.1755e-36	2.8571e-01	7.1420e-01	9.4121e-05	1.1755e-36	1.1755e-36	1.1755e-36	4.5804e-19	0.00e+00	0.00e+00	1.1242e+01
6.75000e+15	7.5730e+03	3.450e-16	1.2916e+04	9.3001e+03	6.7487e-11	2.8449e-01	7.1551e-01	9.5693e-01	4.3068e-02	6.8474e-09	1.0408e-11	2.2616e-03	9.8079e-01	1.6950e-02	1.1755e-36	3.3164e-01	6.6830e-01	6.5712e-05	1.1755e-36	1.1755e-36	1.1755e-36	7.9456e-19	0.00e+00	0.00e+00	1.1980e+01
6.77671e+15	7.4877e+03	3.208e-16	1.2916e+04	8.8424e+03	9.4152e-11	3.1971e-01	6.8029e-01	9.6167e-01	3.8327e-02	6.1283e-09	1.3649e-11	2.1679e-03	9.8252e-01	1.5316e-02	1.1755e-36	3.6985e-01	6.3010e-01	5.0031e-05	1.1755e-36	1.1755e-36	1.1755e-36	1.2015e-18	0.00e+00	0.00e+00	1.2544e+01
6.79589e+15	7.4198e+03	3.010e-16	1.2916e+04	8.4724e+03	1.2134e-10	3.4781e-01	6.5219e-01	9.6472e-01	3.5281e-02	5.6922e-09	1.6699e-11	2.0900e-03	9.8373e-01	1.4175e-02	1.1755e-36	3.9992e-01	6.0004e-01	4.0735e-05	1.1755e-36	1.1755e-36	1.1755e-36	1.6410e-18	0.00e+00	0.00e+00	1.3018e+01
6.81191e+15	7.3417e+03	2.836e-16	1.2916e+04	8.1497e+03	1.5281e-10	3.7395e-01	6.2605e-01	9.6706e-01	3.2937e-02	5.3571e-09	1.9868e-11	2.0218e-03	9.8477e-01	1.3206e-02	1.1755e-36	4.2755e-01	5.7242e-01	3.3985e-05	1.1755e-36	1.1755e-36	1.1755e-36	2.1451e-18	0.00e+00	0.00e+00	1.3485e+01
6.82731e+15	7.2643e+03	2.653e-16	1.2916e+04	7.8070e+03	1.9237e-10	4.0054e-01	5.9946e-01	9.6914e-01	3.0855e-02	5.0808e-09	2.3554e-11	1.9480e-03	9.8574e-01	1.2310e-02	1.1755e-36	4.5531e-01	5.4466e-01	2.8395e-05	1.1755e-36	1.1755e-36	1.1755e-36	2.7973e-18	0.00e+00	0.00e+00	1.3991e+01
6.84210e+15	7.1822e+03	2.471e-16	1.2916e+04	7.4601e+03	2.4145e-10	4.2747e-01	5.7253e-01	9.7092e-01	2.9083e-02	4.8630e-09	2.7693e-11	1.8719e-03	9.8665e-01	1.1477e-02	1.1755e-36	4.8310e-01	5.1687e-01	2.3807e-05	1.1755e-36	1.1755e-36	1.1755e-36	3.6027e-18	0.00e+00	0.00e+00	1.4482e+01
6.85521e+15	7.0987e+03	2.302e-16	1.2916e+04	7.1222e+03	2.9791e-10	4.5208e-01	5.4792e-01	9.7230e-01	2.7702e-02	4.7186e-09	3.1842e-11	1.7964e-03	9.8743e-01	1.0776e-02	1.1755e-36	5.0821e-01	4.9177e-01	2.0330e-05	1.1755e-36	1.1755e-36	1.1755e-36	4.4796e-18	0.00e+00	0.00e+00	1.4929e+01
6.86639e+15	7.0191e+03	2.158e-16	1.2916e+04	6.8413e+03	3.5993e-10	4.7444e-01	5.2556e-01	9.7342e-01	2.6583e-02	4.5991e-09	3.6069e-11	1.7341e-03	9.8810e-01	1.0170e-02	1.1755e-36	5.3079e-01	4.6920e-01	1.7679e-05	1.1755e-36	1.1755e-36	1.1755e-36	5.4517e-18	0.00e+00	0.00e+00	1.5325e+01
6.87648e+15	6.9420e+03	2.025e-16	1.2916e+04	6.5704e+03	4.2946e-10	4.9518e-01	5.0482e-01	9.7435e-01	2.5648e-02	4.5135e-09	4.0312e-11	1.6731e-03	9.8869e-01	9.6381e-03	1.1755e-36	5.5153e-01	4.4846e-01	1.5534e-05	1.1755e-36	1.1755e-36	1.1755e-36	6.4961e-18	0.00e+00	0.00e+00	1.5727e+01
6.88629e+15	6.8617e+03	1.895e-16	1.2916e+04	6.3038e+03	5.1267e-10	5.1587e-01	4.8413e-01	9.7520e-01	2.4798e-02	4.4432e-09	4.4919e-11	1.6126e-03	9.8926e-01	9.1312e-03	1.1755e-36	5.7202e-01	4.2796e-01	1.3667e-05	1.1755e-36	1.1755e-36	1.1755e-36	7.7096e-18	0.00e+00	0.00e+00	1.6134e+01
6.89570e+15	6.7848e+03	1.769e-16	1.2916e+04	6.0342e+03	6.0716e-10	5.3547e-01	4.6453e-01	9.7592e-01	2.4084e-02	4.4070e-09	4.9568e-11	1.5504e-03	9.8977e-01	8.6751e-03	1.1755e-36	5.9127e-01	4.0872e-01	1.2092e-05	1.1755e-36	1.1755e-36	1.1755e-36	9.0088e-18	0.00e+00	0.00e+00	1.6533e+01
6.90329e+15	6.7100e+03	1.675e-16	1.2916e+04	5.8324e+03	7.0316e-10	5.5175e-01	4.4825e-01	9.7647e-01	2.3530e-02	4.3707e-09	5.3816e-11	1.5046e-03	9.9019e-01	8.3035e-03	1.1755e-36	6.0714e-01	3.9285e-01	1.0955e-05	1.1755e-36	1.1755e-36	1.1755e-36	1.0267e-17	0.00e+00	0.00e+00	1.6805e+01
6.90869e+15	6.6624e+03	1.606e-16	1.2916e+04	5.6797e+03	7.7725e-10	5.6312e-01	4.3688e-01	9.7682e-01	2.3179e-02	4.3629e-09	5.6892e-11	1.4690e-03	9.9048e-01	8.0536e-03	1.1755e-36	6.1814e-01	3.8185e-01	1.0206e-05	1.1755e-36	1.1755e-36	1.1755e-36	1.1218e-17	0.00e+00	0.00e+00	1.7023e+01
6.91371e+15	6.6099e+03	1.540e-16	1.2916e+04	5.5332e+03	8.6112e-10	5.7424e-01	4.2576e-01	9.7717e-01	2.2830e-02	4.3510e-09	6.0052e-11	1.4352e-03	9.9075e-01	7.8136e-03	1.1755e-36	6.2886e-01	3.7113e-01	9.5243e-06	1.1755e-36	1.1755e-36	1.1755e-36	1.2225e-17	0.00e+00	0.00e+00	1.7271e+01
6.91933e+15	6.5464e+03	1.468e-16	1.2916e+04	5.3694e+03	9.7025e-10	5.8684e-01	4.1316e-01	9.7755e-01	2.2452e-02	4.3398e-09	6.3802e-11	1.3970e-03	9.9106e-01	7.5467e-03	1.1755e-36	6.4096e-01	3.5904e-01	8.8065e-06	1.1755e-36	1.1755e-36	1.1755e-36	1.3461e-17	0.00e+00	0.00e+00	1.7556e+01
6.92526e+15	6.4812e+03	1.395e-16	1.2916e+04	5.2002e+03	1.0987e-09	6.0000e-01	4.0000e-01	9.7792e-01	2.2083e-02	4.3350e-09	6.7947e-11	1.3576e-03	9.9137e-01	7.2738e-03	1.1755e-36	6.5350e-01	3.4649e-01	8.1103e-06	1.1755e-36	1.1755e-36	1.1755e-36	1.4889e-17	0.00e+00	0.00e+00	1.7845e+01
6.93100e+15	6.4128e+03	1.325e-16	1.2916e+04	5.0401e+03	1.2464e-09	6.1289e-01	3.8711e-01	9.7827e-01	2.1732e-02	4.3289e-09	7.2299e-11	1.3205e-03	9.9167e-01	7.0107e-03	1.1755e-36	6.6573e-01	3.3427e-01	7.4825e-06	1.1755e-36	1.1755e-36	1.1755e-36	1.6454e-17	0.00e+00	0.00e+00	1.8123e+01
6.93642e+15	6.3486e+03	1.260e-16	1.2916e+04	4.8829e+03	1.4032e-09	6.2474e-01	3.7526e-01	9.7856e-01	2.1442e-02	4.3397e-09	7.6398e-11	1.2835e-03	9.9194e-01	6.7754e-03	1.1755e-36	6.7690e-01	3.2309e-01	6.9381e-06	1.1755e-36	1.1755e-36	1.1755e-36	1.7975e-17	0.00e+00	0.00e+00	1.8392e+01
6.94177e+15	6.2850e+03	1.197e-16	1.2916e+04	4.7300e+03	1.5792e-09	6.3652e-01	3.6348e-01	9.7884e-01	2.1162e-02	4.3519e-09	8.0705e-11	1.2473e-03	9.9221e-01	6.5452e-03	1.1755e-36	6.8795e-01	3.1204e-01	6.4312e-06	1.1755e-36	1.1755e-36	1.1755e-36	1.9641e-17	0.00e+00	0.00e+00	1.8673e+01
6.94720e+15	6.2155e+03	1.135e-16	1.2916e+04	4.5732e+03	1.7903e-09	6.4842e-01	3.5158e-01	9.7911e-01	2.0886e-02	4.3690e-09	8.5259e-11	1.2101e-03	9.9247e-01	6.3175e-03	1.1755e-36	6.9904e-01	3.0095e-01	5.9537e-06	1.1755e-36	1.1755e-36	1.1755e-36	2.1462e-17	0.00e+00	0.00e+00	1.8962e+01
6.95265e+15	6.1449e+03	1.074e-16	1.2916e+04	4.4180e+03	2.0326e-09	6.6019e-01	3.3981e-01	9.7936e-01	2.0637e-02	4.3935e-09	8.9975e-11	1.1731e-03	9.9273e-01	6.0947e-03	1.1755e-36	7.1000e-01	2.9000e-01	5.5084e-06	1.1755e-36	1.1755e-36	1.1755e-36	2.3420e-17	0.00e+00	0.00e+00	1.9254e+01
6.95803e+15	6.0719e+03	1.016e-16	1.2916e+04	4.2668e+03	2.3145e-09	6.7185e-01	3.2815e-01	9.7960e-01	2.0395e-02	4.4189e-09	9.4931e-11	1.1371e-03	9.9298e-01	5.8782e-03	1.1755e-36	7.2076e-01	2.7924e-01	5.0983e-06	1.1755e-36	1.1755e-36	1.1755e-36	2.5565e-17	0.00e+00	0.00e+00	1.9547e+01
6.96332e+15	5.9975e+03	9.605e-17	1.2916e+04	4.1197e+03	2.6388e-09	6.8319e-01	3.1681e-01	9.7983e-01	2.0170e-02	4.4483e-09	1.0000e-10	1.1018e-03	9.9323e-01	5.6707e-03	1.1755e-36	7.3118e-01	2.6881e-01	4.7234e-06	1.1755e-36	1.1755e-36	1.1755e-36	2.7847e-17	0.00e+00	0.00e+00	1.9838e+01
6.96852e+15	5.9215e+03	9.078e-17	1.2916e+04	3.9761e+03	3.0140e-09	6.9424e-01	3.0576e-01	9.8004e-01	1.9957e-02	4.4811e-09	1.0521e-10	1.0674e-03	9.9346e-01	5.4714e-03	1.1755e-36	7.4129e-01	2.5870e-01	4.3798e-06	1.1755e-36	1.1755e-36	1.1755e-36	3.0287e-17	0.00e+00	0.00e+00	2.0131e+01
6.97368e+15	5.8433e+03	8.572e-17	1.2916e+04	3.8351e+03	3.4535e-09	7.0510e-01	2.9490e-01	9.8024e-01	1.9756e-02	4.5175e-09	1.1061e-10	1.0335e-03	9.9369e-01	5.2786e-03	1.1755e-36	7.5118e-01	2.4882e-01	4.0620e-06	1.1755e-36	1.1755e-36	1.1755e-36	3.2927e-17	0.00e+00	0.00e+00	2.0427e+01
6.97881e+15	5.7581e+03	8.090e-17	1.2916e+04	3.6987e+03	3.9947e-09	7.1600e-01	2.8400e-01	9.8046e-01	1.9544e-02	4.5476e-09	1.1649e-10	1.0009e-03	9.9391e-01	5.0877e-03	1.1755e-36	7.6106e-01	2.3894e-01	3.7648e-06	1.1755e-36	1.1755e-36	1.1755e-36	3.5950e-17	0.00e+00	0.00e+00	2.0725e+01
6.98384e+15	5.6765e+03	7.634e-17	1.2916e+04	3.5653e+03	4.6017e-09	7.2630e-01	2.7370e-01	9.8063e-01	1.9366e-02	4.5897e-09	1.2228e-10	9.6868e-04	9.9412e-01	4.9098e-03	1.1755e-36	7.7035e-01	2.2964e-01	3.4967e-06	1.1755e-36	1.1755e-36	1.1755e-36	3.9062e-17	0.00e+00	0.00e+00	2.1018e+01
6.98879e+15	5.5934e+03	7.200e-17	1.2916e+04	3.4356e+03	5.3158e-09	7.3635e-01	2.6365e-01	9.8080e-01	1.9196e-02	4.6341e-09	1.2829e-10	9.3727e-04	9.9432e-01	4.7387e-03	1.1755e-36	7.7937e-01	2.2062e-01	3.2495e-06	1.1755e-36	1.1755e-36	1.1755e-36	4.2470e-17	0.00e+00	0.00e+00	2.1316e+01
6.99375e+15	5.5075e+03	6.783e-17	1.2916e+04	3.3076e+03	6.1716e-09	7.4625e-01	2.5375e-01	9.8097e-01	1.9034e-02	4.6822e-09	1.3462e-10	9.0619e-04	9.9452e-01	4.5723e-03	1.1755e-36	7.8823e-01	2.1177e-01	3.0186e-06	1.1755e-36	1.1755e-36	1.1755e-36	4.6255e-17	0.00e+00	0.00e+00	2.1618e+01
6.99871e+15	5.4193e+03	6.384e-17	1.2916e+04	3.1823e+03	7.1993e-09	7.5596e-01	2.4404e-01	9.8112e-01	1.8879e-02	4.7332e-09	1.4132e-10	8.7569e-04	9.9471e-01	4.4112e-03	1.1755e-36	7.9688e-01	2.0312e-01	2.8038e-06	1.1755e-36	1.1755e-36	1.1755e-36	5.0523e-17	0.00e+00	0.00e+00	2.1923e+01
7.00361e+15	5.3293e+03	6.006e-17	1.2916e+04	3.0603e+03	8.4322e-09	7.6540e-01	2.3460e-01	9.8127e-01	1.8732e-02	4.7870e-09	1.4842e-10	8.4598e-04	9.9490e-01	4.2565e-03	1.1755e-36	8.0526e-01	1.9474e-01	2.6058e-06	1.1755e-36	1.1755e-36	1.1755e-36	5.5358e-17	0.00e+00	0.00e+00	2.2227e+01
7.00847e+15	5.2376e+03	5.650e-17	1.2916e+04	2.9421e+03	9.9166e-09	7.7455e-01	2.2545e-01	9.8141e-01	1.8592e-02	4.8430e-09	1.5599e-10	8.1711e-04	9.9507e-01	4.1086e-03	1.1755e-36	8.1335e-01	1.8665e-01	2.4232e-06	1.1755e-36	1.1755e-36	1.1755e-36	6.0906e-17	0.00e+00	0.00e+00	2.2532e+01
7.01327e+15	5.1440e+03	5.312e-17	1.2916e+04	2.8272e+03	1.1719e-08	7.8344e-01	2.1656e-01	9.8154e-01	1.8458e-02	4.9012e-09	1.6420e-10	7.8904e-04	9.9524e-01	3.9667e-03	1.1755e-36	8.2118e-01	1.7882e-01	2.2544e-06	1.1755e-36	1.1755e-36	1.1755e-36	6.7417e-17	0.00e+00	0.00e+00	2.2838e+01
7.01723e+15	5.0688e+03	5.060e-17	1.2916e+04	2.7383e+03	1.3415e-08	7.9022e-01	2.0978e-01	9.8163e-01	1.8367e-02	4.9529e-09	1.7114e-10	7.6730e-04	9.9537e-01	3.8589e-03	1.1755e-36	8.2712e-01	1.7287e-01	2.1317e-06	1.1755e-36	1.1755e-36	1.1755e-36	7.3345e-17	0.00e+00	0.00e+00	2.3039e+01
7.02002e+15	5.0145e+03	4.884e-17	1.2916e+04	2.6741e+03	1.4802e-08	7.9493e-01	2.0507e-01	9.8169e-01	1.8312e-02	4.9961e-09	1.7631e-10	7.5144e-04	9.9546e-01	3.7847e-03	1.1755e-36	8.3126e-01	1.6874e-01	2.0479e-06	1.1755e-36	1.1755e-36	1.1755e-36	7.8042e-17	0.00e+00	0.00e+00	2.3198e+01
7.02256e+15	4.9613e+03	4.721e-17	1.2916e+04	2.6150e+03	1.6296e-08	7.9943e-01	2.0057e-01	9.8175e-01	1.8248e-02	5.0317e-09	1.8181e-10	7.3698e-04	9.9555e-01	3.7086e-03	1.1755e-36	8.3520e-01	1.6479e-01	1.9703e-06	1.1755e-36	1.1755e-36	1.1755e-36	8.3023e-17	0.00e+00	0.00e+00	2.3370e+01
7.02531e+15	4.9042e+03	4.550e-17	1.2916e+04	2.5526e+03	1.8092e-08	8.0427e-01	1.9573e-01	9.8182e-01	1.8177e-02	5.0692e-09	1.8816e-10	7.2172e-04	9.9565e-01	3.6248e-03	1.1755e-36	8.3942e-01	1.6058e-01	1.8892e-06	1.1755e-36	1.1755e-36	1.1755e-36	8.8953e-17	0.00e+00	0.00e+00	2.3558e+01
7.02819e+15	4.8374e+03	4.378e-17	1.2916e+04	2.4898e+03	2.0426e-08	8.0946e-01	1.9054e-01	9.8192e-01	1.8083e-02	5.0964e-09	1.9589e-10	7.0668e-04	9.9576e-01	3.5355e-03	1.1755e-36	8.4392e-01	1.5608e-01	1.8072e-06	1.1755e-36	1.1755e-36	1.1755e-36	9.6614e-17	0.00e+00	0.00e+00	2.3748e+01
7.03090e+15	4.7806e+03	4.224e-17	1.2916e+04	2.4295e+03	2.2682e-08	8.1381e-01	1.8619e-01	9.8197e-01	1.8035e-02	5.1432e-09	2.0245e-10	6.9180e-04	9.9585e-01	3.4594e-03	1.1755e-36	8.4772e-01	1.5228e-01	1.7372e-06	1.1755e-36	1.1755e-36	1.1755e-36	1.0352e-16	0.00e+00	0.00e+00	2.3916e+01
7.03343e+15	4.7244e+03	4.081e-17	1.2916e+04	2.3744e+03	2.5184e-08	8.1805e-01	1.8195e-01	9.8203e-01	1.7974e-02	5.1797e-09	2.0953e-10	6.7836e-04	9.9594e-01	3.3861e-03	1.1755e-36	8.5140e-01	1.4860e-01	1.6717e-06	1.1755e-36	1.1755e-36	1.1755e-36	1.1139e-16	0.00e+00	0.00e+00	2.4086e+01
7.03598e+15	4.6631e+03	3.941e-17	1.2916e+04	2.3209e+03	2.8234e-08	8.2246e-01	1.7754e-01	9.8210e-01	1.7895e-02	5.2057e-09	2.1780e-10	6.6558e-04	9.9602e-01	3.3107e-03	1.1755e-36	8.5520e-01	1.4480e-01	1.6071e-06	1.1755e-36	1.1755e-36	1.1755e-36	1.2114e-16	0.00e+00	0.00e+00	2.4257e+01
7.03844e+15	4.6090e+03	3.811e-17	1.2916e+04	2.2681e+03	3.1267e-08	8.2629e-01	1.7371e-01	9.8215e-01	1.7852e-02	5.2493e-09	2.2519e-10	6.5259e-04	9.9610e-01	3.2440e-03	1.1755e-36	8.5853e-01	1.4147e-01	1.5496e-06	1.1755e-36	1.1755e-36	1.1755e-36	1.3041e-16	0.00e+00	0.00e+00	2.4417e+01
7.04085e+15	4.5540e+03	3.686e-17	1.2916e+04	2.2176e+03	3.4716e-08	8.3015e-01	1.6985e-01	9.8220e-01	1.7798e-02	5.2867e-09	2.3335e-10	6.4028e-04	9.9618e-01	3.1777e-03	1.1755e-36	8.6186e-01	1.3814e-01	1.4939e-06	1.1755e-36	1.1755e-36	1.1755e-36	1.4124e-16	0.00e+00	0.00e+00	2.4582e+01
7.04330e+15	4.4921e+03	3.564e-17	1.2916e+04	2.1685e+03	3.9050e-08	8.3425e-01	1.6575e-01	9.8228e-01	1.7720e-02	5.3100e-09	2.4328e-10	6.2866e-04	9.9626e-01	3.1080e-03	1.1755e-36	8.6537e-01	1.3462e-01	1.4378e-06	1.1755e-36	1.1755e-36	1.1755e-36	1.5522e-16	0.00e+00	0.00e+00	2.4749e+01
7.04563e+15	4.4392e+03	3.451e-17	1.2916e+04	2.1203e+03	4.3215e-08	8.3771e-01	1.6229e-01	9.8232e-01	1.7683e-02	5.3542e-09	2.5188e-10	6.1683e-04	9.9634e-01	3.0480e-03	1.1755e-36	8.6836e-01	1.3163e-01	1.3892e-06	1.1755e-36	1.1755e-36	1.1755e-36	1.6819e-16	0.00e+00	0.00e+00	2.4901e+01
7.04789e+15	4.3815e+03	3.343e-17	1.2916e+04	2.0761e+03	4.8290e-08	8.4138e-01	1.5862e-01	9.8239e-01	1.7613e-02	5.3771e-09	2.6237e-10	6.0638e-04	9.9641e-01	2.9858e-03	1.1755e-36	8.7151e-01	1.2849e-01	1.3410e-06	1.1755e-36	1.1755e-36	1.1755e-36	1.8489e-16	0.00e+00	0.00e+00	2.5058e+01
7.05013e+15	4.3296e+03	3.240e-17	1.2916e+04	2.0307e+03	5.3365e-08	8.4462e-01	1.5538e-01	9.8242e-01	1.7579e-02	5.4211e-09	2.7192e-10	5.9527e-04	9.9647e-01	2.9297e-03	1.1755e-36	8.7430e-01	1.2570e-01	1.2970e-06	1.1755e-36	1.1755e-36	1.1755e-36	2.0115e-16	0.00e+00	0.00e+00	2.5209e+01
7.05237e+15	4.2706e+03	3.138e-17	1.2916e+04	1.9879e+03	5.9802e-08	8.4820e-01	1.5180e-01	9.8249e-01	1.7507e-02	5.4423e-09	2.8406e-10	5.8527e-04	9.9655e-01	2.8693e-03	1.1755e-36	8.7736e-01	1.2264e-01	1.2518e-06	1.1755e-36	1.1755e-36	1.1755e-36	2.2297e-16	0.00e+00	0.00e+00	2.5368e+01
7.05459e+15	4.2152e+03	3.042e-17	1.2916e+04	1.9454e+03	6.6526e-08	8.5147e-01	1.4853e-01	9.8254e-01	1.7458e-02	5.4757e-09	2.9587e-10	5.7511e-04	9.9661e-01	2.8136e-03	1.1755e-36	8.8015e-01	1.1985e-01	1.2105e-06	1.1755e-36	1.1755e-36	1.1755e-36	2.4572e-16	0.00e+00	0.00e+00	2.5516e+01
7.05672e+15	4.1612e+03	2.951e-17	1.2916e+04	1.9050e+03	7.3784e-08	8.5459e-01	1.4541e-01	9.8259e-01	1.7409e-02	5.5069e-09	3.0814e-10	5.6551e-04	9.9667e-01	2.7606e-03	1.1755e-36	8.8282e-01	1.1718e-01	1.1717e-06	1.1755e-36	1.1755e-36	1.1755e-36	2.7083e-16	0.00e+00	0.00e+00	2.5663e+01
7.05885e+15	4.1063e+03	2.863e-17	1.2916e+04	1.8650e+03	8.1903e-08	8.5769e-01	1.4231e-01	9.8264e-01	1.7358e-02	5.5377e-09	3.2134e-10	5.5604e-04	9.9674e-01	2.7079e-03	1.1755e-36	8.8547e-01	1.1453e-01	1.1337e-06	1.1755e-36	1.1755e-36	1.1755e-36	2.9955e-16	0.00e+00	0.00e+00	2.5814e+01
7.06100e+15	4.0503e+03	2.775e-17	1.2916e+04	1.8250e+03	9.1022e-08	8.6079e-01	1.3921e-01	9.8269e-01	1.7307e-02	5.5689e-09	3.3559e-10	5.4663e-04	9.9680e-01	2.6553e-03	1.1755e-36	8.8811e-01	1.1189e-01	1.0965e-06	1.1755e-36	1.1755e-36	1.1755e-36	3.3251e-16	0.00e+00	0.00e+00	2.5966e+01
7.06317e+15	3.9936e+03	2.690e-17	1.2916e+04	1.7855e+03	1.0114e-07	8.6385e-01	1.3615e-01	9.8274e-01	1.7256e-02	5.6000e-09	3.5076e-10	5.3736e-04	9.9686e-01	2.6035e-03	1.1755e-36	8.9072e-01	1.0928e-01	1.0604e-06	1.1755e-36	1.1755e-36	1.1755e-36	3.6993e-16	0.00e+00	0.00e+00	2.6118e+01
###########################
4.18271e+11	8.2877e+03	4.582e-16	1.2916e+04	1.3943e+04	1.0490e-14	5.0425e-03	9.9496e-01	2.7039e-02	9.7180e-01	1.1601e-03	3.9946e-16	5.1057e-04	3.3883e-01	6.6038e-01	2.7861e-04	4.3492e-03	7.5711e-01	2.3848e-01	5.9316e-05	1.1755e-36	1.1755e-36	2.5420e-24	0.00e+00	0.00e+00	3.4400e-04
2.50962e+12	8.2850e+03	4.579e-16	1.2916e+04	1.3941e+04	1.0421e-14	5.0395e-03	9.9496e-01	2.7039e-02	9.7180e-01	1.1592e-03	3.9592e-16	5.0984e-04	3.3884e-01	6.6037e-01	2.7899e-04	4.3463e-03	7.5703e-01	2.3856e-01	5.9144e-05	1.1755e-36	1.1755e-36	2.4983e-24	0.00e+00	0.00e+00	1.7192e-03
1.08750e+13	8.2787e+03	4.570e-16	1.2916e+04	1.3940e+04	1.0458e-14	5.0361e-03	9.9496e-01	2.7065e-02	9.7178e-01	1.1514e-03	3.9659e-16	5.0938e-04	3.3908e-01	6.6013e-01	2.7802e-04	4.3451e-03	7.5721e-01	2.3839e-01	5.8270e-05	1.1755e-36	1.1755e-36	2.5037e-24	0.00e+00	0.00e+00	7.2163e-03
4.43367e+13	8.2654e+03	4.544e-16	1.2916e+04	1.3940e+04	1.0531e-14	5.0337e-03	9.9497e-01	2.7189e-02	9.7170e-01	1.1121e-03	3.9880e-16	5.1073e-04	3.4020e-01	6.5901e-01	2.7461e-04	4.3520e-03	7.5826e-01	2.3734e-01	5.4773e-05	1.1755e-36	1.1755e-36	2.5108e-24	0.00e+00	0.00e+00	2.9195e-02
1.05906e+14	8.2127e+03	4.451e-16	1.2916e+04	1.3941e+04	1.0438e-14	4.9501e-03	9.9505e-01	2.7189e-02	9.7173e-01	1.0862e-03	3.8498e-16	5.0590e-04	3.4057e-01	6.5865e-01	2.7232e-04	4.2849e-03	7.5832e-01	2.3735e-01	5.0831e-05	1.1755e-36	1.1755e-36	2.3687e-24	0.00e+00	0.00e+00	5.7291e-02
1.85946e+14	8.1565e+03	4.360e-16	1.2916e+04	1.3942e+04	1.0453e-14	4.8895e-03	9.9511e-01	2.7292e-02	9.7169e-01	1.0214e-03	3.7612e-16	5.0474e-04	3.4181e-01	6.5742e-01	2.6719e-04	4.2456e-03	7.5946e-01	2.3625e-01	4.5537e-05	1.1755e-36	1.1755e-36	2.2634e-24	0.00e+00	0.00e+00	9.3370e-02
2.89999e+14	8.0959e+03	4.266e-16	1.2916e+04	1.3942e+04	1.0560e-14	4.8460e-03	9.9515e-01	2.7507e-02	9.7157e-01	9.2023e-04	3.7120e-16	5.0614e-04	3.4397e-01	6.5527e-01	2.5927e-04	4.2294e-03	7.6175e-01	2.3398e-01	3.9054e-05	1.1755e-36	1.1755e-36	2.1845e-24	0.00e+00	0.00e+00	1.3986e-01
4.25267e+14	8.0275e+03	4.168e-16	1.2916e+04	1.3942e+04	1.0793e-14	4.8238e-03	9.9518e-01	2.7879e-02	9.7134e-01	7.8453e-04	3.7082e-16	5.1048e-04	3.4742e-01	6.5182e-01	2.4827e-04	4.2417e-03	7.6550e-01	2.3023e-01	3.1635e-05	1.1755e-36	1.1755e-36	2.1310e-24	0.00e+00	0.00e+00	2.0001e-01
6.01115e+14	7.9603e+03	4.066e-16	1.2916e+04	1.3941e+04	1.1130e-14	4.8274e-03	9.9517e-01	2.8454e-02	9.7092e-01	6.2316e-04	3.7618e-16	5.1924e-04	3.5251e-01	6.4673e-01	2.3433e-04	4.2895e-03	7.7108e-01	2.2461e-01	2.3791e-05	1.1755e-36	1.1755e-36	2.1101e-24	0.00e+00	0.00e+00	2.7827e-01
8.29718e+14	7.8880e+03	3.963e-16	1.2916e+04	1.3940e+04	1.1705e-14	4.8744e-03	9.9513e-01	2.9355e-02	9.7019e-01	4.5164e-04	3.9146e-16	5.3450e-04	3.6014e-01	6.3911e-01	2.1730e-04	4.3936e-03	7.7912e-01	2.1647e-01	1.6218e-05	1.1755e-36	1.1755e-36	2.1444e-24	0.00e+00	0.00e+00	3.8100e-01
1.12690e+15	7.8169e+03	3.863e-16	1.2916e+04	1.3936e+04	1.2622e-14	4.9874e-03	9.9501e-01	3.0748e-02	9.6896e-01	2.9171e-04	4.2294e-16	5.5999e-04	3.7145e-01	6.2780e-01	1.9742e-04	4.5818e-03	7.9034e-01	2.0507e-01	9.7253e-06	1.1755e-36	1.1755e-36	2.2695e-24	0.00e+00	0.00e+00	5.1764e-01
1.51324e+15	7.7513e+03	3.772e-16	1.2916e+04	1.3932e+04	1.4133e-14	5.2093e-03	9.9479e-01	3.2976e-02	9.6686e-01	1.6338e-04	4.8416e-16	6.0043e-04	3.8839e-01	6.1084e-01	1.7456e-04	4.9065e-03	8.0568e-01	1.8941e-01	4.9320e-06	1.1755e-36	1.1755e-36	2.5638e-24	0.00e+00	0.00e+00	7.0318e-01
2.01548e+15	7.6924e+03	3.701e-16	1.2916e+04	1.3925e+04	1.6848e-14	5.6238e-03	9.9438e-01	3.6691e-02	9.6323e-01	7.6851e-05	6.0731e-16	6.6856e-04	4.1445e-01	5.8473e-01	1.4793e-04	5.4718e-03	8.2652e-01	1.6800e-01	2.0036e-06	1.1755e-36	1.1755e-36	3.2185e-24	0.00e+00	0.00e+00	9.6358e-01
2.55370e+15	7.6352e+03	3.656e-16	1.2916e+04	1.3907e+04	2.0870e-14	6.1938e-03	9.9381e-01	4.1659e-02	9.5831e-01	3.3932e-05	7.9648e-16	7.5658e-04	4.4618e-01	5.5294e-01	1.2270e-04	6.2293e-03	8.4841e-01	1.4536e-01	7.5263e-07	1.1755e-36	1.1755e-36	4.2736e-24	0.00e+00	0.00e+00	1.2205e+00
2.99659e+15	7.6303e+03	3.651e-16	1.2916e+04	1.3893e+04	2.5358e-14	6.8407e-03	9.9316e-01	4.7212e-02	9.5277e-01	1.7628e-05	1.0470e-15	8.4900e-04	4.7732e-01	5.2173e-01	1.0309e-04	7.0691e-03	8.6688e-01	1.2605e-01	3.3082e-07	1.1755e-36	1.1755e-36	5.7970e-24	0.00e+00	0.00e+00	1.4309e+00
3.33613e+15	7.6352e+03	3.675e-16	1.2916e+04	1.3878e+04	3.0502e-14	7.5180e-03	9.9248e-01	5.2947e-02	9.4704e-01	1.0822e-05	1.3557e-15	9.3906e-04	5.0588e-01	4.9309e-01	8.7963e-05	7.9360e-03	8.8162e-01	1.1045e-01	1.7239e-07	1.1755e-36	1.1755e-36	7.8077e-24	0.00e+00	0.00e+00	1.6161e+00
3.62564e+15	7.6463e+03	3.710e-16	1.2916e+04	1.3861e+04	3.6600e-14	8.2558e-03	9.9174e-01	5.9252e-02	9.4074e-01	7.1831e-06	1.7495e-15	1.0313e-03	5.3378e-01	4.6512e-01	7.5140e-05	8.8758e-03	8.9433e-01	9.6790e-02	1.1755e-36	1.1755e-36	1.1755e-36	1.0535e-23	0.00e+00	0.00e+00	1.8026e+00
3.89873e+15	7.6610e+03	3.755e-16	1.2916e+04	1.3843e+04	4.4471e-14	9.1231e-03	9.9088e-01	6.6824e-02	9.3317e-01	4.9023e-06	2.2923e-15	1.1336e-03	5.6331e-01	4.3549e-01	6.3297e-05	9.9777e-03	9.0618e-01	8.3845e-02	1.1755e-36	1.1755e-36	1.1755e-36	1.4537e-23	0.00e+00	0.00e+00	2.0029e+00
4.16073e+15	7.6810e+03	3.808e-16	1.2916e+04	1.3819e+04	5.4698e-14	1.0155e-02	9.8985e-01	7.6068e-02	9.2393e-01	3.4146e-06	3.0507e-15	1.2463e-03	5.9462e-01	4.0408e-01	5.2389e-05	1.1286e-02	9.1713e-01	7.1581e-02	1.1755e-36	1.1755e-36	1.1755e-36	2.0512e-23	0.00e+00	0.00e+00	2.2139e+00
4.40552e+15	7.7051e+03	3.869e-16	1.2916e+04	1.3793e+04	6.8002e-14	1.1364e-02	9.8864e-01	8.7276e-02	9.1272e-01	2.4454e-06	4.1106e-15	1.3675e-03	6.2696e-01	3.7162e-01	4.2650e-05	1.2817e-02	9.2685e-01	6.0334e-02	1.1755e-36	1.1755e-36	1.1755e-36	2.9535e-23	0.00e+00	0.00e+00	2.4315e+00
4.63105e+15	7.7314e+03	3.938e-16	1.2916e+04	1.3767e+04	8.5267e-14	1.2767e-02	9.8723e-01	1.0082e-01	8.9918e-01	1.8014e-06	5.5857e-15	1.4919e-03	6.5967e-01	3.3880e-01	3.4168e-05	1.4588e-02	9.3516e-01	5.0255e-02	1.1755e-36	1.1755e-36	1.1755e-36	4.3174e-23	0.00e+00	0.00e+00	2.6567e+00
4.84141e+15	7.7461e+03	4.009e-16	1.2916e+04	1.3716e+04	1.0849e-13	1.4423e-02	9.8558e-01	1.1713e-01	8.8287e-01	1.3438e-06	7.6276e-15	1.6260e-03	6.9272e-01	3.0563e-01	2.6812e-05	1.6675e-02	9.4207e-01	4.1255e-02	1.1755e-36	1.1755e-36	1.1755e-36	6.3352e-23	0.00e+00	0.00e+00	2.8971e+00
5.04183e+15	7.7738e+03	4.086e-16	1.2916e+04	1.3674e+04	1.3978e-13	1.6425e-02	9.8357e-01	1.3808e-01	8.6192e-01	1.0195e-06	1.0651e-14	1.7666e-03	7.2653e-01	2.7169e-01	2.0434e-05	1.9193e-02	9.4768e-01	3.3130e-02	1.1755e-36	1.1755e-36	1.1755e-36	9.6248e-23	0.00e+00	0.00e+00	3.1603e+00
5.22894e+15	7.8000e+03	4.171e-16	1.2916e+04	1.3628e+04	1.8312e-13	1.8834e-02	9.8117e-01	1.6460e-01	8.3540e-01	7.8417e-07	1.5112e-14	1.9070e-03	7.6010e-01	2.3798e-01	1.5130e-05	2.2211e-02	9.5173e-01	2.6063e-02	1.1755e-36	1.1755e-36	1.1755e-36	1.4974e-22	0.00e+00	0.00e+00	3.4333e+00
5.39369e+15	7.8150e+03	4.251e-16	1.2916e+04	1.3550e+04	2.4026e-13	2.1573e-02	9.7843e-01	1.9579e-01	8.0421e-01	6.1294e-07	2.1215e-14	2.0436e-03	7.9097e-01	2.0697e-01	1.1066e-05	2.5635e-02	9.5401e-01	2.0355e-02	1.1755e-36	1.1755e-36	1.1755e-36	2.2915e-22	0.00e+00	0.00e+00	3.7004e+00
5.53516e+15	7.8350e+03	4.327e-16	1.2916e+04	1.3485e+04	3.1202e-13	2.4590e-02	9.7541e-01	2.3182e-01	7.6818e-01	4.9119e-07	2.9518e-14	2.1659e-03	8.1831e-01	1.7951e-01	8.0648e-06	2.9394e-02	9.5473e-01	1.5878e-02	1.1755e-36	1.1755e-36	1.1755e-36	3.4808e-22	0.00e+00	0.00e+00	3.9634e+00
5.65889e+15	7.8504e+03	4.392e-16	1.2916e+04	1.3404e+04	4.0270e-13	2.7906e-02	9.7209e-01	2.7277e-01	7.2723e-01	3.9821e-07	4.0590e-14	2.2739e-03	8.4232e-01	1.5540e-01	5.8568e-06	3.3514e-02	9.5412e-01	1.2363e-02	1.1755e-36	1.1755e-36	1.1755e-36	5.1989e-22	0.00e+00	0.00e+00	4.2281e+00
5.77019e+15	7.8648e+03	4.449e-16	1.2916e+04	1.3308e+04	5.1890e-13	3.1625e-02	9.6838e-01	3.1962e-01	6.8038e-01	3.2354e-07	5.5670e-14	2.3696e-03	8.6362e-01	1.3401e-01	4.2140e-06	3.8120e-02	9.5232e-01	9.5566e-03	1.1755e-36	1.1755e-36	1.1755e-36	7.7239e-22	0.00e+00	0.00e+00	4.5022e+00
5.87230e+15	7.8753e+03	4.499e-16	1.2916e+04	1.3200e+04	6.7246e-13	3.5887e-02	9.6411e-01	3.7328e-01	6.2672e-01	2.6137e-07	7.6755e-14	2.4547e-03	8.8258e-01	1.1496e-01	2.9888e-06	4.3383e-02	9.4932e-01	7.3013e-03	1.1755e-36	1.1755e-36	1.1755e-36	1.1520e-21	0.00e+00	0.00e+00	4.7889e+00
5.96605e+15	7.8844e+03	4.539e-16	1.2916e+04	1.3077e+04	8.7459e-13	4.0761e-02	9.5924e-01	4.3310e-01	5.6690e-01	2.0936e-07	1.0630e-13	2.5272e-03	8.9913e-01	9.8342e-02	2.0956e-06	4.9383e-02	9.4510e-01	5.5174e-03	1.1755e-36	1.1755e-36	1.1755e-36	1.7227e-21	0.00e+00	0.00e+00	5.0866e+00
6.05207e+15	7.8907e+03	4.569e-16	1.2916e+04	1.2938e+04	1.1421e-12	4.6336e-02	9.5366e-01	4.9745e-01	5.0255e-01	1.6578e-07	1.4781e-13	2.5868e-03	9.1330e-01	8.4113e-02	1.4570e-06	5.6222e-02	9.3965e-01	4.1298e-03	1.1755e-36	1.1755e-36	1.1755e-36	2.5820e-21	0.00e+00	0.00e+00	5.3982e+00
6.13201e+15	7.8940e+03	4.588e-16	1.2916e+04	1.2785e+04	1.5029e-12	5.2804e-02	9.4720e-01	5.6462e-01	4.3538e-01	1.2920e-07	2.0704e-13	2.6344e-03	9.2536e-01	7.2000e-02	1.0036e-06	6.4126e-02	9.3282e-01	3.0561e-03	1.1755e-36	1.1755e-36	1.1755e-36	3.9005e-21	0.00e+00	0.00e+00	5.7317e+00
6.20782e+15	7.8961e+03	4.586e-16	1.2916e+04	1.2584e+04	1.9923e-12	6.0337e-02	9.3966e-01	6.3209e-01	3.6791e-01	9.8524e-08	2.9116e-13	2.6632e-03	9.3551e-01	6.1825e-02	6.8556e-07	7.3299e-02	9.2447e-01	2.2312e-03	1.1755e-36	1.1755e-36	1.1755e-36	5.9140e-21	0.00e+00	0.00e+00	6.0967e+00
6.28155e+15	7.8924e+03	4.582e-16	1.2916e+04	1.2388e+04	2.7143e-12	6.9722e-02	9.3028e-01	6.9902e-01	3.0098e-01	7.3106e-08	4.2061e-13	2.6872e-03	9.4437e-01	5.2943e-02	4.5703e-07	8.4674e-02	9.1374e-01	1.5891e-03	1.1755e-36	1.1755e-36	1.1755e-36	9.3341e-21	0.00e+00	0.00e+00	6.5134e+00
6.35354e+15	7.8861e+03	4.566e-16	1.2916e+04	1.2170e+04	3.7989e-12	8.1517e-02	9.1848e-01	7.6138e-01	2.3862e-01	5.2889e-08	6.2143e-13	2.6999e-03	9.5196e-01	4.5340e-02	2.9824e-07	9.8892e-02	9.0000e-01	1.1035e-03	1.1755e-36	1.1755e-36	1.1755e-36	1.5311e-20	0.00e+00	0.00e+00	6.9834e+00
6.42254e+15	7.8741e+03	4.531e-16	1.2916e+04	1.1925e+04	5.4580e-12	9.6296e-02	9.0370e-01	8.1508e-01	1.8492e-01	3.7701e-08	9.3248e-13	2.6996e-03	9.5835e-01	3.8952e-02	1.9203e-07	1.1659e-01	8.8266e-01	7.5193e-04	1.1755e-36	1.1755e-36	1.1755e-36	2.6003e-20	0.00e+00	0.00e+00	7.5119e+00
6.48812e+15	7.8563e+03	4.470e-16	1.2916e+04	1.1643e+04	8.0477e-12	1.1486e-01	8.8514e-01	8.5856e-01	1.4144e-01	2.6775e-08	1.4168e-12	2.6842e-03	9.6375e-01	3.3567e-02	1.1755e-36	1.3866e-01	8.6084e-01	5.0425e-04	1.1755e-36	1.1755e-36	1.1755e-36	4.5700e-20	0.00e+00	0.00e+00	8.1101e+00
6.55001e+15	7.8323e+03	4.362e-16	1.2916e+04	1.1286e+04	1.2133e-11	1.3794e-01	8.6206e-01	8.9210e-01	1.0790e-01	1.9195e-08	2.1625e-12	2.6449e-03	9.6832e-01	2.9030e-02	1.1755e-36	1.6581e-01	8.3386e-01	3.3431e-04	1.1755e-36	1.1755e-36	1.1755e-36	8.2188e-20	0.00e+00	0.00e+00	8.7842e+00
6.60777e+15	7.7933e+03	4.205e-16	1.2916e+04	1.0866e+04	1.8787e-11	1.6668e-01	8.3332e-01	9.1735e-01	8.2654e-02	1.3979e-08	3.3252e-12	2.5849e-03	9.7232e-01	2.5098e-02	1.1755e-36	1.9922e-01	8.0056e-01	2.1958e-04	1.1755e-36	1.1755e-36	1.1755e-36	1.5173e-19	0.00e+00	0.00e+00	9.5398e+00
6.66056e+15	7.7353e+03	3.995e-16	1.2916e+04	1.0391e+04	2.9784e-11	2.0190e-01	7.9810e-01	9.3543e-01	6.4567e-02	1.0551e-08	5.1323e-12	2.5066e-03	9.7584e-01	2.1658e-02	1.1755e-36	2.3957e-01	7.6029e-01	1.4379e-04	1.1755e-36	1.1755e-36	1.1755e-36	2.8608e-19	0.00e+00	0.00e+00	1.0363e+01
6.70742e+15	7.6574e+03	3.729e-16	1.2916e+04	9.8471e+03	4.7537e-11	2.4293e-01	7.5707e-01	9.4818e-01	5.1817e-02	8.3084e-09	7.8087e-12	2.4061e-03	9.7888e-01	1.8717e-02	1.1755e-36	2.8574e-01	7.1416e-01	9.5143e-05	1.1755e-36	1.1755e-36	1.1755e-36	5.3421e-19	0.00e+00	0.00e+00	1.1229e+01
6.74510e+15	7.5691e+03	3.446e-16	1.2916e+04	9.2988e+03	7.2644e-11	2.8464e-01	7.1536e-01	9.5635e-01	4.3654e-02	6.9793e-09	1.1223e-11	2.2973e-03	9.8126e-01	1.6438e-02	1.1755e-36	3.3181e-01	6.6812e-01	6.6381e-05	1.1755e-36	1.1755e-36	1.1755e-36	9.2392e-19	0.00e+00	0.00e+00	1.1964e+01
6.77166e+15	7.4844e+03	3.206e-16	1.2916e+04	8.8429e+03	1.0114e-10	3.1972e-01	6.8028e-01	9.6113e-01	3.8872e-02	6.2504e-09	1.4692e-11	2.2027e-03	9.8293e-01	1.4867e-02	1.1755e-36	3.6987e-01	6.3008e-01	5.0609e-05	1.1755e-36	1.1755e-36	1.1755e-36	1.3932e-18	0.00e+00	0.00e+00	1.2523e+01
6.79072e+15	7.4178e+03	3.009e-16	1.2916e+04	8.4757e+03	1.2968e-10	3.4769e-01	6.5231e-01	9.6419e-01	3.5814e-02	5.8105e-09	1.7898e-11	2.1249e-03	9.8411e-01	1.3768e-02	1.1755e-36	3.9979e-01	6.0017e-01	4.1247e-05	1.1755e-36	1.1755e-36	1.1755e-36	1.8873e-18	0.00e+00	0.00e+00	1.2996e+01
6.80674e+15	7.3389e+03	2.835e-16	1.2916e+04	8.1518e+03	1.6357e-10	3.7386e-01	6.2614e-01	9.6658e-01	3.3417e-02	5.4653e-09	2.1314e-11	2.0556e-03	9.8512e-01	1.2825e-02	1.1755e-36	4.2746e-01	5.7251e-01	3.4405e-05	1.1755e-36	1.1755e-36	1.1755e-36	2.4710e-18	0.00e+00	0.00e+00	1.3465e+01
6.82217e+15	7.2613e+03	2.652e-16	1.2916e+04	7.8077e+03	2.0535e-10	4.0054e-01	5.9946e-01	9.6871e-01	3.1295e-02	5.1822e-09	2.5190e-11	1.9804e-03	9.8607e-01	1.1952e-02	1.1755e-36	4.5532e-01	5.4465e-01	2.8731e-05	1.1755e-36	1.1755e-36	1.1755e-36	3.2014e-18	0.00e+00	0.00e+00	1.3970e+01
6.83693e+15	7.1795e+03	2.470e-16	1.2916e+04	7.4607e+03	2.5723e-10	4.2746e-01	5.7254e-01	9.7050e-01	2.9498e-02	4.9606e-09	2.9558e-11	1.9033e-03	9.8695e-01	1.1145e-02	1.1755e-36	4.8309e-01	5.1688e-01	2.4091e-05	1.1755e-36	1.1755e-36	1.1755e-36	4.1070e-18	0.00e+00	0.00e+00	1.4460e+01
6.85000e+15	7.0968e+03	2.301e-16	1.2916e+04	7.1236e+03	3.1638e-10	4.5200e-01	5.4800e-01	9.7190e-01	2.8100e-02	4.8138e-09	3.3895e-11	1.8275e-03	9.8770e-01	1.0470e-02	1.1755e-36	5.0813e-01	4.9185e-01	2.0581e-05	1.1755e-36	1.1755e-36	1.1755e-36	5.0798e-18	0.00e+00	0.00e+00	1.4905e+01
6.86115e+15	7.0176e+03	2.158e-16	1.2916e+04	6.8431e+03	3.8149e-10	4.7432e-01	5.2568e-01	9.7303e-01	2.6966e-02	4.6919e-09	3.8323e-11	1.7641e-03	9.8835e-01	9.8846e-03	1.1755e-36	5.3067e-01	4.6931e-01	1.7901e-05	1.1755e-36	1.1755e-36	1.1755e-36	6.1598e-18	0.00e+00	0.00e+00	1.5301e+01
6.87124e+15	6.9405e+03	2.025e-16	1.2916e+04	6.5720e+03	4.5450e-10	4.9509e-01	5.0491e-01	9.7399e-01	2.6015e-02	4.6042e-09	4.2763e-11	1.7022e-03	9.8893e-01	9.3682e-03	1.1755e-36	5.5144e-01	4.4854e-01	1.5727e-05	1.1755e-36	1.1755e-36	1.1755e-36	7.3163e-18	0.00e+00	0.00e+00	1.5703e+01
6.88106e+15	6.8602e+03	1.895e-16	1.2916e+04	6.3050e+03	5.4186e-10	5.1581e-01	4.8419e-01	9.7485e-01	2.5151e-02	4.5322e-09	4.7583e-11	1.6408e-03	9.8948e-01	8.8760e-03	1.1755e-36	5.7197e-01	4.2802e-01	1.3835e-05	1.1755e-36	1.1755e-36	1.1755e-36	8.6574e-18	0.00e+00	0.00e+00	1.6110e+01
6.89046e+15	6.7834e+03	1.769e-16	1.2916e+04	6.0352e+03	6.4034e-10	5.3542e-01	4.6458e-01	9.7557e-01	2.4425e-02	4.4953e-09	5.2389e-11	1.5779e-03	9.8999e-01	8.4341e-03	1.1755e-36	5.9123e-01	4.0876e-01	1.2240e-05	1.1755e-36	1.1755e-36	1.1755e-36	1.0070e-17	0.00e+00	0.00e+00	1.6508e+01
6.89804e+15	6.7089e+03	1.675e-16	1.2916e+04	5.8336e+03	7.4059e-10	5.5167e-01	4.4833e-01	9.7614e-01	2.3863e-02	4.4582e-09	5.6813e-11	1.5313e-03	9.9039e-01	8.0782e-03	1.1755e-36	6.0707e-01	3.9292e-01	1.1091e-05	1.1755e-36	1.1755e-36	1.1755e-36	1.1451e-17	0.00e+00	0.00e+00	1.6780e+01
6.90343e+15	6.6614e+03	1.606e-16	1.2916e+04	5.6810e+03	8.1756e-10	5.6304e-01	4.3696e-01	9.7649e-01	2.3506e-02	4.4500e-09	5.9982e-11	1.4955e-03	9.9067e-01	7.8374e-03	1.1755e-36	6.1807e-01	3.8192e-01	1.0333e-05	1.1755e-36	1.1755e-36	1.1755e-36	1.2479e-17	0.00e+00	0.00e+00	1.6998e+01
6.90846e+15	6.6089e+03	1.541e-16	1.2916e+04	5.5343e+03	9.0495e-10	5.7418e-01	4.2582e-01	9.7685e-01	2.3151e-02	4.4377e-09	6.3250e-11	1.4610e-03	9.9094e-01	7.6034e-03	1.1755e-36	6.2881e-01	3.7118e-01	9.6411e-06	1.1755e-36	1.1755e-36	1.1755e-36	1.3571e-17	0.00e+00	0.00e+00	1.7246e+01
6.91407e+15	6.5455e+03	1.468e-16	1.2916e+04	5.3703e+03	1.0188e-09	5.8679e-01	4.1321e-01	9.7723e-01	2.2768e-02	4.4263e-09	6.7140e-11	1.4224e-03	9.9123e-01	7.3436e-03	1.1755e-36	6.4091e-01	3.5908e-01	8.9142e-06	1.1755e-36	1.1755e-36	1.1755e-36	1.4916e-17	0.00e+00	0.00e+00	1.7530e+01
6.91999e+15	6.4805e+03	1.395e-16	1.2916e+04	5.2013e+03	1.1522e-09	5.9993e-01	4.0007e-01	9.7761e-01	2.2393e-02	4.4213e-09	7.1423e-11	1.3824e-03	9.9154e-01	7.0792e-03	1.1755e-36	6.5344e-01	3.4655e-01	8.2101e-06	1.1755e-36	1.1755e-36	1.1755e-36	1.6462e-17	0.00e+00	0.00e+00	1.7819e+01
6.92572e+15	6.4122e+03	1.326e-16	1.2916e+04	5.0413e+03	1.3056e-09	6.1282e-01	3.8718e-01	9.7796e-01	2.2037e-02	4.4151e-09	7.5915e-11	1.3446e-03	9.9183e-01	6.8247e-03	1.1755e-36	6.6566e-01	3.3433e-01	7.5751e-06	1.1755e-36	1.1755e-36	1.1755e-36	1.8154e-17	0.00e+00	0.00e+00	1.8096e+01
6.93114e+15	6.3481e+03	1.261e-16	1.2916e+04	4.8840e+03	1.4681e-09	6.2467e-01	3.7533e-01	9.7826e-01	2.1742e-02	4.4259e-09	8.0121e-11	1.3070e-03	9.9210e-01	6.5967e-03	1.1755e-36	6.7684e-01	3.2315e-01	7.0239e-06	1.1755e-36	1.1755e-36	1.1755e-36	1.9784e-17	0.00e+00	0.00e+00	1.8366e+01
6.93648e+15	6.2846e+03	1.198e-16	1.2916e+04	4.7311e+03	1.6507e-09	6.3646e-01	3.6354e-01	9.7854e-01	2.1457e-02	4.4383e-09	8.4553e-11	1.2702e-03	9.9236e-01	6.3732e-03	1.1755e-36	6.8789e-01	3.1210e-01	6.5105e-06	1.1755e-36	1.1755e-36	1.1755e-36	2.1574e-17	0.00e+00	0.00e+00	1.8646e+01
6.94191e+15	6.2153e+03	1.135e-16	1.2916e+04	4.5742e+03	1.8687e-09	6.4836e-01	3.5164e-01	9.7882e-01	2.1176e-02	4.4555e-09	8.9207e-11	1.2326e-03	9.9262e-01	6.1523e-03	1.1755e-36	6.9898e-01	3.0101e-01	6.0271e-06	1.1755e-36	1.1755e-36	1.1755e-36	2.3512e-17	0.00e+00	0.00e+00	1.8935e+01
6.94735e+15	6.1447e+03	1.074e-16	1.2916e+04	4.4190e+03	2.1194e-09	6.6013e-01	3.3987e-01	9.7908e-01	2.0924e-02	4.4805e-09	9.4038e-11	1.1950e-03	9.9287e-01	5.9363e-03	1.1755e-36	7.0994e-01	2.9005e-01	5.5762e-06	1.1755e-36	1.1755e-36	1.1755e-36	2.5600e-17	0.00e+00	0.00e+00	1.9226e+01
6.95273e+15	6.0718e+03	1.016e-16	1.2916e+04	4.2679e+03	2.4107e-09	6.7179e-01	3.2821e-01	9.7932e-01	2.0678e-02	4.5063e-09	9.9113e-11	1.1584e-03	9.9312e-01	5.7264e-03	1.1755e-36	7.2071e-01	2.7929e-01	5.1612e-06	1.1755e-36	1.1755e-36	1.1755e-36	2.7886e-17	0.00e+00	0.00e+00	1.9519e+01
6.95801e+15	5.9974e+03	9.608e-17	1.2916e+04	4.1208e+03	2.7455e-09	6.8313e-01	3.1687e-01	9.7955e-01	2.0449e-02	4.5362e-09	1.0429e-10	1.1226e-03	9.9335e-01	5.5254e-03	1.1755e-36	7.3113e-01	2.6887e-01	4.7819e-06	1.1755e-36	1.1755e-36	1.1755e-36	3.0310e-17	0.00e+00	0.00e+00	1.9810e+01
6.96321e+15	5.9217e+03	9.080e-17	1.2916e+04	3.9772e+03	3.1323e-09	6.9418e-01	3.0582e-01	9.7977e-01	2.0233e-02	4.5696e-09	1.0961e-10	1.0876e-03	9.9358e-01	5.3322e-03	1.1755e-36	7.4124e-01	2.5876e-01	4.4340e-06	1.1755e-36	1.1755e-36	1.1755e-36	3.2896e-17	0.00e+00	0.00e+00	2.0102e+01
6.96836e+15	5.8435e+03	8.575e-17	1.2916e+04	3.8362e+03	3.5853e-09	7.0504e-01	2.9496e-01	9.7997e-01	2.0028e-02	4.6065e-09	1.1512e-10	1.0532e-03	9.9380e-01	5.1452e-03	1.1755e-36	7.5112e-01	2.4887e-01	4.1122e-06	1.1755e-36	1.1755e-36	1.1755e-36	3.5691e-17	0.00e+00	0.00e+00	2.0398e+01
6.97349e+15	5.7584e+03	8.093e-17	1.2916e+04	3.6998e+03	4.1427e-09	7.1594e-01	2.8406e-01	9.8019e-01	1.9813e-02	4.6372e-09	1.2112e-10	1.0200e-03	9.9402e-01	4.9601e-03	1.1755e-36	7.6101e-01	2.3899e-01	3.8113e-06	1.1755e-36	1.1755e-36	1.1755e-36	3.8886e-17	0.00e+00	0.00e+00	2.0696e+01
6.97851e+15	5.6769e+03	7.636e-17	1.2916e+04	3.5663e+03	4.7673e-09	7.2624e-01	2.7376e-01	9.8037e-01	1.9632e-02	4.6800e-09	1.2701e-10	9.8722e-04	9.9423e-01	4.7877e-03	1.1755e-36	7.7030e-01	2.2970e-01	3.5399e-06	1.1755e-36	1.1755e-36	1.1755e-36	4.2168e-17	0.00e+00	0.00e+00	2.0989e+01
6.98346e+15	5.5939e+03	7.202e-17	1.2916e+04	3.4366e+03	5.5020e-09	7.3629e-01	2.6371e-01	9.8054e-01	1.9459e-02	4.7252e-09	1.3314e-10	9.5528e-04	9.9442e-01	4.6218e-03	1.1755e-36	7.7932e-01	2.2067e-01	3.2896e-06	1.1755e-36	1.1755e-36	1.1755e-36	4.5765e-17	0.00e+00	0.00e+00	2.1286e+01
6.98842e+15	5.5081e+03	6.785e-17	1.2916e+04	3.3086e+03	6.3828e-09	7.4619e-01	2.5381e-01	9.8071e-01	1.9294e-02	4.7741e-09	1.3960e-10	9.2367e-04	9.9462e-01	4.4604e-03	1.1755e-36	7.8818e-01	2.1181e-01	3.0558e-06	1.1755e-36	1.1755e-36	1.1755e-36	4.9770e-17	0.00e+00	0.00e+00	2.1588e+01
6.99337e+15	5.4199e+03	6.387e-17	1.2916e+04	3.1832e+03	7.4398e-09	7.5590e-01	2.4410e-01	9.8086e-01	1.9136e-02	4.8261e-09	1.4644e-10	8.9265e-04	9.9480e-01	4.3042e-03	1.1755e-36	7.9683e-01	2.0316e-01	2.8384e-06	1.1755e-36	1.1755e-36	1.1755e-36	5.4281e-17	0.00e+00	0.00e+00	2.1892e+01
6.99827e+15	5.3300e+03	6.009e-17	1.2916e+04	3.0613e+03	8.7069e-09	7.6535e-01	2.3465e-01	9.8101e-01	1.8986e-02	4.8808e-09	1.5369e-10	8.6243e-04	9.9498e-01	4.1543e-03	1.1755e-36	8.0521e-01	1.9479e-01	2.6379e-06	1.1755e-36	1.1755e-36	1.1755e-36	5.9386e-17	0.00e+00	0.00e+00	2.2197e+01
7.00312e+15	5.2385e+03	5.652e-17	1.2916e+04	2.9430e+03	1.0232e-08	7.7450e-01	2.2550e-01	9.8116e-01	1.8843e-02	4.9377e-09	1.6141e-10	8.3306e-04	9.9516e-01	4.0109e-03	1.1755e-36	8.1330e-01	1.8670e-01	2.4530e-06	1.1755e-36	1.1755e-36	1.1755e-36	6.5241e-17	0.00e+00	0.00e+00	2.2501e+01
7.00715e+15	5.1639e+03	5.382e-17	1.2916e+04	2.8503e+03	1.1678e-08	7.8157e-01	2.1843e-01	9.8126e-01	1.8743e-02	4.9888e-09	1.6794e-10	8.1003e-04	9.9529e-01	3.9014e-03	1.1755e-36	8.1953e-01	1.8046e-01	2.3167e-06	1.1755e-36	1.1755e-36	1.1755e-36	7.0548e-17	0.00e+00	0.00e+00	2.2707e+01
7.01007e+15	5.1085e+03	5.187e-17	1.2916e+04	2.7814e+03	1.2892e-08	7.8663e-01	2.1336e-01	9.8132e-01	1.8681e-02	5.0332e-09	1.7290e-10	7.9278e-04	9.9538e-01	3.8236e-03	1.1755e-36	8.2399e-01	1.7601e-01	2.2212e-06	1.1755e-36	1.1755e-36	1.1755e-36	7.4805e-17	0.00e+00	0.00e+00	2.2875e+01
7.01277e+15	5.0504e+03	5.008e-17	1.2916e+04	2.7183e+03	1.4296e-08	7.9164e-01	2.0836e-01	9.8140e-01	1.8598e-02	5.0630e-09	1.7847e-10	7.7720e-04	9.9548e-01	3.7477e-03	1.1755e-36	8.2839e-01	1.7161e-01	2.1313e-06	1.1755e-36	1.1755e-36	1.1755e-36	7.9855e-17	0.00e+00	0.00e+00	2.3054e+01
7.01557e+15	4.9926e+03	4.826e-17	1.2916e+04	2.6535e+03	1.5872e-08	7.9664e-01	2.0336e-01	9.8148e-01	1.8522e-02	5.1000e-09	1.8442e-10	7.6108e-04	9.9557e-01	3.6710e-03	1.1755e-36	8.3277e-01	1.6723e-01	2.0430e-06	1.1755e-36	1.1755e-36	1.1755e-36	8.5476e-17	0.00e+00	0.00e+00	2.3237e+01
7.01840e+15	4.9373e+03	4.648e-17	1.2916e+04	2.5888e+03	1.7566e-08	8.0155e-01	1.9845e-01	9.8154e-01	1.8456e-02	5.1436e-09	1.9062e-10	7.4488e-04	9.9567e-01	3.5884e-03	1.1755e-36	8.3704e-01	1.6296e-01	1.9579e-06	1.1755e-36	1.1755e-36	1.1755e-36	9.1281e-17	0.00e+00	0.00e+00	2.3423e+01
7.02130e+15	4.8722e+03	4.471e-17	1.2916e+04	2.5251e+03	1.9762e-08	8.0679e-01	1.9321e-01	9.8164e-01	1.8362e-02	5.1729e-09	1.9820e-10	7.2922e-04	9.9577e-01	3.5003e-03	1.1755e-36	8.4160e-01	1.5840e-01	1.8719e-06	1.1755e-36	1.1755e-36	1.1755e-36	9.8799e-17	0.00e+00	0.00e+00	2.3618e+01
7.02410e+15	4.8139e+03	4.308e-17	1.2916e+04	2.4616e+03	2.1988e-08	8.1133e-01	1.8867e-01	9.8169e-01	1.8312e-02	5.2232e-09	2.0484e-10	7.1331e-04	9.9586e-01	3.4236e-03	1.1755e-36	8.4557e-01	1.5443e-01	1.7969e-06	1.1755e-36	1.1755e-36	1.1755e-36	1.0579e-16	0.00e+00	0.00e+00	2.3793e+01
7.02674e+15	4.7561e+03	4.157e-17	1.2916e+04	2.4039e+03	2.4468e-08	8.1577e-01	1.8423e-01	9.8175e-01	1.8248e-02	5.2617e-09	2.1207e-10	6.9897e-04	9.9595e-01	3.3491e-03	1.1755e-36	8.4942e-01	1.5058e-01	1.7266e-06	1.1755e-36	1.1755e-36	1.1755e-36	1.1383e-16	0.00e+00	0.00e+00	2.3968e+01
7.02935e+15	4.6937e+03	4.013e-17	1.2916e+04	2.3491e+03	2.7461e-08	8.2030e-01	1.7970e-01	9.8184e-01	1.8164e-02	5.2880e-09	2.2042e-10	6.8558e-04	9.9604e-01	3.2737e-03	1.1755e-36	8.5333e-01	1.4667e-01	1.6586e-06	1.1755e-36	1.1755e-36	1.1755e-36	1.2367e-16	0.00e+00	0.00e+00	2.4141e+01
7.03183e+15	4.6395e+03	3.880e-17	1.2916e+04	2.2956e+03	3.0399e-08	8.2420e-01	1.7580e-01	9.8188e-01	1.8119e-02	5.3320e-09	2.2776e-10	6.7221e-04	9.9612e-01	3.2081e-03	1.1755e-36	8.5672e-01	1.4328e-01	1.5989e-06	1.1755e-36	1.1755e-36	1.1755e-36	1.3289e-16	0.00e+00	0.00e+00	2.4300e+01
7.03424e+15	4.5846e+03	3.753e-17	1.2916e+04	2.2444e+03	3.3725e-08	8.2810e-01	1.7190e-01	9.8194e-01	1.8063e-02	5.3700e-09	2.3583e-10	6.5951e-04	9.9620e-01	3.1428e-03	1.1755e-36	8.6009e-01	1.3991e-01	1.5411e-06	1.1755e-36	1.1755e-36	1.1755e-36	1.4358e-16	0.00e+00	0.00e+00	2.4466e+01
7.03672e+15	4.5226e+03	3.626e-17	1.2916e+04	2.1943e+03	3.7916e-08	8.3227e-01	1.6773e-01	9.8202e-01	1.7983e-02	5.3944e-09	2.4567e-10	6.4737e-04	9.9628e-01	3.0738e-03	1.1755e-36	8.6367e-01	1.3633e-01	1.4827e-06	1.1755e-36	1.1755e-36	1.1755e-36	1.5741e-16	0.00e+00	0.00e+00	2.4635e+01
7.03909e+15	4.4693e+03	3.510e-17	1.2916e+04	2.1450e+03	4.1976e-08	8.3581e-01	1.6419e-01	9.8206e-01	1.7945e-02	5.4398e-09	2.5423e-10	6.3506e-04	9.9635e-01	3.0143e-03	1.1755e-36	8.6673e-01	1.3326e-01	1.4318e-06	1.1755e-36	1.1755e-36	1.1755e-36	1.7031e-16	0.00e+00	0.00e+00	2.4789e+01
7.04138e+15	4.4110e+03	3.399e-17	1.2916e+04	2.0997e+03	4.6932e-08	8.3957e-01	1.6043e-01	9.8213e-01	1.7872e-02	5.4634e-09	2.6470e-10	6.2411e-04	9.9642e-01	2.9524e-03	1.1755e-36	8.6995e-01	1.3005e-01	1.3812e-06	1.1755e-36	1.1755e-36	1.1755e-36	1.8693e-16	0.00e+00	0.00e+00	2.4948e+01
7.04365e+15	4.3588e+03	3.293e-17	1.2916e+04	2.0535e+03	5.1881e-08	8.4288e-01	1.5712e-01	9.8216e-01	1.7837e-02	5.5084e-09	2.7420e-10	6.1260e-04	9.9649e-01	2.8969e-03	1.1755e-36	8.7280e-01	1.2720e-01	1.3355e-06	1.1755e-36	1.1755e-36	1.1755e-36	2.0307e-16	0.00e+00	0.00e+00	2.5100e+01
7.04591e+15	4.2997e+03	3.190e-17	1.2916e+04	2.0101e+03	5.8130e-08	8.4650e-01	1.5350e-01	9.8224e-01	1.7763e-02	5.5304e-09	2.8621e-10	6.0219e-04	9.9656e-01	2.8372e-03	1.1755e-36	8.7590e-01	1.2409e-01	1.2886e-06	1.1755e-36	1.1755e-36	1.1755e-36	2.2461e-16	0.00e+00	0.00e+00	2.5260e+01
7.04814e+15	4.2442e+03	3.091e-17	1.2916e+04	1.9669e+03	6.4668e-08	8.4982e-01	1.5018e-01	9.8229e-01	1.7713e-02	5.5646e-09	2.9791e-10	5.9166e-04	9.9663e-01	2.7825e-03	1.1755e-36	8.7874e-01	1.2126e-01	1.2458e-06	1.1755e-36	1.1755e-36	1.1755e-36	2.4708e-16	0.00e+00	0.00e+00	2.5409e+01
7.05028e+15	4.1900e+03	2.999e-17	1.2916e+04	1.9259e+03	7.1739e-08	8.5299e-01	1.4701e-01	9.8234e-01	1.7662e-02	5.5965e-09	3.1008e-10	5.8171e-04	9.9669e-01	2.7302e-03	1.1755e-36	8.8145e-01	1.1855e-01	1.2055e-06	1.1755e-36	1.1755e-36	1.1755e-36	2.7191e-16	0.00e+00	0.00e+00	2.5557e+01
7.05242e+15	4.1351e+03	2.908e-17	1.2916e+04	1.8853e+03	7.9657e-08	8.5613e-01	1.4387e-01	9.8239e-01	1.7610e-02	5.6282e-09	3.2318e-10	5.7190e-04	9.9675e-01	2.6783e-03	1.1755e-36	8.8414e-01	1.1586e-01	1.1662e-06	1.1755e-36	1.1755e-36	1.1755e-36	3.0030e-16	0.00e+00	0.00e+00	2.5708e+01
7.05459e+15	4.0792e+03	2.819e-17	1.2916e+04	1.8449e+03	8.8548e-08	8.5926e-01	1.4074e-01	9.8244e-01	1.7557e-02	5.6600e-09	3.3730e-10	5.6216e-04	9.9681e-01	2.6266e-03	1.1755e-36	8.8681e-01	1.1319e-01	1.1278e-06	1.1755e-36	1.1755e-36	1.1755e-36	3.3288e-16	0.00e+00	0.00e+00	2.5860e+01
7.05676e+15	4.0226e+03	2.733e-17	1.2916e+04	1.8050e+03	9.8418e-08	8.6236e-01	1.3764e-01	9.8249e-01	1.7505e-02	5.6920e-09	3.5236e-10	5.5259e-04	9.9687e-01	2.5759e-03	1.1755e-36	8.8944e-01	1.1056e-01	1.0906e-06	1.1755e-36	1.1755e-36	1.1755e-36	3.6987e-16	0.00e+00	0.00e+00	2.6012e+01
7.05892e+15	3.9656e+03	2.649e-17	1.2916e+04	1.7657e+03	1.0927e-07	8.6540e-01	1.3460e-01	9.8255e-01	1.7453e-02	5.7236e-09	3.6829e-10	5.4322e-04	9.9693e-01	2.5262e-03	1.1755e-36	8.9204e-01	1.0796e-01	1.0546e-06	1.1755e-36	1.1755e-36	1.1755e-36	4.1151e-16	0.00e+00	0.00e+00	2.6164e+01
###########################
4.18271e+11	8.2877e+03	4.582e-16	1.2916e+04	1.3943e+04	1.0490e-14	5.0425e-03	9.9496e-01	2.7039e-02	9.7180e-01	1.1601e-03	3.9946e-16	5.1057e-04	3.3883e-01	6.6038e-01	2.7861e-04	4.3492e-03	7.5711e-01	2.3848e-01	5.9316e-05	1.1755e-36	1.1755e-36	2.5420e-24	0.00e+00	0.00e+00	3.4400e-04
2.50962e+12	8.2850e+03	4.579e-16	1.2916e+04	1.3941e+04	1.0421e-14	5.0395e-03	9.9496e-01	2.7039e-02	9.7180e-01	1.1592e-03	3.9592e-16	5.0984e-04	3.3884e-01	6.6037e-01	2.7899e-04	4.3463e-03	7.5703e-01	2.3856e-01	5.9144e-05	1.1755e-36	1.1755e-36	2.4983e-24	0.00e+00	0.00e+00	1.7192e-03
1.08750e+13	8.2787e+03	4.570e-16	1.2916e+04	1.3940e+04	1.0458e-14	5.0361e-03	9.9496e-01	2.7065e-02	9.7178e-01	1.1514e-03	3.9659e-16	5.0938e-04	3.3908e-01	6.6013e-01	2.7802e-04	4.3451e-03	7.5721e-01	2.3839e-01	5.8270e-05	1.1755e-36	1.1755e-36	2.5037e-24	0.00e+00	0.00e+00	7.2163e-03
4.43367e+13	8.2654e+03	4.544e-16	1.2916e+04	1.3940e+04	1.0531e-14	5.0337e-03	9.9497e-01	2.7189e-02	9.7170e-01	1.1121e-03	3.9880e-16	5.1073e-04	3.4020e-01	6.5901e-01	2.7461e-04	4.3520e-03	7.5826e-01	2.3734e-01	5.4773e-05	1.1755e-36	1.1755e-36	2.5108e-24	0.00e+00	0.00e+00	2.9195e-02
1.05906e+14	8.2127e+03	4.451e-16	1.2916e+04	1.3941e+04	1.0438e-14	4.9501e-03	9.9505e-01	2.7189e-02	9.7173e-01	1.0862e-03	3.8497e-16	5.0590e-04	3.4057e-01	6.5865e-01	2.7232e-04	4.2849e-03	7.5832e-01	2.3735e-01	5.0831e-05	1.1755e-36	1.1755e-36	2.3686e-24	0.00e+00	0.00e+00	5.7291e-02
1.85946e+14	8.1565e+03	4.360e-16	1.2916e+04	1.3942e+04	1.0453e-14	4.8895e-03	9.9511e-01	2.7292e-02	9.7169e-01	1.0214e-03	3.7612e-16	5.0474e-04	3.4181e-01	6.5742e-01	2.6719e-04	4.2456e-03	7.5946e-01	2.3625e-01	4.5537e-05	1.1755e-36	1.1755e-36	2.2634e-24	0.00e+00	0.00e+00	9.3370e-02
2.89999e+14	8.0959e+03	4.266e-16	1.2916e+04	1.3942e+04	1.0560e-14	4.8460e-03	9.9515e-01	2.7507e-02	9.7157e-01	9.2023e-04	3.7120e-16	5.0614e-04	3.4397e-01	6.5527e-01	2.5927e-04	4.2294e-03	7.6175e-01	2.3398e-01	3.9054e-05	1.1755e-36	1.1755e-36	2.1844e-24	0.00e+00	0.00e+00	1.3986e-01
4.25267e+14	8.0275e+03	4.168e-16	1.2916e+04	1.3942e+04	1.0793e-14	4.8238e-03	9.9518e-01	2.7879e-02	9.7134e-01	7.8453e-04	3.7081e-16	5.1048e-04	3.4742e-01	6.5182e-01	2.4827e-04	4.2417e-03	7.6550e-01	2.3023e-01	3.1635e-05	1.1755e-36	1.1755e-36	2.1309e-24	0.00e+00	0.00e+00	2.0001e-01
6.01115e+14	7.9603e+03	4.066e-16	1.2916e+04	1.3941e+04	1.1130e-14	4.8274e-03	9.9517e-01	2.8454e-02	9.7092e-01	6.2316e-04	3.7618e-16	5.1924e-04	3.5251e-01	6.4673e-01	2.3433e-04	4.2895e-03	7.7108e-01	2.2461e-01	2.3791e-05	1.1755e-36	1.1755e-36	2.1101e-24	0.00e+00	0.00e+00	2.7827e-01
8.29718e+14	7.8880e+03	3.963e-16	1.2916e+04	1.3940e+04	1.1705e-14	4.8744e-03	9.9513e-01	2.9355e-02	9.7019e-01	4.5164e-04	3.9146e-16	5.3450e-04	3.6014e-01	6.3911e-01	2.1730e-04	4.3936e-03	7.7912e-01	2.1647e-01	1.6218e-05	1.1755e-36	1.1755e-36	2.1443e-24	0.00e+00	0.00e+00	3.8100e-01
1.12690e+15	7.8169e+03	3.863e-16	1.2916e+04	1.3936e+04	1.2622e-14	4.9874e-03	9.9501e-01	3.0748e-02	9.6896e-01	2.9171e-04	4.2293e-16	5.5999e-04	3.7145e-01	6.2780e-01	1.9742e-04	4.5818e-03	7.9034e-01	2.0507e-01	9.7253e-06	1.1755e-36	1.1755e-36	2.2694e-24	0.00e+00	0.00e+00	5.1764e-01
1.51324e+15	7.7513e+03	3.772e-16	1.2916e+04	1.3932e+04	1.4133e-14	5.2093e-03	9.9479e-01	3.2976e-02	9.6686e-01	1.6339e-04	4.8414e-16	6.0043e-04	3.8839e-01	6.1084e-01	1.7456e-04	4.9065e-03	8.0568e-01	1.8941e-01	4.9320e-06	1.1755e-36	1.1755e-36	2.5636e-24	0.00e+00	0.00e+00	7.0318e-01
2.01548e+15	7.6924e+03	3.701e-16	1.2916e+04	1.3925e+04	1.6847e-14	5.6238e-03	9.9438e-01	3.6691e-02	9.6323e-01	7.6851e-05	6.0728e-16	6.6856e-04	4.1445e-01	5.8473e-01	1.4793e-04	5.4718e-03	8.2652e-01	1.6800e-01	2.0036e-06	1.1755e-36	1.1755e-36	3.2181e-24	0.00e+00	0.00e+00	9.6358e-01
2.55370e+15	7.6352e+03	3.656e-16	1.2916e+04	1.3907e+04	2.0867e-14	6.1938e-03	9.9381e-01	4.1659e-02	9.5831e-01	3.3932e-05	7.9639e-16	7.5659e-04	4.4618e-01	5.5294e-01	1.2270e-04	6.2293e-03	8.4841e-01	1.4536e-01	7.5263e-07	1.1755e-36	1.1755e-36	4.2726e-24	0.00e+00	0.00e+00	1.2205e+00
2.99659e+15	7.6303e+03	3.651e-16	1.2916e+04	1.3893e+04	2.5354e-14	6.8407e-03	9.9316e-01	4.7212e-02	9.5277e-01	1.7628e-05	1.0468e-15	8.4900e-04	4.7732e-01	5.2173e-01	1.0309e-04	7.0691e-03	8.6688e-01	1.2605e-01	3.3082e-07	1.1755e-36	1.1755e-36	5.7950e-24	0.00e+00	0.00e+00	1.4309e+00
3.33613e+15	7.6352e+03	3.675e-16	1.2916e+04	1.3878e+04	3.0496e-14	7.5180e-03	9.9248e-01	5.2947e-02	9.4704e-01	1.0822e-05	1.3554e-15	9.3906e-04	5.0588e-01	4.9309e-01	8.7963e-05	7.9360e-03	8.8162e-01	1.1045e-01	1.7239e-07	1.1755e-36	1.1755e-36	7.8042e-24	0.00e+00	0.00e+00	1.6161e+00
3.62564e+15	7.6464e+03	3.710e-16	1.2916e+04	1.3861e+04	3.6591e-14	8.2558e-03	9.9174e-01	5.9252e-02	9.4074e-01	7.1831e-06	1.7490e-15	1.0313e-03	5.3378e-01	4.6512e-01	7.5140e-05	8.8758e-03	8.9433e-01	9.6790e-02	1.1755e-36	1.1755e-36	1.1755e-36	1.0529e-23	0.00e+00	0.00e+00	1.8026e+00
3.89873e+15	7.6610e+03	3.755e-16	1.2916e+04	1.3843e+04	4.4458e-14	9.1231e-03	9.9088e-01	6.6824e-02	9.3317e-01	4.9023e-06	2.2916e-15	1.1336e-03	5.6331e-01	4.3549e-01	6.3296e-05	9.9777e-03	9.0618e-01	8.3845e-02	1.1755e-36	1.1755e-36	1.1755e-36	1.4527e-23	0.00e+00	0.00e+00	2.0029e+00
4.16073e+15	7.6810e+03	3.808e-16	1.2916e+04	1.3819e+04	5.4679e-14	1.0155e-02	9.8985e-01	7.6068e-02	9.2393e-01	3.4145e-06	3.0496e-15	1.2463e-03	5.9462e-01	4.0408e-01	5.2389e-05	1.1286e-02	9.1713e-01	7.1581e-02	1.1755e-36	1.1755e-36	1.1755e-36	2.0497e-23	0.00e+00	0.00e+00	2.2139e+00
4.40552e+15	7.7051e+03	3.869e-16	1.2916e+04	1.3793e+04	6.7977e-14	1.1365e-02	9.8864e-01	8.7276e-02	9.1272e-01	2.4454e-06	4.1090e-15	1.3675e-03	6.2697e-01	3.7162e-01	4.2650e-05	1.2817e-02	9.2685e-01	6.0334e-02	1.1755e-36	1.1755e-36	1.1755e-36	2.9512e-23	0.00e+00	0.00e+00	2.4315e+00
4.63105e+15	7.7314e+03	3.938e-16	1.2916e+04	1.3767e+04	8.5236e-14	1.2767e-02	9.8723e-01	1.0082e-01	8.9918e-01	1.8014e-06	5.5836e-15	1.4920e-03	6.5967e-01	3.3880e-01	3.4168e-05	1.4588e-02	9.3516e-01	5.0255e-02	1.1755e-36	1.1755e-36	1.1755e-36	4.3140e-23	0.00e+00	0.00e+00	2.6567e+00
4.84141e+15	7.7461e+03	4.009e-16	1.2916e+04	1.3716e+04	1.0845e-13	1.4423e-02	9.8558e-01	1.1713e-01	8.8287e-01	1.3438e-06	7.6240e-15	1.6260e-03	6.9272e-01	3.0563e-01	2.6812e-05	1.6675e-02	9.4207e-01	4.1255e-02	1.1755e-36	1.1755e-36	1.1755e-36	6.3292e-23	0.00e+00	0.00e+00	2.8972e+00
5.04184e+15	7.7738e+03	4.086e-16	1.2916e+04	1.3674e+04	1.3972e-13	1.6425e-02	9.8357e-01	1.3808e-01	8.6192e-01	1.0195e-06	1.0645e-14	1.7666e-03	7.2653e-01	2.7169e-01	2.0434e-05	1.9193e-02	9.4768e-01	3.3130e-02	1.1755e-36	1.1755e-36	1.1755e-36	9.6153e-23	0.00e+00	0.00e+00	3.1603e+00
5.22894e+15	7.8000e+03	4.171e-16	1.2916e+04	1.3628e+04	1.8304e-13	1.8834e-02	9.8117e-01	1.6460e-01	8.3540e-01	7.8417e-07	1.5105e-14	1.9070e-03	7.6010e-01	2.3798e-01	1.5130e-05	2.2212e-02	9.5173e-01	2.6063e-02	1.1755e-36	1.1755e-36	1.1755e-36	1.4960e-22	0.00e+00	0.00e+00	3.4334e+00
5.39370e+15	7.8150e+03	4.251e-16	1.2916e+04	1.3550e+04	2.4013e-13	2.1573e-02	9.7843e-01	1.9579e-01	8.0421e-01	6.1293e-07	2.1203e-14	2.0437e-03	7.9097e-01	2.0697e-01	1.1066e-05	2.5635e-02	9.5401e-01	2.0355e-02	1.1755e-36	1.1755e-36	1.1755e-36	2.2888e-22	0.00e+00	0.00e+00	3.7004e+00
5.53517e+15	7.8350e+03	4.327e-16	1.2916e+04	1.3485e+04	3.1185e-13	2.4590e-02	9.7541e-01	2.3182e-01	7.6818e-01	4.9119e-07	2.9502e-14	2.1659e-03	8.1831e-01	1.7951e-01	8.0647e-06	2.9394e-02	9.5473e-01	1.5878e-02	1.1755e-36	1.1755e-36	1.1755e-36	3.4768e-22	0.00e+00	0.00e+00	3.9634e+00
5.65890e+15	7.8504e+03	4.392e-16	1.2916e+04	1.3404e+04	4.0249e-13	2.7906e-02	9.7209e-01	2.7277e-01	7.2723e-01	3.9821e-07	4.0568e-14	2.2740e-03	8.4232e-01	1.5540e-01	5.8568e-06	3.3514e-02	9.5412e-01	1.2363e-02	1.1755e-36	1.1755e-36	1.1755e-36	5.1932e-22	0.00e+00	0.00e+00	4.2281e+00
5.77019e+15	7.8648e+03	4.449e-16	1.2916e+04	1.3308e+04	5.1864e-13	3.1625e-02	9.6838e-01	3.1962e-01	6.8038e-01	3.2354e-07	5.5640e-14	2.3697e-03	8.6362e-01	1.3401e-01	4.2139e-06	3.8120e-02	9.5232e-01	9.5566e-03	1.1755e-36	1.1755e-36	1.1755e-36	7.7156e-22	0.00e+00	0.00e+00	4.5023e+00
5.87231e+15	7.8753e+03	4.499e-16	1.2916e+04	1.3200e+04	6.7218e-13	3.5887e-02	9.6411e-01	3.7329e-01	6.2671e-01	2.6137e-07	7.6721e-14	2.4547e-03	8.8258e-01	1.1496e-01	2.9888e-06	4.3383e-02	9.4932e-01	7.3012e-03	1.1755e-36	1.1755e-36	1.1755e-36	1.1510e-21	0.00e+00	0.00e+00	4.7889e+00
5.96606e+15	7.8844e+03	4.539e-16	1.2916e+04	1.3077e+04	8.7421e-13	4.0761e-02	9.5924e-01	4.3310e-01	5.6690e-01	2.0935e-07	1.0625e-13	2.5272e-03	8.9913e-01	9.8342e-02	2.0955e-06	4.9383e-02	9.4510e-01	5.5173e-03	1.1755e-36	1.1755e-36	1.1755e-36	1.7211e-21	0.00e+00	0.00e+00	5.0866e+00
6.05207e+15	7.8907e+03	4.569e-16	1.2916e+04	1.2938e+04	1.1416e-12	4.6336e-02	9.5366e-01	4.9745e-01	5.0255e-01	1.6578e-07	1.4775e-13	2.5869e-03	9.1330e-01	8.4112e-02	1.4570e-06	5.6222e-02	9.3965e-01	4.1298e-03	1.1755e-36	1.1755e-36	1.1755e-36	2.5799e-21	0.00e+00	0.00e+00	5.3982e+00
6.13202e+15	7.8940e+03	4.588e-16	1.2916e+04	1.2785e+04	1.5023e-12	5.2804e-02	9.4720e-01	5.6462e-01	4.3538e-01	1.2919e-07	2.0697e-13	2.6344e-03	9.2536e-01	7.2000e-02	1.0036e-06	6.4126e-02	9.3282e-01	3.0560e-03	1.1755e-36	1.1755e-36	1.1755e-36	3.8978e-21	0.00e+00	0.00e+00	5.7317e+00
6.20782e+15	7.8961e+03	4.586e-16	1.2916e+04	1.2584e+04	1.9918e-12	6.0337e-02	9.3966e-01	6.3210e-01	3.6790e-01	9.8523e-08	2.9108e-13	2.6632e-03	9.3551e-01	6.1825e-02	6.8555e-07	7.3299e-02	9.2447e-01	2.2312e-03	1.1755e-36	1.1755e-36	1.1755e-36	5.9105e-21	0.00e+00	0.00e+00	6.0967e+00
6.28155e+15	7.8924e+03	4.582e-16	1.2916e+04	1.2388e+04	2.7135e-12	6.9722e-02	9.3028e-01	6.9903e-01	3.0097e-01	7.3105e-08	4.2049e-13	2.6872e-03	9.4437e-01	5.2943e-02	4.5702e-07	8.4674e-02	9.1374e-01	1.5891e-03	1.1755e-36	1.1755e-36	1.1755e-36	9.3288e-21	0.00e+00	0.00e+00	6.5134e+00
6.35354e+15	7.8861e+03	4.566e-16	1.2916e+04	1.2170e+04	3.7980e-12	8.1517e-02	9.1848e-01	7.6138e-01	2.3862e-01	5.2888e-08	6.2128e-13	2.6999e-03	9.5196e-01	4.5339e-02	2.9823e-07	9.8892e-02	9.0000e-01	1.1035e-03	1.1755e-36	1.1755e-36	1.1755e-36	1.5304e-20	0.00e+00	0.00e+00	6.9834e+00
6.42254e+15	7.8741e+03	4.531e-16	1.2916e+04	1.1925e+04	5.4567e-12	9.6296e-02	9.0370e-01	8.1508e-01	1.8492e-01	3.7700e-08	9.3225e-13	2.6997e-03	9.5835e-01	3.8952e-02	1.9202e-07	1.1659e-01	8.8266e-01	7.5192e-04	1.1755e-36	1.1755e-36	1.1755e-36	2.5990e-20	0.00e+00	0.00e+00	7.5119e+00
6.48813e+15	7.8563e+03	4.470e-16	1.2916e+04	1.1643e+04	8.0457e-12	1.1486e-01	8.8514e-01	8.5857e-01	1.4143e-01	2.6774e-08	1.4164e-12	2.6842e-03	9.6375e-01	3.3566e-02	1.1755e-36	1.3866e-01	8.6084e-01	5.0425e-04	1.1755e-36	1.1755e-36	1.1755e-36	4.5677e-20	0.00e+00	0.00e+00	8.1101e+00
6.55002e+15	7.8323e+03	4.362e-16	1.2916e+04	1.1286e+04	1.2130e-11	1.3794e-01	8.6206e-01	8.9210e-01	1.0790e-01	1.9194e-08	2.1622e-12	2.6449e-03	9.6832e-01	2.9030e-02	1.1755e-36	1.6581e-01	8.3386e-01	3.3430e-04	1.1755e-36	1.1755e-36	1.1755e-36	8.2157e-20	0.00e+00	0.00e+00	8.7842e+00
6.60778e+15	7.7934e+03	4.205e-16	1.2916e+04	1.0866e+04	1.8785e-11	1.6668e-01	8.3332e-01	9.1735e-01	8.2653e-02	1.3979e-08	3.3249e-12	2.5849e-03	9.7232e-01	2.5098e-02	1.1755e-36	1.9922e-01	8.0056e-01	2.1958e-04	1.1755e-36	1.1755e-36	1.1755e-36	1.5170e-19	0.00e+00	0.00e+00	9.5398e+00
6.66057e+15	7.7353e+03	3.995e-16	1.2916e+04	1.0391e+04	2.9783e-11	2.0190e-01	7.9810e-01	9.3543e-01	6.4566e-02	1.0551e-08	5.1323e-12	2.5066e-03	9.7584e-01	2.1658e-02	1.1755e-36	2.3957e-01	7.6029e-01	1.4379e-04	1.1755e-36	1.1755e-36	1.1755e-36	2.8607e-19	0.00e+00	0.00e+00	1.0363e+01
6.70743e+15	7.6574e+03	3.729e-16	1.2916e+04	9.8471e+03	4.7538e-11	2.4293e-01	7.5707e-01	9.4818e-01	5.1816e-02	8.3082e-09	7.8091e-12	2.4061e-03	9.7888e-01	1.8717e-02	1.1755e-36	2.8574e-01	7.1416e-01	9.5141e-05	1.1755e-36	1.1755e-36	1.1755e-36	5.3425e-19	0.00e+00	0.00e+00	1.1229e+01
6.74511e+15	7.5692e+03	3.446e-16	1.2916e+04	9.2988e+03	7.2647e-11	2.8464e-01	7.1535e-01	9.5635e-01	4.3653e-02	6.9792e-09	1.1224e-11	2.2973e-03	9.8126e-01	1.6438e-02	1.1755e-36	3.3181e-01	6.6812e-01	6.6380e-05	1.1755e-36	1.1755e-36	1.1755e-36	9.2405e-19	0.00e+00	0.00e+00	1.1964e+01
6.77166e+15	7.4845e+03	3.206e-16	1.2916e+04	8.8429e+03	1.0115e-10	3.1972e-01	6.8028e-01	9.6113e-01	3.8871e-02	6.2503e-09	1.4693e-11	2.2027e-03	9.8293e-01	1.4866e-02	1.1755e-36	3.6987e-01	6.3008e-01	5.0608e-05	1.1755e-36	1.1755e-36	1.1755e-36	1.3934e-18	0.00e+00	0.00e+00	1.2523e+01
6.79073e+15	7.4179e+03	3.009e-16	1.2916e+04	8.4757e+03	1.2969e-10	3.4769e-01	6.5231e-01	9.6419e-01	3.5813e-02	5.8103e-09	1.7900e-11	2.1249e-03	9.8411e-01	1.3768e-02	1.1755e-36	3.9979e-01	6.0017e-01	4.1246e-05	1.1755e-36	1.1755e-36	1.1755e-36	1.8877e-18	0.00e+00	0.00e+00	1.2996e+01
6.80674e+15	7.3389e+03	2.835e-16	1.2916e+04	8.1518e+03	1.6359e-10	3.7386e-01	6.2614e-01	9.6658e-01	3.3416e-02	5.4652e-09	2.1316e-11	2.0556e-03	9.8512e-01	1.2825e-02	1.1755e-36	4.2746e-01	5.7251e-01	3.4404e-05	1.1755e-36	1.1755e-36	1.1755e-36	2.4715e-18	0.00e+00	0.00e+00	1.3465e+01
6.82217e+15	7.2614e+03	2.652e-16	1.2916e+04	7.8077e+03	2.0537e-10	4.0054e-01	5.9946e-01	9.6871e-01	3.1294e-02	5.1821e-09	2.5193e-11	1.9804e-03	9.8607e-01	1.1952e-02	1.1755e-36	4.5532e-01	5.4465e-01	2.8730e-05	1.1755e-36	1.1755e-36	1.1755e-36	3.2021e-18	0.00e+00	0.00e+00	1.3970e+01
6.83694e+15	7.1796e+03	2.470e-16	1.2916e+04	7.4607e+03	2.5725e-10	4.2746e-01	5.7254e-01	9.7050e-01	2.9497e-02	4.9604e-09	2.9562e-11	1.9033e-03	9.8695e-01	1.1145e-02	1.1755e-36	4.8309e-01	5.1688e-01	2.4091e-05	1.1755e-36	1.1755e-36	1.1755e-36	4.1080e-18	0.00e+00	0.00e+00	1.4460e+01
6.85001e+15	7.0968e+03	2.301e-16	1.2916e+04	7.1236e+03	3.1641e-10	4.5200e-01	5.4800e-01	9.7190e-01	2.8100e-02	4.8137e-09	3.3899e-11	1.8275e-03	9.8770e-01	1.0470e-02	1.1755e-36	5.0813e-01	4.9185e-01	2.0581e-05	1.1755e-36	1.1755e-36	1.1755e-36	5.0810e-18	0.00e+00	0.00e+00	1.4905e+01
6.86116e+15	7.0176e+03	2.158e-16	1.2916e+04	6.8431e+03	3.8152e-10	4.7432e-01	5.2568e-01	9.7303e-01	2.6965e-02	4.6918e-09	3.8327e-11	1.7641e-03	9.8835e-01	9.8845e-03	1.1755e-36	5.3067e-01	4.6931e-01	1.7901e-05	1.1755e-36	1.1755e-36	1.1755e-36	6.1613e-18	0.00e+00	0.00e+00	1.5301e+01
6.87125e+15	6.9406e+03	2.025e-16	1.2916e+04	6.5720e+03	4.5454e-10	4.9509e-01	5.0491e-01	9.7399e-01	2.6014e-02	4.6041e-09	4.2769e-11	1.7022e-03	9.8893e-01	9.3681e-03	1.1755e-36	5.5144e-01	4.4854e-01	1.5727e-05	1.1755e-36	1.1755e-36	1.1755e-36	7.3181e-18	0.00e+00	0.00e+00	1.5703e+01
6.88107e+15	6.8602e+03	1.895e-16	1.2916e+04	6.3050e+03	5.4191e-10	5.1581e-01	4.8419e-01	9.7485e-01	2.5150e-02	4.5321e-09	4.7589e-11	1.6408e-03	9.8948e-01	8.8760e-03	1.1755e-36	5.7197e-01	4.2802e-01	1.3834e-05	1.1755e-36	1.1755e-36	1.1755e-36	8.6595e-18	0.00e+00	0.00e+00	1.6110e+01
6.89046e+15	6.7834e+03	1.769e-16	1.2916e+04	6.0352e+03	6.4040e-10	5.3542e-01	4.6458e-01	9.7558e-01	2.4425e-02	4.4952e-09	5.2395e-11	1.5779e-03	9.8999e-01	8.4340e-03	1.1755e-36	5.9123e-01	4.0876e-01	1.2240e-05	1.1755e-36	1.1755e-36	1.1755e-36	1.0073e-17	0.00e+00	0.00e+00	1.6508e+01
6.89804e+15	6.7090e+03	1.675e-16	1.2916e+04	5.8336e+03	7.4066e-10	5.5167e-01	4.4833e-01	9.7614e-01	2.3862e-02	4.4581e-09	5.6820e-11	1.5313e-03	9.9039e-01	8.0782e-03	1.1755e-36	6.0707e-01	3.9292e-01	1.1091e-05	1.1755e-36	1.1755e-36	1.1755e-36	1.1454e-17	0.00e+00	0.00e+00	1.6780e+01
6.90344e+15	6.6615e+03	1.606e-16	1.2916e+04	5.6810e+03	8.1763e-10	5.6304e-01	4.3696e-01	9.7649e-01	2.3506e-02	4.4499e-09	5.9989e-11	1.4954e-03	9.9067e-01	7.8373e-03	1.1755e-36	6.1807e-01	3.8192e-01	1.0333e-05	1.1755e-36	1.1755e-36	1.1755e-36	1.2482e-17	0.00e+00	0.00e+00	1.6998e+01
6.90846e+15	6.6090e+03	1.541e-16	1.2916e+04	5.5343e+03	9.0503e-10	5.7418e-01	4.2582e-01	9.7685e-01	2.3151e-02	4.4376e-09	6.3258e-11	1.4610e-03	9.9094e-01	7.6033e-03	1.1755e-36	6.2881e-01	3.7118e-01	9.6409e-06	1.1755e-36	1.1755e-36	1.1755e-36	1.3575e-17	0.00e+00	0.00e+00	1.7246e+01
6.91408e+15	6.5455e+03	1.468e-16	1.2916e+04	5.3703e+03	1.0188e-09	5.8679e-01	4.1321e-01	9.7723e-01	2.2767e-02	4.4262e-09	6.7148e-11	1.4224e-03	9.9123e-01	7.3436e-03	1.1755e-36	6.4091e-01	3.5908e-01	8.9140e-06	1.1755e-36	1.1755e-36	1.1755e-36	1.4920e-17	0.00e+00	0.00e+00	1.7530e+01
6.92000e+15	6.4805e+03	1.395e-16	1.2916e+04	5.2013e+03	1.1524e-09	5.9993e-01	4.0007e-01	9.7761e-01	2.2393e-02	4.4212e-09	7.1431e-11	1.3824e-03	9.9154e-01	7.0791e-03	1.1755e-36	6.5344e-01	3.4655e-01	8.2100e-06	1.1755e-36	1.1755e-36	1.1755e-36	1.6466e-17	0.00e+00	0.00e+00	1.7819e+01
6.92573e+15	6.4122e+03	1.326e-16	1.2916e+04	5.0413e+03	1.3057e-09	6.1282e-01	3.8718e-01	9.7796e-01	2.2036e-02	4.4150e-09	7.5924e-11	1.3445e-03	9.9183e-01	6.8246e-03	1.1755e-36	6.6566e-01	3.3433e-01	7.5750e-06	1.1755e-36	1.1755e-36	1.1755e-36	1.8158e-17	0.00e+00	0.00e+00	1.8096e+01
6.93115e+15	6.3481e+03	1.261e-16	1.2916e+04	4.8840e+03	1.4682e-09	6.2467e-01	3.7533e-01	9.7826e-01	2.1742e-02	4.4259e-09	8.0131e-11	1.3069e-03	9.9210e-01	6.5966e-03	1.1755e-36	6.7684e-01	3.2315e-01	7.0238e-06	1.1755e-36	1.1755e-36	1.1755e-36	1.9788e-17	0.00e+00	0.00e+00	1.8366e+01
6.93649e+15	6.2846e+03	1.198e-16	1.2916e+04	4.7311e+03	1.6508e-09	6.3646e-01	3.6354e-01	9.7854e-01	2.1457e-02	4.4382e-09	8.4563e-11	1.2702e-03	9.9236e-01	6.3732e-03	1.1755e-36	6.8789e-01	3.1210e-01	6.5104e-06	1.1755e-36	1.1755e-36	1.1755e-36	2.1579e-17	0.00e+00	0.00e+00	1.8646e+01
6.94192e+15	6.2145e+03	1.135e-16	1.2916e+04	4.5741e+03	1.8704e-09	6.4838e-01	3.5162e-01	9.7883e-01	2.1174e-02	4.4549e-09	8.9226e-11	1.2325e-03	9.9262e-01	6.1520e-03	1.1755e-36	6.9900e-01	3.0099e-01	6.0270e-06	1.1755e-36	1.1755e-36	1.1755e-36	2.3520e-17	0.00e+00	0.00e+00	1.8935e+01
6.94735e+15	6.1447e+03	1.074e-16	1.2916e+04	4.4192e+03	2.1195e-09	6.6012e-01	3.3988e-01	9.7908e-01	2.0923e-02	4.4803e-09	9.4046e-11	1.1950e-03	9.9287e-01	5.9364e-03	1.1755e-36	7.0994e-01	2.9006e-01	5.5765e-06	1.1755e-36	1.1755e-36	1.1755e-36	2.5605e-17	0.00e+00	0.00e+00	1.9226e+01
6.95273e+15	6.0719e+03	1.016e-16	1.2916e+04	4.2681e+03	2.4104e-09	6.7178e-01	3.2822e-01	9.7932e-01	2.0678e-02	4.5062e-09	9.9117e-11	1.1584e-03	9.9311e-01	5.7267e-03	1.1755e-36	7.2069e-01	2.7930e-01	5.1616e-06	1.1755e-36	1.1755e-36	1.1755e-36	2.7889e-17	0.00e+00	0.00e+00	1.9518e+01
6.95801e+15	5.9976e+03	9.608e-17	1.2916e+04	4.1208e+03	2.7454e-09	6.8312e-01	3.1688e-01	9.7955e-01	2.0449e-02	4.5361e-09	1.0430e-10	1.1226e-03	9.9335e-01	5.5254e-03	1.1755e-36	7.3112e-01	2.6887e-01	4.7819e-06	1.1755e-36	1.1755e-36	1.1755e-36	3.0315e-17	0.00e+00	0.00e+00	1.9810e+01
6.96322e+15	5.9217e+03	9.080e-17	1.2916e+04	3.9771e+03	3.1327e-09	6.9418e-01	3.0582e-01	9.7977e-01	2.0233e-02	4.5695e-09	1.0962e-10	1.0876e-03	9.9358e-01	5.3321e-03	1.1755e-36	7.4124e-01	2.5875e-01	4.4337e-06	1.1755e-36	1.1755e-36	1.1755e-36	3.2904e-17	0.00e+00	0.00e+00	2.0102e+01
6.96837e+15	5.8435e+03	8.575e-17	1.2916e+04	3.8361e+03	3.5859e-09	7.0504e-01	2.9496e-01	9.7997e-01	2.0028e-02	4.6064e-09	1.1514e-10	1.0531e-03	9.9380e-01	5.1451e-03	1.1755e-36	7.5113e-01	2.4887e-01	4.1120e-06	1.1755e-36	1.1755e-36	1.1755e-36	3.5699e-17	0.00e+00	0.00e+00	2.0398e+01
6.97349e+15	5.7584e+03	8.093e-17	1.2916e+04	3.6998e+03	4.1431e-09	7.1594e-01	2.8406e-01	9.8019e-01	1.9813e-02	4.6371e-09	1.2113e-10	1.0200e-03	9.9402e-01	4.9601e-03	1.1755e-36	7.6101e-01	2.3899e-01	3.8113e-06	1.1755e-36	1.1755e-36	1.1755e-36	3.8894e-17	0.00e+00	0.00e+00	2.0696e+01
6.97852e+15	5.6769e+03	7.636e-17	1.2916e+04	3.5663e+03	4.7676e-09	7.2624e-01	2.7376e-01	9.8037e-01	1.9631e-02	4.6799e-09	1.2702e-10	9.8721e-04	9.9423e-01	4.7877e-03	1.1755e-36	7.7030e-01	2.2970e-01	3.5399e-06	1.1755e-36	1.1755e-36	1.1755e-36	4.2176e-17	0.00e+00	0.00e+00	2.0989e+01
6.98347e+15	5.5939e+03	7.203e-17	1.2916e+04	3.4366e+03	5.5024e-09	7.3629e-01	2.6371e-01	9.8054e-01	1.9458e-02	4.7250e-09	1.3315e-10	9.5527e-04	9.9442e-01	4.6218e-03	1.1755e-36	7.7932e-01	2.2067e-01	3.2895e-06	1.1755e-36	1.1755e-36	1.1755e-36	4.5774e-17	0.00e+00	0.00e+00	2.1286e+01
6.98843e+15	5.5081e+03	6.785e-17	1.2916e+04	3.3086e+03	6.3834e-09	7.4619e-01	2.5381e-01	9.8071e-01	1.9293e-02	4.7740e-09	1.3961e-10	9.2366e-04	9.9462e-01	4.4604e-03	1.1755e-36	7.8818e-01	2.1181e-01	3.0557e-06	1.1755e-36	1.1755e-36	1.1755e-36	4.9780e-17	0.00e+00	0.00e+00	2.1588e+01
6.99338e+15	5.4199e+03	6.387e-17	1.2916e+04	3.1832e+03	7.4405e-09	7.5590e-01	2.4410e-01	9.8086e-01	1.9135e-02	4.8259e-09	1.4646e-10	8.9264e-04	9.9480e-01	4.3042e-03	1.1755e-36	7.9683e-01	2.0316e-01	2.8383e-06	1.1755e-36	1.1755e-36	1.1755e-36	5.4292e-17	0.00e+00	0.00e+00	2.1892e+01
6.99828e+15	5.3301e+03	6.009e-17	1.2916e+04	3.0613e+03	8.7077e-09	7.6535e-01	2.3465e-01	9.8101e-01	1.8986e-02	4.8807e-09	1.5370e-10	8.6242e-04	9.9498e-01	4.1543e-03	1.1755e-36	8.0521e-01	1.9479e-01	2.6378e-06	1.1755e-36	1.1755e-36	1.1755e-36	5.9398e-17	0.00e+00	0.00e+00	2.2197e+01
7.00313e+15	5.2385e+03	5.652e-17	1.2916e+04	2.9430e+03	1.0233e-08	7.7450e-01	2.2550e-01	9.8116e-01	1.8843e-02	4.9376e-09	1.6143e-10	8.3305e-04	9.9516e-01	4.0109e-03	1.1755e-36	8.1330e-01	1.8670e-01	2.4530e-06	1.1755e-36	1.1755e-36	1.1755e-36	6.5253e-17	0.00e+00	0.00e+00	2.2501e+01
7.00716e+15	5.1639e+03	5.382e-17	1.2916e+04	2.8503e+03	1.1680e-08	7.8157e-01	2.1843e-01	9.8126e-01	1.8743e-02	4.9886e-09	1.6796e-10	8.1002e-04	9.9529e-01	3.9014e-03	1.1755e-36	8.1953e-01	1.8046e-01	2.3167e-06	1.1755e-36	1.1755e-36	1.1755e-36	7.0561e-17	0.00e+00	0.00e+00	2.2707e+01
7.01008e+15	5.1085e+03	5.187e-17	1.2916e+04	2.7814e+03	1.2893e-08	7.8663e-01	2.1337e-01	9.8132e-01	1.8681e-02	5.0331e-09	1.7291e-10	7.9277e-04	9.9538e-01	3.8236e-03	1.1755e-36	8.2399e-01	1.7601e-01	2.2212e-06	1.1755e-36	1.1755e-36	1.1755e-36	7.4819e-17	0.00e+00	0.00e+00	2.2875e+01
7.01277e+15	5.0504e+03	5.008e-17	1.2916e+04	2.7183e+03	1.4297e-08	7.9164e-01	2.0836e-01	9.8140e-01	1.8597e-02	5.0629e-09	1.7849e-10	7.7719e-04	9.9548e-01	3.7477e-03	1.1755e-36	8.2839e-01	1.7161e-01	2.1313e-06	1.1755e-36	1.1755e-36	1.1755e-36	7.9870e-17	0.00e+00	0.00e+00	2.3054e+01
7.01557e+15	4.9926e+03	4.826e-17	1.2916e+04	2.6535e+03	1.5874e-08	7.9664e-01	2.0336e-01	9.8148e-01	1.8521e-02	5.0999e-09	1.8444e-10	7.6107e-04	9.9557e-01	3.6710e-03	1.1755e-36	8.3277e-01	1.6723e-01	2.0430e-06	1.1755e-36	1.1755e-36	1.1755e-36	8.5492e-17	0.00e+00	0.00e+00	2.3237e+01
7.01841e+15	4.9373e+03	4.648e-17	1.2916e+04	2.5888e+03	1.7567e-08	8.0155e-01	1.9845e-01	9.8154e-01	1.8456e-02	5.1435e-09	1.9063e-10	7.4487e-04	9.9567e-01	3.5884e-03	1.1755e-36	8.3704e-01	1.6296e-01	1.9579e-06	1.1755e-36	1.1755e-36	1.1755e-36	9.1298e-17	0.00e+00	0.00e+00	2.3423e+01
7.02131e+15	4.8722e+03	4.471e-17	1.2916e+04	2.5251e+03	1.9764e-08	8.0679e-01	1.9321e-01	9.8164e-01	1.8362e-02	5.1728e-09	1.9822e-10	7.2921e-04	9.9577e-01	3.5003e-03	1.1755e-36	8.4160e-01	1.5840e-01	1.8719e-06	1.1755e-36	1.1755e-36	1.1755e-36	9.8817e-17	0.00e+00	0.00e+00	2.3618e+01
7.02411e+15	4.8139e+03	4.308e-17	1.2916e+04	2.4617e+03	2.1990e-08	8.1133e-01	1.8867e-01	9.8169e-01	1.8312e-02	5.2230e-09	2.0486e-10	7.1330e-04	9.9586e-01	3.4236e-03	1.1755e-36	8.4557e-01	1.5443e-01	1.7969e-06	1.1755e-36	1.1755e-36	1.1755e-36	1.0581e-16	0.00e+00	0.00e+00	2.3793e+01
7.02675e+15	4.7561e+03	4.157e-17	1.2916e+04	2.4039e+03	2.4471e-08	8.1577e-01	1.8423e-01	9.8175e-01	1.8248e-02	5.2615e-09	2.1209e-10	6.9896e-04	9.9595e-01	3.3491e-03	1.1755e-36	8.4942e-01	1.5058e-01	1.7266e-06	1.1755e-36	1.1755e-36	1.1755e-36	1.1385e-16	0.00e+00	0.00e+00	2.3968e+01
7.02935e+15	4.6937e+03	4.013e-17	1.2916e+04	2.3491e+03	2.7464e-08	8.2030e-01	1.7970e-01	9.8184e-01	1.8164e-02	5.2878e-09	2.2044e-10	6.8558e-04	9.9604e-01	3.2737e-03	1.1755e-36	8.5333e-01	1.4667e-01	1.6585e-06	1.1755e-36	1.1755e-36	1.1755e-36	1.2369e-16	0.00e+00	0.00e+00	2.4141e+01
7.03183e+15	4.6395e+03	3.880e-17	1.2916e+04	2.2956e+03	3.0401e-08	8.2420e-01	1.7580e-01	9.8188e-01	1.8118e-02	5.3318e-09	2.2778e-10	6.7220e-04	9.9612e-01	3.2081e-03	1.1755e-36	8.5672e-01	1.4328e-01	1.5989e-06	1.1755e-36	1.1755e-36	1.1755e-36	1.3291e-16	0.00e+00	0.00e+00	2.4300e+01
7.03425e+15	4.5846e+03	3.753e-17	1.2916e+04	2.2444e+03	3.3728e-08	8.2810e-01	1.7190e-01	9.8194e-01	1.8063e-02	5.3698e-09	2.3585e-10	6.5950e-04	9.9620e-01	3.1428e-03	1.1755e-36	8.6009e-01	1.3991e-01	1.5411e-06	1.1755e-36	1.1755e-36	1.1755e-36	1.4360e-16	0.00e+00	0.00e+00	2.4466e+01
7.03672e+15	4.5226e+03	3.626e-17	1.2916e+04	2.1943e+03	3.7919e-08	8.3227e-01	1.6773e-01	9.8202e-01	1.7983e-02	5.3942e-09	2.4569e-10	6.4736e-04	9.9628e-01	3.0738e-03	1.1755e-36	8.6367e-01	1.3633e-01	1.4827e-06	1.1755e-36	1.1755e-36	1.1755e-36	1.5743e-16	0.00e+00	0.00e+00	2.4635e+01
7.03909e+15	4.4693e+03	3.510e-17	1.2916e+04	2.1450e+03	4.1980e-08	8.3581e-01	1.6419e-01	9.8206e-01	1.7944e-02	5.4396e-09	2.5425e-10	6.3505e-04	9.9635e-01	3.0143e-03	1.1755e-36	8.6673e-01	1.3327e-01	1.4318e-06	1.1755e-36	1.1755e-36	1.1755e-36	1.7034e-16	0.00e+00	0.00e+00	2.4789e+01
7.04139e+15	4.4110e+03	3.399e-17	1.2916e+04	2.0997e+03	4.6936e-08	8.3957e-01	1.6043e-01	9.8213e-01	1.7872e-02	5.4633e-09	2.6473e-10	6.2410e-04	9.9642e-01	2.9524e-03	1.1755e-36	8.6995e-01	1.3005e-01	1.3812e-06	1.1755e-36	1.1755e-36	1.1755e-36	1.8696e-16	0.00e+00	0.00e+00	2.4948e+01
7.04365e+15	4.3588e+03	3.293e-17	1.2916e+04	2.0535e+03	5.1885e-08	8.4288e-01	1.5712e-01	9.8216e-01	1.7836e-02	5.5082e-09	2.7422e-10	6.1260e-04	9.9649e-01	2.8970e-03	1.1755e-36	8.7280e-01	1.2720e-01	1.3355e-06	1.1755e-36	1.1755e-36	1.1755e-36	2.0311e-16	0.00e+00	0.00e+00	2.5100e+01
7.04591e+15	4.2997e+03	3.190e-17	1.2916e+04	2.0101e+03	5.8136e-08	8.4650e-01	1.5350e-01	9.8224e-01	1.7763e-02	5.5303e-09	2.8623e-10	6.0218e-04	9.9656e-01	2.8373e-03	1.1755e-36	8.7590e-01	1.2409e-01	1.2886e-06	1.1755e-36	1.1755e-36	1.1755e-36	2.2464e-16	0.00e+00	0.00e+00	2.5260e+01
7.04815e+15	4.2442e+03	3.091e-17	1.2916e+04	1.9669e+03	6.4674e-08	8.4982e-01	1.5018e-01	9.8229e-01	1.7712e-02	5.5644e-09	2.9793e-10	5.9165e-04	9.9663e-01	2.7825e-03	1.1755e-36	8.7874e-01	1.2126e-01	1.2458e-06	1.1755e-36	1.1755e-36	1.1755e-36	2.4712e-16	0.00e+00	0.00e+00	2.5409e+01
7.05029e+15	4.1900e+03	2.999e-17	1.2916e+04	1.9259e+03	7.1746e-08	8.5299e-01	1.4701e-01	9.8234e-01	1.7661e-02	5.5963e-09	3.1010e-10	5.8170e-04	9.9669e-01	2.7302e-03	1.1755e-36	8.8145e-01	1.1855e-01	1.2055e-06	1.1755e-36	1.1755e-36	1.1755e-36	2.7195e-16	0.00e+00	0.00e+00	2.5557e+01
7.05243e+15	4.1351e+03	2.908e-17	1.2916e+04	1.8853e+03	7.9664e-08	8.5613e-01	1.4387e-01	9.8239e-01	1.7609e-02	5.6279e-09	3.2320e-10	5.7189e-04	9.9675e-01	2.6783e-03	1.1755e-36	8.8414e-01	1.1586e-01	1.1662e-06	1.1755e-36	1.1755e-36	1.1755e-36	3.0035e-16	0.00e+00	0.00e+00	2.5708e+01
7.05460e+15	4.0792e+03	2.819e-17	1.2916e+04	1.8449e+03	8.8558e-08	8.5926e-01	1.4073e-01	9.8244e-01	1.7557e-02	5.6598e-09	3.3733e-10	5.6215e-04	9.9681e-01	2.6267e-03	1.1755e-36	8.8681e-01	1.1319e-01	1.1278e-06	1.1755e-36	1.1755e-36	1.1755e-36	3.3295e-16	0.00e+00	0.00e+00	2.5860e+01
7.05676e+15	4.0225e+03	2.733e-17	1.2916e+04	1.8049e+03	9.8430e-08	8.6236e-01	1.3764e-01	9.8250e-01	1.7505e-02	5.6919e-09	3.5240e-10	5.5257e-04	9.9687e-01	2.5760e-03	1.1755e-36	8.8945e-01	1.1055e-01	1.0906e-06	1.1755e-36	1.1755e-36	1.1755e-36	3.6995e-16	0.00e+00	0.00e+00	2.6012e+01
7.05892e+15	3.9655e+03	2.649e-17	1.2916e+04	1.7655e+03	1.0929e-07	8.6541e-01	1.3459e-01	9.8255e-01	1.7452e-02	5.7237e-09	3.6835e-10	5.4318e-04	9.9693e-01	2.5263e-03	1.1755e-36	8.9205e-01	1.0795e-01	1.0545e-06	1.1755e-36	1.1755e-36	1.1755e-36	4.1165e-16	0.00e+00	0.00e+00	2.6164e+01
