#depth	Te	Htot	hden	eden	2H_2/H	HI	HII	HeI	HeII	HeIII	CO/C	C1	C2	C3	C4	O1	O2	O3	O4	O5	O6	H2O/O	AV(point)	AV(extend)	Tau912
3.90721e+11	7.6748e+03	4.586e-16	1.2916e+04	1.3620e+04	3.8980e-13	2.3726e-02	9.7627e-01	1.1778e-01	8.8200e-01	2.2060e-04	4.4491e-14	5.0362e-03	7.0674e-01	2.8821e-01	1.1232e-05	2.8199e-02	9.4929e-01	2.2510e-02	3.8291e-07	1.1755e-36	1.1755e-36	4.3721e-22	0.00e+00	0.00e+00	1.5122e-03
2.34433e+12	7.6645e+03	4.572e-16	1.2916e+04	1.3601e+04	3.9099e-13	2.3680e-02	9.7632e-01	1.1777e-01	8.8201e-01	2.2046e-04	4.4260e-14	5.0129e-03	7.0677e-01	2.8821e-01	1.1263e-05	2.8147e-02	9.4932e-01	2.2536e-02	3.8264e-07	1.1755e-36	1.1755e-36	4.3319e-22	0.00e+00	0.00e+00	7.5494e-03
1.01587e+13	7.6512e+03	4.539e-16	1.2916e+04	1.3594e+04	3.9375e-13	2.3667e-02	9.7633e-01	1.1823e-01	8.8155e-01	2.1862e-04	4.4272e-14	5.0042e-03	7.0775e-01	2.8723e-01	1.1182e-05	2.8141e-02	9.4943e-01	2.2432e-02	3.7564e-07	1.1755e-36	1.1755e-36	4.3161e-22	0.00e+00	0.00e+00	3.1685e-02
4.14164e+13	7.5990e+03	4.463e-16	1.2916e+04	1.3588e+04	4.1591e-13	2.3936e-02	9.7606e-01	1.2085e-01	8.7894e-01	2.0937e-04	4.5767e-14	5.0611e-03	7.1290e-01	2.8203e-01	1.0694e-05	2.8503e-02	9.4973e-01	2.1766e-02	3.4115e-07	1.1755e-36	1.1755e-36	4.4490e-22	0.00e+00	0.00e+00	1.2932e-01
9.89306e+13	7.4326e+03	4.219e-16	1.2916e+04	1.3591e+04	4.4164e-13	2.3444e-02	9.7656e-01	1.2336e-01	8.7644e-01	1.9972e-04	4.4225e-14	5.0401e-03	7.1837e-01	2.7658e-01	1.0349e-05	2.7982e-02	9.5055e-01	2.1463e-02	3.1464e-07	1.1755e-36	1.1755e-36	4.1031e-22	0.00e+00	0.00e+00	2.5365e-01
1.73699e+14	7.2860e+03	4.031e-16	1.2916e+04	1.3585e+04	4.9216e-13	2.3619e-02	9.7638e-01	1.2822e-01	8.7159e-01	1.8370e-04	4.5557e-14	5.1307e-03	7.2754e-01	2.6732e-01	9.5689e-06	2.8276e-02	9.5130e-01	2.0426e-02	2.6607e-07	1.1755e-36	1.1755e-36	4.1257e-22	0.00e+00	0.00e+00	4.1647e-01
2.70898e+14	7.1518e+03	3.881e-16	1.2916e+04	1.3565e+04	5.8191e-13	2.4555e-02	9.7544e-01	1.3645e-01	8.6338e-01	1.6168e-04	5.0458e-14	5.3451e-03	7.4143e-01	2.5322e-01	8.3632e-06	2.9508e-02	9.5188e-01	1.8611e-02	2.0233e-07	1.1755e-36	1.1755e-36	4.5646e-22	0.00e+00	0.00e+00	6.3654e-01
3.97256e+14	7.0324e+03	3.771e-16	1.2916e+04	1.3525e+04	7.4644e-13	2.6660e-02	9.7334e-01	1.5030e-01	8.4956e-01	1.3422e-04	6.1831e-14	5.7375e-03	7.6171e-01	2.3254e-01	6.7399e-06	3.2186e-02	9.5189e-01	1.5927e-02	1.3279e-07	1.1755e-36	1.1755e-36	5.7690e-22	0.00e+00	0.00e+00	9.4714e-01
5.37327e+14	6.9413e+03	3.703e-16	1.2916e+04	1.3459e+04	1.0083e-12	2.9948e-02	9.7005e-01	1.6940e-01	8.3049e-01	1.0817e-04	8.1717e-14	6.2644e-03	7.8524e-01	2.0849e-01	5.1191e-06	3.6317e-02	9.5069e-01	1.2994e-02	1.1755e-36	1.1755e-36	1.1755e-36	8.0947e-22	0.00e+00	0.00e+00	1.2825e+00
6.64390e+14	6.9107e+03	3.695e-16	1.2916e+04	1.3372e+04	1.3739e-12	3.4468e-02	9.6553e-01	1.9261e-01	8.0730e-01	8.7510e-05	1.1398e-13	6.8751e-03	8.0852e-01	1.8460e-01	3.7723e-06	4.1937e-02	9.4775e-01	1.0313e-02	1.1755e-36	1.1755e-36	1.1755e-36	1.2342e-21	0.00e+00	0.00e+00	1.6110e+00
7.73257e+14	6.9052e+03	3.731e-16	1.2916e+04	1.3270e+04	1.8951e-12	4.0220e-02	9.5978e-01	2.1940e-01	7.8053e-01	7.1876e-05	1.6420e-13	7.5233e-03	8.3024e-01	1.6224e-01	2.7335e-06	4.9044e-02	9.4289e-01	8.0702e-03	1.1755e-36	1.1755e-36	1.1755e-36	1.9770e-21	0.00e+00	0.00e+00	1.9420e+00
8.68319e+14	6.9273e+03	3.781e-16	1.2916e+04	1.3146e+04	2.6077e-12	4.7285e-02	9.5272e-01	2.4955e-01	7.5039e-01	5.9769e-05	2.4098e-13	8.1727e-03	8.4998e-01	1.4185e-01	1.9564e-06	5.7728e-02	9.3603e-01	6.2419e-03	1.1755e-36	1.1755e-36	1.1755e-36	3.2609e-21	0.00e+00	0.00e+00	2.2861e+00
9.52922e+14	6.9636e+03	3.840e-16	1.2916e+04	1.3004e+04	3.6191e-12	5.6033e-02	9.4397e-01	2.8344e-01	7.1651e-01	5.0156e-05	3.6128e-13	8.8122e-03	8.6798e-01	1.2321e-01	1.3775e-06	6.8426e-02	9.2681e-01	4.7619e-03	1.1755e-36	1.1755e-36	1.1755e-36	5.5451e-21	0.00e+00	0.00e+00	2.6516e+00
1.02832e+15	7.0168e+03	3.890e-16	1.2916e+04	1.2815e+04	5.0201e-12	6.6660e-02	9.3334e-01	3.2070e-01	6.7926e-01	4.2266e-05	5.4773e-13	9.3944e-03	8.8393e-01	1.0667e-01	9.6033e-07	8.1348e-02	9.1506e-01	3.5949e-03	1.1755e-36	1.1755e-36	1.1755e-36	9.5735e-21	0.00e+00	0.00e+00	3.0366e+00
1.09521e+15	7.0657e+03	3.944e-16	1.2916e+04	1.2630e+04	7.1012e-12	7.9820e-02	9.2018e-01	3.6108e-01	6.3888e-01	3.5976e-05	8.4877e-13	9.9399e-03	8.9823e-01	9.1827e-02	6.5961e-07	9.7250e-02	9.0007e-01	2.6822e-03	1.1755e-36	1.1755e-36	1.1755e-36	1.7032e-20	0.00e+00	0.00e+00	3.4465e+00
1.15400e+15	7.1169e+03	3.978e-16	1.2916e+04	1.2389e+04	1.0047e-11	9.5469e-02	9.0453e-01	4.0303e-01	5.9694e-01	3.0814e-05	1.3155e-12	1.0375e-02	9.1046e-01	7.9168e-02	4.5335e-07	1.1602e-01	8.8198e-01	1.9944e-03	1.1755e-36	1.1755e-36	1.1755e-36	3.0253e-20	0.00e+00	0.00e+00	3.8718e+00
1.20560e+15	7.1625e+03	3.987e-16	1.2916e+04	1.2110e+04	1.4255e-11	1.1388e-01	8.8612e-01	4.4561e-01	5.5436e-01	2.6549e-05	2.0361e-12	1.0699e-02	9.2091e-01	6.8395e-02	3.1257e-07	1.3792e-01	8.6059e-01	1.4812e-03	1.1755e-36	1.1755e-36	1.1755e-36	5.3559e-20	0.00e+00	0.00e+00	4.3228e+00
1.25194e+15	7.2074e+03	3.964e-16	1.2916e+04	1.1786e+04	2.0283e-11	1.3565e-01	8.6435e-01	4.8851e-01	5.1147e-01	2.2976e-05	3.1593e-12	1.0907e-02	9.2995e-01	5.9137e-02	2.1551e-07	1.6357e-01	8.3534e-01	1.0943e-03	1.1755e-36	1.1755e-36	1.1755e-36	9.5083e-20	0.00e+00	0.00e+00	4.8110e+00
1.29420e+15	7.2445e+03	3.892e-16	1.2916e+04	1.1366e+04	2.8992e-11	1.6100e-01	8.3900e-01	5.3094e-01	4.6904e-01	1.9971e-05	4.8733e-12	1.0953e-02	9.3775e-01	5.1301e-02	1.4928e-07	1.9309e-01	8.0611e-01	8.0520e-04	1.1755e-36	1.1755e-36	1.1755e-36	1.6693e-19	0.00e+00	0.00e+00	5.3413e+00
1.33329e+15	7.2662e+03	3.786e-16	1.2916e+04	1.0922e+04	4.2385e-11	1.9154e-01	8.0846e-01	5.7376e-01	4.2622e-01	1.7313e-05	7.6510e-12	1.0909e-02	9.4479e-01	4.4304e-02	1.1755e-36	2.2819e-01	7.7123e-01	5.8483e-04	1.1755e-36	1.1755e-36	1.1755e-36	3.0039e-19	0.00e+00	0.00e+00	5.9317e+00
1.36923e+15	7.2703e+03	3.631e-16	1.2916e+04	1.0417e+04	6.2813e-11	2.2719e-01	7.7281e-01	6.1438e-01	3.8560e-01	1.5156e-05	1.2010e-11	1.0733e-02	9.5096e-01	3.8303e-02	1.1755e-36	2.6852e-01	7.3106e-01	4.2188e-04	1.1755e-36	1.1755e-36	1.1755e-36	5.4189e-19	0.00e+00	0.00e+00	6.5632e+00
1.40032e+15	7.2565e+03	3.440e-16	1.2916e+04	9.8849e+03	9.1778e-11	2.6533e-01	7.3467e-01	6.4994e-01	3.5005e-01	1.3489e-05	1.8249e-11	1.0447e-02	9.5606e-01	3.3491e-02	1.1755e-36	3.1095e-01	6.8874e-01	3.0934e-04	1.1755e-36	1.1755e-36	1.1755e-36	9.3992e-19	0.00e+00	0.00e+00	7.1713e+00
1.42482e+15	7.2286e+03	3.246e-16	1.2916e+04	9.3969e+03	1.2735e-10	3.0095e-01	6.9905e-01	6.7769e-01	3.2230e-01	1.2313e-05	2.5817e-11	1.0123e-02	9.5991e-01	2.9968e-02	1.1755e-36	3.4990e-01	6.4986e-01	2.3768e-04	1.1755e-36	1.1755e-36	1.1755e-36	1.4894e-18	0.00e+00	0.00e+00	7.6838e+00
1.44330e+15	7.1938e+03	3.071e-16	1.2916e+04	8.9818e+03	1.6587e-10	3.3114e-01	6.6886e-01	6.9799e-01	3.0199e-01	1.1525e-05	3.3757e-11	9.8113e-03	9.6272e-01	2.7473e-02	1.1755e-36	3.8242e-01	6.1739e-01	1.9267e-04	1.1755e-36	1.1755e-36	1.1755e-36	2.1305e-18	0.00e+00	0.00e+00	8.1183e+00
1.45831e+15	7.1616e+03	2.910e-16	1.2916e+04	8.6192e+03	2.0686e-10	3.5763e-01	6.4237e-01	7.1415e-01	2.8584e-01	1.0932e-05	4.2084e-11	9.5176e-03	9.6493e-01	2.5552e-02	1.1755e-36	4.1059e-01	5.8925e-01	1.6128e-04	1.1755e-36	1.1755e-36	1.1755e-36	2.8643e-18	0.00e+00	0.00e+00	8.5243e+00
1.47189e+15	7.1104e+03	2.754e-16	1.2916e+04	8.2708e+03	2.5782e-10	3.8360e-01	6.1640e-01	7.2862e-01	2.7137e-01	1.0417e-05	5.1678e-11	9.2260e-03	9.6692e-01	2.3855e-02	1.1755e-36	4.3790e-01	5.6197e-01	1.3640e-04	1.1755e-36	1.1755e-36	1.1755e-36	3.7753e-18	0.00e+00	0.00e+00	8.9384e+00
1.48479e+15	7.0601e+03	2.594e-16	1.2916e+04	7.9213e+03	3.1865e-10	4.0948e-01	5.9052e-01	7.4194e-01	2.5805e-01	9.9696e-06	6.2796e-11	8.9187e-03	9.6875e-01	2.2331e-02	1.1755e-36	4.6478e-01	5.3510e-01	1.1581e-04	1.1755e-36	1.1755e-36	1.1755e-36	4.9138e-18	0.00e+00	0.00e+00	9.3582e+00
1.49677e+15	7.0059e+03	2.440e-16	1.2916e+04	7.5836e+03	3.9050e-10	4.3458e-01	5.6542e-01	7.5379e-01	2.4620e-01	9.5949e-06	7.5258e-11	8.6113e-03	9.7040e-01	2.0985e-02	1.1755e-36	4.9056e-01	5.0934e-01	9.9125e-05	1.1755e-36	1.1755e-36	1.1755e-36	6.2879e-18	0.00e+00	0.00e+00	9.7621e+00
1.50759e+15	6.9440e+03	2.299e-16	1.2916e+04	7.2793e+03	4.7543e-10	4.5861e-01	5.4139e-01	7.6438e-01	2.3561e-01	9.2591e-06	8.9138e-11	8.3319e-03	9.7188e-01	1.9785e-02	1.1755e-36	5.1498e-01	4.8494e-01	8.5706e-05	1.1755e-36	1.1755e-36	1.1755e-36	7.9352e-18	0.00e+00	0.00e+00	1.0145e+01
1.51761e+15	6.8859e+03	2.161e-16	1.2916e+04	6.9755e+03	5.7017e-10	4.8102e-01	5.1898e-01	7.7357e-01	2.2642e-01	9.0024e-06	1.0366e-10	8.0410e-03	9.7321e-01	1.8751e-02	1.1755e-36	5.3751e-01	4.6242e-01	7.4787e-05	1.1755e-36	1.1755e-36	1.1755e-36	9.7691e-18	0.00e+00	0.00e+00	1.0529e+01
1.52700e+15	6.8265e+03	2.031e-16	1.2916e+04	6.6876e+03	6.7878e-10	5.0243e-01	4.9757e-01	7.8187e-01	2.1812e-01	8.7812e-06	1.1934e-10	7.7601e-03	9.7442e-01	1.7823e-02	1.1755e-36	5.5883e-01	4.4111e-01	6.5698e-05	1.1755e-36	1.1755e-36	1.1755e-36	1.1876e-17	0.00e+00	0.00e+00	1.0898e+01
1.53568e+15	6.7660e+03	1.911e-16	1.2916e+04	6.4177e+03	8.0136e-10	5.2254e-01	4.7746e-01	7.8929e-01	2.1070e-01	8.5937e-06	1.3587e-10	7.4929e-03	9.7551e-01	1.6995e-02	1.1755e-36	5.7867e-01	4.2127e-01	5.8173e-05	1.1755e-36	1.1755e-36	1.1755e-36	1.4229e-17	0.00e+00	0.00e+00	1.1254e+01
1.54384e+15	6.7057e+03	1.799e-16	1.2916e+04	6.1621e+03	9.3957e-10	5.4165e-01	4.5835e-01	7.9602e-01	2.0397e-01	8.4330e-06	1.5338e-10	7.2361e-03	9.7652e-01	1.6243e-02	1.1755e-36	5.9736e-01	4.0259e-01	5.1795e-05	1.1755e-36	1.1755e-36	1.1755e-36	1.6867e-17	0.00e+00	0.00e+00	1.1605e+01
1.55050e+15	6.6585e+03	1.709e-16	1.2916e+04	5.9526e+03	1.0643e-09	5.5658e-01	4.4342e-01	8.0099e-01	1.9900e-01	8.3339e-06	1.6817e-10	7.0207e-03	9.7729e-01	1.5690e-02	1.1755e-36	6.1185e-01	3.8811e-01	4.7274e-05	1.1755e-36	1.1755e-36	1.1755e-36	1.9200e-17	0.00e+00	0.00e+00	1.1850e+01
1.55549e+15	6.6154e+03	1.643e-16	1.2916e+04	5.7978e+03	1.1788e-09	5.6833e-01	4.3167e-01	8.0480e-01	1.9519e-01	8.2512e-06	1.8091e-10	6.8620e-03	9.7788e-01	1.5256e-02	1.1755e-36	6.2319e-01	3.7677e-01	4.4005e-05	1.1755e-36	1.1755e-36	1.1755e-36	2.1293e-17	0.00e+00	0.00e+00	1.2063e+01
1.56026e+15	6.5762e+03	1.578e-16	1.2916e+04	5.6466e+03	1.2987e-09	5.7962e-01	4.2038e-01	8.0846e-01	1.9153e-01	8.1762e-06	1.9399e-10	6.7057e-03	9.7845e-01	1.4847e-02	1.1755e-36	6.3403e-01	3.6593e-01	4.1018e-05	1.1755e-36	1.1755e-36	1.1755e-36	2.3516e-17	0.00e+00	0.00e+00	1.2296e+01
1.56545e+15	6.5220e+03	1.509e-16	1.2916e+04	5.4806e+03	1.4587e-09	5.9217e-01	4.0783e-01	8.1251e-01	1.8748e-01	8.0860e-06	2.0968e-10	6.5352e-03	9.7907e-01	1.4399e-02	1.1755e-36	6.4605e-01	3.5392e-01	3.7951e-05	1.1755e-36	1.1755e-36	1.1755e-36	2.6251e-17	0.00e+00	0.00e+00	1.2559e+01
1.57089e+15	6.4664e+03	1.439e-16	1.2916e+04	5.3103e+03	1.6451e-09	6.0516e-01	3.9484e-01	8.1653e-01	1.8347e-01	8.0041e-06	2.2712e-10	6.3581e-03	9.7969e-01	1.3949e-02	1.1755e-36	6.5837e-01	3.4159e-01	3.5001e-05	1.1755e-36	1.1755e-36	1.1755e-36	2.9427e-17	0.00e+00	0.00e+00	1.2827e+01
1.57617e+15	6.4113e+03	1.372e-16	1.2916e+04	5.1493e+03	1.8517e-09	6.1778e-01	3.8222e-01	8.2037e-01	1.7962e-01	7.9244e-06	2.4561e-10	6.1904e-03	9.8029e-01	1.3520e-02	1.1755e-36	6.7029e-01	3.2967e-01	3.2333e-05	1.1755e-36	1.1755e-36	1.1755e-36	3.2946e-17	0.00e+00	0.00e+00	1.3086e+01
1.58123e+15	6.3667e+03	1.308e-16	1.2916e+04	4.9890e+03	2.0553e-09	6.2923e-01	3.7077e-01	8.2366e-01	1.7633e-01	7.8838e-06	2.6300e-10	6.0185e-03	9.8084e-01	1.3144e-02	1.1755e-36	6.8105e-01	3.1892e-01	3.0005e-05	1.1755e-36	1.1755e-36	1.1755e-36	3.6376e-17	0.00e+00	0.00e+00	1.3341e+01
1.58633e+15	6.3045e+03	1.246e-16	1.2916e+04	4.8304e+03	2.3240e-09	6.4131e-01	3.5869e-01	8.2720e-01	1.7279e-01	7.8192e-06	2.8322e-10	5.8509e-03	9.8140e-01	1.2748e-02	1.1755e-36	6.9236e-01	3.0762e-01	2.7762e-05	1.1755e-36	1.1755e-36	1.1755e-36	4.0487e-17	0.00e+00	0.00e+00	1.3614e+01
1.59151e+15	6.2436e+03	1.185e-16	1.2916e+04	4.6757e+03	2.6294e-09	6.5350e-01	3.4650e-01	8.3073e-01	1.6926e-01	7.7533e-06	3.0555e-10	5.6871e-03	9.8196e-01	1.2354e-02	1.1755e-36	7.0369e-01	2.9628e-01	2.5641e-05	1.1755e-36	1.1755e-36	1.1755e-36	4.5253e-17	0.00e+00	0.00e+00	1.3888e+01
1.59655e+15	6.1860e+03	1.127e-16	1.2916e+04	4.5225e+03	2.9576e-09	6.6490e-01	3.3510e-01	8.3389e-01	1.6610e-01	7.7123e-06	3.2752e-10	5.5219e-03	9.8248e-01	1.1995e-02	1.1755e-36	7.1424e-01	2.8573e-01	2.3758e-05	1.1755e-36	1.1755e-36	1.1755e-36	5.0118e-17	0.00e+00	0.00e+00	1.4156e+01
1.60152e+15	6.1257e+03	1.071e-16	1.2916e+04	4.3732e+03	3.3353e-09	6.7612e-01	3.2388e-01	8.3698e-01	1.6301e-01	7.6717e-06	3.5090e-10	5.3605e-03	9.8299e-01	1.1646e-02	1.1755e-36	7.2458e-01	2.7540e-01	2.2017e-05	1.1755e-36	1.1755e-36	1.1755e-36	5.5502e-17	0.00e+00	0.00e+00	1.4432e+01
1.60654e+15	6.0660e+03	1.016e-16	1.2916e+04	4.2255e+03	3.7630e-09	6.8727e-01	3.1273e-01	8.4001e-01	1.5998e-01	7.6359e-06	3.7601e-10	5.1997e-03	9.8350e-01	1.1303e-02	1.1755e-36	7.3480e-01	2.6518e-01	2.0380e-05	1.1755e-36	1.1755e-36	1.1755e-36	6.1546e-17	0.00e+00	0.00e+00	1.4714e+01
1.61158e+15	6.0002e+03	9.629e-17	1.2916e+04	4.0776e+03	4.2750e-09	6.9833e-01	3.0167e-01	8.4301e-01	1.5699e-01	7.6022e-06	4.0284e-10	5.0383e-03	9.8399e-01	1.0969e-02	1.1755e-36	7.4486e-01	2.5512e-01	1.8863e-05	1.1755e-36	1.1755e-36	1.1755e-36	6.8258e-17	0.00e+00	0.00e+00	1.5001e+01
1.61658e+15	5.9327e+03	9.122e-17	1.2916e+04	3.9336e+03	4.8641e-09	7.0909e-01	2.9091e-01	8.4585e-01	1.5414e-01	7.5748e-06	4.3095e-10	4.8801e-03	9.8447e-01	1.0646e-02	1.1755e-36	7.5465e-01	2.4533e-01	1.7462e-05	1.1755e-36	1.1755e-36	1.1755e-36	7.5608e-17	0.00e+00	0.00e+00	1.5288e+01
1.62153e+15	5.8653e+03	8.638e-17	1.2916e+04	3.7949e+03	5.5387e-09	7.1964e-01	2.8036e-01	8.4865e-01	1.5134e-01	7.5467e-06	4.6113e-10	4.7273e-03	9.8494e-01	1.0332e-02	1.1755e-36	7.6418e-01	2.3580e-01	1.6169e-05	1.1755e-36	1.1755e-36	1.1755e-36	8.3899e-17	0.00e+00	0.00e+00	1.5578e+01
1.62645e+15	5.8014e+03	8.175e-17	1.2916e+04	3.6593e+03	6.2826e-09	7.2977e-01	2.7023e-01	8.5129e-01	1.4870e-01	7.5306e-06	4.9220e-10	4.5767e-03	9.8539e-01	1.0034e-02	1.1755e-36	7.7329e-01	2.2670e-01	1.4983e-05	1.1755e-36	1.1755e-36	1.1755e-36	9.2868e-17	0.00e+00	0.00e+00	1.5870e+01
1.63138e+15	5.7268e+03	7.731e-17	1.2916e+04	3.5276e+03	7.2241e-09	7.4005e-01	2.5995e-01	8.5404e-01	1.4595e-01	7.4977e-06	5.2737e-10	4.4314e-03	9.8583e-01	9.7340e-03	1.1755e-36	7.8248e-01	2.1751e-01	1.3866e-05	1.1755e-36	1.1755e-36	1.1755e-36	1.0355e-16	0.00e+00	0.00e+00	1.6168e+01
1.63626e+15	5.6568e+03	7.310e-17	1.2916e+04	3.3967e+03	8.2572e-09	7.4963e-01	2.5037e-01	8.5648e-01	1.4351e-01	7.4914e-06	5.6191e-10	4.2846e-03	9.8626e-01	9.4574e-03	1.1755e-36	7.9103e-01	2.0895e-01	1.2860e-05	1.1755e-36	1.1755e-36	1.1755e-36	1.1460e-16	0.00e+00	0.00e+00	1.6463e+01
1.64112e+15	5.5835e+03	6.908e-17	1.2916e+04	3.2705e+03	9.4903e-09	7.5913e-01	2.4087e-01	8.5895e-01	1.4104e-01	7.4775e-06	5.9990e-10	4.1433e-03	9.8667e-01	9.1841e-03	1.1755e-36	7.9947e-01	2.0051e-01	1.1918e-05	1.1755e-36	1.1755e-36	1.1755e-36	1.2749e-16	0.00e+00	0.00e+00	1.6766e+01
1.64601e+15	5.5060e+03	6.521e-17	1.2916e+04	3.1463e+03	1.0981e-08	7.6851e-01	2.3149e-01	8.6140e-01	1.3859e-01	7.4635e-06	6.4130e-10	4.0040e-03	9.8708e-01	8.9164e-03	1.1755e-36	8.0778e-01	1.9221e-01	1.1038e-05	1.1755e-36	1.1755e-36	1.1755e-36	1.4243e-16	0.00e+00	0.00e+00	1.7073e+01
1.65027e+15	5.4386e+03	6.211e-17	1.2916e+04	3.0447e+03	1.2469e-08	7.7630e-01	2.2370e-01	8.6340e-01	1.3659e-01	7.4518e-06	6.7919e-10	3.8900e-03	9.8741e-01	8.6986e-03	1.1755e-36	8.1463e-01	1.8536e-01	1.0350e-05	1.1755e-36	1.1755e-36	1.1755e-36	1.5705e-16	0.00e+00	0.00e+00	1.7301e+01
1.65358e+15	5.3792e+03	5.976e-17	1.2916e+04	2.9670e+03	1.3911e-08	7.8249e-01	2.1751e-01	8.6507e-01	1.3492e-01	7.4301e-06	7.1283e-10	3.8035e-03	9.8767e-01	8.5244e-03	1.1755e-36	8.2008e-01	1.7991e-01	9.8287e-06	1.1755e-36	1.1755e-36	1.1755e-36	1.7076e-16	0.00e+00	0.00e+00	1.7494e+01
1.65656e+15	5.3333e+03	5.767e-17	1.2916e+04	2.8970e+03	1.5221e-08	7.8780e-01	2.1220e-01	8.6647e-01	1.3352e-01	7.4246e-06	7.4302e-10	3.7243e-03	9.8790e-01	8.3749e-03	1.1755e-36	8.2472e-01	1.7527e-01	9.3834e-06	1.1755e-36	1.1755e-36	1.1755e-36	1.8366e-16	0.00e+00	0.00e+00	1.7682e+01
1.65971e+15	5.2734e+03	5.548e-17	1.2916e+04	2.8211e+03	1.7008e-08	7.9357e-01	2.0643e-01	8.6804e-01	1.3195e-01	7.4108e-06	7.7886e-10	3.6393e-03	9.8815e-01	8.2126e-03	1.1755e-36	8.2977e-01	1.7022e-01	8.9203e-06	1.1755e-36	1.1755e-36	1.1755e-36	1.9980e-16	0.00e+00	0.00e+00	1.7901e+01
1.66302e+15	5.2185e+03	5.330e-17	1.2916e+04	2.7448e+03	1.8915e-08	7.9923e-01	2.0077e-01	8.6952e-01	1.3048e-01	7.4095e-06	8.1619e-10	3.5526e-03	9.8839e-01	8.0548e-03	1.1755e-36	8.3471e-01	1.6528e-01	8.4738e-06	1.1755e-36	1.1755e-36	1.1755e-36	2.1759e-16	0.00e+00	0.00e+00	1.8112e+01
1.66623e+15	5.1639e+03	5.125e-17	1.2916e+04	2.6725e+03	2.1041e-08	8.0470e-01	1.9530e-01	8.7097e-01	1.2902e-01	7.4040e-06	8.5595e-10	3.4704e-03	9.8863e-01	7.9023e-03	1.1755e-36	8.3947e-01	1.6052e-01	8.0571e-06	1.1755e-36	1.1755e-36	1.1755e-36	2.3765e-16	0.00e+00	0.00e+00	1.8322e+01
1.66942e+15	5.1077e+03	4.929e-17	1.2916e+04	2.6024e+03	2.3476e-08	8.1005e-01	1.8995e-01	8.7242e-01	1.2757e-01	7.3963e-06	8.9886e-10	3.3908e-03	9.8886e-01	7.7539e-03	1.1755e-36	8.4412e-01	1.5588e-01	7.6636e-06	1.1755e-36	1.1755e-36	1.1755e-36	2.6066e-16	0.00e+00	0.00e+00	1.8531e+01
1.67253e+15	5.0505e+03	4.745e-17	1.2916e+04	2.5350e+03	2.6240e-08	8.1518e-01	1.8482e-01	8.7382e-01	1.2617e-01	7.3879e-06	9.4443e-10	3.3143e-03	9.8907e-01	7.6127e-03	1.1755e-36	8.4856e-01	1.5143e-01	7.2991e-06	1.1755e-36	1.1755e-36	1.1755e-36	2.8673e-16	0.00e+00	0.00e+00	1.8734e+01
1.67551e+15	4.9963e+03	4.574e-17	1.2916e+04	2.4713e+03	2.9195e-08	8.1993e-01	1.8007e-01	8.7510e-01	1.2489e-01	7.3845e-06	9.9070e-10	3.2419e-03	9.8928e-01	7.4812e-03	1.1755e-36	8.5267e-01	1.4732e-01	6.9691e-06	1.1755e-36	1.1755e-36	1.1755e-36	3.1483e-16	0.00e+00	0.00e+00	1.8928e+01
1.67839e+15	4.9425e+03	4.414e-17	1.2916e+04	2.4109e+03	3.2459e-08	8.2450e-01	1.7550e-01	8.7636e-01	1.2363e-01	7.3780e-06	1.0410e-09	3.1732e-03	9.8949e-01	7.3373e-03	1.1755e-36	8.5661e-01	1.4338e-01	6.6612e-06	1.1755e-36	1.1755e-36	1.1755e-36	3.4542e-16	0.00e+00	0.00e+00	1.9121e+01
1.68125e+15	4.8878e+03	4.260e-17	1.2916e+04	2.3522e+03	3.6176e-08	8.2897e-01	1.7103e-01	8.7761e-01	1.2238e-01	7.3696e-06	1.0953e-09	3.1066e-03	9.8970e-01	7.1957e-03	1.1755e-36	8.6046e-01	1.3953e-01	6.3687e-06	1.1755e-36	1.1755e-36	1.1755e-36	3.8041e-16	0.00e+00	0.00e+00	1.9313e+01
1.68406e+15	4.8331e+03	4.114e-17	1.2916e+04	2.2954e+03	4.0348e-08	8.3327e-01	1.6673e-01	8.7882e-01	1.2117e-01	7.3619e-06	1.1526e-09	3.0422e-03	9.8990e-01	7.0591e-03	1.1755e-36	8.6416e-01	1.3583e-01	6.0945e-06	1.1755e-36	1.1755e-36	1.1755e-36	4.1982e-16	0.00e+00	0.00e+00	1.9501e+01
1.68678e+15	4.7802e+03	3.977e-17	1.2916e+04	2.2412e+03	4.4907e-08	8.3734e-01	1.6266e-01	8.7997e-01	1.2003e-01	7.3563e-06	1.2120e-09	2.9806e-03	9.9009e-01	6.9294e-03	1.1755e-36	8.6765e-01	1.3234e-01	5.8408e-06	1.1755e-36	1.1755e-36	1.1755e-36	4.6333e-16	0.00e+00	0.00e+00	1.9685e+01
1.68944e+15	4.7279e+03	3.847e-17	1.2916e+04	2.1893e+03	4.9966e-08	8.4125e-01	1.5875e-01	8.8108e-01	1.1891e-01	7.3497e-06	1.2749e-09	2.9216e-03	9.9027e-01	6.8039e-03	1.1755e-36	8.7100e-01	1.2899e-01	5.6025e-06	1.1755e-36	1.1755e-36	1.1755e-36	5.1246e-16	0.00e+00	0.00e+00	1.9866e+01
1.69207e+15	4.6756e+03	3.723e-17	1.2916e+04	2.1391e+03	5.5669e-08	8.4506e-01	1.5494e-01	8.8219e-01	1.1781e-01	7.3416e-06	1.3426e-09	2.8646e-03	9.9045e-01	6.6814e-03	1.1755e-36	8.7426e-01	1.2574e-01	5.3766e-06	1.1755e-36	1.1755e-36	1.1755e-36	5.6883e-16	0.00e+00	0.00e+00	2.0045e+01
1.69465e+15	4.6237e+03	3.605e-17	1.2916e+04	2.0906e+03	6.2037e-08	8.4871e-01	1.5129e-01	8.8325e-01	1.1674e-01	7.3337e-06	1.4147e-09	2.8096e-03	9.9063e-01	6.5631e-03	1.1755e-36	8.7738e-01	1.2261e-01	5.1642e-06	1.1755e-36	1.1755e-36	1.1755e-36	6.3298e-16	0.00e+00	0.00e+00	2.0222e+01
1.69716e+15	4.5728e+03	3.493e-17	1.2916e+04	2.0442e+03	6.9062e-08	8.5221e-01	1.4779e-01	8.8428e-01	1.1571e-01	7.3266e-06	1.4906e-09	2.7569e-03	9.9079e-01	6.4496e-03	1.1755e-36	8.8036e-01	1.1964e-01	4.9656e-06	1.1755e-36	1.1755e-36	1.1755e-36	7.0537e-16	0.00e+00	0.00e+00	2.0394e+01
1.69962e+15	4.5226e+03	3.387e-17	1.2916e+04	1.9995e+03	7.6877e-08	8.5557e-01	1.4443e-01	8.8528e-01	1.1471e-01	7.3187e-06	1.5719e-09	2.7063e-03	9.9095e-01	6.3398e-03	1.1755e-36	8.8322e-01	1.1677e-01	4.7782e-06	1.1755e-36	1.1755e-36	1.1755e-36	7.8818e-16	0.00e+00	0.00e+00	2.0564e+01
1.70204e+15	4.4726e+03	3.286e-17	1.2916e+04	1.9564e+03	8.5622e-08	8.5883e-01	1.4117e-01	8.8626e-01	1.1373e-01	7.3100e-06	1.6592e-09	2.6575e-03	9.9111e-01	6.2330e-03	1.1755e-36	8.8599e-01	1.1400e-01	4.6008e-06	1.1755e-36	1.1755e-36	1.1755e-36	8.8361e-16	0.00e+00	0.00e+00	2.0732e+01
1.70441e+15	4.4233e+03	3.189e-17	1.2916e+04	1.9148e+03	9.5360e-08	8.6196e-01	1.3804e-01	8.8721e-01	1.1278e-01	7.3013e-06	1.7528e-09	2.6104e-03	9.9126e-01	6.1297e-03	1.1755e-36	8.8865e-01	1.1134e-01	4.4333e-06	1.1755e-36	1.1755e-36	1.1755e-36	9.9325e-16	0.00e+00	0.00e+00	2.0897e+01
1.70674e+15	4.3746e+03	3.097e-17	1.2916e+04	1.8748e+03	1.0616e-07	8.6498e-01	1.3502e-01	8.8814e-01	1.1185e-01	7.2925e-06	1.8530e-09	2.5652e-03	9.9140e-01	6.0301e-03	1.1755e-36	8.9121e-01	1.0879e-01	4.2753e-06	1.1755e-36	1.1755e-36	1.1755e-36	1.1191e-15	0.00e+00	0.00e+00	2.1060e+01
1.70902e+15	4.3265e+03	3.010e-17	1.2916e+04	1.8361e+03	1.1818e-07	8.6788e-01	1.3211e-01	8.8905e-01	1.1095e-01	7.2830e-06	1.9608e-09	2.5216e-03	9.9155e-01	5.9334e-03	1.1755e-36	8.9367e-01	1.0632e-01	4.1257e-06	1.1755e-36	1.1755e-36	1.1755e-36	1.2647e-15	0.00e+00	0.00e+00	2.1220e+01
1.71126e+15	4.2788e+03	2.926e-17	1.2916e+04	1.7988e+03	1.3159e-07	8.7070e-01	1.2930e-01	8.8993e-01	1.1006e-01	7.2731e-06	2.0773e-09	2.4796e-03	9.9168e-01	5.8395e-03	1.1755e-36	8.9605e-01	1.0394e-01	3.9837e-06	1.1755e-36	1.1755e-36	1.1755e-36	1.4336e-15	0.00e+00	0.00e+00	2.1377e+01
1.71346e+15	4.2317e+03	2.846e-17	1.2916e+04	1.7628e+03	1.4649e-07	8.7341e-01	1.2659e-01	8.9080e-01	1.0920e-01	7.2629e-06	2.2029e-09	2.4391e-03	9.9181e-01	5.7485e-03	1.1755e-36	8.9835e-01	1.0165e-01	3.8490e-06	1.1755e-36	1.1755e-36	1.1755e-36	1.6296e-15	0.00e+00	0.00e+00	2.1533e+01
1.71562e+15	4.1852e+03	2.770e-17	1.2916e+04	1.7279e+03	1.6305e-07	8.7603e-01	1.2397e-01	8.9164e-01	1.0835e-01	7.2523e-06	2.3386e-09	2.4000e-03	9.9194e-01	5.6602e-03	1.1755e-36	9.0056e-01	9.9438e-02	3.7212e-06	1.1755e-36	1.1755e-36	1.1755e-36	1.8572e-15	0.00e+00	0.00e+00	2.1686e+01
1.71775e+15	4.1390e+03	2.697e-17	1.2916e+04	1.6942e+03	1.8148e-07	8.7857e-01	1.2143e-01	8.9247e-01	1.0752e-01	7.2411e-06	2.4856e-09	2.3623e-03	9.9206e-01	5.5744e-03	1.1755e-36	9.0270e-01	9.7299e-02	3.5996e-06	1.1755e-36	1.1755e-36	1.1755e-36	2.1229e-15	0.00e+00	0.00e+00	2.1837e+01
1.71985e+15	4.0933e+03	2.627e-17	1.2916e+04	1.6615e+03	2.0199e-07	8.8103e-01	1.1897e-01	8.9328e-01	1.0671e-01	7.2295e-06	2.6451e-09	2.3259e-03	9.9218e-01	5.4910e-03	1.1755e-36	9.0477e-01	9.5229e-02	3.4837e-06	1.1755e-36	1.1755e-36	1.1755e-36	2.4333e-15	0.00e+00	0.00e+00	2.1987e+01
1.72191e+15	4.0481e+03	2.560e-17	1.2916e+04	1.6299e+03	2.2479e-07	8.8341e-01	1.1659e-01	8.9408e-01	1.0591e-01	7.2174e-06	2.8182e-09	2.2907e-03	9.9230e-01	5.4098e-03	1.1755e-36	9.0677e-01	9.3226e-02	3.3733e-06	1.1755e-36	1.1755e-36	1.1755e-36	2.7966e-15	0.00e+00	0.00e+00	2.2134e+01
1.72394e+15	4.0032e+03	2.496e-17	1.2916e+04	1.5992e+03	2.5009e-07	8.8571e-01	1.1429e-01	8.9486e-01	1.0513e-01	7.2050e-06	3.0059e-09	2.2567e-03	9.9241e-01	5.3308e-03	1.1755e-36	9.0871e-01	9.1286e-02	3.2679e-06	1.1755e-36	1.1755e-36	1.1755e-36	3.2217e-15	0.00e+00	0.00e+00	2.2280e+01
1.72595e+15	3.9586e+03	2.434e-17	1.2916e+04	1.5694e+03	2.7828e-07	8.8796e-01	1.1204e-01	8.9563e-01	1.0436e-01	7.1918e-06	3.2108e-09	2.2238e-03	9.9252e-01	5.2538e-03	1.1755e-36	9.1060e-01	8.9401e-02	3.1671e-06	1.1755e-36	1.1755e-36	1.1755e-36	3.7224e-15	0.00e+00	0.00e+00	2.2424e+01
###########################
3.90721e+11	7.6737e+03	4.587e-16	1.2916e+04	1.3620e+04	3.8939e-13	2.3721e-02	9.7628e-01	1.1776e-01	8.8202e-01	2.2058e-04	4.4377e-14	4.9591e-03	7.0679e-01	2.8824e-01	1.1252e-05	2.8193e-02	9.4929e-01	2.2516e-02	3.8308e-07	1.1755e-36	1.1755e-36	4.3519e-22	0.00e+00	0.00e+00	1.5119e-03
2.34433e+12	7.6640e+03	4.572e-16	1.2916e+04	1.3601e+04	3.9014e-13	2.3673e-02	9.7633e-01	1.1774e-01	8.8204e-01	2.2046e-04	4.4118e-14	4.9381e-03	7.0681e-01	2.8824e-01	1.1274e-05	2.8137e-02	9.4932e-01	2.2545e-02	3.8290e-07	1.1755e-36	1.1755e-36	4.3073e-22	0.00e+00	0.00e+00	7.5472e-03
1.01587e+13	7.6516e+03	4.541e-16	1.2916e+04	1.3595e+04	3.9241e-13	2.3654e-02	9.7635e-01	1.1820e-01	8.8158e-01	2.1862e-04	4.4113e-14	4.9385e-03	7.0778e-01	2.8727e-01	1.1187e-05	2.8124e-02	9.4943e-01	2.2447e-02	3.7608e-07	1.1755e-36	1.1755e-36	4.2894e-22	0.00e+00	0.00e+00	3.1669e-02
4.14164e+13	7.6018e+03	4.466e-16	1.2916e+04	1.3588e+04	4.1336e-13	2.3908e-02	9.7609e-01	1.2080e-01	8.7899e-01	2.0943e-04	4.5545e-14	5.0072e-03	7.1291e-01	2.8207e-01	1.0700e-05	2.8467e-02	9.4974e-01	2.1796e-02	3.4194e-07	1.1755e-36	1.1755e-36	4.4140e-22	0.00e+00	0.00e+00	1.2919e-01
9.89306e+13	7.4343e+03	4.220e-16	1.2916e+04	1.3591e+04	4.3921e-13	2.3421e-02	9.7658e-01	1.2333e-01	8.7647e-01	1.9978e-04	4.4025e-14	5.0028e-03	7.1847e-01	2.7651e-01	1.0346e-05	2.7952e-02	9.5055e-01	2.1497e-02	3.1538e-07	1.1755e-36	1.1755e-36	4.0708e-22	0.00e+00	0.00e+00	2.5339e-01
1.73699e+14	7.2864e+03	4.031e-16	1.2916e+04	1.3585e+04	4.9013e-13	2.3603e-02	9.7640e-01	1.2820e-01	8.7162e-01	1.8371e-04	4.5385e-14	5.1036e-03	7.2774e-01	2.6715e-01	9.5591e-06	2.8255e-02	9.5129e-01	2.0453e-02	2.6657e-07	1.1755e-36	1.1755e-36	4.0960e-22	0.00e+00	0.00e+00	4.1611e-01
2.70898e+14	7.1513e+03	3.880e-16	1.2916e+04	1.3565e+04	5.7990e-13	2.4541e-02	9.7546e-01	1.3643e-01	8.6340e-01	1.6168e-04	5.0280e-14	5.3261e-03	7.4169e-01	2.5297e-01	8.3502e-06	2.9491e-02	9.5188e-01	1.8629e-02	2.0263e-07	1.1755e-36	1.1755e-36	4.5319e-22	0.00e+00	0.00e+00	6.3604e-01
3.97256e+14	7.0311e+03	3.770e-16	1.2916e+04	1.3525e+04	7.4445e-13	2.6648e-02	9.7335e-01	1.5029e-01	8.4958e-01	1.3421e-04	6.1632e-14	5.7266e-03	7.6204e-01	2.3222e-01	6.7256e-06	3.2171e-02	9.5189e-01	1.5937e-02	1.3293e-07	1.1755e-36	1.1755e-36	5.7290e-22	0.00e+00	0.00e+00	9.4650e-01
5.37360e+14	6.9395e+03	3.701e-16	1.2916e+04	1.3459e+04	1.0069e-12	2.9938e-02	9.7006e-01	1.6940e-01	8.3049e-01	1.0814e-04	8.1532e-14	6.2624e-03	7.8562e-01	2.0811e-01	5.1049e-06	3.6305e-02	9.5070e-01	1.2997e-02	1.1755e-36	1.1755e-36	1.1755e-36	8.0507e-22	0.00e+00	0.00e+00	1.2819e+00
6.64015e+14	6.9081e+03	3.693e-16	1.2916e+04	1.3373e+04	1.3729e-12	3.4441e-02	9.6556e-01	1.9253e-01	8.0739e-01	8.7561e-05	1.1372e-13	6.8792e-03	8.0884e-01	1.8428e-01	3.7645e-06	4.1905e-02	9.4777e-01	1.0323e-02	1.1755e-36	1.1755e-36	1.1755e-36	1.2284e-21	0.00e+00	0.00e+00	1.6076e+00
7.72189e+14	6.9021e+03	3.728e-16	1.2916e+04	1.3271e+04	1.8936e-12	4.0150e-02	9.5985e-01	2.1912e-01	7.8080e-01	7.2004e-05	1.6371e-13	7.5320e-03	8.3044e-01	1.6202e-01	2.7324e-06	4.8960e-02	9.4295e-01	8.0907e-03	1.1755e-36	1.1755e-36	1.1755e-36	1.9680e-21	0.00e+00	0.00e+00	1.9364e+00
8.67038e+14	6.9235e+03	3.778e-16	1.2916e+04	1.3147e+04	2.6082e-12	4.7178e-02	9.5282e-01	2.4913e-01	7.5081e-01	5.9901e-05	2.4037e-13	8.1891e-03	8.5014e-01	1.4167e-01	1.9570e-06	5.7599e-02	9.3614e-01	6.2634e-03	1.1755e-36	1.1755e-36	1.1755e-36	3.2515e-21	0.00e+00	0.00e+00	2.2800e+00
9.51804e+14	6.9577e+03	3.839e-16	1.2916e+04	1.3017e+04	3.6389e-12	5.5968e-02	9.4403e-01	2.8313e-01	7.1682e-01	5.0263e-05	3.6223e-13	8.8475e-03	8.6825e-01	1.2290e-01	1.3749e-06	6.8349e-02	9.2688e-01	4.7739e-03	1.1755e-36	1.1755e-36	1.1755e-36	5.5766e-21	0.00e+00	0.00e+00	2.6463e+00
1.02711e+15	7.0125e+03	3.886e-16	1.2916e+04	1.2817e+04	5.0380e-12	6.6510e-02	9.3349e-01	3.2013e-01	6.7982e-01	4.2374e-05	5.4806e-13	9.4328e-03	8.8410e-01	1.0647e-01	9.6028e-07	8.1169e-02	9.1522e-01	3.6089e-03	1.1755e-36	1.1755e-36	1.1755e-36	9.6097e-21	0.00e+00	0.00e+00	3.0281e+00
1.09388e+15	7.0605e+03	3.940e-16	1.2916e+04	1.2633e+04	7.1334e-12	7.9603e-02	9.2040e-01	3.6035e-01	6.3961e-01	3.6077e-05	8.4947e-13	9.9849e-03	8.9837e-01	9.1645e-02	6.5996e-07	9.6993e-02	9.0031e-01	2.6952e-03	1.1755e-36	1.1755e-36	1.1755e-36	1.7118e-20	0.00e+00	0.00e+00	3.4381e+00
1.15291e+15	7.1122e+03	3.973e-16	1.2916e+04	1.2393e+04	1.0112e-11	9.5256e-02	9.0474e-01	4.0234e-01	5.9763e-01	3.0890e-05	1.3198e-12	1.0433e-02	9.1062e-01	7.8944e-02	4.5298e-07	1.1577e-01	8.8223e-01	2.0028e-03	1.1755e-36	1.1755e-36	1.1755e-36	3.0540e-20	0.00e+00	0.00e+00	3.8646e+00
1.20469e+15	7.1574e+03	3.983e-16	1.2916e+04	1.2113e+04	1.4386e-11	1.1370e-01	8.8630e-01	4.4500e-01	5.5497e-01	2.6606e-05	2.0482e-12	1.0770e-02	9.2109e-01	6.8139e-02	3.1181e-07	1.3771e-01	8.6080e-01	1.4863e-03	1.1755e-36	1.1755e-36	1.1755e-36	5.4309e-20	0.00e+00	0.00e+00	4.3158e+00
1.25105e+15	7.2027e+03	3.960e-16	1.2916e+04	1.1789e+04	2.0490e-11	1.3546e-01	8.6454e-01	4.8785e-01	5.1213e-01	2.3031e-05	3.1818e-12	1.0989e-02	9.3012e-01	5.8887e-02	2.1487e-07	1.6334e-01	8.3556e-01	1.0981e-03	1.1755e-36	1.1755e-36	1.1755e-36	9.6663e-20	0.00e+00	0.00e+00	4.8025e+00
1.29323e+15	7.2401e+03	3.888e-16	1.2916e+04	1.1367e+04	2.9287e-11	1.6072e-01	8.3928e-01	5.3038e-01	4.6960e-01	1.9984e-05	4.9084e-12	1.1043e-02	9.3789e-01	5.1066e-02	1.4886e-07	1.9277e-01	8.0643e-01	8.0858e-04	1.1755e-36	1.1755e-36	1.1755e-36	1.6974e-19	0.00e+00	0.00e+00	5.3309e+00
1.33228e+15	7.2721e+03	3.780e-16	1.2916e+04	1.0927e+04	4.2461e-11	1.9104e-01	8.0896e-01	5.7268e-01	4.2730e-01	1.7392e-05	7.6877e-12	1.1004e-02	9.4487e-01	4.4128e-02	1.1755e-36	2.2761e-01	7.7180e-01	5.8769e-04	1.1755e-36	1.1755e-36	1.1755e-36	3.0516e-19	0.00e+00	0.00e+00	5.9196e+00
1.36831e+15	7.2660e+03	3.629e-16	1.2916e+04	1.0422e+04	6.3558e-11	2.2688e-01	7.7312e-01	6.1359e-01	3.8639e-01	1.5202e-05	1.2116e-11	1.0838e-02	9.5107e-01	3.8089e-02	1.1755e-36	2.6819e-01	7.3139e-01	4.2360e-04	1.1755e-36	1.1755e-36	1.1755e-36	5.5314e-19	0.00e+00	0.00e+00	6.5537e+00
1.39957e+15	7.2523e+03	3.437e-16	1.2916e+04	9.8865e+03	9.3128e-11	2.6526e-01	7.3474e-01	6.4935e-01	3.5064e-01	1.3524e-05	1.8465e-11	1.0553e-02	9.5618e-01	3.3265e-02	1.1755e-36	3.1087e-01	6.8882e-01	3.1002e-04	1.1755e-36	1.1755e-36	1.1755e-36	9.6387e-19	0.00e+00	0.00e+00	7.1649e+00
1.42413e+15	7.2246e+03	3.243e-16	1.2916e+04	9.3963e+03	1.2941e-10	3.0104e-01	6.9896e-01	6.7717e-01	3.2282e-01	1.2345e-05	2.6167e-11	1.0228e-02	9.6002e-01	2.9750e-02	1.1755e-36	3.5000e-01	6.4977e-01	2.3797e-04	1.1755e-36	1.1755e-36	1.1755e-36	1.5314e-18	0.00e+00	0.00e+00	7.6774e+00
1.44258e+15	7.1900e+03	3.068e-16	1.2916e+04	8.9815e+03	1.6853e-10	3.3120e-01	6.6880e-01	6.9743e-01	3.0256e-01	1.1559e-05	3.4205e-11	9.9172e-03	9.6281e-01	2.7275e-02	1.1755e-36	3.8249e-01	6.1731e-01	1.9297e-04	1.1755e-36	1.1755e-36	1.1755e-36	2.1903e-18	0.00e+00	0.00e+00	8.1097e+00
1.45751e+15	7.1580e+03	2.908e-16	1.2916e+04	8.6200e+03	2.1001e-10	3.5762e-01	6.4238e-01	7.1352e-01	2.8647e-01	1.0969e-05	4.2611e-11	9.6238e-03	9.6500e-01	2.5372e-02	1.1755e-36	4.1058e-01	5.8926e-01	1.6164e-04	1.1755e-36	1.1755e-36	1.1755e-36	2.9423e-18	0.00e+00	0.00e+00	8.5141e+00
1.47106e+15	7.1070e+03	2.752e-16	1.2916e+04	8.2721e+03	2.6167e-10	3.8356e-01	6.1644e-01	7.2797e-01	2.7202e-01	1.0455e-05	5.2308e-11	9.3318e-03	9.6698e-01	2.3688e-02	1.1755e-36	4.3786e-01	5.6201e-01	1.3673e-04	1.1755e-36	1.1755e-36	1.1755e-36	3.8767e-18	0.00e+00	0.00e+00	8.9277e+00
1.48396e+15	7.0568e+03	2.593e-16	1.2916e+04	7.9222e+03	3.2343e-10	4.0947e-01	5.9053e-01	7.4129e-01	2.5870e-01	1.0007e-05	6.3566e-11	9.0230e-03	9.6880e-01	2.2173e-02	1.1755e-36	4.6477e-01	5.3511e-01	1.1608e-04	1.1755e-36	1.1755e-36	1.1755e-36	5.0466e-18	0.00e+00	0.00e+00	9.3476e+00
1.49594e+15	7.0027e+03	2.439e-16	1.2916e+04	7.5841e+03	3.9639e-10	4.3460e-01	5.6540e-01	7.5315e-01	2.4684e-01	9.6323e-06	7.6183e-11	8.7140e-03	9.7045e-01	2.0836e-02	1.1755e-36	4.9058e-01	5.0932e-01	9.9349e-05	1.1755e-36	1.1755e-36	1.1755e-36	6.4584e-18	0.00e+00	0.00e+00	9.7513e+00
1.50674e+15	6.9410e+03	2.297e-16	1.2916e+04	7.2798e+03	4.8257e-10	4.5863e-01	5.4137e-01	7.6373e-01	2.3626e-01	9.2968e-06	9.0231e-11	8.4316e-03	9.7192e-01	1.9644e-02	1.1755e-36	5.1500e-01	4.8492e-01	8.5904e-05	1.1755e-36	1.1755e-36	1.1755e-36	8.1509e-18	0.00e+00	0.00e+00	1.0134e+01
1.51674e+15	6.8831e+03	2.160e-16	1.2916e+04	6.9760e+03	5.7855e-10	4.8103e-01	5.1897e-01	7.7292e-01	2.2707e-01	9.0406e-06	1.0490e-10	8.1393e-03	9.7324e-01	1.8620e-02	1.1755e-36	5.3752e-01	4.6240e-01	7.4971e-05	1.1755e-36	1.1755e-36	1.1755e-36	1.0030e-17	0.00e+00	0.00e+00	1.0517e+01
1.52612e+15	6.8238e+03	2.031e-16	1.2916e+04	6.6883e+03	6.8856e-10	5.0243e-01	4.9757e-01	7.8122e-01	2.1877e-01	8.8197e-06	1.2074e-10	7.8568e-03	9.7444e-01	1.7699e-02	1.1755e-36	5.5883e-01	4.4110e-01	6.5866e-05	1.1755e-36	1.1755e-36	1.1755e-36	1.2189e-17	0.00e+00	0.00e+00	1.0885e+01
1.53479e+15	6.7634e+03	1.911e-16	1.2916e+04	6.4184e+03	8.1271e-10	5.2254e-01	4.7746e-01	7.8864e-01	2.1135e-01	8.6324e-06	1.3743e-10	7.5879e-03	9.7553e-01	1.6878e-02	1.1755e-36	5.7868e-01	4.2127e-01	5.8324e-05	1.1755e-36	1.1755e-36	1.1755e-36	1.4598e-17	0.00e+00	0.00e+00	1.1241e+01
1.54294e+15	6.7032e+03	1.798e-16	1.2916e+04	6.1627e+03	9.5269e-10	5.4166e-01	4.5834e-01	7.9537e-01	2.0462e-01	8.4719e-06	1.5512e-10	7.3292e-03	9.7654e-01	1.6133e-02	1.1755e-36	5.9737e-01	4.0258e-01	5.1930e-05	1.1755e-36	1.1755e-36	1.1755e-36	1.7300e-17	0.00e+00	0.00e+00	1.1592e+01
1.54960e+15	6.6565e+03	1.709e-16	1.2916e+04	5.9533e+03	1.0784e-09	5.5658e-01	4.4342e-01	8.0034e-01	1.9965e-01	8.3734e-06	1.7000e-10	7.1135e-03	9.7730e-01	1.5586e-02	1.1755e-36	6.1184e-01	3.8811e-01	4.7400e-05	1.1755e-36	1.1755e-36	1.1755e-36	1.9679e-17	0.00e+00	0.00e+00	1.1836e+01
1.55458e+15	6.6118e+03	1.643e-16	1.2916e+04	5.7984e+03	1.1962e-09	5.6837e-01	4.3163e-01	8.0419e-01	1.9580e-01	8.2883e-06	1.8294e-10	6.9542e-03	9.7789e-01	1.5155e-02	1.1755e-36	6.2324e-01	3.7672e-01	4.4119e-05	1.1755e-36	1.1755e-36	1.1755e-36	2.1833e-17	0.00e+00	0.00e+00	1.2049e+01
1.55934e+15	6.5689e+03	1.579e-16	1.2916e+04	5.6477e+03	1.3222e-09	5.7978e-01	4.2022e-01	8.0788e-01	1.9211e-01	8.2090e-06	1.9632e-10	6.7977e-03	9.7846e-01	1.4744e-02	1.1755e-36	6.3419e-01	3.6577e-01	4.1120e-05	1.1755e-36	1.1755e-36	1.1755e-36	2.4131e-17	0.00e+00	0.00e+00	1.2281e+01
1.56448e+15	6.5172e+03	1.510e-16	1.2916e+04	5.4821e+03	1.4806e-09	5.9214e-01	4.0786e-01	8.1185e-01	1.8814e-01	8.1249e-06	2.1182e-10	6.6256e-03	9.7907e-01	1.4308e-02	1.1755e-36	6.4600e-01	3.5396e-01	3.8085e-05	1.1755e-36	1.1755e-36	1.1755e-36	2.6870e-17	0.00e+00	0.00e+00	1.2541e+01
1.56989e+15	6.4618e+03	1.440e-16	1.2916e+04	5.3176e+03	1.6706e-09	6.0529e-01	3.9471e-01	8.1600e-01	1.8399e-01	8.0293e-06	2.3000e-10	6.4537e-03	9.7969e-01	1.3852e-02	1.1755e-36	6.5850e-01	3.4147e-01	3.5100e-05	1.1755e-36	1.1755e-36	1.1755e-36	3.0244e-17	0.00e+00	0.00e+00	1.2809e+01
1.57514e+15	6.4107e+03	1.373e-16	1.2916e+04	5.1519e+03	1.8703e-09	6.1750e-01	3.8250e-01	8.1964e-01	1.8036e-01	7.9691e-06	2.4762e-10	6.2775e-03	9.8028e-01	1.3445e-02	1.1755e-36	6.7004e-01	3.2993e-01	3.2477e-05	1.1755e-36	1.1755e-36	1.1755e-36	3.3627e-17	0.00e+00	0.00e+00	1.3065e+01
1.58023e+15	6.3579e+03	1.309e-16	1.2916e+04	4.9932e+03	2.0944e-09	6.2941e-01	3.7059e-01	8.2315e-01	1.7684e-01	7.9098e-06	2.6621e-10	6.1081e-03	9.8084e-01	1.3053e-02	1.1755e-36	6.8123e-01	3.1874e-01	3.0090e-05	1.1755e-36	1.1755e-36	1.1755e-36	3.7333e-17	0.00e+00	0.00e+00	1.3326e+01
1.58533e+15	6.3047e+03	1.247e-16	1.2916e+04	4.8357e+03	2.3477e-09	6.4128e-01	3.5872e-01	8.2659e-01	1.7340e-01	7.8552e-06	2.8617e-10	5.9387e-03	9.8139e-01	1.2669e-02	1.1755e-36	6.9233e-01	3.0764e-01	2.7851e-05	1.1755e-36	1.1755e-36	1.1755e-36	4.1476e-17	0.00e+00	0.00e+00	1.3594e+01
1.59046e+15	6.2474e+03	1.185e-16	1.2916e+04	4.6767e+03	2.6426e-09	6.5308e-01	3.4692e-01	8.2995e-01	1.7004e-01	7.8064e-06	3.0738e-10	5.7673e-03	9.8194e-01	1.2296e-02	1.1755e-36	7.0328e-01	2.9669e-01	2.5772e-05	1.1755e-36	1.1755e-36	1.1755e-36	4.6028e-17	0.00e+00	0.00e+00	1.3868e+01
1.59558e+15	6.1856e+03	1.126e-16	1.2916e+04	4.5206e+03	2.9878e-09	6.6477e-01	3.3523e-01	8.3322e-01	1.6678e-01	7.7609e-06	3.3007e-10	5.5980e-03	9.8247e-01	1.1930e-02	1.1755e-36	7.1412e-01	2.8585e-01	2.3839e-05	1.1755e-36	1.1755e-36	1.1755e-36	5.1094e-17	0.00e+00	0.00e+00	1.4144e+01
1.60065e+15	6.1225e+03	1.070e-16	1.2916e+04	4.3721e+03	3.3850e-09	6.7642e-01	3.2358e-01	8.3648e-01	1.6351e-01	7.7072e-06	3.5499e-10	5.4364e-03	9.8300e-01	1.1568e-02	1.1755e-36	7.2485e-01	2.7513e-01	2.2043e-05	1.1755e-36	1.1755e-36	1.1755e-36	5.6926e-17	0.00e+00	0.00e+00	1.4422e+01
1.60561e+15	6.0611e+03	1.016e-16	1.2916e+04	4.2246e+03	3.8210e-09	6.8740e-01	3.1260e-01	8.3945e-01	1.6054e-01	7.6746e-06	3.7975e-10	5.2744e-03	9.8349e-01	1.1235e-02	1.1755e-36	7.3492e-01	2.6506e-01	2.0432e-05	1.1755e-36	1.1755e-36	1.1755e-36	6.2942e-17	0.00e+00	0.00e+00	1.4696e+01
1.61054e+15	5.9999e+03	9.638e-17	1.2916e+04	4.0813e+03	4.3151e-09	6.9822e-01	3.0178e-01	8.4237e-01	1.5763e-01	7.6430e-06	4.0624e-10	5.1161e-03	9.8397e-01	1.0909e-02	1.1755e-36	7.4478e-01	2.5520e-01	1.8932e-05	1.1755e-36	1.1755e-36	1.1755e-36	6.9671e-17	0.00e+00	0.00e+00	1.4979e+01
1.61552e+15	5.9319e+03	9.130e-17	1.2916e+04	3.9375e+03	4.9135e-09	7.0905e-01	2.9095e-01	8.4527e-01	1.5472e-01	7.6117e-06	4.3487e-10	4.9575e-03	9.8445e-01	1.0589e-02	1.1755e-36	7.5459e-01	2.4539e-01	1.7530e-05	1.1755e-36	1.1755e-36	1.1755e-36	7.7247e-17	0.00e+00	0.00e+00	1.5268e+01
1.62050e+15	5.8643e+03	8.644e-17	1.2916e+04	3.7963e+03	5.5926e-09	7.1952e-01	2.8048e-01	8.4803e-01	1.5196e-01	7.5902e-06	4.6459e-10	4.8000e-03	9.8492e-01	1.0281e-02	1.1755e-36	7.6407e-01	2.3591e-01	1.6233e-05	1.1755e-36	1.1755e-36	1.1755e-36	8.5475e-17	0.00e+00	0.00e+00	1.5558e+01
1.62544e+15	5.7993e+03	8.178e-17	1.2916e+04	3.6604e+03	6.3541e-09	7.2977e-01	2.7023e-01	8.5072e-01	1.4928e-01	7.5709e-06	4.9635e-10	4.6474e-03	9.8537e-01	9.9819e-03	1.1755e-36	7.7328e-01	2.2670e-01	1.5033e-05	1.1755e-36	1.1755e-36	1.1755e-36	9.4745e-17	0.00e+00	0.00e+00	1.5852e+01
1.63038e+15	5.7260e+03	7.733e-17	1.2916e+04	3.5284e+03	7.2960e-09	7.4003e-01	2.5997e-01	8.5346e-01	1.4653e-01	7.5403e-06	5.3162e-10	4.4998e-03	9.8582e-01	9.6847e-03	1.1755e-36	7.8247e-01	2.1752e-01	1.3911e-05	1.1755e-36	1.1755e-36	1.1755e-36	1.0558e-16	0.00e+00	0.00e+00	1.6150e+01
1.63525e+15	5.6562e+03	7.313e-17	1.2916e+04	3.3977e+03	8.3358e-09	7.4960e-01	2.5040e-01	8.5591e-01	1.4409e-01	7.5341e-06	5.6629e-10	4.3518e-03	9.8624e-01	9.4112e-03	1.1755e-36	7.9101e-01	2.0898e-01	1.2903e-05	1.1755e-36	1.1755e-36	1.1755e-36	1.1680e-16	0.00e+00	0.00e+00	1.6443e+01
1.64009e+15	5.5829e+03	6.911e-17	1.2916e+04	3.2715e+03	9.5785e-09	7.5910e-01	2.4090e-01	8.5838e-01	1.4161e-01	7.5204e-06	6.0449e-10	4.2089e-03	9.8665e-01	9.1405e-03	1.1755e-36	7.9945e-01	2.0054e-01	1.1959e-05	1.1755e-36	1.1755e-36	1.1755e-36	1.2989e-16	0.00e+00	0.00e+00	1.6746e+01
1.64499e+15	5.5056e+03	6.524e-17	1.2916e+04	3.1472e+03	1.1081e-08	7.6848e-01	2.3152e-01	8.6084e-01	1.3916e-01	7.5066e-06	6.4615e-10	4.0679e-03	9.8706e-01	8.8752e-03	1.1755e-36	8.0775e-01	1.9224e-01	1.1076e-05	1.1755e-36	1.1755e-36	1.1755e-36	1.4508e-16	0.00e+00	0.00e+00	1.7053e+01
1.64925e+15	5.4383e+03	6.214e-17	1.2916e+04	3.0456e+03	1.2581e-08	7.7627e-01	2.2373e-01	8.6285e-01	1.3714e-01	7.4948e-06	6.8428e-10	3.9525e-03	9.8739e-01	8.6599e-03	1.1755e-36	8.1461e-01	1.8538e-01	1.0385e-05	1.1755e-36	1.1755e-36	1.1755e-36	1.5994e-16	0.00e+00	0.00e+00	1.7282e+01
1.65257e+15	5.3790e+03	5.979e-17	1.2916e+04	2.9678e+03	1.4035e-08	7.8248e-01	2.1752e-01	8.6453e-01	1.3546e-01	7.4733e-06	7.1826e-10	3.8646e-03	9.8765e-01	8.4873e-03	1.1755e-36	8.2006e-01	1.7993e-01	9.8614e-06	1.1755e-36	1.1755e-36	1.1755e-36	1.7395e-16	0.00e+00	0.00e+00	1.7475e+01
1.65554e+15	5.3403e+03	5.768e-17	1.2916e+04	2.8961e+03	1.5197e-08	7.8751e-01	2.1249e-01	8.6577e-01	1.3423e-01	7.4881e-06	7.4528e-10	3.7810e-03	9.8787e-01	8.3464e-03	1.1755e-36	8.2447e-01	1.7552e-01	9.4223e-06	1.1755e-36	1.1755e-36	1.1755e-36	1.8555e-16	0.00e+00	0.00e+00	1.7663e+01
1.65891e+15	5.2758e+03	5.531e-17	1.2916e+04	2.8145e+03	1.7130e-08	7.9377e-01	2.0623e-01	8.6750e-01	1.3250e-01	7.4707e-06	7.8454e-10	3.6885e-03	9.8814e-01	8.1713e-03	1.1755e-36	8.2995e-01	1.7004e-01	8.9204e-06	1.1755e-36	1.1755e-36	1.1755e-36	2.0335e-16	0.00e+00	0.00e+00	1.7909e+01
1.66249e+15	5.2155e+03	5.299e-17	1.2916e+04	2.7333e+03	1.9240e-08	7.9992e-01	2.0008e-01	8.6912e-01	1.3087e-01	7.4649e-06	8.2588e-10	3.5953e-03	9.8840e-01	8.0022e-03	1.1755e-36	8.3531e-01	1.6468e-01	8.4395e-06	1.1755e-36	1.1755e-36	1.1755e-36	2.2331e-16	0.00e+00	0.00e+00	1.8129e+01
1.66571e+15	5.1591e+03	5.097e-17	1.2916e+04	2.6616e+03	2.1449e-08	8.0538e-01	1.9462e-01	8.7058e-01	1.2941e-01	7.4574e-06	8.6642e-10	3.5130e-03	9.8863e-01	7.8524e-03	1.1755e-36	8.4006e-01	1.5993e-01	8.0272e-06	1.1755e-36	1.1755e-36	1.1755e-36	2.4412e-16	0.00e+00	0.00e+00	1.8331e+01
1.66874e+15	5.0991e+03	4.913e-17	1.2916e+04	2.5961e+03	2.4037e-08	8.1066e-01	1.8934e-01	8.7209e-01	1.2791e-01	7.4338e-06	9.1119e-10	3.4388e-03	9.8885e-01	7.7078e-03	1.1755e-36	8.4464e-01	1.5535e-01	7.6485e-06	1.1755e-36	1.1755e-36	1.1755e-36	2.6859e-16	0.00e+00	0.00e+00	1.8528e+01
1.67162e+15	5.0530e+03	4.743e-17	1.2916e+04	2.5329e+03	2.6366e-08	8.1514e-01	1.8486e-01	8.7323e-01	1.2676e-01	7.4443e-06	9.4944e-10	3.3650e-03	9.8905e-01	7.5850e-03	1.1755e-36	8.4854e-01	1.5146e-01	7.3191e-06	1.1755e-36	1.1755e-36	1.1755e-36	2.9075e-16	0.00e+00	0.00e+00	1.8712e+01
1.67457e+15	4.9948e+03	4.570e-17	1.2916e+04	2.4682e+03	2.9517e-08	8.2001e-01	1.7999e-01	8.7459e-01	1.2540e-01	7.4354e-06	9.9794e-10	3.2909e-03	9.8926e-01	7.4506e-03	1.1755e-36	8.5275e-01	1.4724e-01	6.9828e-06	1.1755e-36	1.1755e-36	1.1755e-36	3.2047e-16	0.00e+00	0.00e+00	1.8922e+01
1.67761e+15	4.9383e+03	4.403e-17	1.2916e+04	2.4052e+03	3.2989e-08	8.2482e-01	1.7518e-01	8.7592e-01	1.2407e-01	7.4276e-06	1.0514e-09	3.2184e-03	9.8948e-01	7.3009e-03	1.1755e-36	8.5689e-01	1.4310e-01	6.6594e-06	1.1755e-36	1.1755e-36	1.1755e-36	3.5338e-16	0.00e+00	0.00e+00	1.9120e+01
1.68047e+15	4.8826e+03	4.250e-17	1.2916e+04	2.3478e+03	3.6841e-08	8.2937e-01	1.7063e-01	8.7723e-01	1.2277e-01	7.4115e-06	1.1082e-09	3.1526e-03	9.8969e-01	7.1582e-03	1.1755e-36	8.6081e-01	1.3919e-01	6.3645e-06	1.1755e-36	1.1755e-36	1.1755e-36	3.9050e-16	0.00e+00	0.00e+00	1.9308e+01
1.68321e+15	4.8308e+03	4.108e-17	1.2916e+04	2.2923e+03	4.0872e-08	8.3348e-01	1.6652e-01	8.7836e-01	1.2163e-01	7.4091e-06	1.1630e-09	3.0885e-03	9.8988e-01	7.0289e-03	1.1755e-36	8.6434e-01	1.3565e-01	6.1003e-06	1.1755e-36	1.1755e-36	1.1755e-36	4.2877e-16	0.00e+00	0.00e+00	1.9490e+01
1.68589e+15	4.7787e+03	3.972e-17	1.2916e+04	2.2390e+03	4.5424e-08	8.3752e-01	1.6247e-01	8.7952e-01	1.2047e-01	7.4018e-06	1.2227e-09	3.0271e-03	9.9007e-01	6.9007e-03	1.1755e-36	8.6781e-01	1.3218e-01	5.8473e-06	1.1755e-36	1.1755e-36	1.1755e-36	4.7296e-16	0.00e+00	0.00e+00	1.9675e+01
1.68860e+15	4.7248e+03	3.840e-17	1.2916e+04	2.1865e+03	5.0707e-08	8.4154e-01	1.5846e-01	8.8069e-01	1.1931e-01	7.3917e-06	1.2885e-09	2.9668e-03	9.9026e-01	6.7729e-03	1.1755e-36	8.7125e-01	1.2875e-01	5.6034e-06	1.1755e-36	1.1755e-36	1.1755e-36	5.2490e-16	0.00e+00	0.00e+00	1.9860e+01
1.69125e+15	4.6718e+03	3.716e-17	1.2916e+04	2.1358e+03	5.6568e-08	8.4536e-01	1.5464e-01	8.8179e-01	1.1820e-01	7.3843e-06	1.3573e-09	2.9085e-03	9.9044e-01	6.6512e-03	1.1755e-36	8.7451e-01	1.2548e-01	5.3767e-06	1.1755e-36	1.1755e-36	1.1755e-36	5.8316e-16	0.00e+00	0.00e+00	2.0039e+01
1.69379e+15	4.6211e+03	3.599e-17	1.2916e+04	2.0878e+03	6.2881e-08	8.4894e-01	1.5106e-01	8.8283e-01	1.1717e-01	7.3794e-06	1.4283e-09	2.8530e-03	9.9061e-01	6.5365e-03	1.1755e-36	8.7757e-01	1.2242e-01	5.1676e-06	1.1755e-36	1.1755e-36	1.1755e-36	6.4726e-16	0.00e+00	0.00e+00	2.0212e+01
1.69629e+15	4.5707e+03	3.488e-17	1.2916e+04	2.0417e+03	6.9961e-08	8.5242e-01	1.4758e-01	8.8386e-01	1.1613e-01	7.3714e-06	1.5049e-09	2.8000e-03	9.9078e-01	6.4241e-03	1.1755e-36	8.8054e-01	1.1945e-01	4.9690e-06	1.1755e-36	1.1755e-36	1.1755e-36	7.2121e-16	0.00e+00	0.00e+00	2.0386e+01
1.69877e+15	4.5197e+03	3.381e-17	1.2916e+04	1.9969e+03	7.8003e-08	8.5583e-01	1.4417e-01	8.8488e-01	1.1511e-01	7.3619e-06	1.5884e-09	2.7484e-03	9.9094e-01	6.3139e-03	1.1755e-36	8.8344e-01	1.1655e-01	4.7795e-06	1.1755e-36	1.1755e-36	1.1755e-36	8.0739e-16	0.00e+00	0.00e+00	2.0558e+01
1.70120e+15	4.4696e+03	3.280e-17	1.2916e+04	1.9536e+03	8.6897e-08	8.5908e-01	1.4092e-01	8.8586e-01	1.1413e-01	7.3539e-06	1.6767e-09	2.6987e-03	9.9109e-01	6.2083e-03	1.1755e-36	8.8621e-01	1.1379e-01	4.6020e-06	1.1755e-36	1.1755e-36	1.1755e-36	9.0532e-16	0.00e+00	0.00e+00	2.0725e+01
1.70356e+15	4.4208e+03	3.184e-17	1.2916e+04	1.9122e+03	9.6674e-08	8.6219e-01	1.3781e-01	8.8681e-01	1.1318e-01	7.3463e-06	1.7703e-09	2.6511e-03	9.9124e-01	6.1069e-03	1.1755e-36	8.8884e-01	1.1115e-01	4.4355e-06	1.1755e-36	1.1755e-36	1.1755e-36	1.0166e-15	0.00e+00	0.00e+00	2.0889e+01
1.70588e+15	4.3722e+03	3.093e-17	1.2916e+04	1.8722e+03	1.0762e-07	8.6520e-01	1.3479e-01	8.8774e-01	1.1225e-01	7.3370e-06	1.8718e-09	2.6053e-03	9.9139e-01	6.0080e-03	1.1755e-36	8.9140e-01	1.0859e-01	4.2771e-06	1.1755e-36	1.1755e-36	1.1755e-36	1.1458e-15	0.00e+00	0.00e+00	2.1052e+01
1.70817e+15	4.3238e+03	3.005e-17	1.2916e+04	1.8335e+03	1.1990e-07	8.6813e-01	1.3187e-01	8.8866e-01	1.1133e-01	7.3271e-06	1.9816e-09	2.5611e-03	9.9153e-01	5.9118e-03	1.1755e-36	8.9388e-01	1.0612e-01	4.1266e-06	1.1755e-36	1.1755e-36	1.1755e-36	1.2961e-15	0.00e+00	0.00e+00	2.1213e+01
1.71041e+15	4.2762e+03	2.922e-17	1.2916e+04	1.7962e+03	1.3347e-07	8.7093e-01	1.2907e-01	8.8954e-01	1.1045e-01	7.3178e-06	2.0992e-09	2.5184e-03	9.9166e-01	5.8191e-03	1.1755e-36	8.9625e-01	1.0375e-01	3.9847e-06	1.1755e-36	1.1755e-36	1.1755e-36	1.4691e-15	0.00e+00	0.00e+00	2.1370e+01
1.71261e+15	4.2293e+03	2.842e-17	1.2916e+04	1.7602e+03	1.4853e-07	8.7364e-01	1.2636e-01	8.9041e-01	1.0959e-01	7.3080e-06	2.2259e-09	2.4773e-03	9.9179e-01	5.7293e-03	1.1755e-36	8.9854e-01	1.0146e-01	3.8501e-06	1.1755e-36	1.1755e-36	1.1755e-36	1.6695e-15	0.00e+00	0.00e+00	2.1525e+01
1.71477e+15	4.1827e+03	2.766e-17	1.2916e+04	1.7253e+03	1.6536e-07	8.7627e-01	1.2373e-01	8.9126e-01	1.0874e-01	7.2974e-06	2.3636e-09	2.4376e-03	9.9192e-01	5.6418e-03	1.1755e-36	9.0075e-01	9.9242e-02	3.7219e-06	1.1755e-36	1.1755e-36	1.1755e-36	1.9038e-15	0.00e+00	0.00e+00	2.1679e+01
1.71690e+15	4.1365e+03	2.693e-17	1.2916e+04	1.6915e+03	1.8408e-07	8.7881e-01	1.2119e-01	8.9209e-01	1.0791e-01	7.2867e-06	2.5127e-09	2.3992e-03	9.9204e-01	5.5569e-03	1.1755e-36	9.0290e-01	9.7099e-02	3.5999e-06	1.1755e-36	1.1755e-36	1.1755e-36	2.1770e-15	0.00e+00	0.00e+00	2.1830e+01
1.71900e+15	4.0909e+03	2.623e-17	1.2916e+04	1.6588e+03	2.0486e-07	8.8127e-01	1.1873e-01	8.9289e-01	1.0710e-01	7.2759e-06	2.6739e-09	2.3622e-03	9.9216e-01	5.4747e-03	1.1755e-36	9.0497e-01	9.5028e-02	3.4838e-06	1.1755e-36	1.1755e-36	1.1755e-36	2.4956e-15	0.00e+00	0.00e+00	2.1979e+01
1.72106e+15	4.0456e+03	2.556e-17	1.2916e+04	1.6270e+03	2.2803e-07	8.8367e-01	1.1633e-01	8.9368e-01	1.0631e-01	7.2654e-06	2.8498e-09	2.3262e-03	9.9228e-01	5.3948e-03	1.1755e-36	9.0699e-01	9.3011e-02	3.3727e-06	1.1755e-36	1.1755e-36	1.1755e-36	2.8702e-15	0.00e+00	0.00e+00	2.2127e+01
1.72309e+15	4.0007e+03	2.491e-17	1.2916e+04	1.5960e+03	2.5380e-07	8.8600e-01	1.1400e-01	8.9444e-01	1.0555e-01	7.2564e-06	3.0410e-09	2.2912e-03	9.9239e-01	5.3176e-03	1.1755e-36	9.0895e-01	9.1046e-02	3.2661e-06	1.1755e-36	1.1755e-36	1.1755e-36	3.3102e-15	0.00e+00	0.00e+00	2.2272e+01
1.72509e+15	3.9560e+03	2.428e-17	1.2916e+04	1.5653e+03	2.8264e-07	8.8833e-01	1.1167e-01	8.9516e-01	1.0483e-01	7.2510e-06	3.2513e-09	2.2566e-03	9.9250e-01	5.2436e-03	1.1755e-36	9.1090e-01	8.9101e-02	3.1631e-06	1.1755e-36	1.1755e-36	1.1755e-36	3.8337e-15	0.00e+00	0.00e+00	2.2416e+01
###########################
3.90721e+11	7.6737e+03	4.587e-16	1.2916e+04	1.3620e+04	3.8939e-13	2.3721e-02	9.7628e-01	1.1776e-01	8.8202e-01	2.2058e-04	4.4377e-14	4.9591e-03	7.0679e-01	2.8824e-01	1.1252e-05	2.8193e-02	9.4929e-01	2.2516e-02	3.8308e-07	1.1755e-36	1.1755e-36	4.3519e-22	0.00e+00	0.00e+00	1.5119e-03
2.34433e+12	7.6640e+03	4.572e-16	1.2916e+04	1.3601e+04	3.9014e-13	2.3673e-02	9.7633e-01	1.1774e-01	8.8204e-01	2.2046e-04	4.4118e-14	4.9381e-03	7.0681e-01	2.8824e-01	1.1274e-05	2.8137e-02	9.4932e-01	2.2545e-02	3.8290e-07	1.1755e-36	1.1755e-36	4.3073e-22	0.00e+00	0.00e+00	7.5472e-03
1.01587e+13	7.6516e+03	4.541e-16	1.2916e+04	1.3595e+04	3.9241e-13	2.3654e-02	9.7635e-01	1.1820e-01	8.8158e-01	2.1862e-04	4.4113e-14	4.9385e-03	7.0778e-01	2.8727e-01	1.1187e-05	2.8124e-02	9.4943e-01	2.2447e-02	3.7608e-07	1.1755e-36	1.1755e-36	4.2894e-22	0.00e+00	0.00e+00	3.1669e-02
4.14164e+13	7.6142e+03	4.461e-16	1.2916e+04	1.3589e+04	4.0933e-13	2.3881e-02	9.7612e-01	1.2069e-01	8.7910e-01	2.0969e-04	4.5419e-14	5.0037e-03	7.1270e-01	2.8229e-01	1.0719e-05	2.8434e-02	9.4976e-01	2.1805e-02	3.4237e-07	1.1755e-36	1.1755e-36	4.4033e-22	0.00e+00	0.00e+00	1.2908e-01
9.89306e+13	7.4345e+03	4.220e-16	1.2916e+04	1.3592e+04	4.3919e-13	2.3421e-02	9.7658e-01	1.2331e-01	8.7649e-01	1.9977e-04	4.4027e-14	5.0027e-03	7.1847e-01	2.7652e-01	1.0346e-05	2.7952e-02	9.5055e-01	2.1498e-02	3.1540e-07	1.1755e-36	1.1755e-36	4.0715e-22	0.00e+00	0.00e+00	2.5328e-01
1.71769e+14	7.2862e+03	4.029e-16	1.2916e+04	1.3586e+04	4.8736e-13	2.3537e-02	9.7646e-01	1.2789e-01	8.7192e-01	1.8448e-04	4.5078e-14	5.0921e-03	7.2724e-01	2.6766e-01	9.6095e-06	2.8174e-02	9.5129e-01	2.0534e-02	2.6931e-07	1.1755e-36	1.1755e-36	4.0607e-22	0.00e+00	0.00e+00	4.0813e-01
2.64529e+14	7.1568e+03	3.884e-16	1.2916e+04	1.3568e+04	5.7168e-13	2.4414e-02	9.7559e-01	1.3568e-01	8.6416e-01	1.6336e-04	4.9642e-14	5.3021e-03	7.4051e-01	2.5417e-01	8.4536e-06	2.9331e-02	9.5187e-01	1.8797e-02	2.0755e-07	1.1755e-36	1.1755e-36	4.4639e-22	0.00e+00	0.00e+00	6.1694e-01
3.85118e+14	7.0397e+03	3.775e-16	1.2916e+04	1.3530e+04	7.2395e-13	2.6364e-02	9.7364e-01	1.4865e-01	8.5122e-01	1.3690e-04	6.0042e-14	5.6773e-03	7.5982e-01	2.3450e-01	6.8948e-06	3.1814e-02	9.5195e-01	1.6232e-02	1.3934e-07	1.1755e-36	1.1755e-36	5.5504e-22	0.00e+00	0.00e+00	9.1007e-01
5.22699e+14	6.9476e+03	3.704e-16	1.2916e+04	1.3467e+04	9.7157e-13	2.9503e-02	9.7050e-01	1.6705e-01	8.3284e-01	1.1073e-04	7.8732e-14	6.1969e-03	7.8297e-01	2.1083e-01	5.2741e-06	3.5762e-02	9.5092e-01	1.3317e-02	1.1755e-36	1.1755e-36	1.1755e-36	7.7076e-22	0.00e+00	0.00e+00	1.2442e+00
6.52031e+14	6.9034e+03	3.698e-16	1.2916e+04	1.3397e+04	1.3388e-12	3.3968e-02	9.6603e-01	1.9021e-01	8.0970e-01	8.9440e-05	1.1018e-13	6.8219e-03	8.0673e-01	1.8644e-01	3.8778e-06	4.1319e-02	9.4811e-01	1.0569e-02	1.1755e-36	1.1755e-36	1.1755e-36	1.1796e-21	0.00e+00	0.00e+00	1.5761e+00
7.62562e+14	6.9011e+03	3.724e-16	1.2916e+04	1.3282e+04	1.8352e-12	3.9535e-02	9.6047e-01	2.1639e-01	7.8354e-01	7.3351e-05	1.5782e-13	7.4676e-03	8.2843e-01	1.6410e-01	2.8208e-06	4.8201e-02	9.4351e-01	8.2905e-03	1.1755e-36	1.1755e-36	1.1755e-36	1.8762e-21	0.00e+00	0.00e+00	1.9026e+00
8.58375e+14	6.9207e+03	3.772e-16	1.2916e+04	1.3161e+04	2.5248e-12	4.6403e-02	9.5360e-01	2.4600e-01	7.5394e-01	6.0959e-05	2.3107e-13	8.1236e-03	8.4827e-01	1.4360e-01	2.0245e-06	5.6648e-02	9.3692e-01	6.4294e-03	1.1755e-36	1.1755e-36	1.1755e-36	3.0873e-21	0.00e+00	0.00e+00	2.2447e+00
9.44255e+14	6.9536e+03	3.834e-16	1.2916e+04	1.3033e+04	3.5212e-12	5.5024e-02	9.4498e-01	2.7969e-01	7.2026e-01	5.1095e-05	3.4773e-13	8.7854e-03	8.6659e-01	1.2462e-01	1.4236e-06	6.7197e-02	9.2790e-01	4.9047e-03	1.1755e-36	1.1755e-36	1.1755e-36	5.2841e-21	0.00e+00	0.00e+00	2.6099e+00
1.02061e+15	7.0078e+03	3.881e-16	1.2916e+04	1.2836e+04	4.8755e-12	6.5385e-02	9.3462e-01	3.1646e-01	6.8349e-01	4.3029e-05	5.2594e-13	9.3775e-03	8.8266e-01	1.0797e-01	9.9458e-07	7.9804e-02	9.1649e-01	3.7093e-03	1.1755e-36	1.1755e-36	1.1755e-36	9.1015e-21	0.00e+00	0.00e+00	2.9903e+00
1.08822e+15	7.0521e+03	3.934e-16	1.2916e+04	1.2640e+04	6.9084e-12	7.8195e-02	9.2181e-01	3.5644e-01	6.4353e-01	3.6586e-05	8.1247e-13	9.9297e-03	8.9706e-01	9.3010e-02	6.8483e-07	9.5297e-02	9.0193e-01	2.7743e-03	1.1755e-36	1.1755e-36	1.1755e-36	1.6123e-20	0.00e+00	0.00e+00	3.3977e+00
1.14808e+15	7.1056e+03	3.966e-16	1.2916e+04	1.2398e+04	9.7712e-12	9.3539e-02	9.0646e-01	3.9831e-01	6.0166e-01	3.1291e-05	1.2604e-12	1.0382e-02	9.0949e-01	8.0132e-02	4.7029e-07	1.1372e-01	8.8422e-01	2.0625e-03	1.1755e-36	1.1755e-36	1.1755e-36	2.8701e-20	0.00e+00	0.00e+00	3.8237e+00
1.20076e+15	7.1551e+03	3.982e-16	1.2916e+04	1.2137e+04	1.3904e-11	1.1185e-01	8.8815e-01	4.4124e-01	5.5874e-01	2.6925e-05	1.9662e-12	1.0741e-02	9.2022e-01	6.9036e-02	3.2248e-07	1.3552e-01	8.6295e-01	1.5270e-03	1.1755e-36	1.1755e-36	1.1755e-36	5.1458e-20	0.00e+00	0.00e+00	4.2754e+00
1.24761e+15	7.2008e+03	3.963e-16	1.2916e+04	1.1820e+04	1.9812e-11	1.3333e-01	8.6667e-01	4.8415e-01	5.1583e-01	2.3301e-05	3.0575e-12	1.0974e-02	9.2939e-01	5.9640e-02	2.2205e-07	1.6085e-01	8.3802e-01	1.1281e-03	1.1755e-36	1.1755e-36	1.1755e-36	9.1735e-20	0.00e+00	0.00e+00	4.7559e+00
1.28987e+15	7.2375e+03	3.896e-16	1.2916e+04	1.1407e+04	2.8264e-11	1.5808e-01	8.4192e-01	5.2659e-01	4.7339e-01	2.0210e-05	4.7060e-12	1.1041e-02	9.3720e-01	5.1754e-02	1.5414e-07	1.8971e-01	8.0946e-01	8.3276e-04	1.1755e-36	1.1755e-36	1.1755e-36	1.6059e-19	0.00e+00	0.00e+00	5.2758e+00
1.32903e+15	7.2707e+03	3.792e-16	1.2916e+04	1.0974e+04	4.0841e-11	1.8776e-01	8.1224e-01	5.6869e-01	4.3129e-01	1.7608e-05	7.3487e-12	1.1014e-02	9.4423e-01	4.4755e-02	1.1755e-36	2.2386e-01	7.7553e-01	6.0674e-04	1.1755e-36	1.1755e-36	1.1755e-36	2.8756e-19	0.00e+00	0.00e+00	5.8576e+00
1.36538e+15	7.2663e+03	3.646e-16	1.2916e+04	1.0475e+04	6.1076e-11	2.2309e-01	7.7691e-01	6.0985e-01	3.9014e-01	1.5378e-05	1.1586e-11	1.0861e-02	9.5052e-01	3.8620e-02	1.1755e-36	2.6393e-01	7.3564e-01	4.3751e-04	1.1755e-36	1.1755e-36	1.1755e-36	5.2140e-19	0.00e+00	0.00e+00	6.4890e+00
1.39729e+15	7.2541e+03	3.457e-16	1.2916e+04	9.9384e+03	8.9850e-11	2.6149e-01	7.3851e-01	6.4635e-01	3.5363e-01	1.3646e-05	1.7767e-11	1.0585e-02	9.5576e-01	3.3659e-02	1.1755e-36	3.0672e-01	6.9296e-01	3.1900e-04	1.1755e-36	1.1755e-36	1.1755e-36	9.1543e-19	0.00e+00	0.00e+00	7.1100e+00
1.42264e+15	7.2274e+03	3.260e-16	1.2916e+04	9.4392e+03	1.2584e-10	2.9789e-01	7.0211e-01	6.7510e-01	3.2489e-01	1.2418e-05	2.5422e-11	1.0259e-02	9.5973e-01	3.0009e-02	1.1755e-36	3.4658e-01	6.5318e-01	2.4323e-04	1.1755e-36	1.1755e-36	1.1755e-36	1.4728e-18	0.00e+00	0.00e+00	7.6342e+00
1.44159e+15	7.1933e+03	3.083e-16	1.2916e+04	9.0167e+03	1.6482e-10	3.2861e-01	6.7139e-01	6.9596e-01	3.0403e-01	1.1605e-05	3.3461e-11	9.9449e-03	9.6260e-01	2.7455e-02	1.1755e-36	3.7972e-01	6.2009e-01	1.9628e-04	1.1755e-36	1.1755e-36	1.1755e-36	2.1257e-18	0.00e+00	0.00e+00	8.0715e+00
1.45672e+15	7.1620e+03	2.922e-16	1.2916e+04	8.6529e+03	2.0572e-10	3.5517e-01	6.4483e-01	7.1227e-01	2.8772e-01	1.1005e-05	4.1786e-11	9.6512e-03	9.6483e-01	2.5523e-02	1.1755e-36	4.0799e-01	5.9184e-01	1.6416e-04	1.1755e-36	1.1755e-36	1.1755e-36	2.8646e-18	0.00e+00	0.00e+00	8.4751e+00
1.47031e+15	7.1213e+03	2.765e-16	1.2916e+04	8.3048e+03	2.5420e-10	3.8079e-01	6.1921e-01	7.2670e-01	2.7329e-01	1.0496e-05	5.1199e-11	9.3568e-03	9.6680e-01	2.3847e-02	1.1755e-36	4.3495e-01	5.6491e-01	1.3892e-04	1.1755e-36	1.1755e-36	1.1755e-36	3.7659e-18	0.00e+00	0.00e+00	8.8868e+00
1.48327e+15	7.0617e+03	2.608e-16	1.2916e+04	7.9562e+03	3.1688e-10	4.0694e-01	5.9306e-01	7.4023e-01	2.5976e-01	1.0031e-05	6.2415e-11	9.0538e-03	9.6865e-01	2.2298e-02	1.1755e-36	4.6215e-01	5.3773e-01	1.1786e-04	1.1755e-36	1.1755e-36	1.1755e-36	4.9201e-18	0.00e+00	0.00e+00	9.3065e+00
1.49536e+15	7.0077e+03	2.453e-16	1.2916e+04	7.6157e+03	3.8897e-10	4.3222e-01	5.6778e-01	7.5225e-01	2.4774e-01	9.6498e-06	7.4941e-11	8.7436e-03	9.7031e-01	2.0942e-02	1.1755e-36	4.8815e-01	5.1174e-01	1.0074e-04	1.1755e-36	1.1755e-36	1.1755e-36	6.3113e-18	0.00e+00	0.00e+00	9.7136e+00
1.50630e+15	6.9459e+03	2.311e-16	1.2916e+04	7.3088e+03	4.7443e-10	4.5649e-01	5.4351e-01	7.6300e-01	2.3699e-01	9.3076e-06	8.8953e-11	8.4596e-03	9.7181e-01	1.9732e-02	1.1755e-36	5.1283e-01	4.8708e-01	8.6980e-05	1.1755e-36	1.1755e-36	1.1755e-36	7.9883e-18	0.00e+00	0.00e+00	1.0098e+01
1.51639e+15	6.8941e+03	2.170e-16	1.2916e+04	6.9942e+03	5.6546e-10	4.7853e-01	5.2147e-01	7.7209e-01	2.2791e-01	9.0687e-06	1.0302e-10	8.1544e-03	9.7312e-01	1.8728e-02	1.1755e-36	5.3503e-01	4.6490e-01	7.5959e-05	1.1755e-36	1.1755e-36	1.1755e-36	9.7691e-18	0.00e+00	0.00e+00	1.0482e+01
1.52569e+15	6.8316e+03	2.043e-16	1.2916e+04	6.7127e+03	6.7420e-10	4.9984e-01	5.0016e-01	7.8038e-01	2.1961e-01	8.8409e-06	1.1860e-10	7.8803e-03	9.7432e-01	1.7803e-02	1.1755e-36	5.5626e-01	4.4368e-01	6.6831e-05	1.1755e-36	1.1755e-36	1.1755e-36	1.1874e-17	0.00e+00	0.00e+00	1.0839e+01
1.53424e+15	6.7701e+03	1.926e-16	1.2916e+04	6.4527e+03	7.9637e-10	5.1998e-01	4.8002e-01	7.8790e-01	2.1210e-01	8.6388e-06	1.3525e-10	7.6229e-03	9.7541e-01	1.6969e-02	1.1755e-36	5.7616e-01	4.2378e-01	5.9206e-05	1.1755e-36	1.1755e-36	1.1755e-36	1.4266e-17	0.00e+00	0.00e+00	1.1193e+01
1.54256e+15	6.7086e+03	1.810e-16	1.2916e+04	6.1916e+03	9.3716e-10	5.3957e-01	4.6043e-01	7.9484e-01	2.0515e-01	8.4710e-06	1.5318e-10	7.3593e-03	9.7644e-01	1.6199e-02	1.1755e-36	5.9534e-01	4.0461e-01	5.2564e-05	1.1755e-36	1.1755e-36	1.1755e-36	1.6986e-17	0.00e+00	0.00e+00	1.1558e+01
1.54944e+15	6.6682e+03	1.718e-16	1.2916e+04	5.9755e+03	1.0574e-09	5.5474e-01	4.4526e-01	7.9983e-01	2.0016e-01	8.3815e-06	1.6805e-10	7.1349e-03	9.7722e-01	1.5645e-02	1.1755e-36	6.1006e-01	3.8989e-01	4.7865e-05	1.1755e-36	1.1755e-36	1.1755e-36	1.9359e-17	0.00e+00	0.00e+00	1.1805e+01
1.55448e+15	6.6078e+03	1.653e-16	1.2916e+04	5.8257e+03	1.1924e-09	5.6739e-01	4.3261e-01	8.0413e-01	1.9586e-01	8.2568e-06	1.8233e-10	6.9862e-03	9.7784e-01	1.5171e-02	1.1755e-36	6.2230e-01	3.7765e-01	4.4434e-05	1.1755e-36	1.1755e-36	1.1755e-36	2.1724e-17	0.00e+00	0.00e+00	1.2019e+01
1.55909e+15	6.5762e+03	1.589e-16	1.2916e+04	5.6748e+03	1.3002e-09	5.7790e-01	4.2210e-01	8.0749e-01	1.9251e-01	8.2020e-06	1.9423e-10	6.8268e-03	9.7837e-01	1.4801e-02	1.1755e-36	6.3238e-01	3.6758e-01	4.1583e-05	1.1755e-36	1.1755e-36	1.1755e-36	2.3757e-17	0.00e+00	0.00e+00	1.2236e+01
1.56414e+15	6.5213e+03	1.522e-16	1.2916e+04	5.5152e+03	1.4602e-09	5.9039e-01	4.0961e-01	8.1155e-01	1.8845e-01	8.1048e-06	2.1001e-10	6.6620e-03	9.7898e-01	1.4354e-02	1.1755e-36	6.4434e-01	3.5562e-01	3.8513e-05	1.1755e-36	1.1755e-36	1.1755e-36	2.6539e-17	0.00e+00	0.00e+00	1.2500e+01
1.56961e+15	6.4707e+03	1.450e-16	1.2916e+04	5.3418e+03	1.6393e-09	6.0326e-01	3.9674e-01	8.1550e-01	1.8449e-01	8.0323e-06	2.2713e-10	6.4790e-03	9.7961e-01	1.3912e-02	1.1755e-36	6.5658e-01	3.4339e-01	3.5518e-05	1.1755e-36	1.1755e-36	1.1755e-36	2.9686e-17	0.00e+00	0.00e+00	1.2769e+01
1.57496e+15	6.4175e+03	1.382e-16	1.2916e+04	5.1725e+03	1.8415e-09	6.1578e-01	3.8422e-01	8.1927e-01	1.8073e-01	7.9670e-06	2.4503e-10	6.2998e-03	9.8021e-01	1.3494e-02	1.1755e-36	6.6841e-01	3.3155e-01	3.2810e-05	1.1755e-36	1.1755e-36	1.1755e-36	3.3097e-17	0.00e+00	0.00e+00	1.3032e+01
1.58014e+15	6.3639e+03	1.317e-16	1.2916e+04	5.0124e+03	2.0666e-09	6.2797e-01	3.7203e-01	8.2287e-01	1.7712e-01	7.9027e-06	2.6398e-10	6.1289e-03	9.8078e-01	1.3091e-02	1.1755e-36	6.7988e-01	3.2009e-01	3.0351e-05	1.1755e-36	1.1755e-36	1.1755e-36	3.6862e-17	0.00e+00	0.00e+00	1.3294e+01
1.58523e+15	6.3108e+03	1.255e-16	1.2916e+04	4.8552e+03	2.3155e-09	6.3980e-01	3.6020e-01	8.2630e-01	1.7369e-01	7.8484e-06	2.8369e-10	5.9601e-03	9.8133e-01	1.2708e-02	1.1755e-36	6.9095e-01	3.0902e-01	2.8107e-05	1.1755e-36	1.1755e-36	1.1755e-36	4.0929e-17	0.00e+00	0.00e+00	1.3558e+01
1.59032e+15	6.2546e+03	1.194e-16	1.2916e+04	4.6981e+03	2.6018e-09	6.5148e-01	3.4852e-01	8.2963e-01	1.7036e-01	7.8001e-06	3.0451e-10	5.7906e-03	9.8187e-01	1.2337e-02	1.1755e-36	7.0183e-01	2.9815e-01	2.6025e-05	1.1755e-36	1.1755e-36	1.1755e-36	4.5377e-17	0.00e+00	0.00e+00	1.3829e+01
1.59542e+15	6.1917e+03	1.135e-16	1.2916e+04	4.5454e+03	2.9473e-09	6.6341e-01	3.3659e-01	8.3303e-01	1.6696e-01	7.7406e-06	3.2792e-10	5.6258e-03	9.8241e-01	1.1961e-02	1.1755e-36	7.1287e-01	2.8710e-01	2.4057e-05	1.1755e-36	1.1755e-36	1.1755e-36	5.0602e-17	0.00e+00	0.00e+00	1.4106e+01
1.60046e+15	6.1317e+03	1.078e-16	1.2916e+04	4.3933e+03	3.3238e-09	6.7472e-01	3.2528e-01	8.3613e-01	1.6386e-01	7.7032e-06	3.5131e-10	5.4596e-03	9.8293e-01	1.1613e-02	1.1755e-36	7.2329e-01	2.7669e-01	2.2282e-05	1.1755e-36	1.1755e-36	1.1755e-36	5.6022e-17	0.00e+00	0.00e+00	1.4379e+01
1.60543e+15	6.0707e+03	1.023e-16	1.2916e+04	4.2458e+03	3.7519e-09	6.8581e-01	3.1419e-01	8.3915e-01	1.6084e-01	7.6671e-06	3.7615e-10	5.2978e-03	9.8343e-01	1.1275e-02	1.1755e-36	7.3346e-01	2.6652e-01	2.0644e-05	1.1755e-36	1.1755e-36	1.1755e-36	6.2024e-17	0.00e+00	0.00e+00	1.4657e+01
1.61042e+15	6.0084e+03	9.704e-17	1.2916e+04	4.1004e+03	4.2447e-09	6.9680e-01	3.0320e-01	8.4211e-01	1.5788e-01	7.6339e-06	4.0281e-10	5.1373e-03	9.8392e-01	1.0944e-02	1.1755e-36	7.4349e-01	2.5649e-01	1.9110e-05	1.1755e-36	1.1755e-36	1.1755e-36	6.8753e-17	0.00e+00	0.00e+00	1.4942e+01
1.61542e+15	5.9391e+03	9.194e-17	1.2916e+04	3.9559e+03	4.8400e-09	7.0771e-01	2.9229e-01	8.4505e-01	1.5494e-01	7.6004e-06	4.3141e-10	4.9782e-03	9.8440e-01	1.0621e-02	1.1755e-36	7.5339e-01	2.4659e-01	1.7689e-05	1.1755e-36	1.1755e-36	1.1755e-36	7.6271e-17	0.00e+00	0.00e+00	1.5230e+01
1.62037e+15	5.8735e+03	8.707e-17	1.2916e+04	3.8150e+03	5.4955e-09	7.1813e-01	2.8187e-01	8.4778e-01	1.5222e-01	7.5809e-06	4.6062e-10	4.8209e-03	9.8486e-01	1.0315e-02	1.1755e-36	7.6281e-01	2.3717e-01	1.6391e-05	1.1755e-36	1.1755e-36	1.1755e-36	8.4317e-17	0.00e+00	0.00e+00	1.5517e+01
1.62530e+15	5.8095e+03	8.239e-17	1.2916e+04	3.6789e+03	6.2342e-09	7.2834e-01	2.7166e-01	8.5045e-01	1.4954e-01	7.5629e-06	4.9185e-10	4.6680e-03	9.8532e-01	1.0017e-02	1.1755e-36	7.7200e-01	2.2798e-01	1.5183e-05	1.1755e-36	1.1755e-36	1.1755e-36	9.3363e-17	0.00e+00	0.00e+00	1.5811e+01
1.63025e+15	5.7354e+03	7.791e-17	1.2916e+04	3.5460e+03	7.1663e-09	7.3871e-01	2.6129e-01	8.5323e-01	1.4676e-01	7.5302e-06	5.2712e-10	4.5198e-03	9.8576e-01	9.7163e-03	1.1755e-36	7.8128e-01	2.1871e-01	1.4045e-05	1.1755e-36	1.1755e-36	1.1755e-36	1.0412e-16	0.00e+00	0.00e+00	1.6110e+01
1.63514e+15	5.6654e+03	7.366e-17	1.2916e+04	3.4144e+03	8.1892e-09	7.4833e-01	2.5167e-01	8.5569e-01	1.4431e-01	7.5239e-06	5.6158e-10	4.3707e-03	9.8619e-01	9.4413e-03	1.1755e-36	7.8988e-01	2.1011e-01	1.3025e-05	1.1755e-36	1.1755e-36	1.1755e-36	1.1518e-16	0.00e+00	0.00e+00	1.6404e+01
1.63999e+15	5.5928e+03	6.962e-17	1.2916e+04	3.2880e+03	9.4006e-09	7.5784e-01	2.4216e-01	8.5816e-01	1.4183e-01	7.5105e-06	5.9935e-10	4.2276e-03	9.8660e-01	9.1701e-03	1.1755e-36	7.9833e-01	2.0165e-01	1.2073e-05	1.1755e-36	1.1755e-36	1.1755e-36	1.2802e-16	0.00e+00	0.00e+00	1.6706e+01
1.64488e+15	5.5155e+03	6.573e-17	1.2916e+04	3.1634e+03	1.0873e-08	7.6726e-01	2.3274e-01	8.6062e-01	1.3937e-01	7.4961e-06	6.4064e-10	4.0863e-03	9.8701e-01	8.9040e-03	1.1755e-36	8.0667e-01	1.9332e-01	1.1182e-05	1.1755e-36	1.1755e-36	1.1755e-36	1.4295e-16	0.00e+00	0.00e+00	1.7012e+01
1.64914e+15	5.4486e+03	6.261e-17	1.2916e+04	3.0613e+03	1.2336e-08	7.7507e-01	2.2493e-01	8.6264e-01	1.3735e-01	7.4846e-06	6.7836e-10	3.9704e-03	9.8734e-01	8.6878e-03	1.1755e-36	8.1355e-01	1.8643e-01	1.0484e-05	1.1755e-36	1.1755e-36	1.1755e-36	1.5751e-16	0.00e+00	0.00e+00	1.7241e+01
1.65247e+15	5.3890e+03	6.023e-17	1.2916e+04	2.9828e+03	1.3768e-08	7.8134e-01	2.1866e-01	8.6433e-01	1.3566e-01	7.4624e-06	7.1221e-10	3.8819e-03	9.8760e-01	8.5135e-03	1.1755e-36	8.1906e-01	1.8093e-01	9.9525e-06	1.1755e-36	1.1755e-36	1.1755e-36	1.7132e-16	0.00e+00	0.00e+00	1.7435e+01
1.65547e+15	5.3429e+03	5.811e-17	1.2916e+04	2.9121e+03	1.5064e-08	7.8670e-01	2.1330e-01	8.6575e-01	1.3424e-01	7.4571e-06	7.4232e-10	3.8010e-03	9.8784e-01	8.3640e-03	1.1755e-36	8.2375e-01	1.7624e-01	9.4986e-06	1.1755e-36	1.1755e-36	1.1755e-36	1.8419e-16	0.00e+00	0.00e+00	1.7623e+01
1.65864e+15	5.2829e+03	5.590e-17	1.2916e+04	2.8354e+03	1.6835e-08	7.9252e-01	2.0748e-01	8.6733e-01	1.3266e-01	7.4434e-06	7.7820e-10	3.7137e-03	9.8808e-01	8.2015e-03	1.1755e-36	8.2886e-01	1.7113e-01	9.0272e-06	1.1755e-36	1.1755e-36	1.1755e-36	2.0035e-16	0.00e+00	0.00e+00	1.7844e+01
1.66196e+15	5.2280e+03	5.369e-17	1.2916e+04	2.7585e+03	1.8722e-08	7.9822e-01	2.0178e-01	8.6882e-01	1.3117e-01	7.4422e-06	8.1547e-10	3.6251e-03	9.8833e-01	8.0440e-03	1.1755e-36	8.3384e-01	1.6615e-01	8.5732e-06	1.1755e-36	1.1755e-36	1.1755e-36	2.1810e-16	0.00e+00	0.00e+00	1.8055e+01
1.66519e+15	5.1733e+03	5.162e-17	1.2916e+04	2.6856e+03	2.0825e-08	8.0374e-01	1.9626e-01	8.7029e-01	1.2970e-01	7.4369e-06	8.5516e-10	3.5413e-03	9.8857e-01	7.8917e-03	1.1755e-36	8.3864e-01	1.6135e-01	8.1497e-06	1.1755e-36	1.1755e-36	1.1755e-36	2.3812e-16	0.00e+00	0.00e+00	1.8265e+01
1.66839e+15	5.1172e+03	4.964e-17	1.2916e+04	2.6149e+03	2.3234e-08	8.0914e-01	1.9086e-01	8.7175e-01	1.2824e-01	7.4293e-06	8.9799e-10	3.4599e-03	9.8880e-01	7.7434e-03	1.1755e-36	8.4333e-01	1.5666e-01	7.7496e-06	1.1755e-36	1.1755e-36	1.1755e-36	2.6107e-16	0.00e+00	0.00e+00	1.8475e+01
1.67152e+15	5.0598e+03	4.777e-17	1.2916e+04	2.5469e+03	2.5973e-08	8.1432e-01	1.8568e-01	8.7317e-01	1.2683e-01	7.4208e-06	9.4350e-10	3.3818e-03	9.8902e-01	7.6023e-03	1.1755e-36	8.4782e-01	1.5217e-01	7.3789e-06	1.1755e-36	1.1755e-36	1.1755e-36	2.8708e-16	0.00e+00	0.00e+00	1.8679e+01
1.67451e+15	5.0055e+03	4.605e-17	1.2916e+04	2.4826e+03	2.8902e-08	8.1911e-01	1.8089e-01	8.7446e-01	1.2553e-01	7.4175e-06	9.8953e-10	3.3078e-03	9.8922e-01	7.4723e-03	1.1755e-36	8.5196e-01	1.4803e-01	7.0436e-06	1.1755e-36	1.1755e-36	1.1755e-36	3.1513e-16	0.00e+00	0.00e+00	1.8874e+01
1.67740e+15	4.9519e+03	4.443e-17	1.2916e+04	2.4218e+03	3.2121e-08	8.2371e-01	1.7629e-01	8.7573e-01	1.2427e-01	7.4117e-06	1.0394e-09	3.2376e-03	9.8943e-01	7.3309e-03	1.1755e-36	8.5593e-01	1.4406e-01	6.7314e-06	1.1755e-36	1.1755e-36	1.1755e-36	3.4563e-16	0.00e+00	0.00e+00	1.9067e+01
1.68027e+15	4.8971e+03	4.288e-17	1.2916e+04	2.3626e+03	3.5797e-08	8.2822e-01	1.7178e-01	8.7699e-01	1.2300e-01	7.4032e-06	1.0936e-09	3.1696e-03	9.8964e-01	7.1895e-03	1.1755e-36	8.5982e-01	1.4018e-01	6.4340e-06	1.1755e-36	1.1755e-36	1.1755e-36	3.8055e-16	0.00e+00	0.00e+00	1.9260e+01
1.68310e+15	4.8421e+03	4.140e-17	1.2916e+04	2.3052e+03	3.9945e-08	8.3257e-01	1.6743e-01	8.7822e-01	1.2177e-01	7.3952e-06	1.1511e-09	3.1036e-03	9.8984e-01	7.0527e-03	1.1755e-36	8.6356e-01	1.3644e-01	6.1549e-06	1.1755e-36	1.1755e-36	1.1755e-36	4.2002e-16	0.00e+00	0.00e+00	1.9450e+01
1.68584e+15	4.7890e+03	4.001e-17	1.2916e+04	2.2505e+03	4.4460e-08	8.3667e-01	1.6333e-01	8.7937e-01	1.2062e-01	7.3900e-06	1.2103e-09	3.0406e-03	9.9004e-01	6.9234e-03	1.1755e-36	8.6708e-01	1.3292e-01	5.8975e-06	1.1755e-36	1.1755e-36	1.1755e-36	4.6334e-16	0.00e+00	0.00e+00	1.9633e+01
1.68851e+15	4.7369e+03	3.870e-17	1.2916e+04	2.1983e+03	4.9453e-08	8.4060e-01	1.5940e-01	8.8049e-01	1.1950e-01	7.3837e-06	1.2729e-09	2.9803e-03	9.9022e-01	6.7985e-03	1.1755e-36	8.7045e-01	1.2955e-01	5.6563e-06	1.1755e-36	1.1755e-36	1.1755e-36	5.1211e-16	0.00e+00	0.00e+00	1.9815e+01
1.69114e+15	4.6845e+03	3.745e-17	1.2916e+04	2.1477e+03	5.5094e-08	8.4444e-01	1.5556e-01	8.8161e-01	1.1839e-01	7.3756e-06	1.3403e-09	2.9221e-03	9.9040e-01	6.6763e-03	1.1755e-36	8.7373e-01	1.2627e-01	5.4271e-06	1.1755e-36	1.1755e-36	1.1755e-36	5.6821e-16	0.00e+00	0.00e+00	1.9996e+01
1.69373e+15	4.6323e+03	3.625e-17	1.2916e+04	2.0988e+03	6.1411e-08	8.4813e-01	1.5187e-01	8.8269e-01	1.1731e-01	7.3677e-06	1.4123e-09	2.8658e-03	9.9058e-01	6.5581e-03	1.1755e-36	8.7688e-01	1.2311e-01	5.2113e-06	1.1755e-36	1.1755e-36	1.1755e-36	6.3215e-16	0.00e+00	0.00e+00	2.0173e+01
1.69626e+15	4.5814e+03	3.512e-17	1.2916e+04	2.0520e+03	6.8367e-08	8.5165e-01	1.4835e-01	8.8372e-01	1.1627e-01	7.3609e-06	1.4880e-09	2.8119e-03	9.9074e-01	6.4449e-03	1.1755e-36	8.7989e-01	1.2011e-01	5.0099e-06	1.1755e-36	1.1755e-36	1.1755e-36	7.0415e-16	0.00e+00	0.00e+00	2.0346e+01
1.69873e+15	4.5311e+03	3.405e-17	1.2916e+04	2.0070e+03	7.6091e-08	8.5504e-01	1.4496e-01	8.8473e-01	1.1527e-01	7.3533e-06	1.5687e-09	2.7601e-03	9.9090e-01	6.3355e-03	1.1755e-36	8.8277e-01	1.1722e-01	4.8201e-06	1.1755e-36	1.1755e-36	1.1755e-36	7.8631e-16	0.00e+00	0.00e+00	2.0516e+01
1.70116e+15	4.4811e+03	3.303e-17	1.2916e+04	1.9635e+03	8.4750e-08	8.5832e-01	1.4168e-01	8.8572e-01	1.1427e-01	7.3446e-06	1.6558e-09	2.7102e-03	9.9106e-01	6.2290e-03	1.1755e-36	8.8556e-01	1.1443e-01	4.6402e-06	1.1755e-36	1.1755e-36	1.1755e-36	8.8114e-16	0.00e+00	0.00e+00	2.0685e+01
1.70354e+15	4.4316e+03	3.206e-17	1.2916e+04	1.9216e+03	9.4397e-08	8.6148e-01	1.3852e-01	8.8668e-01	1.1331e-01	7.3360e-06	1.7490e-09	2.6621e-03	9.9121e-01	6.1261e-03	1.1755e-36	8.8825e-01	1.1175e-01	4.4704e-06	1.1755e-36	1.1755e-36	1.1755e-36	9.9012e-16	0.00e+00	0.00e+00	2.0851e+01
1.70588e+15	4.3829e+03	3.113e-17	1.2916e+04	1.8812e+03	1.0508e-07	8.6452e-01	1.3548e-01	8.8761e-01	1.1238e-01	7.3275e-06	1.8486e-09	2.6157e-03	9.9136e-01	6.0267e-03	1.1755e-36	8.9082e-01	1.0917e-01	4.3103e-06	1.1755e-36	1.1755e-36	1.1755e-36	1.1151e-15	0.00e+00	0.00e+00	2.1013e+01
1.70817e+15	4.3347e+03	3.025e-17	1.2916e+04	1.8423e+03	1.1699e-07	8.6745e-01	1.3255e-01	8.8852e-01	1.1147e-01	7.3183e-06	1.9559e-09	2.5712e-03	9.9150e-01	5.9304e-03	1.1755e-36	8.9330e-01	1.0669e-01	4.1587e-06	1.1755e-36	1.1755e-36	1.1755e-36	1.2595e-15	0.00e+00	0.00e+00	2.1174e+01
1.71042e+15	4.2869e+03	2.940e-17	1.2916e+04	1.8047e+03	1.3025e-07	8.7028e-01	1.2972e-01	8.8942e-01	1.1058e-01	7.3087e-06	2.0717e-09	2.5282e-03	9.9163e-01	5.8369e-03	1.1755e-36	8.9570e-01	1.0429e-01	4.0149e-06	1.1755e-36	1.1755e-36	1.1755e-36	1.4270e-15	0.00e+00	0.00e+00	2.1332e+01
1.71263e+15	4.2397e+03	2.860e-17	1.2916e+04	1.7684e+03	1.4501e-07	8.7302e-01	1.2698e-01	8.9029e-01	1.0971e-01	7.2988e-06	2.1967e-09	2.4867e-03	9.9177e-01	5.7464e-03	1.1755e-36	8.9801e-01	1.0198e-01	3.8785e-06	1.1755e-36	1.1755e-36	1.1755e-36	1.6214e-15	0.00e+00	0.00e+00	2.1488e+01
1.71480e+15	4.1930e+03	2.783e-17	1.2916e+04	1.7332e+03	1.6141e-07	8.7566e-01	1.2434e-01	8.9114e-01	1.0886e-01	7.2887e-06	2.3316e-09	2.4467e-03	9.9189e-01	5.6585e-03	1.1755e-36	9.0025e-01	9.9751e-02	3.7490e-06	1.1755e-36	1.1755e-36	1.1755e-36	1.8472e-15	0.00e+00	0.00e+00	2.1642e+01
1.71693e+15	4.1469e+03	2.709e-17	1.2916e+04	1.6993e+03	1.7966e-07	8.7822e-01	1.2178e-01	8.9197e-01	1.0802e-01	7.2781e-06	2.4778e-09	2.4080e-03	9.9202e-01	5.5733e-03	1.1755e-36	9.0240e-01	9.7593e-02	3.6258e-06	1.1755e-36	1.1755e-36	1.1755e-36	2.1106e-15	0.00e+00	0.00e+00	2.1794e+01
1.71904e+15	4.1011e+03	2.639e-17	1.2916e+04	1.6663e+03	1.9997e-07	8.8070e-01	1.1930e-01	8.9278e-01	1.0721e-01	7.2674e-06	2.6364e-09	2.3707e-03	9.9214e-01	5.4904e-03	1.1755e-36	9.0449e-01	9.5504e-02	3.5083e-06	1.1755e-36	1.1755e-36	1.1755e-36	2.4186e-15	0.00e+00	0.00e+00	2.1944e+01
1.72111e+15	4.0557e+03	2.571e-17	1.2916e+04	1.6342e+03	2.2262e-07	8.8312e-01	1.1688e-01	8.9357e-01	1.0642e-01	7.2572e-06	2.8091e-09	2.3344e-03	9.9226e-01	5.4102e-03	1.1755e-36	9.0653e-01	9.3471e-02	3.3960e-06	1.1755e-36	1.1755e-36	1.1755e-36	2.7802e-15	0.00e+00	0.00e+00	2.2091e+01
1.72314e+15	4.0107e+03	2.505e-17	1.2916e+04	1.6029e+03	2.4775e-07	8.8547e-01	1.1453e-01	8.9433e-01	1.0566e-01	7.2486e-06	2.9966e-09	2.2991e-03	9.9237e-01	5.3327e-03	1.1755e-36	9.0850e-01	9.1492e-02	3.2885e-06	1.1755e-36	1.1755e-36	1.1755e-36	3.2042e-15	0.00e+00	0.00e+00	2.2237e+01
1.72515e+15	3.9660e+03	2.442e-17	1.2916e+04	1.5720e+03	2.7594e-07	8.8782e-01	1.1218e-01	8.9505e-01	1.0494e-01	7.2439e-06	3.2032e-09	2.2642e-03	9.9248e-01	5.2585e-03	1.1755e-36	9.1047e-01	8.9529e-02	3.1842e-06	1.1755e-36	1.1755e-36	1.1755e-36	3.7096e-15	0.00e+00	0.00e+00	2.2381e+01
