#depth	Te	Htot	hden	eden	2H_2/H	HI	HII	HeI	HeII	HeIII	CO/C	C1	C2	C3	C4	O1	O2	O3	O4	O5	O6	H2O/O	AV(point)	AV(extend)	Tau912
1.18957e+12	7.9535e+03	6.180e-17	4.6416e+03	5.0402e+03	5.7475e-16	1.1320e-03	9.9887e-01	6.1037e-03	9.8860e-01	5.2981e-03	6.0939e-19	3.4967e-05	1.0255e-01	8.9512e-01	2.2916e-03	2.9149e-04	2.9092e-01	7.0729e-01	1.4968e-03	1.1755e-36	1.1755e-36	5.4207e-27	0.00e+00	0.00e+00	7.8922e-05
7.13743e+12	7.9527e+03	6.179e-17	4.6416e+03	5.0399e+03	5.7478e-16	1.1317e-03	9.9887e-01	6.1033e-03	9.8860e-01	5.2947e-03	6.0870e-19	3.4936e-05	1.0253e-01	8.9513e-01	2.2980e-03	2.9132e-04	2.9082e-01	7.0739e-01	1.4917e-03	1.1755e-36	1.1755e-36	5.4136e-27	0.00e+00	0.00e+00	3.9454e-04
3.09288e+13	7.9508e+03	6.176e-17	4.6416e+03	5.0398e+03	5.7485e-16	1.1312e-03	9.9887e-01	6.1039e-03	9.8863e-01	5.2627e-03	6.0789e-19	3.4882e-05	1.0252e-01	8.9515e-01	2.2958e-03	2.9122e-04	2.9084e-01	7.0740e-01	1.4702e-03	1.1755e-36	1.1755e-36	5.4043e-27	0.00e+00	0.00e+00	1.6564e-03
1.26095e+14	7.9445e+03	6.165e-17	4.6416e+03	5.0397e+03	5.7595e-16	1.1304e-03	9.9887e-01	6.1102e-03	9.8880e-01	5.0909e-03	6.0785e-19	3.4822e-05	1.0257e-01	8.9511e-01	2.2797e-03	2.9146e-04	2.9115e-01	7.0718e-01	1.3872e-03	1.1755e-36	1.1755e-36	5.3949e-27	0.00e+00	0.00e+00	6.7004e-03
3.01199e+14	7.9282e+03	6.124e-17	4.6416e+03	5.0397e+03	5.7174e-16	1.1235e-03	9.9888e-01	6.1031e-03	9.8890e-01	5.0006e-03	5.9752e-19	3.4560e-05	1.0249e-01	8.9520e-01	2.2666e-03	2.9011e-04	2.9125e-01	7.0719e-01	1.2769e-03	1.1755e-36	1.1755e-36	5.2486e-27	0.00e+00	0.00e+00	1.3217e-02
5.28836e+14	7.9085e+03	6.082e-17	4.6416e+03	5.0396e+03	5.6929e-16	1.1171e-03	9.9888e-01	6.1014e-03	9.8917e-01	4.7289e-03	5.8918e-19	3.4393e-05	1.0249e-01	8.9524e-01	2.2383e-03	2.8922e-04	2.9159e-01	7.0697e-01	1.1423e-03	1.1755e-36	1.1755e-36	5.1217e-27	0.00e+00	0.00e+00	2.1641e-02
8.24763e+14	7.8835e+03	6.035e-17	4.6416e+03	5.0395e+03	5.6768e-16	1.1109e-03	9.9889e-01	6.1055e-03	9.8961e-01	4.2834e-03	5.8110e-19	3.4278e-05	1.0257e-01	8.9520e-01	2.1950e-03	2.8875e-04	2.9226e-01	7.0647e-01	9.8434e-04	1.1755e-36	1.1755e-36	4.9848e-27	0.00e+00	0.00e+00	3.2531e-02
1.20947e+15	7.8614e+03	5.979e-17	4.6416e+03	5.0393e+03	5.6288e-16	1.1038e-03	9.9890e-01	6.1115e-03	9.9021e-01	3.6743e-03	5.7127e-19	3.4167e-05	1.0267e-01	8.9516e-01	2.1391e-03	2.8843e-04	2.9316e-01	7.0574e-01	8.0813e-04	1.1755e-36	1.1755e-36	4.8207e-27	0.00e+00	0.00e+00	4.6598e-02
1.70959e+15	7.8306e+03	5.918e-17	4.6416e+03	5.0391e+03	5.6097e-16	1.0972e-03	9.9890e-01	6.1266e-03	9.9094e-01	2.9327e-03	5.6339e-19	3.4112e-05	1.0289e-01	8.9501e-01	2.0690e-03	2.8892e-04	2.9463e-01	7.0446e-01	6.2226e-04	1.1755e-36	1.1755e-36	4.6676e-27	0.00e+00	0.00e+00	6.4776e-02
2.35974e+15	7.7994e+03	5.845e-17	4.6416e+03	5.0388e+03	5.5683e-16	1.0905e-03	9.9891e-01	6.1482e-03	9.9172e-01	2.1352e-03	5.5477e-19	3.4098e-05	1.0322e-01	8.9476e-01	1.9909e-03	2.9012e-04	2.9667e-01	7.0260e-01	4.4122e-04	1.1755e-36	1.1755e-36	4.4897e-27	0.00e+00	0.00e+00	8.8262e-02
3.20494e+15	7.7608e+03	5.765e-17	4.6416e+03	5.0385e+03	5.5409e-16	1.0847e-03	9.9892e-01	6.1831e-03	9.9243e-01	1.3831e-03	5.4784e-19	3.4180e-05	1.0377e-01	8.9429e-01	1.9084e-03	2.9264e-04	2.9957e-01	6.9986e-01	2.8142e-04	1.1755e-36	1.1755e-36	4.3076e-27	0.00e+00	0.00e+00	1.1863e-01
4.30369e+15	7.7203e+03	5.674e-17	4.6416e+03	5.0382e+03	5.5076e-16	1.0801e-03	9.9892e-01	6.2328e-03	9.9299e-01	7.7562e-04	5.4254e-19	3.4375e-05	1.0458e-01	8.9356e-01	1.8274e-03	2.9669e-04	3.0340e-01	6.9615e-01	1.5716e-04	1.1755e-36	1.1755e-36	4.1216e-27	0.00e+00	0.00e+00	1.5795e-01
5.73208e+15	7.6737e+03	5.574e-17	4.6416e+03	5.0379e+03	5.5008e-16	1.0782e-03	9.9892e-01	6.3077e-03	9.9333e-01	3.6481e-04	5.4172e-19	3.4756e-05	1.0580e-01	8.9242e-01	1.7482e-03	3.0310e-04	3.0849e-01	6.9113e-01	7.4441e-05	1.1755e-36	1.1755e-36	3.9547e-27	0.00e+00	0.00e+00	2.0897e-01
7.58898e+15	7.6255e+03	5.465e-17	4.6416e+03	5.0378e+03	5.4855e-16	1.0804e-03	9.9892e-01	6.4175e-03	9.9344e-01	1.3910e-04	5.4429e-19	3.5402e-05	1.0757e-01	8.9073e-01	1.6684e-03	3.1275e-04	3.1516e-01	6.8450e-01	2.8913e-05	1.1755e-36	1.1755e-36	3.7757e-27	0.00e+00	0.00e+00	2.7542e-01
1.00029e+16	7.5744e+03	5.351e-17	4.6416e+03	5.0376e+03	5.5198e-16	1.0895e-03	9.9891e-01	6.5833e-03	9.9338e-01	4.1531e-05	5.5790e-19	3.6467e-05	1.1018e-01	8.8820e-01	1.5806e-03	3.2751e-04	3.2412e-01	6.7555e-01	8.9249e-06	1.1755e-36	1.1755e-36	3.6547e-27	0.00e+00	0.00e+00	3.6255e-01
1.31411e+16	7.5267e+03	5.235e-17	4.6416e+03	5.0374e+03	5.5934e-16	1.1094e-03	9.9889e-01	6.8346e-03	9.9316e-01	9.4670e-06	5.8715e-19	3.8171e-05	1.1406e-01	8.8442e-01	1.4780e-03	3.5008e-04	3.3631e-01	6.6334e-01	2.1690e-06	1.1755e-36	1.1755e-36	3.5955e-27	0.00e+00	0.00e+00	4.7789e-01
1.72207e+16	7.4839e+03	5.123e-17	4.6416e+03	5.0371e+03	5.7529e-16	1.1474e-03	9.9885e-01	7.2273e-03	9.9277e-01	1.6531e-06	6.4547e-19	4.0930e-05	1.1995e-01	8.7866e-01	1.3534e-03	3.8578e-04	3.5343e-01	6.4618e-01	4.4946e-07	1.1755e-36	1.1755e-36	3.6512e-27	0.00e+00	0.00e+00	6.3295e-01
2.25242e+16	7.4528e+03	5.025e-17	4.6416e+03	5.0363e+03	6.1516e-16	1.2159e-03	9.9878e-01	7.8580e-03	9.9214e-01	2.3253e-07	7.7254e-19	4.5508e-05	1.2918e-01	8.6958e-01	1.2012e-03	4.4483e-04	3.7824e-01	6.2131e-01	1.1755e-36	1.1755e-36	1.1755e-36	4.0422e-27	0.00e+00	0.00e+00	8.4657e-01
2.94187e+16	7.4490e+03	4.955e-17	4.6416e+03	5.0351e+03	6.8557e-16	1.3389e-03	9.9866e-01	8.9466e-03	9.9105e-01	2.8271e-08	1.0398e-18	5.3462e-05	1.4432e-01	8.5461e-01	1.0170e-03	5.4905e-04	4.1547e-01	5.8398e-01	1.1755e-36	1.1755e-36	1.1755e-36	4.9720e-27	0.00e+00	0.00e+00	1.1524e+00
3.63312e+16	7.4712e+03	4.920e-17	4.6416e+03	5.0337e+03	7.6278e-16	1.4956e-03	9.9850e-01	1.0375e-02	9.8963e-01	4.4746e-09	1.4287e-18	6.3726e-05	1.6318e-01	8.3591e-01	8.5171e-04	6.8946e-04	4.5818e-01	5.4113e-01	1.1755e-36	1.1755e-36	1.1755e-36	6.2071e-27	0.00e+00	0.00e+00	1.4167e+00
4.11688e+16	7.5156e+03	4.938e-17	4.6416e+03	5.0324e+03	8.3489e-16	1.6474e-03	9.9835e-01	1.1791e-02	9.8821e-01	1.5029e-09	1.8841e-18	7.3638e-05	1.8069e-01	8.1849e-01	7.4193e-04	8.3017e-04	4.9430e-01	5.0487e-01	1.1755e-36	1.1755e-36	1.1755e-36	7.6644e-27	0.00e+00	0.00e+00	1.5926e+00
4.44345e+16	7.5609e+03	4.969e-17	4.6416e+03	5.0311e+03	9.2070e-16	1.7814e-03	9.9822e-01	1.3069e-02	9.8693e-01	7.6951e-10	2.4254e-18	8.2494e-05	1.9575e-01	8.0350e-01	6.6696e-04	9.5866e-04	5.2297e-01	4.7607e-01	1.1755e-36	1.1755e-36	1.1755e-36	9.6578e-27	0.00e+00	0.00e+00	1.7434e+00
4.77548e+16	7.6107e+03	5.012e-17	4.6416e+03	5.0295e+03	1.0487e-15	1.9518e-03	9.9805e-01	1.4767e-02	9.8523e-01	3.9627e-10	3.3060e-18	9.3910e-05	2.1462e-01	7.8470e-01	5.8784e-04	1.1288e-03	5.5619e-01	4.4269e-01	1.1755e-36	1.1755e-36	1.1755e-36	1.2991e-26	0.00e+00	0.00e+00	1.9581e+00
5.13869e+16	7.6753e+03	5.075e-17	4.6416e+03	5.0273e+03	1.2273e-15	2.1762e-03	9.9782e-01	1.7131e-02	9.8287e-01	2.0267e-10	4.7712e-18	1.0909e-04	2.3924e-01	7.6015e-01	5.0569e-04	1.3647e-03	5.9621e-01	4.0242e-01	1.1755e-36	1.1755e-36	1.1755e-36	1.8590e-26	0.00e+00	0.00e+00	2.1819e+00
5.45149e+16	7.7417e+03	5.147e-17	4.6416e+03	5.0249e+03	1.4229e-15	2.4191e-03	9.9758e-01	1.9905e-02	9.8010e-01	1.1836e-10	6.7600e-18	1.2574e-04	2.6570e-01	7.3374e-01	4.3586e-04	1.6332e-03	6.3518e-01	3.6319e-01	1.1755e-36	1.1755e-36	1.1755e-36	2.6027e-26	0.00e+00	0.00e+00	2.3766e+00
5.70062e+16	7.8060e+03	5.214e-17	4.6416e+03	5.0232e+03	1.6755e-15	2.6566e-03	9.9734e-01	2.2922e-02	9.7708e-01	7.8680e-11	9.5230e-18	1.4218e-04	2.9145e-01	7.0803e-01	3.8009e-04	1.9074e-03	6.6954e-01	3.2856e-01	1.1755e-36	1.1755e-36	1.1755e-36	3.7671e-26	0.00e+00	0.00e+00	2.5508e+00
5.91695e+16	7.8524e+03	5.282e-17	4.6416e+03	5.0201e+03	1.8629e-15	2.9093e-03	9.9709e-01	2.6331e-02	9.7367e-01	5.5467e-11	1.2422e-17	1.5997e-04	3.1868e-01	6.8083e-01	3.3052e-04	2.2083e-03	7.0195e-01	2.9584e-01	1.1755e-36	1.1755e-36	1.1755e-36	4.7064e-26	0.00e+00	0.00e+00	2.7289e+00
6.12345e+16	7.9008e+03	5.355e-17	4.6416e+03	5.0172e+03	2.2305e-15	3.1972e-03	9.9680e-01	3.0647e-02	9.6935e-01	4.0054e-11	1.7527e-17	1.8021e-04	3.4922e-01	6.5032e-01	2.8359e-04	2.5616e-03	7.3479e-01	2.6265e-01	1.1755e-36	1.1755e-36	1.1755e-36	6.8464e-26	0.00e+00	0.00e+00	2.9201e+00
6.32159e+16	7.9643e+03	5.428e-17	4.6416e+03	5.0142e+03	2.6536e-15	3.5244e-03	9.9648e-01	3.6246e-02	9.6375e-01	2.9615e-11	2.4809e-17	2.0310e-04	3.8364e-01	6.1592e-01	2.3958e-04	2.9760e-03	7.6796e-01	2.2907e-01	1.1755e-36	1.1755e-36	1.1755e-36	9.9575e-26	0.00e+00	0.00e+00	3.1186e+00
6.50476e+16	7.9986e+03	5.516e-17	4.6416e+03	5.0090e+03	3.2620e-15	3.9024e-03	9.9610e-01	4.3440e-02	9.5656e-01	2.2463e-11	3.5656e-17	2.2947e-04	4.2237e-01	5.7720e-01	1.9847e-04	3.4624e-03	8.0034e-01	1.9620e-01	1.1755e-36	1.1755e-36	1.1755e-36	1.4785e-25	0.00e+00	0.00e+00	3.3178e+00
6.66850e+16	8.0580e+03	5.591e-17	4.6416e+03	5.0046e+03	3.9142e-15	4.2995e-03	9.9570e-01	5.2546e-02	9.4745e-01	1.7655e-11	5.0293e-17	2.5679e-04	4.6255e-01	5.3703e-01	1.6314e-04	3.9872e-03	8.3012e-01	1.6589e-01	1.1755e-36	1.1755e-36	1.1755e-36	2.1587e-25	0.00e+00	0.00e+00	3.5110e+00
6.81578e+16	8.0878e+03	5.671e-17	4.6416e+03	4.9960e+03	4.7263e-15	4.7399e-03	9.9526e-01	6.4050e-02	9.3595e-01	1.4112e-11	6.9685e-17	2.8616e-04	5.0522e-01	4.9437e-01	1.3162e-04	4.5739e-03	8.5747e-01	1.3795e-01	1.1755e-36	1.1755e-36	1.1755e-36	3.0519e-25	0.00e+00	0.00e+00	3.7072e+00
6.93475e+16	8.1239e+03	5.743e-17	4.6416e+03	4.9888e+03	5.5684e-15	5.1574e-03	9.9484e-01	7.7628e-02	9.2237e-01	1.1826e-11	9.2772e-17	3.1346e-04	5.4467e-01	4.5491e-01	1.0742e-04	5.1381e-03	8.7990e-01	1.1496e-01	1.1755e-36	1.1755e-36	1.1755e-36	4.1703e-25	0.00e+00	0.00e+00	3.8534e+00
7.01735e+16	8.1500e+03	5.795e-17	4.6416e+03	4.9823e+03	6.3136e-15	5.4903e-03	9.9451e-01	9.0761e-02	9.0924e-01	1.0428e-11	1.1497e-16	3.3491e-04	5.7543e-01	4.2414e-01	9.0987e-05	5.5920e-03	8.9558e-01	9.8832e-02	1.1755e-36	1.1755e-36	1.1755e-36	5.2884e-25	0.00e+00	0.00e+00	3.9636e+00
7.08193e+16	8.1673e+03	5.834e-17	4.6416e+03	4.9756e+03	6.9856e-15	5.7800e-03	9.9422e-01	1.0399e-01	8.9601e-01	9.3812e-12	1.3628e-16	3.5285e-04	6.0120e-01	3.9837e-01	7.8488e-05	5.9879e-03	9.0765e-01	8.6363e-02	1.1755e-36	1.1755e-36	1.1755e-36	6.3567e-25	0.00e+00	0.00e+00	4.0664e+00
7.15172e+16	8.1832e+03	5.873e-17	4.6416e+03	4.9672e+03	7.8884e-15	6.1288e-03	9.9387e-01	1.2244e-01	8.7756e-01	8.2776e-12	1.6582e-16	3.7356e-04	6.3062e-01	3.6894e-01	6.5422e-05	6.4641e-03	9.2032e-01	7.3217e-02	1.1755e-36	1.1755e-36	1.1755e-36	7.8993e-25	0.00e+00	0.00e+00	4.2081e+00
7.22453e+16	8.2050e+03	5.920e-17	4.6416e+03	4.9581e+03	8.9959e-15	6.5280e-03	9.9347e-01	1.4881e-01	8.5119e-01	7.2318e-12	2.0518e-16	3.9618e-04	6.6285e-01	3.3670e-01	5.2935e-05	7.0113e-03	9.3326e-01	5.9733e-02	1.1755e-36	1.1755e-36	1.1755e-36	1.0044e-24	0.00e+00	0.00e+00	4.3357e+00
7.28112e+16	8.2168e+03	5.950e-17	4.6416e+03	4.9432e+03	9.9229e-15	6.8725e-03	9.9313e-01	1.7708e-01	8.2292e-01	6.4194e-12	2.4032e-16	4.1451e-04	6.8944e-01	3.1010e-01	4.3773e-05	7.4849e-03	9.4316e-01	4.9352e-02	1.1755e-36	1.1755e-36	1.1755e-36	1.1832e-24	0.00e+00	0.00e+00	4.4293e+00
7.32270e+16	8.2281e+03	5.971e-17	4.6416e+03	4.9324e+03	1.0787e-14	7.1454e-03	9.9285e-01	2.0458e-01	7.9542e-01	5.8307e-12	2.7409e-16	4.2832e-04	7.0952e-01	2.9002e-01	3.7386e-05	7.8602e-03	9.5023e-01	4.1909e-02	1.1755e-36	1.1755e-36	1.1755e-36	1.3717e-24	0.00e+00	0.00e+00	4.5062e+00
7.35876e+16	8.2355e+03	5.984e-17	4.6416e+03	4.9200e+03	1.1615e-14	7.3992e-03	9.9260e-01	2.3431e-01	7.6569e-01	5.2962e-12	3.0721e-16	4.4033e-04	7.2702e-01	2.7251e-01	3.2143e-05	8.2081e-03	9.5608e-01	3.5709e-02	1.1755e-36	1.1755e-36	1.1755e-36	1.5544e-24	0.00e+00	0.00e+00	4.5830e+00
7.39951e+16	8.2449e+03	5.990e-17	4.6416e+03	4.9042e+03	1.2692e-14	7.7071e-03	9.9229e-01	2.7645e-01	7.2355e-01	4.6712e-12	3.5183e-16	4.5374e-04	7.4655e-01	2.5297e-01	2.6601e-05	8.6277e-03	9.6228e-01	2.9096e-02	1.1755e-36	1.1755e-36	1.1755e-36	1.8083e-24	0.00e+00	0.00e+00	4.6871e+00
7.44176e+16	8.2527e+03	5.993e-17	4.6416e+03	4.8836e+03	1.3960e-14	8.0444e-03	9.9196e-01	3.3323e-01	6.6677e-01	3.9979e-12	4.0589e-16	4.6691e-04	7.6612e-01	2.3339e-01	2.1507e-05	9.0854e-03	9.6824e-01	2.2670e-02	1.1755e-36	1.1755e-36	1.1755e-36	2.1191e-24	0.00e+00	0.00e+00	4.7777e+00
7.47500e+16	8.2557e+03	5.976e-17	4.6416e+03	4.8544e+03	1.4709e-14	8.3147e-03	9.9169e-01	3.9008e-01	6.0992e-01	3.3974e-12	4.4180e-16	4.7578e-04	7.8068e-01	2.1882e-01	1.7895e-05	9.4526e-03	9.7256e-01	1.7986e-02	1.1755e-36	1.1755e-36	1.1755e-36	2.2639e-24	0.00e+00	0.00e+00	4.8461e+00
7.50137e+16	8.2578e+03	5.961e-17	4.6416e+03	4.8338e+03	1.5956e-14	8.5469e-03	9.9145e-01	4.4507e-01	5.5493e-01	2.9468e-12	4.9426e-16	4.8261e-04	7.9171e-01	2.0779e-01	1.5231e-05	9.7640e-03	9.7564e-01	1.4596e-02	1.1755e-36	1.1755e-36	1.1755e-36	2.6020e-24	0.00e+00	0.00e+00	4.9079e+00
7.52974e+16	8.2589e+03	5.934e-17	4.6416e+03	4.8084e+03	1.6945e-14	8.8131e-03	9.9119e-01	5.1239e-01	4.8761e-01	2.4299e-12	5.4080e-16	4.8944e-04	8.0257e-01	1.9693e-01	1.2606e-05	1.0117e-02	9.7848e-01	1.1399e-02	1.1755e-36	1.1755e-36	1.1755e-36	2.8314e-24	0.00e+00	0.00e+00	4.9907e+00
7.56168e+16	8.2542e+03	5.899e-17	4.6416e+03	4.7773e+03	1.8494e-14	9.1287e-03	9.9087e-01	5.9699e-01	4.0301e-01	1.8694e-12	6.0895e-16	4.9581e-04	8.1326e-01	1.8623e-01	1.0071e-05	1.0529e-02	9.8111e-01	8.3633e-03	1.1755e-36	1.1755e-36	1.1755e-36	3.2218e-24	0.00e+00	0.00e+00	5.0758e+00
7.59203e+16	8.2499e+03	5.855e-17	4.6416e+03	4.7430e+03	2.0049e-14	9.4399e-03	9.9056e-01	6.8226e-01	3.1774e-01	1.3760e-12	6.7853e-16	5.0036e-04	8.2180e-01	1.7769e-01	8.0114e-06	1.0932e-02	9.8304e-01	6.0264e-03	1.1755e-36	1.1755e-36	1.1755e-36	3.6141e-24	0.00e+00	0.00e+00	5.1557e+00
7.62526e+16	8.2402e+03	5.807e-17	4.6416e+03	4.7063e+03	2.2080e-14	9.8123e-03	9.9019e-01	7.7041e-01	2.2959e-01	9.2314e-13	7.6567e-16	5.0443e-04	8.2946e-01	1.7003e-01	6.0926e-06	1.1406e-02	9.8448e-01	4.1096e-03	1.1755e-36	1.1755e-36	1.1755e-36	4.1346e-24	0.00e+00	0.00e+00	5.2638e+00
7.66846e+16	8.2338e+03	5.763e-17	4.6416e+03	4.6677e+03	2.5045e-14	1.0342e-02	9.8966e-01	8.6198e-01	1.3802e-01	5.0608e-13	8.9240e-16	5.0900e-04	8.3708e-01	1.6241e-01	4.1824e-06	1.2070e-02	9.8549e-01	2.4421e-03	1.1755e-36	1.1755e-36	1.1755e-36	4.9670e-24	0.00e+00	0.00e+00	5.4118e+00
7.72461e+16	8.2329e+03	5.739e-17	4.6416e+03	4.6262e+03	2.8050e-14	1.1110e-02	9.8889e-01	9.3512e-01	6.4876e-02	2.1209e-13	1.0206e-15	5.1371e-04	8.4433e-01	1.5516e-01	2.4958e-06	1.3020e-02	9.8576e-01	1.2176e-03	1.1755e-36	1.1755e-36	1.1755e-36	5.6925e-24	0.00e+00	0.00e+00	5.6185e+00
7.79762e+16	8.2372e+03	5.780e-17	4.6416e+03	4.6003e+03	3.4067e-14	1.2319e-02	9.8768e-01	9.7642e-01	2.3583e-02	6.7597e-14	1.2660e-15	5.2142e-04	8.5222e-01	1.4725e-01	1.2341e-06	1.4504e-02	9.8500e-01	4.9210e-04	1.1755e-36	1.1755e-36	1.1755e-36	7.5728e-24	0.00e+00	0.00e+00	5.9164e+00
7.89253e+16	8.2552e+03	5.887e-17	4.6416e+03	4.5830e+03	4.4200e-14	1.4294e-02	9.8571e-01	9.9293e-01	7.0724e-03	1.7384e-14	1.6862e-15	5.3239e-04	8.6194e-01	1.3753e-01	4.8252e-07	1.6921e-02	9.8292e-01	1.5622e-04	1.1755e-36	1.1755e-36	1.1755e-36	1.1225e-23	0.00e+00	0.00e+00	6.3659e+00
7.99137e+16	8.2779e+03	6.039e-17	4.6416e+03	4.5686e+03	6.1190e-14	1.7088e-02	9.8291e-01	9.9763e-01	2.3672e-03	5.0505e-15	2.3977e-15	5.4433e-04	8.7244e-01	1.2701e-01	1.7895e-07	2.0339e-02	9.7961e-01	4.7797e-05	1.1755e-36	1.1755e-36	1.1755e-36	1.8544e-23	0.00e+00	0.00e+00	6.8186e+00
8.06965e+16	8.2903e+03	6.180e-17	4.6416e+03	4.5563e+03	8.6810e-14	2.0183e-02	9.7982e-01	9.9883e-01	1.1728e-03	2.2557e-15	3.4691e-15	5.5478e-04	8.8174e-01	1.1770e-01	1.1755e-36	2.4128e-02	9.7585e-01	1.9432e-05	1.1755e-36	1.1755e-36	1.1755e-36	3.2281e-23	0.00e+00	0.00e+00	7.2100e+00
8.13179e+16	8.2940e+03	6.291e-17	4.6416e+03	4.5385e+03	1.1770e-13	2.3439e-02	9.7656e-01	9.9926e-01	7.3568e-04	1.3038e-15	4.7524e-15	5.6232e-04	8.8980e-01	1.0964e-01	1.1755e-36	2.8116e-02	9.7187e-01	9.6409e-06	1.1755e-36	1.1755e-36	1.1755e-36	5.1307e-23	0.00e+00	0.00e+00	7.6091e+00
8.18784e+16	8.2894e+03	6.396e-17	4.6416e+03	4.5206e+03	1.6491e-13	2.7279e-02	9.7272e-01	9.9950e-01	4.9591e-04	8.1649e-16	6.7033e-15	5.6957e-04	8.9769e-01	1.0174e-01	1.1755e-36	3.2819e-02	9.6718e-01	5.1195e-06	1.1755e-36	1.1755e-36	1.1755e-36	8.6317e-23	0.00e+00	0.00e+00	8.0409e+00
8.23957e+16	8.2773e+03	6.498e-17	4.6416e+03	4.5018e+03	2.3838e-13	3.1978e-02	9.6802e-01	9.9965e-01	3.4683e-04	5.3385e-16	9.7228e-15	5.7649e-04	9.0563e-01	9.3793e-02	1.1755e-36	3.8571e-02	9.6143e-01	2.8373e-06	1.1755e-36	1.1755e-36	1.1755e-36	1.5246e-22	0.00e+00	0.00e+00	8.5045e+00
8.28584e+16	8.2598e+03	6.578e-17	4.6416e+03	4.4727e+03	3.4367e-13	3.7541e-02	9.6246e-01	9.9975e-01	2.5115e-04	3.6510e-16	1.3980e-14	5.8150e-04	9.1319e-01	8.6224e-02	1.1755e-36	4.5375e-02	9.5462e-01	1.6593e-06	1.1755e-36	1.1755e-36	1.1755e-36	2.6436e-22	0.00e+00	0.00e+00	8.9783e+00
8.32593e+16	8.2361e+03	6.650e-17	4.6416e+03	4.4469e+03	4.9915e-13	4.4036e-02	9.5596e-01	9.9981e-01	1.8675e-04	2.5829e-16	2.0207e-14	5.8625e-04	9.2039e-01	7.9022e-02	1.1755e-36	5.3303e-02	9.4670e-01	1.0267e-06	1.1755e-36	1.1755e-36	1.1755e-36	4.6396e-22	0.00e+00	0.00e+00	9.4575e+00
8.36060e+16	8.2086e+03	6.697e-17	4.6416e+03	4.4135e+03	7.1922e-13	5.1448e-02	9.4855e-01	9.9986e-01	1.4256e-04	1.8923e-16	2.8855e-14	5.8928e-04	9.2702e-01	7.2391e-02	1.1755e-36	6.2331e-02	9.3767e-01	6.6699e-07	1.1755e-36	1.1755e-36	1.1755e-36	7.9876e-22	0.00e+00	0.00e+00	9.9429e+00
8.39104e+16	8.1736e+03	6.732e-17	4.6416e+03	4.3814e+03	1.0413e-12	6.0107e-02	9.3989e-01	9.9989e-01	1.1049e-04	1.4141e-16	4.1270e-14	5.9218e-04	9.3333e-01	6.6077e-02	1.1755e-36	7.2843e-02	9.2716e-01	4.4776e-07	1.1755e-36	1.1755e-36	1.1755e-36	1.3803e-21	0.00e+00	0.00e+00	1.0448e+01
8.41817e+16	8.1402e+03	6.735e-17	4.6416e+03	4.3394e+03	1.4978e-12	7.0170e-02	9.2983e-01	9.9991e-01	8.6626e-05	1.0764e-16	5.8526e-14	5.9299e-04	9.3923e-01	6.0181e-02	1.1755e-36	8.5016e-02	9.1498e-01	3.0802e-07	1.1755e-36	1.1755e-36	1.1755e-36	2.3501e-21	0.00e+00	0.00e+00	1.0974e+01
8.44241e+16	8.1026e+03	6.692e-17	4.6416e+03	4.2773e+03	2.1474e-12	8.1731e-02	9.1827e-01	9.9993e-01	6.8856e-05	8.3760e-17	8.2134e-14	5.9039e-04	9.4464e-01	5.4771e-02	1.1755e-36	9.8940e-02	9.0106e-01	2.1653e-07	1.1755e-36	1.1755e-36	1.1755e-36	3.9312e-21	0.00e+00	0.00e+00	1.1523e+01
8.46429e+16	8.0587e+03	6.628e-17	4.6416e+03	4.2136e+03	3.1284e-12	9.5471e-02	9.0453e-01	9.9995e-01	5.4968e-05	6.5658e-17	1.1681e-13	5.8737e-04	9.4986e-01	4.9553e-02	1.1755e-36	1.1539e-01	8.8461e-01	1.5397e-07	1.1755e-36	1.1755e-36	1.1755e-36	6.7390e-21	0.00e+00	0.00e+00	1.2107e+01
8.48403e+16	8.0106e+03	6.528e-17	4.6416e+03	4.1396e+03	4.5579e-12	1.1164e-01	8.8836e-01	9.9996e-01	4.4291e-05	5.2224e-17	1.6537e-13	5.8250e-04	9.5479e-01	4.4632e-02	1.1755e-36	1.3463e-01	8.6537e-01	1.1071e-07	1.1755e-36	1.1755e-36	1.1755e-36	1.1447e-20	0.00e+00	0.00e+00	1.2715e+01
8.50157e+16	7.9582e+03	6.388e-17	4.6416e+03	4.0540e+03	6.6106e-12	1.3030e-01	8.6970e-01	9.9996e-01	3.6199e-05	4.2375e-17	2.3188e-13	5.7554e-04	9.5934e-01	4.0087e-02	1.1755e-36	1.5665e-01	8.4335e-01	8.0701e-08	1.1755e-36	1.1755e-36	1.1755e-36	1.9134e-20	0.00e+00	0.00e+00	1.3345e+01
8.51721e+16	7.8995e+03	6.206e-17	4.6416e+03	3.9562e+03	9.5610e-12	1.5170e-01	8.4830e-01	9.9997e-01	2.9986e-05	3.5041e-17	3.2219e-13	5.6643e-04	9.6353e-01	3.5902e-02	1.1755e-36	1.8169e-01	8.1831e-01	5.9477e-08	1.1755e-36	1.1755e-36	1.1755e-36	3.1511e-20	0.00e+00	0.00e+00	1.4003e+01
8.53136e+16	7.8360e+03	5.965e-17	4.6416e+03	3.8353e+03	1.3782e-11	1.7602e-01	8.2398e-01	9.9997e-01	2.5160e-05	2.9588e-17	4.4234e-13	5.5366e-04	9.6735e-01	3.2094e-02	1.1755e-36	2.0983e-01	7.9017e-01	4.4177e-08	1.1755e-36	1.1755e-36	1.1755e-36	5.0897e-20	0.00e+00	0.00e+00	1.4700e+01
8.54444e+16	7.7689e+03	5.670e-17	4.6416e+03	3.6974e+03	1.9937e-11	2.0422e-01	7.9578e-01	9.9998e-01	2.1219e-05	2.5280e-17	6.0585e-13	5.3814e-04	9.7094e-01	2.8525e-02	1.1755e-36	2.4206e-01	7.5794e-01	3.2790e-08	1.1755e-36	1.1755e-36	1.1755e-36	8.1948e-20	0.00e+00	0.00e+00	1.5456e+01
8.55667e+16	7.6679e+03	5.332e-17	4.6416e+03	3.5423e+03	2.9745e-11	2.3779e-01	7.6221e-01	9.9998e-01	1.8019e-05	2.1843e-17	8.3641e-13	5.2016e-04	9.7440e-01	2.5082e-02	1.1755e-36	2.7991e-01	7.2009e-01	2.4174e-08	1.1755e-36	1.1755e-36	1.1755e-36	1.3344e-19	0.00e+00	0.00e+00	1.6281e+01
8.56799e+16	7.5581e+03	4.932e-17	4.6416e+03	3.3640e+03	4.4605e-11	2.7617e-01	7.2383e-01	9.9998e-01	1.5440e-05	1.9222e-17	1.1466e-12	4.9842e-04	9.7759e-01	2.1915e-02	1.1755e-36	3.2247e-01	6.7753e-01	1.7793e-08	1.1755e-36	1.1755e-36	1.1755e-36	2.1509e-19	0.00e+00	0.00e+00	1.7155e+01
8.57747e+16	7.4416e+03	4.531e-17	4.6416e+03	3.1834e+03	6.4892e-11	3.1504e-01	6.8496e-01	9.9999e-01	1.3469e-05	1.7322e-17	1.5119e-12	4.7564e-04	9.8023e-01	1.9294e-02	1.1755e-36	3.6483e-01	6.3517e-01	1.3509e-08	1.1755e-36	1.1755e-36	1.1755e-36	3.2679e-19	0.00e+00	0.00e+00	1.7908e+01
8.58442e+16	7.3366e+03	4.196e-17	4.6416e+03	3.0310e+03	8.7562e-11	3.4811e-01	6.5189e-01	9.9999e-01	1.2260e-05	1.6260e-17	1.8634e-12	4.5600e-04	9.8215e-01	1.7395e-02	1.1755e-36	4.0026e-01	5.9974e-01	1.0892e-08	1.1755e-36	1.1755e-36	1.1755e-36	4.4810e-19	0.00e+00	0.00e+00	1.8494e+01
8.58958e+16	7.2451e+03	3.923e-17	4.6416e+03	2.9046e+03	1.1094e-10	3.7514e-01	6.2486e-01	9.9999e-01	1.1544e-05	1.5738e-17	2.1772e-12	4.3944e-04	9.8355e-01	1.6015e-02	1.1755e-36	4.2884e-01	5.7116e-01	9.2086e-09	1.1755e-36	1.1755e-36	1.1755e-36	5.6638e-19	0.00e+00	0.00e+00	1.8996e+01
8.59396e+16	7.1566e+03	3.677e-17	4.6416e+03	2.7893e+03	1.3720e-10	3.9994e-01	6.0006e-01	9.9999e-01	1.0965e-05	1.5353e-17	2.4868e-12	4.2417e-04	9.8471e-01	1.4861e-02	1.1755e-36	4.5477e-01	5.4523e-01	7.9319e-09	1.1755e-36	1.1755e-36	1.1755e-36	6.9146e-19	0.00e+00	0.00e+00	1.9489e+01
8.59810e+16	7.0632e+03	3.436e-17	4.6416e+03	2.6737e+03	1.6929e-10	4.2481e-01	5.7519e-01	9.9999e-01	1.0426e-05	1.5014e-17	2.8172e-12	4.0871e-04	9.8579e-01	1.3796e-02	1.1755e-36	4.8049e-01	5.1951e-01	6.8574e-09	1.1755e-36	1.1755e-36	1.1755e-36	8.3334e-19	0.00e+00	0.00e+00	1.9995e+01
8.60201e+16	6.9652e+03	3.201e-17	4.6416e+03	2.5585e+03	2.0841e-10	4.4958e-01	5.5042e-01	9.9999e-01	9.9362e-06	1.4741e-17	3.1653e-12	3.9317e-04	9.8679e-01	1.2816e-02	1.1755e-36	5.0580e-01	4.9420e-01	5.9537e-09	1.1755e-36	1.1755e-36	1.1755e-36	9.9124e-19	0.00e+00	0.00e+00	2.0491e+01
8.60556e+16	6.8673e+03	2.984e-17	4.6416e+03	2.4494e+03	2.5382e-10	4.7304e-01	5.2696e-01	9.9999e-01	9.5312e-06	1.4566e-17	3.5118e-12	3.7832e-04	9.8767e-01	1.1949e-02	1.1755e-36	5.2953e-01	4.7047e-01	5.2211e-09	1.1755e-36	1.1755e-36	1.1755e-36	1.1562e-18	0.00e+00	0.00e+00	2.0954e+01
8.60873e+16	6.7715e+03	2.788e-17	4.6416e+03	2.3483e+03	3.0511e-10	4.9477e-01	5.0523e-01	9.9999e-01	9.2085e-06	1.4485e-17	3.8468e-12	3.6447e-04	9.8844e-01	1.1195e-02	1.1755e-36	5.5130e-01	4.4870e-01	4.6302e-09	1.1755e-36	1.1755e-36	1.1755e-36	1.3221e-18	0.00e+00	0.00e+00	2.1389e+01
8.61163e+16	6.6764e+03	2.608e-17	4.6416e+03	2.2533e+03	3.6362e-10	5.1522e-01	4.8478e-01	9.9999e-01	8.9385e-06	1.4465e-17	4.1733e-12	3.5135e-04	9.8913e-01	1.0522e-02	1.1755e-36	5.7160e-01	4.2840e-01	4.1387e-09	1.1755e-36	1.1755e-36	1.1755e-36	1.4894e-18	0.00e+00	0.00e+00	2.1811e+01
8.61435e+16	6.5802e+03	2.440e-17	4.6416e+03	2.1619e+03	4.3167e-10	5.3487e-01	4.6513e-01	9.9999e-01	8.6989e-06	1.4483e-17	4.4966e-12	3.3867e-04	9.8975e-01	9.9073e-03	1.1755e-36	5.9092e-01	4.0908e-01	3.7175e-09	1.1755e-36	1.1755e-36	1.1755e-36	1.6597e-18	0.00e+00	0.00e+00	2.2225e+01
8.61654e+16	6.5002e+03	2.310e-17	4.6416e+03	2.0894e+03	4.9605e-10	5.5049e-01	4.4951e-01	9.9999e-01	8.4688e-06	1.4436e-17	4.7601e-12	3.2856e-04	9.9024e-01	9.4352e-03	1.1755e-36	6.0619e-01	3.9381e-01	3.4156e-09	1.1755e-36	1.1755e-36	1.1755e-36	1.8017e-18	0.00e+00	0.00e+00	2.2507e+01
8.61813e+16	6.4303e+03	2.216e-17	4.6416e+03	2.0376e+03	5.5601e-10	5.6266e-01	4.3734e-01	9.9999e-01	8.3739e-06	1.4505e-17	4.9784e-12	3.2145e-04	9.9060e-01	9.0798e-03	1.1755e-36	6.1799e-01	3.8201e-01	3.2011e-09	1.1755e-36	1.1755e-36	1.1755e-36	1.9229e-18	0.00e+00	0.00e+00	2.2743e+01
8.61959e+16	6.3788e+03	2.125e-17	4.6416e+03	1.9839e+03	6.0947e-10	5.7309e-01	4.2691e-01	9.9999e-01	8.3051e-06	1.4671e-17	5.1482e-12	3.1370e-04	9.9090e-01	8.7855e-03	1.1755e-36	6.2804e-01	3.7196e-01	3.0194e-09	1.1755e-36	1.1755e-36	1.1755e-36	2.0149e-18	0.00e+00	0.00e+00	2.2992e+01
8.62122e+16	6.3050e+03	2.025e-17	4.6416e+03	1.9256e+03	6.8761e-10	5.8572e-01	4.1428e-01	9.9999e-01	8.1923e-06	1.4766e-17	5.3712e-12	3.0556e-04	9.9126e-01	8.4365e-03	1.1755e-36	6.4020e-01	3.5980e-01	2.8168e-09	1.1755e-36	1.1755e-36	1.1755e-36	2.1395e-18	0.00e+00	0.00e+00	2.3299e+01
8.62300e+16	6.2257e+03	1.920e-17	4.6416e+03	1.8630e+03	7.8285e-10	5.9920e-01	4.0080e-01	9.9999e-01	8.0444e-06	1.4830e-17	5.6106e-12	2.9669e-04	9.9163e-01	8.0743e-03	1.1755e-36	6.5306e-01	3.4694e-01	2.6156e-09	1.1755e-36	1.1755e-36	1.1755e-36	2.2750e-18	0.00e+00	0.00e+00	2.3609e+01
8.62470e+16	6.1465e+03	1.822e-17	4.6416e+03	1.8033e+03	8.8935e-10	6.1204e-01	3.8796e-01	9.9999e-01	7.9246e-06	1.4936e-17	5.8414e-12	2.8822e-04	9.9197e-01	7.7375e-03	1.1755e-36	6.6526e-01	3.3474e-01	2.4363e-09	1.1755e-36	1.1755e-36	1.1755e-36	2.4067e-18	0.00e+00	0.00e+00	2.3901e+01
8.62629e+16	6.0685e+03	1.732e-17	4.6416e+03	1.7470e+03	1.0070e-09	6.2415e-01	3.7585e-01	9.9999e-01	7.8296e-06	1.5076e-17	6.0612e-12	2.8022e-04	9.9229e-01	7.4280e-03	1.1755e-36	6.7670e-01	3.2330e-01	2.2775e-09	1.1755e-36	1.1755e-36	1.1755e-36	2.5334e-18	0.00e+00	0.00e+00	2.4186e+01
8.62784e+16	5.9890e+03	1.646e-17	4.6416e+03	1.6918e+03	1.1416e-09	6.3603e-01	3.6397e-01	9.9999e-01	7.7414e-06	1.5232e-17	6.2785e-12	2.7232e-04	9.9260e-01	7.1320e-03	1.1755e-36	6.8786e-01	3.1214e-01	2.1306e-09	1.1755e-36	1.1755e-36	1.1755e-36	2.6597e-18	0.00e+00	0.00e+00	2.4475e+01
8.62940e+16	5.9067e+03	1.561e-17	4.6416e+03	1.6364e+03	1.2994e-09	6.4792e-01	3.5208e-01	9.9999e-01	7.6534e-06	1.5399e-17	6.4975e-12	2.6437e-04	9.9289e-01	6.8426e-03	1.1755e-36	6.9898e-01	3.0102e-01	1.9918e-09	1.1755e-36	1.1755e-36	1.1755e-36	2.7882e-18	0.00e+00	0.00e+00	2.4772e+01
8.63096e+16	5.8209e+03	1.478e-17	4.6416e+03	1.5812e+03	1.4856e-09	6.5975e-01	3.4025e-01	9.9999e-01	7.5677e-06	1.5578e-17	6.7177e-12	2.5644e-04	9.9318e-01	6.5609e-03	1.1755e-36	7.0999e-01	2.9001e-01	1.8615e-09	1.1755e-36	1.1755e-36	1.1755e-36	2.9191e-18	0.00e+00	0.00e+00	2.5072e+01
8.63250e+16	5.7330e+03	1.399e-17	4.6416e+03	1.5271e+03	1.7034e-09	6.7137e-01	3.2863e-01	9.9999e-01	7.4880e-06	1.5773e-17	6.9367e-12	2.4864e-04	9.9346e-01	6.2904e-03	1.1755e-36	7.2075e-01	2.7925e-01	1.7406e-09	1.1755e-36	1.1755e-36	1.1755e-36	3.0513e-18	0.00e+00	0.00e+00	2.5372e+01
8.63401e+16	5.6391e+03	1.324e-17	4.6416e+03	1.4749e+03	1.9681e-09	6.8297e-01	3.1703e-01	9.9999e-01	7.4068e-06	1.5952e-17	7.1664e-12	2.4119e-04	9.9373e-01	6.0270e-03	1.1755e-36	7.3143e-01	2.6857e-01	1.6276e-09	1.1755e-36	1.1755e-36	1.1755e-36	3.1953e-18	0.00e+00	0.00e+00	2.5672e+01
8.63548e+16	5.5479e+03	1.252e-17	4.6416e+03	1.4238e+03	2.2668e-09	6.9398e-01	3.0602e-01	9.9999e-01	7.3364e-06	1.6166e-17	7.3827e-12	2.3379e-04	9.9398e-01	5.7816e-03	1.1755e-36	7.4153e-01	2.5847e-01	1.5249e-09	1.1755e-36	1.1755e-36	1.1755e-36	3.3331e-18	0.00e+00	0.00e+00	2.5966e+01
8.63693e+16	5.4546e+03	1.184e-17	4.6416e+03	1.3738e+03	2.6194e-09	7.0477e-01	2.9523e-01	9.9999e-01	7.2743e-06	1.6401e-17	7.6006e-12	2.2655e-04	9.9423e-01	5.5466e-03	1.1755e-36	7.5137e-01	2.4863e-01	1.4294e-09	1.1755e-36	1.1755e-36	1.1755e-36	3.4772e-18	0.00e+00	0.00e+00	2.6265e+01
8.63838e+16	5.3581e+03	1.118e-17	4.6416e+03	1.3243e+03	3.0426e-09	7.1545e-01	2.8455e-01	9.9999e-01	7.2122e-06	1.6645e-17	7.8244e-12	2.1936e-04	9.9446e-01	5.3187e-03	1.1755e-36	7.6107e-01	2.3893e-01	1.3395e-09	1.1755e-36	1.1755e-36	1.1755e-36	3.6324e-18	0.00e+00	0.00e+00	2.6569e+01
8.63982e+16	5.2588e+03	1.055e-17	4.6416e+03	1.2756e+03	3.5504e-09	7.2596e-01	2.7404e-01	9.9999e-01	7.1527e-06	1.6901e-17	8.0560e-12	2.1229e-04	9.9469e-01	5.0990e-03	1.1755e-36	7.7058e-01	2.2942e-01	1.2553e-09	1.1755e-36	1.1755e-36	1.1755e-36	3.8029e-18	0.00e+00	0.00e+00	2.6873e+01
8.64123e+16	5.1549e+03	9.948e-18	4.6416e+03	1.2278e+03	4.1703e-09	7.3620e-01	2.6380e-01	9.9999e-01	7.0976e-06	1.7171e-17	8.2962e-12	2.0537e-04	9.9490e-01	4.8897e-03	1.1755e-36	7.7980e-01	2.2020e-01	1.1774e-09	1.1755e-36	1.1755e-36	1.1755e-36	3.9920e-18	0.00e+00	0.00e+00	2.7176e+01
8.64263e+16	5.0515e+03	9.380e-18	4.6416e+03	1.1816e+03	4.8995e-09	7.4614e-01	2.5386e-01	9.9999e-01	7.0469e-06	1.7453e-17	8.5501e-12	1.9866e-04	9.9511e-01	4.6903e-03	1.1755e-36	7.8872e-01	2.1128e-01	1.1049e-09	1.1755e-36	1.1755e-36	1.1755e-36	4.2085e-18	0.00e+00	0.00e+00	2.7479e+01
8.64401e+16	4.9446e+03	8.842e-18	4.6416e+03	1.1366e+03	5.7778e-09	7.5586e-01	2.4414e-01	9.9999e-01	6.9986e-06	1.7742e-17	8.8150e-12	1.9214e-04	9.9532e-01	4.4901e-03	1.1755e-36	7.9741e-01	2.0259e-01	1.0372e-09	1.1755e-36	1.1755e-36	1.1755e-36	4.4421e-18	0.00e+00	0.00e+00	2.7783e+01
8.64537e+16	4.8400e+03	8.327e-18	4.6416e+03	1.0920e+03	6.7811e-09	7.6509e-01	2.3491e-01	9.9999e-01	6.9630e-06	1.8091e-17	9.0597e-12	1.8558e-04	9.9552e-01	4.2943e-03	1.1755e-36	8.0562e-01	1.9438e-01	9.7519e-10	1.1755e-36	1.1755e-36	1.1755e-36	4.6620e-18	0.00e+00	0.00e+00	2.8086e+01
8.64671e+16	4.7288e+03	7.846e-18	4.6416e+03	1.0495e+03	8.0242e-09	7.7426e-01	2.2574e-01	9.9999e-01	6.9195e-06	1.8396e-17	9.3321e-12	1.7945e-04	9.9572e-01	4.1023e-03	1.1755e-36	8.1376e-01	1.8624e-01	9.1673e-10	1.1755e-36	1.1755e-36	1.1755e-36	4.9297e-18	0.00e+00	0.00e+00	2.8386e+01
8.64802e+16	4.6159e+03	7.392e-18	4.6416e+03	1.0082e+03	9.4956e-09	7.8314e-01	2.1686e-01	9.9999e-01	6.8806e-06	1.8716e-17	9.6111e-12	1.7352e-04	9.9591e-01	3.9188e-03	1.1755e-36	8.2161e-01	1.7839e-01	8.6239e-10	1.1755e-36	1.1755e-36	1.1755e-36	5.2273e-18	0.00e+00	0.00e+00	2.8687e+01
8.64932e+16	4.5021e+03	6.966e-18	4.6416e+03	9.6840e+02	1.1211e-08	7.9171e-01	2.0829e-01	9.9999e-01	6.8425e-06	1.9038e-17	9.8950e-12	1.6782e-04	9.9609e-01	3.7436e-03	1.1755e-36	8.2915e-01	1.7085e-01	8.1194e-10	1.1755e-36	1.1755e-36	1.1755e-36	5.5556e-18	0.00e+00	0.00e+00	2.8984e+01
8.65038e+16	4.4059e+03	6.650e-18	4.6416e+03	9.3853e+02	1.2845e-08	7.9853e-01	2.0147e-01	9.9999e-01	6.7816e-06	1.9176e-17	1.0147e-11	1.6367e-04	9.9623e-01	3.6043e-03	1.1755e-36	8.3515e-01	1.6485e-01	7.7388e-10	1.1755e-36	1.1755e-36	1.1755e-36	5.8680e-18	0.00e+00	0.00e+00	2.9179e+01
8.65112e+16	4.3427e+03	6.426e-18	4.6416e+03	9.1689e+02	1.4010e-08	8.0314e-01	1.9686e-01	9.9999e-01	6.7820e-06	1.9431e-17	1.0303e-11	1.6055e-04	9.9633e-01	3.5111e-03	1.1755e-36	8.3917e-01	1.6083e-01	7.4815e-10	1.1755e-36	1.1755e-36	1.1755e-36	6.0704e-18	0.00e+00	0.00e+00	2.9334e+01
8.65185e+16	4.2687e+03	6.205e-18	4.6416e+03	8.9470e+02	1.5442e-08	8.0797e-01	1.9203e-01	9.9999e-01	6.7758e-06	1.9657e-17	1.0479e-11	1.5747e-04	9.9643e-01	3.4158e-03	1.1755e-36	8.4341e-01	1.5659e-01	7.2216e-10	1.1755e-36	1.1755e-36	1.1755e-36	6.3098e-18	0.00e+00	0.00e+00	2.9521e+01
8.65267e+16	4.1909e+03	5.963e-18	4.6416e+03	8.7032e+02	1.7034e-08	8.1317e-01	1.8683e-01	9.9999e-01	6.7505e-06	1.9874e-17	1.0657e-11	1.5405e-04	9.9653e-01	3.3132e-03	1.1755e-36	8.4795e-01	1.5205e-01	6.9436e-10	1.1755e-36	1.1755e-36	1.1755e-36	6.5590e-18	0.00e+00	0.00e+00	2.9724e+01
8.65355e+16	4.1094e+03	5.710e-18	4.6416e+03	8.4409e+02	1.8748e-08	8.1852e-01	1.8148e-01	9.9999e-01	6.7369e-06	2.0171e-17	1.0819e-11	1.5031e-04	9.9664e-01	3.2081e-03	1.1755e-36	8.5261e-01	1.4739e-01	6.6618e-10	1.1755e-36	1.1755e-36	1.1755e-36	6.7929e-18	0.00e+00	0.00e+00	2.9943e+01
8.65450e+16	4.0139e+03	5.447e-18	4.6416e+03	8.1651e+02	2.0793e-08	8.2446e-01	1.7554e-01	9.9999e-01	6.7135e-06	2.0443e-17	1.0998e-11	1.4651e-04	9.9676e-01	3.0932e-03	1.1755e-36	8.5777e-01	1.4223e-01	6.3606e-10	1.1755e-36	1.1755e-36	1.1755e-36	7.0559e-18	0.00e+00	0.00e+00	3.0184e+01
8.65551e+16	3.9127e+03	5.183e-18	4.6416e+03	7.8814e+02	2.2917e-08	8.3056e-01	1.6944e-01	9.9999e-01	6.6856e-06	2.0721e-17	1.1150e-11	1.4264e-04	9.9688e-01	2.9761e-03	1.1755e-36	8.6306e-01	1.3694e-01	6.0596e-10	1.1755e-36	1.1755e-36	1.1755e-36	7.2771e-18	0.00e+00	0.00e+00	3.0431e+01
###########################
1.18957e+12	7.9546e+03	6.181e-17	4.6416e+03	5.0403e+03	4.4741e-16	1.1307e-03	9.9887e-01	6.0967e-03	9.8860e-01	5.2987e-03	4.7002e-19	3.4152e-05	1.0239e-01	8.9527e-01	2.3012e-03	2.9086e-04	2.9075e-01	7.0746e-01	1.4976e-03	1.1755e-36	1.1755e-36	3.2227e-27	0.00e+00	0.00e+00	7.8832e-05
7.13743e+12	7.9538e+03	6.180e-17	4.6416e+03	5.0399e+03	4.4503e-16	1.1305e-03	9.9887e-01	6.0966e-03	9.8861e-01	5.2952e-03	4.6691e-19	3.4228e-05	1.0239e-01	8.9528e-01	2.3042e-03	2.9071e-04	2.9065e-01	7.0757e-01	1.4925e-03	1.1755e-36	1.1755e-36	3.1817e-27	0.00e+00	0.00e+00	3.9410e-04
3.09288e+13	7.9520e+03	6.177e-17	4.6416e+03	5.0398e+03	4.3084e-16	1.1300e-03	9.9887e-01	6.0972e-03	9.8864e-01	5.2632e-03	4.5105e-19	3.4183e-05	1.0237e-01	8.9530e-01	2.2990e-03	2.9056e-04	2.9062e-01	7.0761e-01	1.4711e-03	1.1755e-36	1.1755e-36	2.9699e-27	0.00e+00	0.00e+00	1.6546e-03
1.26095e+14	7.9459e+03	6.166e-17	4.6416e+03	5.0397e+03	4.2700e-16	1.1292e-03	9.9887e-01	6.1042e-03	9.8880e-01	5.0915e-03	4.4623e-19	3.4165e-05	1.0244e-01	8.9525e-01	2.2809e-03	2.9072e-04	2.9083e-01	7.0749e-01	1.3882e-03	1.1755e-36	1.1755e-36	2.9012e-27	0.00e+00	0.00e+00	6.6932e-03
3.01199e+14	7.9304e+03	6.127e-17	4.6416e+03	5.0397e+03	4.2206e-16	1.1219e-03	9.9888e-01	6.0963e-03	9.8890e-01	5.0016e-03	4.3650e-19	3.3924e-05	1.0234e-01	8.9536e-01	2.2673e-03	2.8891e-04	2.9064e-01	7.0780e-01	1.2785e-03	1.1755e-36	1.1755e-36	2.8004e-27	0.00e+00	0.00e+00	1.3201e-02
5.28836e+14	7.9116e+03	6.085e-17	4.6416e+03	5.0396e+03	4.1860e-16	1.1152e-03	9.9888e-01	6.0943e-03	9.8918e-01	4.7302e-03	4.2852e-19	3.3780e-05	1.0232e-01	8.9540e-01	2.2387e-03	2.8766e-04	2.9075e-01	7.0782e-01	1.1441e-03	1.1755e-36	1.1755e-36	2.7124e-27	0.00e+00	0.00e+00	2.1611e-02
8.24763e+14	7.8872e+03	6.040e-17	4.6416e+03	5.0395e+03	4.1680e-16	1.1088e-03	9.9889e-01	6.0982e-03	9.8962e-01	4.2849e-03	4.2185e-19	3.3693e-05	1.0240e-01	8.9537e-01	2.1954e-03	2.8691e-04	2.9122e-01	7.0750e-01	9.8627e-04	1.1755e-36	1.1755e-36	2.6328e-27	0.00e+00	0.00e+00	3.2480e-02
1.20947e+15	7.8652e+03	5.984e-17	4.6416e+03	5.0393e+03	4.1385e-16	1.1016e-03	9.9890e-01	6.1043e-03	9.9022e-01	3.6757e-03	4.1519e-19	3.3605e-05	1.0249e-01	8.9534e-01	2.1393e-03	2.8644e-04	2.9201e-01	7.0689e-01	8.0987e-04	1.1755e-36	1.1755e-36	2.5533e-27	0.00e+00	0.00e+00	4.6519e-02
1.70959e+15	7.8343e+03	5.923e-17	4.6416e+03	5.0391e+03	4.1272e-16	1.0951e-03	9.9890e-01	6.1197e-03	9.9095e-01	2.9338e-03	4.0973e-19	3.3577e-05	1.0272e-01	8.9518e-01	2.0691e-03	2.8692e-04	2.9347e-01	7.0562e-01	6.2362e-04	1.1755e-36	1.1755e-36	2.4751e-27	0.00e+00	0.00e+00	6.4662e-02
2.35974e+15	7.8032e+03	5.850e-17	4.6416e+03	5.0388e+03	4.1170e-16	1.0884e-03	9.9891e-01	6.1418e-03	9.9172e-01	2.1361e-03	4.0571e-19	3.3592e-05	1.0305e-01	8.9493e-01	1.9908e-03	2.8825e-04	2.9560e-01	7.0366e-01	4.4212e-04	1.1755e-36	1.1755e-36	2.4060e-27	0.00e+00	0.00e+00	8.8102e-02
3.20494e+15	7.7642e+03	5.769e-17	4.6416e+03	5.0385e+03	4.1159e-16	1.0828e-03	9.9892e-01	6.1774e-03	9.9244e-01	1.3836e-03	4.0285e-19	3.3709e-05	1.0363e-01	8.9443e-01	1.9080e-03	2.9102e-04	2.9869e-01	7.0074e-01	2.8191e-04	1.1755e-36	1.1755e-36	2.3305e-27	0.00e+00	0.00e+00	1.1842e-01
4.30369e+15	7.7234e+03	5.676e-17	4.6416e+03	5.0382e+03	4.1335e-16	1.0784e-03	9.9892e-01	6.2280e-03	9.9300e-01	7.7591e-04	4.0354e-19	3.3940e-05	1.0446e-01	8.9368e-01	1.8268e-03	2.9537e-04	3.0274e-01	6.9680e-01	1.5738e-04	1.1755e-36	1.1755e-36	2.2779e-27	0.00e+00	0.00e+00	1.5767e-01
5.73208e+15	7.6763e+03	5.576e-17	4.6416e+03	5.0380e+03	4.1727e-16	1.0766e-03	9.9892e-01	6.3037e-03	9.9333e-01	3.6493e-04	4.0767e-19	3.4358e-05	1.0571e-01	8.9251e-01	1.7474e-03	3.0206e-04	3.0804e-01	6.9158e-01	7.4521e-05	1.1755e-36	1.1755e-36	2.2341e-27	0.00e+00	0.00e+00	2.0861e-01
7.58898e+15	7.6276e+03	5.466e-17	4.6416e+03	5.0378e+03	4.2329e-16	1.0789e-03	9.9892e-01	6.4146e-03	9.9345e-01	1.3914e-04	4.1706e-19	3.5043e-05	1.0751e-01	8.9079e-01	1.6673e-03	3.1192e-04	3.1487e-01	6.8479e-01	2.8936e-05	1.1755e-36	1.1755e-36	2.2084e-27	0.00e+00	0.00e+00	2.7498e-01
1.00029e+16	7.5761e+03	5.352e-17	4.6416e+03	5.0376e+03	4.3352e-16	1.0882e-03	9.9891e-01	6.5814e-03	9.9338e-01	4.1542e-05	4.3541e-19	3.6146e-05	1.1016e-01	8.8822e-01	1.5794e-03	3.2681e-04	3.2392e-01	6.7574e-01	8.9301e-06	1.1755e-36	1.1755e-36	2.2153e-27	0.00e+00	0.00e+00	3.6200e-01
1.31411e+16	7.5277e+03	5.235e-17	4.6416e+03	5.0374e+03	4.5135e-16	1.1082e-03	9.9889e-01	6.8340e-03	9.9316e-01	9.4691e-06	4.7117e-19	3.7889e-05	1.1408e-01	8.8441e-01	1.4767e-03	3.4948e-04	3.3619e-01	6.6345e-01	2.1696e-06	1.1755e-36	1.1755e-36	2.3025e-27	0.00e+00	0.00e+00	4.7721e-01
1.72207e+16	7.4838e+03	5.122e-17	4.6416e+03	5.0371e+03	4.8013e-16	1.1462e-03	9.9885e-01	7.2286e-03	9.9277e-01	1.6533e-06	5.3611e-19	4.0690e-05	1.2002e-01	8.7859e-01	1.3519e-03	3.8530e-04	3.5339e-01	6.4623e-01	4.4909e-07	1.1755e-36	1.1755e-36	2.5031e-27	0.00e+00	0.00e+00	6.3211e-01
2.25242e+16	7.4520e+03	5.024e-17	4.6416e+03	5.0363e+03	5.3317e-16	1.2148e-03	9.9879e-01	7.8618e-03	9.9214e-01	2.3252e-07	6.6725e-19	4.5342e-05	1.2934e-01	8.6941e-01	1.1994e-03	4.4448e-04	3.7828e-01	6.2127e-01	1.1755e-36	1.1755e-36	1.1755e-36	2.9939e-27	0.00e+00	0.00e+00	8.4553e-01
2.94187e+16	7.4471e+03	4.953e-17	4.6416e+03	5.0351e+03	6.2505e-16	1.3378e-03	9.9866e-01	8.9537e-03	9.9105e-01	2.8266e-08	9.4604e-19	5.3365e-05	1.4459e-01	8.5434e-01	1.0151e-03	5.4883e-04	4.1559e-01	5.8386e-01	1.1755e-36	1.1755e-36	1.1755e-36	4.0859e-27	0.00e+00	0.00e+00	1.1511e+00
3.63241e+16	7.4680e+03	4.917e-17	4.6416e+03	5.0337e+03	7.4146e-16	1.4943e-03	9.9851e-01	1.0385e-02	9.8962e-01	4.4800e-09	1.3882e-18	6.3725e-05	1.6357e-01	8.3552e-01	8.4994e-04	6.8918e-04	4.5832e-01	5.4099e-01	1.1755e-36	1.1755e-36	1.1755e-36	5.8243e-27	0.00e+00	0.00e+00	1.4146e+00
4.11489e+16	7.5118e+03	4.934e-17	4.6416e+03	5.0324e+03	8.5629e-16	1.6456e-03	9.9835e-01	1.1800e-02	9.8820e-01	1.5090e-09	1.9347e-18	7.3724e-05	1.8115e-01	8.1803e-01	7.4050e-04	8.2949e-04	4.9437e-01	5.0480e-01	1.1755e-36	1.1755e-36	1.1755e-36	8.0481e-27	0.00e+00	0.00e+00	1.5898e+00
4.44060e+16	7.5564e+03	4.966e-17	4.6416e+03	5.0311e+03	9.6769e-16	1.7790e-03	9.9822e-01	1.3075e-02	9.8692e-01	7.7370e-10	2.5538e-18	8.2660e-05	1.9626e-01	8.0300e-01	6.6573e-04	9.5756e-04	5.2298e-01	4.7606e-01	1.1755e-36	1.1755e-36	1.1755e-36	1.0675e-26	0.00e+00	0.00e+00	1.7400e+00
4.77197e+16	7.6055e+03	5.008e-17	4.6416e+03	5.0295e+03	1.1293e-15	1.9488e-03	9.9805e-01	1.4765e-02	9.8523e-01	3.9873e-10	3.5679e-18	9.4160e-05	2.1519e-01	7.8413e-01	5.8678e-04	1.1271e-03	5.5613e-01	4.4274e-01	1.1755e-36	1.1755e-36	1.1755e-36	1.5105e-26	0.00e+00	0.00e+00	1.9539e+00
5.13471e+16	7.6698e+03	5.070e-17	4.6416e+03	5.0273e+03	1.3585e-15	2.1723e-03	9.9783e-01	1.7128e-02	9.8287e-01	2.0402e-10	5.2992e-18	1.0951e-04	2.3990e-01	7.5949e-01	5.0479e-04	1.3622e-03	5.9608e-01	4.0255e-01	1.1755e-36	1.1755e-36	1.1755e-36	2.2919e-26	0.00e+00	0.00e+00	2.1773e+00
5.44754e+16	7.7358e+03	5.141e-17	4.6416e+03	5.0249e+03	1.6228e-15	2.4146e-03	9.9759e-01	1.9900e-02	9.8010e-01	1.1910e-10	7.7464e-18	1.2639e-04	2.6650e-01	7.3294e-01	4.3500e-04	1.6301e-03	6.3503e-01	3.6334e-01	1.1755e-36	1.1755e-36	1.1755e-36	3.4184e-26	0.00e+00	0.00e+00	2.3717e+00
5.69686e+16	7.7998e+03	5.208e-17	4.6416e+03	5.0232e+03	1.9349e-15	2.6516e-03	9.9735e-01	2.2915e-02	9.7708e-01	7.9122e-11	1.1057e-17	1.4298e-04	2.9240e-01	7.0708e-01	3.7924e-04	1.9038e-03	6.6939e-01	3.2871e-01	1.1755e-36	1.1755e-36	1.1755e-36	5.0783e-26	0.00e+00	0.00e+00	2.5457e+00
5.91323e+16	7.8461e+03	5.275e-17	4.6416e+03	5.0201e+03	2.2959e-15	2.9038e-03	9.9710e-01	2.6320e-02	9.7368e-01	5.5764e-11	1.5426e-17	1.6117e-04	3.1979e-01	6.7972e-01	3.2971e-04	2.2040e-03	7.0179e-01	2.9600e-01	1.1755e-36	1.1755e-36	1.1755e-36	7.2738e-26	0.00e+00	0.00e+00	2.7234e+00
6.11964e+16	7.8942e+03	5.348e-17	4.6416e+03	5.0172e+03	2.7853e-15	3.1908e-03	9.9681e-01	3.0628e-02	9.6937e-01	4.0267e-11	2.2066e-17	1.8174e-04	3.5048e-01	6.4905e-01	2.8284e-04	2.5562e-03	7.3460e-01	2.6284e-01	1.1755e-36	1.1755e-36	1.1755e-36	1.0876e-25	0.00e+00	0.00e+00	2.9142e+00
6.31770e+16	7.9574e+03	5.421e-17	4.6416e+03	5.0143e+03	3.3513e-15	3.5170e-03	9.9648e-01	3.6214e-02	9.6379e-01	2.9770e-11	3.1605e-17	2.0490e-04	3.8510e-01	6.1445e-01	2.3888e-04	2.9693e-03	7.6774e-01	2.2929e-01	1.1755e-36	1.1755e-36	1.1755e-36	1.6196e-25	0.00e+00	0.00e+00	3.1122e+00
6.50087e+16	7.9917e+03	5.507e-17	4.6416e+03	5.0091e+03	4.1688e-15	3.8939e-03	9.9611e-01	4.3392e-02	9.5661e-01	2.2577e-11	4.6037e-17	2.3192e-04	4.2405e-01	5.7552e-01	1.9782e-04	3.4543e-03	8.0011e-01	1.9644e-01	1.1755e-36	1.1755e-36	1.1755e-36	2.4701e-25	0.00e+00	0.00e+00	3.3110e+00
6.66467e+16	8.0507e+03	5.583e-17	4.6416e+03	5.0046e+03	5.0102e-15	4.2901e-03	9.9571e-01	5.2479e-02	9.4752e-01	1.7740e-11	6.5052e-17	2.5964e-04	4.6451e-01	5.3507e-01	1.6250e-04	3.9779e-03	8.2989e-01	1.6613e-01	1.1755e-36	1.1755e-36	1.1755e-36	3.6167e-25	0.00e+00	0.00e+00	3.5039e+00
6.81197e+16	8.0806e+03	5.662e-17	4.6416e+03	4.9960e+03	6.1544e-15	4.7294e-03	9.9527e-01	6.3952e-02	9.3605e-01	1.4179e-11	9.1867e-17	2.8989e-04	5.0744e-01	4.9214e-01	1.3101e-04	4.5631e-03	8.5724e-01	1.3819e-01	1.1755e-36	1.1755e-36	1.1755e-36	5.3123e-25	0.00e+00	0.00e+00	3.6996e+00
6.93102e+16	8.1163e+03	5.734e-17	4.6416e+03	4.9889e+03	7.2859e-15	5.1462e-03	9.9485e-01	7.7497e-02	9.2250e-01	1.1879e-11	1.2297e-16	3.1789e-04	5.4717e-01	4.5240e-01	1.0682e-04	5.1264e-03	8.7968e-01	1.1519e-01	1.1755e-36	1.1755e-36	1.1755e-36	7.3348e-25	0.00e+00	0.00e+00	3.8457e+00
7.01376e+16	8.1426e+03	5.785e-17	4.6416e+03	4.9824e+03	8.2534e-15	5.4789e-03	9.9452e-01	9.0610e-02	9.0939e-01	1.0473e-11	1.5235e-16	3.3988e-04	5.7818e-01	4.2139e-01	9.0390e-05	5.5799e-03	8.9539e-01	9.9030e-02	1.1755e-36	1.1755e-36	1.1755e-36	9.2888e-25	0.00e+00	0.00e+00	3.9559e+00
7.07849e+16	8.1599e+03	5.824e-17	4.6416e+03	4.9757e+03	9.1640e-15	5.7686e-03	9.9423e-01	1.0383e-01	8.9617e-01	9.4189e-12	1.8134e-16	3.5833e-04	6.0420e-01	3.9537e-01	7.7888e-05	5.9758e-03	9.0749e-01	8.6530e-02	1.1755e-36	1.1755e-36	1.1755e-36	1.1253e-24	0.00e+00	0.00e+00	4.0588e+00
7.14844e+16	8.1758e+03	5.864e-17	4.6416e+03	4.9673e+03	1.0346e-14	6.1175e-03	9.9388e-01	1.2227e-01	8.7773e-01	8.3085e-12	2.2070e-16	3.7962e-04	6.3391e-01	3.6565e-01	6.4821e-05	6.4523e-03	9.2020e-01	7.3349e-02	1.1755e-36	1.1755e-36	1.1755e-36	1.3981e-24	0.00e+00	0.00e+00	4.2005e+00
7.22137e+16	8.1976e+03	5.911e-17	4.6416e+03	4.9583e+03	1.1741e-14	6.5170e-03	9.9348e-01	1.4863e-01	8.5137e-01	7.2572e-12	2.7172e-16	4.0274e-04	6.6644e-01	3.3310e-01	5.2351e-05	6.9997e-03	9.3316e-01	5.9835e-02	1.1755e-36	1.1755e-36	1.1755e-36	1.7581e-24	0.00e+00	0.00e+00	4.3281e+00
7.27800e+16	8.2097e+03	5.941e-17	4.6416e+03	4.9434e+03	1.3081e-14	6.8611e-03	9.9314e-01	1.7686e-01	8.2314e-01	6.4417e-12	3.2188e-16	4.2181e-04	6.9324e-01	3.0630e-01	4.3225e-05	7.4729e-03	9.4309e-01	4.9441e-02	1.1755e-36	1.1755e-36	1.1755e-36	2.1190e-24	0.00e+00	0.00e+00	4.4216e+00
7.31959e+16	8.2204e+03	5.962e-17	4.6416e+03	4.9326e+03	1.4162e-14	7.1342e-03	9.9287e-01	2.0431e-01	7.9569e-01	5.8505e-12	3.6542e-16	4.3595e-04	7.1349e-01	2.8604e-01	3.6864e-05	7.8483e-03	9.5016e-01	4.1990e-02	1.1755e-36	1.1755e-36	1.1755e-36	2.4326e-24	0.00e+00	0.00e+00	4.4983e+00
7.35568e+16	8.2285e+03	5.974e-17	4.6416e+03	4.9202e+03	1.5233e-14	7.3876e-03	9.9261e-01	2.3399e-01	7.6601e-01	5.3143e-12	4.0938e-16	4.4834e-04	7.3114e-01	2.6838e-01	3.1651e-05	8.1958e-03	9.5602e-01	3.5781e-02	1.1755e-36	1.1755e-36	1.1755e-36	2.7534e-24	0.00e+00	0.00e+00	4.5751e+00
7.39646e+16	8.2374e+03	5.981e-17	4.6416e+03	4.9044e+03	1.6595e-14	7.6959e-03	9.9230e-01	2.7608e-01	7.2392e-01	4.6866e-12	4.6731e-16	4.6218e-04	7.5086e-01	2.4865e-01	2.6141e-05	8.6159e-03	9.6223e-01	2.9157e-02	1.1755e-36	1.1755e-36	1.1755e-36	3.1806e-24	0.00e+00	0.00e+00	4.6791e+00
7.43874e+16	8.2455e+03	5.984e-17	4.6416e+03	4.8838e+03	1.8170e-14	8.0332e-03	9.9197e-01	3.3279e-01	6.6721e-01	4.0111e-12	5.3672e-16	4.7575e-04	7.7059e-01	2.2891e-01	2.1091e-05	9.0735e-03	9.6821e-01	2.2720e-02	1.1755e-36	1.1755e-36	1.1755e-36	3.6930e-24	0.00e+00	0.00e+00	4.7696e+00
7.47199e+16	8.2488e+03	5.967e-17	4.6416e+03	4.8547e+03	1.9542e-14	8.3033e-03	9.9170e-01	3.8956e-01	6.1044e-01	3.4086e-12	5.9753e-16	4.8501e-04	7.8527e-01	2.1423e-01	1.7519e-05	9.4405e-03	9.7253e-01	1.8028e-02	1.1755e-36	1.1755e-36	1.1755e-36	4.1304e-24	0.00e+00	0.00e+00	4.8379e+00
7.49837e+16	8.2504e+03	5.952e-17	4.6416e+03	4.8340e+03	2.0763e-14	8.5361e-03	9.9146e-01	4.4451e-01	5.5549e-01	2.9561e-12	6.5358e-16	4.9202e-04	7.9640e-01	2.0309e-01	1.4886e-05	9.7527e-03	9.7562e-01	1.4632e-02	1.1755e-36	1.1755e-36	1.1755e-36	4.5333e-24	0.00e+00	0.00e+00	4.8997e+00
7.52676e+16	8.2517e+03	5.925e-17	4.6416e+03	4.8087e+03	2.2253e-14	8.8025e-03	9.9120e-01	5.1180e-01	4.8820e-01	2.4374e-12	7.2259e-16	4.9906e-04	8.0736e-01	1.9213e-01	1.2298e-05	1.0106e-02	9.7847e-01	1.1427e-02	1.1755e-36	1.1755e-36	1.1755e-36	5.0374e-24	0.00e+00	0.00e+00	4.9825e+00
7.55871e+16	8.2471e+03	5.890e-17	4.6416e+03	4.7776e+03	2.4136e-14	9.1182e-03	9.9088e-01	5.9636e-01	4.0364e-01	1.8752e-12	8.0854e-16	5.0561e-04	8.1813e-01	1.8135e-01	9.8079e-06	1.0518e-02	9.8110e-01	8.3849e-03	1.1755e-36	1.1755e-36	1.1755e-36	5.6586e-24	0.00e+00	0.00e+00	5.0674e+00
7.58904e+16	8.2429e+03	5.846e-17	4.6416e+03	4.7433e+03	2.6067e-14	9.4294e-03	9.9057e-01	6.8160e-01	3.1840e-01	1.3807e-12	8.9758e-16	5.1033e-04	8.2673e-01	1.7276e-01	7.7911e-06	1.0921e-02	9.8304e-01	6.0438e-03	1.1755e-36	1.1755e-36	1.1755e-36	6.2996e-24	0.00e+00	0.00e+00	5.1472e+00
7.62224e+16	8.2332e+03	5.798e-17	4.6416e+03	4.7066e+03	2.8520e-14	9.8017e-03	9.9020e-01	7.6976e-01	2.3024e-01	9.2677e-13	1.0061e-15	5.1455e-04	8.3443e-01	1.6505e-01	5.9174e-06	1.1395e-02	9.8448e-01	4.1232e-03	1.1755e-36	1.1755e-36	1.1755e-36	7.1092e-24	0.00e+00	0.00e+00	5.2550e+00
7.66540e+16	8.2268e+03	5.754e-17	4.6416e+03	4.6679e+03	3.1965e-14	1.0332e-02	9.8967e-01	8.6146e-01	1.3854e-01	5.0851e-13	1.1581e-15	5.1925e-04	8.4207e-01	1.5741e-01	4.0572e-06	1.2059e-02	9.8549e-01	2.4512e-03	1.1755e-36	1.1755e-36	1.1755e-36	8.3265e-24	0.00e+00	0.00e+00	5.4028e+00
7.72150e+16	8.2230e+03	5.738e-17	4.6416e+03	4.6317e+03	3.6951e-14	1.1114e-02	9.8889e-01	9.3492e-01	6.5076e-02	2.1385e-13	1.3699e-15	5.2488e-04	8.4945e-01	1.5002e-01	2.4127e-06	1.3027e-02	9.8575e-01	1.2220e-03	1.1755e-36	1.1755e-36	1.1755e-36	1.0199e-23	0.00e+00	0.00e+00	5.6093e+00
7.79444e+16	8.2302e+03	5.772e-17	4.6416e+03	4.6013e+03	4.4075e-14	1.2311e-02	9.8769e-01	9.7632e-01	2.3682e-02	6.8103e-14	1.6679e-15	5.3229e-04	8.5711e-01	1.4236e-01	1.1942e-06	1.4497e-02	9.8501e-01	4.9418e-04	1.1755e-36	1.1755e-36	1.1755e-36	1.3091e-23	0.00e+00	0.00e+00	5.9068e+00
7.88926e+16	8.2482e+03	5.878e-17	4.6416e+03	4.5832e+03	5.5557e-14	1.4283e-02	9.8572e-01	9.9291e-01	7.0858e-03	1.7471e-14	2.1531e-15	5.4363e-04	8.6662e-01	1.3284e-01	4.6662e-07	1.6911e-02	9.8293e-01	1.5694e-04	1.1755e-36	1.1755e-36	1.1755e-36	1.8228e-23	0.00e+00	0.00e+00	6.3555e+00
7.98808e+16	8.2710e+03	6.030e-17	4.6416e+03	4.5687e+03	7.4436e-14	1.7077e-02	9.8292e-01	9.9765e-01	2.3513e-03	5.0331e-15	2.9546e-15	5.5616e-04	8.7681e-01	1.2264e-01	1.7298e-07	2.0328e-02	9.7962e-01	4.8005e-05	1.1755e-36	1.1755e-36	1.1755e-36	2.8042e-23	0.00e+00	0.00e+00	6.8083e+00
8.06637e+16	8.2834e+03	6.171e-17	4.6416e+03	4.5558e+03	1.0186e-13	2.0174e-02	9.7983e-01	9.9884e-01	1.1552e-03	2.2296e-15	4.1109e-15	5.6668e-04	8.8579e-01	1.1364e-01	1.1755e-36	2.4119e-02	9.7586e-01	1.9513e-05	1.1755e-36	1.1755e-36	1.1755e-36	4.5116e-23	0.00e+00	0.00e+00	7.1992e+00
8.12844e+16	8.2876e+03	6.283e-17	4.6416e+03	4.5393e+03	1.3819e-13	2.3435e-02	9.7656e-01	9.9929e-01	7.1443e-04	1.2707e-15	5.6349e-15	5.7509e-04	8.9362e-01	1.0580e-01	1.1755e-36	2.8114e-02	9.7188e-01	9.6831e-06	1.1755e-36	1.1755e-36	1.1755e-36	7.1811e-23	0.00e+00	0.00e+00	7.5978e+00
8.18437e+16	8.2831e+03	6.387e-17	4.6416e+03	4.5207e+03	1.9107e-13	2.7269e-02	9.7273e-01	9.9952e-01	4.7807e-04	7.9016e-16	7.8347e-15	5.8257e-04	9.0125e-01	9.8163e-02	1.1755e-36	3.2809e-02	9.6719e-01	5.1475e-06	1.1755e-36	1.1755e-36	1.1755e-36	1.1743e-22	0.00e+00	0.00e+00	8.0281e+00
8.23598e+16	8.2713e+03	6.489e-17	4.6416e+03	4.5019e+03	2.7072e-13	3.1961e-02	9.6804e-01	9.9967e-01	3.3498e-04	5.1771e-16	1.1125e-14	5.8978e-04	9.0893e-01	9.0481e-02	1.1755e-36	3.8553e-02	9.6144e-01	2.8558e-06	1.1755e-36	1.1755e-36	1.1755e-36	1.9881e-22	0.00e+00	0.00e+00	8.4905e+00
8.28219e+16	8.2541e+03	6.570e-17	4.6416e+03	4.4727e+03	3.8791e-13	3.7521e-02	9.6248e-01	9.9976e-01	2.4112e-04	3.5197e-16	1.5890e-14	5.9504e-04	9.1624e-01	8.3165e-02	1.1755e-36	4.5353e-02	9.5465e-01	1.6706e-06	1.1755e-36	1.1755e-36	1.1755e-36	3.4028e-22	0.00e+00	0.00e+00	8.9638e+00
8.32226e+16	8.2306e+03	6.642e-17	4.6416e+03	4.4469e+03	5.5651e-13	4.4017e-02	9.5598e-01	9.9982e-01	1.8006e-04	2.5008e-16	2.2669e-14	6.0010e-04	9.2320e-01	7.6201e-02	1.1755e-36	5.3283e-02	9.4672e-01	1.0336e-06	1.1755e-36	1.1755e-36	1.1755e-36	5.8178e-22	0.00e+00	0.00e+00	9.4426e+00
8.35689e+16	8.2033e+03	6.689e-17	4.6416e+03	4.4136e+03	7.9293e-13	5.1431e-02	9.4857e-01	9.9986e-01	1.3789e-04	1.8381e-16	3.1986e-14	6.0335e-04	9.2960e-01	6.9794e-02	1.1755e-36	6.2312e-02	9.3769e-01	6.7158e-07	1.1755e-36	1.1755e-36	1.1755e-36	9.7803e-22	0.00e+00	0.00e+00	9.9272e+00
8.38728e+16	8.1686e+03	6.725e-17	4.6416e+03	4.3815e+03	1.1320e-12	6.0085e-02	9.3991e-01	9.9989e-01	1.0749e-04	1.3816e-16	4.5067e-14	6.0618e-04	9.3570e-01	6.3697e-02	1.1755e-36	7.2820e-02	9.2718e-01	4.5100e-07	1.1755e-36	1.1755e-36	1.1755e-36	1.6403e-21	0.00e+00	0.00e+00	1.0431e+01
8.41436e+16	8.1354e+03	6.728e-17	4.6416e+03	4.3395e+03	1.6118e-12	7.0139e-02	9.2986e-01	9.9992e-01	8.4649e-05	1.0565e-16	6.3230e-14	6.0711e-04	9.4139e-01	5.8007e-02	1.1755e-36	8.4982e-02	9.1502e-01	3.1038e-07	1.1755e-36	1.1755e-36	1.1755e-36	2.7343e-21	0.00e+00	0.00e+00	1.0956e+01
8.43856e+16	8.0981e+03	6.685e-17	4.6416e+03	4.2774e+03	2.2890e-12	8.1692e-02	9.1831e-01	9.9993e-01	6.7551e-05	8.2539e-17	8.7837e-14	6.0462e-04	9.4661e-01	5.2786e-02	1.1755e-36	9.8896e-02	9.0110e-01	2.1824e-07	1.1755e-36	1.1755e-36	1.1755e-36	4.4826e-21	0.00e+00	0.00e+00	1.1504e+01
8.46042e+16	8.0543e+03	6.622e-17	4.6416e+03	4.2138e+03	3.2808e-12	9.5428e-02	9.0457e-01	9.9995e-01	5.4310e-05	6.5164e-17	1.2277e-13	6.0163e-04	9.5165e-01	4.7748e-02	1.1755e-36	1.1535e-01	8.8465e-01	1.5520e-07	1.1755e-36	1.1755e-36	1.1755e-36	7.4223e-21	0.00e+00	0.00e+00	1.2087e+01
8.48014e+16	8.0065e+03	6.522e-17	4.6416e+03	4.1398e+03	4.7248e-12	1.1159e-01	8.8841e-01	9.9996e-01	4.3989e-05	5.2102e-17	1.7168e-13	5.9673e-04	9.5640e-01	4.3000e-02	1.1755e-36	1.3458e-01	8.6542e-01	1.1161e-07	1.1755e-36	1.1755e-36	1.1755e-36	1.2301e-20	0.00e+00	0.00e+00	1.2695e+01
8.49766e+16	7.9543e+03	6.382e-17	4.6416e+03	4.0543e+03	6.7973e-12	1.3024e-01	8.6976e-01	9.9996e-01	3.6072e-05	4.2419e-17	2.3866e-13	5.8968e-04	9.6079e-01	3.8618e-02	1.1755e-36	1.5659e-01	8.4341e-01	8.1368e-08	1.1755e-36	1.1755e-36	1.1755e-36	2.0212e-20	0.00e+00	0.00e+00	1.3323e+01
8.51328e+16	7.8958e+03	6.201e-17	4.6416e+03	3.9565e+03	9.7753e-12	1.5164e-01	8.4836e-01	9.9997e-01	2.9945e-05	3.5152e-17	3.2959e-13	5.8040e-04	9.6484e-01	3.4583e-02	1.1755e-36	1.8161e-01	8.1839e-01	5.9977e-08	1.1755e-36	1.1755e-36	1.1755e-36	3.2890e-20	0.00e+00	0.00e+00	1.3980e+01
8.52741e+16	7.8325e+03	5.960e-17	4.6416e+03	3.8356e+03	1.4033e-11	1.7595e-01	8.2405e-01	9.9997e-01	2.5156e-05	2.9721e-17	4.5050e-13	5.6748e-04	9.6852e-01	3.0911e-02	1.1755e-36	2.0975e-01	7.9025e-01	4.4553e-08	1.1755e-36	1.1755e-36	1.1755e-36	5.2669e-20	0.00e+00	0.00e+00	1.4675e+01
8.54047e+16	7.7657e+03	5.666e-17	4.6416e+03	3.6978e+03	2.0234e-11	2.0413e-01	7.9587e-01	9.9998e-01	2.1239e-05	2.5421e-17	6.1491e-13	5.5147e-04	9.7198e-01	2.7468e-02	1.1755e-36	2.4197e-01	7.5803e-01	3.3072e-08	1.1755e-36	1.1755e-36	1.1755e-36	8.4235e-20	0.00e+00	0.00e+00	1.5430e+01
8.55269e+16	7.6648e+03	5.329e-17	4.6416e+03	3.5428e+03	3.0113e-11	2.3769e-01	7.6231e-01	9.9998e-01	1.8048e-05	2.1980e-17	8.4663e-13	5.3308e-04	9.7532e-01	2.4148e-02	1.1755e-36	2.7980e-01	7.2020e-01	2.4385e-08	1.1755e-36	1.1755e-36	1.1755e-36	1.3645e-19	0.00e+00	0.00e+00	1.6254e+01
8.56400e+16	7.5553e+03	4.930e-17	4.6416e+03	3.3645e+03	4.5063e-11	2.7605e-01	7.2395e-01	9.9998e-01	1.5474e-05	1.9354e-17	1.1581e-12	5.1079e-04	9.7839e-01	2.1096e-02	1.1755e-36	3.2235e-01	6.7765e-01	1.7950e-08	1.1755e-36	1.1755e-36	1.1755e-36	2.1905e-19	0.00e+00	0.00e+00	1.7127e+01
8.57346e+16	7.4391e+03	4.529e-17	4.6416e+03	3.1841e+03	6.5445e-11	3.1489e-01	6.8511e-01	9.9999e-01	1.3505e-05	1.7449e-17	1.5244e-12	4.8747e-04	9.8093e-01	1.8583e-02	1.1755e-36	3.6467e-01	6.3533e-01	1.3631e-08	1.1755e-36	1.1755e-36	1.1755e-36	3.3172e-19	0.00e+00	0.00e+00	1.7878e+01
8.58041e+16	7.3343e+03	4.194e-17	4.6416e+03	3.0317e+03	8.8219e-11	3.4794e-01	6.5206e-01	9.9999e-01	1.2295e-05	1.6382e-17	1.8769e-12	4.6734e-04	9.8277e-01	1.6764e-02	1.1755e-36	4.0009e-01	5.9991e-01	1.0991e-08	1.1755e-36	1.1755e-36	1.1755e-36	4.5400e-19	0.00e+00	0.00e+00	1.8464e+01
8.58557e+16	7.2429e+03	3.922e-17	4.6416e+03	2.9053e+03	1.1171e-10	3.7499e-01	6.2501e-01	9.9999e-01	1.1577e-05	1.5857e-17	2.1917e-12	4.5036e-04	9.8411e-01	1.5439e-02	1.1755e-36	4.2870e-01	5.7130e-01	9.2901e-09	1.1755e-36	1.1755e-36	1.1755e-36	5.7320e-19	0.00e+00	0.00e+00	1.8967e+01
8.58996e+16	7.1544e+03	3.676e-17	4.6416e+03	2.7898e+03	1.3812e-10	3.9983e-01	6.0017e-01	9.9999e-01	1.0998e-05	1.5470e-17	2.5023e-12	4.3468e-04	9.8524e-01	1.4326e-02	1.1755e-36	4.5466e-01	5.4534e-01	8.0004e-09	1.1755e-36	1.1755e-36	1.1755e-36	6.9921e-19	0.00e+00	0.00e+00	1.9460e+01
8.59409e+16	7.0610e+03	3.435e-17	4.6416e+03	2.6741e+03	1.7037e-10	4.2472e-01	5.7528e-01	9.9999e-01	1.0458e-05	1.5131e-17	2.8335e-12	4.1883e-04	9.8628e-01	1.3298e-02	1.1755e-36	4.8039e-01	5.1961e-01	6.9160e-09	1.1755e-36	1.1755e-36	1.1755e-36	8.4192e-19	0.00e+00	0.00e+00	1.9966e+01
8.59800e+16	6.9632e+03	3.200e-17	4.6416e+03	2.5590e+03	2.0961e-10	4.4948e-01	5.5052e-01	9.9999e-01	9.9683e-06	1.4858e-17	3.1819e-12	4.0290e-04	9.8724e-01	1.2354e-02	1.1755e-36	5.0571e-01	4.9429e-01	6.0048e-09	1.1755e-36	1.1755e-36	1.1755e-36	1.0004e-18	0.00e+00	0.00e+00	2.0460e+01
8.60155e+16	6.8655e+03	2.983e-17	4.6416e+03	2.4499e+03	2.5514e-10	4.7293e-01	5.2707e-01	9.9999e-01	9.5635e-06	1.4684e-17	3.5285e-12	3.8769e-04	9.8809e-01	1.1521e-02	1.1755e-36	5.2943e-01	4.7057e-01	5.2662e-09	1.1755e-36	1.1755e-36	1.1755e-36	1.1658e-18	0.00e+00	0.00e+00	2.0923e+01
8.60472e+16	6.7697e+03	2.787e-17	4.6416e+03	2.3488e+03	3.0658e-10	4.9466e-01	5.0534e-01	9.9999e-01	9.2405e-06	1.4604e-17	3.8636e-12	3.7349e-04	9.8883e-01	1.0795e-02	1.1755e-36	5.5120e-01	4.4880e-01	4.6701e-09	1.1755e-36	1.1755e-36	1.1755e-36	1.3322e-18	0.00e+00	0.00e+00	2.1358e+01
8.60762e+16	6.6747e+03	2.608e-17	4.6416e+03	2.2537e+03	3.6529e-10	5.1513e-01	4.8487e-01	9.9999e-01	8.9700e-06	1.4584e-17	4.1903e-12	3.6004e-04	9.8949e-01	1.0147e-02	1.1755e-36	5.7151e-01	4.2849e-01	4.1741e-09	1.1755e-36	1.1755e-36	1.1755e-36	1.4999e-18	0.00e+00	0.00e+00	2.1780e+01
8.61033e+16	6.5786e+03	2.439e-17	4.6416e+03	2.1623e+03	4.3354e-10	5.3478e-01	4.6522e-01	9.9999e-01	8.7300e-06	1.4603e-17	4.5137e-12	3.4704e-04	9.9010e-01	9.5544e-03	1.1755e-36	5.9084e-01	4.0916e-01	3.7491e-09	1.1755e-36	1.1755e-36	1.1755e-36	1.6706e-18	0.00e+00	0.00e+00	2.2194e+01
8.61253e+16	6.4988e+03	2.309e-17	4.6416e+03	2.0899e+03	4.9797e-10	5.5039e-01	4.4961e-01	9.9999e-01	8.4993e-06	1.4556e-17	4.7768e-12	3.3670e-04	9.9056e-01	9.1048e-03	1.1755e-36	6.0609e-01	3.9391e-01	3.4449e-09	1.1755e-36	1.1755e-36	1.1755e-36	1.8126e-18	0.00e+00	0.00e+00	2.2475e+01
8.61411e+16	6.4290e+03	2.216e-17	4.6416e+03	2.0381e+03	5.5813e-10	5.6255e-01	4.3745e-01	9.9999e-01	8.4040e-06	1.4625e-17	4.9957e-12	3.2938e-04	9.9091e-01	8.7637e-03	1.1755e-36	6.1789e-01	3.8211e-01	3.2286e-09	1.1755e-36	1.1755e-36	1.1755e-36	1.9345e-18	0.00e+00	0.00e+00	2.2711e+01
8.61557e+16	6.3773e+03	2.124e-17	4.6416e+03	1.9843e+03	6.1183e-10	5.7300e-01	4.2700e-01	9.9999e-01	8.3348e-06	1.4793e-17	5.1652e-12	3.2150e-04	9.9120e-01	8.4787e-03	1.1755e-36	6.2796e-01	3.7204e-01	3.0450e-09	1.1755e-36	1.1755e-36	1.1755e-36	2.0263e-18	0.00e+00	0.00e+00	2.2961e+01
8.61721e+16	6.3037e+03	2.025e-17	4.6416e+03	1.9259e+03	6.9006e-10	5.8564e-01	4.1436e-01	9.9999e-01	8.2219e-06	1.4889e-17	5.3881e-12	3.1310e-04	9.9155e-01	8.1402e-03	1.1755e-36	6.4013e-01	3.5987e-01	2.8406e-09	1.1755e-36	1.1755e-36	1.1755e-36	2.1509e-18	0.00e+00	0.00e+00	2.3267e+01
8.61898e+16	6.2246e+03	1.920e-17	4.6416e+03	1.8634e+03	7.8538e-10	5.9911e-01	4.0089e-01	9.9999e-01	8.0740e-06	1.4955e-17	5.6272e-12	3.0402e-04	9.9190e-01	7.7911e-03	1.1755e-36	6.5297e-01	3.4703e-01	2.6378e-09	1.1755e-36	1.1755e-36	1.1755e-36	2.2864e-18	0.00e+00	0.00e+00	2.3577e+01
8.62068e+16	6.1456e+03	1.822e-17	4.6416e+03	1.8038e+03	8.9196e-10	6.1194e-01	3.8806e-01	9.9999e-01	7.9540e-06	1.5061e-17	5.8576e-12	2.9535e-04	9.9224e-01	7.4672e-03	1.1755e-36	6.6516e-01	3.3484e-01	2.4572e-09	1.1755e-36	1.1755e-36	1.1755e-36	2.4181e-18	0.00e+00	0.00e+00	2.3868e+01
8.62227e+16	6.0677e+03	1.732e-17	4.6416e+03	1.7475e+03	1.0098e-09	6.2406e-01	3.7594e-01	9.9999e-01	7.8586e-06	1.5203e-17	6.0774e-12	2.8714e-04	9.9254e-01	7.1688e-03	1.1755e-36	6.7661e-01	3.2339e-01	2.2970e-09	1.1755e-36	1.1755e-36	1.1755e-36	2.5449e-18	0.00e+00	0.00e+00	2.4153e+01
8.62382e+16	5.9883e+03	1.645e-17	4.6416e+03	1.6922e+03	1.1447e-09	6.3594e-01	3.6406e-01	9.9999e-01	7.7700e-06	1.5360e-17	6.2947e-12	2.7905e-04	9.9284e-01	6.8830e-03	1.1755e-36	6.8778e-01	3.1222e-01	2.1487e-09	1.1755e-36	1.1755e-36	1.1755e-36	2.6713e-18	0.00e+00	0.00e+00	2.4442e+01
8.62538e+16	5.9061e+03	1.560e-17	4.6416e+03	1.6368e+03	1.3027e-09	6.4783e-01	3.5217e-01	9.9999e-01	7.6815e-06	1.5528e-17	6.5137e-12	2.7090e-04	9.9313e-01	6.6036e-03	1.1755e-36	6.9890e-01	3.0110e-01	2.0087e-09	1.1755e-36	1.1755e-36	1.1755e-36	2.8000e-18	0.00e+00	0.00e+00	2.4739e+01
8.62694e+16	5.8205e+03	1.478e-17	4.6416e+03	1.5816e+03	1.4890e-09	6.5966e-01	3.4034e-01	9.9999e-01	7.5955e-06	1.5709e-17	6.7338e-12	2.6278e-04	9.9341e-01	6.3319e-03	1.1755e-36	7.0991e-01	2.9009e-01	1.8773e-09	1.1755e-36	1.1755e-36	1.1755e-36	2.9309e-18	0.00e+00	0.00e+00	2.5039e+01
8.62847e+16	5.7327e+03	1.398e-17	4.6416e+03	1.5275e+03	1.7069e-09	6.7128e-01	3.2872e-01	9.9999e-01	7.5152e-06	1.5906e-17	6.9527e-12	2.5478e-04	9.9367e-01	6.0711e-03	1.1755e-36	7.2067e-01	2.7933e-01	1.7554e-09	1.1755e-36	1.1755e-36	1.1755e-36	3.0633e-18	0.00e+00	0.00e+00	2.5338e+01
8.62998e+16	5.6388e+03	1.323e-17	4.6416e+03	1.4753e+03	1.9720e-09	6.8288e-01	3.1712e-01	9.9999e-01	7.4334e-06	1.6085e-17	7.1827e-12	2.4712e-04	9.9394e-01	5.8169e-03	1.1755e-36	7.3135e-01	2.6865e-01	1.6413e-09	1.1755e-36	1.1755e-36	1.1755e-36	3.2076e-18	0.00e+00	0.00e+00	2.5638e+01
8.63145e+16	5.5478e+03	1.252e-17	4.6416e+03	1.4242e+03	2.2709e-09	6.9390e-01	3.0610e-01	9.9999e-01	7.3622e-06	1.6299e-17	7.3991e-12	2.3954e-04	9.9418e-01	5.5804e-03	1.1755e-36	7.4145e-01	2.5855e-01	1.5378e-09	1.1755e-36	1.1755e-36	1.1755e-36	3.3456e-18	0.00e+00	0.00e+00	2.5932e+01
8.63290e+16	5.4547e+03	1.184e-17	4.6416e+03	1.3742e+03	2.6235e-09	7.0468e-01	2.9532e-01	9.9999e-01	7.2994e-06	1.6536e-17	7.6170e-12	2.3211e-04	9.9441e-01	5.3536e-03	1.1755e-36	7.5130e-01	2.4870e-01	1.4415e-09	1.1755e-36	1.1755e-36	1.1755e-36	3.4900e-18	0.00e+00	0.00e+00	2.6231e+01
8.63435e+16	5.3583e+03	1.118e-17	4.6416e+03	1.3247e+03	3.0469e-09	7.1537e-01	2.8463e-01	9.9999e-01	7.2363e-06	1.6781e-17	7.8409e-12	2.2475e-04	9.9464e-01	5.1336e-03	1.1755e-36	7.6100e-01	2.3900e-01	1.3507e-09	1.1755e-36	1.1755e-36	1.1755e-36	3.6455e-18	0.00e+00	0.00e+00	2.6534e+01
8.63578e+16	5.2592e+03	1.055e-17	4.6416e+03	1.2760e+03	3.5547e-09	7.2588e-01	2.7412e-01	9.9999e-01	7.1758e-06	1.7037e-17	8.0728e-12	2.1750e-04	9.9486e-01	4.9217e-03	1.1755e-36	7.7050e-01	2.2950e-01	1.2659e-09	1.1755e-36	1.1755e-36	1.1755e-36	3.8164e-18	0.00e+00	0.00e+00	2.6838e+01
8.63720e+16	5.1553e+03	9.947e-18	4.6416e+03	1.2281e+03	4.1749e-09	7.3612e-01	2.6388e-01	9.9999e-01	7.1194e-06	1.7306e-17	8.3131e-12	2.1039e-04	9.9507e-01	4.7199e-03	1.1755e-36	7.7973e-01	2.2027e-01	1.1873e-09	1.1755e-36	1.1755e-36	1.1755e-36	4.0059e-18	0.00e+00	0.00e+00	2.7141e+01
8.63860e+16	5.0521e+03	9.379e-18	4.6416e+03	1.1820e+03	4.9038e-09	7.4606e-01	2.5394e-01	9.9999e-01	7.0672e-06	1.7587e-17	8.5672e-12	2.0351e-04	9.9527e-01	4.5274e-03	1.1755e-36	7.8865e-01	2.1135e-01	1.1141e-09	1.1755e-36	1.1755e-36	1.1755e-36	4.2228e-18	0.00e+00	0.00e+00	2.7443e+01
8.63997e+16	4.9453e+03	8.840e-18	4.6416e+03	1.1369e+03	5.7821e-09	7.5579e-01	2.4421e-01	9.9999e-01	7.0170e-06	1.7875e-17	8.8325e-12	1.9682e-04	9.9547e-01	4.3344e-03	1.1755e-36	7.9735e-01	2.0265e-01	1.0459e-09	1.1755e-36	1.1755e-36	1.1755e-36	4.4572e-18	0.00e+00	0.00e+00	2.7747e+01
8.64133e+16	4.8410e+03	8.326e-18	4.6416e+03	1.0923e+03	6.7837e-09	7.6501e-01	2.3499e-01	9.9999e-01	6.9794e-06	1.8222e-17	9.0770e-12	1.9012e-04	9.9566e-01	4.1457e-03	1.1755e-36	8.0555e-01	1.9445e-01	9.8336e-10	1.1755e-36	1.1755e-36	1.1755e-36	4.6771e-18	0.00e+00	0.00e+00	2.8050e+01
8.64267e+16	4.7299e+03	7.845e-18	4.6416e+03	1.0498e+03	8.0257e-09	7.7418e-01	2.2582e-01	9.9999e-01	6.9331e-06	1.8523e-17	9.3497e-12	1.8384e-04	9.9586e-01	3.9606e-03	1.1755e-36	8.1369e-01	1.8631e-01	9.2441e-10	1.1755e-36	1.1755e-36	1.1755e-36	4.9454e-18	0.00e+00	0.00e+00	2.8350e+01
8.64399e+16	4.6172e+03	7.391e-18	4.6416e+03	1.0085e+03	9.4963e-09	7.8306e-01	2.1694e-01	9.9999e-01	6.8908e-06	1.8836e-17	9.6291e-12	1.7775e-04	9.9604e-01	3.7836e-03	1.1755e-36	8.2154e-01	1.7846e-01	8.6961e-10	1.1755e-36	1.1755e-36	1.1755e-36	5.2437e-18	0.00e+00	0.00e+00	2.8650e+01
8.64528e+16	4.5034e+03	6.964e-18	4.6416e+03	9.6871e+02	1.1211e-08	7.9164e-01	2.0836e-01	9.9999e-01	6.8483e-06	1.9148e-17	9.9136e-12	1.7189e-04	9.9621e-01	3.6146e-03	1.1755e-36	8.2909e-01	1.7091e-01	8.1873e-10	1.1755e-36	1.1755e-36	1.1755e-36	5.5730e-18	0.00e+00	0.00e+00	2.8947e+01
8.64634e+16	4.4074e+03	6.649e-18	4.6416e+03	9.3889e+02	1.2844e-08	7.9845e-01	2.0155e-01	9.9999e-01	6.7816e-06	1.9270e-17	1.0166e-11	1.6762e-04	9.9635e-01	3.4818e-03	1.1755e-36	8.3508e-01	1.6492e-01	7.8038e-10	1.1755e-36	1.1755e-36	1.1755e-36	5.8864e-18	0.00e+00	0.00e+00	2.9142e+01
8.64708e+16	4.3443e+03	6.425e-18	4.6416e+03	9.1725e+02	1.4007e-08	8.0306e-01	1.9694e-01	9.9999e-01	6.7766e-06	1.9510e-17	1.0322e-11	1.6444e-04	9.9644e-01	3.3923e-03	1.1755e-36	8.3910e-01	1.6090e-01	7.5443e-10	1.1755e-36	1.1755e-36	1.1755e-36	6.0895e-18	0.00e+00	0.00e+00	2.9297e+01
8.64781e+16	4.2702e+03	6.203e-18	4.6416e+03	8.9498e+02	1.5444e-08	8.0790e-01	1.9210e-01	9.9999e-01	6.7656e-06	1.9724e-17	1.0500e-11	1.6126e-04	9.9654e-01	3.2997e-03	1.1755e-36	8.4335e-01	1.5665e-01	7.2815e-10	1.1755e-36	1.1755e-36	1.1755e-36	6.3304e-18	0.00e+00	0.00e+00	2.9485e+01
8.64863e+16	4.1922e+03	5.961e-18	4.6416e+03	8.7058e+02	1.7042e-08	8.1312e-01	1.8688e-01	9.9999e-01	6.7331e-06	1.9921e-17	1.0679e-11	1.5773e-04	9.9664e-01	3.2003e-03	1.1755e-36	8.4790e-01	1.5210e-01	7.0008e-10	1.1755e-36	1.1755e-36	1.1755e-36	6.5818e-18	0.00e+00	0.00e+00	2.9687e+01
8.64951e+16	4.1109e+03	5.709e-18	4.6416e+03	8.4439e+02	1.8754e-08	8.1845e-01	1.8155e-01	9.9999e-01	6.7095e-06	2.0188e-17	1.0841e-11	1.5392e-04	9.9675e-01	3.0990e-03	1.1755e-36	8.5255e-01	1.4745e-01	6.7175e-10	1.1755e-36	1.1755e-36	1.1755e-36	6.8165e-18	0.00e+00	0.00e+00	2.9905e+01
8.65046e+16	4.0157e+03	5.447e-18	4.6416e+03	8.1685e+02	2.0800e-08	8.2438e-01	1.7562e-01	9.9999e-01	6.6709e-06	2.0413e-17	1.1021e-11	1.5002e-04	9.9686e-01	2.9881e-03	1.1755e-36	8.5770e-01	1.4230e-01	6.4145e-10	1.1755e-36	1.1755e-36	1.1755e-36	7.0814e-18	0.00e+00	0.00e+00	3.0145e+01
8.65146e+16	3.9145e+03	5.183e-18	4.6416e+03	7.8853e+02	2.2931e-08	8.3047e-01	1.6953e-01	9.9999e-01	6.6142e-06	2.0599e-17	1.1175e-11	1.4605e-04	9.9698e-01	2.8753e-03	1.1755e-36	8.6298e-01	1.3702e-01	6.1116e-10	1.1755e-36	1.1755e-36	1.1755e-36	7.3065e-18	0.00e+00	0.00e+00	3.0391e+01
###########################
1.18957e+12	7.9546e+03	6.181e-17	4.6416e+03	5.0403e+03	4.4719e-16	1.1307e-03	9.9887e-01	6.0967e-03	9.8860e-01	5.2987e-03	4.6979e-19	3.4152e-05	1.0239e-01	8.9527e-01	2.3012e-03	2.9086e-04	2.9075e-01	7.0746e-01	1.4976e-03	1.1755e-36	1.1755e-36	3.2194e-27	0.00e+00	0.00e+00	7.8832e-05
7.13743e+12	7.9538e+03	6.180e-17	4.6416e+03	5.0399e+03	4.4481e-16	1.1305e-03	9.9887e-01	6.0966e-03	9.8861e-01	5.2952e-03	4.6668e-19	3.4228e-05	1.0239e-01	8.9528e-01	2.3042e-03	2.9071e-04	2.9065e-01	7.0757e-01	1.4925e-03	1.1755e-36	1.1755e-36	3.1785e-27	0.00e+00	0.00e+00	3.9410e-04
3.09288e+13	7.9520e+03	6.177e-17	4.6416e+03	5.0398e+03	4.3061e-16	1.1300e-03	9.9887e-01	6.0972e-03	9.8864e-01	5.2632e-03	4.5081e-19	3.4183e-05	1.0237e-01	8.9530e-01	2.2990e-03	2.9056e-04	2.9062e-01	7.0761e-01	1.4711e-03	1.1755e-36	1.1755e-36	2.9666e-27	0.00e+00	0.00e+00	1.6546e-03
1.26095e+14	7.9459e+03	6.166e-17	4.6416e+03	5.0397e+03	4.2676e-16	1.1292e-03	9.9887e-01	6.1042e-03	9.8880e-01	5.0915e-03	4.4598e-19	3.4165e-05	1.0244e-01	8.9525e-01	2.2809e-03	2.9072e-04	2.9083e-01	7.0749e-01	1.3882e-03	1.1755e-36	1.1755e-36	2.8979e-27	0.00e+00	0.00e+00	6.6932e-03
3.01199e+14	7.9304e+03	6.127e-17	4.6416e+03	5.0397e+03	4.2183e-16	1.1219e-03	9.9888e-01	6.0963e-03	9.8890e-01	5.0016e-03	4.3625e-19	3.3924e-05	1.0234e-01	8.9536e-01	2.2673e-03	2.8891e-04	2.9064e-01	7.0780e-01	1.2785e-03	1.1755e-36	1.1755e-36	2.7972e-27	0.00e+00	0.00e+00	1.3201e-02
5.28836e+14	7.9116e+03	6.085e-17	4.6416e+03	5.0396e+03	4.1836e-16	1.1152e-03	9.9888e-01	6.0943e-03	9.8918e-01	4.7302e-03	4.2827e-19	3.3780e-05	1.0232e-01	8.9540e-01	2.2387e-03	2.8766e-04	2.9075e-01	7.0782e-01	1.1441e-03	1.1755e-36	1.1755e-36	2.7093e-27	0.00e+00	0.00e+00	2.1611e-02
8.24763e+14	7.8872e+03	6.040e-17	4.6416e+03	5.0395e+03	4.1657e-16	1.1088e-03	9.9889e-01	6.0982e-03	9.8962e-01	4.2849e-03	4.2161e-19	3.3693e-05	1.0240e-01	8.9537e-01	2.1954e-03	2.8691e-04	2.9122e-01	7.0750e-01	9.8627e-04	1.1755e-36	1.1755e-36	2.6297e-27	0.00e+00	0.00e+00	3.2480e-02
1.20947e+15	7.8652e+03	5.984e-17	4.6416e+03	5.0393e+03	4.1362e-16	1.1016e-03	9.9890e-01	6.1043e-03	9.9022e-01	3.6757e-03	4.1495e-19	3.3605e-05	1.0249e-01	8.9534e-01	2.1393e-03	2.8644e-04	2.9201e-01	7.0689e-01	8.0987e-04	1.1755e-36	1.1755e-36	2.5503e-27	0.00e+00	0.00e+00	4.6519e-02
1.70959e+15	7.8343e+03	5.923e-17	4.6416e+03	5.0391e+03	4.1249e-16	1.0951e-03	9.9890e-01	6.1197e-03	9.9095e-01	2.9338e-03	4.0949e-19	3.3577e-05	1.0272e-01	8.9518e-01	2.0690e-03	2.8692e-04	2.9347e-01	7.0562e-01	6.2362e-04	1.1755e-36	1.1755e-36	2.4722e-27	0.00e+00	0.00e+00	6.4662e-02
2.35974e+15	7.8032e+03	5.850e-17	4.6416e+03	5.0388e+03	4.1146e-16	1.0884e-03	9.9891e-01	6.1418e-03	9.9172e-01	2.1361e-03	4.0548e-19	3.3592e-05	1.0305e-01	8.9493e-01	1.9908e-03	2.8825e-04	2.9560e-01	7.0366e-01	4.4212e-04	1.1755e-36	1.1755e-36	2.4032e-27	0.00e+00	0.00e+00	8.8102e-02
3.20494e+15	7.7642e+03	5.769e-17	4.6416e+03	5.0385e+03	4.1136e-16	1.0828e-03	9.9892e-01	6.1774e-03	9.9244e-01	1.3836e-03	4.0261e-19	3.3709e-05	1.0363e-01	8.9443e-01	1.9080e-03	2.9102e-04	2.9869e-01	7.0074e-01	2.8191e-04	1.1755e-36	1.1755e-36	2.3277e-27	0.00e+00	0.00e+00	1.1842e-01
4.30369e+15	7.7234e+03	5.676e-17	4.6416e+03	5.0382e+03	4.1312e-16	1.0784e-03	9.9892e-01	6.2280e-03	9.9300e-01	7.7591e-04	4.0331e-19	3.3940e-05	1.0446e-01	8.9368e-01	1.8268e-03	2.9537e-04	3.0274e-01	6.9680e-01	1.5738e-04	1.1755e-36	1.1755e-36	2.2753e-27	0.00e+00	0.00e+00	1.5767e-01
5.73208e+15	7.6763e+03	5.576e-17	4.6416e+03	5.0380e+03	4.1704e-16	1.0766e-03	9.9892e-01	6.3037e-03	9.9333e-01	3.6493e-04	4.0744e-19	3.4358e-05	1.0571e-01	8.9251e-01	1.7474e-03	3.0206e-04	3.0804e-01	6.9158e-01	7.4521e-05	1.1755e-36	1.1755e-36	2.2314e-27	0.00e+00	0.00e+00	2.0861e-01
7.58898e+15	7.6276e+03	5.466e-17	4.6416e+03	5.0378e+03	4.2305e-16	1.0789e-03	9.9892e-01	6.4146e-03	9.9345e-01	1.3914e-04	4.1681e-19	3.5043e-05	1.0751e-01	8.9079e-01	1.6673e-03	3.1192e-04	3.1487e-01	6.8479e-01	2.8936e-05	1.1755e-36	1.1755e-36	2.2058e-27	0.00e+00	0.00e+00	2.7498e-01
1.00029e+16	7.5761e+03	5.352e-17	4.6416e+03	5.0376e+03	4.3327e-16	1.0882e-03	9.9891e-01	6.5814e-03	9.9338e-01	4.1542e-05	4.3515e-19	3.6146e-05	1.1016e-01	8.8822e-01	1.5794e-03	3.2681e-04	3.2392e-01	6.7574e-01	8.9301e-06	1.1755e-36	1.1755e-36	2.2127e-27	0.00e+00	0.00e+00	3.6200e-01
1.31411e+16	7.5277e+03	5.235e-17	4.6416e+03	5.0374e+03	4.5108e-16	1.1082e-03	9.9889e-01	6.8340e-03	9.9316e-01	9.4691e-06	4.7088e-19	3.7889e-05	1.1408e-01	8.8441e-01	1.4767e-03	3.4948e-04	3.3619e-01	6.6345e-01	2.1696e-06	1.1755e-36	1.1755e-36	2.2997e-27	0.00e+00	0.00e+00	4.7721e-01
1.72207e+16	7.4838e+03	5.122e-17	4.6416e+03	5.0371e+03	4.7983e-16	1.1462e-03	9.9885e-01	7.2286e-03	9.9277e-01	1.6533e-06	5.3577e-19	4.0690e-05	1.2002e-01	8.7859e-01	1.3519e-03	3.8530e-04	3.5339e-01	6.4623e-01	4.4909e-07	1.1755e-36	1.1755e-36	2.4998e-27	0.00e+00	0.00e+00	6.3211e-01
2.25242e+16	7.4520e+03	5.024e-17	4.6416e+03	5.0363e+03	5.3281e-16	1.2148e-03	9.9879e-01	7.8618e-03	9.9214e-01	2.3252e-07	6.6679e-19	4.5342e-05	1.2934e-01	8.6941e-01	1.1994e-03	4.4448e-04	3.7828e-01	6.2127e-01	1.1755e-36	1.1755e-36	1.1755e-36	2.9896e-27	0.00e+00	0.00e+00	8.4553e-01
2.94187e+16	7.4471e+03	4.953e-17	4.6416e+03	5.0351e+03	6.2455e-16	1.3378e-03	9.9866e-01	8.9537e-03	9.9105e-01	2.8266e-08	9.4527e-19	5.3365e-05	1.4459e-01	8.5434e-01	1.0151e-03	5.4883e-04	4.1559e-01	5.8386e-01	1.1755e-36	1.1755e-36	1.1755e-36	4.0791e-27	0.00e+00	0.00e+00	1.1511e+00
3.63241e+16	7.4680e+03	4.917e-17	4.6416e+03	5.0337e+03	7.4072e-16	1.4943e-03	9.9851e-01	1.0385e-02	9.8962e-01	4.4800e-09	1.3868e-18	6.3725e-05	1.6357e-01	8.3552e-01	8.4994e-04	6.8918e-04	4.5832e-01	5.4099e-01	1.1755e-36	1.1755e-36	1.1755e-36	5.8120e-27	0.00e+00	0.00e+00	1.4146e+00
4.11489e+16	7.5118e+03	4.934e-17	4.6416e+03	5.0324e+03	8.5521e-16	1.6456e-03	9.9835e-01	1.1800e-02	9.8820e-01	1.5090e-09	1.9321e-18	7.3724e-05	1.8115e-01	8.1803e-01	7.4050e-04	8.2949e-04	4.9437e-01	5.0480e-01	1.1755e-36	1.1755e-36	1.1755e-36	8.0264e-27	0.00e+00	0.00e+00	1.5898e+00
4.44060e+16	7.5564e+03	4.966e-17	4.6416e+03	5.0311e+03	9.6634e-16	1.7790e-03	9.9822e-01	1.3075e-02	9.8692e-01	7.7371e-10	2.5500e-18	8.2660e-05	1.9626e-01	8.0300e-01	6.6573e-04	9.5756e-04	5.2298e-01	4.7606e-01	1.1755e-36	1.1755e-36	1.1755e-36	1.0644e-26	0.00e+00	0.00e+00	1.7400e+00
4.77197e+16	7.6055e+03	5.008e-17	4.6416e+03	5.0295e+03	1.1275e-15	1.9488e-03	9.9805e-01	1.4765e-02	9.8523e-01	3.9873e-10	3.5622e-18	9.4160e-05	2.1519e-01	7.8413e-01	5.8678e-04	1.1271e-03	5.5613e-01	4.4274e-01	1.1755e-36	1.1755e-36	1.1755e-36	1.5055e-26	0.00e+00	0.00e+00	1.9539e+00
5.13471e+16	7.6698e+03	5.070e-17	4.6416e+03	5.0273e+03	1.3562e-15	2.1723e-03	9.9783e-01	1.7128e-02	9.8287e-01	2.0402e-10	5.2899e-18	1.0951e-04	2.3990e-01	7.5949e-01	5.0479e-04	1.3622e-03	5.9608e-01	4.0255e-01	1.1755e-36	1.1755e-36	1.1755e-36	2.2836e-26	0.00e+00	0.00e+00	2.1773e+00
5.44754e+16	7.7358e+03	5.141e-17	4.6416e+03	5.0249e+03	1.6198e-15	2.4146e-03	9.9759e-01	1.9900e-02	9.8010e-01	1.1910e-10	7.7311e-18	1.2639e-04	2.6650e-01	7.3294e-01	4.3500e-04	1.6301e-03	6.3503e-01	3.6334e-01	1.1755e-36	1.1755e-36	1.1755e-36	3.4047e-26	0.00e+00	0.00e+00	2.3717e+00
5.69686e+16	7.7998e+03	5.208e-17	4.6416e+03	5.0232e+03	1.9318e-15	2.6516e-03	9.9735e-01	2.2915e-02	9.7708e-01	7.9122e-11	1.1038e-17	1.4298e-04	2.9240e-01	7.0708e-01	3.7924e-04	1.9038e-03	6.6939e-01	3.2871e-01	1.1755e-36	1.1755e-36	1.1755e-36	5.0612e-26	0.00e+00	0.00e+00	2.5457e+00
5.91323e+16	7.8461e+03	5.275e-17	4.6416e+03	5.0201e+03	2.2898e-15	2.9038e-03	9.9710e-01	2.6320e-02	9.7368e-01	5.5764e-11	1.5383e-17	1.6117e-04	3.1979e-01	6.7972e-01	3.2971e-04	2.2040e-03	7.0179e-01	2.9600e-01	1.1755e-36	1.1755e-36	1.1755e-36	7.2331e-26	0.00e+00	0.00e+00	2.7234e+00
6.11964e+16	7.8942e+03	5.348e-17	4.6416e+03	5.0172e+03	2.7779e-15	3.1908e-03	9.9681e-01	3.0628e-02	9.6937e-01	4.0267e-11	2.2004e-17	1.8174e-04	3.5048e-01	6.4905e-01	2.8284e-04	2.5562e-03	7.3460e-01	2.6284e-01	1.1755e-36	1.1755e-36	1.1755e-36	1.0815e-25	0.00e+00	0.00e+00	2.9142e+00
6.31770e+16	7.9574e+03	5.421e-17	4.6416e+03	5.0143e+03	3.3424e-15	3.5170e-03	9.9648e-01	3.6215e-02	9.6379e-01	2.9770e-11	3.1517e-17	2.0490e-04	3.8510e-01	6.1445e-01	2.3888e-04	2.9693e-03	7.6774e-01	2.2929e-01	1.1755e-36	1.1755e-36	1.1755e-36	1.6105e-25	0.00e+00	0.00e+00	3.1122e+00
6.50087e+16	7.9917e+03	5.507e-17	4.6416e+03	5.0091e+03	4.1570e-15	3.8939e-03	9.9611e-01	4.3392e-02	9.5661e-01	2.2577e-11	4.5902e-17	2.3192e-04	4.2405e-01	5.7552e-01	1.9782e-04	3.4543e-03	8.0011e-01	1.9644e-01	1.1755e-36	1.1755e-36	1.1755e-36	2.4553e-25	0.00e+00	0.00e+00	3.3110e+00
6.66467e+16	8.0507e+03	5.583e-17	4.6416e+03	5.0046e+03	4.9964e-15	4.2901e-03	9.9571e-01	5.2479e-02	9.4752e-01	1.7740e-11	6.4864e-17	2.5965e-04	4.6451e-01	5.3507e-01	1.6250e-04	3.9779e-03	8.2989e-01	1.6613e-01	1.1755e-36	1.1755e-36	1.1755e-36	3.5956e-25	0.00e+00	0.00e+00	3.5039e+00
6.81197e+16	8.0806e+03	5.662e-17	4.6416e+03	4.9960e+03	6.1358e-15	4.7294e-03	9.9527e-01	6.3952e-02	9.3605e-01	1.4179e-11	9.1577e-17	2.8990e-04	5.0744e-01	4.9214e-01	1.3101e-04	4.5631e-03	8.5724e-01	1.3819e-01	1.1755e-36	1.1755e-36	1.1755e-36	5.2783e-25	0.00e+00	0.00e+00	3.6996e+00
6.93102e+16	8.1163e+03	5.734e-17	4.6416e+03	4.9889e+03	7.2638e-15	5.1462e-03	9.9485e-01	7.7498e-02	9.2250e-01	1.1879e-11	1.2258e-16	3.1789e-04	5.4717e-01	4.5240e-01	1.0682e-04	5.1264e-03	8.7968e-01	1.1519e-01	1.1755e-36	1.1755e-36	1.1755e-36	7.2877e-25	0.00e+00	0.00e+00	3.8457e+00
7.01376e+16	8.1426e+03	5.785e-17	4.6416e+03	4.9824e+03	8.2308e-15	5.4788e-03	9.9452e-01	9.0610e-02	9.0939e-01	1.0473e-11	1.5191e-16	3.3989e-04	5.7818e-01	4.2139e-01	9.0390e-05	5.5798e-03	8.9539e-01	9.9030e-02	1.1755e-36	1.1755e-36	1.1755e-36	9.2347e-25	0.00e+00	0.00e+00	3.9559e+00
7.07848e+16	8.1599e+03	5.824e-17	4.6416e+03	4.9757e+03	9.1398e-15	5.7685e-03	9.9423e-01	1.0383e-01	8.9617e-01	9.4189e-12	1.8083e-16	3.5834e-04	6.0420e-01	3.9537e-01	7.7887e-05	5.9758e-03	9.0749e-01	8.6529e-02	1.1755e-36	1.1755e-36	1.1755e-36	1.1190e-24	0.00e+00	0.00e+00	4.0587e+00
7.14844e+16	8.1758e+03	5.864e-17	4.6416e+03	4.9673e+03	1.0316e-14	6.1175e-03	9.9388e-01	1.2227e-01	8.7773e-01	8.3085e-12	2.2002e-16	3.7963e-04	6.3391e-01	3.6565e-01	6.4821e-05	6.4523e-03	9.2020e-01	7.3349e-02	1.1755e-36	1.1755e-36	1.1755e-36	1.3894e-24	0.00e+00	0.00e+00	4.2005e+00
7.22137e+16	8.1976e+03	5.911e-17	4.6416e+03	4.9583e+03	1.1710e-14	6.5169e-03	9.9348e-01	1.4863e-01	8.5137e-01	7.2572e-12	2.7096e-16	4.0274e-04	6.6644e-01	3.3310e-01	5.2351e-05	6.9996e-03	9.3316e-01	5.9835e-02	1.1755e-36	1.1755e-36	1.1755e-36	1.7482e-24	0.00e+00	0.00e+00	4.3281e+00
7.27800e+16	8.2097e+03	5.941e-17	4.6416e+03	4.9434e+03	1.3043e-14	6.8610e-03	9.9314e-01	1.7686e-01	8.2314e-01	6.4417e-12	3.2090e-16	4.2182e-04	6.9324e-01	3.0630e-01	4.3225e-05	7.4728e-03	9.4309e-01	4.9441e-02	1.1755e-36	1.1755e-36	1.1755e-36	2.1060e-24	0.00e+00	0.00e+00	4.4215e+00
7.31959e+16	8.2205e+03	5.962e-17	4.6416e+03	4.9326e+03	1.4126e-14	7.1341e-03	9.9287e-01	2.0432e-01	7.9568e-01	5.8505e-12	3.6444e-16	4.3596e-04	7.1349e-01	2.8604e-01	3.6864e-05	7.8483e-03	9.5016e-01	4.1990e-02	1.1755e-36	1.1755e-36	1.1755e-36	2.4194e-24	0.00e+00	0.00e+00	4.4983e+00
7.35568e+16	8.2285e+03	5.974e-17	4.6416e+03	4.9202e+03	1.5196e-14	7.3876e-03	9.9261e-01	2.3399e-01	7.6601e-01	5.3142e-12	4.0835e-16	4.4834e-04	7.3114e-01	2.6838e-01	3.1651e-05	8.1957e-03	9.5602e-01	3.5781e-02	1.1755e-36	1.1755e-36	1.1755e-36	2.7395e-24	0.00e+00	0.00e+00	4.5751e+00
7.39646e+16	8.2374e+03	5.981e-17	4.6416e+03	4.9044e+03	1.6560e-14	7.6959e-03	9.9230e-01	2.7608e-01	7.2392e-01	4.6866e-12	4.6628e-16	4.6219e-04	7.5086e-01	2.4865e-01	2.6141e-05	8.6158e-03	9.6223e-01	2.9157e-02	1.1755e-36	1.1755e-36	1.1755e-36	3.1665e-24	0.00e+00	0.00e+00	4.6791e+00
7.43873e+16	8.2455e+03	5.984e-17	4.6416e+03	4.8838e+03	1.8137e-14	8.0331e-03	9.9197e-01	3.3279e-01	6.6721e-01	4.0110e-12	5.3569e-16	4.7576e-04	7.7059e-01	2.2891e-01	2.1091e-05	9.0734e-03	9.6821e-01	2.2720e-02	1.1755e-36	1.1755e-36	1.1755e-36	3.6788e-24	0.00e+00	0.00e+00	4.7696e+00
7.47199e+16	8.2489e+03	5.967e-17	4.6416e+03	4.8547e+03	1.9509e-14	8.3031e-03	9.9170e-01	3.8956e-01	6.1044e-01	3.4085e-12	5.9646e-16	4.8502e-04	7.8527e-01	2.1423e-01	1.7519e-05	9.4404e-03	9.7253e-01	1.8028e-02	1.1755e-36	1.1755e-36	1.1755e-36	4.1156e-24	0.00e+00	0.00e+00	4.8379e+00
7.49837e+16	8.2504e+03	5.952e-17	4.6416e+03	4.8340e+03	2.0735e-14	8.5360e-03	9.9146e-01	4.4451e-01	5.5549e-01	2.9560e-12	6.5264e-16	4.9203e-04	7.9640e-01	2.0309e-01	1.4886e-05	9.7525e-03	9.7562e-01	1.4632e-02	1.1755e-36	1.1755e-36	1.1755e-36	4.5202e-24	0.00e+00	0.00e+00	4.8997e+00
7.52676e+16	8.2517e+03	5.925e-17	4.6416e+03	4.8087e+03	2.2221e-14	8.8024e-03	9.9120e-01	5.1180e-01	4.8820e-01	2.4373e-12	7.2151e-16	4.9907e-04	8.0736e-01	1.9213e-01	1.2298e-05	1.0106e-02	9.7847e-01	1.1427e-02	1.1755e-36	1.1755e-36	1.1755e-36	5.0222e-24	0.00e+00	0.00e+00	4.9824e+00
7.55871e+16	8.2471e+03	5.890e-17	4.6416e+03	4.7776e+03	2.4117e-14	9.1181e-03	9.9088e-01	5.9636e-01	4.0364e-01	1.8751e-12	8.0787e-16	5.0562e-04	8.1813e-01	1.8135e-01	9.8080e-06	1.0518e-02	9.8110e-01	8.3849e-03	1.1755e-36	1.1755e-36	1.1755e-36	5.6492e-24	0.00e+00	0.00e+00	5.0674e+00
7.58904e+16	8.2429e+03	5.846e-17	4.6416e+03	4.7433e+03	2.6057e-14	9.4292e-03	9.9057e-01	6.8161e-01	3.1839e-01	1.3806e-12	8.9723e-16	5.1033e-04	8.2672e-01	1.7276e-01	7.7912e-06	1.0921e-02	9.8304e-01	6.0437e-03	1.1755e-36	1.1755e-36	1.1755e-36	6.2948e-24	0.00e+00	0.00e+00	5.1472e+00
7.62224e+16	8.2332e+03	5.798e-17	4.6416e+03	4.7066e+03	2.8523e-14	9.8015e-03	9.9020e-01	7.6977e-01	2.3023e-01	9.2667e-13	1.0062e-15	5.1456e-04	8.3443e-01	1.6505e-01	5.9175e-06	1.1394e-02	9.8448e-01	4.1231e-03	1.1755e-36	1.1755e-36	1.1755e-36	7.1110e-24	0.00e+00	0.00e+00	5.2550e+00
7.66540e+16	8.2268e+03	5.754e-17	4.6416e+03	4.6679e+03	3.1985e-14	1.0331e-02	9.8967e-01	8.6146e-01	1.3854e-01	5.0844e-13	1.1588e-15	5.1926e-04	8.4206e-01	1.5741e-01	4.0572e-06	1.2058e-02	9.8549e-01	2.4512e-03	1.1755e-36	1.1755e-36	1.1755e-36	8.3377e-24	0.00e+00	0.00e+00	5.4027e+00
7.72150e+16	8.2230e+03	5.738e-17	4.6416e+03	4.6317e+03	3.6977e-14	1.1114e-02	9.8889e-01	9.3493e-01	6.5075e-02	2.1382e-13	1.3709e-15	5.2489e-04	8.4945e-01	1.5002e-01	2.4127e-06	1.3027e-02	9.8575e-01	1.2220e-03	1.1755e-36	1.1755e-36	1.1755e-36	1.0215e-23	0.00e+00	0.00e+00	5.6093e+00
7.79444e+16	8.2302e+03	5.772e-17	4.6416e+03	4.6013e+03	4.4111e-14	1.2311e-02	9.8769e-01	9.7632e-01	2.3681e-02	6.8093e-14	1.6694e-15	5.3230e-04	8.5711e-01	1.4236e-01	1.1942e-06	1.4497e-02	9.8501e-01	4.9417e-04	1.1755e-36	1.1755e-36	1.1755e-36	1.3114e-23	0.00e+00	0.00e+00	5.9068e+00
7.88926e+16	8.2482e+03	5.878e-17	4.6416e+03	4.5832e+03	5.5612e-14	1.4283e-02	9.8572e-01	9.9291e-01	7.0855e-03	1.7468e-14	2.1554e-15	5.4364e-04	8.6661e-01	1.3284e-01	4.6663e-07	1.6910e-02	9.8293e-01	1.5693e-04	1.1755e-36	1.1755e-36	1.1755e-36	1.8267e-23	0.00e+00	0.00e+00	6.3555e+00
7.98808e+16	8.2711e+03	6.030e-17	4.6416e+03	4.5687e+03	7.4507e-14	1.7077e-02	9.8292e-01	9.9765e-01	2.3510e-03	5.0324e-15	2.9577e-15	5.5617e-04	8.7681e-01	1.2264e-01	1.7298e-07	2.0328e-02	9.7962e-01	4.8004e-05	1.1755e-36	1.1755e-36	1.1755e-36	2.8101e-23	0.00e+00	0.00e+00	6.8083e+00
8.06637e+16	8.2835e+03	6.171e-17	4.6416e+03	4.5558e+03	1.0195e-13	2.0173e-02	9.7983e-01	9.9884e-01	1.1550e-03	2.2293e-15	4.1150e-15	5.6669e-04	8.8579e-01	1.1364e-01	1.1755e-36	2.4118e-02	9.7586e-01	1.9512e-05	1.1755e-36	1.1755e-36	1.1755e-36	4.5210e-23	0.00e+00	0.00e+00	7.1991e+00
8.12844e+16	8.2876e+03	6.283e-17	4.6416e+03	4.5393e+03	1.3833e-13	2.3435e-02	9.7657e-01	9.9929e-01	7.1425e-04	1.2703e-15	5.6410e-15	5.7512e-04	8.9362e-01	1.0581e-01	1.1755e-36	2.8113e-02	9.7188e-01	9.6827e-06	1.1755e-36	1.1755e-36	1.1755e-36	7.1972e-23	0.00e+00	0.00e+00	7.5977e+00
8.18438e+16	8.2832e+03	6.387e-17	4.6416e+03	4.5207e+03	1.9129e-13	2.7268e-02	9.7273e-01	9.9952e-01	4.7789e-04	7.8983e-16	7.8444e-15	5.8259e-04	9.0125e-01	9.8164e-02	1.1755e-36	3.2808e-02	9.6719e-01	5.1472e-06	1.1755e-36	1.1755e-36	1.1755e-36	1.1773e-22	0.00e+00	0.00e+00	8.0280e+00
8.23598e+16	8.2713e+03	6.489e-17	4.6416e+03	4.5019e+03	2.7099e-13	3.1960e-02	9.6804e-01	9.9967e-01	3.3487e-04	5.1752e-16	1.1137e-14	5.8981e-04	9.0893e-01	9.0482e-02	1.1755e-36	3.8552e-02	9.6145e-01	2.8556e-06	1.1755e-36	1.1755e-36	1.1755e-36	1.9925e-22	0.00e+00	0.00e+00	8.4905e+00
8.28219e+16	8.2541e+03	6.570e-17	4.6416e+03	4.4727e+03	3.8836e-13	3.7520e-02	9.6248e-01	9.9976e-01	2.4099e-04	3.5178e-16	1.5910e-14	5.9506e-04	9.1624e-01	8.3166e-02	1.1755e-36	4.5351e-02	9.5465e-01	1.6705e-06	1.1755e-36	1.1755e-36	1.1755e-36	3.4113e-22	0.00e+00	0.00e+00	8.9638e+00
8.32227e+16	8.2306e+03	6.642e-17	4.6416e+03	4.4469e+03	5.5710e-13	4.4016e-02	9.5598e-01	9.9982e-01	1.7997e-04	2.4996e-16	2.2695e-14	6.0012e-04	9.2320e-01	7.6202e-02	1.1755e-36	5.3281e-02	9.4672e-01	1.0335e-06	1.1755e-36	1.1755e-36	1.1755e-36	5.8313e-22	0.00e+00	0.00e+00	9.4425e+00
8.35690e+16	8.2033e+03	6.689e-17	4.6416e+03	4.4136e+03	7.9376e-13	5.1430e-02	9.4857e-01	9.9986e-01	1.3782e-04	1.8372e-16	3.2023e-14	6.0337e-04	9.2960e-01	6.9794e-02	1.1755e-36	6.2311e-02	9.3769e-01	6.7152e-07	1.1755e-36	1.1755e-36	1.1755e-36	9.8030e-22	0.00e+00	0.00e+00	9.9272e+00
8.38729e+16	8.1686e+03	6.725e-17	4.6416e+03	4.3815e+03	1.1331e-12	6.0084e-02	9.3992e-01	9.9989e-01	1.0744e-04	1.3811e-16	4.5116e-14	6.0620e-04	9.3570e-01	6.3697e-02	1.1755e-36	7.2818e-02	9.2718e-01	4.5096e-07	1.1755e-36	1.1755e-36	1.1755e-36	1.6440e-21	0.00e+00	0.00e+00	1.0431e+01
8.41437e+16	8.1355e+03	6.728e-17	4.6416e+03	4.3395e+03	1.6134e-12	7.0137e-02	9.2986e-01	9.9992e-01	8.4616e-05	1.0561e-16	6.3299e-14	6.0712e-04	9.4139e-01	5.8008e-02	1.1755e-36	8.4979e-02	9.1502e-01	3.1035e-07	1.1755e-36	1.1755e-36	1.1755e-36	2.7404e-21	0.00e+00	0.00e+00	1.0956e+01
8.43858e+16	8.0981e+03	6.685e-17	4.6416e+03	4.2775e+03	2.2910e-12	8.1690e-02	9.1831e-01	9.9993e-01	6.7525e-05	8.2505e-17	8.7922e-14	6.0464e-04	9.4661e-01	5.2786e-02	1.1755e-36	9.8894e-02	9.0111e-01	2.1822e-07	1.1755e-36	1.1755e-36	1.1755e-36	4.4915e-21	0.00e+00	0.00e+00	1.1504e+01
8.46044e+16	8.0544e+03	6.622e-17	4.6416e+03	4.2138e+03	3.2830e-12	9.5425e-02	9.0457e-01	9.9995e-01	5.4295e-05	6.5144e-17	1.2286e-13	6.0164e-04	9.5165e-01	4.7748e-02	1.1755e-36	1.1534e-01	8.8466e-01	1.5519e-07	1.1755e-36	1.1755e-36	1.1755e-36	7.4332e-21	0.00e+00	0.00e+00	1.2087e+01
8.48015e+16	8.0065e+03	6.522e-17	4.6416e+03	4.1398e+03	4.7269e-12	1.1159e-01	8.8841e-01	9.9996e-01	4.3981e-05	5.2092e-17	1.7176e-13	5.9675e-04	9.5640e-01	4.3001e-02	1.1755e-36	1.3457e-01	8.6543e-01	1.1160e-07	1.1755e-36	1.1755e-36	1.1755e-36	1.2314e-20	0.00e+00	0.00e+00	1.2695e+01
8.49767e+16	7.9543e+03	6.382e-17	4.6416e+03	4.0543e+03	6.7994e-12	1.3024e-01	8.6976e-01	9.9996e-01	3.6067e-05	4.2413e-17	2.3874e-13	5.8969e-04	9.6079e-01	3.8619e-02	1.1755e-36	1.5659e-01	8.4341e-01	8.1359e-08	1.1755e-36	1.1755e-36	1.1755e-36	2.0226e-20	0.00e+00	0.00e+00	1.3323e+01
8.51329e+16	7.8958e+03	6.201e-17	4.6416e+03	3.9565e+03	9.7772e-12	1.5163e-01	8.4837e-01	9.9997e-01	2.9942e-05	3.5149e-17	3.2967e-13	5.8041e-04	9.6484e-01	3.4583e-02	1.1755e-36	1.8161e-01	8.1839e-01	5.9971e-08	1.1755e-36	1.1755e-36	1.1755e-36	3.2907e-20	0.00e+00	0.00e+00	1.3979e+01
8.52743e+16	7.8326e+03	5.960e-17	4.6416e+03	3.8357e+03	1.4034e-11	1.7594e-01	8.2406e-01	9.9997e-01	2.5155e-05	2.9719e-17	4.5058e-13	5.6749e-04	9.6852e-01	3.0911e-02	1.1755e-36	2.0974e-01	7.9026e-01	4.4548e-08	1.1755e-36	1.1755e-36	1.1755e-36	5.2688e-20	0.00e+00	0.00e+00	1.4675e+01
8.54048e+16	7.7657e+03	5.666e-17	4.6416e+03	3.6978e+03	2.0235e-11	2.0412e-01	7.9588e-01	9.9998e-01	2.1238e-05	2.5420e-17	6.1497e-13	5.5148e-04	9.7198e-01	2.7468e-02	1.1755e-36	2.4196e-01	7.5804e-01	3.3068e-08	1.1755e-36	1.1755e-36	1.1755e-36	8.4256e-20	0.00e+00	0.00e+00	1.5430e+01
8.55271e+16	7.6649e+03	5.329e-17	4.6416e+03	3.5428e+03	3.0113e-11	2.3768e-01	7.6232e-01	9.9998e-01	1.8048e-05	2.1979e-17	8.4668e-13	5.3309e-04	9.7532e-01	2.4148e-02	1.1755e-36	2.7980e-01	7.2020e-01	2.4382e-08	1.1755e-36	1.1755e-36	1.1755e-36	1.3647e-19	0.00e+00	0.00e+00	1.6254e+01
8.56401e+16	7.5553e+03	4.930e-17	4.6416e+03	3.3646e+03	4.5062e-11	2.7604e-01	7.2396e-01	9.9998e-01	1.5473e-05	1.9353e-17	1.1582e-12	5.1080e-04	9.7839e-01	2.1096e-02	1.1755e-36	3.2234e-01	6.7766e-01	1.7948e-08	1.1755e-36	1.1755e-36	1.1755e-36	2.1907e-19	0.00e+00	0.00e+00	1.7126e+01
8.57348e+16	7.4392e+03	4.530e-17	4.6416e+03	3.1842e+03	6.5442e-11	3.1488e-01	6.8512e-01	9.9999e-01	1.3505e-05	1.7448e-17	1.5244e-12	4.8748e-04	9.8093e-01	1.8583e-02	1.1755e-36	3.6466e-01	6.3534e-01	1.3629e-08	1.1755e-36	1.1755e-36	1.1755e-36	3.3174e-19	0.00e+00	0.00e+00	1.7878e+01
8.58042e+16	7.3343e+03	4.195e-17	4.6416e+03	3.0317e+03	8.8215e-11	3.4794e-01	6.5206e-01	9.9999e-01	1.2295e-05	1.6381e-17	1.8769e-12	4.6734e-04	9.8277e-01	1.6764e-02	1.1755e-36	4.0008e-01	5.9992e-01	1.0989e-08	1.1755e-36	1.1755e-36	1.1755e-36	4.5402e-19	0.00e+00	0.00e+00	1.8464e+01
8.58559e+16	7.2430e+03	3.922e-17	4.6416e+03	2.9053e+03	1.1171e-10	3.7499e-01	6.2501e-01	9.9999e-01	1.1577e-05	1.5856e-17	2.1917e-12	4.5036e-04	9.8411e-01	1.5439e-02	1.1755e-36	4.2869e-01	5.7131e-01	9.2889e-09	1.1755e-36	1.1755e-36	1.1755e-36	5.7321e-19	0.00e+00	0.00e+00	1.8967e+01
8.58998e+16	7.1545e+03	3.676e-17	4.6416e+03	2.7898e+03	1.3811e-10	3.9983e-01	6.0017e-01	9.9999e-01	1.0997e-05	1.5469e-17	2.5023e-12	4.3469e-04	9.8524e-01	1.4326e-02	1.1755e-36	4.5466e-01	5.4534e-01	7.9993e-09	1.1755e-36	1.1755e-36	1.1755e-36	6.9922e-19	0.00e+00	0.00e+00	1.9460e+01
8.59411e+16	7.0611e+03	3.435e-17	4.6416e+03	2.6741e+03	1.7036e-10	4.2472e-01	5.7528e-01	9.9999e-01	1.0457e-05	1.5129e-17	2.8335e-12	4.1883e-04	9.8628e-01	1.3298e-02	1.1755e-36	4.8039e-01	5.1961e-01	6.9150e-09	1.1755e-36	1.1755e-36	1.1755e-36	8.4193e-19	0.00e+00	0.00e+00	1.9966e+01
8.59802e+16	6.9633e+03	3.200e-17	4.6416e+03	2.5590e+03	2.0960e-10	4.4947e-01	5.5053e-01	9.9999e-01	9.9676e-06	1.4856e-17	3.1819e-12	4.0291e-04	9.8724e-01	1.2354e-02	1.1755e-36	5.0570e-01	4.9430e-01	6.0039e-09	1.1755e-36	1.1755e-36	1.1755e-36	1.0004e-18	0.00e+00	0.00e+00	2.0460e+01
8.60157e+16	6.8655e+03	2.983e-17	4.6416e+03	2.4499e+03	2.5513e-10	4.7292e-01	5.2708e-01	9.9999e-01	9.5628e-06	1.4683e-17	3.5285e-12	3.8770e-04	9.8809e-01	1.1521e-02	1.1755e-36	5.2942e-01	4.7058e-01	5.2655e-09	1.1755e-36	1.1755e-36	1.1755e-36	1.1658e-18	0.00e+00	0.00e+00	2.0923e+01
8.60474e+16	6.7698e+03	2.788e-17	4.6416e+03	2.3489e+03	3.0657e-10	4.9466e-01	5.0534e-01	9.9999e-01	9.2397e-06	1.4602e-17	3.8635e-12	3.7350e-04	9.8883e-01	1.0795e-02	1.1755e-36	5.5119e-01	4.4881e-01	4.6694e-09	1.1755e-36	1.1755e-36	1.1755e-36	1.3322e-18	0.00e+00	0.00e+00	2.1358e+01
8.60763e+16	6.6748e+03	2.608e-17	4.6416e+03	2.2537e+03	3.6527e-10	5.1512e-01	4.8488e-01	9.9999e-01	8.9692e-06	1.4582e-17	4.1903e-12	3.6005e-04	9.8949e-01	1.0147e-02	1.1755e-36	5.7150e-01	4.2850e-01	4.1735e-09	1.1755e-36	1.1755e-36	1.1755e-36	1.4999e-18	0.00e+00	0.00e+00	2.1780e+01
8.61035e+16	6.5787e+03	2.439e-17	4.6416e+03	2.1623e+03	4.3352e-10	5.3478e-01	4.6522e-01	9.9999e-01	8.7291e-06	1.4602e-17	4.5137e-12	3.4704e-04	9.9010e-01	9.5544e-03	1.1755e-36	5.9084e-01	4.0916e-01	3.7486e-09	1.1755e-36	1.1755e-36	1.1755e-36	1.6706e-18	0.00e+00	0.00e+00	2.2194e+01
8.61254e+16	6.4989e+03	2.309e-17	4.6416e+03	2.0899e+03	4.9794e-10	5.5038e-01	4.4962e-01	9.9999e-01	8.4984e-06	1.4554e-17	4.7768e-12	3.3670e-04	9.9056e-01	9.1048e-03	1.1755e-36	6.0609e-01	3.9391e-01	3.4445e-09	1.1755e-36	1.1755e-36	1.1755e-36	1.8126e-18	0.00e+00	0.00e+00	2.2475e+01
8.61413e+16	6.4290e+03	2.216e-17	4.6416e+03	2.0381e+03	5.5810e-10	5.6255e-01	4.3745e-01	9.9999e-01	8.4031e-06	1.4624e-17	4.9956e-12	3.2938e-04	9.9091e-01	8.7637e-03	1.1755e-36	6.1788e-01	3.8212e-01	3.2282e-09	1.1755e-36	1.1755e-36	1.1755e-36	1.9345e-18	0.00e+00	0.00e+00	2.2711e+01
8.61559e+16	6.3774e+03	2.124e-17	4.6416e+03	1.9843e+03	6.1180e-10	5.7300e-01	4.2700e-01	9.9999e-01	8.3338e-06	1.4791e-17	5.1651e-12	3.2151e-04	9.9120e-01	8.4787e-03	1.1755e-36	6.2796e-01	3.7204e-01	3.0446e-09	1.1755e-36	1.1755e-36	1.1755e-36	2.0263e-18	0.00e+00	0.00e+00	2.2961e+01
8.61722e+16	6.3037e+03	2.025e-17	4.6416e+03	1.9260e+03	6.9003e-10	5.8564e-01	4.1436e-01	9.9999e-01	8.2209e-06	1.4887e-17	5.3880e-12	3.1310e-04	9.9155e-01	8.1402e-03	1.1755e-36	6.4012e-01	3.5988e-01	2.8402e-09	1.1755e-36	1.1755e-36	1.1755e-36	2.1509e-18	0.00e+00	0.00e+00	2.3267e+01
8.61900e+16	6.2247e+03	1.920e-17	4.6416e+03	1.8634e+03	7.8535e-10	5.9910e-01	4.0090e-01	9.9999e-01	8.0730e-06	1.4952e-17	5.6272e-12	3.0403e-04	9.9190e-01	7.7911e-03	1.1755e-36	6.5297e-01	3.4703e-01	2.6375e-09	1.1755e-36	1.1755e-36	1.1755e-36	2.2864e-18	0.00e+00	0.00e+00	2.3577e+01
8.62069e+16	6.1457e+03	1.822e-17	4.6416e+03	1.8038e+03	8.9193e-10	6.1194e-01	3.8806e-01	9.9999e-01	7.9530e-06	1.5059e-17	5.8576e-12	2.9536e-04	9.9224e-01	7.4672e-03	1.1755e-36	6.6516e-01	3.3484e-01	2.4568e-09	1.1755e-36	1.1755e-36	1.1755e-36	2.4181e-18	0.00e+00	0.00e+00	2.3868e+01
8.62228e+16	6.0677e+03	1.732e-17	4.6416e+03	1.7475e+03	1.0097e-09	6.2405e-01	3.7595e-01	9.9999e-01	7.8576e-06	1.5200e-17	6.0774e-12	2.8715e-04	9.9254e-01	7.1688e-03	1.1755e-36	6.7660e-01	3.2340e-01	2.2966e-09	1.1755e-36	1.1755e-36	1.1755e-36	2.5449e-18	0.00e+00	0.00e+00	2.4153e+01
8.62384e+16	5.9883e+03	1.645e-17	4.6416e+03	1.6922e+03	1.1446e-09	6.3594e-01	3.6406e-01	9.9999e-01	7.7689e-06	1.5357e-17	6.2947e-12	2.7905e-04	9.9284e-01	6.8830e-03	1.1755e-36	6.8778e-01	3.1222e-01	2.1484e-09	1.1755e-36	1.1755e-36	1.1755e-36	2.6713e-18	0.00e+00	0.00e+00	2.4442e+01
8.62540e+16	5.9061e+03	1.560e-17	4.6416e+03	1.6368e+03	1.3027e-09	6.4782e-01	3.5218e-01	9.9999e-01	7.6804e-06	1.5526e-17	6.5136e-12	2.7091e-04	9.9313e-01	6.6036e-03	1.1755e-36	6.9889e-01	3.0111e-01	2.0084e-09	1.1755e-36	1.1755e-36	1.1755e-36	2.8000e-18	0.00e+00	0.00e+00	2.4739e+01
8.62695e+16	5.8205e+03	1.478e-17	4.6416e+03	1.5816e+03	1.4890e-09	6.5966e-01	3.4034e-01	9.9999e-01	7.5943e-06	1.5707e-17	6.7337e-12	2.6278e-04	9.9341e-01	6.3319e-03	1.1755e-36	7.0990e-01	2.9010e-01	1.8770e-09	1.1755e-36	1.1755e-36	1.1755e-36	2.9309e-18	0.00e+00	0.00e+00	2.5039e+01
8.62849e+16	5.7327e+03	1.399e-17	4.6416e+03	1.5275e+03	1.7069e-09	6.7128e-01	3.2872e-01	9.9999e-01	7.5140e-06	1.5903e-17	6.9526e-12	2.5478e-04	9.9367e-01	6.0711e-03	1.1755e-36	7.2066e-01	2.7934e-01	1.7551e-09	1.1755e-36	1.1755e-36	1.1755e-36	3.0632e-18	0.00e+00	0.00e+00	2.5338e+01
8.63000e+16	5.6388e+03	1.323e-17	4.6416e+03	1.4753e+03	1.9720e-09	6.8288e-01	3.1712e-01	9.9999e-01	7.4321e-06	1.6081e-17	7.1826e-12	2.4713e-04	9.9394e-01	5.8169e-03	1.1755e-36	7.3135e-01	2.6865e-01	1.6411e-09	1.1755e-36	1.1755e-36	1.1755e-36	3.2075e-18	0.00e+00	0.00e+00	2.5638e+01
8.63147e+16	5.5477e+03	1.252e-17	4.6416e+03	1.4242e+03	2.2709e-09	6.9389e-01	3.0611e-01	9.9999e-01	7.3608e-06	1.6296e-17	7.3990e-12	2.3955e-04	9.9418e-01	5.5804e-03	1.1755e-36	7.4145e-01	2.5855e-01	1.5376e-09	1.1755e-36	1.1755e-36	1.1755e-36	3.3456e-18	0.00e+00	0.00e+00	2.5932e+01
8.63292e+16	5.4546e+03	1.184e-17	4.6416e+03	1.3742e+03	2.6236e-09	7.0468e-01	2.9532e-01	9.9999e-01	7.2979e-06	1.6532e-17	7.6169e-12	2.3212e-04	9.9441e-01	5.3536e-03	1.1755e-36	7.5129e-01	2.4871e-01	1.4413e-09	1.1755e-36	1.1755e-36	1.1755e-36	3.4899e-18	0.00e+00	0.00e+00	2.6230e+01
8.63436e+16	5.3582e+03	1.118e-17	4.6416e+03	1.3247e+03	3.0470e-09	7.1536e-01	2.8464e-01	9.9999e-01	7.2347e-06	1.6776e-17	7.8408e-12	2.2475e-04	9.9464e-01	5.1336e-03	1.1755e-36	7.6100e-01	2.3900e-01	1.3506e-09	1.1755e-36	1.1755e-36	1.1755e-36	3.6455e-18	0.00e+00	0.00e+00	2.6534e+01
8.63580e+16	5.2591e+03	1.055e-17	4.6416e+03	1.2760e+03	3.5548e-09	7.2588e-01	2.7412e-01	9.9999e-01	7.1741e-06	1.7032e-17	8.0727e-12	2.1750e-04	9.9486e-01	4.9217e-03	1.1755e-36	7.7050e-01	2.2950e-01	1.2657e-09	1.1755e-36	1.1755e-36	1.1755e-36	3.8164e-18	0.00e+00	0.00e+00	2.6838e+01
8.63722e+16	5.1553e+03	9.947e-18	4.6416e+03	1.2282e+03	4.1751e-09	7.3611e-01	2.6389e-01	9.9999e-01	7.1175e-06	1.7301e-17	8.3130e-12	2.1039e-04	9.9507e-01	4.7199e-03	1.1755e-36	7.7973e-01	2.2027e-01	1.1871e-09	1.1755e-36	1.1755e-36	1.1755e-36	4.0058e-18	0.00e+00	0.00e+00	2.7141e+01
8.63861e+16	5.0520e+03	9.379e-18	4.6416e+03	1.1820e+03	4.9041e-09	7.4606e-01	2.5394e-01	9.9999e-01	7.0651e-06	1.7582e-17	8.5671e-12	2.0351e-04	9.9527e-01	4.5275e-03	1.1755e-36	7.8865e-01	2.1135e-01	1.1140e-09	1.1755e-36	1.1755e-36	1.1755e-36	4.2228e-18	0.00e+00	0.00e+00	2.7443e+01
8.63999e+16	4.9453e+03	8.840e-18	4.6416e+03	1.1370e+03	5.7825e-09	7.5578e-01	2.4422e-01	9.9999e-01	7.0146e-06	1.7868e-17	8.8325e-12	1.9682e-04	9.9547e-01	4.3345e-03	1.1755e-36	7.9735e-01	2.0265e-01	1.0457e-09	1.1755e-36	1.1755e-36	1.1755e-36	4.4572e-18	0.00e+00	0.00e+00	2.7747e+01
8.64135e+16	4.8409e+03	8.326e-18	4.6416e+03	1.0923e+03	6.7843e-09	7.6500e-01	2.3500e-01	9.9999e-01	6.9768e-06	1.8214e-17	9.0769e-12	1.9013e-04	9.9566e-01	4.1457e-03	1.1755e-36	8.0555e-01	1.9445e-01	9.8324e-10	1.1755e-36	1.1755e-36	1.1755e-36	4.6771e-18	0.00e+00	0.00e+00	2.8050e+01
8.64269e+16	4.7298e+03	7.845e-18	4.6416e+03	1.0498e+03	8.0265e-09	7.7418e-01	2.2582e-01	9.9999e-01	6.9301e-06	1.8514e-17	9.3497e-12	1.8384e-04	9.9586e-01	3.9606e-03	1.1755e-36	8.1369e-01	1.8631e-01	9.2429e-10	1.1755e-36	1.1755e-36	1.1755e-36	4.9454e-18	0.00e+00	0.00e+00	2.8350e+01
8.64400e+16	4.6171e+03	7.391e-18	4.6416e+03	1.0086e+03	9.4973e-09	7.8306e-01	2.1694e-01	9.9999e-01	6.8873e-06	1.8825e-17	9.6291e-12	1.7775e-04	9.9604e-01	3.7836e-03	1.1755e-36	8.2154e-01	1.7846e-01	8.6950e-10	1.1755e-36	1.1755e-36	1.1755e-36	5.2438e-18	0.00e+00	0.00e+00	2.8650e+01
8.64530e+16	4.5033e+03	6.964e-18	4.6416e+03	9.6872e+02	1.1213e-08	7.9163e-01	2.0837e-01	9.9999e-01	6.8440e-06	1.9135e-17	9.9137e-12	1.7190e-04	9.9621e-01	3.6146e-03	1.1755e-36	8.2909e-01	1.7091e-01	8.1862e-10	1.1755e-36	1.1755e-36	1.1755e-36	5.5731e-18	0.00e+00	0.00e+00	2.8947e+01
8.64635e+16	4.4073e+03	6.649e-18	4.6416e+03	9.3890e+02	1.2845e-08	7.9845e-01	2.0155e-01	9.9999e-01	6.7764e-06	1.9254e-17	1.0166e-11	1.6763e-04	9.9635e-01	3.4818e-03	1.1755e-36	8.3508e-01	1.6492e-01	7.8028e-10	1.1755e-36	1.1755e-36	1.1755e-36	5.8865e-18	0.00e+00	0.00e+00	2.9142e+01
8.64710e+16	4.3442e+03	6.425e-18	4.6416e+03	9.1726e+02	1.4009e-08	8.0306e-01	1.9694e-01	9.9999e-01	6.7704e-06	1.9491e-17	1.0322e-11	1.6444e-04	9.9644e-01	3.3923e-03	1.1755e-36	8.3910e-01	1.6090e-01	7.5433e-10	1.1755e-36	1.1755e-36	1.1755e-36	6.0896e-18	0.00e+00	0.00e+00	2.9297e+01
8.64782e+16	4.2701e+03	6.203e-18	4.6416e+03	8.9499e+02	1.5446e-08	8.0790e-01	1.9210e-01	9.9999e-01	6.7582e-06	1.9702e-17	1.0500e-11	1.6126e-04	9.9654e-01	3.2997e-03	1.1755e-36	8.4335e-01	1.5665e-01	7.2806e-10	1.1755e-36	1.1755e-36	1.1755e-36	6.3305e-18	0.00e+00	0.00e+00	2.9485e+01
8.64865e+16	4.1921e+03	5.961e-18	4.6416e+03	8.7059e+02	1.7044e-08	8.1312e-01	1.8688e-01	9.9999e-01	6.7241e-06	1.9893e-17	1.0679e-11	1.5774e-04	9.9664e-01	3.2003e-03	1.1755e-36	8.4790e-01	1.5210e-01	7.0000e-10	1.1755e-36	1.1755e-36	1.1755e-36	6.5819e-18	0.00e+00	0.00e+00	2.9687e+01
8.64952e+16	4.1108e+03	5.709e-18	4.6416e+03	8.4440e+02	1.8756e-08	8.1845e-01	1.8155e-01	9.9999e-01	6.6976e-06	2.0151e-17	1.0841e-11	1.5392e-04	9.9675e-01	3.0990e-03	1.1755e-36	8.5254e-01	1.4746e-01	6.7166e-10	1.1755e-36	1.1755e-36	1.1755e-36	6.8166e-18	0.00e+00	0.00e+00	2.9905e+01
8.65048e+16	4.0156e+03	5.447e-18	4.6416e+03	8.1686e+02	2.0802e-08	8.2438e-01	1.7562e-01	9.9999e-01	6.6535e-06	2.0359e-17	1.1021e-11	1.5003e-04	9.9686e-01	2.9881e-03	1.1755e-36	8.5770e-01	1.4230e-01	6.4137e-10	1.1755e-36	1.1755e-36	1.1755e-36	7.0816e-18	0.00e+00	0.00e+00	3.0145e+01
8.65148e+16	3.9145e+03	5.183e-18	4.6416e+03	7.8854e+02	2.2931e-08	8.3046e-01	1.6954e-01	9.9999e-01	6.5815e-06	2.0497e-17	1.1175e-11	1.4606e-04	9.9698e-01	2.8753e-03	1.1755e-36	8.6298e-01	1.3702e-01	6.1109e-10	1.1755e-36	1.1755e-36	1.1755e-36	7.3067e-18	0.00e+00	0.00e+00	3.0391e+01
