#depth	Te	Htot	hden	eden	2H_2/H	HI	HII	HeI	HeII	HeIII	CO/C	C1	C2	C3	C4	O1	O2	O3	O4	O5	O6	H2O/O	AV(point)	AV(extend)	Tau912
3.59876e+12	6.2558e+03	1.052e-18	5.9948e+02	6.0840e+02	3.2077e-11	5.5071e-02	9.4493e-01	2.4187e-01	7.5805e-01	7.9844e-05	3.8241e-13	1.3465e-02	8.4333e-01	1.4320e-01	1.3384e-06	6.7270e-02	9.2734e-01	5.3860e-03	1.1755e-36	1.1755e-36	1.1755e-36	5.2313e-21	0.00e+00	0.00e+00	1.5006e-03
2.15926e+13	6.2484e+03	1.047e-18	5.9948e+02	6.0620e+02	3.2075e-11	5.4859e-02	9.4514e-01	2.4144e-01	7.5848e-01	8.0064e-05	3.7761e-13	1.3372e-02	8.4314e-01	1.4349e-01	1.3473e-06	6.7017e-02	9.2758e-01	5.4051e-03	1.1755e-36	1.1755e-36	1.1755e-36	5.1265e-21	0.00e+00	0.00e+00	7.4801e-03
9.35679e+13	6.2296e+03	1.040e-18	5.9948e+02	6.0586e+02	3.2738e-11	5.4904e-02	9.4510e-01	2.4239e-01	7.5753e-01	7.9565e-05	3.7868e-13	1.3350e-02	8.4383e-01	1.4282e-01	1.3363e-06	6.7086e-02	9.2753e-01	5.3812e-03	1.1755e-36	1.1755e-36	1.1755e-36	5.1217e-21	0.00e+00	0.00e+00	3.1418e-02
3.81469e+14	6.1735e+03	1.024e-18	5.9948e+02	6.0519e+02	3.5648e-11	5.5646e-02	9.4435e-01	2.4694e-01	7.5298e-01	7.7373e-05	3.9244e-13	1.3458e-02	8.4680e-01	1.3975e-01	1.2774e-06	6.8034e-02	9.2674e-01	5.2287e-03	1.1755e-36	1.1755e-36	1.1755e-36	5.2972e-21	0.00e+00	0.00e+00	1.2846e-01
9.11207e+14	5.9905e+03	9.766e-19	5.9948e+02	6.0521e+02	4.2049e-11	5.5121e-02	9.4488e-01	2.5261e-01	7.4732e-01	7.4249e-05	3.8736e-13	1.3413e-02	8.5084e-01	1.3574e-01	1.2273e-06	6.7512e-02	9.2732e-01	5.1667e-03	1.1755e-36	1.1755e-36	1.1755e-36	4.9971e-21	0.00e+00	0.00e+00	2.5343e-01
1.44821e+15	5.8298e+03	9.375e-19	5.9948e+02	6.0515e+02	4.9222e-11	5.4799e-02	9.4520e-01	2.5780e-01	7.4213e-01	7.1555e-05	3.8457e-13	1.3410e-02	8.5444e-01	1.3215e-01	1.1792e-06	6.7224e-02	9.2769e-01	5.0891e-03	1.1755e-36	1.1755e-36	1.1755e-36	4.7746e-21	0.00e+00	0.00e+00	3.5201e-01
1.90430e+15	5.7422e+03	9.168e-19	5.9948e+02	6.0453e+02	5.5635e-11	5.5459e-02	9.4454e-01	2.6335e-01	7.3658e-01	6.9191e-05	3.9710e-13	1.3546e-02	8.5780e-01	1.2865e-01	1.1185e-06	6.8096e-02	9.2698e-01	4.9254e-03	1.1755e-36	1.1755e-36	1.1755e-36	4.8810e-21	0.00e+00	0.00e+00	4.4377e-01
2.40685e+15	5.6841e+03	9.037e-19	5.9948e+02	6.0373e+02	6.3461e-11	5.7161e-02	9.4284e-01	2.7128e-01	7.2865e-01	6.6289e-05	4.2843e-13	1.3844e-02	8.6209e-01	1.2407e-01	1.0315e-06	7.0229e-02	9.2512e-01	4.6535e-03	1.1755e-36	1.1755e-36	1.1755e-36	5.3197e-21	0.00e+00	0.00e+00	5.6671e-01
3.06016e+15	5.6291e+03	8.901e-19	5.9948e+02	6.0193e+02	7.4824e-11	5.9867e-02	9.4013e-01	2.8238e-01	7.1755e-01	6.2662e-05	4.8027e-13	1.4288e-02	8.6763e-01	1.1808e-01	9.2023e-07	7.3594e-02	9.2212e-01	4.2821e-03	1.1755e-36	1.1755e-36	1.1755e-36	6.0956e-21	0.00e+00	0.00e+00	7.3409e-01
3.90947e+15	5.5822e+03	8.765e-19	5.9948e+02	5.9819e+02	9.2194e-11	6.4207e-02	9.3579e-01	2.9823e-01	7.0171e-01	5.8151e-05	5.6957e-13	1.4939e-02	8.7476e-01	1.1030e-01	7.8260e-07	7.8954e-02	9.1726e-01	3.7903e-03	1.1755e-36	1.1755e-36	1.1755e-36	7.5220e-21	0.00e+00	0.00e+00	9.6747e-01
5.00364e+15	5.5570e+03	8.649e-19	5.9948e+02	5.9240e+02	1.2009e-10	7.1413e-02	9.2859e-01	3.2149e-01	6.7845e-01	5.2574e-05	7.3832e-13	1.5913e-02	8.8391e-01	1.0018e-01	6.1905e-07	8.7791e-02	9.0905e-01	3.1628e-03	1.1755e-36	1.1755e-36	1.1755e-36	1.0465e-20	0.00e+00	0.00e+00	1.2995e+00
6.16992e+15	5.5677e+03	8.574e-19	5.9948e+02	5.8482e+02	1.5780e-10	8.1276e-02	9.1872e-01	3.4888e-01	6.5107e-01	4.7324e-05	1.0116e-12	1.7051e-02	8.9310e-01	8.9850e-02	4.7122e-07	9.9796e-02	8.9766e-01	2.5453e-03	1.1755e-36	1.1755e-36	1.1755e-36	1.5788e-20	0.00e+00	0.00e+00	1.6393e+00
7.27463e+15	5.6156e+03	8.547e-19	5.9948e+02	5.7540e+02	2.0767e-10	9.4341e-02	9.0566e-01	3.8015e-01	6.1981e-01	4.2400e-05	1.4589e-12	1.8294e-02	9.0197e-01	7.9732e-02	3.4701e-07	1.1557e-01	8.8245e-01	1.9859e-03	1.1755e-36	1.1755e-36	1.1755e-36	2.5651e-20	0.00e+00	0.00e+00	2.0340e+00
8.34281e+15	5.6910e+03	8.533e-19	5.9948e+02	5.6338e+02	2.7670e-10	1.1151e-01	8.8849e-01	4.1515e-01	5.8481e-01	3.7861e-05	2.2075e-12	1.9561e-02	9.1038e-01	7.0054e-02	2.4752e-07	1.3610e-01	8.6239e-01	1.5014e-03	1.1755e-36	1.1755e-36	1.1755e-36	4.4627e-20	0.00e+00	0.00e+00	2.4694e+00
9.28339e+15	5.7799e+03	8.505e-19	5.9948e+02	5.4905e+02	3.6647e-10	1.3201e-01	8.6799e-01	4.5011e-01	5.4986e-01	3.4118e-05	3.3633e-12	2.0642e-02	9.1762e-01	6.1740e-02	1.7679e-07	1.6036e-01	8.3851e-01	1.1288e-03	1.1755e-36	1.1755e-36	1.1755e-36	7.8637e-20	0.00e+00	0.00e+00	2.8941e+00
1.00552e+16	5.8609e+03	8.454e-19	5.9948e+02	5.3463e+02	4.7941e-10	1.5440e-01	8.4560e-01	4.8221e-01	5.1776e-01	3.1165e-05	5.0022e-12	2.1465e-02	9.2357e-01	5.4967e-02	1.2941e-07	1.8658e-01	8.1256e-01	8.6266e-04	1.1755e-36	1.1755e-36	1.1755e-36	1.3450e-19	0.00e+00	0.00e+00	3.2995e+00
1.07086e+16	5.9283e+03	8.345e-19	5.9948e+02	5.1880e+02	6.2155e-10	1.7824e-01	8.2176e-01	5.1193e-01	4.8804e-01	2.8712e-05	7.2308e-12	2.2006e-02	9.2861e-01	4.9386e-02	1.1755e-36	2.1417e-01	7.8516e-01	6.6961e-04	1.1755e-36	1.1755e-36	1.1755e-36	2.2110e-19	0.00e+00	0.00e+00	3.7134e+00
1.13132e+16	5.9819e+03	8.172e-19	5.9948e+02	5.0110e+02	8.1847e-10	2.0531e-01	7.9469e-01	5.4151e-01	4.5846e-01	2.6482e-05	1.0464e-11	2.2328e-02	9.3332e-01	4.4352e-02	1.1755e-36	2.4511e-01	7.5437e-01	5.1764e-04	1.1755e-36	1.1755e-36	1.1755e-36	3.6375e-19	0.00e+00	0.00e+00	4.1764e+00
1.19053e+16	6.0250e+03	7.904e-19	5.9948e+02	4.7968e+02	1.1055e-09	2.3718e-01	7.6282e-01	5.7213e-01	4.2784e-01	2.4380e-05	1.5367e-11	2.2377e-02	9.3795e-01	3.9671e-02	1.1755e-36	2.8103e-01	7.1857e-01	3.9380e-04	1.1755e-36	1.1755e-36	1.1755e-36	6.0972e-19	0.00e+00	0.00e+00	4.7048e+00
1.24631e+16	6.0480e+03	7.562e-19	5.9948e+02	4.5636e+02	1.5295e-09	2.7352e-01	7.2648e-01	6.0180e-01	3.9818e-01	2.2561e-05	2.2682e-11	2.2177e-02	9.4238e-01	3.5443e-02	1.1755e-36	3.2134e-01	6.7836e-01	2.9749e-04	1.1755e-36	1.1755e-36	1.1755e-36	1.0328e-18	0.00e+00	0.00e+00	5.2506e+00
1.29330e+16	6.0488e+03	7.182e-19	5.9948e+02	4.3346e+02	2.0832e-09	3.0953e-01	6.9047e-01	6.2717e-01	3.7281e-01	2.1163e-05	3.2072e-11	2.1760e-02	9.4616e-01	3.2076e-02	1.1755e-36	3.6060e-01	6.3917e-01	2.3078e-04	1.1755e-36	1.1755e-36	1.1755e-36	1.6561e-18	0.00e+00	0.00e+00	5.7341e+00
1.32956e+16	6.0319e+03	6.825e-19	5.9948e+02	4.1372e+02	2.7133e-09	3.4078e-01	6.5922e-01	6.4684e-01	3.5314e-01	2.0161e-05	4.2315e-11	2.1269e-02	9.4913e-01	2.9597e-02	1.1755e-36	3.9416e-01	6.0566e-01	1.8767e-04	1.1755e-36	1.1755e-36	1.1755e-36	2.4220e-18	0.00e+00	0.00e+00	6.1372e+00
1.35828e+16	6.0041e+03	6.502e-19	5.9948e+02	3.9684e+02	3.4059e-09	3.6756e-01	6.3244e-01	6.6256e-01	3.3742e-01	1.9390e-05	5.2974e-11	2.0772e-02	9.5153e-01	2.7695e-02	1.1755e-36	4.2254e-01	5.7730e-01	1.5827e-04	1.1755e-36	1.1755e-36	1.1755e-36	3.3000e-18	0.00e+00	0.00e+00	6.5016e+00
1.38369e+16	5.9679e+03	6.188e-19	5.9948e+02	3.8104e+02	4.2226e-09	3.9269e-01	6.0731e-01	6.7651e-01	3.2347e-01	1.8729e-05	6.4842e-11	2.0254e-02	9.5369e-01	2.6058e-02	1.1755e-36	4.4886e-01	5.5100e-01	1.3545e-04	1.1755e-36	1.1755e-36	1.1755e-36	4.3652e-18	0.00e+00	0.00e+00	6.8677e+00
1.40789e+16	5.9210e+03	5.868e-19	5.9948e+02	3.6528e+02	5.2594e-09	4.1787e-01	5.8213e-01	6.8970e-01	3.1028e-01	1.8127e-05	7.8856e-11	1.9695e-02	9.5576e-01	2.4548e-02	1.1755e-36	4.7494e-01	5.2494e-01	1.1633e-04	1.1755e-36	1.1755e-36	1.1755e-36	5.7361e-18	0.00e+00	0.00e+00	7.2436e+00
1.43078e+16	5.8669e+03	5.549e-19	5.9948e+02	3.4977e+02	6.5471e-09	4.4265e-01	5.5735e-01	7.0199e-01	2.9799e-01	1.7592e-05	9.5079e-11	1.9106e-02	9.5772e-01	2.3179e-02	1.1755e-36	5.0033e-01	4.9957e-01	1.0041e-04	1.1755e-36	1.1755e-36	1.1755e-36	7.4707e-18	0.00e+00	0.00e+00	7.6127e+00
1.45173e+16	5.8076e+03	5.246e-19	5.9948e+02	3.3511e+02	8.0942e-09	4.6611e-01	5.3389e-01	7.1305e-01	2.8693e-01	1.7131e-05	1.1307e-10	1.8521e-02	9.5951e-01	2.1972e-02	1.1755e-36	5.2409e-01	4.7582e-01	8.7538e-05	1.1755e-36	1.1755e-36	1.1755e-36	9.5763e-18	0.00e+00	0.00e+00	7.9632e+00
1.47075e+16	5.7448e+03	4.963e-19	5.9948e+02	3.2148e+02	9.9220e-09	4.8798e-01	5.1202e-01	7.2297e-01	2.7701e-01	1.6731e-05	1.3264e-10	1.7953e-02	9.6114e-01	2.0911e-02	1.1755e-36	5.4604e-01	4.5389e-01	7.7102e-05	1.1755e-36	1.1755e-36	1.1755e-36	1.2081e-17	0.00e+00	0.00e+00	8.2989e+00
1.48841e+16	5.6785e+03	4.696e-19	5.9948e+02	3.0858e+02	1.2107e-08	5.0869e-01	4.9131e-01	7.3206e-01	2.6792e-01	1.6375e-05	1.5417e-10	1.7399e-02	9.6265e-01	1.9954e-02	1.1755e-36	5.6662e-01	4.3331e-01	6.8393e-05	1.1755e-36	1.1755e-36	1.1755e-36	1.5097e-17	0.00e+00	0.00e+00	8.6289e+00
1.50173e+16	5.6253e+03	4.500e-19	5.9948e+02	2.9897e+02	1.4101e-08	5.2421e-01	4.7579e-01	7.3840e-01	2.6158e-01	1.6150e-05	1.7240e-10	1.6974e-02	9.6373e-01	1.9298e-02	1.1755e-36	5.8193e-01	4.1801e-01	6.2630e-05	1.1755e-36	1.1755e-36	1.1755e-36	1.7897e-17	0.00e+00	0.00e+00	8.8174e+00
1.50983e+16	5.5893e+03	4.379e-19	5.9948e+02	2.9306e+02	1.5555e-08	5.3385e-01	4.6615e-01	7.4232e-01	2.5766e-01	1.6007e-05	1.8492e-10	1.6710e-02	9.6440e-01	1.8892e-02	1.1755e-36	5.9137e-01	4.0857e-01	5.9284e-05	1.1755e-36	1.1755e-36	1.1755e-36	1.9941e-17	0.00e+00	0.00e+00	8.9530e+00
1.51678e+16	5.5568e+03	4.272e-19	5.9948e+02	2.8783e+02	1.6966e-08	5.4222e-01	4.5778e-01	7.4584e-01	2.5415e-01	1.5875e-05	1.9665e-10	1.6473e-02	9.6499e-01	1.8533e-02	1.1755e-36	5.9955e-01	4.0039e-01	5.6462e-05	1.1755e-36	1.1755e-36	1.1755e-36	2.1929e-17	0.00e+00	0.00e+00	9.1005e+00
1.52469e+16	5.5143e+03	4.152e-19	5.9948e+02	2.8194e+02	1.8883e-08	5.5206e-01	4.4794e-01	7.4999e-01	2.4999e-01	1.5703e-05	2.1174e-10	1.6207e-02	9.6568e-01	1.8110e-02	1.1755e-36	6.0913e-01	3.9082e-01	5.3338e-05	1.1755e-36	1.1755e-36	1.1755e-36	2.4624e-17	0.00e+00	0.00e+00	9.2810e+00
1.53327e+16	5.4724e+03	4.022e-19	5.9948e+02	2.7560e+02	2.1082e-08	5.6246e-01	4.3754e-01	7.5426e-01	2.4573e-01	1.5541e-05	2.2892e-10	1.5916e-02	9.6640e-01	1.7682e-02	1.1755e-36	6.1920e-01	3.8075e-01	5.0198e-05	1.1755e-36	1.1755e-36	1.1755e-36	2.7872e-17	0.00e+00	0.00e+00	9.4623e+00
1.54161e+16	5.4267e+03	3.896e-19	5.9948e+02	2.6933e+02	2.3615e-08	5.7259e-01	4.2741e-01	7.5833e-01	2.4166e-01	1.5392e-05	2.4719e-10	1.5624e-02	9.6710e-01	1.7276e-02	1.1755e-36	6.2898e-01	3.7097e-01	4.7322e-05	1.1755e-36	1.1755e-36	1.1755e-36	3.1564e-17	0.00e+00	0.00e+00	9.6391e+00
1.54949e+16	5.3826e+03	3.778e-19	5.9948e+02	2.6330e+02	2.6319e-08	5.8205e-01	4.1795e-01	7.6204e-01	2.3795e-01	1.5268e-05	2.6567e-10	1.5340e-02	9.6775e-01	1.6907e-02	1.1755e-36	6.3806e-01	3.6189e-01	4.4768e-05	1.1755e-36	1.1755e-36	1.1755e-36	3.5547e-17	0.00e+00	0.00e+00	9.8067e+00
1.55699e+16	5.3425e+03	3.664e-19	5.9948e+02	2.5755e+02	2.9116e-08	5.9094e-01	4.0906e-01	7.6551e-01	2.3447e-01	1.5159e-05	2.8448e-10	1.5064e-02	9.6837e-01	1.6566e-02	1.1755e-36	6.4657e-01	3.5339e-01	4.2455e-05	1.1755e-36	1.1755e-36	1.1755e-36	3.9837e-17	0.00e+00	0.00e+00	9.9723e+00
1.56455e+16	5.2911e+03	3.554e-19	5.9948e+02	2.5201e+02	3.2793e-08	6.0049e-01	3.9951e-01	7.6932e-01	2.3066e-01	1.4999e-05	3.0760e-10	1.4804e-02	9.6900e-01	1.6195e-02	1.1755e-36	6.5566e-01	3.4430e-01	4.0161e-05	1.1755e-36	1.1755e-36	1.1755e-36	4.5512e-17	0.00e+00	0.00e+00	1.0147e+01
1.57184e+16	5.2526e+03	3.446e-19	5.9948e+02	2.4640e+02	3.6155e-08	6.0889e-01	3.9111e-01	7.7243e-01	2.2756e-01	1.4924e-05	3.2861e-10	1.4528e-02	9.6958e-01	1.5889e-02	1.1755e-36	6.6363e-01	3.3633e-01	3.8162e-05	1.1755e-36	1.1755e-36	1.1755e-36	5.1004e-17	0.00e+00	0.00e+00	1.0306e+01
1.57897e+16	5.2027e+03	3.343e-19	5.9948e+02	2.4100e+02	4.0546e-08	6.1765e-01	3.8235e-01	7.7585e-01	2.2414e-01	1.4798e-05	3.5394e-10	1.4269e-02	9.7017e-01	1.5560e-02	1.1755e-36	6.7191e-01	3.2805e-01	3.6220e-05	1.1755e-36	1.1755e-36	1.1755e-36	5.8129e-17	0.00e+00	0.00e+00	1.0479e+01
1.58608e+16	5.1544e+03	3.242e-19	5.9948e+02	2.3582e+02	4.5407e-08	6.2635e-01	3.7365e-01	7.7918e-01	2.2081e-01	1.4673e-05	3.8182e-10	1.4019e-02	9.7074e-01	1.5242e-02	1.1755e-36	6.8011e-01	3.1985e-01	3.4384e-05	1.1755e-36	1.1755e-36	1.1755e-36	6.6551e-17	0.00e+00	0.00e+00	1.0640e+01
1.59268e+16	5.1146e+03	3.148e-19	5.9948e+02	2.3086e+02	5.0038e-08	6.3399e-01	3.6600e-01	7.8202e-01	2.1796e-01	1.4595e-05	4.0796e-10	1.3772e-02	9.7126e-01	1.4971e-02	1.1755e-36	6.8730e-01	3.1267e-01	3.2793e-05	1.1755e-36	1.1755e-36	1.1755e-36	7.4990e-17	0.00e+00	0.00e+00	1.0793e+01
1.59931e+16	5.0629e+03	3.056e-19	5.9948e+02	2.2587e+02	5.6224e-08	6.4210e-01	3.5790e-01	7.8511e-01	2.1487e-01	1.4483e-05	4.4011e-10	1.3528e-02	9.7179e-01	1.4679e-02	1.1755e-36	6.9487e-01	3.0510e-01	3.1223e-05	1.1755e-36	1.1755e-36	1.1755e-36	8.6283e-17	0.00e+00	0.00e+00	1.0961e+01
1.60589e+16	5.0140e+03	2.966e-19	5.9948e+02	2.2114e+02	6.2946e-08	6.5004e-01	3.4996e-01	7.8810e-01	2.1189e-01	1.4373e-05	4.7520e-10	1.3296e-02	9.7230e-01	1.4400e-02	1.1755e-36	7.0228e-01	2.9769e-01	2.9743e-05	1.1755e-36	1.1755e-36	1.1755e-36	9.9550e-17	0.00e+00	0.00e+00	1.1115e+01
1.61195e+16	4.9737e+03	2.884e-19	5.9948e+02	2.1664e+02	6.9307e-08	6.5696e-01	3.4304e-01	7.9063e-01	2.0936e-01	1.4307e-05	5.0653e-10	1.3069e-02	9.7278e-01	1.4154e-02	1.1755e-36	7.0872e-01	2.9125e-01	2.8465e-05	1.1755e-36	1.1755e-36	1.1755e-36	1.1199e-16	0.00e+00	0.00e+00	1.1261e+01
1.61807e+16	4.9205e+03	2.801e-19	5.9948e+02	2.1207e+02	7.7983e-08	6.6438e-01	3.3562e-01	7.9344e-01	2.0655e-01	1.4202e-05	5.4430e-10	1.2845e-02	9.7328e-01	1.3878e-02	1.1755e-36	7.1559e-01	2.8438e-01	2.7192e-05	1.1755e-36	1.1755e-36	1.1755e-36	1.2806e-16	0.00e+00	0.00e+00	1.1421e+01
1.62414e+16	4.8709e+03	2.723e-19	5.9948e+02	2.0776e+02	8.7328e-08	6.7162e-01	3.2838e-01	7.9614e-01	2.0385e-01	1.4101e-05	5.8475e-10	1.2632e-02	9.7375e-01	1.3615e-02	1.1755e-36	7.2228e-01	2.7769e-01	2.5992e-05	1.1755e-36	1.1755e-36	1.1755e-36	1.4651e-16	0.00e+00	0.00e+00	1.1567e+01
1.62969e+16	4.8313e+03	2.650e-19	5.9948e+02	2.0369e+02	9.5962e-08	6.7784e-01	3.2216e-01	7.9837e-01	2.0162e-01	1.4047e-05	6.2145e-10	1.2425e-02	9.7418e-01	1.3395e-02	1.1755e-36	7.2800e-01	2.7197e-01	2.4963e-05	1.1755e-36	1.1755e-36	1.1755e-36	1.6441e-16	0.00e+00	0.00e+00	1.1705e+01
1.63536e+16	4.7780e+03	2.578e-19	5.9948e+02	1.9955e+02	1.0805e-07	6.8461e-01	3.1539e-01	8.0094e-01	1.9904e-01	1.3947e-05	6.6818e-10	1.2221e-02	9.7463e-01	1.3145e-02	1.1755e-36	7.3423e-01	2.6574e-01	2.3914e-05	1.1755e-36	1.1755e-36	1.1755e-36	1.8911e-16	0.00e+00	0.00e+00	1.1860e+01
1.64100e+16	4.7288e+03	2.508e-19	5.9948e+02	1.9561e+02	1.2101e-07	6.9122e-01	3.0878e-01	8.0339e-01	1.9660e-01	1.3856e-05	7.1804e-10	1.2024e-02	9.7507e-01	1.2909e-02	1.1755e-36	7.4029e-01	2.5969e-01	2.2924e-05	1.1755e-36	1.1755e-36	1.1755e-36	2.1746e-16	0.00e+00	0.00e+00	1.1999e+01
1.64616e+16	4.6890e+03	2.443e-19	5.9948e+02	1.9192e+02	1.3306e-07	6.9689e-01	3.0311e-01	8.0542e-01	1.9457e-01	1.3805e-05	7.6359e-10	1.1835e-02	9.7545e-01	1.2710e-02	1.1755e-36	7.4546e-01	2.5451e-01	2.2074e-05	1.1755e-36	1.1755e-36	1.1755e-36	2.4524e-16	0.00e+00	0.00e+00	1.2130e+01
1.65139e+16	4.6347e+03	2.380e-19	5.9948e+02	1.8829e+02	1.5041e-07	7.0324e-01	2.9676e-01	8.0789e-01	1.9209e-01	1.3690e-05	8.2440e-10	1.1658e-02	9.7587e-01	1.2477e-02	1.1755e-36	7.5126e-01	2.4872e-01	2.1192e-05	1.1755e-36	1.1755e-36	1.1755e-36	2.8541e-16	0.00e+00	0.00e+00	1.2277e+01
1.65652e+16	4.5943e+03	2.319e-19	5.9948e+02	1.8462e+02	1.6576e-07	7.0869e-01	2.9131e-01	8.0978e-01	1.9021e-01	1.3654e-05	8.7797e-10	1.1468e-02	9.7624e-01	1.2290e-02	1.1755e-36	7.5621e-01	2.4377e-01	2.0419e-05	1.1755e-36	1.1755e-36	1.1755e-36	3.2365e-16	0.00e+00	0.00e+00	1.2404e+01
1.66148e+16	4.5446e+03	2.260e-19	5.9948e+02	1.8113e+02	1.8590e-07	7.1437e-01	2.8563e-01	8.1193e-01	1.8806e-01	1.3571e-05	9.4391e-10	1.1295e-02	9.7662e-01	1.2086e-02	1.1755e-36	7.6137e-01	2.3861e-01	1.9662e-05	1.1755e-36	1.1755e-36	1.1755e-36	3.7449e-16	0.00e+00	0.00e+00	1.2544e+01
1.66643e+16	4.4974e+03	2.203e-19	5.9948e+02	1.7780e+02	2.0788e-07	7.1997e-01	2.8003e-01	8.1402e-01	1.8597e-01	1.3490e-05	1.0155e-09	1.1128e-02	9.7698e-01	1.1888e-02	1.1755e-36	7.6644e-01	2.3354e-01	1.8936e-05	1.1755e-36	1.1755e-36	1.1755e-36	4.3395e-16	0.00e+00	0.00e+00	1.2673e+01
1.67105e+16	4.4565e+03	2.151e-19	5.9948e+02	1.7461e+02	2.2947e-07	7.2492e-01	2.7508e-01	8.1581e-01	1.8418e-01	1.3440e-05	1.0839e-09	1.0965e-02	9.7732e-01	1.1716e-02	1.1755e-36	7.7092e-01	2.2907e-01	1.8295e-05	1.1755e-36	1.1755e-36	1.1755e-36	4.9538e-16	0.00e+00	0.00e+00	1.2796e+01
1.67568e+16	4.4067e+03	2.099e-19	5.9948e+02	1.7151e+02	2.5808e-07	7.3025e-01	2.6975e-01	8.1786e-01	1.8212e-01	1.3348e-05	1.1705e-09	1.0812e-02	9.7766e-01	1.1525e-02	1.1755e-36	7.7572e-01	2.2427e-01	1.7647e-05	1.1755e-36	1.1755e-36	1.1755e-36	5.7951e-16	0.00e+00	0.00e+00	1.2928e+01
1.68022e+16	4.3683e+03	2.049e-19	5.9948e+02	1.6842e+02	2.8397e-07	7.3490e-01	2.6510e-01	8.1950e-01	1.8048e-01	1.3312e-05	1.2490e-09	1.0652e-02	9.7798e-01	1.1366e-02	1.1755e-36	7.7991e-01	2.2008e-01	1.7066e-05	1.1755e-36	1.1755e-36	1.1755e-36	6.6173e-16	0.00e+00	0.00e+00	1.3048e+01
1.68474e+16	4.3183e+03	2.000e-19	5.9948e+02	1.6533e+02	3.1991e-07	7.3991e-01	2.6009e-01	8.2141e-01	1.7857e-01	1.3235e-05	1.3506e-09	1.0500e-02	9.7831e-01	1.1187e-02	1.1755e-36	7.8440e-01	2.1558e-01	1.6483e-05	1.1755e-36	1.1755e-36	1.1755e-36	7.7770e-16	0.00e+00	0.00e+00	1.3180e+01
1.68920e+16	4.2729e+03	1.953e-19	5.9948e+02	1.6245e+02	3.5775e-07	7.4476e-01	2.5524e-01	8.2323e-01	1.7676e-01	1.3162e-05	1.4580e-09	1.0356e-02	9.7863e-01	1.1018e-02	1.1755e-36	7.8875e-01	2.1124e-01	1.5928e-05	1.1755e-36	1.1755e-36	1.1755e-36	9.1017e-16	0.00e+00	0.00e+00	1.3299e+01
1.69329e+16	4.2361e+03	1.910e-19	5.9948e+02	1.5975e+02	3.9272e-07	7.4891e-01	2.5109e-01	8.2472e-01	1.7527e-01	1.3125e-05	1.5565e-09	1.0217e-02	9.7891e-01	1.0877e-02	1.1755e-36	7.9244e-01	2.0754e-01	1.5450e-05	1.1755e-36	1.1755e-36	1.1755e-36	1.0411e-15	0.00e+00	0.00e+00	1.3412e+01
1.69751e+16	4.1874e+03	1.866e-19	5.9948e+02	1.5695e+02	4.4240e-07	7.5349e-01	2.4651e-01	8.2650e-01	1.7349e-01	1.3048e-05	1.6873e-09	1.0079e-02	9.7921e-01	1.0713e-02	1.1755e-36	7.9654e-01	2.0345e-01	1.4951e-05	1.1755e-36	1.1755e-36	1.1755e-36	1.2309e-15	0.00e+00	0.00e+00	1.3539e+01
1.70173e+16	4.1427e+03	1.824e-19	5.9948e+02	1.5429e+02	4.9517e-07	7.5797e-01	2.4203e-01	8.2819e-01	1.7180e-01	1.2978e-05	1.8268e-09	9.9474e-03	9.7949e-01	1.0558e-02	1.1755e-36	8.0053e-01	1.9946e-01	1.4473e-05	1.1755e-36	1.1755e-36	1.1755e-36	1.4503e-15	0.00e+00	0.00e+00	1.3653e+01
1.70558e+16	4.1073e+03	1.785e-19	5.9948e+02	1.5181e+02	5.4270e-07	7.6174e-01	2.3826e-01	8.2955e-01	1.7044e-01	1.2945e-05	1.9521e-09	9.8195e-03	9.7975e-01	1.0429e-02	1.1755e-36	8.0388e-01	1.9611e-01	1.4062e-05	1.1755e-36	1.1755e-36	1.1755e-36	1.6626e-15	0.00e+00	0.00e+00	1.3761e+01
1.70958e+16	4.0626e+03	1.746e-19	5.9948e+02	1.4922e+02	6.0773e-07	7.6588e-01	2.3412e-01	8.3115e-01	1.6884e-01	1.2881e-05	2.1151e-09	9.6913e-03	9.8003e-01	1.0283e-02	1.1755e-36	8.0756e-01	1.9243e-01	1.3632e-05	1.1755e-36	1.1755e-36	1.1755e-36	1.9628e-15	0.00e+00	0.00e+00	1.3884e+01
1.71370e+16	4.0182e+03	1.706e-19	5.9948e+02	1.4663e+02	6.8130e-07	7.7006e-01	2.2994e-01	8.3272e-01	1.6726e-01	1.2822e-05	2.2972e-09	9.5626e-03	9.8030e-01	1.0139e-02	1.1755e-36	8.1126e-01	1.8872e-01	1.3209e-05	1.1755e-36	1.1755e-36	1.1755e-36	2.3281e-15	0.00e+00	0.00e+00	1.4000e+01
1.71753e+16	3.9731e+03	1.671e-19	5.9948e+02	1.4424e+02	7.6467e-07	7.7401e-01	2.2599e-01	8.3425e-01	1.6574e-01	1.2755e-05	2.4966e-09	9.4467e-03	9.8055e-01	1.0001e-02	1.1755e-36	8.1477e-01	1.8522e-01	1.2823e-05	1.1755e-36	1.1755e-36	1.1755e-36	2.7660e-15	0.00e+00	0.00e+00	1.4108e+01
###########################
3.59876e+12	6.2569e+03	1.052e-18	5.9948e+02	6.0840e+02	3.2016e-11	5.5059e-02	9.4494e-01	2.4184e-01	7.5808e-01	7.9856e-05	3.8193e-13	1.3274e-02	8.4347e-01	1.4326e-01	1.3409e-06	6.7254e-02	9.2736e-01	5.3872e-03	1.1755e-36	1.1755e-36	1.1755e-36	5.2241e-21	0.00e+00	0.00e+00	1.5003e-03
2.15926e+13	6.2498e+03	1.047e-18	5.9948e+02	6.0621e+02	3.2000e-11	5.4843e-02	9.4516e-01	2.4141e-01	7.5851e-01	8.0078e-05	3.7710e-13	1.3189e-02	8.4327e-01	1.4354e-01	1.3492e-06	6.6997e-02	9.2760e-01	5.4069e-03	1.1755e-36	1.1755e-36	1.1755e-36	5.1185e-21	0.00e+00	0.00e+00	7.4780e-03
9.35679e+13	6.2315e+03	1.041e-18	5.9948e+02	6.0588e+02	3.2631e-11	5.4879e-02	9.4512e-01	2.4234e-01	7.5758e-01	7.9584e-05	3.7804e-13	1.3190e-02	8.4394e-01	1.4287e-01	1.3373e-06	6.7053e-02	9.2756e-01	5.3841e-03	1.1755e-36	1.1755e-36	1.1755e-36	5.1115e-21	0.00e+00	0.00e+00	3.1404e-02
3.81469e+14	6.1764e+03	1.025e-18	5.9948e+02	6.0522e+02	3.5472e-11	5.5601e-02	9.4440e-01	2.4688e-01	7.5304e-01	7.7401e-05	3.9153e-13	1.3330e-02	8.4688e-01	1.3978e-01	1.2782e-06	6.7977e-02	9.2679e-01	5.2340e-03	1.1755e-36	1.1755e-36	1.1755e-36	5.2818e-21	0.00e+00	0.00e+00	1.2837e-01
9.11207e+14	5.9923e+03	9.768e-19	5.9948e+02	6.0524e+02	4.1897e-11	5.5087e-02	9.4491e-01	2.5256e-01	7.4736e-01	7.4265e-05	3.8668e-13	1.3329e-02	8.5096e-01	1.3571e-01	1.2269e-06	6.7469e-02	9.2736e-01	5.1718e-03	1.1755e-36	1.1755e-36	1.1755e-36	4.9848e-21	0.00e+00	0.00e+00	2.5326e-01
1.44628e+15	5.8304e+03	9.375e-19	5.9948e+02	6.0518e+02	4.9093e-11	5.4760e-02	9.4524e-01	2.5773e-01	7.4220e-01	7.1579e-05	3.8385e-13	1.3346e-02	8.5457e-01	1.3208e-01	1.1787e-06	6.7176e-02	9.2773e-01	5.0952e-03	1.1755e-36	1.1755e-36	1.1755e-36	4.7610e-21	0.00e+00	0.00e+00	3.5097e-01
1.89652e+15	5.7429e+03	9.169e-19	5.9948e+02	6.0457e+02	5.5435e-11	5.5399e-02	9.4460e-01	2.6318e-01	7.3675e-01	6.9249e-05	3.9600e-13	1.3491e-02	8.5789e-01	1.2862e-01	1.1188e-06	6.8022e-02	9.2704e-01	4.9345e-03	1.1755e-36	1.1755e-36	1.1755e-36	4.8616e-21	0.00e+00	0.00e+00	4.4098e-01
2.39008e+15	5.6855e+03	9.039e-19	5.9948e+02	6.0379e+02	6.3096e-11	5.7063e-02	9.4294e-01	2.7095e-01	7.2898e-01	6.6396e-05	4.2660e-13	1.3789e-02	8.6211e-01	1.2410e-01	1.0332e-06	7.0108e-02	9.2523e-01	4.6671e-03	1.1755e-36	1.1755e-36	1.1755e-36	5.2890e-21	0.00e+00	0.00e+00	5.6152e-01
3.03171e+15	5.6304e+03	8.904e-19	5.9948e+02	6.0203e+02	7.4241e-11	5.9704e-02	9.4030e-01	2.8184e-01	7.1810e-01	6.2824e-05	4.7706e-13	1.4233e-02	8.6756e-01	1.1820e-01	9.2370e-07	7.3393e-02	9.2230e-01	4.3020e-03	1.1755e-36	1.1755e-36	1.1755e-36	6.0412e-21	0.00e+00	0.00e+00	7.2547e-01
3.86582e+15	5.5831e+03	8.769e-19	5.9948e+02	5.9839e+02	9.1195e-11	6.3926e-02	9.3607e-01	2.9733e-01	7.0261e-01	5.8384e-05	5.6353e-13	1.4884e-02	8.7457e-01	1.1054e-01	7.8811e-07	7.8609e-02	9.1757e-01	3.8182e-03	1.1755e-36	1.1755e-36	1.1755e-36	7.4163e-21	0.00e+00	0.00e+00	9.5367e-01
4.95017e+15	5.5565e+03	8.651e-19	5.9948e+02	5.9270e+02	1.1864e-10	7.1006e-02	9.2899e-01	3.2032e-01	6.7962e-01	5.2820e-05	7.2822e-13	1.5861e-02	8.8367e-01	1.0047e-01	6.2483e-07	8.7295e-02	9.0951e-01	3.1932e-03	1.1755e-36	1.1755e-36	1.1755e-36	1.0274e-20	0.00e+00	0.00e+00	1.2832e+00
6.11839e+15	5.5646e+03	8.572e-19	5.9948e+02	5.8521e+02	1.5610e-10	8.0750e-02	9.1925e-01	3.4758e-01	6.5237e-01	4.7540e-05	9.9602e-13	1.7013e-02	8.9288e-01	9.0104e-02	4.7598e-07	9.9160e-02	8.9827e-01	2.5727e-03	1.1755e-36	1.1755e-36	1.1755e-36	1.5455e-20	0.00e+00	0.00e+00	1.6227e+00
7.22490e+15	5.6109e+03	8.544e-19	5.9948e+02	5.7589e+02	2.0542e-10	9.3650e-02	9.0635e-01	3.7865e-01	6.2130e-01	4.2608e-05	1.4333e-12	1.8272e-02	9.0175e-01	7.9975e-02	3.5097e-07	1.1474e-01	8.8325e-01	2.0103e-03	1.1755e-36	1.1755e-36	1.1755e-36	2.5036e-20	0.00e+00	0.00e+00	2.0136e+00
8.29366e+15	5.6848e+03	8.529e-19	5.9948e+02	5.6402e+02	2.7360e-10	1.1060e-01	8.8940e-01	4.1347e-01	5.8649e-01	3.8052e-05	2.1639e-12	1.9561e-02	9.1016e-01	7.0278e-02	2.5066e-07	1.3502e-01	8.6346e-01	1.5223e-03	1.1755e-36	1.1755e-36	1.1755e-36	4.3421e-20	0.00e+00	0.00e+00	2.4469e+00
9.24022e+15	5.7732e+03	8.503e-19	5.9948e+02	5.4978e+02	3.6257e-10	1.3094e-01	8.6906e-01	4.4845e-01	5.5152e-01	3.4275e-05	3.2975e-12	2.0675e-02	9.1742e-01	6.1904e-02	1.7893e-07	1.5911e-01	8.3975e-01	1.1446e-03	1.1755e-36	1.1755e-36	1.1755e-36	7.6524e-20	0.00e+00	0.00e+00	2.8722e+00
1.00191e+16	5.8545e+03	8.454e-19	5.9948e+02	5.3540e+02	4.7479e-10	1.5327e-01	8.4673e-01	4.8068e-01	5.1929e-01	3.1291e-05	4.9129e-12	2.1533e-02	9.2340e-01	5.5068e-02	1.3076e-07	1.8526e-01	8.1386e-01	8.7392e-04	1.1755e-36	1.1755e-36	1.1755e-36	1.3120e-19	0.00e+00	0.00e+00	3.2783e+00
1.06767e+16	5.9225e+03	8.347e-19	5.9948e+02	5.1961e+02	6.1570e-10	1.7702e-01	8.2298e-01	5.1048e-01	4.8949e-01	2.8822e-05	7.1091e-12	2.2106e-02	9.2844e-01	4.9451e-02	1.1755e-36	2.1277e-01	7.8655e-01	6.7804e-04	1.1755e-36	1.1755e-36	1.1755e-36	2.1602e-19	0.00e+00	0.00e+00	3.6907e+00
1.12823e+16	5.9726e+03	8.194e-19	5.9948e+02	5.0304e+02	8.1686e-10	2.0432e-01	7.9568e-01	5.4039e-01	4.5958e-01	2.6525e-05	1.0363e-11	2.2497e-02	9.3320e-01	4.4305e-02	1.1755e-36	2.4399e-01	7.5549e-01	5.2326e-04	1.1755e-36	1.1755e-36	1.1755e-36	3.5935e-19	0.00e+00	0.00e+00	4.1515e+00
1.18700e+16	6.0206e+03	7.916e-19	5.9948e+02	4.8087e+02	1.0905e-09	2.3535e-01	7.6465e-01	5.7033e-01	4.2964e-01	2.4502e-05	1.5060e-11	2.2533e-02	9.3771e-01	3.9755e-02	1.1755e-36	2.7898e-01	7.2062e-01	3.9999e-04	1.1755e-36	1.1755e-36	1.1755e-36	5.9345e-19	0.00e+00	0.00e+00	4.6678e+00
1.24111e+16	6.0452e+03	7.593e-19	5.9948e+02	4.5848e+02	1.4895e-09	2.7022e-01	7.2978e-01	5.9899e-01	4.0099e-01	2.2739e-05	2.1944e-11	2.2371e-02	9.4197e-01	3.5658e-02	1.1755e-36	3.1771e-01	6.8198e-01	3.0518e-04	1.1755e-36	1.1755e-36	1.1755e-36	9.8827e-19	0.00e+00	0.00e+00	5.1819e+00
1.28683e+16	6.0476e+03	7.232e-19	5.9948e+02	4.3652e+02	2.0063e-09	3.0473e-01	6.9527e-01	6.2371e-01	3.7627e-01	2.1356e-05	3.0703e-11	2.2003e-02	9.4564e-01	3.2359e-02	1.1755e-36	3.5542e-01	6.4435e-01	2.3869e-04	1.1755e-36	1.1755e-36	1.1755e-36	1.5615e-18	0.00e+00	0.00e+00	5.6570e+00
1.32378e+16	6.0325e+03	6.877e-19	5.9948e+02	4.1668e+02	2.6180e-09	3.3609e-01	6.6391e-01	6.4380e-01	3.5618e-01	2.0316e-05	4.0676e-11	2.1534e-02	9.4865e-01	2.9816e-02	1.1755e-36	3.8916e-01	6.1065e-01	1.9360e-04	1.1755e-36	1.1755e-36	1.1755e-36	2.2954e-18	0.00e+00	0.00e+00	6.0734e+00
1.35391e+16	6.0055e+03	6.544e-19	5.9948e+02	3.9916e+02	3.3144e-09	3.6388e-01	6.3612e-01	6.6029e-01	3.3969e-01	1.9502e-05	5.1449e-11	2.1034e-02	9.5115e-01	2.7817e-02	1.1755e-36	4.1867e-01	5.8117e-01	1.6207e-04	1.1755e-36	1.1755e-36	1.1755e-36	3.1715e-18	0.00e+00	0.00e+00	6.4523e+00
1.38020e+16	5.9691e+03	6.225e-19	5.9948e+02	3.8310e+02	4.1384e-09	3.8984e-01	6.1016e-01	6.7484e-01	3.2514e-01	1.8798e-05	6.3510e-11	2.0520e-02	9.5336e-01	2.6115e-02	1.1755e-36	4.4590e-01	5.5396e-01	1.3798e-04	1.1755e-36	1.1755e-36	1.1755e-36	4.2450e-18	0.00e+00	0.00e+00	6.8223e+00
1.40469e+16	5.9236e+03	5.901e-19	5.9948e+02	3.6702e+02	5.1542e-09	4.1511e-01	5.8489e-01	6.8805e-01	3.1193e-01	1.8207e-05	7.7274e-11	1.9952e-02	9.5545e-01	2.4597e-02	1.1755e-36	4.7210e-01	5.2778e-01	1.1837e-04	1.1755e-36	1.1755e-36	1.1755e-36	5.5811e-18	0.00e+00	0.00e+00	7.1982e+00
1.42757e+16	5.8710e+03	5.584e-19	5.9948e+02	3.5158e+02	6.4059e-09	4.3978e-01	5.6022e-01	7.0033e-01	2.9966e-01	1.7672e-05	9.3136e-11	1.9370e-02	9.5740e-01	2.3230e-02	1.1755e-36	4.9740e-01	5.0249e-01	1.0223e-04	1.1755e-36	1.1755e-36	1.1755e-36	7.2639e-18	0.00e+00	0.00e+00	7.5617e+00
1.44843e+16	5.8131e+03	5.283e-19	5.9948e+02	3.3702e+02	7.9036e-09	4.6308e-01	5.3692e-01	7.1138e-01	2.8860e-01	1.7210e-05	1.1068e-10	1.8793e-02	9.5918e-01	2.2027e-02	1.1755e-36	5.2104e-01	4.7887e-01	8.9189e-05	1.1755e-36	1.1755e-36	1.1755e-36	9.2976e-18	0.00e+00	0.00e+00	7.9102e+00
1.46758e+16	5.7510e+03	4.999e-19	5.9948e+02	3.2332e+02	9.6901e-09	4.8505e-01	5.1495e-01	7.2140e-01	2.7859e-01	1.6804e-05	1.2996e-10	1.8225e-02	9.6082e-01	2.0957e-02	1.1755e-36	5.4312e-01	4.5680e-01	7.8499e-05	1.1755e-36	1.1755e-36	1.1755e-36	1.1741e-17	0.00e+00	0.00e+00	8.2484e+00
1.48548e+16	5.6848e+03	4.729e-19	5.9948e+02	3.1026e+02	1.1843e-08	5.0601e-01	4.9399e-01	7.3063e-01	2.6935e-01	1.6441e-05	1.5133e-10	1.7665e-02	9.6235e-01	1.9987e-02	1.1755e-36	5.6398e-01	4.3595e-01	6.9532e-05	1.1755e-36	1.1755e-36	1.1755e-36	1.4705e-17	0.00e+00	0.00e+00	8.5812e+00
1.49895e+16	5.6330e+03	4.531e-19	5.9948e+02	3.0055e+02	1.3784e-08	5.2165e-01	4.7835e-01	7.3701e-01	2.6297e-01	1.6218e-05	1.6934e-10	1.7236e-02	9.6344e-01	1.9328e-02	1.1755e-36	5.7942e-01	4.2051e-01	6.3621e-05	1.1755e-36	1.1755e-36	1.1755e-36	1.7444e-17	0.00e+00	0.00e+00	8.7700e+00
1.50712e+16	5.5961e+03	4.409e-19	5.9948e+02	2.9459e+02	1.5230e-08	5.3140e-01	4.6860e-01	7.4101e-01	2.5897e-01	1.6069e-05	1.8179e-10	1.6971e-02	9.6411e-01	1.8918e-02	1.1755e-36	5.8898e-01	4.1096e-01	6.0194e-05	1.1755e-36	1.1755e-36	1.1755e-36	1.9457e-17	0.00e+00	0.00e+00	8.9065e+00
1.51409e+16	5.5639e+03	4.302e-19	5.9948e+02	2.8935e+02	1.6607e-08	5.3979e-01	4.6021e-01	7.4454e-01	2.5544e-01	1.5936e-05	1.9333e-10	1.6734e-02	9.6471e-01	1.8558e-02	1.1755e-36	5.9719e-01	4.0275e-01	5.7327e-05	1.1755e-36	1.1755e-36	1.1755e-36	2.1394e-17	0.00e+00	0.00e+00	9.0526e+00
1.52198e+16	5.5222e+03	4.181e-19	5.9948e+02	2.8347e+02	1.8460e-08	5.4959e-01	4.5041e-01	7.4869e-01	2.5130e-01	1.5765e-05	2.0806e-10	1.6467e-02	9.6540e-01	1.8137e-02	1.1755e-36	6.0673e-01	3.9321e-01	5.4168e-05	1.1755e-36	1.1755e-36	1.1755e-36	2.3995e-17	0.00e+00	0.00e+00	9.2320e+00
1.53059e+16	5.4754e+03	4.051e-19	5.9948e+02	2.7695e+02	2.0740e-08	5.6008e-01	4.3992e-01	7.5302e-01	2.4697e-01	1.5598e-05	2.2507e-10	1.6168e-02	9.6613e-01	1.7707e-02	1.1755e-36	6.1691e-01	3.8304e-01	5.0982e-05	1.1755e-36	1.1755e-36	1.1755e-36	2.7187e-17	0.00e+00	0.00e+00	9.4142e+00
1.53879e+16	5.4409e+03	3.925e-19	5.9948e+02	2.7076e+02	2.2856e-08	5.6964e-01	4.3036e-01	7.5678e-01	2.4320e-01	1.5485e-05	2.4146e-10	1.5873e-02	9.6680e-01	1.7330e-02	1.1755e-36	6.2614e-01	3.7381e-01	4.8158e-05	1.1755e-36	1.1755e-36	1.1755e-36	3.0430e-17	0.00e+00	0.00e+00	9.5826e+00
1.54692e+16	5.3914e+03	3.803e-19	5.9948e+02	2.6457e+02	2.5719e-08	5.7968e-01	4.2032e-01	7.6082e-01	2.3916e-01	1.5332e-05	2.6094e-10	1.5584e-02	9.6749e-01	1.6930e-02	1.1755e-36	6.3580e-01	3.6416e-01	4.5425e-05	1.1755e-36	1.1755e-36	1.1755e-36	3.4567e-17	0.00e+00	0.00e+00	9.7679e+00
1.55493e+16	5.3443e+03	3.685e-19	5.9948e+02	2.5871e+02	2.8847e-08	5.8956e-01	4.1044e-01	7.6472e-01	2.3527e-01	1.5183e-05	2.8203e-10	1.5307e-02	9.6815e-01	1.6548e-02	1.1755e-36	6.4525e-01	3.5471e-01	4.2886e-05	1.1755e-36	1.1755e-36	1.1755e-36	3.9357e-17	0.00e+00	0.00e+00	9.9371e+00
1.56222e+16	5.3053e+03	3.576e-19	5.9948e+02	2.5311e+02	3.1822e-08	5.9810e-01	4.0190e-01	7.6797e-01	2.3202e-01	1.5092e-05	3.0133e-10	1.5035e-02	9.6874e-01	1.6229e-02	1.1755e-36	6.5340e-01	3.4656e-01	4.0740e-05	1.1755e-36	1.1755e-36	1.1755e-36	4.4019e-17	0.00e+00	0.00e+00	1.0095e+01
1.56945e+16	5.2545e+03	3.471e-19	5.9948e+02	2.4777e+02	3.5760e-08	6.0725e-01	3.9275e-01	7.7161e-01	2.2837e-01	1.4940e-05	3.2523e-10	1.4781e-02	9.6934e-01	1.5879e-02	1.1755e-36	6.6208e-01	3.3788e-01	3.8620e-05	1.1755e-36	1.1755e-36	1.1755e-36	5.0218e-17	0.00e+00	0.00e+00	1.0267e+01
1.57659e+16	5.2185e+03	3.366e-19	5.9948e+02	2.4233e+02	3.9271e-08	6.1542e-01	3.8458e-01	7.7462e-01	2.2536e-01	1.4869e-05	3.4709e-10	1.4510e-02	9.6990e-01	1.5586e-02	1.1755e-36	6.6980e-01	3.3016e-01	3.6727e-05	1.1755e-36	1.1755e-36	1.1755e-36	5.6229e-17	0.00e+00	0.00e+00	1.0426e+01
1.58378e+16	5.1669e+03	3.262e-19	5.9948e+02	2.3687e+02	4.4191e-08	6.2425e-01	3.7575e-01	7.7806e-01	2.2193e-01	1.4743e-05	3.7469e-10	1.4245e-02	9.7050e-01	1.5260e-02	1.1755e-36	6.7814e-01	3.2183e-01	3.4832e-05	1.1755e-36	1.1755e-36	1.1755e-36	6.4447e-17	0.00e+00	0.00e+00	1.0605e+01
1.59099e+16	5.1147e+03	3.161e-19	5.9948e+02	2.3153e+02	4.9802e-08	6.3301e-01	3.6699e-01	7.8137e-01	2.1862e-01	1.4625e-05	4.0521e-10	1.3984e-02	9.7107e-01	1.4947e-02	1.1755e-36	6.8637e-01	3.1360e-01	3.3051e-05	1.1755e-36	1.1755e-36	1.1755e-36	7.4299e-17	0.00e+00	0.00e+00	1.0769e+01
1.59743e+16	5.0733e+03	3.072e-19	5.9948e+02	2.2681e+02	5.5019e-08	6.4057e-01	3.5943e-01	7.8417e-01	2.1582e-01	1.4540e-05	4.3380e-10	1.3748e-02	9.7157e-01	1.4682e-02	1.1755e-36	6.9346e-01	3.0651e-01	3.1544e-05	1.1755e-36	1.1755e-36	1.1755e-36	8.4163e-17	0.00e+00	0.00e+00	1.0915e+01
1.60365e+16	5.0231e+03	2.986e-19	5.9948e+02	2.2224e+02	6.1607e-08	6.4827e-01	3.5173e-01	7.8713e-01	2.1286e-01	1.4423e-05	4.6756e-10	1.3523e-02	9.7207e-01	1.4409e-02	1.1755e-36	7.0063e-01	2.9934e-01	3.0109e-05	1.1755e-36	1.1755e-36	1.1755e-36	9.6800e-17	0.00e+00	0.00e+00	1.1072e+01
1.60983e+16	4.9806e+03	2.902e-19	5.9948e+02	2.1763e+02	6.8101e-08	6.5538e-01	3.4462e-01	7.8974e-01	2.1025e-01	1.4351e-05	4.9974e-10	1.3291e-02	9.7255e-01	1.4159e-02	1.1755e-36	7.0726e-01	2.9271e-01	2.8789e-05	1.1755e-36	1.1755e-36	1.1755e-36	1.0953e-16	0.00e+00	0.00e+00	1.1220e+01
1.61595e+16	4.9296e+03	2.819e-19	5.9948e+02	2.1309e+02	7.6349e-08	6.6276e-01	3.3724e-01	7.9252e-01	2.0747e-01	1.4250e-05	5.3630e-10	1.3066e-02	9.7305e-01	1.3887e-02	1.1755e-36	7.1409e-01	2.8588e-01	2.7507e-05	1.1755e-36	1.1755e-36	1.1755e-36	1.2487e-16	0.00e+00	0.00e+00	1.1377e+01
1.62198e+16	4.8806e+03	2.741e-19	5.9948e+02	2.0878e+02	8.5393e-08	6.6997e-01	3.3003e-01	7.9521e-01	2.0478e-01	1.4151e-05	5.7567e-10	1.2850e-02	9.7352e-01	1.3626e-02	1.1755e-36	7.2076e-01	2.7922e-01	2.6298e-05	1.1755e-36	1.1755e-36	1.1755e-36	1.4258e-16	0.00e+00	0.00e+00	1.1524e+01
1.62762e+16	4.8392e+03	2.667e-19	5.9948e+02	2.0466e+02	9.4150e-08	6.7635e-01	3.2365e-01	7.9753e-01	2.0246e-01	1.4088e-05	6.1289e-10	1.2641e-02	9.7396e-01	1.3400e-02	1.1755e-36	7.2665e-01	2.7333e-01	2.5235e-05	1.1755e-36	1.1755e-36	1.1755e-36	1.6051e-16	0.00e+00	0.00e+00	1.1665e+01
1.63330e+16	4.7841e+03	2.595e-19	5.9948e+02	2.0063e+02	1.0640e-07	6.8336e-01	3.1664e-01	8.0024e-01	1.9975e-01	1.3968e-05	6.6096e-10	1.2442e-02	9.7442e-01	1.3141e-02	1.1755e-36	7.3309e-01	2.6689e-01	2.4157e-05	1.1755e-36	1.1755e-36	1.1755e-36	1.8557e-16	0.00e+00	0.00e+00	1.1817e+01
1.63880e+16	4.7472e+03	2.524e-19	5.9948e+02	1.9660e+02	1.1648e-07	6.8924e-01	3.1076e-01	8.0225e-01	1.9774e-01	1.3939e-05	7.0132e-10	1.2232e-02	9.7483e-01	1.2941e-02	1.1755e-36	7.3847e-01	2.6151e-01	2.3226e-05	1.1755e-36	1.1755e-36	1.1755e-36	2.0810e-16	0.00e+00	0.00e+00	1.1950e+01
1.64431e+16	4.6960e+03	2.456e-19	5.9948e+02	1.9263e+02	1.3087e-07	6.9570e-01	3.0430e-01	8.0471e-01	1.9528e-01	1.3846e-05	7.5425e-10	1.2033e-02	9.7526e-01	1.2707e-02	1.1755e-36	7.4438e-01	2.5560e-01	2.2271e-05	1.1755e-36	1.1755e-36	1.1755e-36	2.3995e-16	0.00e+00	0.00e+00	1.2106e+01
1.64994e+16	4.6417e+03	2.388e-19	5.9948e+02	1.8866e+02	1.4809e-07	7.0225e-01	2.9775e-01	8.0714e-01	1.9285e-01	1.3754e-05	8.1462e-10	1.1834e-02	9.7569e-01	1.2474e-02	1.1755e-36	7.5036e-01	2.4962e-01	2.1348e-05	1.1755e-36	1.1755e-36	1.1755e-36	2.7960e-16	0.00e+00	0.00e+00	1.2248e+01
1.65494e+16	4.5999e+03	2.328e-19	5.9948e+02	1.8521e+02	1.6360e-07	7.0779e-01	2.9221e-01	8.0913e-01	1.9086e-01	1.3694e-05	8.6929e-10	1.1657e-02	9.7606e-01	1.2283e-02	1.1755e-36	7.5541e-01	2.4457e-01	2.0570e-05	1.1755e-36	1.1755e-36	1.1755e-36	3.1812e-16	0.00e+00	0.00e+00	1.2372e+01
1.65969e+16	4.5518e+03	2.273e-19	5.9948e+02	1.8192e+02	1.8281e-07	7.1334e-01	2.8666e-01	8.1125e-01	1.8874e-01	1.3605e-05	9.3290e-10	1.1493e-02	9.7642e-01	1.2084e-02	1.1755e-36	7.6045e-01	2.3953e-01	1.9831e-05	1.1755e-36	1.1755e-36	1.1755e-36	3.6659e-16	0.00e+00	0.00e+00	1.2504e+01
1.66444e+16	4.5120e+03	2.217e-19	5.9948e+02	1.7861e+02	2.0131e-07	7.1844e-01	2.8156e-01	8.1308e-01	1.8690e-01	1.3557e-05	9.9429e-10	1.1321e-02	9.7677e-01	1.1908e-02	1.1755e-36	7.6507e-01	2.3491e-01	1.9144e-05	1.1755e-36	1.1755e-36	1.1755e-36	4.1671e-16	0.00e+00	0.00e+00	1.2630e+01
1.66928e+16	4.4615e+03	2.161e-19	5.9948e+02	1.7523e+02	2.2652e-07	7.2394e-01	2.7606e-01	8.1516e-01	1.8483e-01	1.3476e-05	1.0720e-09	1.1151e-02	9.7714e-01	1.1712e-02	1.1755e-36	7.7003e-01	2.2995e-01	1.8448e-05	1.1755e-36	1.1755e-36	1.1755e-36	4.8584e-16	0.00e+00	0.00e+00	1.2768e+01
1.67407e+16	4.4147e+03	2.108e-19	5.9948e+02	1.7205e+02	2.5342e-07	7.2929e-01	2.7071e-01	8.1715e-01	1.8284e-01	1.3399e-05	1.1550e-09	1.0991e-02	9.7748e-01	1.1527e-02	1.1755e-36	7.7485e-01	2.2513e-01	1.7787e-05	1.1755e-36	1.1755e-36	1.1755e-36	5.6546e-16	0.00e+00	0.00e+00	1.2893e+01
1.67848e+16	4.3764e+03	2.059e-19	5.9948e+02	1.6906e+02	2.7861e-07	7.3388e-01	2.6612e-01	8.1880e-01	1.8119e-01	1.3357e-05	1.2316e-09	1.0836e-02	9.7780e-01	1.1369e-02	1.1755e-36	7.7899e-01	2.2099e-01	1.7213e-05	1.1755e-36	1.1755e-36	1.1755e-36	6.4461e-16	0.00e+00	0.00e+00	1.3012e+01
1.68297e+16	4.3272e+03	2.010e-19	5.9948e+02	1.6599e+02	3.1334e-07	7.3889e-01	2.6111e-01	8.2070e-01	1.7928e-01	1.3280e-05	1.3303e-09	1.0682e-02	9.7813e-01	1.1193e-02	1.1755e-36	7.8348e-01	2.1650e-01	1.6626e-05	1.1755e-36	1.1755e-36	1.1755e-36	7.5584e-16	0.00e+00	0.00e+00	1.3144e+01
1.68747e+16	4.2813e+03	1.963e-19	5.9948e+02	1.6308e+02	3.5070e-07	7.4379e-01	2.5621e-01	8.2255e-01	1.7744e-01	1.3206e-05	1.4367e-09	1.0535e-02	9.7844e-01	1.1023e-02	1.1755e-36	7.8788e-01	2.1210e-01	1.6061e-05	1.1755e-36	1.1755e-36	1.1755e-36	8.8523e-16	0.00e+00	0.00e+00	1.3264e+01
1.69160e+16	4.2438e+03	1.919e-19	5.9948e+02	1.6034e+02	3.8555e-07	7.4799e-01	2.5201e-01	8.2405e-01	1.7593e-01	1.3168e-05	1.5347e-09	1.0393e-02	9.7873e-01	1.0880e-02	1.1755e-36	7.9164e-01	2.0835e-01	1.5573e-05	1.1755e-36	1.1755e-36	1.1755e-36	1.0140e-15	0.00e+00	0.00e+00	1.3377e+01
1.69581e+16	4.1960e+03	1.875e-19	5.9948e+02	1.5752e+02	4.3348e-07	7.5257e-01	2.4743e-01	8.2581e-01	1.7418e-01	1.3096e-05	1.6616e-09	1.0252e-02	9.7903e-01	1.0720e-02	1.1755e-36	7.9572e-01	2.0427e-01	1.5073e-05	1.1755e-36	1.1755e-36	1.1755e-36	1.1958e-15	0.00e+00	0.00e+00	1.3504e+01
1.70003e+16	4.1514e+03	1.833e-19	5.9948e+02	1.5486e+02	4.8494e-07	7.5706e-01	2.4294e-01	8.2751e-01	1.7248e-01	1.3026e-05	1.7982e-09	1.0119e-02	9.7932e-01	1.0565e-02	1.1755e-36	7.9973e-01	2.0025e-01	1.4589e-05	1.1755e-36	1.1755e-36	1.1755e-36	1.4074e-15	0.00e+00	0.00e+00	1.3618e+01
1.70391e+16	4.1144e+03	1.794e-19	5.9948e+02	1.5233e+02	5.3341e-07	7.6093e-01	2.3907e-01	8.2890e-01	1.7109e-01	1.2990e-05	1.9253e-09	9.9886e-03	9.7958e-01	1.0435e-02	1.1755e-36	8.0318e-01	1.9681e-01	1.4168e-05	1.1755e-36	1.1755e-36	1.1755e-36	1.6205e-15	0.00e+00	0.00e+00	1.3727e+01
1.70787e+16	4.0683e+03	1.755e-19	5.9948e+02	1.4974e+02	5.9910e-07	7.6515e-01	2.3485e-01	8.3051e-01	1.6948e-01	1.2924e-05	2.0890e-09	9.8600e-03	9.7985e-01	1.0289e-02	1.1755e-36	8.0691e-01	1.9308e-01	1.3736e-05	1.1755e-36	1.1755e-36	1.1755e-36	1.9197e-15	0.00e+00	0.00e+00	1.3847e+01
1.71184e+16	4.0247e+03	1.716e-19	5.9948e+02	1.4727e+02	6.7029e-07	7.6933e-01	2.3067e-01	8.3206e-01	1.6792e-01	1.2860e-05	2.2667e-09	9.7373e-03	9.8011e-01	1.0149e-02	1.1755e-36	8.1062e-01	1.8937e-01	1.3314e-05	1.1755e-36	1.1755e-36	1.1755e-36	2.2722e-15	0.00e+00	0.00e+00	1.3957e+01
1.71552e+16	3.9877e+03	1.681e-19	5.9948e+02	1.4488e+02	7.3880e-07	7.7300e-01	2.2700e-01	8.3332e-01	1.6666e-01	1.2831e-05	2.4354e-09	9.6154e-03	9.8035e-01	1.0031e-02	1.1755e-36	8.1388e-01	1.8611e-01	1.2941e-05	1.1755e-36	1.1755e-36	1.1755e-36	2.6358e-15	0.00e+00	0.00e+00	1.4062e+01
###########################
3.59876e+12	6.2569e+03	1.052e-18	5.9948e+02	6.0840e+02	3.2016e-11	5.5059e-02	9.4494e-01	2.4184e-01	7.5808e-01	7.9855e-05	3.8193e-13	1.3274e-02	8.4347e-01	1.4326e-01	1.3409e-06	6.7255e-02	9.2736e-01	5.3872e-03	1.1755e-36	1.1755e-36	1.1755e-36	5.2241e-21	0.00e+00	0.00e+00	1.5003e-03
2.15926e+13	6.2498e+03	1.047e-18	5.9948e+02	6.0621e+02	3.2000e-11	5.4843e-02	9.4516e-01	2.4141e-01	7.5851e-01	8.0078e-05	3.7710e-13	1.3189e-02	8.4327e-01	1.4354e-01	1.3492e-06	6.6997e-02	9.2760e-01	5.4069e-03	1.1755e-36	1.1755e-36	1.1755e-36	5.1185e-21	0.00e+00	0.00e+00	7.4780e-03
9.35679e+13	6.2315e+03	1.041e-18	5.9948e+02	6.0588e+02	3.2631e-11	5.4879e-02	9.4512e-01	2.4234e-01	7.5758e-01	7.9584e-05	3.7804e-13	1.3190e-02	8.4394e-01	1.4287e-01	1.3373e-06	6.7053e-02	9.2756e-01	5.3841e-03	1.1755e-36	1.1755e-36	1.1755e-36	5.1115e-21	0.00e+00	0.00e+00	3.1404e-02
3.81469e+14	6.1764e+03	1.025e-18	5.9948e+02	6.0522e+02	3.5472e-11	5.5601e-02	9.4440e-01	2.4688e-01	7.5304e-01	7.7401e-05	3.9153e-13	1.3331e-02	8.4688e-01	1.3978e-01	1.2782e-06	6.7977e-02	9.2679e-01	5.2340e-03	1.1755e-36	1.1755e-36	1.1755e-36	5.2818e-21	0.00e+00	0.00e+00	1.2837e-01
9.11207e+14	5.9923e+03	9.768e-19	5.9948e+02	6.0524e+02	4.1897e-11	5.5087e-02	9.4491e-01	2.5256e-01	7.4736e-01	7.4265e-05	3.8668e-13	1.3329e-02	8.5096e-01	1.3571e-01	1.2269e-06	6.7469e-02	9.2736e-01	5.1718e-03	1.1755e-36	1.1755e-36	1.1755e-36	4.9848e-21	0.00e+00	0.00e+00	2.5326e-01
1.44628e+15	5.8304e+03	9.375e-19	5.9948e+02	6.0518e+02	4.9093e-11	5.4760e-02	9.4524e-01	2.5773e-01	7.4220e-01	7.1579e-05	3.8385e-13	1.3346e-02	8.5457e-01	1.3208e-01	1.1787e-06	6.7176e-02	9.2773e-01	5.0952e-03	1.1755e-36	1.1755e-36	1.1755e-36	4.7610e-21	0.00e+00	0.00e+00	3.5097e-01
1.89653e+15	5.7429e+03	9.169e-19	5.9948e+02	6.0457e+02	5.5435e-11	5.5399e-02	9.4460e-01	2.6318e-01	7.3675e-01	6.9249e-05	3.9600e-13	1.3491e-02	8.5789e-01	1.2862e-01	1.1188e-06	6.8022e-02	9.2704e-01	4.9345e-03	1.1755e-36	1.1755e-36	1.1755e-36	4.8616e-21	0.00e+00	0.00e+00	4.4099e-01
2.39009e+15	5.6855e+03	9.039e-19	5.9948e+02	6.0379e+02	6.3096e-11	5.7063e-02	9.4294e-01	2.7095e-01	7.2898e-01	6.6396e-05	4.2660e-13	1.3789e-02	8.6211e-01	1.2410e-01	1.0332e-06	7.0108e-02	9.2523e-01	4.6671e-03	1.1755e-36	1.1755e-36	1.1755e-36	5.2890e-21	0.00e+00	0.00e+00	5.6152e-01
3.03172e+15	5.6304e+03	8.904e-19	5.9948e+02	6.0203e+02	7.4241e-11	5.9704e-02	9.4030e-01	2.8184e-01	7.1810e-01	6.2824e-05	4.7706e-13	1.4233e-02	8.6756e-01	1.1820e-01	9.2370e-07	7.3393e-02	9.2230e-01	4.3020e-03	1.1755e-36	1.1755e-36	1.1755e-36	6.0412e-21	0.00e+00	0.00e+00	7.2547e-01
3.86584e+15	5.5831e+03	8.769e-19	5.9948e+02	5.9838e+02	9.1195e-11	6.3926e-02	9.3607e-01	2.9733e-01	7.0261e-01	5.8384e-05	5.6353e-13	1.4884e-02	8.7457e-01	1.1054e-01	7.8811e-07	7.8609e-02	9.1757e-01	3.8182e-03	1.1755e-36	1.1755e-36	1.1755e-36	7.4163e-21	0.00e+00	0.00e+00	9.5367e-01
4.95020e+15	5.5565e+03	8.651e-19	5.9948e+02	5.9270e+02	1.1864e-10	7.1006e-02	9.2899e-01	3.2032e-01	6.7962e-01	5.2820e-05	7.2823e-13	1.5861e-02	8.8367e-01	1.0047e-01	6.2482e-07	8.7295e-02	9.0951e-01	3.1931e-03	1.1755e-36	1.1755e-36	1.1755e-36	1.0274e-20	0.00e+00	0.00e+00	1.2832e+00
6.11841e+15	5.5646e+03	8.572e-19	5.9948e+02	5.8521e+02	1.5610e-10	8.0751e-02	9.1925e-01	3.4758e-01	6.5237e-01	4.7540e-05	9.9602e-13	1.7013e-02	8.9288e-01	9.0103e-02	4.7598e-07	9.9160e-02	8.9827e-01	2.5727e-03	1.1755e-36	1.1755e-36	1.1755e-36	1.5455e-20	0.00e+00	0.00e+00	1.6227e+00
7.22493e+15	5.6109e+03	8.544e-19	5.9948e+02	5.7589e+02	2.0543e-10	9.3650e-02	9.0635e-01	3.7865e-01	6.2130e-01	4.2608e-05	1.4333e-12	1.8272e-02	9.0175e-01	7.9975e-02	3.5097e-07	1.1474e-01	8.8325e-01	2.0103e-03	1.1755e-36	1.1755e-36	1.1755e-36	2.5036e-20	0.00e+00	0.00e+00	2.0136e+00
8.29367e+15	5.6848e+03	8.529e-19	5.9948e+02	5.6402e+02	2.7360e-10	1.1060e-01	8.8940e-01	4.1347e-01	5.8649e-01	3.8052e-05	2.1639e-12	1.9561e-02	9.1016e-01	7.0278e-02	2.5066e-07	1.3502e-01	8.6346e-01	1.5223e-03	1.1755e-36	1.1755e-36	1.1755e-36	4.3421e-20	0.00e+00	0.00e+00	2.4470e+00
9.24023e+15	5.7732e+03	8.503e-19	5.9948e+02	5.4978e+02	3.6257e-10	1.3094e-01	8.6906e-01	4.4845e-01	5.5151e-01	3.4275e-05	3.2975e-12	2.0675e-02	9.1742e-01	6.1904e-02	1.7892e-07	1.5911e-01	8.3975e-01	1.1446e-03	1.1755e-36	1.1755e-36	1.1755e-36	7.6525e-20	0.00e+00	0.00e+00	2.8723e+00
1.00191e+16	5.8545e+03	8.454e-19	5.9948e+02	5.3540e+02	4.7479e-10	1.5327e-01	8.4673e-01	4.8068e-01	5.1928e-01	3.1291e-05	4.9129e-12	2.1534e-02	9.2340e-01	5.5068e-02	1.3076e-07	1.8526e-01	8.1386e-01	8.7392e-04	1.1755e-36	1.1755e-36	1.1755e-36	1.3120e-19	0.00e+00	0.00e+00	3.2783e+00
1.06767e+16	5.9225e+03	8.347e-19	5.9948e+02	5.1961e+02	6.1570e-10	1.7702e-01	8.2298e-01	5.1048e-01	4.8949e-01	2.8822e-05	7.1091e-12	2.2106e-02	9.2844e-01	4.9451e-02	1.1755e-36	2.1277e-01	7.8655e-01	6.7804e-04	1.1755e-36	1.1755e-36	1.1755e-36	2.1602e-19	0.00e+00	0.00e+00	3.6907e+00
1.12823e+16	5.9726e+03	8.194e-19	5.9948e+02	5.0304e+02	8.1686e-10	2.0432e-01	7.9568e-01	5.4039e-01	4.5958e-01	2.6525e-05	1.0363e-11	2.2497e-02	9.3320e-01	4.4305e-02	1.1755e-36	2.4399e-01	7.5549e-01	5.2325e-04	1.1755e-36	1.1755e-36	1.1755e-36	3.5935e-19	0.00e+00	0.00e+00	4.1515e+00
1.18700e+16	6.0206e+03	7.916e-19	5.9948e+02	4.8087e+02	1.0905e-09	2.3535e-01	7.6465e-01	5.7033e-01	4.2964e-01	2.4502e-05	1.5060e-11	2.2533e-02	9.3771e-01	3.9755e-02	1.1755e-36	2.7898e-01	7.2062e-01	3.9998e-04	1.1755e-36	1.1755e-36	1.1755e-36	5.9345e-19	0.00e+00	0.00e+00	4.6678e+00
1.24111e+16	6.0452e+03	7.593e-19	5.9948e+02	4.5848e+02	1.4895e-09	2.7022e-01	7.2978e-01	5.9899e-01	4.0099e-01	2.2739e-05	2.1944e-11	2.2371e-02	9.4197e-01	3.5658e-02	1.1755e-36	3.1771e-01	6.8198e-01	3.0517e-04	1.1755e-36	1.1755e-36	1.1755e-36	9.8828e-19	0.00e+00	0.00e+00	5.1820e+00
1.28683e+16	6.0476e+03	7.232e-19	5.9948e+02	4.3652e+02	2.0063e-09	3.0473e-01	6.9527e-01	6.2371e-01	3.7627e-01	2.1356e-05	3.0704e-11	2.2003e-02	9.4564e-01	3.2359e-02	1.1755e-36	3.5542e-01	6.4435e-01	2.3869e-04	1.1755e-36	1.1755e-36	1.1755e-36	1.5615e-18	0.00e+00	0.00e+00	5.6570e+00
1.32379e+16	6.0325e+03	6.877e-19	5.9948e+02	4.1668e+02	2.6180e-09	3.3609e-01	6.6391e-01	6.4380e-01	3.5618e-01	2.0316e-05	4.0676e-11	2.1534e-02	9.4865e-01	2.9816e-02	1.1755e-36	3.8916e-01	6.1065e-01	1.9360e-04	1.1755e-36	1.1755e-36	1.1755e-36	2.2954e-18	0.00e+00	0.00e+00	6.0734e+00
1.35391e+16	6.0055e+03	6.544e-19	5.9948e+02	3.9916e+02	3.3144e-09	3.6388e-01	6.3612e-01	6.6029e-01	3.3969e-01	1.9502e-05	5.1449e-11	2.1034e-02	9.5115e-01	2.7817e-02	1.1755e-36	4.1867e-01	5.8117e-01	1.6207e-04	1.1755e-36	1.1755e-36	1.1755e-36	3.1715e-18	0.00e+00	0.00e+00	6.4523e+00
1.38020e+16	5.9691e+03	6.225e-19	5.9948e+02	3.8310e+02	4.1384e-09	3.8984e-01	6.1016e-01	6.7484e-01	3.2514e-01	1.8798e-05	6.3510e-11	2.0520e-02	9.5336e-01	2.6115e-02	1.1755e-36	4.4590e-01	5.5396e-01	1.3798e-04	1.1755e-36	1.1755e-36	1.1755e-36	4.2449e-18	0.00e+00	0.00e+00	6.8223e+00
1.40470e+16	5.9236e+03	5.901e-19	5.9948e+02	3.6702e+02	5.1542e-09	4.1511e-01	5.8489e-01	6.8805e-01	3.1193e-01	1.8207e-05	7.7274e-11	1.9952e-02	9.5545e-01	2.4597e-02	1.1755e-36	4.7210e-01	5.2778e-01	1.1837e-04	1.1755e-36	1.1755e-36	1.1755e-36	5.5810e-18	0.00e+00	0.00e+00	7.1982e+00
1.42757e+16	5.8710e+03	5.584e-19	5.9948e+02	3.5158e+02	6.4058e-09	4.3978e-01	5.6022e-01	7.0033e-01	2.9966e-01	1.7672e-05	9.3136e-11	1.9371e-02	9.5740e-01	2.3230e-02	1.1755e-36	4.9741e-01	5.0249e-01	1.0223e-04	1.1755e-36	1.1755e-36	1.1755e-36	7.2639e-18	0.00e+00	0.00e+00	7.5617e+00
1.44843e+16	5.8131e+03	5.283e-19	5.9948e+02	3.3702e+02	7.9036e-09	4.6308e-01	5.3692e-01	7.1138e-01	2.8860e-01	1.7210e-05	1.1068e-10	1.8793e-02	9.5918e-01	2.2027e-02	1.1755e-36	5.2104e-01	4.7887e-01	8.9188e-05	1.1755e-36	1.1755e-36	1.1755e-36	9.2975e-18	0.00e+00	0.00e+00	7.9102e+00
1.46758e+16	5.7510e+03	4.999e-19	5.9948e+02	3.2331e+02	9.6901e-09	4.8505e-01	5.1495e-01	7.2140e-01	2.7859e-01	1.6804e-05	1.2996e-10	1.8225e-02	9.6082e-01	2.0957e-02	1.1755e-36	5.4312e-01	4.5680e-01	7.8498e-05	1.1755e-36	1.1755e-36	1.1755e-36	1.1740e-17	0.00e+00	0.00e+00	8.2484e+00
1.48548e+16	5.6848e+03	4.729e-19	5.9948e+02	3.1026e+02	1.1842e-08	5.0601e-01	4.9399e-01	7.3063e-01	2.6935e-01	1.6441e-05	1.5133e-10	1.7665e-02	9.6235e-01	1.9987e-02	1.1755e-36	5.6398e-01	4.3595e-01	6.9532e-05	1.1755e-36	1.1755e-36	1.1755e-36	1.4705e-17	0.00e+00	0.00e+00	8.5812e+00
1.49895e+16	5.6330e+03	4.531e-19	5.9948e+02	3.0055e+02	1.3784e-08	5.2166e-01	4.7834e-01	7.3701e-01	2.6297e-01	1.6218e-05	1.6934e-10	1.7237e-02	9.6344e-01	1.9328e-02	1.1755e-36	5.7942e-01	4.2051e-01	6.3621e-05	1.1755e-36	1.1755e-36	1.1755e-36	1.7444e-17	0.00e+00	0.00e+00	8.7700e+00
1.50712e+16	5.5961e+03	4.409e-19	5.9948e+02	2.9459e+02	1.5230e-08	5.3140e-01	4.6860e-01	7.4101e-01	2.5897e-01	1.6069e-05	1.8179e-10	1.6971e-02	9.6411e-01	1.8918e-02	1.1755e-36	5.8898e-01	4.1096e-01	6.0194e-05	1.1755e-36	1.1755e-36	1.1755e-36	1.9456e-17	0.00e+00	0.00e+00	8.9065e+00
1.51409e+16	5.5639e+03	4.302e-19	5.9948e+02	2.8935e+02	1.6607e-08	5.3979e-01	4.6021e-01	7.4454e-01	2.5544e-01	1.5936e-05	1.9333e-10	1.6734e-02	9.6471e-01	1.8558e-02	1.1755e-36	5.9719e-01	4.0275e-01	5.7327e-05	1.1755e-36	1.1755e-36	1.1755e-36	2.1394e-17	0.00e+00	0.00e+00	9.0526e+00
1.52198e+16	5.5222e+03	4.181e-19	5.9948e+02	2.8347e+02	1.8460e-08	5.4959e-01	4.5041e-01	7.4869e-01	2.5130e-01	1.5765e-05	2.0806e-10	1.6467e-02	9.6540e-01	1.8137e-02	1.1755e-36	6.0673e-01	3.9321e-01	5.4168e-05	1.1755e-36	1.1755e-36	1.1755e-36	2.3995e-17	0.00e+00	0.00e+00	9.2321e+00
1.53059e+16	5.4754e+03	4.051e-19	5.9948e+02	2.7695e+02	2.0740e-08	5.6008e-01	4.3992e-01	7.5302e-01	2.4697e-01	1.5598e-05	2.2507e-10	1.6168e-02	9.6612e-01	1.7707e-02	1.1755e-36	6.1691e-01	3.8304e-01	5.0982e-05	1.1755e-36	1.1755e-36	1.1755e-36	2.7187e-17	0.00e+00	0.00e+00	9.4142e+00
1.53879e+16	5.4409e+03	3.925e-19	5.9948e+02	2.7076e+02	2.2856e-08	5.6964e-01	4.3036e-01	7.5678e-01	2.4320e-01	1.5485e-05	2.4146e-10	1.5874e-02	9.6680e-01	1.7330e-02	1.1755e-36	6.2614e-01	3.7381e-01	4.8158e-05	1.1755e-36	1.1755e-36	1.1755e-36	3.0430e-17	0.00e+00	0.00e+00	9.5827e+00
1.54692e+16	5.3914e+03	3.803e-19	5.9948e+02	2.6457e+02	2.5718e-08	5.7969e-01	4.2031e-01	7.6082e-01	2.3916e-01	1.5332e-05	2.6094e-10	1.5584e-02	9.6749e-01	1.6930e-02	1.1755e-36	6.3580e-01	3.6416e-01	4.5425e-05	1.1755e-36	1.1755e-36	1.1755e-36	3.4567e-17	0.00e+00	0.00e+00	9.7679e+00
1.55493e+16	5.3443e+03	3.685e-19	5.9948e+02	2.5871e+02	2.8846e-08	5.8956e-01	4.1044e-01	7.6472e-01	2.3527e-01	1.5183e-05	2.8203e-10	1.5307e-02	9.6815e-01	1.6548e-02	1.1755e-36	6.4525e-01	3.5471e-01	4.2885e-05	1.1755e-36	1.1755e-36	1.1755e-36	3.9356e-17	0.00e+00	0.00e+00	9.9371e+00
1.56222e+16	5.3053e+03	3.576e-19	5.9948e+02	2.5311e+02	3.1822e-08	5.9810e-01	4.0190e-01	7.6797e-01	2.3202e-01	1.5092e-05	3.0133e-10	1.5035e-02	9.6874e-01	1.6229e-02	1.1755e-36	6.5340e-01	3.4656e-01	4.0740e-05	1.1755e-36	1.1755e-36	1.1755e-36	4.4018e-17	0.00e+00	0.00e+00	1.0095e+01
1.56946e+16	5.2545e+03	3.471e-19	5.9948e+02	2.4777e+02	3.5759e-08	6.0725e-01	3.9275e-01	7.7161e-01	2.2837e-01	1.4940e-05	3.2522e-10	1.4781e-02	9.6934e-01	1.5879e-02	1.1755e-36	6.6208e-01	3.3788e-01	3.8620e-05	1.1755e-36	1.1755e-36	1.1755e-36	5.0218e-17	0.00e+00	0.00e+00	1.0267e+01
1.57659e+16	5.2185e+03	3.366e-19	5.9948e+02	2.4233e+02	3.9272e-08	6.1542e-01	3.8458e-01	7.7462e-01	2.2536e-01	1.4869e-05	3.4709e-10	1.4510e-02	9.6990e-01	1.5586e-02	1.1755e-36	6.6981e-01	3.3016e-01	3.6727e-05	1.1755e-36	1.1755e-36	1.1755e-36	5.6229e-17	0.00e+00	0.00e+00	1.0426e+01
1.58378e+16	5.1669e+03	3.262e-19	5.9948e+02	2.3688e+02	4.4190e-08	6.2425e-01	3.7575e-01	7.7806e-01	2.2193e-01	1.4743e-05	3.7469e-10	1.4245e-02	9.7050e-01	1.5260e-02	1.1755e-36	6.7814e-01	3.2183e-01	3.4832e-05	1.1755e-36	1.1755e-36	1.1755e-36	6.4446e-17	0.00e+00	0.00e+00	1.0605e+01
1.59099e+16	5.1147e+03	3.161e-19	5.9948e+02	2.3154e+02	4.9801e-08	6.3300e-01	3.6700e-01	7.8137e-01	2.1862e-01	1.4625e-05	4.0520e-10	1.3984e-02	9.7107e-01	1.4947e-02	1.1755e-36	6.8637e-01	3.1360e-01	3.3052e-05	1.1755e-36	1.1755e-36	1.1755e-36	7.4296e-17	0.00e+00	0.00e+00	1.0769e+01
1.59743e+16	5.0733e+03	3.072e-19	5.9948e+02	2.2681e+02	5.5021e-08	6.4057e-01	3.5943e-01	7.8417e-01	2.1582e-01	1.4540e-05	4.3380e-10	1.3748e-02	9.7157e-01	1.4682e-02	1.1755e-36	6.9346e-01	3.0651e-01	3.1544e-05	1.1755e-36	1.1755e-36	1.1755e-36	8.4164e-17	0.00e+00	0.00e+00	1.0915e+01
1.60365e+16	5.0231e+03	2.986e-19	5.9948e+02	2.2224e+02	6.1603e-08	6.4826e-01	3.5174e-01	7.8713e-01	2.1286e-01	1.4423e-05	4.6754e-10	1.3523e-02	9.7207e-01	1.4409e-02	1.1755e-36	7.0063e-01	2.9934e-01	3.0109e-05	1.1755e-36	1.1755e-36	1.1755e-36	9.6791e-17	0.00e+00	0.00e+00	1.1072e+01
1.60983e+16	4.9805e+03	2.902e-19	5.9948e+02	2.1763e+02	6.8115e-08	6.5539e-01	3.4461e-01	7.8974e-01	2.1024e-01	1.4351e-05	4.9977e-10	1.3291e-02	9.7255e-01	1.4159e-02	1.1755e-36	7.0727e-01	2.9270e-01	2.8789e-05	1.1755e-36	1.1755e-36	1.1755e-36	1.0954e-16	0.00e+00	0.00e+00	1.1220e+01
1.61595e+16	4.9297e+03	2.819e-19	5.9948e+02	2.1310e+02	7.6335e-08	6.6275e-01	3.3725e-01	7.9251e-01	2.0747e-01	1.4251e-05	5.3625e-10	1.3067e-02	9.7305e-01	1.3888e-02	1.1755e-36	7.1408e-01	2.8589e-01	2.7509e-05	1.1755e-36	1.1755e-36	1.1755e-36	1.2484e-16	0.00e+00	0.00e+00	1.1377e+01
1.62197e+16	4.8807e+03	2.741e-19	5.9948e+02	2.0879e+02	8.5376e-08	6.6996e-01	3.3004e-01	7.9521e-01	2.0478e-01	1.4151e-05	5.7560e-10	1.2851e-02	9.7352e-01	1.3627e-02	1.1755e-36	7.2075e-01	2.7923e-01	2.6300e-05	1.1755e-36	1.1755e-36	1.1755e-36	1.4255e-16	0.00e+00	0.00e+00	1.1524e+01
1.62762e+16	4.8392e+03	2.667e-19	5.9948e+02	2.0466e+02	9.4148e-08	6.7634e-01	3.2366e-01	7.9753e-01	2.0246e-01	1.4088e-05	6.1288e-10	1.2641e-02	9.7396e-01	1.3400e-02	1.1755e-36	7.2665e-01	2.7333e-01	2.5235e-05	1.1755e-36	1.1755e-36	1.1755e-36	1.6050e-16	0.00e+00	0.00e+00	1.1665e+01
1.63330e+16	4.7841e+03	2.595e-19	5.9948e+02	2.0063e+02	1.0639e-07	6.8336e-01	3.1664e-01	8.0024e-01	1.9975e-01	1.3968e-05	6.6094e-10	1.2443e-02	9.7442e-01	1.3142e-02	1.1755e-36	7.3309e-01	2.6689e-01	2.4158e-05	1.1755e-36	1.1755e-36	1.1755e-36	1.8556e-16	0.00e+00	0.00e+00	1.1817e+01
1.63879e+16	4.7473e+03	2.524e-19	5.9948e+02	1.9661e+02	1.1646e-07	6.8923e-01	3.1077e-01	8.0224e-01	1.9774e-01	1.3939e-05	7.0123e-10	1.2233e-02	9.7483e-01	1.2942e-02	1.1755e-36	7.3846e-01	2.6152e-01	2.3227e-05	1.1755e-36	1.1755e-36	1.1755e-36	2.0805e-16	0.00e+00	0.00e+00	1.1950e+01
1.64431e+16	4.6960e+03	2.456e-19	5.9948e+02	1.9263e+02	1.3086e-07	6.9569e-01	3.0431e-01	8.0470e-01	1.9528e-01	1.3846e-05	7.5422e-10	1.2033e-02	9.7526e-01	1.2707e-02	1.1755e-36	7.4438e-01	2.5560e-01	2.2271e-05	1.1755e-36	1.1755e-36	1.1755e-36	2.3993e-16	0.00e+00	0.00e+00	1.2106e+01
1.64995e+16	4.6417e+03	2.388e-19	5.9948e+02	1.8865e+02	1.4810e-07	7.0226e-01	2.9774e-01	8.0714e-01	1.9285e-01	1.3754e-05	8.1467e-10	1.1834e-02	9.7569e-01	1.2474e-02	1.1755e-36	7.5037e-01	2.4961e-01	2.1347e-05	1.1755e-36	1.1755e-36	1.1755e-36	2.7964e-16	0.00e+00	0.00e+00	1.2249e+01
1.65494e+16	4.6000e+03	2.328e-19	5.9948e+02	1.8520e+02	1.6360e-07	7.0780e-01	2.9220e-01	8.0912e-01	1.9086e-01	1.3695e-05	8.6936e-10	1.1657e-02	9.7606e-01	1.2283e-02	1.1755e-36	7.5541e-01	2.4457e-01	2.0571e-05	1.1755e-36	1.1755e-36	1.1755e-36	3.1817e-16	0.00e+00	0.00e+00	1.2372e+01
1.65969e+16	4.5520e+03	2.272e-19	5.9948e+02	1.8192e+02	1.8277e-07	7.1334e-01	2.8666e-01	8.1124e-01	1.8875e-01	1.3606e-05	9.3285e-10	1.1493e-02	9.7642e-01	1.2084e-02	1.1755e-36	7.6044e-01	2.3954e-01	1.9832e-05	1.1755e-36	1.1755e-36	1.1755e-36	3.6654e-16	0.00e+00	0.00e+00	1.2504e+01
1.66445e+16	4.5116e+03	2.217e-19	5.9948e+02	1.7861e+02	2.0147e-07	7.1846e-01	2.8154e-01	8.1309e-01	1.8689e-01	1.3556e-05	9.9465e-10	1.1322e-02	9.7677e-01	1.1907e-02	1.1755e-36	7.6509e-01	2.3489e-01	1.9142e-05	1.1755e-36	1.1755e-36	1.1755e-36	4.1704e-16	0.00e+00	0.00e+00	1.2630e+01
1.66927e+16	4.4617e+03	2.161e-19	5.9948e+02	1.7524e+02	2.2642e-07	7.2393e-01	2.7607e-01	8.1515e-01	1.8483e-01	1.3477e-05	1.0717e-09	1.1152e-02	9.7713e-01	1.1713e-02	1.1755e-36	7.7002e-01	2.2996e-01	1.8450e-05	1.1755e-36	1.1755e-36	1.1755e-36	4.8558e-16	0.00e+00	0.00e+00	1.2767e+01
1.67405e+16	4.4150e+03	2.108e-19	5.9948e+02	1.7207e+02	2.5324e-07	7.2926e-01	2.7074e-01	8.1714e-01	1.8285e-01	1.3400e-05	1.1545e-09	1.0992e-02	9.7748e-01	1.1528e-02	1.1755e-36	7.7483e-01	2.2515e-01	1.7790e-05	1.1755e-36	1.1755e-36	1.1755e-36	5.6494e-16	0.00e+00	0.00e+00	1.2893e+01
1.67846e+16	4.3759e+03	2.059e-19	5.9948e+02	1.6907e+02	2.7882e-07	7.3389e-01	2.6611e-01	8.1880e-01	1.8118e-01	1.3356e-05	1.2319e-09	1.0836e-02	9.7779e-01	1.1369e-02	1.1755e-36	7.7900e-01	2.2099e-01	1.7214e-05	1.1755e-36	1.1755e-36	1.1755e-36	6.4507e-16	0.00e+00	0.00e+00	1.3012e+01
1.68294e+16	4.3250e+03	2.011e-19	5.9948e+02	1.6611e+02	3.1485e-07	7.3906e-01	2.6094e-01	8.2083e-01	1.7916e-01	1.3258e-05	1.3353e-09	1.0691e-02	9.7812e-01	1.1185e-02	1.1755e-36	7.8363e-01	2.1635e-01	1.6616e-05	1.1755e-36	1.1755e-36	1.1755e-36	7.6125e-16	0.00e+00	0.00e+00	1.3143e+01
1.68732e+16	4.2869e+03	1.964e-19	5.9948e+02	1.6314e+02	3.4649e-07	7.4345e-01	2.5655e-01	8.2235e-01	1.7764e-01	1.3230e-05	1.4260e-09	1.0535e-02	9.7843e-01	1.1038e-02	1.1755e-36	7.8757e-01	2.1242e-01	1.6092e-05	1.1755e-36	1.1755e-36	1.1755e-36	8.7163e-16	0.00e+00	0.00e+00	1.3258e+01
1.69160e+16	4.2396e+03	1.919e-19	5.9948e+02	1.6027e+02	3.8880e-07	7.4811e-01	2.5189e-01	8.2413e-01	1.7585e-01	1.3158e-05	1.5410e-09	1.0392e-02	9.7873e-01	1.0874e-02	1.1755e-36	7.9174e-01	2.0824e-01	1.5567e-05	1.1755e-36	1.1755e-36	1.1755e-36	1.0234e-15	0.00e+00	0.00e+00	1.3384e+01
1.69589e+16	4.1946e+03	1.875e-19	5.9948e+02	1.5754e+02	4.3498e-07	7.5273e-01	2.4727e-01	8.2588e-01	1.7410e-01	1.3086e-05	1.6664e-09	1.0255e-02	9.7903e-01	1.0714e-02	1.1755e-36	7.9587e-01	2.0411e-01	1.5058e-05	1.1755e-36	1.1755e-36	1.1755e-36	1.2025e-15	0.00e+00	0.00e+00	1.3501e+01
1.69989e+16	4.1564e+03	1.834e-19	5.9948e+02	1.5492e+02	4.7947e-07	7.5676e-01	2.4324e-01	8.2734e-01	1.7265e-01	1.3046e-05	1.7852e-09	1.0120e-02	9.7930e-01	1.0578e-02	1.1755e-36	7.9946e-01	2.0052e-01	1.4613e-05	1.1755e-36	1.1755e-36	1.1755e-36	1.3863e-15	0.00e+00	0.00e+00	1.3612e+01
1.70391e+16	4.1088e+03	1.794e-19	5.9948e+02	1.5236e+02	5.4014e-07	7.6121e-01	2.3879e-01	8.2909e-01	1.7090e-01	1.2961e-05	1.9408e-09	9.9947e-03	9.7958e-01	1.0422e-02	1.1755e-36	8.0342e-01	1.9657e-01	1.4152e-05	1.1755e-36	1.1755e-36	1.1755e-36	1.6478e-15	0.00e+00	0.00e+00	1.3733e+01
1.70785e+16	4.0732e+03	1.755e-19	5.9948e+02	1.4980e+02	5.9289e-07	7.6503e-01	2.3497e-01	8.3039e-01	1.6959e-01	1.2939e-05	2.0774e-09	9.8606e-03	9.7984e-01	1.0298e-02	1.1755e-36	8.0680e-01	1.9319e-01	1.3743e-05	1.1755e-36	1.1755e-36	1.1755e-36	1.8964e-15	0.00e+00	0.00e+00	1.3840e+01
1.71180e+16	4.0290e+03	1.716e-19	5.9948e+02	1.4722e+02	6.6393e-07	7.6915e-01	2.3085e-01	8.3193e-01	1.6806e-01	1.2883e-05	2.2529e-09	9.7315e-03	9.8011e-01	1.0158e-02	1.1755e-36	8.1045e-01	1.8954e-01	1.3323e-05	1.1755e-36	1.1755e-36	1.1755e-36	2.2433e-15	0.00e+00	0.00e+00	1.3962e+01
1.71584e+16	3.9847e+03	1.676e-19	5.9948e+02	1.4458e+02	7.4514e-07	7.7341e-01	2.2659e-01	8.3338e-01	1.6661e-01	1.2841e-05	2.4514e-09	9.5998e-03	9.8038e-01	1.0024e-02	1.1755e-36	8.1422e-01	1.8577e-01	1.2902e-05	1.1755e-36	1.1755e-36	1.1755e-36	2.6730e-15	0.00e+00	0.00e+00	1.4076e+01
