#depth	Te	Htot	hden	eden	2H_2/H	HI	HII	HeI	HeII	HeIII	CO/C	C1	C2	C3	C4	O1	O2	O3	O4	O5	O6	H2O/O	AV(point)	AV(extend)	Tau912
6.87003e+13	6.6845e+03	1.877e-20	7.7426e+01	8.2810e+01	1.7841e-12	1.2460e-02	9.8754e-01	6.4639e-02	9.3491e-01	4.5304e-04	7.1702e-15	2.0083e-03	5.6004e-01	4.3790e-01	5.1388e-05	1.3669e-02	9.0807e-01	7.8260e-02	4.9020e-06	1.1755e-36	1.1755e-36	4.9234e-23	0.00e+00	0.00e+00	8.3707e-04
4.12202e+14	6.6771e+03	1.874e-20	7.7426e+01	8.2748e+01	1.7916e-12	1.2449e-02	9.8755e-01	6.4649e-02	9.3490e-01	4.5258e-04	7.1507e-15	2.0021e-03	5.6010e-01	4.3785e-01	5.1489e-05	1.3657e-02	9.0803e-01	7.8305e-02	4.8910e-06	1.1755e-36	1.1755e-36	4.8976e-23	0.00e+00	0.00e+00	4.1822e-03
1.78621e+15	6.6660e+03	1.866e-20	7.7426e+01	8.2727e+01	1.8072e-12	1.2445e-02	9.8756e-01	6.4816e-02	9.3473e-01	4.4894e-04	7.1546e-15	1.9991e-03	5.6083e-01	4.3712e-01	5.1236e-05	1.3660e-02	9.0823e-01	7.8105e-02	4.8083e-06	1.1755e-36	1.1755e-36	4.8844e-23	0.00e+00	0.00e+00	1.7559e-02
7.28223e+15	6.6238e+03	1.849e-20	7.7426e+01	8.2714e+01	1.8972e-12	1.2525e-02	9.8748e-01	6.5743e-02	9.3383e-01	4.3086e-04	7.3054e-15	2.0137e-03	5.6462e-01	4.3331e-01	4.9856e-05	1.3780e-02	9.0935e-01	7.6864e-02	4.4417e-06	1.1755e-36	1.1755e-36	4.9570e-23	0.00e+00	0.00e+00	7.1409e-02
1.73949e+16	6.4767e+03	1.792e-20	7.7426e+01	8.2721e+01	2.0848e-12	1.2359e-02	9.8764e-01	6.6704e-02	9.3288e-01	4.1283e-04	7.1437e-15	2.0066e-03	5.6900e-01	4.2895e-01	4.8488e-05	1.3636e-02	9.1020e-01	7.6162e-02	4.0749e-06	1.1755e-36	1.1755e-36	4.6557e-23	0.00e+00	0.00e+00	1.4049e-01
3.05414e+16	6.3469e+03	1.742e-20	7.7426e+01	8.2711e+01	2.3253e-12	1.2347e-02	9.8765e-01	6.8295e-02	9.3132e-01	3.8140e-04	7.1950e-15	2.0264e-03	5.7564e-01	4.2229e-01	4.6203e-05	1.3681e-02	9.1200e-01	7.4321e-02	3.5454e-06	1.1755e-36	1.1755e-36	4.5458e-23	0.00e+00	0.00e+00	2.3021e-01
4.76318e+16	6.2109e+03	1.698e-20	7.7426e+01	8.2681e+01	2.7025e-12	1.2521e-02	9.8748e-01	7.0865e-02	9.2880e-01	3.3698e-04	7.5163e-15	2.0756e-03	5.8564e-01	4.1224e-01	4.2845e-05	1.3957e-02	9.1488e-01	7.1165e-02	2.8839e-06	1.1755e-36	1.1755e-36	4.6377e-23	0.00e+00	0.00e+00	3.4848e-01
6.98494e+16	6.0752e+03	1.661e-20	7.7426e+01	8.2622e+01	3.2846e-12	1.2942e-02	9.8706e-01	7.4866e-02	9.2485e-01	2.8138e-04	8.2271e-15	2.1637e-03	6.0008e-01	3.9772e-01	3.8377e-05	1.4545e-02	9.1903e-01	6.6428e-02	2.1469e-06	1.1755e-36	1.1755e-36	5.0096e-23	0.00e+00	0.00e+00	5.0740e-01
9.87323e+16	5.9442e+03	1.633e-20	7.7426e+01	8.2518e+01	4.2324e-12	1.3753e-02	9.8625e-01	8.1201e-02	9.1858e-01	2.1835e-04	9.6329e-15	2.3108e-03	6.2082e-01	3.7684e-01	3.2751e-05	1.5621e-02	9.2464e-01	5.9736e-02	1.4146e-06	1.1755e-36	1.1755e-36	5.8869e-23	0.00e+00	0.00e+00	7.2695e-01
1.36280e+17	5.8270e+03	1.620e-20	7.7426e+01	8.2345e+01	5.9147e-12	1.5250e-02	9.8475e-01	9.1712e-02	9.0813e-01	1.5417e-04	1.2512e-14	2.5540e-03	6.5077e-01	3.4665e-01	2.5992e-05	1.7559e-02	9.3176e-01	5.0679e-02	7.8312e-07	1.1755e-36	1.1755e-36	7.9047e-23	0.00e+00	0.00e+00	1.0434e+00
1.75941e+17	5.7475e+03	1.619e-20	7.7426e+01	8.2074e+01	8.3863e-12	1.7327e-02	9.8267e-01	1.0565e-01	8.9424e-01	1.0590e-04	1.7120e-14	2.8561e-03	6.8418e-01	3.1295e-01	1.9897e-05	2.0215e-02	9.3824e-01	4.1549e-02	4.0553e-07	1.1755e-36	1.1755e-36	1.1468e-22	0.00e+00	0.00e+00	1.3558e+00
2.09077e+17	5.7414e+03	1.635e-20	7.7426e+01	8.1772e+01	1.1183e-11	1.9814e-02	9.8019e-01	1.2152e-01	8.7841e-01	7.6862e-05	2.3718e-14	3.1736e-03	7.1530e-01	2.8152e-01	1.5290e-05	2.3360e-02	9.4276e-01	3.3876e-02	2.1981e-07	1.1755e-36	1.1755e-36	1.7235e-22	0.00e+00	0.00e+00	1.6406e+00
2.36845e+17	5.7524e+03	1.663e-20	7.7426e+01	8.1449e+01	1.4801e-11	2.2757e-02	9.7724e-01	1.3970e-01	8.6025e-01	5.8239e-05	3.3182e-14	3.5004e-03	7.4447e-01	2.5202e-01	1.1702e-05	2.7058e-02	9.4546e-01	2.7482e-02	1.1755e-36	1.1755e-36	1.1755e-36	2.6445e-22	0.00e+00	0.00e+00	1.9315e+00
2.62192e+17	5.7924e+03	1.693e-20	7.7426e+01	8.1011e+01	1.9309e-11	2.6317e-02	9.7368e-01	1.6131e-01	8.3865e-01	4.4932e-05	4.7157e-14	3.8390e-03	7.7266e-01	2.2349e-01	8.8001e-06	3.1515e-02	9.4655e-01	2.1937e-02	1.1755e-36	1.1755e-36	1.1755e-36	4.1695e-22	0.00e+00	0.00e+00	2.2474e+00
2.85875e+17	5.8572e+03	1.724e-20	7.7426e+01	8.0487e+01	2.5106e-11	3.0733e-02	9.6927e-01	1.8763e-01	8.1234e-01	3.5013e-05	6.8606e-14	4.1907e-03	8.0016e-01	1.9564e-01	6.4416e-06	3.7022e-02	9.4585e-01	1.7125e-02	1.1755e-36	1.1755e-36	1.1755e-36	6.8145e-22	0.00e+00	0.00e+00	2.5902e+00
3.07397e+17	5.9198e+03	1.760e-20	7.7426e+01	7.9858e+01	3.3370e-11	3.6198e-02	9.6380e-01	2.1931e-01	7.8066e-01	2.7619e-05	1.0188e-13	4.5412e-03	8.2629e-01	1.6916e-01	4.5940e-06	4.3811e-02	9.4306e-01	1.3125e-02	1.1755e-36	1.1755e-36	1.1755e-36	1.1451e-21	0.00e+00	0.00e+00	2.9483e+00
3.26144e+17	5.9941e+03	1.794e-20	7.7426e+01	7.9226e+01	4.3946e-11	4.2641e-02	9.5736e-01	2.5537e-01	7.4461e-01	2.2266e-05	1.5174e-13	4.8687e-03	8.4964e-01	1.4549e-01	3.2412e-06	5.1780e-02	9.3824e-01	9.9822e-03	1.1755e-36	1.1755e-36	1.1755e-36	1.9366e-21	0.00e+00	0.00e+00	3.3082e+00
3.42170e+17	6.0674e+03	1.820e-20	7.7426e+01	7.8425e+01	5.7380e-11	4.9941e-02	9.5006e-01	2.9451e-01	7.0547e-01	1.8247e-05	2.2316e-13	5.1501e-03	8.6966e-01	1.2519e-01	2.2905e-06	6.0771e-02	9.3162e-01	7.6071e-03	1.1755e-36	1.1755e-36	1.1755e-36	3.2148e-21	0.00e+00	0.00e+00	3.6693e+00
3.56177e+17	6.1382e+03	1.843e-20	7.7426e+01	7.7667e+01	7.5016e-11	5.8393e-02	9.4161e-01	3.3725e-01	6.6273e-01	1.5097e-05	3.2859e-13	5.4037e-03	8.8716e-01	1.0744e-01	1.6090e-06	7.1133e-02	9.2309e-01	5.7796e-03	1.1755e-36	1.1755e-36	1.1755e-36	5.3406e-21	0.00e+00	0.00e+00	4.0468e+00
3.68729e+17	6.1984e+03	1.854e-20	7.7426e+01	7.6489e+01	9.8741e-11	6.8090e-02	9.3191e-01	3.8303e-01	6.1695e-01	1.2517e-05	4.8046e-13	5.5944e-03	9.0222e-01	9.2182e-02	1.1275e-06	8.2967e-02	9.1266e-01	4.3784e-03	1.1755e-36	1.1755e-36	1.1755e-36	8.7343e-21	0.00e+00	0.00e+00	4.4423e+00
3.80152e+17	6.2505e+03	1.858e-20	7.7426e+01	7.5180e+01	1.3175e-10	7.9540e-02	9.2046e-01	4.3234e-01	5.6765e-01	1.0346e-05	7.0888e-13	5.7480e-03	9.1549e-01	7.8761e-02	7.8121e-07	9.6862e-02	8.9985e-01	3.2880e-03	1.1755e-36	1.1755e-36	1.1755e-36	1.4403e-20	0.00e+00	0.00e+00	4.8687e+00
3.90633e+17	6.3041e+03	1.852e-20	7.7426e+01	7.3779e+01	1.7698e-10	9.3155e-02	9.0684e-01	4.8434e-01	5.1565e-01	8.5393e-06	1.0586e-12	5.8654e-03	9.2710e-01	6.7033e-02	5.3497e-07	1.1328e-01	8.8428e-01	2.4426e-03	1.1755e-36	1.1755e-36	1.1755e-36	2.4101e-20	0.00e+00	0.00e+00	5.3240e+00
4.00113e+17	6.3514e+03	1.832e-20	7.7426e+01	7.2114e+01	2.3915e-10	1.0895e-01	8.9105e-01	5.3674e-01	4.6325e-01	7.0240e-06	1.5803e-12	5.9290e-03	9.3693e-01	5.7139e-02	3.6615e-07	1.3218e-01	8.6602e-01	1.8080e-03	1.1755e-36	1.1755e-36	1.1755e-36	4.0215e-20	0.00e+00	0.00e+00	5.8014e+00
4.08686e+17	6.3681e+03	1.805e-20	7.7426e+01	7.0336e+01	3.3386e-10	1.2763e-01	8.7237e-01	5.8843e-01	4.1156e-01	5.7848e-06	2.3791e-12	5.9568e-03	9.4537e-01	4.8673e-02	2.4948e-07	1.5436e-01	8.4431e-01	1.3320e-03	1.1755e-36	1.1755e-36	1.1755e-36	6.7790e-20	0.00e+00	0.00e+00	6.3120e+00
4.16514e+17	6.3785e+03	1.763e-20	7.7426e+01	6.8333e+01	4.6945e-10	1.4940e-01	8.5060e-01	6.3769e-01	3.6230e-01	4.7660e-06	3.5842e-12	5.9371e-03	9.5250e-01	4.1567e-02	1.7016e-07	1.7995e-01	8.1908e-01	9.7667e-04	1.1755e-36	1.1755e-36	1.1755e-36	1.1471e-19	0.00e+00	0.00e+00	6.8579e+00
4.23707e+17	6.3721e+03	1.705e-20	7.7426e+01	6.6063e+01	6.7205e-10	1.7484e-01	8.2516e-01	6.8344e-01	3.1655e-01	3.9384e-06	5.4058e-12	5.8701e-03	9.5856e-01	3.5573e-02	1.1755e-36	2.0952e-01	7.8977e-01	7.1237e-04	1.1755e-36	1.1755e-36	1.1755e-36	1.9533e-19	0.00e+00	0.00e+00	7.4488e+00
4.30386e+17	6.3460e+03	1.631e-20	7.7426e+01	6.3475e+01	9.8433e-10	2.0468e-01	7.9532e-01	7.2522e-01	2.7478e-01	3.2627e-06	8.1731e-12	5.7540e-03	9.6376e-01	3.0488e-02	1.1755e-36	2.4374e-01	7.5574e-01	5.1572e-04	1.1755e-36	1.1755e-36	1.1755e-36	3.3622e-19	0.00e+00	0.00e+00	8.0937e+00
4.36608e+17	6.2964e+03	1.540e-20	7.7426e+01	6.0544e+01	1.4811e-09	2.3955e-01	7.6045e-01	7.6244e-01	2.3756e-01	2.7187e-06	1.2379e-11	5.5879e-03	9.6824e-01	2.6171e-02	1.1755e-36	2.8314e-01	7.1648e-01	3.7037e-04	1.1755e-36	1.1755e-36	1.1755e-36	5.8649e-19	0.00e+00	0.00e+00	8.7962e+00
4.42085e+17	6.2246e+03	1.437e-20	7.7426e+01	5.7392e+01	2.2413e-09	2.7764e-01	7.2236e-01	7.9279e-01	2.0721e-01	2.3153e-06	1.8312e-11	5.3803e-03	9.7189e-01	2.2731e-02	1.1755e-36	3.2546e-01	6.7427e-01	2.6932e-04	1.1755e-36	1.1755e-36	1.1755e-36	1.0053e-18	0.00e+00	0.00e+00	9.4689e+00
4.46369e+17	6.1428e+03	1.339e-20	7.7426e+01	5.4451e+01	3.2425e-09	3.1340e-01	6.8660e-01	8.1437e-01	1.8563e-01	2.0525e-06	2.5319e-11	5.1674e-03	9.7455e-01	2.0279e-02	1.1755e-36	3.6451e-01	6.3528e-01	2.0578e-04	1.1755e-36	1.1755e-36	1.1755e-36	1.5914e-18	0.00e+00	0.00e+00	1.0022e+01
4.49510e+17	6.0640e+03	1.258e-20	7.7426e+01	5.2037e+01	4.3791e-09	3.4329e-01	6.5671e-01	8.2911e-01	1.7088e-01	1.8825e-06	3.2454e-11	4.9833e-03	9.7642e-01	1.8593e-02	1.1755e-36	3.9667e-01	6.0316e-01	1.6688e-04	1.1755e-36	1.1755e-36	1.1755e-36	2.2836e-18	0.00e+00	0.00e+00	1.0471e+01
4.52000e+17	5.9876e+03	1.188e-20	7.7426e+01	4.9967e+01	5.6686e-09	3.6910e-01	6.3090e-01	8.4019e-01	1.5981e-01	1.7597e-06	3.9737e-11	4.8203e-03	9.7787e-01	1.7308e-02	1.1755e-36	4.2408e-01	5.7578e-01	1.4028e-04	1.1755e-36	1.1755e-36	1.1755e-36	3.0866e-18	0.00e+00	0.00e+00	1.0887e+01
4.54265e+17	5.9057e+03	1.121e-20	7.7426e+01	4.7955e+01	7.2934e-09	3.9422e-01	6.0578e-01	8.4986e-01	1.5013e-01	1.6557e-06	4.7985e-11	4.6582e-03	9.7916e-01	1.6181e-02	1.1755e-36	4.5046e-01	5.4942e-01	1.1907e-04	1.1755e-36	1.1755e-36	1.1755e-36	4.1120e-18	0.00e+00	0.00e+00	1.1316e+01
4.56440e+17	5.8150e+03	1.053e-20	7.7426e+01	4.5905e+01	9.4534e-09	4.1987e-01	5.8013e-01	8.5864e-01	1.4136e-01	1.5648e-06	5.7769e-11	4.4897e-03	9.8036e-01	1.5150e-02	1.1755e-36	4.7709e-01	5.2281e-01	1.0125e-04	1.1755e-36	1.1755e-36	1.1755e-36	5.4948e-18	0.00e+00	0.00e+00	1.1751e+01
4.58451e+17	5.7192e+03	9.881e-21	7.7426e+01	4.3904e+01	1.2232e-08	4.4499e-01	5.5501e-01	8.6617e-01	1.3383e-01	1.4907e-06	6.8927e-11	4.3224e-03	9.8143e-01	1.4245e-02	1.1755e-36	5.0287e-01	4.9704e-01	8.6766e-05	1.1755e-36	1.1755e-36	1.1755e-36	7.3062e-18	0.00e+00	0.00e+00	1.2165e+01
4.59820e+17	5.6491e+03	9.437e-21	7.7426e+01	4.2497e+01	1.4700e-08	4.6284e-01	5.3716e-01	8.7047e-01	1.2952e-01	1.4528e-06	7.7895e-11	4.2028e-03	9.8209e-01	1.3706e-02	1.1755e-36	5.2102e-01	4.7891e-01	7.8184e-05	1.1755e-36	1.1755e-36	1.1755e-36	8.9699e-18	0.00e+00	0.00e+00	1.2354e+01
4.60488e+17	5.6107e+03	9.219e-21	7.7426e+01	4.1805e+01	1.6172e-08	4.7179e-01	5.2821e-01	8.7266e-01	1.2734e-01	1.4328e-06	8.2871e-11	4.1441e-03	9.8242e-01	1.3434e-02	1.1755e-36	5.3007e-01	4.6986e-01	7.4204e-05	1.1755e-36	1.1755e-36	1.1755e-36	9.9675e-18	0.00e+00	0.00e+00	1.2469e+01
4.61011e+17	5.5795e+03	9.041e-21	7.7426e+01	4.1242e+01	1.7454e-08	4.7885e-01	5.2115e-01	8.7452e-01	1.2548e-01	1.4154e-06	8.7038e-11	4.0962e-03	9.8270e-01	1.3207e-02	1.1755e-36	5.3718e-01	4.6275e-01	7.1121e-05	1.1755e-36	1.1755e-36	1.1755e-36	1.0839e-17	0.00e+00	0.00e+00	1.2598e+01
4.61641e+17	5.5314e+03	8.836e-21	7.7426e+01	4.0603e+01	1.9437e-08	4.8808e-01	5.1192e-01	8.7696e-01	1.2304e-01	1.3892e-06	9.3069e-11	4.0437e-03	9.8305e-01	1.2904e-02	1.1755e-36	5.4645e-01	4.5348e-01	6.7399e-05	1.1755e-36	1.1755e-36	1.1755e-36	1.2178e-17	0.00e+00	0.00e+00	1.2767e+01
4.62346e+17	5.4921e+03	8.590e-21	7.7426e+01	3.9806e+01	2.1469e-08	4.9744e-01	5.0256e-01	8.7916e-01	1.2084e-01	1.3714e-06	9.9197e-11	3.9735e-03	9.8340e-01	1.2629e-02	1.1755e-36	5.5580e-01	4.4413e-01	6.3689e-05	1.1755e-36	1.1755e-36	1.1755e-36	1.3621e-17	0.00e+00	0.00e+00	1.2937e+01
4.63064e+17	5.4476e+03	8.341e-21	7.7426e+01	3.8994e+01	2.3920e-08	5.0727e-01	4.9273e-01	8.8147e-01	1.1852e-01	1.3517e-06	1.0621e-10	3.9031e-03	9.8375e-01	1.2344e-02	1.1755e-36	5.6557e-01	4.3437e-01	6.0049e-05	1.1755e-36	1.1755e-36	1.1755e-36	1.5384e-17	0.00e+00	0.00e+00	1.3120e+01
4.63793e+17	5.3979e+03	8.092e-21	7.7426e+01	3.8171e+01	2.6875e-08	5.1748e-01	4.8252e-01	8.8373e-01	1.1627e-01	1.3327e-06	1.1416e-10	3.8317e-03	9.8411e-01	1.2056e-02	1.1755e-36	5.7570e-01	4.2424e-01	5.6530e-05	1.1755e-36	1.1755e-36	1.1755e-36	1.7547e-17	0.00e+00	0.00e+00	1.3302e+01
4.64480e+17	5.3453e+03	7.861e-21	7.7426e+01	3.7401e+01	3.0261e-08	5.2744e-01	4.7256e-01	8.8585e-01	1.1415e-01	1.3140e-06	1.2275e-10	3.7652e-03	9.8445e-01	1.1784e-02	1.1755e-36	5.8553e-01	4.1442e-01	5.3357e-05	1.1755e-36	1.1755e-36	1.1755e-36	2.0076e-17	0.00e+00	0.00e+00	1.3471e+01
4.65100e+17	5.3046e+03	7.648e-21	7.7426e+01	3.6696e+01	3.3385e-08	5.3617e-01	4.6383e-01	8.8762e-01	1.1238e-01	1.3004e-06	1.3070e-10	3.7031e-03	9.8474e-01	1.1556e-02	1.1755e-36	5.9410e-01	4.0585e-01	5.0663e-05	1.1755e-36	1.1755e-36	1.1755e-36	2.2581e-17	0.00e+00	0.00e+00	1.3624e+01
4.65705e+17	5.2511e+03	7.444e-21	7.7426e+01	3.5995e+01	3.7482e-08	5.4520e-01	4.5480e-01	8.8950e-01	1.1050e-01	1.2836e-06	1.4005e-10	3.6428e-03	9.8504e-01	1.1315e-02	1.1755e-36	6.0295e-01	3.9701e-01	4.8085e-05	1.1755e-36	1.1755e-36	1.1755e-36	2.5783e-17	0.00e+00	0.00e+00	1.3791e+01
4.66303e+17	5.2016e+03	7.244e-21	7.7426e+01	3.5319e+01	4.1879e-08	5.5412e-01	4.4588e-01	8.9125e-01	1.0875e-01	1.2687e-06	1.5006e-10	3.5839e-03	9.8533e-01	1.1087e-02	1.1755e-36	6.1165e-01	3.8831e-01	4.5663e-05	1.1755e-36	1.1755e-36	1.1755e-36	2.9477e-17	0.00e+00	0.00e+00	1.3946e+01
4.66862e+17	5.1595e+03	7.053e-21	7.7426e+01	3.4657e+01	4.6160e-08	5.6211e-01	4.3789e-01	8.9278e-01	1.0722e-01	1.2577e-06	1.5957e-10	3.5254e-03	9.8558e-01	1.0891e-02	1.1755e-36	6.1941e-01	3.8055e-01	4.3542e-05	1.1755e-36	1.1755e-36	1.1755e-36	3.3244e-17	0.00e+00	0.00e+00	1.4096e+01
4.67428e+17	5.1028e+03	6.867e-21	7.7426e+01	3.4013e+01	5.2100e-08	5.7097e-01	4.2903e-01	8.9451e-01	1.0549e-01	1.2415e-06	1.7193e-10	3.4701e-03	9.8586e-01	1.0666e-02	1.1755e-36	6.2799e-01	3.7197e-01	4.1389e-05	1.1755e-36	1.1755e-36	1.1755e-36	3.8579e-17	0.00e+00	0.00e+00	1.4260e+01
4.67979e+17	5.0616e+03	6.678e-21	7.7426e+01	3.3344e+01	5.7372e-08	5.7874e-01	4.2126e-01	8.9583e-01	1.0417e-01	1.2341e-06	1.8294e-10	3.4100e-03	9.8610e-01	1.0488e-02	1.1755e-36	6.3547e-01	3.6449e-01	3.9502e-05	1.1755e-36	1.1755e-36	1.1755e-36	4.3700e-17	0.00e+00	0.00e+00	1.4405e+01
4.68517e+17	5.0072e+03	6.500e-21	7.7426e+01	3.2702e+01	6.4466e-08	5.8697e-01	4.1303e-01	8.9735e-01	1.0265e-01	1.2215e-06	1.9680e-10	3.3544e-03	9.8636e-01	1.0290e-02	1.1755e-36	6.4339e-01	3.5658e-01	3.7653e-05	1.1755e-36	1.1755e-36	1.1755e-36	5.0719e-17	0.00e+00	0.00e+00	1.4566e+01
4.69052e+17	4.9542e+03	6.327e-21	7.7426e+01	3.2086e+01	7.2334e-08	5.9522e-01	4.0478e-01	8.9881e-01	1.0119e-01	1.2093e-06	2.1072e-10	3.3007e-03	9.8661e-01	1.0089e-02	1.1755e-36	6.5130e-01	3.4867e-01	3.5893e-05	1.1755e-36	1.1755e-36	1.1755e-36	5.8221e-17	0.00e+00	0.00e+00	1.4714e+01
4.69541e+17	4.9131e+03	6.165e-21	7.7426e+01	3.1495e+01	7.9425e-08	6.0225e-01	3.9775e-01	8.9997e-01	1.0003e-01	1.2026e-06	2.2283e-10	3.2478e-03	9.8683e-01	9.9255e-03	1.1755e-36	6.5801e-01	3.4195e-01	3.4398e-05	1.1755e-36	1.1755e-36	1.1755e-36	6.5210e-17	0.00e+00	0.00e+00	1.4852e+01
4.70037e+17	4.8595e+03	6.003e-21	7.7426e+01	3.0892e+01	8.9046e-08	6.0987e-01	3.9013e-01	9.0129e-01	9.8706e-02	1.1923e-06	2.3778e-10	3.1952e-03	9.8706e-01	9.7410e-03	1.1755e-36	6.6525e-01	3.3471e-01	3.2892e-05	1.1755e-36	1.1755e-36	1.1755e-36	7.4564e-17	0.00e+00	0.00e+00	1.5009e+01
4.70543e+17	4.8074e+03	5.841e-21	7.7426e+01	3.0290e+01	9.9738e-08	6.1751e-01	3.8249e-01	9.0254e-01	9.7458e-02	1.1834e-06	2.5398e-10	3.1423e-03	9.8729e-01	9.5632e-03	1.1755e-36	6.7250e-01	3.2747e-01	3.1439e-05	1.1755e-36	1.1755e-36	1.1755e-36	8.5511e-17	0.00e+00	0.00e+00	1.5155e+01
4.71012e+17	4.7566e+03	5.693e-21	7.7426e+01	2.9729e+01	1.1133e-07	6.2466e-01	3.7534e-01	9.0370e-01	9.6299e-02	1.1750e-06	2.7069e-10	3.0933e-03	9.8751e-01	9.3979e-03	1.1755e-36	6.7926e-01	3.2071e-01	3.0136e-05	1.1755e-36	1.1755e-36	1.1755e-36	9.7752e-17	0.00e+00	0.00e+00	1.5294e+01
4.71456e+17	4.7018e+03	5.555e-21	7.7426e+01	2.9196e+01	1.2496e-07	6.3163e-01	3.6837e-01	9.0485e-01	9.5152e-02	1.1656e-06	2.8899e-10	3.0476e-03	9.8772e-01	9.2355e-03	1.1755e-36	6.8585e-01	3.1412e-01	2.8934e-05	1.1755e-36	1.1755e-36	1.1755e-36	1.1235e-16	0.00e+00	0.00e+00	1.5428e+01
4.71873e+17	4.6540e+03	5.427e-21	7.7426e+01	2.8706e+01	1.3860e-07	6.3807e-01	3.6193e-01	9.0587e-01	9.4132e-02	1.1578e-06	3.0714e-10	3.0048e-03	9.8791e-01	9.0889e-03	1.1755e-36	6.9191e-01	3.0806e-01	2.7849e-05	1.1755e-36	1.1755e-36	1.1755e-36	1.2790e-16	0.00e+00	0.00e+00	1.5552e+01
4.72275e+17	4.6073e+03	5.302e-21	7.7426e+01	2.8222e+01	1.5336e-07	6.4420e-01	3.5580e-01	9.0683e-01	9.3166e-02	1.1510e-06	3.2592e-10	2.9626e-03	9.8809e-01	8.9497e-03	1.1755e-36	6.9766e-01	3.0231e-01	2.6840e-05	1.1755e-36	1.1755e-36	1.1755e-36	1.4525e-16	0.00e+00	0.00e+00	1.5680e+01
4.72688e+17	4.5600e+03	5.175e-21	7.7426e+01	2.7724e+01	1.7008e-07	6.5044e-01	3.4956e-01	9.0781e-01	9.2191e-02	1.1444e-06	3.4659e-10	2.9192e-03	9.8827e-01	8.8096e-03	1.1755e-36	7.0349e-01	2.9648e-01	2.5840e-05	1.1755e-36	1.1755e-36	1.1755e-36	1.6580e-16	0.00e+00	0.00e+00	1.5814e+01
4.73113e+17	4.5115e+03	5.045e-21	7.7426e+01	2.7208e+01	1.8912e-07	6.5674e-01	3.4326e-01	9.0875e-01	9.1244e-02	1.1388e-06	3.6927e-10	2.8738e-03	9.8846e-01	8.6704e-03	1.1755e-36	7.0938e-01	2.9060e-01	2.4856e-05	1.1755e-36	1.1755e-36	1.1755e-36	1.9018e-16	0.00e+00	0.00e+00	1.5951e+01
4.73539e+17	4.4579e+03	4.919e-21	7.7426e+01	2.6715e+01	2.1246e-07	6.6341e-01	3.3659e-01	9.0980e-01	9.0195e-02	1.1303e-06	3.9626e-10	2.8314e-03	9.8865e-01	8.5213e-03	1.1755e-36	7.1558e-01	2.8440e-01	2.3873e-05	1.1755e-36	1.1755e-36	1.1755e-36	2.2155e-16	0.00e+00	0.00e+00	1.6089e+01
4.73946e+17	4.4068e+03	4.799e-21	7.7426e+01	2.6229e+01	2.3731e-07	6.6956e-01	3.3044e-01	9.1071e-01	8.9294e-02	1.1243e-06	4.2351e-10	2.7894e-03	9.8882e-01	8.3881e-03	1.1755e-36	7.2128e-01	2.7869e-01	2.2993e-05	1.1755e-36	1.1755e-36	1.1755e-36	2.5619e-16	0.00e+00	0.00e+00	1.6216e+01
4.74324e+17	4.3613e+03	4.688e-21	7.7426e+01	2.5767e+01	2.6202e-07	6.7506e-01	3.2494e-01	9.1147e-01	8.8526e-02	1.1205e-06	4.4976e-10	2.7487e-03	9.8898e-01	8.2706e-03	1.1755e-36	7.2639e-01	2.7359e-01	2.2212e-05	1.1755e-36	1.1755e-36	1.1755e-36	2.9225e-16	0.00e+00	0.00e+00	1.6338e+01
4.74705e+17	4.3091e+03	4.579e-21	7.7426e+01	2.5332e+01	2.9320e-07	6.8109e-01	3.1891e-01	9.1243e-01	8.7573e-02	1.1122e-06	4.8218e-10	2.7121e-03	9.8915e-01	8.1367e-03	1.1755e-36	7.3195e-01	2.6803e-01	2.1407e-05	1.1755e-36	1.1755e-36	1.1755e-36	3.4012e-16	0.00e+00	0.00e+00	1.6469e+01
4.75086e+17	4.2583e+03	4.471e-21	7.7426e+01	2.4879e+01	3.2690e-07	6.8680e-01	3.1320e-01	9.1325e-01	8.6749e-02	1.1067e-06	5.1554e-10	2.6732e-03	9.8931e-01	8.0146e-03	1.1755e-36	7.3722e-01	2.6276e-01	2.0658e-05	1.1755e-36	1.1755e-36	1.1755e-36	3.9391e-16	0.00e+00	0.00e+00	1.6593e+01
4.75449e+17	4.2095e+03	4.369e-21	7.7426e+01	2.4451e+01	3.6287e-07	6.9226e-01	3.0774e-01	9.1404e-01	8.5959e-02	1.1013e-06	5.5024e-10	2.6367e-03	9.8947e-01	7.8980e-03	1.1755e-36	7.4224e-01	2.5774e-01	1.9961e-05	1.1755e-36	1.1755e-36	1.1755e-36	4.5435e-16	0.00e+00	0.00e+00	1.6714e+01
4.75808e+17	4.1552e+03	4.271e-21	7.7426e+01	2.4024e+01	4.0643e-07	6.9781e-01	3.0219e-01	9.1487e-01	8.5126e-02	1.0946e-06	5.8990e-10	2.6012e-03	9.8962e-01	7.7781e-03	1.1755e-36	7.4734e-01	2.5264e-01	1.9285e-05	1.1755e-36	1.1755e-36	1.1755e-36	5.2960e-16	0.00e+00	0.00e+00	1.6837e+01
4.76157e+17	4.1100e+03	4.174e-21	7.7426e+01	2.3604e+01	4.4715e-07	7.0277e-01	2.9723e-01	9.1553e-01	8.4472e-02	1.0919e-06	6.2657e-10	2.5646e-03	9.8976e-01	7.6760e-03	1.1755e-36	7.5188e-01	2.4810e-01	1.8674e-05	1.1755e-36	1.1755e-36	1.1755e-36	6.0460e-16	0.00e+00	0.00e+00	1.6952e+01
4.76510e+17	4.0596e+03	4.079e-21	7.7426e+01	2.3199e+01	4.9669e-07	7.0813e-01	2.9187e-01	9.1633e-01	8.3670e-02	1.0856e-06	6.7028e-10	2.5307e-03	9.8991e-01	7.5608e-03	1.1755e-36	7.5678e-01	2.4320e-01	1.8042e-05	1.1755e-36	1.1755e-36	1.1755e-36	7.0046e-16	0.00e+00	0.00e+00	1.7080e+01
4.76880e+17	4.0035e+03	3.980e-21	7.7426e+01	2.2767e+01	5.5672e-07	7.1373e-01	2.8627e-01	9.1715e-01	8.2849e-02	1.0793e-06	7.2045e-10	2.4951e-03	9.9006e-01	7.4422e-03	1.1755e-36	7.6189e-01	2.3809e-01	1.7407e-05	1.1755e-36	1.1755e-36	1.1755e-36	8.2048e-16	0.00e+00	0.00e+00	1.7210e+01
4.77238e+17	3.9546e+03	3.887e-21	7.7426e+01	2.2356e+01	6.1464e-07	7.1887e-01	2.8113e-01	9.1785e-01	8.2153e-02	1.0753e-06	7.6832e-10	2.4601e-03	9.9020e-01	7.3368e-03	1.1755e-36	7.6656e-01	2.3342e-01	1.6826e-05	1.1755e-36	1.1755e-36	1.1755e-36	9.4399e-16	0.00e+00	0.00e+00	1.7331e+01
###########################
6.87003e+13	6.6861e+03	1.877e-20	7.7426e+01	8.2810e+01	1.7770e-12	1.2456e-02	9.8754e-01	6.4625e-02	9.3492e-01	4.5312e-04	7.1481e-15	1.9751e-03	5.5999e-01	4.3799e-01	5.1499e-05	1.3664e-02	9.0805e-01	7.8282e-02	4.9046e-06	1.1755e-36	1.1755e-36	4.8981e-23	0.00e+00	0.00e+00	8.3677e-04
4.12202e+14	6.6789e+03	1.874e-20	7.7426e+01	8.2749e+01	1.7840e-12	1.2443e-02	9.8756e-01	6.4633e-02	9.3491e-01	4.5266e-04	7.1281e-15	1.9696e-03	5.6004e-01	4.3794e-01	5.1556e-05	1.3650e-02	9.0801e-01	7.8339e-02	4.8947e-06	1.1755e-36	1.1755e-36	4.8724e-23	0.00e+00	0.00e+00	4.1805e-03
1.78621e+15	6.6681e+03	1.867e-20	7.7426e+01	8.2729e+01	1.7989e-12	1.2438e-02	9.8756e-01	6.4799e-02	9.3475e-01	4.4904e-04	7.1307e-15	1.9697e-03	5.6077e-01	4.3721e-01	5.1264e-05	1.3651e-02	9.0818e-01	7.8169e-02	4.8140e-06	1.1755e-36	1.1755e-36	4.8581e-23	0.00e+00	0.00e+00	1.7550e-02
7.28223e+15	6.6272e+03	1.850e-20	7.7426e+01	8.2715e+01	1.8848e-12	1.2514e-02	9.8749e-01	6.5715e-02	9.3385e-01	4.3101e-04	7.2752e-15	1.9886e-03	5.6455e-01	4.3341e-01	4.9878e-05	1.3764e-02	9.0925e-01	7.6986e-02	4.4515e-06	1.1755e-36	1.1755e-36	4.9254e-23	0.00e+00	0.00e+00	7.1351e-02
1.73949e+16	6.4855e+03	1.792e-20	7.7426e+01	8.2720e+01	2.0586e-12	1.2340e-02	9.8766e-01	6.6638e-02	9.3295e-01	4.1326e-04	7.1037e-15	1.9865e-03	5.6885e-01	4.2911e-01	4.8532e-05	1.3610e-02	9.1004e-01	7.6345e-02	4.0894e-06	1.1755e-36	1.1755e-36	4.6195e-23	0.00e+00	0.00e+00	1.4032e-01
3.05414e+16	6.3490e+03	1.742e-20	7.7426e+01	8.2712e+01	2.3128e-12	1.2338e-02	9.8766e-01	6.8270e-02	9.3135e-01	3.8151e-04	7.1708e-15	2.0114e-03	5.7572e-01	4.2222e-01	4.6178e-05	1.3667e-02	9.1187e-01	7.4462e-02	3.5541e-06	1.1755e-36	1.1755e-36	4.5193e-23	0.00e+00	0.00e+00	2.2997e-01
4.76318e+16	6.2122e+03	1.698e-20	7.7426e+01	8.2682e+01	2.6914e-12	1.2513e-02	9.8749e-01	7.0846e-02	9.2882e-01	3.3704e-04	7.4961e-15	2.0641e-03	5.8582e-01	4.1207e-01	4.2801e-05	1.3947e-02	9.1478e-01	7.1268e-02	2.8894e-06	1.1755e-36	1.1755e-36	4.6138e-23	0.00e+00	0.00e+00	3.4817e-01
6.98494e+16	6.0757e+03	1.661e-20	7.7426e+01	8.2623e+01	3.2746e-12	1.2935e-02	9.8706e-01	7.4851e-02	9.2487e-01	2.8141e-04	8.2103e-15	2.1553e-03	6.0035e-01	3.9746e-01	3.8322e-05	1.4536e-02	9.1897e-01	6.6492e-02	2.1499e-06	1.1755e-36	1.1755e-36	4.9875e-23	0.00e+00	0.00e+00	5.0701e-01
9.87323e+16	5.9440e+03	1.633e-20	7.7426e+01	8.2519e+01	4.2239e-12	1.3746e-02	9.8625e-01	8.1191e-02	9.1859e-01	2.1836e-04	9.6184e-15	2.3055e-03	6.2118e-01	3.7648e-01	3.2690e-05	1.5613e-02	9.2462e-01	5.9765e-02	1.4159e-06	1.1755e-36	1.1755e-36	5.8640e-23	0.00e+00	0.00e+00	7.2645e-01
1.36280e+17	5.8259e+03	1.619e-20	7.7426e+01	8.2345e+01	5.9105e-12	1.5244e-02	9.8476e-01	9.1709e-02	9.0814e-01	1.5415e-04	1.2500e-14	2.5518e-03	6.5123e-01	3.4619e-01	2.5930e-05	1.7552e-02	9.3176e-01	5.0684e-02	7.8345e-07	1.1755e-36	1.1755e-36	7.8790e-23	0.00e+00	0.00e+00	1.0428e+00
1.75909e+17	5.7486e+03	1.618e-20	7.7426e+01	8.2075e+01	8.3581e-12	1.7313e-02	9.8269e-01	1.0561e-01	8.9429e-01	1.0596e-04	1.7096e-14	2.8569e-03	6.8463e-01	3.1250e-01	1.9856e-05	2.0198e-02	9.3824e-01	4.1559e-02	4.0604e-07	1.1755e-36	1.1755e-36	1.1430e-22	0.00e+00	0.00e+00	1.3544e+00
2.09009e+17	5.7382e+03	1.635e-20	7.7426e+01	8.1773e+01	1.1211e-11	1.9805e-02	9.8019e-01	1.2149e-01	8.7843e-01	7.6884e-05	2.3719e-14	3.1785e-03	7.1585e-01	2.8095e-01	1.5245e-05	2.3350e-02	9.4277e-01	3.3884e-02	2.2010e-07	1.1755e-36	1.1755e-36	1.7206e-22	0.00e+00	0.00e+00	1.6390e+00
2.36738e+17	5.7494e+03	1.662e-20	7.7426e+01	8.1450e+01	1.4831e-11	2.2741e-02	9.7726e-01	1.3963e-01	8.6031e-01	5.8284e-05	3.3174e-14	3.5086e-03	7.4501e-01	2.5147e-01	1.1669e-05	2.7040e-02	9.4546e-01	2.7498e-02	1.1755e-36	1.1755e-36	1.1755e-36	2.6396e-22	0.00e+00	0.00e+00	1.9289e+00
2.62032e+17	5.7886e+03	1.692e-20	7.7426e+01	8.1037e+01	1.9369e-11	2.6300e-02	9.7370e-01	1.6123e-01	8.3872e-01	4.5030e-05	4.7178e-14	3.8524e-03	7.7323e-01	2.2291e-01	8.7722e-06	3.1494e-02	9.4655e-01	2.1955e-02	1.1755e-36	1.1755e-36	1.1755e-36	4.1671e-22	0.00e+00	0.00e+00	2.2441e+00
2.85665e+17	5.8465e+03	1.725e-20	7.7426e+01	8.0497e+01	2.5386e-11	3.0723e-02	9.6928e-01	1.8756e-01	8.1241e-01	3.5075e-05	6.8692e-14	4.2091e-03	8.0077e-01	1.9501e-01	6.4165e-06	3.7011e-02	9.4584e-01	1.7148e-02	1.1755e-36	1.1755e-36	1.1755e-36	6.8130e-22	0.00e+00	0.00e+00	2.5858e+00
3.07120e+17	5.9153e+03	1.759e-20	7.7426e+01	7.9865e+01	3.3453e-11	3.6140e-02	9.6386e-01	2.1897e-01	7.8100e-01	2.7694e-05	1.0174e-13	4.5632e-03	8.2673e-01	1.6870e-01	4.5849e-06	4.3740e-02	9.4310e-01	1.3159e-02	1.1755e-36	1.1755e-36	1.1755e-36	1.1422e-21	0.00e+00	0.00e+00	2.9421e+00
3.25870e+17	5.9892e+03	1.792e-20	7.7426e+01	7.9234e+01	4.4068e-11	4.2566e-02	9.5743e-01	2.5493e-01	7.4505e-01	2.2325e-05	1.5152e-13	4.8974e-03	8.5007e-01	1.4503e-01	3.2340e-06	5.1689e-02	9.3830e-01	1.0012e-02	1.1755e-36	1.1755e-36	1.1755e-36	1.9319e-21	0.00e+00	0.00e+00	3.3029e+00
3.41971e+17	6.0627e+03	1.819e-20	7.7426e+01	7.8431e+01	5.7622e-11	4.9884e-02	9.5012e-01	2.9415e-01	7.0583e-01	1.8281e-05	2.2324e-13	5.1865e-03	8.7017e-01	1.2464e-01	2.2812e-06	6.0704e-02	9.3167e-01	7.6229e-03	1.1755e-36	1.1755e-36	1.1755e-36	3.2160e-21	0.00e+00	0.00e+00	3.6654e+00
3.56020e+17	6.1311e+03	1.839e-20	7.7426e+01	7.7515e+01	7.5352e-11	5.8264e-02	9.4174e-01	3.3663e-01	6.6335e-01	1.5110e-05	3.2720e-13	5.4337e-03	8.8755e-01	1.0702e-01	1.6050e-06	7.0980e-02	9.2322e-01	5.7981e-03	1.1755e-36	1.1755e-36	1.1755e-36	5.3024e-21	0.00e+00	0.00e+00	4.0424e+00
3.68654e+17	6.1962e+03	1.852e-20	7.7426e+01	7.6468e+01	9.9133e-11	6.8063e-02	9.3194e-01	3.8284e-01	6.1715e-01	1.2519e-05	4.8162e-13	5.6405e-03	9.0280e-01	9.1558e-02	1.1190e-06	8.2936e-02	9.1268e-01	4.3800e-03	1.1755e-36	1.1755e-36	1.1755e-36	8.7659e-21	0.00e+00	0.00e+00	4.4429e+00
3.80129e+17	6.2518e+03	1.855e-20	7.7426e+01	7.5169e+01	1.3213e-10	7.9571e-02	9.2043e-01	4.3231e-01	5.6768e-01	1.0350e-05	7.1230e-13	5.8032e-03	9.1609e-01	7.8101e-02	7.7333e-07	9.6902e-02	8.9981e-01	3.2845e-03	1.1755e-36	1.1755e-36	1.1755e-36	1.4514e-20	0.00e+00	0.00e+00	4.8675e+00
3.90533e+17	6.3015e+03	1.849e-20	7.7426e+01	7.3703e+01	1.7765e-10	9.3062e-02	9.0694e-01	4.8400e-01	5.1600e-01	8.5220e-06	1.0593e-12	5.9192e-03	9.2757e-01	6.6512e-02	5.3093e-07	1.1317e-01	8.8438e-01	2.4467e-03	1.1755e-36	1.1755e-36	1.1755e-36	2.4134e-20	0.00e+00	0.00e+00	5.3177e+00
3.99968e+17	6.3389e+03	1.832e-20	7.7426e+01	7.2125e+01	2.4266e-10	1.0897e-01	8.9103e-01	5.3643e-01	4.6356e-01	7.0304e-06	1.5874e-12	5.9955e-03	9.3743e-01	5.6572e-02	3.6235e-07	1.3221e-01	8.6598e-01	1.8112e-03	1.1755e-36	1.1755e-36	1.1755e-36	4.0486e-20	0.00e+00	0.00e+00	5.7959e+00
4.08525e+17	6.3638e+03	1.804e-20	7.7426e+01	7.0347e+01	3.3581e-10	1.2754e-01	8.7246e-01	5.8780e-01	4.1219e-01	5.8006e-06	2.3844e-12	6.0251e-03	9.4579e-01	4.8187e-02	2.4710e-07	1.5425e-01	8.4441e-01	1.3353e-03	1.1755e-36	1.1755e-36	1.1755e-36	6.8124e-20	0.00e+00	0.00e+00	6.3033e+00
4.16329e+17	6.3742e+03	1.762e-20	7.7426e+01	6.8341e+01	4.7164e-10	1.4922e-01	8.5078e-01	6.3686e-01	3.6314e-01	4.7850e-06	3.5867e-12	6.0080e-03	9.5286e-01	4.1127e-02	1.6858e-07	1.7973e-01	8.1929e-01	9.8025e-04	1.1755e-36	1.1755e-36	1.1755e-36	1.1507e-19	0.00e+00	0.00e+00	6.8482e+00
4.23533e+17	6.3679e+03	1.705e-20	7.7426e+01	6.6079e+01	6.7576e-10	1.7469e-01	8.2531e-01	6.8273e-01	3.1726e-01	3.9521e-06	5.4160e-12	5.9442e-03	9.5891e-01	3.5148e-02	1.1755e-36	2.0934e-01	7.8994e-01	7.1465e-04	1.1755e-36	1.1755e-36	1.1755e-36	1.9630e-19	0.00e+00	0.00e+00	7.4407e+00
4.30227e+17	6.3419e+03	1.631e-20	7.7426e+01	6.3485e+01	9.9097e-10	2.0459e-01	7.9541e-01	7.2463e-01	2.7537e-01	3.2735e-06	8.1996e-12	5.8295e-03	9.6409e-01	3.0081e-02	1.1755e-36	2.4365e-01	7.5583e-01	5.1699e-04	1.1755e-36	1.1755e-36	1.1755e-36	3.3858e-19	0.00e+00	0.00e+00	8.0859e+00
4.36444e+17	6.2924e+03	1.539e-20	7.7426e+01	6.0553e+01	1.4915e-09	2.3947e-01	7.6053e-01	7.6186e-01	2.3814e-01	2.7286e-06	1.2423e-11	5.6643e-03	9.6854e-01	2.5798e-02	1.1755e-36	2.8307e-01	7.1656e-01	3.7131e-04	1.1755e-36	1.1755e-36	1.1755e-36	5.9101e-19	0.00e+00	0.00e+00	8.7866e+00
4.41908e+17	6.2209e+03	1.437e-20	7.7426e+01	5.7407e+01	2.2559e-09	2.7750e-01	7.2250e-01	7.9219e-01	2.0780e-01	2.3250e-06	1.8369e-11	5.4573e-03	9.7215e-01	2.2398e-02	1.1755e-36	3.2531e-01	6.7442e-01	2.7018e-04	1.1755e-36	1.1755e-36	1.1755e-36	1.0126e-18	0.00e+00	0.00e+00	9.4573e+00
4.46185e+17	6.1393e+03	1.339e-20	7.7426e+01	5.4470e+01	3.2625e-09	3.1320e-01	6.8680e-01	8.1379e-01	1.8621e-01	2.0617e-06	2.5393e-11	5.2443e-03	9.7478e-01	1.9979e-02	1.1755e-36	3.6431e-01	6.3549e-01	2.0652e-04	1.1755e-36	1.1755e-36	1.1755e-36	1.6027e-18	0.00e+00	0.00e+00	1.0010e+01
4.49327e+17	6.0606e+03	1.258e-20	7.7426e+01	5.2055e+01	4.4073e-09	3.4311e-01	6.5689e-01	8.2857e-01	1.7143e-01	1.8909e-06	3.2558e-11	5.0594e-03	9.7663e-01	1.8314e-02	1.1755e-36	3.9648e-01	6.0335e-01	1.6746e-04	1.1755e-36	1.1755e-36	1.1755e-36	2.3010e-18	0.00e+00	0.00e+00	1.0459e+01
4.51819e+17	5.9842e+03	1.188e-20	7.7426e+01	4.9982e+01	5.7056e-09	3.6896e-01	6.3104e-01	8.3968e-01	1.6032e-01	1.7676e-06	3.9865e-11	4.8954e-03	9.7806e-01	1.7045e-02	1.1755e-36	4.2394e-01	5.7592e-01	1.4073e-04	1.1755e-36	1.1755e-36	1.1755e-36	3.1097e-18	0.00e+00	0.00e+00	1.0875e+01
4.54086e+17	5.9023e+03	1.121e-20	7.7426e+01	4.7967e+01	7.3403e-09	3.9411e-01	6.0589e-01	8.4939e-01	1.5061e-01	1.6631e-06	4.8131e-11	4.7319e-03	9.7934e-01	1.5932e-02	1.1755e-36	4.5035e-01	5.4953e-01	1.1944e-04	1.1755e-36	1.1755e-36	1.1755e-36	4.1409e-18	0.00e+00	0.00e+00	1.1304e+01
4.56258e+17	5.8116e+03	1.053e-20	7.7426e+01	4.5917e+01	9.5111e-09	4.1976e-01	5.8024e-01	8.5817e-01	1.4183e-01	1.5721e-06	5.7926e-11	4.5621e-03	9.8052e-01	1.4916e-02	1.1755e-36	4.7699e-01	5.2291e-01	1.0156e-04	1.1755e-36	1.1755e-36	1.1755e-36	5.5299e-18	0.00e+00	0.00e+00	1.1739e+01
4.58267e+17	5.7159e+03	9.880e-21	7.7426e+01	4.3917e+01	1.2301e-08	4.4487e-01	5.5513e-01	8.6572e-01	1.3428e-01	1.4977e-06	6.9089e-11	4.3934e-03	9.8158e-01	1.4025e-02	1.1755e-36	5.0276e-01	4.9715e-01	8.7050e-05	1.1755e-36	1.1755e-36	1.1755e-36	7.3481e-18	0.00e+00	0.00e+00	1.2152e+01
4.59635e+17	5.6460e+03	9.437e-21	7.7426e+01	4.2511e+01	1.4777e-08	4.6270e-01	5.3730e-01	8.7003e-01	1.2996e-01	1.4597e-06	7.8061e-11	4.2730e-03	9.8223e-01	1.3501e-02	1.1755e-36	5.2089e-01	4.7903e-01	7.8446e-05	1.1755e-36	1.1755e-36	1.1755e-36	9.0176e-18	0.00e+00	0.00e+00	1.2341e+01
4.60303e+17	5.6077e+03	9.219e-21	7.7426e+01	4.1817e+01	1.6257e-08	4.7167e-01	5.2833e-01	8.7223e-01	1.2777e-01	1.4396e-06	8.3048e-11	4.2137e-03	9.8255e-01	1.3235e-02	1.1755e-36	5.2995e-01	4.6998e-01	7.4449e-05	1.1755e-36	1.1755e-36	1.1755e-36	1.0021e-17	0.00e+00	0.00e+00	1.2456e+01
4.60828e+17	5.5764e+03	9.041e-21	7.7426e+01	4.1253e+01	1.7550e-08	4.7875e-01	5.2125e-01	8.7409e-01	1.2590e-01	1.4221e-06	8.7232e-11	4.1651e-03	9.8282e-01	1.3011e-02	1.1755e-36	5.3709e-01	4.6284e-01	7.1347e-05	1.1755e-36	1.1755e-36	1.1755e-36	1.0898e-17	0.00e+00	0.00e+00	1.2585e+01
4.61459e+17	5.5281e+03	8.835e-21	7.7426e+01	4.0612e+01	1.9552e-08	4.8801e-01	5.1199e-01	8.7655e-01	1.2345e-01	1.3956e-06	9.3301e-11	4.1117e-03	9.8318e-01	1.2710e-02	1.1755e-36	5.4639e-01	4.5354e-01	6.7601e-05	1.1755e-36	1.1755e-36	1.1755e-36	1.2251e-17	0.00e+00	0.00e+00	1.2755e+01
4.62164e+17	5.4887e+03	8.589e-21	7.7426e+01	3.9813e+01	2.1597e-08	4.9738e-01	5.0262e-01	8.7875e-01	1.2125e-01	1.3779e-06	9.9439e-11	4.0408e-03	9.8352e-01	1.2440e-02	1.1755e-36	5.5575e-01	4.4418e-01	6.3880e-05	1.1755e-36	1.1755e-36	1.1755e-36	1.3702e-17	0.00e+00	0.00e+00	1.2924e+01
4.62880e+17	5.4433e+03	8.341e-21	7.7426e+01	3.9000e+01	2.4088e-08	5.0722e-01	4.9278e-01	8.8109e-01	1.1891e-01	1.3578e-06	1.0648e-10	3.9697e-03	9.8387e-01	1.2158e-02	1.1755e-36	5.6553e-01	4.3441e-01	6.0235e-05	1.1755e-36	1.1755e-36	1.1755e-36	1.5481e-17	0.00e+00	0.00e+00	1.3107e+01
4.63603e+17	5.3917e+03	8.095e-21	7.7426e+01	3.8187e+01	2.7129e-08	5.1748e-01	4.8252e-01	8.8335e-01	1.1665e-01	1.3382e-06	1.1455e-10	3.8987e-03	9.8423e-01	1.1874e-02	1.1755e-36	5.7571e-01	4.2424e-01	5.6715e-05	1.1755e-36	1.1755e-36	1.1755e-36	1.7689e-17	0.00e+00	0.00e+00	1.3287e+01
4.64276e+17	5.3421e+03	7.870e-21	7.7426e+01	3.7450e+01	3.0414e-08	5.2729e-01	4.7271e-01	8.8545e-01	1.1455e-01	1.3194e-06	1.2305e-10	3.8342e-03	9.8456e-01	1.1610e-02	1.1755e-36	5.8539e-01	4.1456e-01	5.3575e-05	1.1755e-36	1.1755e-36	1.1755e-36	2.0197e-17	0.00e+00	0.00e+00	1.3450e+01
4.64888e+17	5.3011e+03	7.657e-21	7.7426e+01	3.6730e+01	3.3526e-08	5.3579e-01	4.6421e-01	8.8717e-01	1.1283e-01	1.3070e-06	1.3075e-10	3.7700e-03	9.8484e-01	1.1393e-02	1.1755e-36	5.9374e-01	4.0621e-01	5.0930e-05	1.1755e-36	1.1755e-36	1.1755e-36	2.2635e-17	0.00e+00	0.00e+00	1.3604e+01
4.65498e+17	5.2454e+03	7.455e-21	7.7426e+01	3.6050e+01	3.7803e-08	5.4516e-01	4.5484e-01	8.8916e-01	1.1083e-01	1.2877e-06	1.4061e-10	3.7114e-03	9.8515e-01	1.1143e-02	1.1755e-36	6.0292e-01	3.9704e-01	4.8271e-05	1.1755e-36	1.1755e-36	1.1755e-36	2.6021e-17	0.00e+00	0.00e+00	1.3773e+01
4.66094e+17	5.2069e+03	7.247e-21	7.7426e+01	3.5338e+01	4.1525e-08	5.5339e-01	4.4661e-01	8.9069e-01	1.0931e-01	1.2783e-06	1.4932e-10	3.6469e-03	9.8541e-01	1.0945e-02	1.1755e-36	6.1093e-01	3.8902e-01	4.5936e-05	1.1755e-36	1.1755e-36	1.1755e-36	2.9216e-17	0.00e+00	0.00e+00	1.3924e+01
4.66686e+17	5.1548e+03	7.047e-21	7.7426e+01	3.4643e+01	4.6565e-08	5.6224e-01	4.3776e-01	8.9246e-01	1.0754e-01	1.2634e-06	1.6020e-10	3.5857e-03	9.8569e-01	1.0723e-02	1.1755e-36	6.1953e-01	3.8042e-01	4.3620e-05	1.1755e-36	1.1755e-36	1.1755e-36	3.3548e-17	0.00e+00	0.00e+00	1.4096e+01
4.67287e+17	5.0995e+03	6.847e-21	7.7426e+01	3.3943e+01	5.2532e-08	5.7130e-01	4.2870e-01	8.9416e-01	1.0584e-01	1.2493e-06	1.7261e-10	3.5241e-03	9.8597e-01	1.0506e-02	1.1755e-36	6.2831e-01	3.7165e-01	4.1393e-05	1.1755e-36	1.1755e-36	1.1755e-36	3.8939e-17	0.00e+00	0.00e+00	1.4257e+01
4.67829e+17	5.0507e+03	6.669e-21	7.7426e+01	3.3317e+01	5.8540e-08	5.7950e-01	4.2050e-01	8.9564e-01	1.0436e-01	1.2375e-06	1.8496e-10	3.4685e-03	9.8622e-01	1.0315e-02	1.1755e-36	6.3621e-01	3.6375e-01	3.9469e-05	1.1755e-36	1.1755e-36	1.1755e-36	4.4751e-17	0.00e+00	0.00e+00	1.4401e+01
4.68330e+17	5.0106e+03	6.499e-21	7.7426e+01	3.2717e+01	6.4212e-08	5.8673e-01	4.1327e-01	8.9693e-01	1.0307e-01	1.2290e-06	1.9655e-10	3.4143e-03	9.8644e-01	1.0150e-02	1.1755e-36	6.4317e-01	3.5679e-01	3.7787e-05	1.1755e-36	1.1755e-36	1.1755e-36	5.0594e-17	0.00e+00	0.00e+00	1.4543e+01
4.68858e+17	4.9573e+03	6.324e-21	7.7426e+01	3.2082e+01	7.1998e-08	5.9478e-01	4.0522e-01	8.9837e-01	1.0163e-01	1.2176e-06	2.1012e-10	3.3581e-03	9.8669e-01	9.9547e-03	1.1755e-36	6.5087e-01	3.4910e-01	3.6047e-05	1.1755e-36	1.1755e-36	1.1755e-36	5.7931e-17	0.00e+00	0.00e+00	1.4706e+01
4.69397e+17	4.9048e+03	6.149e-21	7.7426e+01	3.1440e+01	8.0754e-08	6.0289e-01	3.9711e-01	8.9975e-01	1.0025e-01	1.2076e-06	2.2460e-10	3.3009e-03	9.8693e-01	9.7650e-03	1.1755e-36	6.5862e-01	3.4135e-01	3.4366e-05	1.1755e-36	1.1755e-36	1.1755e-36	6.6361e-17	0.00e+00	0.00e+00	1.4858e+01
4.69894e+17	4.8531e+03	5.989e-21	7.7426e+01	3.0846e+01	9.0294e-08	6.1048e-01	3.8952e-01	9.0102e-01	9.8975e-02	1.1980e-06	2.3953e-10	3.2483e-03	9.8716e-01	9.5893e-03	1.1755e-36	6.6584e-01	3.3413e-01	3.2870e-05	1.1755e-36	1.1755e-36	1.1755e-36	7.5783e-17	0.00e+00	0.00e+00	1.5001e+01
4.70359e+17	4.7991e+03	5.842e-21	7.7426e+01	3.0290e+01	1.0119e-07	6.1774e-01	3.8226e-01	9.0225e-01	9.7751e-02	1.1880e-06	2.5546e-10	3.1997e-03	9.8738e-01	9.4205e-03	1.1755e-36	6.7274e-01	3.2723e-01	3.1513e-05	1.1755e-36	1.1755e-36	1.1755e-36	8.6704e-17	0.00e+00	0.00e+00	1.5137e+01
4.70795e+17	4.7545e+03	5.703e-21	7.7426e+01	2.9771e+01	1.1164e-07	6.2431e-01	3.7569e-01	9.0332e-01	9.6674e-02	1.1805e-06	2.7071e-10	3.1533e-03	9.8757e-01	9.2723e-03	1.1755e-36	6.7896e-01	3.2101e-01	3.0300e-05	1.1755e-36	1.1755e-36	1.1755e-36	9.7885e-17	0.00e+00	0.00e+00	1.5265e+01
4.71230e+17	4.7000e+03	5.568e-21	7.7426e+01	2.9260e+01	1.2525e-07	6.3130e-01	3.6870e-01	9.0451e-01	9.5493e-02	1.1699e-06	2.8914e-10	3.1090e-03	9.8778e-01	9.1093e-03	1.1755e-36	6.8554e-01	3.1443e-01	2.9093e-05	1.1755e-36	1.1755e-36	1.1755e-36	1.1256e-16	0.00e+00	0.00e+00	1.5404e+01
4.71660e+17	4.6571e+03	5.432e-21	7.7426e+01	2.8732e+01	1.3781e-07	6.3753e-01	3.6247e-01	9.0544e-01	9.4554e-02	1.1652e-06	3.0602e-10	3.0611e-03	9.8796e-01	8.9744e-03	1.1755e-36	6.9141e-01	3.0856e-01	2.8001e-05	1.1755e-36	1.1755e-36	1.1755e-36	1.2700e-16	0.00e+00	0.00e+00	1.5533e+01
4.72093e+17	4.6030e+03	5.298e-21	7.7426e+01	2.8203e+01	1.5465e-07	6.4426e-01	3.5574e-01	9.0653e-01	9.3472e-02	1.1569e-06	3.2695e-10	3.0148e-03	9.8816e-01	8.8220e-03	1.1755e-36	6.9773e-01	3.0225e-01	2.6902e-05	1.1755e-36	1.1755e-36	1.1755e-36	1.4644e-16	0.00e+00	0.00e+00	1.5675e+01
4.72527e+17	4.5498e+03	5.167e-21	7.7426e+01	2.7704e+01	1.7355e-07	6.5112e-01	3.4888e-01	9.0761e-01	9.2385e-02	1.1478e-06	3.5030e-10	2.9712e-03	9.8836e-01	8.6703e-03	1.1755e-36	7.0414e-01	2.9584e-01	2.5828e-05	1.1755e-36	1.1755e-36	1.1755e-36	1.6984e-16	0.00e+00	0.00e+00	1.5808e+01
4.72926e+17	4.5033e+03	5.046e-21	7.7426e+01	2.7218e+01	1.9206e-07	6.5705e-01	3.4295e-01	9.0848e-01	9.1514e-02	1.1428e-06	3.7202e-10	2.9278e-03	9.8853e-01	8.5436e-03	1.1755e-36	7.0968e-01	2.9030e-01	2.4909e-05	1.1755e-36	1.1755e-36	1.1755e-36	1.9352e-16	0.00e+00	0.00e+00	1.5930e+01
4.73316e+17	4.4569e+03	4.929e-21	7.7426e+01	2.6755e+01	2.1260e-07	6.6296e-01	3.3704e-01	9.0939e-01	9.0613e-02	1.1366e-06	3.9565e-10	2.8868e-03	9.8870e-01	8.4151e-03	1.1755e-36	7.1517e-01	2.8481e-01	2.4021e-05	1.1755e-36	1.1755e-36	1.1755e-36	2.2116e-16	0.00e+00	0.00e+00	1.6059e+01
4.73719e+17	4.4009e+03	4.811e-21	7.7426e+01	2.6270e+01	2.3947e-07	6.6928e-01	3.3072e-01	9.1039e-01	8.9611e-02	1.1284e-06	4.2446e-10	2.8451e-03	9.8888e-01	8.2766e-03	1.1755e-36	7.2105e-01	2.7893e-01	2.3124e-05	1.1755e-36	1.1755e-36	1.1755e-36	2.5794e-16	0.00e+00	0.00e+00	1.6193e+01
4.74107e+17	4.3537e+03	4.698e-21	7.7426e+01	2.5810e+01	2.6549e-07	6.7505e-01	3.2495e-01	9.1121e-01	8.8786e-02	1.1234e-06	4.5224e-10	2.8043e-03	9.8904e-01	8.1555e-03	1.1755e-36	7.2641e-01	2.7357e-01	2.2308e-05	1.1755e-36	1.1755e-36	1.1755e-36	2.9622e-16	0.00e+00	0.00e+00	1.6314e+01
4.74476e+17	4.3070e+03	4.591e-21	7.7426e+01	2.5373e+01	2.9387e-07	6.8061e-01	3.1938e-01	9.1203e-01	8.7966e-02	1.1180e-06	4.8158e-10	2.7659e-03	9.8920e-01	8.0373e-03	1.1755e-36	7.3155e-01	2.6843e-01	2.1545e-05	1.1755e-36	1.1755e-36	1.1755e-36	3.3982e-16	0.00e+00	0.00e+00	1.6438e+01
4.74855e+17	4.2566e+03	4.481e-21	7.7426e+01	2.4896e+01	3.2715e-07	6.8615e-01	3.1385e-01	9.1281e-01	8.7188e-02	1.1141e-06	5.1375e-10	2.7238e-03	9.8935e-01	7.9222e-03	1.1755e-36	7.3664e-01	2.6334e-01	2.0809e-05	1.1755e-36	1.1755e-36	1.1755e-36	3.9196e-16	0.00e+00	0.00e+00	1.6567e+01
4.75238e+17	4.2085e+03	4.373e-21	7.7426e+01	2.4468e+01	3.6350e-07	6.9200e-01	3.0800e-01	9.1369e-01	8.6310e-02	1.1074e-06	5.5007e-10	2.6866e-03	9.8951e-01	7.7992e-03	1.1755e-36	7.4200e-01	2.5798e-01	2.0055e-05	1.1755e-36	1.1755e-36	1.1755e-36	4.5458e-16	0.00e+00	0.00e+00	1.6696e+01
4.75618e+17	4.1559e+03	4.268e-21	7.7426e+01	2.4019e+01	4.0635e-07	6.9770e-01	3.0230e-01	9.1452e-01	8.5483e-02	1.1018e-06	5.8980e-10	2.6477e-03	9.8967e-01	7.6801e-03	1.1755e-36	7.4724e-01	2.5274e-01	1.9344e-05	1.1755e-36	1.1755e-36	1.1755e-36	5.2973e-16	0.00e+00	0.00e+00	1.6825e+01
4.75988e+17	4.1043e+03	4.167e-21	7.7426e+01	2.3586e+01	4.5288e-07	7.0323e-01	2.9677e-01	9.1530e-01	8.4696e-02	1.0965e-06	6.3165e-10	2.6104e-03	9.8982e-01	7.5663e-03	1.1755e-36	7.5231e-01	2.4768e-01	1.8675e-05	1.1755e-36	1.1755e-36	1.1755e-36	6.1560e-16	0.00e+00	0.00e+00	1.6949e+01
4.76343e+17	4.0539e+03	4.071e-21	7.7426e+01	2.3170e+01	5.0283e-07	7.0853e-01	2.9147e-01	9.1605e-01	8.3944e-02	1.0914e-06	6.7513e-10	2.5747e-03	9.8997e-01	7.4577e-03	1.1755e-36	7.5715e-01	2.4283e-01	1.8051e-05	1.1755e-36	1.1755e-36	1.1755e-36	7.1221e-16	0.00e+00	0.00e+00	1.7070e+01
4.76695e+17	4.0033e+03	3.977e-21	7.7426e+01	2.2759e+01	5.5775e-07	7.1378e-01	2.8622e-01	9.1680e-01	8.3202e-02	1.0864e-06	7.2150e-10	2.5397e-03	9.9011e-01	7.3508e-03	1.1755e-36	7.6193e-01	2.3805e-01	1.7449e-05	1.1755e-36	1.1755e-36	1.1755e-36	8.2351e-16	0.00e+00	0.00e+00	1.7193e+01
4.77050e+17	3.9482e+03	3.884e-21	7.7426e+01	2.2341e+01	6.2262e-07	7.1920e-01	2.8080e-01	9.1758e-01	8.2423e-02	1.0805e-06	7.7383e-10	2.5048e-03	9.9025e-01	7.2407e-03	1.1755e-36	7.6687e-01	2.3312e-01	1.6851e-05	1.1755e-36	1.1755e-36	1.1755e-36	9.5983e-16	0.00e+00	0.00e+00	1.7319e+01
###########################
6.87003e+13	6.6861e+03	1.877e-20	7.7426e+01	8.2810e+01	1.7770e-12	1.2456e-02	9.8754e-01	6.4625e-02	9.3492e-01	4.5312e-04	7.1481e-15	1.9751e-03	5.5999e-01	4.3799e-01	5.1499e-05	1.3664e-02	9.0805e-01	7.8282e-02	4.9046e-06	1.1755e-36	1.1755e-36	4.8981e-23	0.00e+00	0.00e+00	8.3677e-04
4.12202e+14	6.6789e+03	1.874e-20	7.7426e+01	8.2749e+01	1.7840e-12	1.2443e-02	9.8756e-01	6.4633e-02	9.3491e-01	4.5266e-04	7.1281e-15	1.9696e-03	5.6004e-01	4.3794e-01	5.1556e-05	1.3650e-02	9.0801e-01	7.8339e-02	4.8947e-06	1.1755e-36	1.1755e-36	4.8723e-23	0.00e+00	0.00e+00	4.1805e-03
1.78621e+15	6.6681e+03	1.867e-20	7.7426e+01	8.2729e+01	1.7989e-12	1.2438e-02	9.8756e-01	6.4799e-02	9.3475e-01	4.4904e-04	7.1307e-15	1.9697e-03	5.6077e-01	4.3721e-01	5.1264e-05	1.3651e-02	9.0818e-01	7.8169e-02	4.8140e-06	1.1755e-36	1.1755e-36	4.8581e-23	0.00e+00	0.00e+00	1.7550e-02
7.28223e+15	6.6272e+03	1.850e-20	7.7426e+01	8.2715e+01	1.8848e-12	1.2514e-02	9.8749e-01	6.5715e-02	9.3385e-01	4.3101e-04	7.2751e-15	1.9886e-03	5.6455e-01	4.3341e-01	4.9878e-05	1.3764e-02	9.0925e-01	7.6986e-02	4.4515e-06	1.1755e-36	1.1755e-36	4.9253e-23	0.00e+00	0.00e+00	7.1351e-02
1.73949e+16	6.4855e+03	1.792e-20	7.7426e+01	8.2720e+01	2.0586e-12	1.2340e-02	9.8766e-01	6.6638e-02	9.3295e-01	4.1326e-04	7.1036e-15	1.9865e-03	5.6885e-01	4.2911e-01	4.8532e-05	1.3610e-02	9.1004e-01	7.6345e-02	4.0894e-06	1.1755e-36	1.1755e-36	4.6195e-23	0.00e+00	0.00e+00	1.4032e-01
3.05414e+16	6.3490e+03	1.742e-20	7.7426e+01	8.2712e+01	2.3128e-12	1.2338e-02	9.8766e-01	6.8270e-02	9.3135e-01	3.8151e-04	7.1707e-15	2.0114e-03	5.7572e-01	4.2222e-01	4.6178e-05	1.3667e-02	9.1187e-01	7.4462e-02	3.5541e-06	1.1755e-36	1.1755e-36	4.5192e-23	0.00e+00	0.00e+00	2.2997e-01
4.76318e+16	6.2122e+03	1.698e-20	7.7426e+01	8.2682e+01	2.6914e-12	1.2513e-02	9.8749e-01	7.0846e-02	9.2882e-01	3.3704e-04	7.4961e-15	2.0641e-03	5.8582e-01	4.1207e-01	4.2801e-05	1.3947e-02	9.1478e-01	7.1268e-02	2.8894e-06	1.1755e-36	1.1755e-36	4.6137e-23	0.00e+00	0.00e+00	3.4817e-01
6.98494e+16	6.0757e+03	1.661e-20	7.7426e+01	8.2623e+01	3.2746e-12	1.2935e-02	9.8706e-01	7.4851e-02	9.2487e-01	2.8141e-04	8.2103e-15	2.1553e-03	6.0035e-01	3.9746e-01	3.8322e-05	1.4536e-02	9.1897e-01	6.6492e-02	2.1499e-06	1.1755e-36	1.1755e-36	4.9874e-23	0.00e+00	0.00e+00	5.0701e-01
9.87323e+16	5.9440e+03	1.633e-20	7.7426e+01	8.2519e+01	4.2239e-12	1.3746e-02	9.8625e-01	8.1191e-02	9.1859e-01	2.1836e-04	9.6184e-15	2.3055e-03	6.2118e-01	3.7648e-01	3.2690e-05	1.5613e-02	9.2462e-01	5.9765e-02	1.4159e-06	1.1755e-36	1.1755e-36	5.8639e-23	0.00e+00	0.00e+00	7.2645e-01
1.36280e+17	5.8259e+03	1.619e-20	7.7426e+01	8.2345e+01	5.9104e-12	1.5244e-02	9.8476e-01	9.1709e-02	9.0814e-01	1.5415e-04	1.2500e-14	2.5518e-03	6.5123e-01	3.4619e-01	2.5930e-05	1.7552e-02	9.3176e-01	5.0684e-02	7.8345e-07	1.1755e-36	1.1755e-36	7.8789e-23	0.00e+00	0.00e+00	1.0428e+00
1.75909e+17	5.7488e+03	1.618e-20	7.7426e+01	8.2075e+01	8.3568e-12	1.7312e-02	9.8269e-01	1.0561e-01	8.9429e-01	1.0596e-04	1.7095e-14	2.8569e-03	6.8462e-01	3.1250e-01	1.9856e-05	2.0198e-02	9.3824e-01	4.1560e-02	4.0604e-07	1.1755e-36	1.1755e-36	1.1430e-22	0.00e+00	0.00e+00	1.3544e+00
2.09011e+17	5.7381e+03	1.635e-20	7.7426e+01	8.1773e+01	1.1212e-11	1.9805e-02	9.8019e-01	1.2149e-01	8.7843e-01	7.6883e-05	2.3719e-14	3.1785e-03	7.1585e-01	2.8095e-01	1.5245e-05	2.3350e-02	9.4277e-01	3.3884e-02	2.2009e-07	1.1755e-36	1.1755e-36	1.7206e-22	0.00e+00	0.00e+00	1.6390e+00
2.36740e+17	5.7494e+03	1.662e-20	7.7426e+01	8.1450e+01	1.4831e-11	2.2741e-02	9.7726e-01	1.3963e-01	8.6031e-01	5.8283e-05	3.3174e-14	3.5086e-03	7.4501e-01	2.5147e-01	1.1669e-05	2.7040e-02	9.4546e-01	2.7498e-02	1.1755e-36	1.1755e-36	1.1755e-36	2.6396e-22	0.00e+00	0.00e+00	1.9289e+00
2.62032e+17	5.7886e+03	1.692e-20	7.7426e+01	8.1037e+01	1.9369e-11	2.6300e-02	9.7370e-01	1.6123e-01	8.3872e-01	4.5030e-05	4.7178e-14	3.8524e-03	7.7323e-01	2.2291e-01	8.7722e-06	3.1494e-02	9.4655e-01	2.1955e-02	1.1755e-36	1.1755e-36	1.1755e-36	4.1670e-22	0.00e+00	0.00e+00	2.2441e+00
2.85665e+17	5.8465e+03	1.725e-20	7.7426e+01	8.0497e+01	2.5385e-11	3.0723e-02	9.6928e-01	1.8755e-01	8.1241e-01	3.5075e-05	6.8690e-14	4.2091e-03	8.0077e-01	1.9501e-01	6.4166e-06	3.7011e-02	9.4584e-01	1.7148e-02	1.1755e-36	1.1755e-36	1.1755e-36	6.8127e-22	0.00e+00	0.00e+00	2.5858e+00
3.07120e+17	5.9153e+03	1.759e-20	7.7426e+01	7.9865e+01	3.3452e-11	3.6140e-02	9.6386e-01	2.1897e-01	7.8100e-01	2.7694e-05	1.0174e-13	4.5633e-03	8.2673e-01	1.6871e-01	4.5849e-06	4.3740e-02	9.4310e-01	1.3159e-02	1.1755e-36	1.1755e-36	1.1755e-36	1.1422e-21	0.00e+00	0.00e+00	2.9421e+00
3.25871e+17	5.9892e+03	1.792e-20	7.7426e+01	7.9234e+01	4.4067e-11	4.2566e-02	9.5743e-01	2.5493e-01	7.4505e-01	2.2325e-05	1.5152e-13	4.8974e-03	8.5007e-01	1.4503e-01	3.2340e-06	5.1690e-02	9.3830e-01	1.0012e-02	1.1755e-36	1.1755e-36	1.1755e-36	1.9319e-21	0.00e+00	0.00e+00	3.3029e+00
3.41971e+17	6.0627e+03	1.819e-20	7.7426e+01	7.8431e+01	5.7621e-11	4.9885e-02	9.5012e-01	2.9415e-01	7.0583e-01	1.8281e-05	2.2324e-13	5.1866e-03	8.7017e-01	1.2464e-01	2.2811e-06	6.0704e-02	9.3167e-01	7.6229e-03	1.1755e-36	1.1755e-36	1.1755e-36	3.2160e-21	0.00e+00	0.00e+00	3.6654e+00
3.56020e+17	6.1311e+03	1.839e-20	7.7426e+01	7.7515e+01	7.5351e-11	5.8264e-02	9.4174e-01	3.3663e-01	6.6335e-01	1.5110e-05	3.2719e-13	5.4337e-03	8.8755e-01	1.0702e-01	1.6050e-06	7.0980e-02	9.2322e-01	5.7981e-03	1.1755e-36	1.1755e-36	1.1755e-36	5.3022e-21	0.00e+00	0.00e+00	4.0424e+00
3.68655e+17	6.1962e+03	1.852e-20	7.7426e+01	7.6468e+01	9.9131e-11	6.8063e-02	9.3194e-01	3.8284e-01	6.1715e-01	1.2519e-05	4.8161e-13	5.6406e-03	9.0280e-01	9.1558e-02	1.1190e-06	8.2936e-02	9.1268e-01	4.3801e-03	1.1755e-36	1.1755e-36	1.1755e-36	8.7655e-21	0.00e+00	0.00e+00	4.4429e+00
3.80129e+17	6.2518e+03	1.855e-20	7.7426e+01	7.5169e+01	1.3212e-10	7.9571e-02	9.2043e-01	4.3231e-01	5.6768e-01	1.0350e-05	7.1229e-13	5.8033e-03	9.1609e-01	7.8101e-02	7.7333e-07	9.6902e-02	8.9981e-01	3.2845e-03	1.1755e-36	1.1755e-36	1.1755e-36	1.4513e-20	0.00e+00	0.00e+00	4.8675e+00
3.90534e+17	6.3015e+03	1.849e-20	7.7426e+01	7.3703e+01	1.7764e-10	9.3062e-02	9.0694e-01	4.8400e-01	5.1600e-01	8.5220e-06	1.0593e-12	5.9193e-03	9.2757e-01	6.6512e-02	5.3093e-07	1.1317e-01	8.8438e-01	2.4467e-03	1.1755e-36	1.1755e-36	1.1755e-36	2.4133e-20	0.00e+00	0.00e+00	5.3177e+00
3.99969e+17	6.3389e+03	1.832e-20	7.7426e+01	7.2125e+01	2.4266e-10	1.0897e-01	8.9103e-01	5.3643e-01	4.6356e-01	7.0303e-06	1.5874e-12	5.9955e-03	9.3743e-01	5.6572e-02	3.6235e-07	1.3221e-01	8.6598e-01	1.8112e-03	1.1755e-36	1.1755e-36	1.1755e-36	4.0484e-20	0.00e+00	0.00e+00	5.7959e+00
4.08525e+17	6.3638e+03	1.804e-20	7.7426e+01	7.0347e+01	3.3580e-10	1.2754e-01	8.7246e-01	5.8780e-01	4.1219e-01	5.8006e-06	2.3844e-12	6.0251e-03	9.4579e-01	4.8187e-02	2.4710e-07	1.5425e-01	8.4441e-01	1.3353e-03	1.1755e-36	1.1755e-36	1.1755e-36	6.8121e-20	0.00e+00	0.00e+00	6.3033e+00
4.16329e+17	6.3742e+03	1.762e-20	7.7426e+01	6.8341e+01	4.7162e-10	1.4922e-01	8.5078e-01	6.3686e-01	3.6314e-01	4.7850e-06	3.5866e-12	6.0081e-03	9.5286e-01	4.1127e-02	1.6858e-07	1.7973e-01	8.1929e-01	9.8025e-04	1.1755e-36	1.1755e-36	1.1755e-36	1.1506e-19	0.00e+00	0.00e+00	6.8482e+00
4.23533e+17	6.3679e+03	1.705e-20	7.7426e+01	6.6079e+01	6.7574e-10	1.7469e-01	8.2531e-01	6.8273e-01	3.1726e-01	3.9521e-06	5.4158e-12	5.9442e-03	9.5891e-01	3.5148e-02	1.1755e-36	2.0934e-01	7.8994e-01	7.1465e-04	1.1755e-36	1.1755e-36	1.1755e-36	1.9629e-19	0.00e+00	0.00e+00	7.4407e+00
4.30227e+17	6.3419e+03	1.631e-20	7.7426e+01	6.3485e+01	9.9093e-10	2.0459e-01	7.9541e-01	7.2463e-01	2.7537e-01	3.2735e-06	8.1993e-12	5.8295e-03	9.6409e-01	3.0081e-02	1.1755e-36	2.4365e-01	7.5583e-01	5.1698e-04	1.1755e-36	1.1755e-36	1.1755e-36	3.3856e-19	0.00e+00	0.00e+00	8.0859e+00
4.36445e+17	6.2924e+03	1.539e-20	7.7426e+01	6.0553e+01	1.4915e-09	2.3947e-01	7.6053e-01	7.6186e-01	2.3814e-01	2.7286e-06	1.2423e-11	5.6644e-03	9.6854e-01	2.5798e-02	1.1755e-36	2.8307e-01	7.1656e-01	3.7131e-04	1.1755e-36	1.1755e-36	1.1755e-36	5.9096e-19	0.00e+00	0.00e+00	8.7866e+00
4.41909e+17	6.2209e+03	1.437e-20	7.7426e+01	5.7407e+01	2.2558e-09	2.7750e-01	7.2250e-01	7.9219e-01	2.0780e-01	2.3250e-06	1.8368e-11	5.4573e-03	9.7215e-01	2.2398e-02	1.1755e-36	3.2531e-01	6.7442e-01	2.7018e-04	1.1755e-36	1.1755e-36	1.1755e-36	1.0126e-18	0.00e+00	0.00e+00	9.4573e+00
4.46185e+17	6.1393e+03	1.339e-20	7.7426e+01	5.4470e+01	3.2624e-09	3.1320e-01	6.8680e-01	8.1379e-01	1.8621e-01	2.0616e-06	2.5392e-11	5.2444e-03	9.7478e-01	1.9979e-02	1.1755e-36	3.6431e-01	6.3549e-01	2.0652e-04	1.1755e-36	1.1755e-36	1.1755e-36	1.6026e-18	0.00e+00	0.00e+00	1.0010e+01
4.49328e+17	6.0606e+03	1.258e-20	7.7426e+01	5.2055e+01	4.4071e-09	3.4311e-01	6.5689e-01	8.2857e-01	1.7143e-01	1.8909e-06	3.2557e-11	5.0595e-03	9.7663e-01	1.8314e-02	1.1755e-36	3.9648e-01	6.0335e-01	1.6746e-04	1.1755e-36	1.1755e-36	1.1755e-36	2.3008e-18	0.00e+00	0.00e+00	1.0459e+01
4.51820e+17	5.9842e+03	1.188e-20	7.7426e+01	4.9982e+01	5.7053e-09	3.6896e-01	6.3104e-01	8.3968e-01	1.6032e-01	1.7676e-06	3.9864e-11	4.8954e-03	9.7806e-01	1.7045e-02	1.1755e-36	4.2394e-01	5.7592e-01	1.4073e-04	1.1755e-36	1.1755e-36	1.1755e-36	3.1095e-18	0.00e+00	0.00e+00	1.0875e+01
4.54086e+17	5.9023e+03	1.121e-20	7.7426e+01	4.7967e+01	7.3400e-09	3.9411e-01	6.0589e-01	8.4939e-01	1.5061e-01	1.6631e-06	4.8130e-11	4.7320e-03	9.7934e-01	1.5932e-02	1.1755e-36	4.5035e-01	5.4953e-01	1.1944e-04	1.1755e-36	1.1755e-36	1.1755e-36	4.1406e-18	0.00e+00	0.00e+00	1.1304e+01
4.56259e+17	5.8116e+03	1.053e-20	7.7426e+01	4.5917e+01	9.5108e-09	4.1976e-01	5.8024e-01	8.5817e-01	1.4182e-01	1.5721e-06	5.7924e-11	4.5621e-03	9.8052e-01	1.4916e-02	1.1755e-36	4.7699e-01	5.2291e-01	1.0156e-04	1.1755e-36	1.1755e-36	1.1755e-36	5.5296e-18	0.00e+00	0.00e+00	1.1739e+01
4.58268e+17	5.7159e+03	9.880e-21	7.7426e+01	4.3917e+01	1.2301e-08	4.4487e-01	5.5513e-01	8.6572e-01	1.3428e-01	1.4977e-06	6.9088e-11	4.3934e-03	9.8158e-01	1.4025e-02	1.1755e-36	5.0276e-01	4.9715e-01	8.7050e-05	1.1755e-36	1.1755e-36	1.1755e-36	7.3479e-18	0.00e+00	0.00e+00	1.2152e+01
4.59636e+17	5.6460e+03	9.437e-21	7.7426e+01	4.2511e+01	1.4777e-08	4.6270e-01	5.3730e-01	8.7003e-01	1.2996e-01	1.4597e-06	7.8060e-11	4.2730e-03	9.8223e-01	1.3501e-02	1.1755e-36	5.2089e-01	4.7903e-01	7.8446e-05	1.1755e-36	1.1755e-36	1.1755e-36	9.0174e-18	0.00e+00	0.00e+00	1.2341e+01
4.60304e+17	5.6077e+03	9.219e-21	7.7426e+01	4.1817e+01	1.6257e-08	4.7167e-01	5.2833e-01	8.7223e-01	1.2777e-01	1.4396e-06	8.3047e-11	4.2137e-03	9.8255e-01	1.3235e-02	1.1755e-36	5.2995e-01	4.6998e-01	7.4449e-05	1.1755e-36	1.1755e-36	1.1755e-36	1.0020e-17	0.00e+00	0.00e+00	1.2456e+01
4.60828e+17	5.5765e+03	9.041e-21	7.7426e+01	4.1253e+01	1.7549e-08	4.7875e-01	5.2125e-01	8.7409e-01	1.2590e-01	1.4221e-06	8.7231e-11	4.1651e-03	9.8282e-01	1.3011e-02	1.1755e-36	5.3708e-01	4.6284e-01	7.1347e-05	1.1755e-36	1.1755e-36	1.1755e-36	1.0898e-17	0.00e+00	0.00e+00	1.2585e+01
4.61459e+17	5.5281e+03	8.835e-21	7.7426e+01	4.0612e+01	1.9552e-08	4.8801e-01	5.1199e-01	8.7655e-01	1.2345e-01	1.3956e-06	9.3299e-11	4.1117e-03	9.8318e-01	1.2710e-02	1.1755e-36	5.4639e-01	4.5354e-01	6.7602e-05	1.1755e-36	1.1755e-36	1.1755e-36	1.2251e-17	0.00e+00	0.00e+00	1.2755e+01
4.62164e+17	5.4887e+03	8.589e-21	7.7426e+01	3.9813e+01	2.1597e-08	4.9738e-01	5.0262e-01	8.7875e-01	1.2125e-01	1.3779e-06	9.9437e-11	4.0409e-03	9.8352e-01	1.2440e-02	1.1755e-36	5.5575e-01	4.4419e-01	6.3881e-05	1.1755e-36	1.1755e-36	1.1755e-36	1.3701e-17	0.00e+00	0.00e+00	1.2924e+01
4.62880e+17	5.4433e+03	8.341e-21	7.7426e+01	3.9000e+01	2.4089e-08	5.0722e-01	4.9278e-01	8.8109e-01	1.1891e-01	1.3578e-06	1.0648e-10	3.9697e-03	9.8387e-01	1.2158e-02	1.1755e-36	5.6553e-01	4.3441e-01	6.0235e-05	1.1755e-36	1.1755e-36	1.1755e-36	1.5481e-17	0.00e+00	0.00e+00	1.3107e+01
4.63604e+17	5.3917e+03	8.095e-21	7.7426e+01	3.8187e+01	2.7127e-08	5.1747e-01	4.8253e-01	8.8335e-01	1.1665e-01	1.3382e-06	1.1455e-10	3.8987e-03	9.8423e-01	1.1874e-02	1.1755e-36	5.7570e-01	4.2424e-01	5.6716e-05	1.1755e-36	1.1755e-36	1.1755e-36	1.7688e-17	0.00e+00	0.00e+00	1.3286e+01
4.64277e+17	5.3421e+03	7.870e-21	7.7426e+01	3.7451e+01	3.0412e-08	5.2729e-01	4.7271e-01	8.8545e-01	1.1455e-01	1.3194e-06	1.2304e-10	3.8343e-03	9.8456e-01	1.1610e-02	1.1755e-36	5.8539e-01	4.1456e-01	5.3577e-05	1.1755e-36	1.1755e-36	1.1755e-36	2.0196e-17	0.00e+00	0.00e+00	1.3450e+01
4.64888e+17	5.3011e+03	7.657e-21	7.7426e+01	3.6730e+01	3.3527e-08	5.3579e-01	4.6421e-01	8.8717e-01	1.1283e-01	1.3070e-06	1.3075e-10	3.7701e-03	9.8484e-01	1.1393e-02	1.1755e-36	5.9373e-01	4.0621e-01	5.0931e-05	1.1755e-36	1.1755e-36	1.1755e-36	2.2635e-17	0.00e+00	0.00e+00	1.3604e+01
4.65498e+17	5.2455e+03	7.455e-21	7.7426e+01	3.6050e+01	3.7800e-08	5.4515e-01	4.5485e-01	8.8916e-01	1.1084e-01	1.2877e-06	1.4060e-10	3.7114e-03	9.8514e-01	1.1144e-02	1.1755e-36	6.0291e-01	3.9704e-01	4.8272e-05	1.1755e-36	1.1755e-36	1.1755e-36	2.6018e-17	0.00e+00	0.00e+00	1.3773e+01
4.66094e+17	5.2069e+03	7.247e-21	7.7426e+01	3.5338e+01	4.1524e-08	5.5339e-01	4.4661e-01	8.9069e-01	1.0931e-01	1.2783e-06	1.4932e-10	3.6470e-03	9.8541e-01	1.0946e-02	1.1755e-36	6.1093e-01	3.8902e-01	4.5937e-05	1.1755e-36	1.1755e-36	1.1755e-36	2.9215e-17	0.00e+00	0.00e+00	1.3924e+01
4.66686e+17	5.1548e+03	7.047e-21	7.7426e+01	3.4644e+01	4.6561e-08	5.6223e-01	4.3777e-01	8.9246e-01	1.0754e-01	1.2634e-06	1.6019e-10	3.5857e-03	9.8569e-01	1.0723e-02	1.1755e-36	6.1953e-01	3.8043e-01	4.3621e-05	1.1755e-36	1.1755e-36	1.1755e-36	3.3545e-17	0.00e+00	0.00e+00	1.4096e+01
4.67287e+17	5.0995e+03	6.848e-21	7.7426e+01	3.3944e+01	5.2526e-08	5.7130e-01	4.2870e-01	8.9416e-01	1.0584e-01	1.2493e-06	1.7260e-10	3.5242e-03	9.8597e-01	1.0506e-02	1.1755e-36	6.2830e-01	3.7166e-01	4.1395e-05	1.1755e-36	1.1755e-36	1.1755e-36	3.8934e-17	0.00e+00	0.00e+00	1.4257e+01
4.67829e+17	5.0507e+03	6.669e-21	7.7426e+01	3.3318e+01	5.8535e-08	5.7949e-01	4.2051e-01	8.9564e-01	1.0436e-01	1.2375e-06	1.8495e-10	3.4686e-03	9.8622e-01	1.0315e-02	1.1755e-36	6.3620e-01	3.6376e-01	3.9471e-05	1.1755e-36	1.1755e-36	1.1755e-36	4.4747e-17	0.00e+00	0.00e+00	1.4401e+01
4.68330e+17	5.0085e+03	6.500e-21	7.7426e+01	3.2715e+01	6.4416e-08	5.8679e-01	4.1321e-01	8.9695e-01	1.0305e-01	1.2285e-06	1.9679e-10	3.4144e-03	9.8644e-01	1.0148e-02	1.1755e-36	6.4323e-01	3.5674e-01	3.7786e-05	1.1755e-36	1.1755e-36	1.1755e-36	5.0741e-17	0.00e+00	0.00e+00	1.4543e+01
4.68849e+17	4.9542e+03	6.329e-21	7.7426e+01	3.2093e+01	7.2302e-08	5.9479e-01	4.0521e-01	8.9838e-01	1.0162e-01	1.2168e-06	2.1034e-10	3.3598e-03	9.8669e-01	9.9536e-03	1.1755e-36	6.5088e-01	3.4908e-01	3.6069e-05	1.1755e-36	1.1755e-36	1.1755e-36	5.8084e-17	0.00e+00	0.00e+00	1.4700e+01
4.69368e+17	4.9006e+03	6.163e-21	7.7426e+01	3.1494e+01	8.1187e-08	6.0287e-01	3.9713e-01	8.9979e-01	1.0021e-01	1.2050e-06	2.2504e-10	3.3069e-03	9.8693e-01	9.7620e-03	1.1755e-36	6.5860e-01	3.4137e-01	3.4418e-05	1.1755e-36	1.1755e-36	1.1755e-36	6.6648e-17	0.00e+00	0.00e+00	1.4847e+01
4.69844e+17	4.8594e+03	6.006e-21	7.7426e+01	3.0914e+01	8.9120e-08	6.0968e-01	3.9032e-01	9.0089e-01	9.9113e-02	1.1991e-06	2.3787e-10	3.2543e-03	9.8714e-01	9.6085e-03	1.1755e-36	6.6510e-01	3.3487e-01	3.3020e-05	1.1755e-36	1.1755e-36	1.1755e-36	7.4680e-17	0.00e+00	0.00e+00	1.4982e+01
4.70326e+17	4.8063e+03	5.850e-21	7.7426e+01	3.0326e+01	9.9844e-08	6.1710e-01	3.8290e-01	9.0215e-01	9.7850e-02	1.1894e-06	2.5377e-10	3.2023e-03	9.8736e-01	9.4342e-03	1.1755e-36	6.7212e-01	3.2785e-01	3.1608e-05	1.1755e-36	1.1755e-36	1.1755e-36	8.5464e-17	0.00e+00	0.00e+00	1.5136e+01
4.70818e+17	4.7544e+03	5.693e-21	7.7426e+01	2.9737e+01	1.1179e-07	6.2455e-01	3.7545e-01	9.0335e-01	9.6650e-02	1.1810e-06	2.7106e-10	3.1498e-03	9.8758e-01	9.2660e-03	1.1755e-36	6.7917e-01	3.2080e-01	3.0238e-05	1.1755e-36	1.1755e-36	1.1755e-36	9.8137e-17	0.00e+00	0.00e+00	1.5281e+01
4.71278e+17	4.7036e+03	5.549e-21	7.7426e+01	2.9187e+01	1.2481e-07	6.3156e-01	3.6844e-01	9.0447e-01	9.5529e-02	1.1730e-06	2.8901e-10	3.1009e-03	9.8779e-01	9.1088e-03	1.1755e-36	6.8578e-01	3.1419e-01	2.9005e-05	1.1755e-36	1.1755e-36	1.1755e-36	1.1240e-16	0.00e+00	0.00e+00	1.5418e+01
4.71713e+17	4.6538e+03	5.414e-21	7.7426e+01	2.8665e+01	1.3900e-07	6.3822e-01	3.6178e-01	9.0553e-01	9.4471e-02	1.1654e-06	3.0774e-10	3.0548e-03	9.8799e-01	8.9602e-03	1.1755e-36	6.9204e-01	3.0793e-01	2.7875e-05	1.1755e-36	1.1755e-36	1.1755e-36	1.2850e-16	0.00e+00	0.00e+00	1.5551e+01
4.72135e+17	4.6048e+03	5.284e-21	7.7426e+01	2.8159e+01	1.5456e-07	6.4465e-01	3.5535e-01	9.0654e-01	9.3460e-02	1.1582e-06	3.2752e-10	3.0099e-03	9.8817e-01	8.8175e-03	1.1755e-36	6.9808e-01	3.0189e-01	2.6818e-05	1.1755e-36	1.1755e-36	1.1755e-36	1.4688e-16	0.00e+00	0.00e+00	1.5683e+01
4.72551e+17	4.5561e+03	5.157e-21	7.7426e+01	2.7660e+01	1.7182e-07	6.5097e-01	3.4903e-01	9.0752e-01	9.2483e-02	1.1515e-06	3.4871e-10	2.9656e-03	9.8836e-01	8.6786e-03	1.1755e-36	7.0399e-01	2.9598e-01	2.5811e-05	1.1755e-36	1.1755e-36	1.1755e-36	1.6813e-16	0.00e+00	0.00e+00	1.5815e+01
4.72965e+17	4.5028e+03	5.034e-21	7.7426e+01	2.7177e+01	1.9268e-07	6.5751e-01	3.4249e-01	9.0857e-01	9.1431e-02	1.1426e-06	3.7331e-10	2.9238e-03	9.8854e-01	8.5335e-03	1.1755e-36	7.1010e-01	2.8988e-01	2.4822e-05	1.1755e-36	1.1755e-36	1.1755e-36	1.9483e-16	0.00e+00	0.00e+00	1.5947e+01
4.73361e+17	4.4561e+03	4.914e-21	7.7426e+01	2.6691e+01	2.1331e-07	6.6335e-01	3.3665e-01	9.0940e-01	9.0596e-02	1.1382e-06	3.9666e-10	2.8803e-03	9.8871e-01	8.4101e-03	1.1755e-36	7.1553e-01	2.8444e-01	2.3945e-05	1.1755e-36	1.1755e-36	1.1755e-36	2.2237e-16	0.00e+00	0.00e+00	1.6071e+01
4.73749e+17	4.4051e+03	4.801e-21	7.7426e+01	2.6241e+01	2.3815e-07	6.6945e-01	3.3055e-01	9.1037e-01	8.9629e-02	1.1301e-06	4.2409e-10	2.8414e-03	9.8888e-01	8.2762e-03	1.1755e-36	7.2120e-01	2.7878e-01	2.3075e-05	1.1755e-36	1.1755e-36	1.1755e-36	2.5718e-16	0.00e+00	0.00e+00	1.6200e+01
4.74135e+17	4.3555e+03	4.688e-21	7.7426e+01	2.5780e+01	2.6509e-07	6.7530e-01	3.2470e-01	9.1123e-01	8.8765e-02	1.1243e-06	4.5259e-10	2.8010e-03	9.8905e-01	8.1521e-03	1.1755e-36	7.2661e-01	2.7337e-01	2.2259e-05	1.1755e-36	1.1755e-36	1.1755e-36	2.9648e-16	0.00e+00	0.00e+00	1.6324e+01
4.74510e+17	4.3067e+03	4.580e-21	7.7426e+01	2.5336e+01	2.9455e-07	6.8098e-01	3.1902e-01	9.1207e-01	8.7925e-02	1.1185e-06	4.8286e-10	2.7621e-03	9.8921e-01	8.0316e-03	1.1755e-36	7.3185e-01	2.6812e-01	2.1488e-05	1.1755e-36	1.1755e-36	1.1755e-36	3.4160e-16	0.00e+00	0.00e+00	1.6448e+01
4.74882e+17	4.2576e+03	4.475e-21	7.7426e+01	2.4896e+01	3.2742e-07	6.8660e-01	3.1340e-01	9.1290e-01	8.7097e-02	1.1127e-06	5.1561e-10	2.7238e-03	9.8936e-01	7.9127e-03	1.1755e-36	7.3704e-01	2.6294e-01	2.0746e-05	1.1755e-36	1.1755e-36	1.1755e-36	3.9438e-16	0.00e+00	0.00e+00	1.6573e+01
4.75253e+17	4.2079e+03	4.370e-21	7.7426e+01	2.4460e+01	3.6421e-07	6.9220e-01	3.0780e-01	9.1372e-01	8.6280e-02	1.1071e-06	5.5115e-10	2.6859e-03	9.8952e-01	7.7953e-03	1.1755e-36	7.4218e-01	2.5780e-01	2.0028e-05	1.1755e-36	1.1755e-36	1.1755e-36	4.5636e-16	0.00e+00	0.00e+00	1.6698e+01
4.75621e+17	4.1520e+03	4.269e-21	7.7426e+01	2.4021e+01	4.0927e-07	6.9789e-01	3.0211e-01	9.1457e-01	8.5426e-02	1.1003e-06	5.9201e-10	2.6487e-03	9.8968e-01	7.6752e-03	1.1755e-36	7.4742e-01	2.5256e-01	1.9333e-05	1.1755e-36	1.1755e-36	1.1755e-36	5.3422e-16	0.00e+00	0.00e+00	1.6823e+01
4.75971e+17	4.1069e+03	4.172e-21	7.7426e+01	2.3599e+01	4.5020e-07	7.0286e-01	2.9714e-01	9.1522e-01	8.4778e-02	1.0977e-06	6.2881e-10	2.6114e-03	9.8981e-01	7.5759e-03	1.1755e-36	7.5197e-01	2.4801e-01	1.8720e-05	1.1755e-36	1.1755e-36	1.1755e-36	6.0987e-16	0.00e+00	0.00e+00	1.6938e+01
4.76320e+17	4.0570e+03	4.077e-21	7.7426e+01	2.3197e+01	4.9960e-07	7.0819e-01	2.9181e-01	9.1601e-01	8.3985e-02	1.0916e-06	6.7230e-10	2.5771e-03	9.8996e-01	7.4642e-03	1.1755e-36	7.5683e-01	2.4315e-01	1.8091e-05	1.1755e-36	1.1755e-36	1.1755e-36	7.0570e-16	0.00e+00	0.00e+00	1.7065e+01
4.76689e+17	4.0044e+03	3.979e-21	7.7426e+01	2.2767e+01	5.5658e-07	7.1368e-01	2.8632e-01	9.1679e-01	8.3206e-02	1.0863e-06	7.2061e-10	2.5404e-03	9.9011e-01	7.3522e-03	1.1755e-36	7.6184e-01	2.3814e-01	1.7458e-05	1.1755e-36	1.1755e-36	1.1755e-36	8.2122e-16	0.00e+00	0.00e+00	1.7194e+01
4.77055e+17	3.9475e+03	3.883e-21	7.7426e+01	2.2336e+01	6.2349e-07	7.1927e-01	2.8073e-01	9.1758e-01	8.2415e-02	1.0805e-06	7.7456e-10	2.5045e-03	9.9026e-01	7.2398e-03	1.1755e-36	7.6693e-01	2.3305e-01	1.6843e-05	1.1755e-36	1.1755e-36	1.1755e-36	9.6180e-16	0.00e+00	0.00e+00	1.7321e+01
