#depth	Te	Htot	hden	eden	2H_2/H	HI	HII	HeI	HeII	HeIII	CO/C	C1	C2	C3	C4	O1	O2	O3	O4	O5	O6	H2O/O	AV(point)	AV(extend)	Tau912
1.96923e+14	5.4044e+03	3.199e-22	1.0000e+01	1.0085e+01	3.4655e-09	6.0280e-02	9.3972e-01	2.5924e-01	7.4069e-01	7.1270e-05	5.4291e-13	1.3998e-02	8.5454e-01	1.3146e-01	1.1356e-06	7.3869e-02	9.2089e-01	5.2413e-03	1.1755e-36	1.1755e-36	1.1755e-36	1.0770e-20	0.00e+00	0.00e+00	1.4993e-03
1.18154e+15	5.3960e+03	3.181e-22	1.0000e+01	1.0043e+01	3.4682e-09	6.0038e-02	9.3996e-01	2.5874e-01	7.4119e-01	7.1498e-05	5.3621e-13	1.3896e-02	8.5435e-01	1.3175e-01	1.1435e-06	7.3581e-02	9.2116e-01	5.2618e-03	1.1755e-36	1.1755e-36	1.1755e-36	1.0581e-20	0.00e+00	0.00e+00	7.4724e-03
5.12000e+15	5.3720e+03	3.166e-22	1.0000e+01	1.0039e+01	3.5769e-09	6.0167e-02	9.3983e-01	2.5995e-01	7.3998e-01	7.0962e-05	5.4178e-13	1.3883e-02	8.5512e-01	1.3100e-01	1.1318e-06	7.3757e-02	9.2101e-01	5.2348e-03	1.1755e-36	1.1755e-36	1.1755e-36	1.0768e-20	0.00e+00	0.00e+00	3.1416e-02
2.08738e+16	5.3048e+03	3.125e-22	1.0000e+01	1.0024e+01	3.9951e-09	6.1154e-02	9.3885e-01	2.6517e-01	7.3476e-01	6.8868e-05	5.7357e-13	1.4009e-02	8.5812e-01	1.2787e-01	1.0774e-06	7.5021e-02	9.1990e-01	5.0802e-03	1.1755e-36	1.1755e-36	1.1755e-36	1.1800e-20	0.00e+00	0.00e+00	1.2876e-01
4.98609e+16	5.0801e+03	3.008e-22	1.0000e+01	1.0018e+01	5.1444e-09	6.1245e-02	9.3876e-01	2.7303e-01	7.2691e-01	6.5360e-05	6.0839e-13	1.4029e-02	8.6291e-01	1.2306e-01	1.0167e-06	7.5298e-02	9.1971e-01	4.9910e-03	1.1755e-36	1.1755e-36	1.1755e-36	1.3358e-20	0.00e+00	0.00e+00	2.5550e-01
7.73587e+16	4.8786e+03	2.913e-22	1.0000e+01	1.0011e+01	6.4502e-09	6.1263e-02	9.3874e-01	2.7962e-01	7.2032e-01	6.2547e-05	6.3280e-13	1.4053e-02	8.6686e-01	1.1908e-01	9.6806e-07	7.5474e-02	9.1960e-01	4.9207e-03	1.1755e-36	1.1755e-36	1.1755e-36	1.4603e-20	0.00e+00	0.00e+00	3.4150e-01
9.65433e+16	4.7836e+03	2.869e-22	1.0000e+01	1.0001e+01	7.3400e-09	6.1878e-02	9.3812e-01	2.8454e-01	7.1540e-01	6.0764e-05	6.5856e-13	1.4159e-02	8.6952e-01	1.1632e-01	9.2715e-07	7.6309e-02	9.1888e-01	4.8104e-03	1.1755e-36	1.1755e-36	1.1755e-36	1.5702e-20	0.00e+00	0.00e+00	4.0458e-01
1.15106e+17	4.7344e+03	2.845e-22	1.0000e+01	9.9889e+00	8.1739e-09	6.3295e-02	9.3671e-01	2.9054e-01	7.0940e-01	5.8934e-05	7.0594e-13	1.4382e-02	8.7237e-01	1.1325e-01	8.7486e-07	7.8097e-02	9.1728e-01	4.6252e-03	1.1755e-36	1.1755e-36	1.1755e-36	1.7571e-20	0.00e+00	0.00e+00	4.8845e-01
1.39238e+17	4.6838e+03	2.818e-22	1.0000e+01	9.9666e+00	9.3281e-09	6.5372e-02	9.3463e-01	2.9858e-01	7.0136e-01	5.6675e-05	7.7787e-13	1.4697e-02	8.7597e-01	1.0933e-01	8.0878e-07	8.0702e-02	9.1492e-01	4.3765e-03	1.1755e-36	1.1755e-36	1.1755e-36	2.0537e-20	0.00e+00	0.00e+00	6.0107e-01
1.70609e+17	4.6386e+03	2.785e-22	1.0000e+01	9.9225e+00	1.0911e-08	6.8406e-02	9.3159e-01	3.0933e-01	6.9062e-01	5.3953e-05	8.8877e-13	1.5132e-02	8.8044e-01	1.0442e-01	7.2772e-07	8.4483e-02	9.1147e-01	4.0490e-03	1.1755e-36	1.1755e-36	1.1755e-36	2.5384e-20	0.00e+00	0.00e+00	7.5428e-01
2.00560e+17	4.5931e+03	2.756e-22	1.0000e+01	9.8909e+00	1.2603e-08	7.1191e-02	9.2881e-01	3.1886e-01	6.8109e-01	5.1755e-05	1.0008e-12	1.5517e-02	8.8422e-01	1.0027e-01	6.6286e-07	8.7953e-02	9.0827e-01	3.7793e-03	1.1755e-36	1.1755e-36	1.1755e-36	3.0763e-20	0.00e+00	0.00e+00	8.6415e-01
2.21884e+17	4.5786e+03	2.738e-22	1.0000e+01	9.8520e+00	1.3788e-08	7.3485e-02	9.2652e-01	3.2590e-01	6.7405e-01	5.0287e-05	1.0961e-12	1.5811e-02	8.8679e-01	9.7401e-02	6.1816e-07	9.0788e-02	9.0563e-01	3.5783e-03	1.1755e-36	1.1755e-36	1.1755e-36	3.5530e-20	0.00e+00	0.00e+00	9.4866e-01
2.41580e+17	4.5784e+03	2.727e-22	1.0000e+01	9.8159e+00	1.4994e-08	7.6173e-02	9.2383e-01	3.3359e-01	6.6637e-01	4.8778e-05	1.2145e-12	1.6145e-02	8.8941e-01	9.4440e-02	5.7300e-07	9.4089e-02	9.0254e-01	3.3692e-03	1.1755e-36	1.1755e-36	1.1755e-36	4.1650e-20	0.00e+00	0.00e+00	1.0505e+00
2.65343e+17	4.5905e+03	2.714e-22	1.0000e+01	9.7710e+00	1.6459e-08	7.9744e-02	9.2026e-01	3.4328e-01	6.5667e-01	4.7024e-05	1.3836e-12	1.6573e-02	8.9254e-01	9.0886e-02	5.2069e-07	9.8456e-02	8.9843e-01	3.1178e-03	1.1755e-36	1.1755e-36	1.1755e-36	5.0834e-20	0.00e+00	0.00e+00	1.1832e+00
2.93311e+17	4.6010e+03	2.705e-22	1.0000e+01	9.7173e+00	1.8619e-08	8.4539e-02	9.1546e-01	3.5546e-01	6.4450e-01	4.4982e-05	1.6357e-12	1.7108e-02	8.9624e-01	8.6647e-02	4.6190e-07	1.0430e-01	8.9286e-01	2.8305e-03	1.1755e-36	1.1755e-36	1.1755e-36	6.5797e-20	0.00e+00	0.00e+00	1.3412e+00
3.20860e+17	4.6256e+03	2.696e-22	1.0000e+01	9.6602e+00	2.0739e-08	8.9656e-02	9.1034e-01	3.6737e-01	6.3258e-01	4.3202e-05	1.9328e-12	1.7637e-02	8.9962e-01	8.2742e-02	4.1028e-07	1.1052e-01	8.8692e-01	2.5654e-03	1.1755e-36	1.1755e-36	1.1755e-36	8.4870e-20	0.00e+00	0.00e+00	1.4856e+00
3.46091e+17	4.6591e+03	2.685e-22	1.0000e+01	9.5898e+00	2.2786e-08	9.4945e-02	9.0506e-01	3.7907e-01	6.2089e-01	4.1585e-05	2.2722e-12	1.8131e-02	9.0268e-01	7.9188e-02	3.6578e-07	1.1691e-01	8.8076e-01	2.3281e-03	1.1755e-36	1.1755e-36	1.1755e-36	1.0830e-19	0.00e+00	0.00e+00	1.6352e+00
3.72458e+17	4.6976e+03	2.679e-22	1.0000e+01	9.5224e+00	2.5384e-08	1.0144e-01	8.9856e-01	3.9251e-01	6.0746e-01	3.9836e-05	2.7449e-12	1.8699e-02	9.0602e-01	7.5282e-02	3.2051e-07	1.2473e-01	8.7319e-01	2.0829e-03	1.1755e-36	1.1755e-36	1.1755e-36	1.4391e-19	0.00e+00	0.00e+00	1.8132e+00
3.99919e+17	4.7468e+03	2.670e-22	1.0000e+01	9.4376e+00	2.8272e-08	1.0897e-01	8.9103e-01	4.0689e-01	5.9308e-01	3.8139e-05	3.3648e-12	1.9281e-02	9.0934e-01	7.1379e-02	2.7817e-07	1.3375e-01	8.6440e-01	1.8446e-03	1.1755e-36	1.1755e-36	1.1755e-36	1.9510e-19	0.00e+00	0.00e+00	2.0000e+00
4.26772e+17	4.8014e+03	2.661e-22	1.0000e+01	9.3417e+00	3.1481e-08	1.1739e-01	8.8261e-01	4.2181e-01	5.7816e-01	3.6513e-05	4.1602e-12	1.9852e-02	9.1256e-01	6.7589e-02	2.4022e-07	1.4379e-01	8.5458e-01	1.6243e-03	1.1755e-36	1.1755e-36	1.1755e-36	2.6751e-19	0.00e+00	0.00e+00	2.1969e+00
4.53086e+17	4.8602e+03	2.650e-22	1.0000e+01	9.2352e+00	3.5122e-08	1.2683e-01	8.7317e-01	4.3731e-01	5.6265e-01	3.4945e-05	5.1933e-12	2.0405e-02	9.1570e-01	6.3897e-02	2.0630e-07	1.5499e-01	8.4358e-01	1.4216e-03	1.1755e-36	1.1755e-36	1.1755e-36	3.7178e-19	0.00e+00	0.00e+00	2.4056e+00
4.78689e+17	4.9215e+03	2.636e-22	1.0000e+01	9.1175e+00	3.9271e-08	1.3733e-01	8.6267e-01	4.5323e-01	5.4674e-01	3.3449e-05	6.5346e-12	2.0924e-02	9.1873e-01	6.0343e-02	1.7644e-07	1.6738e-01	8.3138e-01	1.2381e-03	1.1755e-36	1.1755e-36	1.1755e-36	5.2263e-19	0.00e+00	0.00e+00	2.6237e+00
5.03159e+17	4.9847e+03	2.617e-22	1.0000e+01	8.9819e+00	4.3807e-08	1.4863e-01	8.5137e-01	4.6910e-01	5.3087e-01	3.2072e-05	8.2224e-12	2.1369e-02	9.2159e-01	5.7043e-02	1.5104e-07	1.8064e-01	8.1828e-01	1.0769e-03	1.1755e-36	1.1755e-36	1.1755e-36	7.3423e-19	0.00e+00	0.00e+00	2.8470e+00
5.26549e+17	5.0438e+03	2.597e-22	1.0000e+01	8.8432e+00	4.9256e-08	1.6107e-01	8.3893e-01	4.8525e-01	5.1472e-01	3.0735e-05	1.0284e-11	2.1777e-02	9.2438e-01	5.3841e-02	1.2887e-07	1.9515e-01	8.0392e-01	9.3375e-04	1.1755e-36	1.1755e-36	1.1755e-36	1.0181e-18	0.00e+00	0.00e+00	3.0808e+00
5.48429e+17	5.1013e+03	2.574e-22	1.0000e+01	8.7054e+00	5.5356e-08	1.7431e-01	8.2569e-01	5.0096e-01	4.9901e-01	2.9517e-05	1.2788e-11	2.2129e-02	9.2701e-01	5.0866e-02	1.1755e-36	2.1048e-01	7.8871e-01	8.1048e-04	1.1755e-36	1.1755e-36	1.1755e-36	1.3986e-18	0.00e+00	0.00e+00	3.3095e+00
5.68243e+17	5.1449e+03	2.550e-22	1.0000e+01	8.5602e+00	6.2695e-08	1.8787e-01	8.1213e-01	5.1600e-01	4.8398e-01	2.8394e-05	1.5865e-11	2.2391e-02	9.2942e-01	4.8187e-02	1.1755e-36	2.2608e-01	7.7321e-01	7.0799e-04	1.1755e-36	1.1755e-36	1.1755e-36	1.9267e-18	0.00e+00	0.00e+00	3.5331e+00
5.85723e+17	5.1894e+03	2.520e-22	1.0000e+01	8.4168e+00	6.9754e-08	2.0090e-01	7.9910e-01	5.2936e-01	4.7062e-01	2.7475e-05	1.9222e-11	2.2560e-02	9.3152e-01	4.5920e-02	1.1755e-36	2.4097e-01	7.5840e-01	6.2551e-04	1.1755e-36	1.1755e-36	1.1755e-36	2.5584e-18	0.00e+00	0.00e+00	3.7374e+00
6.01732e+17	5.2273e+03	2.484e-22	1.0000e+01	8.2612e+00	7.7416e-08	2.1378e-01	7.8622e-01	5.4215e-01	4.5782e-01	2.6619e-05	2.3071e-11	2.2637e-02	9.3348e-01	4.3887e-02	1.1755e-36	2.5561e-01	7.4384e-01	5.5605e-04	1.1755e-36	1.1755e-36	1.1755e-36	3.3552e-18	0.00e+00	0.00e+00	3.9523e+00
6.17729e+17	5.2577e+03	2.446e-22	1.0000e+01	8.1061e+00	8.7328e-08	2.2815e-01	7.7185e-01	5.5544e-01	4.4454e-01	2.5743e-05	2.8180e-11	2.2700e-02	9.3550e-01	4.1802e-02	1.1755e-36	2.7182e-01	7.2769e-01	4.9127e-04	1.1755e-36	1.1755e-36	1.1755e-36	4.5411e-18	0.00e+00	0.00e+00	4.1839e+00
6.32853e+17	5.2845e+03	2.406e-22	1.0000e+01	7.9481e+00	9.8453e-08	2.4286e-01	7.5714e-01	5.6806e-01	4.3191e-01	2.4959e-05	3.4298e-11	2.2705e-02	9.3740e-01	3.9892e-02	1.1755e-36	2.8831e-01	7.1126e-01	4.3543e-04	1.1755e-36	1.1755e-36	1.1755e-36	6.1290e-18	0.00e+00	0.00e+00	4.4012e+00
6.46206e+17	5.3041e+03	2.365e-22	1.0000e+01	7.7979e+00	1.1034e-07	2.5690e-01	7.4310e-01	5.7946e-01	4.2052e-01	2.4275e-05	4.1168e-11	2.2663e-02	9.3911e-01	3.8227e-02	1.1755e-36	3.0394e-01	6.9567e-01	3.8994e-04	1.1755e-36	1.1755e-36	1.1755e-36	8.1205e-18	0.00e+00	0.00e+00	4.6046e+00
6.58291e+17	5.3177e+03	2.323e-22	1.0000e+01	7.6527e+00	1.2327e-07	2.7050e-01	7.2950e-01	5.9000e-01	4.0998e-01	2.3657e-05	4.8968e-11	2.2584e-02	9.4068e-01	3.6731e-02	1.1755e-36	3.1898e-01	6.8067e-01	3.5172e-04	1.1755e-36	1.1755e-36	1.1755e-36	1.0636e-17	0.00e+00	0.00e+00	4.8033e+00
6.69654e+17	5.3265e+03	2.280e-22	1.0000e+01	7.5082e+00	1.3771e-07	2.8408e-01	7.1592e-01	6.0006e-01	3.9991e-01	2.3081e-05	5.8067e-11	2.2472e-02	9.4219e-01	3.5341e-02	1.1755e-36	3.3391e-01	6.6577e-01	3.1834e-04	1.1755e-36	1.1755e-36	1.1755e-36	1.3896e-17	0.00e+00	0.00e+00	5.0023e+00
6.80492e+17	5.3355e+03	2.234e-22	1.0000e+01	7.3628e+00	1.5307e-07	2.9764e-01	7.0236e-01	6.0963e-01	3.9035e-01	2.2561e-05	6.8446e-11	2.2325e-02	9.4362e-01	3.4052e-02	1.1755e-36	3.4871e-01	6.5100e-01	2.8885e-04	1.1755e-36	1.1755e-36	1.1755e-36	1.7991e-17	0.00e+00	0.00e+00	5.2011e+00
6.91054e+17	5.3353e+03	2.186e-22	1.0000e+01	7.2136e+00	1.7187e-07	3.1172e-01	6.8828e-01	6.1922e-01	3.8075e-01	2.2037e-05	8.1347e-11	2.2150e-02	9.4506e-01	3.2790e-02	1.1755e-36	3.6399e-01	6.3574e-01	2.6201e-04	1.1755e-36	1.1755e-36	1.1755e-36	2.3693e-17	0.00e+00	0.00e+00	5.4086e+00
7.01145e+17	5.3309e+03	2.137e-22	1.0000e+01	7.0650e+00	1.9314e-07	3.2581e-01	6.7419e-01	6.2839e-01	3.7158e-01	2.1550e-05	9.6570e-11	2.1950e-02	9.4644e-01	3.1613e-02	1.1755e-36	3.7919e-01	6.2057e-01	2.3833e-04	1.1755e-36	1.1755e-36	1.1755e-36	3.1219e-17	0.00e+00	0.00e+00	5.6070e+00
7.10342e+17	5.3190e+03	2.090e-22	1.0000e+01	6.9239e+00	2.1710e-07	3.3937e-01	6.6063e-01	6.3687e-01	3.6311e-01	2.1104e-05	1.1414e-10	2.1742e-02	9.4772e-01	3.0541e-02	1.1755e-36	3.9373e-01	6.0605e-01	2.1816e-04	1.1755e-36	1.1755e-36	1.1755e-36	4.0989e-17	0.00e+00	0.00e+00	5.7946e+00
7.18685e+17	5.3069e+03	2.045e-22	1.0000e+01	6.7921e+00	2.4191e-07	3.5212e-01	6.4788e-01	6.4456e-01	3.5542e-01	2.0709e-05	1.3331e-10	2.1530e-02	9.4888e-01	2.9587e-02	1.1755e-36	4.0731e-01	5.9248e-01	2.0105e-04	1.1755e-36	1.1755e-36	1.1755e-36	5.2823e-17	0.00e+00	0.00e+00	5.9709e+00
7.26517e+17	5.2918e+03	2.001e-22	1.0000e+01	6.6674e+00	2.6942e-07	3.6468e-01	6.3532e-01	6.5197e-01	3.4801e-01	2.0322e-05	1.5547e-10	2.1321e-02	9.5000e-01	2.8683e-02	1.1755e-36	4.2062e-01	5.7920e-01	1.8579e-04	1.1755e-36	1.1755e-36	1.1755e-36	6.7982e-17	0.00e+00	0.00e+00	6.1490e+00
7.34170e+17	5.2757e+03	1.954e-22	1.0000e+01	6.5367e+00	2.9944e-07	3.7710e-01	6.2290e-01	6.5905e-01	3.4093e-01	1.9975e-05	1.8079e-10	2.1078e-02	9.5109e-01	2.7836e-02	1.1755e-36	4.3371e-01	5.6612e-01	1.7194e-04	1.1755e-36	1.1755e-36	1.1755e-36	8.7153e-17	0.00e+00	0.00e+00	6.3293e+00
7.41734e+17	5.2573e+03	1.907e-22	1.0000e+01	6.4045e+00	3.3353e-07	3.8976e-01	6.1024e-01	6.6609e-01	3.3389e-01	1.9635e-05	2.1086e-10	2.0821e-02	9.5217e-01	2.7010e-02	1.1755e-36	4.4696e-01	5.5288e-01	1.5906e-04	1.1755e-36	1.1755e-36	1.1755e-36	1.1238e-16	0.00e+00	0.00e+00	6.5152e+00
7.49206e+17	5.2346e+03	1.858e-22	1.0000e+01	6.2705e+00	3.7310e-07	4.0264e-01	5.9736e-01	6.7306e-01	3.2693e-01	1.9301e-05	2.4709e-10	2.0548e-02	9.5325e-01	2.6205e-02	1.1755e-36	4.6037e-01	5.3948e-01	1.4714e-04	1.1755e-36	1.1755e-36	1.1755e-36	1.4626e-16	0.00e+00	0.00e+00	6.7031e+00
7.56386e+17	5.2089e+03	1.810e-22	1.0000e+01	6.1376e+00	4.1742e-07	4.1530e-01	5.8470e-01	6.7970e-01	3.2028e-01	1.8991e-05	2.8929e-10	2.0266e-02	9.5428e-01	2.5449e-02	1.1755e-36	4.7349e-01	5.2637e-01	1.3643e-04	1.1755e-36	1.1755e-36	1.1755e-36	1.9038e-16	0.00e+00	0.00e+00	6.8859e+00
7.63153e+17	5.1822e+03	1.763e-22	1.0000e+01	6.0090e+00	4.6526e-07	4.2746e-01	5.7253e-01	6.8592e-01	3.1407e-01	1.8709e-05	3.3691e-10	1.9982e-02	9.5527e-01	2.4752e-02	1.1755e-36	4.8601e-01	5.1386e-01	1.2696e-04	1.1755e-36	1.1755e-36	1.1755e-36	2.4582e-16	0.00e+00	0.00e+00	7.0630e+00
7.69626e+17	5.1540e+03	1.717e-22	1.0000e+01	5.8839e+00	5.1784e-07	4.3936e-01	5.6064e-01	6.9187e-01	3.0811e-01	1.8441e-05	3.9159e-10	1.9697e-02	9.5621e-01	2.4092e-02	1.1755e-36	4.9819e-01	5.0169e-01	1.1839e-04	1.1755e-36	1.1755e-36	1.1755e-36	3.1657e-16	0.00e+00	0.00e+00	7.2401e+00
7.75960e+17	5.1236e+03	1.671e-22	1.0000e+01	5.7600e+00	5.7711e-07	4.5125e-01	5.4875e-01	6.9771e-01	3.0227e-01	1.8179e-05	4.5596e-10	1.9409e-02	9.5714e-01	2.3453e-02	1.1755e-36	5.1031e-01	4.8958e-01	1.1047e-04	1.1755e-36	1.1755e-36	1.1755e-36	4.0921e-16	0.00e+00	0.00e+00	7.4192e+00
7.82164e+17	5.0902e+03	1.625e-22	1.0000e+01	5.6368e+00	6.4443e-07	4.6311e-01	5.3688e-01	7.0343e-01	2.9656e-01	1.7925e-05	5.3212e-10	1.9115e-02	9.5805e-01	2.2835e-02	1.1755e-36	5.2234e-01	4.7756e-01	1.0315e-04	1.1755e-36	1.1755e-36	1.1755e-36	5.3149e-16	0.00e+00	0.00e+00	7.5982e+00
7.88155e+17	5.0545e+03	1.581e-22	1.0000e+01	5.5155e+00	7.1975e-07	4.7474e-01	5.2525e-01	7.0891e-01	2.9108e-01	1.7684e-05	6.2085e-10	1.8820e-02	9.5893e-01	2.2250e-02	1.1755e-36	5.3406e-01	4.6584e-01	9.6493e-05	1.1755e-36	1.1755e-36	1.1755e-36	6.9070e-16	0.00e+00	0.00e+00	7.7739e+00
7.93884e+17	5.0180e+03	1.537e-22	1.0000e+01	5.3974e+00	8.0191e-07	4.8598e-01	5.1402e-01	7.1409e-01	2.8589e-01	1.7462e-05	7.2200e-10	1.8526e-02	9.5977e-01	2.1702e-02	1.1755e-36	5.4534e-01	4.5457e-01	9.0489e-05	1.1755e-36	1.1755e-36	1.1755e-36	8.9313e-16	0.00e+00	0.00e+00	7.9457e+00
7.99417e+17	4.9803e+03	1.495e-22	1.0000e+01	5.2824e+00	8.9244e-07	4.9698e-01	5.0301e-01	7.1910e-01	2.8088e-01	1.7249e-05	8.2985e-10	1.8235e-02	9.6059e-01	2.1173e-02	1.1755e-36	5.5633e-01	4.4359e-01	8.4987e-05	1.1755e-36	1.1755e-36	1.1755e-36	1.1329e-15	0.00e+00	0.00e+00	8.1172e+00
8.04843e+17	4.9404e+03	1.453e-22	1.0000e+01	5.1688e+00	9.9419e-07	5.0793e-01	4.9207e-01	7.2401e-01	2.7597e-01	1.7039e-05	9.4472e-10	1.7944e-02	9.6140e-01	2.0653e-02	1.1755e-36	5.6720e-01	4.3272e-01	7.9863e-05	1.1755e-36	1.1755e-36	1.1755e-36	1.4152e-15	0.00e+00	0.00e+00	8.2900e+00
8.10169e+17	4.8979e+03	1.412e-22	1.0000e+01	5.0563e+00	1.1096e-06	5.1880e-01	4.8120e-01	7.2883e-01	2.7116e-01	1.6833e-05	1.0757e-09	1.7652e-02	9.6220e-01	2.0148e-02	1.1755e-36	5.7796e-01	4.2196e-01	7.5097e-05	1.1755e-36	1.1755e-36	1.1755e-36	1.7701e-15	0.00e+00	0.00e+00	8.4624e+00
8.15332e+17	4.8532e+03	1.372e-22	1.0000e+01	4.9457e+00	1.2386e-06	5.2944e-01	4.7056e-01	7.3346e-01	2.6652e-01	1.6636e-05	1.2224e-09	1.7361e-02	9.6297e-01	1.9665e-02	1.1755e-36	5.8843e-01	4.1150e-01	7.0727e-05	1.1755e-36	1.1755e-36	1.1755e-36	2.2086e-15	0.00e+00	0.00e+00	8.6316e+00
8.20293e+17	4.8084e+03	1.334e-22	1.0000e+01	4.8382e+00	1.3787e-06	5.3968e-01	4.6032e-01	7.3785e-01	2.6213e-01	1.6454e-05	1.3830e-09	1.7075e-02	9.6372e-01	1.9210e-02	1.1755e-36	5.9848e-01	4.0146e-01	6.6750e-05	1.1755e-36	1.1755e-36	1.1755e-36	2.7366e-15	0.00e+00	0.00e+00	8.7972e+00
8.25114e+17	4.7632e+03	1.296e-22	1.0000e+01	4.7335e+00	1.5322e-06	5.4970e-01	4.5030e-01	7.4211e-01	2.5787e-01	1.6279e-05	1.5610e-09	1.6793e-02	9.6443e-01	1.8772e-02	1.1755e-36	6.0826e-01	3.9168e-01	6.3065e-05	1.1755e-36	1.1755e-36	1.1755e-36	3.3775e-15	0.00e+00	0.00e+00	8.9633e+00
8.29893e+17	4.7170e+03	1.259e-22	1.0000e+01	4.6299e+00	1.7028e-06	5.5969e-01	4.4030e-01	7.4631e-01	2.5367e-01	1.6105e-05	1.7612e-09	1.6511e-02	9.6515e-01	1.8342e-02	1.1755e-36	6.1797e-01	3.8197e-01	5.9584e-05	1.1755e-36	1.1755e-36	1.1755e-36	4.1666e-15	0.00e+00	0.00e+00	9.1320e+00
8.34663e+17	4.6656e+03	1.222e-22	1.0000e+01	4.5242e+00	1.9019e-06	5.6974e-01	4.3026e-01	7.5054e-01	2.4945e-01	1.5928e-05	1.9915e-09	1.6223e-02	9.6586e-01	1.7918e-02	1.1755e-36	6.2769e-01	3.7225e-01	5.6292e-05	1.1755e-36	1.1755e-36	1.1755e-36	5.1652e-15	0.00e+00	0.00e+00	9.3034e+00
8.39320e+17	4.6135e+03	1.187e-22	1.0000e+01	4.4239e+00	2.1226e-06	5.7971e-01	4.2029e-01	7.5467e-01	2.4531e-01	1.5747e-05	2.2491e-09	1.5949e-02	9.6655e-01	1.7500e-02	1.1755e-36	6.3730e-01	3.6264e-01	5.3207e-05	1.1755e-36	1.1755e-36	1.1755e-36	6.3909e-15	0.00e+00	0.00e+00	9.4700e+00
8.43784e+17	4.5642e+03	1.152e-22	1.0000e+01	4.3256e+00	2.3508e-06	5.8908e-01	4.1092e-01	7.5847e-01	2.4151e-01	1.5597e-05	2.5186e-09	1.5675e-02	9.6721e-01	1.7118e-02	1.1755e-36	6.4629e-01	3.5365e-01	5.0425e-05	1.1755e-36	1.1755e-36	1.1755e-36	7.7913e-15	0.00e+00	0.00e+00	9.6328e+00
8.48227e+17	4.5133e+03	1.118e-22	1.0000e+01	4.2288e+00	2.6055e-06	5.9851e-01	4.0149e-01	7.6232e-01	2.3767e-01	1.5438e-05	2.8214e-09	1.5405e-02	9.6786e-01	1.6735e-02	1.1755e-36	6.5531e-01	3.4465e-01	4.7758e-05	1.1755e-36	1.1755e-36	1.1755e-36	9.5028e-15	0.00e+00	0.00e+00	9.8031e+00
8.52788e+17	4.4621e+03	1.083e-22	1.0000e+01	4.1251e+00	2.8806e-06	6.0782e-01	3.9218e-01	7.6598e-01	2.3400e-01	1.5314e-05	3.1501e-09	1.5107e-02	9.6852e-01	1.6369e-02	1.1755e-36	6.6416e-01	3.3579e-01	4.5216e-05	1.1755e-36	1.1755e-36	1.1755e-36	1.1526e-14	0.00e+00	0.00e+00	9.9802e+00
8.57509e+17	4.3991e+03	1.048e-22	1.0000e+01	4.0230e+00	3.2343e-06	6.1807e-01	3.8192e-01	7.7018e-01	2.2980e-01	1.5123e-05	3.5629e-09	1.4823e-02	9.6922e-01	1.5958e-02	1.1755e-36	6.7389e-01	3.2607e-01	4.2626e-05	1.1755e-36	1.1755e-36	1.1755e-36	1.4304e-14	0.00e+00	0.00e+00	1.0169e+01
8.62132e+17	4.3352e+03	1.014e-22	1.0000e+01	3.9210e+00	3.6159e-06	6.2794e-01	3.7206e-01	7.7408e-01	2.2591e-01	1.4960e-05	4.0017e-09	1.4537e-02	9.6989e-01	1.5577e-02	1.1755e-36	6.8319e-01	3.1677e-01	4.0271e-05	1.1755e-36	1.1755e-36	1.1755e-36	1.7548e-14	0.00e+00	0.00e+00	1.0344e+01
8.66433e+17	4.2788e+03	9.827e-23	1.0000e+01	3.8271e+00	3.9839e-06	6.3692e-01	3.6308e-01	7.7759e-01	2.2240e-01	1.4822e-05	4.4338e-09	1.4269e-02	9.7050e-01	1.5234e-02	1.1755e-36	6.9165e-01	3.0831e-01	3.8185e-05	1.1755e-36	1.1755e-36	1.1755e-36	2.0996e-14	0.00e+00	0.00e+00	1.0512e+01
8.70790e+17	4.2119e+03	9.513e-23	1.0000e+01	3.7312e+00	4.4270e-06	6.4633e-01	3.5366e-01	7.8138e-01	2.1860e-01	1.4650e-05	4.9324e-09	1.4002e-02	9.7113e-01	1.4868e-02	1.1755e-36	7.0048e-01	2.9949e-01	3.6133e-05	1.1755e-36	1.1755e-36	1.1755e-36	2.5302e-14	0.00e+00	0.00e+00	1.0697e+01
8.75319e+17	4.1435e+03	9.191e-23	1.0000e+01	3.6324e+00	4.9091e-06	6.5595e-01	3.4405e-01	7.8517e-01	2.1481e-01	1.4486e-05	5.4743e-09	1.3724e-02	9.7177e-01	1.4504e-02	1.1755e-36	7.0946e-01	2.9051e-01	3.4126e-05	1.1755e-36	1.1755e-36	1.1755e-36	3.0343e-14	0.00e+00	0.00e+00	1.0884e+01
8.79887e+17	4.0752e+03	8.868e-23	1.0000e+01	3.5312e+00	5.4082e-06	6.6537e-01	3.3463e-01	7.8882e-01	2.1117e-01	1.4345e-05	6.0300e-09	1.3435e-02	9.7241e-01	1.4154e-02	1.1755e-36	7.1821e-01	2.8175e-01	3.2229e-05	1.1755e-36	1.1755e-36	1.1755e-36	3.5877e-14	0.00e+00	0.00e+00	1.1078e+01
8.84689e+17	4.0028e+03	8.534e-23	1.0000e+01	3.4271e+00	5.9572e-06	6.7527e-01	3.2473e-01	7.9269e-01	2.0730e-01	1.4189e-05	6.6399e-09	1.3138e-02	9.7308e-01	1.3787e-02	1.1755e-36	7.2738e-01	2.7259e-01	3.0320e-05	1.1755e-36	1.1755e-36	1.1755e-36	4.2322e-14	0.00e+00	0.00e+00	1.1291e+01
8.89896e+17	3.9140e+03	8.184e-23	1.0000e+01	3.3169e+00	6.6270e-06	6.8636e-01	3.1363e-01	7.9714e-01	2.0284e-01	1.3974e-05	7.3452e-09	1.2834e-02	9.7379e-01	1.3373e-02	1.1755e-36	7.3761e-01	2.6236e-01	2.8327e-05	1.1755e-36	1.1755e-36	1.1755e-36	5.0237e-14	0.00e+00	0.00e+00	1.1526e+01
###########################
1.96923e+14	5.4055e+03	3.199e-22	1.0000e+01	1.0085e+01	3.4578e-09	6.0267e-02	9.3973e-01	2.5921e-01	7.4072e-01	7.1282e-05	5.4210e-13	1.3803e-02	8.5468e-01	1.3151e-01	1.1376e-06	7.3852e-02	9.2091e-01	5.2424e-03	1.1755e-36	1.1755e-36	1.1755e-36	1.0744e-20	0.00e+00	0.00e+00	1.4990e-03
1.18154e+15	5.3974e+03	3.182e-22	1.0000e+01	1.0043e+01	3.4589e-09	6.0020e-02	9.3998e-01	2.5870e-01	7.4123e-01	7.1513e-05	5.3530e-13	1.3710e-02	8.5448e-01	1.3181e-01	1.1451e-06	7.3558e-02	9.2118e-01	5.2634e-03	1.1755e-36	1.1755e-36	1.1755e-36	1.0551e-20	0.00e+00	0.00e+00	7.4703e-03
5.12000e+15	5.3741e+03	3.167e-22	1.0000e+01	1.0039e+01	3.5634e-09	6.0137e-02	9.3986e-01	2.5990e-01	7.4003e-01	7.0983e-05	5.4059e-13	1.3722e-02	8.5523e-01	1.3105e-01	1.1327e-06	7.3720e-02	9.2104e-01	5.2375e-03	1.1755e-36	1.1755e-36	1.1755e-36	1.0728e-20	0.00e+00	0.00e+00	3.1402e-02
2.08738e+16	5.3080e+03	3.127e-22	1.0000e+01	1.0027e+01	3.9738e-09	6.1113e-02	9.3889e-01	2.6512e-01	7.3481e-01	6.8885e-05	5.7208e-13	1.3885e-02	8.5821e-01	1.2790e-01	1.0779e-06	7.4968e-02	9.1995e-01	5.0843e-03	1.1755e-36	1.1755e-36	1.1755e-36	1.1744e-20	0.00e+00	0.00e+00	1.2868e-01
4.98609e+16	5.0819e+03	3.008e-22	1.0000e+01	1.0018e+01	5.1242e-09	6.1208e-02	9.3879e-01	2.7298e-01	7.2696e-01	6.5377e-05	6.0697e-13	1.3954e-02	8.6302e-01	1.2303e-01	1.0164e-06	7.5251e-02	9.1975e-01	4.9956e-03	1.1755e-36	1.1755e-36	1.1755e-36	1.3298e-20	0.00e+00	0.00e+00	2.5535e-01
7.72940e+16	4.8792e+03	2.913e-22	1.0000e+01	1.0012e+01	6.4337e-09	6.1228e-02	9.3877e-01	2.7956e-01	7.2038e-01	6.2563e-05	6.3164e-13	1.4005e-02	8.6698e-01	1.1901e-01	9.6743e-07	7.5430e-02	9.1964e-01	4.9255e-03	1.1755e-36	1.1755e-36	1.1755e-36	1.4552e-20	0.00e+00	0.00e+00	3.4079e-01
9.63246e+16	4.7843e+03	2.869e-22	1.0000e+01	1.0002e+01	7.3191e-09	6.1835e-02	9.3817e-01	2.8444e-01	7.1550e-01	6.0791e-05	6.5714e-13	1.4122e-02	8.6963e-01	1.1625e-01	9.2672e-07	7.6255e-02	9.1893e-01	4.8161e-03	1.1755e-36	1.1755e-36	1.1755e-36	1.5640e-20	0.00e+00	0.00e+00	4.0313e-01
1.14682e+17	4.7354e+03	2.845e-22	1.0000e+01	9.9894e+00	8.1432e-09	6.3233e-02	9.3677e-01	2.9037e-01	7.0957e-01	5.8980e-05	7.0386e-13	1.4347e-02	8.7245e-01	1.1320e-01	8.7492e-07	7.8020e-02	9.1735e-01	4.6328e-03	1.1755e-36	1.1755e-36	1.1755e-36	1.7480e-20	0.00e+00	0.00e+00	4.8600e-01
1.38546e+17	4.6848e+03	2.818e-22	1.0000e+01	9.9674e+00	9.2852e-09	6.5283e-02	9.3472e-01	2.9832e-01	7.0162e-01	5.6740e-05	7.7477e-13	1.4666e-02	8.7602e-01	1.0931e-01	8.0941e-07	8.0592e-02	9.1502e-01	4.3864e-03	1.1755e-36	1.1755e-36	1.1755e-36	2.0397e-20	0.00e+00	0.00e+00	5.9722e-01
1.69570e+17	4.6391e+03	2.785e-22	1.0000e+01	9.9198e+00	1.0843e-08	6.8248e-02	9.3175e-01	3.0887e-01	6.9107e-01	5.4057e-05	8.8263e-13	1.5100e-02	8.8042e-01	1.0448e-01	7.2961e-07	8.4288e-02	9.1165e-01	4.0638e-03	1.1755e-36	1.1755e-36	1.1755e-36	2.5099e-20	0.00e+00	0.00e+00	7.4837e-01
1.99309e+17	4.5934e+03	2.755e-22	1.0000e+01	9.8859e+00	1.2509e-08	7.0981e-02	9.2902e-01	3.1828e-01	6.8167e-01	5.1874e-05	9.9195e-13	1.5485e-02	8.8416e-01	1.0036e-01	6.6530e-07	8.7694e-02	9.0851e-01	3.7961e-03	1.1755e-36	1.1755e-36	1.1755e-36	3.0326e-20	0.00e+00	0.00e+00	8.5778e-01
2.20679e+17	4.5781e+03	2.738e-22	1.0000e+01	9.8532e+00	1.3719e-08	7.3312e-02	9.2669e-01	3.2545e-01	6.7449e-01	5.0367e-05	1.0890e-12	1.5795e-02	8.8679e-01	9.7413e-02	6.1955e-07	9.0576e-02	9.0583e-01	3.5921e-03	1.1755e-36	1.1755e-36	1.1755e-36	3.5158e-20	0.00e+00	0.00e+00	9.4265e-01
2.40233e+17	4.5771e+03	2.727e-22	1.0000e+01	9.8186e+00	1.4915e-08	7.5956e-02	9.2404e-01	3.3304e-01	6.6691e-01	4.8874e-05	1.2051e-12	1.6130e-02	8.8939e-01	9.4475e-02	5.7478e-07	9.3824e-02	9.0279e-01	3.3850e-03	1.1755e-36	1.1755e-36	1.1755e-36	4.1143e-20	0.00e+00	0.00e+00	1.0423e+00
2.63573e+17	4.5834e+03	2.716e-22	1.0000e+01	9.7750e+00	1.6473e-08	7.9508e-02	9.2049e-01	3.4271e-01	6.5724e-01	4.7104e-05	1.3734e-12	1.6561e-02	8.9253e-01	9.0907e-02	5.2248e-07	9.8172e-02	8.9869e-01	3.1361e-03	1.1755e-36	1.1755e-36	1.1755e-36	5.0318e-20	0.00e+00	0.00e+00	1.1724e+00
2.90222e+17	4.5976e+03	2.705e-22	1.0000e+01	9.7229e+00	1.8370e-08	8.3910e-02	9.1609e-01	3.5394e-01	6.4602e-01	4.5227e-05	1.6016e-12	1.7063e-02	8.9595e-01	8.6981e-02	4.6760e-07	1.0354e-01	8.9359e-01	2.8654e-03	1.1755e-36	1.1755e-36	1.1755e-36	6.3703e-20	0.00e+00	0.00e+00	1.3175e+00
3.17184e+17	4.6202e+03	2.696e-22	1.0000e+01	9.6684e+00	2.0485e-08	8.8938e-02	9.1106e-01	3.6583e-01	6.3413e-01	4.3413e-05	1.8905e-12	1.7595e-02	8.9935e-01	8.3054e-02	4.1558e-07	1.0965e-01	8.8775e-01	2.6001e-03	1.1755e-36	1.1755e-36	1.1755e-36	8.2055e-20	0.00e+00	0.00e+00	1.4666e+00
3.43297e+17	4.6532e+03	2.685e-22	1.0000e+01	9.5971e+00	2.2598e-08	9.4326e-02	9.0567e-01	3.7783e-01	6.2213e-01	4.1738e-05	2.2324e-12	1.8111e-02	9.0251e-01	7.9376e-02	3.6932e-07	1.1616e-01	8.8148e-01	2.3538e-03	1.1755e-36	1.1755e-36	1.1755e-36	1.0545e-19	0.00e+00	0.00e+00	1.6196e+00
3.69883e+17	4.6915e+03	2.679e-22	1.0000e+01	9.5303e+00	2.5179e-08	1.0077e-01	8.9923e-01	3.9121e-01	6.0875e-01	3.9989e-05	2.6957e-12	1.8687e-02	9.0585e-01	7.5461e-02	3.2366e-07	1.2393e-01	8.7397e-01	2.1065e-03	1.1755e-36	1.1755e-36	1.1755e-36	1.4009e-19	0.00e+00	0.00e+00	1.7945e+00
3.97029e+17	4.7393e+03	2.671e-22	1.0000e+01	9.4471e+00	2.8011e-08	1.0812e-01	8.9188e-01	4.0534e-01	5.9462e-01	3.8309e-05	3.2932e-12	1.9270e-02	9.0913e-01	7.1600e-02	2.8154e-07	1.3274e-01	8.6539e-01	1.8694e-03	1.1755e-36	1.1755e-36	1.1755e-36	1.8899e-19	0.00e+00	0.00e+00	1.9775e+00
4.23692e+17	4.7927e+03	2.661e-22	1.0000e+01	9.3530e+00	3.1173e-08	1.1636e-01	8.8364e-01	4.2009e-01	5.7987e-01	3.6687e-05	4.0612e-12	1.9846e-02	9.1233e-01	6.7828e-02	2.4352e-07	1.4258e-01	8.5577e-01	1.6489e-03	1.1755e-36	1.1755e-36	1.1755e-36	2.5821e-19	0.00e+00	0.00e+00	2.1724e+00
4.50018e+17	4.8507e+03	2.650e-22	1.0000e+01	9.2482e+00	3.4779e-08	1.2567e-01	8.7433e-01	4.3552e-01	5.6445e-01	3.5111e-05	5.0641e-12	2.0409e-02	9.1546e-01	6.4127e-02	2.0926e-07	1.5363e-01	8.4492e-01	1.4445e-03	1.1755e-36	1.1755e-36	1.1755e-36	3.5833e-19	0.00e+00	0.00e+00	2.3798e+00
4.75694e+17	4.9118e+03	2.637e-22	1.0000e+01	9.1318e+00	3.8880e-08	1.3604e-01	8.6396e-01	4.5138e-01	5.4859e-01	3.3609e-05	6.3664e-12	2.0942e-02	9.1850e-01	6.0561e-02	1.7904e-07	1.6588e-01	8.3287e-01	1.2588e-03	1.1755e-36	1.1755e-36	1.1755e-36	5.0312e-19	0.00e+00	0.00e+00	2.5964e+00
5.00252e+17	4.9748e+03	2.618e-22	1.0000e+01	8.9975e+00	4.3363e-08	1.4722e-01	8.5278e-01	4.6721e-01	5.3276e-01	3.2224e-05	8.0062e-12	2.1403e-02	9.2135e-01	5.7245e-02	1.5329e-07	1.7900e-01	8.1991e-01	1.0953e-03	1.1755e-36	1.1755e-36	1.1755e-36	7.0626e-19	0.00e+00	0.00e+00	2.8186e+00
5.23765e+17	5.0342e+03	2.598e-22	1.0000e+01	8.8601e+00	4.8738e-08	1.5955e-01	8.4045e-01	4.8336e-01	5.1661e-01	3.0879e-05	1.0041e-11	2.1827e-02	9.2415e-01	5.4027e-02	1.3078e-07	1.9338e-01	8.0567e-01	9.4992e-04	1.1755e-36	1.1755e-36	1.1755e-36	9.8447e-19	0.00e+00	0.00e+00	3.0516e+00
5.45808e+17	5.0923e+03	2.576e-22	1.0000e+01	8.7230e+00	5.4753e-08	1.7270e-01	8.2730e-01	4.9910e-01	5.0088e-01	2.9652e-05	1.2486e-11	2.2193e-02	9.2678e-01	5.1030e-02	1.1755e-36	2.0862e-01	7.9056e-01	8.2438e-04	1.1755e-36	1.1755e-36	1.1755e-36	1.3520e-18	0.00e+00	0.00e+00	3.2802e+00
5.65833e+17	5.1368e+03	2.552e-22	1.0000e+01	8.5781e+00	6.2010e-08	1.8622e-01	8.1378e-01	5.1421e-01	4.8576e-01	2.8517e-05	1.5501e-11	2.2472e-02	9.2921e-01	4.8323e-02	1.1755e-36	2.2419e-01	7.7509e-01	7.1966e-04	1.1755e-36	1.1755e-36	1.1755e-36	1.8639e-18	0.00e+00	0.00e+00	3.5046e+00
5.83528e+17	5.1818e+03	2.523e-22	1.0000e+01	8.4346e+00	6.9046e-08	1.9926e-01	8.0074e-01	5.2769e-01	4.7228e-01	2.7583e-05	1.8810e-11	2.2657e-02	9.3132e-01	4.6026e-02	1.1755e-36	2.3912e-01	7.6025e-01	6.3524e-04	1.1755e-36	1.1755e-36	1.1755e-36	2.4805e-18	0.00e+00	0.00e+00	3.7098e+00
5.99683e+17	5.2205e+03	2.487e-22	1.0000e+01	8.2790e+00	7.6620e-08	2.1213e-01	7.8787e-01	5.4055e-01	4.5943e-01	2.6720e-05	2.2588e-11	2.2750e-02	9.3327e-01	4.3976e-02	1.1755e-36	2.5374e-01	7.4570e-01	5.6442e-04	1.1755e-36	1.1755e-36	1.1755e-36	3.2544e-18	0.00e+00	0.00e+00	3.9242e+00
6.15779e+17	5.2513e+03	2.450e-22	1.0000e+01	8.1244e+00	8.6443e-08	2.2645e-01	7.7355e-01	5.5388e-01	4.4609e-01	2.5837e-05	2.7602e-11	2.2827e-02	9.3530e-01	4.1876e-02	1.1755e-36	2.6992e-01	7.2958e-01	4.9853e-04	1.1755e-36	1.1755e-36	1.1755e-36	4.4069e-18	0.00e+00	0.00e+00	4.1557e+00
6.30996e+17	5.2787e+03	2.410e-22	1.0000e+01	7.9668e+00	9.7429e-08	2.4112e-01	7.5888e-01	5.6655e-01	4.3342e-01	2.5047e-05	3.3601e-11	2.2844e-02	9.3720e-01	3.9955e-02	1.1755e-36	2.8637e-01	7.1318e-01	4.4174e-04	1.1755e-36	1.1755e-36	1.1755e-36	5.9476e-18	0.00e+00	0.00e+00	4.3726e+00
6.44436e+17	5.2989e+03	2.369e-22	1.0000e+01	7.8167e+00	1.0918e-07	2.5514e-01	7.4486e-01	5.7800e-01	4.2198e-01	2.4358e-05	4.0343e-11	2.2812e-02	9.3891e-01	3.8279e-02	1.1755e-36	3.0199e-01	6.9761e-01	3.9545e-04	1.1755e-36	1.1755e-36	1.1755e-36	7.8814e-18	0.00e+00	0.00e+00	4.5761e+00
6.56620e+17	5.3131e+03	2.328e-22	1.0000e+01	7.6714e+00	1.2199e-07	2.6875e-01	7.3125e-01	5.8860e-01	4.1138e-01	2.3734e-05	4.8015e-11	2.2742e-02	9.4049e-01	3.6772e-02	1.1755e-36	3.1706e-01	6.8258e-01	3.5651e-04	1.1755e-36	1.1755e-36	1.1755e-36	1.0330e-17	0.00e+00	0.00e+00	4.7752e+00
6.68078e+17	5.3224e+03	2.285e-22	1.0000e+01	7.5266e+00	1.3630e-07	2.8236e-01	7.1764e-01	5.9873e-01	4.0125e-01	2.3153e-05	5.6973e-11	2.2638e-02	9.4199e-01	3.5371e-02	1.1755e-36	3.3203e-01	6.6765e-01	3.2250e-04	1.1755e-36	1.1755e-36	1.1755e-36	1.3506e-17	0.00e+00	0.00e+00	4.9746e+00
6.78991e+17	5.3320e+03	2.239e-22	1.0000e+01	7.3811e+00	1.5150e-07	2.9592e-01	7.0408e-01	6.0835e-01	3.9163e-01	2.2630e-05	6.7181e-11	2.2497e-02	9.4343e-01	3.4074e-02	1.1755e-36	3.4685e-01	6.5286e-01	2.9250e-04	1.1755e-36	1.1755e-36	1.1755e-36	1.7492e-17	0.00e+00	0.00e+00	5.1735e+00
6.89621e+17	5.3279e+03	2.192e-22	1.0000e+01	7.2317e+00	1.7114e-07	3.1016e-01	6.8984e-01	6.1813e-01	3.8185e-01	2.2081e-05	8.0279e-11	2.2333e-02	9.4488e-01	3.2787e-02	1.1755e-36	3.6232e-01	6.3741e-01	2.6514e-04	1.1755e-36	1.1755e-36	1.1755e-36	2.3272e-17	0.00e+00	0.00e+00	5.3814e+00
6.99551e+17	5.3193e+03	2.147e-22	1.0000e+01	7.0951e+00	1.9341e-07	3.2437e-01	6.7563e-01	6.2736e-01	3.7262e-01	2.1565e-05	9.5810e-11	2.2173e-02	9.4625e-01	3.1582e-02	1.1755e-36	3.7766e-01	6.2210e-01	2.4126e-04	1.1755e-36	1.1755e-36	1.1755e-36	3.0981e-17	0.00e+00	0.00e+00	5.5708e+00
7.08191e+17	5.3149e+03	2.102e-22	1.0000e+01	6.9613e+00	2.1388e-07	3.3679e-01	6.6321e-01	6.3506e-01	3.6492e-01	2.1182e-05	1.1114e-10	2.1973e-02	9.4742e-01	3.0611e-02	1.1755e-36	3.9098e-01	6.0880e-01	2.2226e-04	1.1755e-36	1.1755e-36	1.1755e-36	3.9373e-17	0.00e+00	0.00e+00	5.7416e+00
7.16403e+17	5.3054e+03	2.057e-22	1.0000e+01	6.8301e+00	2.3724e-07	3.4922e-01	6.5078e-01	6.4268e-01	3.5730e-01	2.0791e-05	1.2919e-10	2.1764e-02	9.4857e-01	2.9669e-02	1.1755e-36	4.0424e-01	5.9556e-01	2.0503e-04	1.1755e-36	1.1755e-36	1.1755e-36	5.0276e-17	0.00e+00	0.00e+00	5.9266e+00
7.24860e+17	5.2916e+03	2.008e-22	1.0000e+01	6.6923e+00	2.6540e-07	3.6252e-01	6.3748e-01	6.5059e-01	3.4939e-01	2.0387e-05	1.5182e-10	2.1531e-02	9.4976e-01	2.8709e-02	1.1755e-36	4.1834e-01	5.8147e-01	1.8842e-04	1.1755e-36	1.1755e-36	1.1755e-36	6.5465e-17	0.00e+00	0.00e+00	6.1217e+00
7.33137e+17	5.2740e+03	1.959e-22	1.0000e+01	6.5521e+00	2.9764e-07	3.7594e-01	6.2406e-01	6.5827e-01	3.4171e-01	2.0006e-05	1.7877e-10	2.1276e-02	9.5093e-01	2.7795e-02	1.1755e-36	4.3249e-01	5.6734e-01	1.7332e-04	1.1755e-36	1.1755e-36	1.1755e-36	8.5681e-17	0.00e+00	0.00e+00	6.3124e+00
7.40861e+17	5.2547e+03	1.910e-22	1.0000e+01	6.4157e+00	3.3230e-07	3.8876e-01	6.1124e-01	6.6537e-01	3.3461e-01	1.9669e-05	2.0903e-10	2.1011e-02	9.5202e-01	2.6965e-02	1.1755e-36	4.4593e-01	5.5391e-01	1.6019e-04	1.1755e-36	1.1755e-36	1.1755e-36	1.1100e-16	0.00e+00	0.00e+00	6.4944e+00
7.48124e+17	5.2339e+03	1.863e-22	1.0000e+01	6.2842e+00	3.6981e-07	4.0117e-01	5.9883e-01	6.7206e-01	3.2792e-01	1.9356e-05	2.4330e-10	2.0743e-02	9.5306e-01	2.6194e-02	1.1755e-36	4.5885e-01	5.4100e-01	1.4857e-04	1.1755e-36	1.1755e-36	1.1755e-36	1.4283e-16	0.00e+00	0.00e+00	6.6745e+00
7.55182e+17	5.2102e+03	1.815e-22	1.0000e+01	6.1543e+00	4.1224e-07	4.1359e-01	5.8641e-01	6.7861e-01	3.2137e-01	1.9049e-05	2.8368e-10	2.0470e-02	9.5408e-01	2.5449e-02	1.1755e-36	4.7173e-01	5.2813e-01	1.3791e-04	1.1755e-36	1.1755e-36	1.1755e-36	1.8451e-16	0.00e+00	0.00e+00	6.8575e+00
7.62091e+17	5.1831e+03	1.768e-22	1.0000e+01	6.0246e+00	4.6072e-07	4.2606e-01	5.7394e-01	6.8503e-01	3.1495e-01	1.8751e-05	3.3167e-10	2.0187e-02	9.5508e-01	2.4730e-02	1.1755e-36	4.8458e-01	5.1529e-01	1.2809e-04	1.1755e-36	1.1755e-36	1.1755e-36	2.3976e-16	0.00e+00	0.00e+00	7.0407e+00
7.68731e+17	5.1536e+03	1.721e-22	1.0000e+01	5.8967e+00	5.1467e-07	4.3828e-01	5.6172e-01	6.9116e-01	3.0882e-01	1.8473e-05	3.8731e-10	1.9898e-02	9.5605e-01	2.4053e-02	1.1755e-36	4.9710e-01	5.0278e-01	1.1925e-04	1.1755e-36	1.1755e-36	1.1755e-36	3.1129e-16	0.00e+00	0.00e+00	7.2198e+00
7.75053e+17	5.1230e+03	1.675e-22	1.0000e+01	5.7722e+00	5.7344e-07	4.5010e-01	5.4990e-01	6.9695e-01	3.0303e-01	1.8216e-05	4.5064e-10	1.9609e-02	9.5697e-01	2.3421e-02	1.1755e-36	5.0915e-01	4.9074e-01	1.1132e-04	1.1755e-36	1.1755e-36	1.1755e-36	4.0197e-16	0.00e+00	0.00e+00	7.3952e+00
7.81152e+17	5.0911e+03	1.630e-22	1.0000e+01	5.6505e+00	6.3843e-07	4.6171e-01	5.3829e-01	7.0253e-01	2.9745e-01	1.7971e-05	5.2385e-10	1.9319e-02	9.5786e-01	2.2819e-02	1.1755e-36	5.2092e-01	4.7897e-01	1.0408e-04	1.1755e-36	1.1755e-36	1.1755e-36	5.1856e-16	0.00e+00	0.00e+00	7.5708e+00
7.87122e+17	5.0570e+03	1.586e-22	1.0000e+01	5.5302e+00	7.1155e-07	4.7328e-01	5.2672e-01	7.0800e-01	2.9198e-01	1.7732e-05	6.0987e-10	1.9027e-02	9.5874e-01	2.2236e-02	1.1755e-36	5.3259e-01	4.6731e-01	9.7378e-05	1.1755e-36	1.1755e-36	1.1755e-36	6.7110e-16	0.00e+00	0.00e+00	7.7477e+00
7.92960e+17	5.0203e+03	1.542e-22	1.0000e+01	5.4109e+00	7.9421e-07	4.8477e-01	5.1523e-01	7.1333e-01	2.8665e-01	1.7500e-05	7.1124e-10	1.8732e-02	9.5959e-01	2.1675e-02	1.1755e-36	5.4413e-01	4.5578e-01	9.1187e-05	1.1755e-36	1.1755e-36	1.1755e-36	8.7177e-16	0.00e+00	0.00e+00	7.9239e+00
7.98606e+17	4.9812e+03	1.499e-22	1.0000e+01	5.2937e+00	8.8669e-07	4.9602e-01	5.0398e-01	7.1846e-01	2.8153e-01	1.7279e-05	8.2117e-10	1.8436e-02	9.6043e-01	2.1135e-02	1.1755e-36	5.5537e-01	4.4454e-01	8.5534e-05	1.1755e-36	1.1755e-36	1.1755e-36	1.1145e-15	0.00e+00	0.00e+00	8.0972e+00
8.04024e+17	4.9405e+03	1.457e-22	1.0000e+01	5.1796e+00	9.8856e-07	5.0694e-01	4.9306e-01	7.2335e-01	2.7663e-01	1.7071e-05	9.3488e-10	1.8144e-02	9.6124e-01	2.0620e-02	1.1755e-36	5.6623e-01	4.3369e-01	8.0403e-05	1.1755e-36	1.1755e-36	1.1755e-36	1.3928e-15	0.00e+00	0.00e+00	8.2670e+00
8.09250e+17	4.8992e+03	1.417e-22	1.0000e+01	5.0684e+00	1.1003e-06	5.1756e-01	4.8243e-01	7.2804e-01	2.7195e-01	1.6874e-05	1.0611e-09	1.7855e-02	9.6202e-01	2.0129e-02	1.1755e-36	5.7675e-01	4.2318e-01	7.5709e-05	1.1755e-36	1.1755e-36	1.1755e-36	1.7326e-15	0.00e+00	0.00e+00	8.4352e+00
8.14358e+17	4.8567e+03	1.377e-22	1.0000e+01	4.9592e+00	1.2243e-06	5.2805e-01	4.7195e-01	7.3261e-01	2.6737e-01	1.6683e-05	1.2028e-09	1.7567e-02	9.6278e-01	1.9654e-02	1.1755e-36	5.8707e-01	4.1285e-01	7.1345e-05	1.1755e-36	1.1755e-36	1.1755e-36	2.1516e-15	0.00e+00	0.00e+00	8.6042e+00
8.19395e+17	4.8127e+03	1.338e-22	1.0000e+01	4.8512e+00	1.3632e-06	5.3847e-01	4.6153e-01	7.3710e-01	2.6288e-01	1.6495e-05	1.3631e-09	1.7279e-02	9.6353e-01	1.9191e-02	1.1755e-36	5.9730e-01	4.0264e-01	6.7256e-05	1.1755e-36	1.1755e-36	1.1755e-36	2.6722e-15	0.00e+00	0.00e+00	8.7744e+00
8.24353e+17	4.7663e+03	1.299e-22	1.0000e+01	4.7442e+00	1.5198e-06	5.4882e-01	4.5118e-01	7.4151e-01	2.5847e-01	1.6310e-05	1.5445e-09	1.6991e-02	9.6427e-01	1.8740e-02	1.1755e-36	6.0740e-01	3.9253e-01	6.3432e-05	1.1755e-36	1.1755e-36	1.1755e-36	3.3201e-15	0.00e+00	0.00e+00	8.9446e+00
8.29192e+17	4.7176e+03	1.262e-22	1.0000e+01	4.6388e+00	1.6954e-06	5.5899e-01	4.4101e-01	7.4579e-01	2.5419e-01	1.6131e-05	1.7476e-09	1.6706e-02	9.6499e-01	1.8304e-02	1.1755e-36	6.1729e-01	3.8265e-01	5.9892e-05	1.1755e-36	1.1755e-36	1.1755e-36	4.1185e-15	0.00e+00	0.00e+00	9.1128e+00
8.33876e+17	4.6684e+03	1.226e-22	1.0000e+01	4.5358e+00	1.8873e-06	5.6885e-01	4.3115e-01	7.4988e-01	2.5010e-01	1.5963e-05	1.9701e-09	1.6424e-02	9.6569e-01	1.7890e-02	1.1755e-36	6.2683e-01	3.7311e-01	5.6642e-05	1.1755e-36	1.1755e-36	1.1755e-36	5.0786e-15	0.00e+00	0.00e+00	9.2781e+00
8.38440e+17	4.6195e+03	1.190e-22	1.0000e+01	4.4356e+00	2.0951e-06	5.7847e-01	4.2153e-01	7.5385e-01	2.4614e-01	1.5801e-05	2.2139e-09	1.6147e-02	9.6636e-01	1.7492e-02	1.1755e-36	6.3611e-01	3.6384e-01	5.3621e-05	1.1755e-36	1.1755e-36	1.1755e-36	6.2276e-15	0.00e+00	0.00e+00	9.4434e+00
8.42985e+17	4.5696e+03	1.156e-22	1.0000e+01	4.3365e+00	2.3256e-06	5.8809e-01	4.1191e-01	7.5781e-01	2.4217e-01	1.5636e-05	2.4870e-09	1.5871e-02	9.6703e-01	1.7098e-02	1.1755e-36	6.4535e-01	3.5460e-01	5.0745e-05	1.1755e-36	1.1755e-36	1.1755e-36	7.6309e-15	0.00e+00	0.00e+00	9.6129e+00
8.47569e+17	4.5148e+03	1.120e-22	1.0000e+01	4.2301e+00	2.5878e-06	5.9756e-01	4.0244e-01	7.6160e-01	2.3839e-01	1.5501e-05	2.7892e-09	1.5570e-02	9.6771e-01	1.6721e-02	1.1755e-36	6.5440e-01	3.4555e-01	4.8049e-05	1.1755e-36	1.1755e-36	1.1755e-36	9.3379e-15	0.00e+00	0.00e+00	9.7866e+00
8.52143e+17	4.4621e+03	1.086e-22	1.0000e+01	4.1329e+00	2.8744e-06	6.0733e-01	3.9267e-01	7.6557e-01	2.3441e-01	1.5331e-05	3.1337e-09	1.5297e-02	9.6837e-01	1.6332e-02	1.1755e-36	6.6370e-01	3.3625e-01	4.5411e-05	1.1755e-36	1.1755e-36	1.1755e-36	1.1443e-14	0.00e+00	0.00e+00	9.9609e+00
8.56695e+17	4.4045e+03	1.052e-22	1.0000e+01	4.0339e+00	3.2010e-06	6.1706e-01	3.8294e-01	7.6948e-01	2.3050e-01	1.5165e-05	3.5184e-09	1.5018e-02	9.6903e-01	1.5949e-02	1.1755e-36	6.7293e-01	3.2703e-01	4.2924e-05	1.1755e-36	1.1755e-36	1.1755e-36	1.4018e-14	0.00e+00	0.00e+00	1.0138e+01
8.61207e+17	4.3408e+03	1.018e-22	1.0000e+01	3.9340e+00	3.5764e-06	6.2676e-01	3.7323e-01	7.7337e-01	2.2662e-01	1.4997e-05	3.9472e-09	1.4738e-02	9.6969e-01	1.5571e-02	1.1755e-36	6.8211e-01	3.1785e-01	4.0587e-05	1.1755e-36	1.1755e-36	1.1755e-36	1.7162e-14	0.00e+00	0.00e+00	1.0315e+01
8.65568e+17	4.2807e+03	9.865e-23	1.0000e+01	3.8383e+00	3.9604e-06	6.3602e-01	3.6398e-01	7.7701e-01	2.2298e-01	1.4847e-05	4.3905e-09	1.4467e-02	9.7032e-01	1.5218e-02	1.1755e-36	6.9081e-01	3.0915e-01	3.8449e-05	1.1755e-36	1.1755e-36	1.1755e-36	2.0684e-14	0.00e+00	0.00e+00	1.0486e+01
8.69890e+17	4.2182e+03	9.552e-23	1.0000e+01	3.7438e+00	4.3807e-06	6.4524e-01	3.5475e-01	7.8067e-01	2.1931e-01	1.4689e-05	4.8709e-09	1.4199e-02	9.7093e-01	1.4866e-02	1.1755e-36	6.9946e-01	3.0050e-01	3.6411e-05	1.1755e-36	1.1755e-36	1.1755e-36	2.4801e-14	0.00e+00	0.00e+00	1.0665e+01
8.74372e+17	4.1559e+03	9.227e-23	1.0000e+01	3.6436e+00	4.8230e-06	6.5445e-01	3.4555e-01	7.8422e-01	2.1576e-01	1.4561e-05	5.3777e-09	1.3909e-02	9.7157e-01	1.4524e-02	1.1755e-36	7.0806e-01	2.9191e-01	3.4439e-05	1.1755e-36	1.1755e-36	1.1755e-36	2.9463e-14	0.00e+00	0.00e+00	1.0854e+01
8.79153e+17	4.0781e+03	8.891e-23	1.0000e+01	3.5382e+00	5.3795e-06	6.6467e-01	3.3532e-01	7.8829e-01	2.1169e-01	1.4378e-05	5.9837e-09	1.3613e-02	9.7225e-01	1.4139e-02	1.1755e-36	7.1758e-01	2.8239e-01	3.2398e-05	1.1755e-36	1.1755e-36	1.1755e-36	3.5468e-14	0.00e+00	0.00e+00	1.1063e+01
8.84058e+17	4.0060e+03	8.551e-23	1.0000e+01	3.4323e+00	5.9304e-06	6.7476e-01	3.2524e-01	7.9214e-01	2.0784e-01	1.4230e-05	6.5997e-09	1.3308e-02	9.7292e-01	1.3775e-02	1.1755e-36	7.2691e-01	2.7306e-01	3.0451e-05	1.1755e-36	1.1755e-36	1.1755e-36	4.1974e-14	0.00e+00	0.00e+00	1.1269e+01
8.89064e+17	3.9206e+03	8.212e-23	1.0000e+01	3.3255e+00	6.5774e-06	6.8555e-01	3.1445e-01	7.9641e-01	2.0358e-01	1.4027e-05	7.2829e-09	1.3013e-02	9.7361e-01	1.3381e-02	1.1755e-36	7.3686e-01	2.6311e-01	2.8510e-05	1.1755e-36	1.1755e-36	1.1755e-36	4.9644e-14	0.00e+00	0.00e+00	1.1493e+01
###########################
1.96923e+14	5.4055e+03	3.199e-22	1.0000e+01	1.0085e+01	3.4578e-09	6.0267e-02	9.3973e-01	2.5921e-01	7.4072e-01	7.1282e-05	5.4210e-13	1.3803e-02	8.5468e-01	1.3151e-01	1.1376e-06	7.3852e-02	9.2091e-01	5.2424e-03	1.1755e-36	1.1755e-36	1.1755e-36	1.0744e-20	0.00e+00	0.00e+00	1.4990e-03
1.18154e+15	5.3974e+03	3.182e-22	1.0000e+01	1.0043e+01	3.4589e-09	6.0020e-02	9.3998e-01	2.5870e-01	7.4123e-01	7.1513e-05	5.3530e-13	1.3710e-02	8.5448e-01	1.3181e-01	1.1451e-06	7.3558e-02	9.2118e-01	5.2634e-03	1.1755e-36	1.1755e-36	1.1755e-36	1.0551e-20	0.00e+00	0.00e+00	7.4703e-03
5.12000e+15	5.3741e+03	3.167e-22	1.0000e+01	1.0039e+01	3.5633e-09	6.0137e-02	9.3986e-01	2.5990e-01	7.4003e-01	7.0983e-05	5.4059e-13	1.3722e-02	8.5523e-01	1.3105e-01	1.1327e-06	7.3720e-02	9.2104e-01	5.2375e-03	1.1755e-36	1.1755e-36	1.1755e-36	1.0728e-20	0.00e+00	0.00e+00	3.1402e-02
2.08738e+16	5.3079e+03	3.126e-22	1.0000e+01	1.0025e+01	3.9726e-09	6.1105e-02	9.3890e-01	2.6509e-01	7.3484e-01	6.8898e-05	5.7179e-13	1.3884e-02	8.5820e-01	1.2792e-01	1.0782e-06	7.4957e-02	9.1996e-01	5.0850e-03	1.1755e-36	1.1755e-36	1.1755e-36	1.1735e-20	0.00e+00	0.00e+00	1.2867e-01
4.98609e+16	5.0819e+03	3.008e-22	1.0000e+01	1.0018e+01	5.1240e-09	6.1208e-02	9.3879e-01	2.7298e-01	7.2696e-01	6.5377e-05	6.0697e-13	1.3954e-02	8.6302e-01	1.2303e-01	1.0164e-06	7.5251e-02	9.1975e-01	4.9957e-03	1.1755e-36	1.1755e-36	1.1755e-36	1.3298e-20	0.00e+00	0.00e+00	2.5533e-01
7.72956e+16	4.8793e+03	2.913e-22	1.0000e+01	1.0012e+01	6.4335e-09	6.1228e-02	9.3877e-01	2.7956e-01	7.2038e-01	6.2563e-05	6.3164e-13	1.4005e-02	8.6698e-01	1.1901e-01	9.6743e-07	7.5430e-02	9.1964e-01	4.9255e-03	1.1755e-36	1.1755e-36	1.1755e-36	1.4552e-20	0.00e+00	0.00e+00	3.4079e-01
9.63284e+16	4.7843e+03	2.869e-22	1.0000e+01	1.0002e+01	7.3191e-09	6.1835e-02	9.3817e-01	2.8444e-01	7.1550e-01	6.0791e-05	6.5714e-13	1.4122e-02	8.6963e-01	1.1625e-01	9.2671e-07	7.6255e-02	9.1893e-01	4.8161e-03	1.1755e-36	1.1755e-36	1.1755e-36	1.5640e-20	0.00e+00	0.00e+00	4.0313e-01
1.14687e+17	4.7354e+03	2.845e-22	1.0000e+01	9.9895e+00	8.1436e-09	6.3234e-02	9.3677e-01	2.9037e-01	7.0957e-01	5.8979e-05	7.0389e-13	1.4347e-02	8.7245e-01	1.1320e-01	8.7489e-07	7.8021e-02	9.1735e-01	4.6328e-03	1.1755e-36	1.1755e-36	1.1755e-36	1.7481e-20	0.00e+00	0.00e+00	4.8601e-01
1.38554e+17	4.6848e+03	2.818e-22	1.0000e+01	9.9675e+00	9.2854e-09	6.5284e-02	9.3472e-01	2.9833e-01	7.0162e-01	5.6739e-05	7.7479e-13	1.4666e-02	8.7602e-01	1.0931e-01	8.0939e-07	8.0593e-02	9.1502e-01	4.3863e-03	1.1755e-36	1.1755e-36	1.1755e-36	2.0398e-20	0.00e+00	0.00e+00	5.9724e-01
1.69580e+17	4.6391e+03	2.785e-22	1.0000e+01	9.9198e+00	1.0844e-08	6.8249e-02	9.3175e-01	3.0888e-01	6.9107e-01	5.4056e-05	8.8268e-13	1.5100e-02	8.8042e-01	1.0448e-01	7.2958e-07	8.4289e-02	9.1165e-01	4.0637e-03	1.1755e-36	1.1755e-36	1.1755e-36	2.5101e-20	0.00e+00	0.00e+00	7.4841e-01
1.99319e+17	4.5935e+03	2.755e-22	1.0000e+01	9.8859e+00	1.2508e-08	7.0981e-02	9.2902e-01	3.1828e-01	6.8167e-01	5.1874e-05	9.9194e-13	1.5485e-02	8.8416e-01	1.0036e-01	6.6530e-07	8.7694e-02	9.0851e-01	3.7961e-03	1.1755e-36	1.1755e-36	1.1755e-36	3.0325e-20	0.00e+00	0.00e+00	8.5780e-01
2.20694e+17	4.5781e+03	2.738e-22	1.0000e+01	9.8531e+00	1.3720e-08	7.3314e-02	9.2669e-01	3.2546e-01	6.7449e-01	5.0366e-05	1.0890e-12	1.5795e-02	8.8679e-01	9.7411e-02	6.1952e-07	9.0578e-02	9.0583e-01	3.5920e-03	1.1755e-36	1.1755e-36	1.1755e-36	3.5161e-20	0.00e+00	0.00e+00	9.4274e-01
2.40250e+17	4.5771e+03	2.727e-22	1.0000e+01	9.8185e+00	1.4916e-08	7.5957e-02	9.2404e-01	3.3305e-01	6.6690e-01	4.8873e-05	1.2052e-12	1.6130e-02	8.8940e-01	9.4474e-02	5.7475e-07	9.3826e-02	9.0279e-01	3.3849e-03	1.1755e-36	1.1755e-36	1.1755e-36	4.1147e-20	0.00e+00	0.00e+00	1.0424e+00
2.63577e+17	4.5833e+03	2.716e-22	1.0000e+01	9.7750e+00	1.6473e-08	7.9508e-02	9.2049e-01	3.4271e-01	6.5724e-01	4.7104e-05	1.3734e-12	1.6561e-02	8.9253e-01	9.0907e-02	5.2248e-07	9.8172e-02	8.9869e-01	3.1361e-03	1.1755e-36	1.1755e-36	1.1755e-36	5.0317e-20	0.00e+00	0.00e+00	1.1723e+00
2.90217e+17	4.5976e+03	2.705e-22	1.0000e+01	9.7229e+00	1.8369e-08	8.3909e-02	9.1609e-01	3.5393e-01	6.4602e-01	4.5228e-05	1.6015e-12	1.7063e-02	8.9595e-01	8.6983e-02	4.6761e-07	1.0354e-01	8.9359e-01	2.8655e-03	1.1755e-36	1.1755e-36	1.1755e-36	6.3698e-20	0.00e+00	0.00e+00	1.3175e+00
3.17182e+17	4.6202e+03	2.696e-22	1.0000e+01	9.6684e+00	2.0485e-08	8.8937e-02	9.1106e-01	3.6583e-01	6.3413e-01	4.3413e-05	1.8904e-12	1.7595e-02	8.9935e-01	8.3055e-02	4.1559e-07	1.0965e-01	8.8775e-01	2.6002e-03	1.1755e-36	1.1755e-36	1.1755e-36	8.2051e-20	0.00e+00	0.00e+00	1.4665e+00
3.43298e+17	4.6532e+03	2.685e-22	1.0000e+01	9.5971e+00	2.2598e-08	9.4325e-02	9.0567e-01	3.7782e-01	6.2213e-01	4.1738e-05	2.2323e-12	1.8111e-02	9.0251e-01	7.9376e-02	3.6932e-07	1.1616e-01	8.8148e-01	2.3538e-03	1.1755e-36	1.1755e-36	1.1755e-36	1.0545e-19	0.00e+00	0.00e+00	1.6196e+00
3.69885e+17	4.6915e+03	2.679e-22	1.0000e+01	9.5303e+00	2.5178e-08	1.0077e-01	8.9923e-01	3.9121e-01	6.0875e-01	3.9989e-05	2.6957e-12	1.8687e-02	9.0585e-01	7.5461e-02	3.2366e-07	1.2392e-01	8.7397e-01	2.1065e-03	1.1755e-36	1.1755e-36	1.1755e-36	1.4008e-19	0.00e+00	0.00e+00	1.7945e+00
3.97031e+17	4.7393e+03	2.671e-22	1.0000e+01	9.4471e+00	2.8011e-08	1.0812e-01	8.9188e-01	4.0534e-01	5.9462e-01	3.8309e-05	3.2931e-12	1.9270e-02	9.0913e-01	7.1600e-02	2.8155e-07	1.3274e-01	8.6539e-01	1.8695e-03	1.1755e-36	1.1755e-36	1.1755e-36	1.8898e-19	0.00e+00	0.00e+00	1.9775e+00
4.23693e+17	4.7927e+03	2.661e-22	1.0000e+01	9.3530e+00	3.1173e-08	1.1636e-01	8.8364e-01	4.2009e-01	5.7987e-01	3.6687e-05	4.0611e-12	1.9846e-02	9.1233e-01	6.7828e-02	2.4352e-07	1.4258e-01	8.5577e-01	1.6489e-03	1.1755e-36	1.1755e-36	1.1755e-36	2.5820e-19	0.00e+00	0.00e+00	2.1723e+00
4.50020e+17	4.8507e+03	2.650e-22	1.0000e+01	9.2482e+00	3.4779e-08	1.2567e-01	8.7433e-01	4.3552e-01	5.6445e-01	3.5111e-05	5.0640e-12	2.0409e-02	9.1546e-01	6.4127e-02	2.0926e-07	1.5363e-01	8.4492e-01	1.4445e-03	1.1755e-36	1.1755e-36	1.1755e-36	3.5832e-19	0.00e+00	0.00e+00	2.3798e+00
4.75696e+17	4.9118e+03	2.637e-22	1.0000e+01	9.1318e+00	3.8879e-08	1.3604e-01	8.6396e-01	4.5138e-01	5.4859e-01	3.3609e-05	6.3663e-12	2.0942e-02	9.1850e-01	6.0561e-02	1.7904e-07	1.6588e-01	8.3287e-01	1.2588e-03	1.1755e-36	1.1755e-36	1.1755e-36	5.0311e-19	0.00e+00	0.00e+00	2.5964e+00
5.00254e+17	4.9748e+03	2.618e-22	1.0000e+01	8.9975e+00	4.3363e-08	1.4722e-01	8.5278e-01	4.6721e-01	5.3276e-01	3.2224e-05	8.0060e-12	2.1403e-02	9.2135e-01	5.7245e-02	1.5330e-07	1.7900e-01	8.1991e-01	1.0954e-03	1.1755e-36	1.1755e-36	1.1755e-36	7.0623e-19	0.00e+00	0.00e+00	2.8186e+00
5.23766e+17	5.0342e+03	2.598e-22	1.0000e+01	8.8601e+00	4.8737e-08	1.5955e-01	8.4045e-01	4.8336e-01	5.1661e-01	3.0879e-05	1.0041e-11	2.1827e-02	9.2415e-01	5.4027e-02	1.3079e-07	1.9337e-01	8.0568e-01	9.4993e-04	1.1755e-36	1.1755e-36	1.1755e-36	9.8444e-19	0.00e+00	0.00e+00	3.0516e+00
5.45810e+17	5.0923e+03	2.576e-22	1.0000e+01	8.7230e+00	5.4752e-08	1.7269e-01	8.2731e-01	4.9909e-01	5.0088e-01	2.9652e-05	1.2486e-11	2.2193e-02	9.2678e-01	5.1030e-02	1.1755e-36	2.0861e-01	7.9056e-01	8.2439e-04	1.1755e-36	1.1755e-36	1.1755e-36	1.3520e-18	0.00e+00	0.00e+00	3.2802e+00
5.65835e+17	5.1368e+03	2.552e-22	1.0000e+01	8.5781e+00	6.2009e-08	1.8622e-01	8.1378e-01	5.1421e-01	4.8576e-01	2.8517e-05	1.5501e-11	2.2472e-02	9.2920e-01	4.8323e-02	1.1755e-36	2.2419e-01	7.7509e-01	7.1967e-04	1.1755e-36	1.1755e-36	1.1755e-36	1.8639e-18	0.00e+00	0.00e+00	3.5046e+00
5.83530e+17	5.1818e+03	2.523e-22	1.0000e+01	8.4346e+00	6.9045e-08	1.9926e-01	8.0074e-01	5.2769e-01	4.7228e-01	2.7583e-05	1.8810e-11	2.2657e-02	9.3132e-01	4.6026e-02	1.1755e-36	2.3912e-01	7.6025e-01	6.3524e-04	1.1755e-36	1.1755e-36	1.1755e-36	2.4804e-18	0.00e+00	0.00e+00	3.7098e+00
5.99685e+17	5.2204e+03	2.487e-22	1.0000e+01	8.2790e+00	7.6619e-08	2.1213e-01	7.8787e-01	5.4055e-01	4.5943e-01	2.6720e-05	2.2588e-11	2.2751e-02	9.3327e-01	4.3976e-02	1.1755e-36	2.5373e-01	7.4570e-01	5.6443e-04	1.1755e-36	1.1755e-36	1.1755e-36	3.2543e-18	0.00e+00	0.00e+00	3.9242e+00
6.15781e+17	5.2513e+03	2.450e-22	1.0000e+01	8.1244e+00	8.6441e-08	2.2645e-01	7.7355e-01	5.5388e-01	4.4609e-01	2.5837e-05	2.7602e-11	2.2827e-02	9.3530e-01	4.1876e-02	1.1755e-36	2.6992e-01	7.2959e-01	4.9854e-04	1.1755e-36	1.1755e-36	1.1755e-36	4.4067e-18	0.00e+00	0.00e+00	4.1556e+00
6.30998e+17	5.2787e+03	2.410e-22	1.0000e+01	7.9668e+00	9.7428e-08	2.4112e-01	7.5888e-01	5.6655e-01	4.3342e-01	2.5047e-05	3.3600e-11	2.2844e-02	9.3720e-01	3.9956e-02	1.1755e-36	2.8637e-01	7.1319e-01	4.4175e-04	1.1755e-36	1.1755e-36	1.1755e-36	5.9473e-18	0.00e+00	0.00e+00	4.3725e+00
6.44439e+17	5.2989e+03	2.369e-22	1.0000e+01	7.8167e+00	1.0918e-07	2.5514e-01	7.4486e-01	5.7800e-01	4.2198e-01	2.4358e-05	4.0342e-11	2.2812e-02	9.3891e-01	3.8279e-02	1.1755e-36	3.0199e-01	6.9762e-01	3.9545e-04	1.1755e-36	1.1755e-36	1.1755e-36	7.8812e-18	0.00e+00	0.00e+00	4.5761e+00
6.56623e+17	5.3131e+03	2.328e-22	1.0000e+01	7.6714e+00	1.2199e-07	2.6875e-01	7.3125e-01	5.8860e-01	4.1138e-01	2.3734e-05	4.8014e-11	2.2742e-02	9.4049e-01	3.6772e-02	1.1755e-36	3.1706e-01	6.8258e-01	3.5651e-04	1.1755e-36	1.1755e-36	1.1755e-36	1.0330e-17	0.00e+00	0.00e+00	4.7752e+00
6.68080e+17	5.3224e+03	2.285e-22	1.0000e+01	7.5266e+00	1.3630e-07	2.8235e-01	7.1765e-01	5.9873e-01	4.0125e-01	2.3153e-05	5.6972e-11	2.2638e-02	9.4199e-01	3.5371e-02	1.1755e-36	3.3203e-01	6.6765e-01	3.2250e-04	1.1755e-36	1.1755e-36	1.1755e-36	1.3506e-17	0.00e+00	0.00e+00	4.9745e+00
6.78994e+17	5.3320e+03	2.239e-22	1.0000e+01	7.3811e+00	1.5150e-07	2.9592e-01	7.0408e-01	6.0835e-01	3.9163e-01	2.2629e-05	6.7180e-11	2.2497e-02	9.4343e-01	3.4074e-02	1.1755e-36	3.4685e-01	6.5286e-01	2.9251e-04	1.1755e-36	1.1755e-36	1.1755e-36	1.7491e-17	0.00e+00	0.00e+00	5.1735e+00
6.89624e+17	5.3279e+03	2.192e-22	1.0000e+01	7.2317e+00	1.7114e-07	3.1016e-01	6.8984e-01	6.1813e-01	3.8185e-01	2.2081e-05	8.0278e-11	2.2333e-02	9.4488e-01	3.2787e-02	1.1755e-36	3.6232e-01	6.3741e-01	2.6514e-04	1.1755e-36	1.1755e-36	1.1755e-36	2.3271e-17	0.00e+00	0.00e+00	5.3813e+00
6.99554e+17	5.3193e+03	2.147e-22	1.0000e+01	7.0951e+00	1.9341e-07	3.2437e-01	6.7563e-01	6.2736e-01	3.7262e-01	2.1565e-05	9.5810e-11	2.2173e-02	9.4625e-01	3.1582e-02	1.1755e-36	3.7766e-01	6.2210e-01	2.4126e-04	1.1755e-36	1.1755e-36	1.1755e-36	3.0981e-17	0.00e+00	0.00e+00	5.5708e+00
7.08194e+17	5.3149e+03	2.102e-22	1.0000e+01	6.9613e+00	2.1388e-07	3.3679e-01	6.6321e-01	6.3506e-01	3.6492e-01	2.1181e-05	1.1114e-10	2.1973e-02	9.4742e-01	3.0611e-02	1.1755e-36	3.9098e-01	6.0880e-01	2.2226e-04	1.1755e-36	1.1755e-36	1.1755e-36	3.9372e-17	0.00e+00	0.00e+00	5.7416e+00
7.16406e+17	5.3054e+03	2.057e-22	1.0000e+01	6.8301e+00	2.3723e-07	3.4921e-01	6.5079e-01	6.4268e-01	3.5730e-01	2.0790e-05	1.2918e-10	2.1764e-02	9.4857e-01	2.9669e-02	1.1755e-36	4.0423e-01	5.9556e-01	2.0503e-04	1.1755e-36	1.1755e-36	1.1755e-36	5.0274e-17	0.00e+00	0.00e+00	5.9266e+00
7.24863e+17	5.2916e+03	2.008e-22	1.0000e+01	6.6923e+00	2.6540e-07	3.6252e-01	6.3748e-01	6.5059e-01	3.4939e-01	2.0387e-05	1.5182e-10	2.1531e-02	9.4976e-01	2.8709e-02	1.1755e-36	4.1834e-01	5.8147e-01	1.8842e-04	1.1755e-36	1.1755e-36	1.1755e-36	6.5463e-17	0.00e+00	0.00e+00	6.1217e+00
7.33140e+17	5.2740e+03	1.959e-22	1.0000e+01	6.5521e+00	2.9763e-07	3.7593e-01	6.2406e-01	6.5827e-01	3.4171e-01	2.0006e-05	1.7877e-10	2.1276e-02	9.5093e-01	2.7795e-02	1.1755e-36	4.3249e-01	5.6734e-01	1.7332e-04	1.1755e-36	1.1755e-36	1.1755e-36	8.5679e-17	0.00e+00	0.00e+00	6.3123e+00
7.40864e+17	5.2547e+03	1.910e-22	1.0000e+01	6.4157e+00	3.3229e-07	3.8876e-01	6.1124e-01	6.6537e-01	3.3461e-01	1.9669e-05	2.0903e-10	2.1011e-02	9.5202e-01	2.6965e-02	1.1755e-36	4.4593e-01	5.5391e-01	1.6019e-04	1.1755e-36	1.1755e-36	1.1755e-36	1.1100e-16	0.00e+00	0.00e+00	6.4944e+00
7.48127e+17	5.2339e+03	1.863e-22	1.0000e+01	6.2842e+00	3.6981e-07	4.0117e-01	5.9883e-01	6.7206e-01	3.2792e-01	1.9356e-05	2.4329e-10	2.0744e-02	9.5306e-01	2.6194e-02	1.1755e-36	4.5885e-01	5.4100e-01	1.4857e-04	1.1755e-36	1.1755e-36	1.1755e-36	1.4282e-16	0.00e+00	0.00e+00	6.6745e+00
7.55185e+17	5.2102e+03	1.815e-22	1.0000e+01	6.1543e+00	4.1224e-07	4.1359e-01	5.8641e-01	6.7861e-01	3.2137e-01	1.9049e-05	2.8367e-10	2.0470e-02	9.5408e-01	2.5449e-02	1.1755e-36	4.7173e-01	5.2814e-01	1.3791e-04	1.1755e-36	1.1755e-36	1.1755e-36	1.8451e-16	0.00e+00	0.00e+00	6.8575e+00
7.62094e+17	5.1831e+03	1.768e-22	1.0000e+01	6.0246e+00	4.6071e-07	4.2606e-01	5.7394e-01	6.8504e-01	3.1495e-01	1.8751e-05	3.3166e-10	2.0187e-02	9.5508e-01	2.4730e-02	1.1755e-36	4.8458e-01	5.1529e-01	1.2809e-04	1.1755e-36	1.1755e-36	1.1755e-36	2.3975e-16	0.00e+00	0.00e+00	7.0407e+00
7.68734e+17	5.1536e+03	1.721e-22	1.0000e+01	5.8967e+00	5.1467e-07	4.3828e-01	5.6172e-01	6.9116e-01	3.0882e-01	1.8473e-05	3.8731e-10	1.9899e-02	9.5605e-01	2.4053e-02	1.1755e-36	4.9710e-01	5.0278e-01	1.1925e-04	1.1755e-36	1.1755e-36	1.1755e-36	3.1128e-16	0.00e+00	0.00e+00	7.2198e+00
7.75057e+17	5.1231e+03	1.675e-22	1.0000e+01	5.7722e+00	5.7343e-07	4.5010e-01	5.4990e-01	6.9695e-01	3.0303e-01	1.8216e-05	4.5064e-10	1.9609e-02	9.5697e-01	2.3422e-02	1.1755e-36	5.0915e-01	4.9074e-01	1.1132e-04	1.1755e-36	1.1755e-36	1.1755e-36	4.0196e-16	0.00e+00	0.00e+00	7.3952e+00
7.81155e+17	5.0911e+03	1.630e-22	1.0000e+01	5.6506e+00	6.3842e-07	4.6171e-01	5.3829e-01	7.0253e-01	2.9745e-01	1.7971e-05	5.2384e-10	1.9320e-02	9.5786e-01	2.2819e-02	1.1755e-36	5.2092e-01	4.7897e-01	1.0408e-04	1.1755e-36	1.1755e-36	1.1755e-36	5.1855e-16	0.00e+00	0.00e+00	7.5708e+00
7.87126e+17	5.0570e+03	1.586e-22	1.0000e+01	5.5302e+00	7.1154e-07	4.7328e-01	5.2672e-01	7.0800e-01	2.9198e-01	1.7732e-05	6.0986e-10	1.9027e-02	9.5874e-01	2.2236e-02	1.1755e-36	5.3259e-01	4.6731e-01	9.7379e-05	1.1755e-36	1.1755e-36	1.1755e-36	6.7108e-16	0.00e+00	0.00e+00	7.7477e+00
7.92963e+17	5.0203e+03	1.542e-22	1.0000e+01	5.4109e+00	7.9420e-07	4.8476e-01	5.1523e-01	7.1333e-01	2.8665e-01	1.7500e-05	7.1123e-10	1.8732e-02	9.5959e-01	2.1675e-02	1.1755e-36	5.4413e-01	4.5578e-01	9.1187e-05	1.1755e-36	1.1755e-36	1.1755e-36	8.7174e-16	0.00e+00	0.00e+00	7.9239e+00
7.98609e+17	4.9812e+03	1.499e-22	1.0000e+01	5.2938e+00	8.8668e-07	4.9602e-01	5.0398e-01	7.1846e-01	2.8152e-01	1.7279e-05	8.2117e-10	1.8437e-02	9.6043e-01	2.1135e-02	1.1755e-36	5.5537e-01	4.4454e-01	8.5534e-05	1.1755e-36	1.1755e-36	1.1755e-36	1.1145e-15	0.00e+00	0.00e+00	8.0972e+00
8.04027e+17	4.9405e+03	1.457e-22	1.0000e+01	5.1796e+00	9.8855e-07	5.0694e-01	4.9306e-01	7.2335e-01	2.7663e-01	1.7071e-05	9.3487e-10	1.8144e-02	9.6124e-01	2.0620e-02	1.1755e-36	5.6623e-01	4.3369e-01	8.0403e-05	1.1755e-36	1.1755e-36	1.1755e-36	1.3928e-15	0.00e+00	0.00e+00	8.2670e+00
8.09254e+17	4.8992e+03	1.417e-22	1.0000e+01	5.0684e+00	1.1003e-06	5.1756e-01	4.8244e-01	7.2804e-01	2.7194e-01	1.6874e-05	1.0611e-09	1.7855e-02	9.6202e-01	2.0129e-02	1.1755e-36	5.7675e-01	4.2318e-01	7.5709e-05	1.1755e-36	1.1755e-36	1.1755e-36	1.7326e-15	0.00e+00	0.00e+00	8.4352e+00
8.14362e+17	4.8567e+03	1.377e-22	1.0000e+01	4.9592e+00	1.2243e-06	5.2805e-01	4.7195e-01	7.3261e-01	2.6737e-01	1.6683e-05	1.2028e-09	1.7567e-02	9.6278e-01	1.9654e-02	1.1755e-36	5.8707e-01	4.1285e-01	7.1345e-05	1.1755e-36	1.1755e-36	1.1755e-36	2.1516e-15	0.00e+00	0.00e+00	8.6042e+00
8.19398e+17	4.8127e+03	1.338e-22	1.0000e+01	4.8512e+00	1.3632e-06	5.3847e-01	4.6153e-01	7.3710e-01	2.6288e-01	1.6495e-05	1.3631e-09	1.7279e-02	9.6353e-01	1.9191e-02	1.1755e-36	5.9730e-01	4.0264e-01	6.7256e-05	1.1755e-36	1.1755e-36	1.1755e-36	2.6721e-15	0.00e+00	0.00e+00	8.7743e+00
8.24356e+17	4.7663e+03	1.299e-22	1.0000e+01	4.7442e+00	1.5198e-06	5.4882e-01	4.5118e-01	7.4151e-01	2.5847e-01	1.6310e-05	1.5445e-09	1.6992e-02	9.6427e-01	1.8740e-02	1.1755e-36	6.0740e-01	3.9253e-01	6.3433e-05	1.1755e-36	1.1755e-36	1.1755e-36	3.3200e-15	0.00e+00	0.00e+00	8.9446e+00
8.29195e+17	4.7176e+03	1.262e-22	1.0000e+01	4.6388e+00	1.6954e-06	5.5899e-01	4.4101e-01	7.4579e-01	2.5419e-01	1.6131e-05	1.7476e-09	1.6706e-02	9.6499e-01	1.8304e-02	1.1755e-36	6.1729e-01	3.8265e-01	5.9892e-05	1.1755e-36	1.1755e-36	1.1755e-36	4.1185e-15	0.00e+00	0.00e+00	9.1128e+00
8.33879e+17	4.6684e+03	1.226e-22	1.0000e+01	4.5358e+00	1.8872e-06	5.6884e-01	4.3115e-01	7.4988e-01	2.5010e-01	1.5963e-05	1.9701e-09	1.6424e-02	9.6569e-01	1.7890e-02	1.1755e-36	6.2683e-01	3.7311e-01	5.6642e-05	1.1755e-36	1.1755e-36	1.1755e-36	5.0785e-15	0.00e+00	0.00e+00	9.2781e+00
8.38444e+17	4.6195e+03	1.190e-22	1.0000e+01	4.4356e+00	2.0951e-06	5.7847e-01	4.2153e-01	7.5385e-01	2.4614e-01	1.5801e-05	2.2138e-09	1.6147e-02	9.6636e-01	1.7492e-02	1.1755e-36	6.3611e-01	3.6384e-01	5.3621e-05	1.1755e-36	1.1755e-36	1.1755e-36	6.2275e-15	0.00e+00	0.00e+00	9.4434e+00
8.42989e+17	4.5696e+03	1.156e-22	1.0000e+01	4.3365e+00	2.3256e-06	5.8809e-01	4.1191e-01	7.5781e-01	2.4217e-01	1.5636e-05	2.4869e-09	1.5871e-02	9.6703e-01	1.7098e-02	1.1755e-36	6.4534e-01	3.5460e-01	5.0745e-05	1.1755e-36	1.1755e-36	1.1755e-36	7.6307e-15	0.00e+00	0.00e+00	9.6129e+00
8.47572e+17	4.5148e+03	1.120e-22	1.0000e+01	4.2301e+00	2.5878e-06	5.9756e-01	4.0244e-01	7.6160e-01	2.3839e-01	1.5500e-05	2.7892e-09	1.5570e-02	9.6771e-01	1.6721e-02	1.1755e-36	6.5440e-01	3.4555e-01	4.8049e-05	1.1755e-36	1.1755e-36	1.1755e-36	9.3378e-15	0.00e+00	0.00e+00	9.7866e+00
8.52147e+17	4.4621e+03	1.086e-22	1.0000e+01	4.1329e+00	2.8744e-06	6.0733e-01	3.9267e-01	7.6557e-01	2.3441e-01	1.5331e-05	3.1337e-09	1.5297e-02	9.6837e-01	1.6332e-02	1.1755e-36	6.6370e-01	3.3625e-01	4.5411e-05	1.1755e-36	1.1755e-36	1.1755e-36	1.1443e-14	0.00e+00	0.00e+00	9.9609e+00
8.56698e+17	4.4045e+03	1.052e-22	1.0000e+01	4.0339e+00	3.2010e-06	6.1706e-01	3.8294e-01	7.6948e-01	2.3050e-01	1.5165e-05	3.5184e-09	1.5018e-02	9.6903e-01	1.5949e-02	1.1755e-36	6.7293e-01	3.2703e-01	4.2924e-05	1.1755e-36	1.1755e-36	1.1755e-36	1.4018e-14	0.00e+00	0.00e+00	1.0138e+01
8.61210e+17	4.3408e+03	1.018e-22	1.0000e+01	3.9340e+00	3.5764e-06	6.2676e-01	3.7323e-01	7.7337e-01	2.2662e-01	1.4997e-05	3.9472e-09	1.4738e-02	9.6969e-01	1.5571e-02	1.1755e-36	6.8211e-01	3.1785e-01	4.0587e-05	1.1755e-36	1.1755e-36	1.1755e-36	1.7162e-14	0.00e+00	0.00e+00	1.0315e+01
8.65571e+17	4.2807e+03	9.865e-23	1.0000e+01	3.8383e+00	3.9604e-06	6.3602e-01	3.6398e-01	7.7701e-01	2.2298e-01	1.4847e-05	4.3905e-09	1.4467e-02	9.7032e-01	1.5218e-02	1.1755e-36	6.9081e-01	3.0915e-01	3.8448e-05	1.1755e-36	1.1755e-36	1.1755e-36	2.0684e-14	0.00e+00	0.00e+00	1.0486e+01
8.69894e+17	4.2183e+03	9.552e-23	1.0000e+01	3.7438e+00	4.3807e-06	6.4524e-01	3.5475e-01	7.8067e-01	2.1931e-01	1.4689e-05	4.8709e-09	1.4199e-02	9.7093e-01	1.4866e-02	1.1755e-36	6.9946e-01	3.0050e-01	3.6411e-05	1.1755e-36	1.1755e-36	1.1755e-36	2.4801e-14	0.00e+00	0.00e+00	1.0665e+01
8.74375e+17	4.1559e+03	9.227e-23	1.0000e+01	3.6436e+00	4.8230e-06	6.5445e-01	3.4555e-01	7.8422e-01	2.1576e-01	1.4561e-05	5.3777e-09	1.3909e-02	9.7157e-01	1.4524e-02	1.1755e-36	7.0806e-01	2.9191e-01	3.4439e-05	1.1755e-36	1.1755e-36	1.1755e-36	2.9464e-14	0.00e+00	0.00e+00	1.0854e+01
8.79156e+17	4.0781e+03	8.891e-23	1.0000e+01	3.5382e+00	5.3795e-06	6.6467e-01	3.3532e-01	7.8829e-01	2.1169e-01	1.4378e-05	5.9837e-09	1.3614e-02	9.7225e-01	1.4139e-02	1.1755e-36	7.1758e-01	2.8239e-01	3.2397e-05	1.1755e-36	1.1755e-36	1.1755e-36	3.5469e-14	0.00e+00	0.00e+00	1.1063e+01
8.84061e+17	4.0060e+03	8.550e-23	1.0000e+01	3.4322e+00	5.9306e-06	6.7476e-01	3.2523e-01	7.9214e-01	2.0785e-01	1.4230e-05	6.6000e-09	1.3308e-02	9.7292e-01	1.3776e-02	1.1755e-36	7.2691e-01	2.7305e-01	3.0450e-05	1.1755e-36	1.1755e-36	1.1755e-36	4.1979e-14	0.00e+00	0.00e+00	1.1269e+01
8.89066e+17	3.9206e+03	8.211e-23	1.0000e+01	3.3253e+00	6.5781e-06	6.8557e-01	3.1442e-01	7.9639e-01	2.0359e-01	1.4029e-05	7.2840e-09	1.3013e-02	9.7361e-01	1.3382e-02	1.1755e-36	7.3689e-01	2.6309e-01	2.8506e-05	1.1755e-36	1.1755e-36	1.1755e-36	4.9663e-14	0.00e+00	0.00e+00	1.1493e+01
