#depth	Te	Htot	hden	eden	2H_2/H	HI	HII	HeI	HeII	HeIII	CO/C	C1	C2	C3	C4	O1	O2	O3	O4	O5	O6	H2O/O	AV(point)	AV(extend)	Tau912
1.48559e+11	8.4020e+03	3.448e-15	3.5938e+04	3.8527e+04	4.6145e-14	1.0613e-02	9.8939e-01	5.5665e-02	9.4380e-01	5.3151e-04	4.7448e-15	1.6725e-03	5.1942e-01	4.7884e-01	6.8170e-05	1.1559e-02	9.0499e-01	8.3444e-02	5.8478e-06	1.1755e-36	1.1755e-36	3.5291e-23	0.00e+00	0.00e+00	7.1559e-04
8.91357e+11	8.3966e+03	3.442e-15	3.5938e+04	3.8502e+04	4.6200e-14	1.0600e-02	9.8940e-01	5.5656e-02	9.4381e-01	5.3116e-04	4.7301e-15	1.6674e-03	5.1941e-01	4.7886e-01	6.8355e-05	1.1545e-02	9.0495e-01	8.3505e-02	5.8343e-06	1.1755e-36	1.1755e-36	3.5110e-23	0.00e+00	0.00e+00	3.5745e-03
3.86255e+12	8.3840e+03	3.430e-15	3.5938e+04	3.8496e+04	4.6437e-14	1.0593e-02	9.8941e-01	5.5775e-02	9.4370e-01	5.2715e-04	4.7300e-15	1.6645e-03	5.2002e-01	4.7824e-01	6.8075e-05	1.1542e-02	9.0512e-01	8.3331e-02	5.7407e-06	1.1755e-36	1.1755e-36	3.5008e-23	0.00e+00	0.00e+00	1.5003e-02
1.57473e+13	8.3608e+03	3.394e-15	3.5938e+04	3.8491e+04	4.7135e-14	1.0612e-02	9.8939e-01	5.6327e-02	9.4317e-01	5.0798e-04	4.7786e-15	1.6710e-03	5.2275e-01	4.7552e-01	6.6734e-05	1.1584e-02	9.0609e-01	8.2318e-02	5.3443e-06	1.1755e-36	1.1755e-36	3.5172e-23	0.00e+00	0.00e+00	6.0800e-02
3.76153e+13	8.2630e+03	3.275e-15	3.5938e+04	3.8497e+04	4.7226e-14	1.0373e-02	9.8963e-01	5.6608e-02	9.4290e-01	4.9249e-04	4.5740e-15	1.6537e-03	5.2472e-01	4.7356e-01	6.6014e-05	1.1342e-02	9.0645e-01	8.2199e-02	4.9840e-06	1.1755e-36	1.1755e-36	3.2519e-23	0.00e+00	0.00e+00	1.1899e-01
6.60436e+13	8.1687e+03	3.169e-15	3.5938e+04	3.8501e+04	4.8279e-14	1.0249e-02	9.8975e-01	5.7357e-02	9.4218e-01	4.5981e-04	4.4937e-15	1.6565e-03	5.2877e-01	4.6951e-01	6.4048e-05	1.1241e-02	9.0772e-01	8.1030e-02	4.4258e-06	1.1755e-36	1.1755e-36	3.1052e-23	0.00e+00	0.00e+00	1.9374e-01
1.03000e+14	8.0734e+03	3.068e-15	3.5938e+04	3.8498e+04	5.0439e-14	1.0232e-02	9.8977e-01	5.8697e-02	9.4089e-01	4.1117e-04	4.5302e-15	1.6777e-03	5.3533e-01	4.6293e-01	6.0830e-05	1.1275e-02	9.1000e-01	7.8725e-02	3.7053e-06	1.1755e-36	1.1755e-36	3.0571e-23	0.00e+00	0.00e+00	2.9075e-01
1.51044e+14	7.9763e+03	2.973e-15	3.5938e+04	3.8489e+04	5.4195e-14	1.0355e-02	9.8964e-01	6.0887e-02	9.3876e-01	3.4781e-04	4.7223e-15	1.7227e-03	5.4534e-01	4.5288e-01	5.6213e-05	1.1485e-02	9.1350e-01	7.5011e-02	2.8703e-06	1.1755e-36	1.1755e-36	3.1299e-23	0.00e+00	0.00e+00	4.1838e-01
2.13501e+14	7.8796e+03	2.887e-15	3.5938e+04	3.8468e+04	6.0537e-14	1.0685e-02	9.8931e-01	6.4417e-02	9.3531e-01	2.7372e-04	5.1658e-15	1.8031e-03	5.6030e-01	4.3784e-01	5.0075e-05	1.1956e-02	9.1854e-01	6.9507e-02	2.0015e-06	1.1755e-36	1.1755e-36	3.3943e-23	0.00e+00	0.00e+00	5.8959e-01
2.94696e+14	7.7866e+03	2.816e-15	3.5938e+04	3.8429e+04	7.1618e-14	1.1358e-02	9.8864e-01	7.0216e-02	9.2959e-01	1.9625e-04	6.0778e-15	1.9392e-03	5.8262e-01	4.1540e-01	4.2339e-05	1.2857e-02	9.2539e-01	6.1753e-02	1.2063e-06	1.1755e-36	1.1755e-36	4.0226e-23	0.00e+00	0.00e+00	8.2619e-01
3.98499e+14	7.6996e+03	2.772e-15	3.5938e+04	3.8378e+04	9.2499e-14	1.2629e-02	9.8737e-01	8.0068e-02	9.1981e-01	1.2586e-04	7.9833e-15	2.1648e-03	6.1555e-01	3.8225e-01	3.3167e-05	1.4505e-02	9.3400e-01	5.1491e-02	5.9823e-07	1.1755e-36	1.1755e-36	5.4730e-23	0.00e+00	0.00e+00	1.1582e+00
5.02565e+14	7.6426e+03	2.753e-15	3.5938e+04	3.8265e+04	1.2258e-13	1.4355e-02	9.8564e-01	9.2908e-02	9.0701e-01	7.9770e-05	1.0934e-14	2.4344e-03	6.5170e-01	3.4584e-01	2.5246e-05	1.6710e-02	9.4161e-01	4.1683e-02	2.8443e-07	1.1755e-36	1.1755e-36	7.9140e-23	0.00e+00	0.00e+00	1.4589e+00
5.83548e+14	7.6242e+03	2.773e-15	3.5938e+04	3.8135e+04	1.6060e-13	1.6375e-02	9.8362e-01	1.0713e-01	8.9281e-01	5.5512e-05	1.5038e-14	2.7086e-03	6.8471e-01	3.1256e-01	1.9447e-05	1.9257e-02	9.4682e-01	3.3920e-02	1.4914e-07	1.1755e-36	1.1755e-36	1.1672e-22	0.00e+00	0.00e+00	1.7178e+00
6.48675e+14	7.6220e+03	2.810e-15	3.5938e+04	3.8003e+04	2.0862e-13	1.8656e-02	9.8134e-01	1.2280e-01	8.7716e-01	4.1220e-05	2.0607e-14	2.9799e-03	7.1472e-01	2.8228e-01	1.5072e-05	2.2114e-02	9.5017e-01	2.7718e-02	1.1755e-36	1.1755e-36	1.1755e-36	1.7283e-22	0.00e+00	0.00e+00	1.9743e+00
7.07824e+14	7.6271e+03	2.857e-15	3.5938e+04	3.7838e+04	2.7477e-13	2.1422e-02	9.7858e-01	1.4155e-01	8.5842e-01	3.1222e-05	2.8748e-14	3.2654e-03	7.4425e-01	2.5248e-01	1.1466e-05	2.5566e-02	9.5210e-01	2.2333e-02	1.1755e-36	1.1755e-36	1.1755e-36	2.6301e-22	0.00e+00	0.00e+00	2.2548e+00
7.63475e+14	7.6392e+03	2.917e-15	3.5938e+04	3.7699e+04	3.7136e-13	2.4942e-02	9.7506e-01	1.6500e-01	8.3497e-01	2.3948e-05	4.1493e-14	3.5778e-03	7.7407e-01	2.2234e-01	8.4403e-06	2.9941e-02	9.5249e-01	1.7572e-02	1.1755e-36	1.1755e-36	1.1755e-36	4.2041e-22	0.00e+00	0.00e+00	2.5582e+00
8.13286e+14	7.6581e+03	2.976e-15	3.5938e+04	3.7424e+04	5.0363e-13	2.9139e-02	9.7086e-01	1.9237e-01	8.0761e-01	1.8691e-05	6.0054e-14	3.8741e-03	8.0171e-01	1.9440e-01	6.1256e-06	3.5142e-02	9.5118e-01	1.3677e-02	1.1755e-36	1.1755e-36	1.1755e-36	6.7475e-22	0.00e+00	0.00e+00	2.8625e+00
8.56182e+14	7.6790e+03	3.039e-15	3.5938e+04	3.7173e+04	6.8397e-13	3.4048e-02	9.6595e-01	2.2346e-01	7.7653e-01	1.4951e-05	8.7180e-14	4.1577e-03	8.2661e-01	1.6923e-01	4.4096e-06	4.1203e-02	9.4819e-01	1.0605e-02	1.1755e-36	1.1755e-36	1.1755e-36	1.0909e-21	0.00e+00	0.00e+00	3.1699e+00
8.93402e+14	7.7041e+03	3.100e-15	3.5938e+04	3.6926e+04	9.2744e-13	3.9747e-02	9.6025e-01	2.5814e-01	7.4184e-01	1.2179e-05	1.2671e-13	4.4222e-03	8.4872e-01	1.4686e-01	3.1555e-06	4.8213e-02	9.4359e-01	8.1990e-03	1.1755e-36	1.1755e-36	1.1755e-36	1.7709e-21	0.00e+00	0.00e+00	3.4826e+00
9.26042e+14	7.7238e+03	3.155e-15	3.5938e+04	3.6600e+04	1.2582e-12	4.6324e-02	9.5368e-01	2.9624e-01	7.0375e-01	1.0030e-05	1.8339e-13	4.6538e-03	8.6809e-01	1.2726e-01	2.2499e-06	5.6275e-02	9.3740e-01	6.3260e-03	1.1755e-36	1.1755e-36	1.1755e-36	2.8520e-21	0.00e+00	0.00e+00	3.8044e+00
9.55168e+14	7.7517e+03	3.191e-15	3.5938e+04	3.6105e+04	1.6889e-12	5.3791e-02	9.4621e-01	3.3720e-01	6.6279e-01	8.3014e-06	2.6273e-13	4.8363e-03	8.8480e-01	1.1036e-01	1.6043e-06	6.5395e-02	9.2973e-01	4.8717e-03	1.1755e-36	1.1755e-36	1.1755e-36	4.5157e-21	0.00e+00	0.00e+00	4.1418e+00
9.81939e+14	7.7650e+03	3.239e-15	3.5938e+04	3.5747e+04	2.3408e-12	6.3087e-02	9.3691e-01	3.8369e-01	6.1631e-01	6.8660e-06	3.8974e-13	5.0266e-03	9.0032e-01	9.4656e-02	1.1145e-06	7.6696e-02	9.1962e-01	3.6892e-03	1.1755e-36	1.1755e-36	1.1755e-36	7.4993e-21	0.00e+00	0.00e+00	4.5126e+00
1.00621e+15	7.7946e+03	3.259e-15	3.5938e+04	3.5151e+04	3.1952e-12	7.3747e-02	9.2625e-01	4.3209e-01	5.6791e-01	5.6957e-06	5.7151e-13	5.1530e-03	9.1345e-01	8.1399e-02	7.7550e-07	8.9588e-02	9.0763e-01	2.7839e-03	1.1755e-36	1.1755e-36	1.1755e-36	1.2202e-20	0.00e+00	0.00e+00	4.8915e+00
1.02787e+15	7.8063e+03	3.272e-15	3.5938e+04	3.4550e+04	4.4295e-12	8.6289e-02	9.1371e-01	4.8214e-01	5.1786e-01	4.7231e-06	8.4546e-13	5.2546e-03	9.2479e-01	6.9957e-02	5.3731e-07	1.0467e-01	8.9323e-01	2.0933e-03	1.1755e-36	1.1755e-36	1.1755e-36	2.0067e-20	0.00e+00	0.00e+00	5.2966e+00
1.04772e+15	7.8279e+03	3.259e-15	3.5938e+04	3.3782e+04	6.1134e-12	1.0080e-01	8.9920e-01	5.3265e-01	4.6734e-01	3.8970e-06	1.2491e-12	5.3041e-03	9.3443e-01	6.0263e-02	3.7236e-07	1.2201e-01	8.7643e-01	1.5661e-03	1.1755e-36	1.1755e-36	1.1755e-36	3.2901e-20	0.00e+00	0.00e+00	5.7315e+00
1.06619e+15	7.8349e+03	3.234e-15	3.5938e+04	3.2993e+04	8.6306e-12	1.1844e-01	8.8156e-01	5.8361e-01	4.1639e-01	3.2170e-06	1.8802e-12	5.3318e-03	9.4296e-01	5.1704e-02	2.5454e-07	1.4292e-01	8.5593e-01	1.1563e-03	1.1755e-36	1.1755e-36	1.1755e-36	5.5331e-20	0.00e+00	0.00e+00	6.2134e+00
1.08341e+15	7.8355e+03	3.186e-15	3.5938e+04	3.2097e+04	1.2373e-11	1.3966e-01	8.6034e-01	6.3310e-01	3.6690e-01	2.6552e-06	2.8625e-12	5.3217e-03	9.5036e-01	4.4318e-02	1.7269e-07	1.6784e-01	8.3132e-01	8.4396e-04	1.1755e-36	1.1755e-36	1.1755e-36	9.4746e-20	0.00e+00	0.00e+00	6.7362e+00
1.09919e+15	7.8269e+03	3.107e-15	3.5938e+04	3.1047e+04	1.7879e-11	1.6447e-01	8.3553e-01	6.7921e-01	3.2079e-01	2.1921e-06	4.3511e-12	5.2648e-03	9.5662e-01	3.8119e-02	1.1755e-36	1.9668e-01	8.0271e-01	6.1318e-04	1.1755e-36	1.1755e-36	1.1755e-36	1.6251e-19	0.00e+00	0.00e+00	7.2989e+00
1.11375e+15	7.8051e+03	2.998e-15	3.5938e+04	2.9871e+04	2.6135e-11	1.9352e-01	8.0648e-01	7.2108e-01	2.7892e-01	1.8188e-06	6.6105e-12	5.1675e-03	9.6197e-01	3.2863e-02	1.1755e-36	2.3000e-01	7.6956e-01	4.4290e-04	1.1755e-36	1.1755e-36	1.1755e-36	2.8049e-19	0.00e+00	0.00e+00	7.9150e+00
1.12734e+15	7.7677e+03	2.853e-15	3.5938e+04	2.8534e+04	3.8772e-11	2.2750e-01	7.7250e-01	7.5838e-01	2.4162e-01	1.5206e-06	1.0040e-11	5.0262e-03	9.6660e-01	2.8369e-02	1.1755e-36	2.6843e-01	7.3125e-01	3.1725e-04	1.1755e-36	1.1755e-36	1.1755e-36	4.8823e-19	0.00e+00	0.00e+00	8.5943e+00
1.13954e+15	7.7156e+03	2.680e-15	3.5938e+04	2.7092e+04	5.7297e-11	2.6497e-01	7.3503e-01	7.8945e-01	2.1055e-01	1.2951e-06	1.4918e-11	4.8478e-03	9.7046e-01	2.4691e-02	1.1755e-36	3.1012e-01	6.8965e-01	2.2910e-04	1.1755e-36	1.1755e-36	1.1755e-36	8.3393e-19	0.00e+00	0.00e+00	9.2701e+00
1.14938e+15	7.6565e+03	2.508e-15	3.5938e+04	2.5730e+04	8.0758e-11	3.0088e-01	6.9912e-01	8.1236e-01	1.8763e-01	1.1423e-06	2.0805e-11	4.6624e-03	9.7337e-01	2.1966e-02	1.1755e-36	3.4939e-01	6.5044e-01	1.7287e-04	1.1755e-36	1.1755e-36	1.1755e-36	1.3187e-18	0.00e+00	0.00e+00	9.8465e+00
1.15679e+15	7.5956e+03	2.358e-15	3.5938e+04	2.4595e+04	1.0675e-10	3.3177e-01	6.6823e-01	8.2810e-01	1.7190e-01	1.0441e-06	2.6939e-11	4.4995e-03	9.7547e-01	2.0030e-02	1.1755e-36	3.8267e-01	6.1719e-01	1.3803e-04	1.1755e-36	1.1755e-36	1.1755e-36	1.8940e-18	0.00e+00	0.00e+00	1.0327e+01
1.16275e+15	7.5370e+03	2.223e-15	3.5938e+04	2.3606e+04	1.3518e-10	3.5910e-01	6.4090e-01	8.4010e-01	1.5990e-01	9.7213e-07	3.3303e-11	4.3527e-03	9.7711e-01	1.8539e-02	1.1755e-36	4.1174e-01	5.8815e-01	1.1411e-04	1.1755e-36	1.1755e-36	1.1755e-36	2.5571e-18	0.00e+00	0.00e+00	1.0777e+01
1.16815e+15	7.4767e+03	2.090e-15	3.5938e+04	2.2621e+04	1.6893e-10	3.8557e-01	6.1443e-01	8.5032e-01	1.4968e-01	9.1420e-07	4.0398e-11	4.2012e-03	9.7854e-01	1.7259e-02	1.1755e-36	4.3954e-01	5.6037e-01	9.5427e-05	1.1755e-36	1.1755e-36	1.1755e-36	3.3699e-18	0.00e+00	0.00e+00	1.1239e+01
1.17322e+15	7.4120e+03	1.957e-15	3.5938e+04	2.1626e+04	2.0984e-10	4.1155e-01	5.8845e-01	8.5929e-01	1.4071e-01	8.6610e-07	4.8375e-11	4.0441e-03	9.7982e-01	1.6132e-02	1.1755e-36	4.6651e-01	5.3340e-01	8.0425e-05	1.1755e-36	1.1755e-36	1.1755e-36	4.3699e-18	0.00e+00	0.00e+00	1.1692e+01
1.17775e+15	7.3441e+03	1.837e-15	3.5938e+04	2.0741e+04	2.5723e-10	4.3643e-01	5.6357e-01	8.6683e-01	1.3317e-01	8.2633e-07	5.7072e-11	3.9040e-03	9.8096e-01	1.5138e-02	1.1755e-36	4.9206e-01	5.0787e-01	6.8627e-05	1.1755e-36	1.1755e-36	1.1755e-36	5.5632e-18	0.00e+00	0.00e+00	1.2110e+01
1.18184e+15	7.2783e+03	1.723e-15	3.5938e+04	1.9880e+04	3.1033e-10	4.5952e-01	5.4048e-01	8.7311e-01	1.2689e-01	7.9614e-07	6.6052e-11	3.7639e-03	9.8194e-01	1.4292e-02	1.1755e-36	5.1551e-01	4.8443e-01	5.9297e-05	1.1755e-36	1.1755e-36	1.1755e-36	6.8948e-18	0.00e+00	0.00e+00	1.2522e+01
1.18564e+15	7.2118e+03	1.615e-15	3.5938e+04	1.9062e+04	3.7125e-10	4.8165e-01	5.1835e-01	8.7861e-01	1.2139e-01	7.7105e-07	7.5645e-11	3.6290e-03	9.8284e-01	1.3534e-02	1.1755e-36	5.3776e-01	4.6219e-01	5.1622e-05	1.1755e-36	1.1755e-36	1.1755e-36	8.4278e-18	0.00e+00	0.00e+00	1.2921e+01
1.18916e+15	7.1449e+03	1.515e-15	3.5938e+04	1.8286e+04	4.4049e-10	5.0270e-01	4.9730e-01	8.8341e-01	1.1659e-01	7.5034e-07	8.5755e-11	3.4997e-03	9.8365e-01	1.2854e-02	1.1755e-36	5.5872e-01	4.4123e-01	4.5279e-05	1.1755e-36	1.1755e-36	1.1755e-36	1.0162e-17	0.00e+00	0.00e+00	1.3309e+01
1.19247e+15	7.0784e+03	1.421e-15	3.5938e+04	1.7547e+04	5.1886e-10	5.2279e-01	4.7721e-01	8.8766e-01	1.1234e-01	7.3327e-07	9.6383e-11	3.3750e-03	9.8439e-01	1.2239e-02	1.1755e-36	5.7854e-01	4.2142e-01	3.9958e-05	1.1755e-36	1.1755e-36	1.1755e-36	1.2111e-17	0.00e+00	0.00e+00	1.3690e+01
1.19560e+15	7.0115e+03	1.332e-15	3.5938e+04	1.6828e+04	6.0765e-10	5.4188e-01	4.5812e-01	8.9141e-01	1.0858e-01	7.1984e-07	1.0738e-10	3.2519e-03	9.8507e-01	1.1683e-02	1.1755e-36	5.9722e-01	4.0275e-01	3.5463e-05	1.1755e-36	1.1755e-36	1.1755e-36	1.4255e-17	0.00e+00	0.00e+00	1.4065e+01
1.19816e+15	6.9612e+03	1.262e-15	3.5938e+04	1.6263e+04	6.8708e-10	5.5697e-01	4.4303e-01	8.9418e-01	1.0582e-01	7.1101e-07	1.1682e-10	3.1546e-03	9.8559e-01	1.1259e-02	1.1755e-36	6.1187e-01	3.8810e-01	3.2256e-05	1.1755e-36	1.1755e-36	1.1755e-36	1.6209e-17	0.00e+00	0.00e+00	1.4326e+01
1.20006e+15	6.9112e+03	1.211e-15	3.5938e+04	1.5836e+04	7.6183e-10	5.6886e-01	4.3114e-01	8.9627e-01	1.0373e-01	7.0387e-07	1.2479e-10	3.0813e-03	9.8599e-01	1.0931e-02	1.1755e-36	6.2336e-01	3.7661e-01	2.9960e-05	1.1755e-36	1.1755e-36	1.1755e-36	1.7921e-17	0.00e+00	0.00e+00	1.4551e+01
1.20186e+15	6.8650e+03	1.161e-15	3.5938e+04	1.5422e+04	8.4092e-10	5.8029e-01	4.1971e-01	8.9825e-01	1.0175e-01	6.9750e-07	1.3295e-10	3.0101e-03	9.8637e-01	1.0625e-02	1.1755e-36	6.3431e-01	3.6566e-01	2.7883e-05	1.1755e-36	1.1755e-36	1.1755e-36	1.9750e-17	0.00e+00	0.00e+00	1.4794e+01
1.20379e+15	6.8056e+03	1.109e-15	3.5938e+04	1.4982e+04	9.4336e-10	5.9295e-01	4.0705e-01	9.0043e-01	9.9571e-02	6.8966e-07	1.4265e-10	2.9352e-03	9.8678e-01	1.0288e-02	1.1755e-36	6.4643e-01	3.5354e-01	2.5758e-05	1.1755e-36	1.1755e-36	1.1755e-36	2.2000e-17	0.00e+00	0.00e+00	1.5067e+01
1.20580e+15	6.7638e+03	1.055e-15	3.5938e+04	1.4513e+04	1.0429e-09	6.0501e-01	3.9499e-01	9.0229e-01	9.7710e-02	6.8666e-07	1.5209e-10	2.8517e-03	9.8717e-01	9.9821e-03	1.1755e-36	6.5790e-01	3.4207e-01	2.3794e-05	1.1755e-36	1.1755e-36	1.1755e-36	2.4293e-17	0.00e+00	0.00e+00	1.5340e+01
1.20781e+15	6.7049e+03	1.003e-15	3.5938e+04	1.4052e+04	1.1713e-09	6.1769e-01	3.8231e-01	9.0425e-01	9.5751e-02	6.8181e-07	1.6287e-10	2.7710e-03	9.8757e-01	9.6630e-03	1.1755e-36	6.6989e-01	3.3009e-01	2.1929e-05	1.1755e-36	1.1755e-36	1.1755e-36	2.7008e-17	0.00e+00	0.00e+00	1.5625e+01
1.20981e+15	6.6407e+03	9.527e-16	3.5938e+04	1.3613e+04	1.3219e-09	6.3048e-01	3.6952e-01	9.0620e-01	9.3802e-02	6.7612e-07	1.7470e-10	2.6949e-03	9.8796e-01	9.3449e-03	1.1755e-36	6.8190e-01	3.1808e-01	2.0202e-05	1.1755e-36	1.1755e-36	1.1755e-36	3.0128e-17	0.00e+00	0.00e+00	1.5905e+01
1.21170e+15	6.5924e+03	9.054e-16	3.5938e+04	1.3177e+04	1.4645e-09	6.4177e-01	3.5823e-01	9.0776e-01	9.2239e-02	6.7497e-07	1.8533e-10	2.6166e-03	9.8831e-01	9.0740e-03	1.1755e-36	6.9247e-01	3.0752e-01	1.8721e-05	1.1755e-36	1.1755e-36	1.1755e-36	3.3046e-17	0.00e+00	0.00e+00	1.6173e+01
1.21359e+15	6.5254e+03	8.599e-16	3.5938e+04	1.2759e+04	1.6530e-09	6.5385e-01	3.4615e-01	9.0949e-01	9.0507e-02	6.7076e-07	1.9792e-10	2.5435e-03	9.8867e-01	8.7846e-03	1.1755e-36	7.0369e-01	2.9629e-01	1.7293e-05	1.1755e-36	1.1755e-36	1.1755e-36	3.6637e-17	0.00e+00	0.00e+00	1.6460e+01
1.21550e+15	6.4760e+03	8.148e-16	3.5938e+04	1.2330e+04	1.8341e-09	6.6498e-01	3.3502e-01	9.1092e-01	8.9075e-02	6.7107e-07	2.0972e-10	2.4655e-03	9.8901e-01	8.5258e-03	1.1755e-36	7.1400e-01	2.8598e-01	1.6005e-05	1.1755e-36	1.1755e-36	1.1755e-36	4.0152e-17	0.00e+00	0.00e+00	1.6743e+01
1.21740e+15	6.4114e+03	7.712e-16	3.5938e+04	1.1908e+04	2.0665e-09	6.7658e-01	3.2342e-01	9.1245e-01	8.7546e-02	6.6962e-07	2.2311e-10	2.3901e-03	9.8935e-01	8.2579e-03	1.1755e-36	7.2469e-01	2.7530e-01	1.4779e-05	1.1755e-36	1.1755e-36	1.1755e-36	4.4285e-17	0.00e+00	0.00e+00	1.7040e+01
1.21932e+15	6.3436e+03	7.292e-16	3.5938e+04	1.1494e+04	2.3365e-09	6.8809e-01	3.1191e-01	9.1393e-01	8.6069e-02	6.6851e-07	2.3730e-10	2.3157e-03	9.8969e-01	7.9956e-03	1.1755e-36	7.3523e-01	2.6476e-01	1.3642e-05	1.1755e-36	1.1755e-36	1.1755e-36	4.8853e-17	0.00e+00	0.00e+00	1.7336e+01
1.22118e+15	6.2779e+03	6.899e-16	3.5938e+04	1.1104e+04	2.6343e-09	6.9918e-01	3.0082e-01	9.1534e-01	8.4663e-02	6.6753e-07	2.5204e-10	2.2456e-03	9.9001e-01	7.7452e-03	1.1755e-36	7.4534e-01	2.5465e-01	1.2612e-05	1.1755e-36	1.1755e-36	1.1755e-36	5.3832e-17	0.00e+00	0.00e+00	1.7627e+01
1.22300e+15	6.2142e+03	6.526e-16	3.5938e+04	1.0719e+04	2.9599e-09	7.0963e-01	2.9037e-01	9.1659e-01	8.3409e-02	6.6826e-07	2.6653e-10	2.1757e-03	9.9031e-01	7.5132e-03	1.1755e-36	7.5483e-01	2.4516e-01	1.1688e-05	1.1755e-36	1.1755e-36	1.1755e-36	5.8914e-17	0.00e+00	0.00e+00	1.7917e+01
1.22482e+15	6.1510e+03	6.165e-16	3.5938e+04	1.0342e+04	3.3274e-09	7.2000e-01	2.8000e-01	9.1782e-01	8.2182e-02	6.6934e-07	2.8190e-10	2.1068e-03	9.9061e-01	7.2851e-03	1.1755e-36	7.6419e-01	2.3580e-01	1.0820e-05	1.1755e-36	1.1755e-36	1.1755e-36	6.4558e-17	0.00e+00	0.00e+00	1.8217e+01
1.22667e+15	6.0829e+03	5.814e-16	3.5938e+04	9.9650e+03	3.7642e-09	7.3037e-01	2.6963e-01	9.1902e-01	8.0974e-02	6.7078e-07	2.9829e-10	2.0375e-03	9.9090e-01	7.0602e-03	1.1755e-36	7.7350e-01	2.2649e-01	1.0006e-05	1.1755e-36	1.1755e-36	1.1755e-36	7.0836e-17	0.00e+00	0.00e+00	1.8525e+01
1.22851e+15	6.0158e+03	5.479e-16	3.5938e+04	9.5938e+03	4.2525e-09	7.4030e-01	2.5970e-01	9.2014e-01	7.9864e-02	6.7347e-07	3.1482e-10	1.9692e-03	9.9119e-01	6.8454e-03	1.1755e-36	7.8242e-01	2.1757e-01	9.2575e-06	1.1755e-36	1.1755e-36	1.1755e-36	7.7436e-17	0.00e+00	0.00e+00	1.8832e+01
1.23034e+15	5.9475e+03	5.159e-16	3.5938e+04	9.2350e+03	4.8151e-09	7.5014e-01	2.4986e-01	9.2123e-01	7.8771e-02	6.7614e-07	3.3246e-10	1.9028e-03	9.9146e-01	6.6354e-03	1.1755e-36	7.9117e-01	2.0882e-01	8.5635e-06	1.1755e-36	1.1755e-36	1.1755e-36	8.4843e-17	0.00e+00	0.00e+00	1.9145e+01
1.23217e+15	5.8764e+03	4.856e-16	3.5938e+04	8.8849e+03	5.4706e-09	7.5972e-01	2.4028e-01	9.2229e-01	7.7713e-02	6.7908e-07	3.5089e-10	1.8379e-03	9.9173e-01	6.4317e-03	1.1755e-36	7.9969e-01	2.0030e-01	7.9218e-06	1.1755e-36	1.1755e-36	1.1755e-36	9.2951e-17	0.00e+00	0.00e+00	1.9459e+01
1.23398e+15	5.8020e+03	4.569e-16	3.5938e+04	8.5462e+03	6.2413e-09	7.6907e-01	2.3093e-01	9.2332e-01	7.6683e-02	6.8204e-07	3.7029e-10	1.7751e-03	9.9199e-01	6.2348e-03	1.1755e-36	8.0795e-01	1.9204e-01	7.3317e-06	1.1755e-36	1.1755e-36	1.1755e-36	1.0193e-16	0.00e+00	0.00e+00	1.9773e+01
1.23578e+15	5.7281e+03	4.299e-16	3.5938e+04	8.2192e+03	7.1205e-09	7.7807e-01	2.2193e-01	9.2429e-01	7.5707e-02	6.8549e-07	3.9038e-10	1.7142e-03	9.9224e-01	6.0464e-03	1.1755e-36	8.1588e-01	1.8411e-01	6.7907e-06	1.1755e-36	1.1755e-36	1.1755e-36	1.1176e-16	0.00e+00	0.00e+00	2.0088e+01
1.23755e+15	5.6487e+03	4.045e-16	3.5938e+04	7.9067e+03	8.1887e-09	7.8703e-01	2.1297e-01	9.2531e-01	7.4689e-02	6.8779e-07	4.1262e-10	1.6563e-03	9.9248e-01	5.8606e-03	1.1755e-36	8.2373e-01	1.7627e-01	6.2868e-06	1.1755e-36	1.1755e-36	1.1755e-36	1.2331e-16	0.00e+00	0.00e+00	2.0405e+01
1.23931e+15	5.5775e+03	3.806e-16	3.5938e+04	7.5982e+03	9.3188e-09	7.9519e-01	2.0481e-01	9.2613e-01	7.3868e-02	6.9321e-07	4.3337e-10	1.5979e-03	9.9271e-01	5.6915e-03	1.1755e-36	8.3088e-01	1.6912e-01	5.8359e-06	1.1755e-36	1.1755e-36	1.1755e-36	1.3470e-16	0.00e+00	0.00e+00	2.0718e+01
1.24103e+15	5.4979e+03	3.584e-16	3.5938e+04	7.3128e+03	1.0732e-08	8.0342e-01	1.9658e-01	9.2706e-01	7.2935e-02	6.9585e-07	4.5755e-10	1.5448e-03	9.9293e-01	5.5230e-03	1.1755e-36	8.3802e-01	1.6197e-01	5.4160e-06	1.1755e-36	1.1755e-36	1.1755e-36	1.4888e-16	0.00e+00	0.00e+00	2.1029e+01
1.24253e+15	5.4348e+03	3.405e-16	3.5938e+04	7.0694e+03	1.2030e-08	8.0987e-01	1.9013e-01	9.2770e-01	7.2297e-02	7.0073e-07	4.7705e-10	1.4986e-03	9.9311e-01	5.3909e-03	1.1755e-36	8.4363e-01	1.5636e-01	5.0926e-06	1.1755e-36	1.1755e-36	1.1755e-36	1.6103e-16	0.00e+00	0.00e+00	2.1267e+01
1.24378e+15	5.3718e+03	3.259e-16	3.5938e+04	6.8735e+03	1.3442e-08	8.1561e-01	1.8439e-01	9.2837e-01	7.1627e-02	7.0226e-07	4.9722e-10	1.4623e-03	9.9326e-01	5.2746e-03	1.1755e-36	8.4860e-01	1.5139e-01	4.8243e-06	1.1755e-36	1.1755e-36	1.1755e-36	1.7433e-16	0.00e+00	0.00e+00	2.1489e+01
1.24495e+15	5.3241e+03	3.126e-16	3.5938e+04	6.6859e+03	1.4699e-08	8.2047e-01	1.7953e-01	9.2884e-01	7.1160e-02	7.0704e-07	5.1398e-10	1.4261e-03	9.9340e-01	5.1750e-03	1.1755e-36	8.5282e-01	1.4717e-01	4.5913e-06	1.1755e-36	1.1755e-36	1.1755e-36	1.8593e-16	0.00e+00	0.00e+00	2.1702e+01
1.24619e+15	5.2653e+03	2.987e-16	3.5938e+04	6.4892e+03	1.6371e-08	8.2588e-01	1.7412e-01	9.2942e-01	7.0580e-02	7.1072e-07	5.3507e-10	1.3890e-03	9.9354e-01	5.0665e-03	1.1755e-36	8.5747e-01	1.4253e-01	4.3482e-06	1.1755e-36	1.1755e-36	1.1755e-36	2.0135e-16	0.00e+00	0.00e+00	2.1953e+01
1.24752e+15	5.2052e+03	2.848e-16	3.5938e+04	6.2893e+03	1.8303e-08	8.3134e-01	1.6866e-01	9.2999e-01	7.0006e-02	7.1497e-07	5.5811e-10	1.3509e-03	9.9369e-01	4.9563e-03	1.1755e-36	8.6217e-01	1.3783e-01	4.1083e-06	1.1755e-36	1.1755e-36	1.1755e-36	2.1920e-16	0.00e+00	0.00e+00	2.2200e+01
1.24879e+15	5.1454e+03	2.720e-16	3.5938e+04	6.1019e+03	2.0454e-08	8.3649e-01	1.6351e-01	9.3054e-01	6.9456e-02	7.1892e-07	5.8220e-10	1.3153e-03	9.9383e-01	4.8530e-03	1.1755e-36	8.6659e-01	1.3341e-01	3.8905e-06	1.1755e-36	1.1755e-36	1.1755e-36	2.3906e-16	0.00e+00	0.00e+00	2.2435e+01
1.25000e+15	5.0868e+03	2.604e-16	3.5938e+04	5.9280e+03	2.2818e-08	8.4131e-01	1.5869e-01	9.3107e-01	6.8932e-02	7.2252e-07	6.0721e-10	1.2822e-03	9.9396e-01	4.7572e-03	1.1755e-36	8.7071e-01	1.2929e-01	3.6940e-06	1.1755e-36	1.1755e-36	1.1755e-36	2.6102e-16	0.00e+00	0.00e+00	2.2661e+01
1.25116e+15	5.0299e+03	2.496e-16	3.5938e+04	5.7647e+03	2.5390e-08	8.4583e-01	1.5417e-01	9.3156e-01	6.8435e-02	7.2604e-07	6.3318e-10	1.2511e-03	9.9408e-01	4.6676e-03	1.1755e-36	8.7457e-01	1.2543e-01	3.5148e-06	1.1755e-36	1.1755e-36	1.1755e-36	2.8527e-16	0.00e+00	0.00e+00	2.2879e+01
1.25229e+15	4.9743e+03	2.395e-16	3.5938e+04	5.6079e+03	2.8202e-08	8.5013e-01	1.4987e-01	9.3203e-01	6.7965e-02	7.2973e-07	6.6083e-10	1.2212e-03	9.9420e-01	4.5760e-03	1.1755e-36	8.7824e-01	1.2176e-01	3.3480e-06	1.1755e-36	1.1755e-36	1.1755e-36	3.1181e-16	0.00e+00	0.00e+00	2.3096e+01
1.25342e+15	4.9177e+03	2.298e-16	3.5938e+04	5.4545e+03	3.1386e-08	8.5434e-01	1.4566e-01	9.3250e-01	6.7502e-02	7.3345e-07	6.9100e-10	1.1920e-03	9.9433e-01	4.4790e-03	1.1755e-36	8.8182e-01	1.1818e-01	3.1899e-06	1.1755e-36	1.1755e-36	1.1755e-36	3.4144e-16	0.00e+00	0.00e+00	2.3314e+01
1.25453e+15	4.8606e+03	2.206e-16	3.5938e+04	5.3057e+03	3.4992e-08	8.5843e-01	1.4157e-01	9.3295e-01	6.7045e-02	7.3709e-07	7.2328e-10	1.1636e-03	9.9445e-01	4.3841e-03	1.1755e-36	8.8529e-01	1.1470e-01	3.0402e-06	1.1755e-36	1.1755e-36	1.1755e-36	3.7517e-16	0.00e+00	0.00e+00	2.3531e+01
1.25563e+15	4.8040e+03	2.119e-16	3.5938e+04	5.1637e+03	3.9010e-08	8.6235e-01	1.3765e-01	9.3340e-01	6.6601e-02	7.4058e-07	7.5744e-10	1.1366e-03	9.9457e-01	4.2929e-03	1.1755e-36	8.8861e-01	1.1138e-01	2.9009e-06	1.1755e-36	1.1755e-36	1.1755e-36	4.1322e-16	0.00e+00	0.00e+00	2.3742e+01
1.25669e+15	4.7484e+03	2.038e-16	3.5938e+04	5.0288e+03	4.3444e-08	8.6607e-01	1.3393e-01	9.3383e-01	6.6172e-02	7.4393e-07	7.9325e-10	1.1109e-03	9.9468e-01	4.2058e-03	1.1755e-36	8.9176e-01	1.0823e-01	2.7717e-06	1.1755e-36	1.1755e-36	1.1755e-36	4.5575e-16	0.00e+00	0.00e+00	2.3947e+01
1.25773e+15	4.6936e+03	1.962e-16	3.5938e+04	4.8999e+03	4.8351e-08	8.6962e-01	1.3038e-01	9.3424e-01	6.5757e-02	7.4720e-07	8.3099e-10	1.0863e-03	9.9479e-01	4.1221e-03	1.1755e-36	8.9477e-01	1.0523e-01	2.6510e-06	1.1755e-36	1.1755e-36	1.1755e-36	5.0357e-16	0.00e+00	0.00e+00	2.4150e+01
1.25875e+15	4.6395e+03	1.890e-16	3.5938e+04	4.7757e+03	5.3796e-08	8.7305e-01	1.2695e-01	9.3464e-01	6.5355e-02	7.5047e-07	8.7112e-10	1.0626e-03	9.9490e-01	4.0413e-03	1.1755e-36	8.9766e-01	1.0234e-01	2.5377e-06	1.1755e-36	1.1755e-36	1.1755e-36	5.5786e-16	0.00e+00	0.00e+00	2.4350e+01
1.25975e+15	4.5858e+03	1.821e-16	3.5938e+04	4.6557e+03	5.9849e-08	8.7635e-01	1.2365e-01	9.3504e-01	6.4963e-02	7.5373e-07	9.1384e-10	1.0397e-03	9.9500e-01	3.9630e-03	1.1755e-36	9.0044e-01	9.9556e-02	2.4306e-06	1.1755e-36	1.1755e-36	1.1755e-36	6.1960e-16	0.00e+00	0.00e+00	2.4549e+01
1.26074e+15	4.5325e+03	1.755e-16	3.5938e+04	4.5395e+03	6.6605e-08	8.7954e-01	1.2046e-01	9.3542e-01	6.4579e-02	7.5696e-07	9.5961e-10	1.0176e-03	9.9510e-01	3.8869e-03	1.1755e-36	9.0313e-01	9.6869e-02	2.3293e-06	1.1755e-36	1.1755e-36	1.1755e-36	6.9034e-16	0.00e+00	0.00e+00	2.4746e+01
1.26172e+15	4.4751e+03	1.693e-16	3.5938e+04	4.4299e+03	7.4722e-08	8.8276e-01	1.1724e-01	9.3587e-01	6.4132e-02	7.5837e-07	1.0129e-09	9.9708e-04	9.9519e-01	3.8098e-03	1.1755e-36	9.0584e-01	9.4161e-02	2.2314e-06	1.1755e-36	1.1755e-36	1.1755e-36	7.7852e-16	0.00e+00	0.00e+00	2.4941e+01
1.26266e+15	4.4260e+03	1.636e-16	3.5938e+04	4.3238e+03	8.2566e-08	8.8553e-01	1.1447e-01	9.3618e-01	6.3822e-02	7.6234e-07	1.0614e-09	9.7666e-04	9.9528e-01	3.7428e-03	1.1755e-36	9.0817e-01	9.1829e-02	2.1458e-06	1.1755e-36	1.1755e-36	1.1755e-36	8.6485e-16	0.00e+00	0.00e+00	2.5121e+01
1.26358e+15	4.3767e+03	1.581e-16	3.5938e+04	4.2216e+03	9.1383e-08	8.8831e-01	1.1169e-01	9.3652e-01	6.3483e-02	7.6563e-07	1.1151e-09	9.5710e-04	9.9537e-01	3.6758e-03	1.1755e-36	9.1049e-01	8.9504e-02	2.0625e-06	1.1755e-36	1.1755e-36	1.1755e-36	9.6672e-16	0.00e+00	0.00e+00	2.5311e+01
1.26454e+15	4.3197e+03	1.526e-16	3.5938e+04	4.1201e+03	1.0268e-07	8.9130e-01	1.0870e-01	9.3695e-01	6.3051e-02	7.6696e-07	1.1821e-09	9.3816e-04	9.9546e-01	3.6037e-03	1.1755e-36	9.1299e-01	8.7009e-02	1.9771e-06	1.1755e-36	1.1755e-36	1.1755e-36	1.1027e-15	0.00e+00	0.00e+00	2.5508e+01
1.26547e+15	4.2708e+03	1.475e-16	3.5938e+04	4.0203e+03	1.1361e-07	8.9386e-01	1.0614e-01	9.3724e-01	6.2762e-02	7.7119e-07	1.2434e-09	9.1891e-04	9.9554e-01	3.5406e-03	1.1755e-36	9.1514e-01	8.4856e-02	1.9020e-06	1.1755e-36	1.1755e-36	1.1755e-36	1.2372e-15	0.00e+00	0.00e+00	2.5689e+01
1.26638e+15	4.2169e+03	1.426e-16	3.5938e+04	3.9285e+03	1.2698e-07	8.9656e-01	1.0344e-01	9.3764e-01	6.2359e-02	7.7237e-07	1.3180e-09	9.0183e-04	9.9562e-01	3.4749e-03	1.1755e-36	9.1739e-01	8.2606e-02	1.8276e-06	1.1755e-36	1.1755e-36	1.1755e-36	1.4119e-15	0.00e+00	0.00e+00	2.5876e+01
1.26728e+15	4.1693e+03	1.380e-16	3.5938e+04	3.8354e+03	1.4018e-07	8.9895e-01	1.0105e-01	9.3791e-01	6.2084e-02	7.7653e-07	1.3880e-09	8.8388e-04	9.9570e-01	3.4158e-03	1.1755e-36	9.1938e-01	8.0614e-02	1.7604e-06	1.1755e-36	1.1755e-36	1.1755e-36	1.5889e-15	0.00e+00	0.00e+00	2.6055e+01
1.26818e+15	4.1146e+03	1.334e-16	3.5938e+04	3.7474e+03	1.5694e-07	9.0155e-01	9.8451e-02	9.3832e-01	6.1677e-02	7.7742e-07	1.4764e-09	8.6762e-04	9.9578e-01	3.3518e-03	1.1755e-36	9.2155e-01	7.8449e-02	1.6913e-06	1.1755e-36	1.1755e-36	1.1755e-36	1.8277e-15	0.00e+00	0.00e+00	2.6246e+01
1.26908e+15	4.0632e+03	1.291e-16	3.5938e+04	3.6598e+03	1.7443e-07	9.0393e-01	9.6072e-02	9.3865e-01	6.1351e-02	7.8005e-07	1.5648e-09	8.5111e-04	9.9586e-01	3.2926e-03	1.1755e-36	9.2353e-01	7.6467e-02	1.6279e-06	1.1755e-36	1.1755e-36	1.1755e-36	2.0862e-15	0.00e+00	0.00e+00	2.6425e+01
1.26995e+15	4.0131e+03	1.251e-16	3.5938e+04	3.5768e+03	1.9328e-07	9.0621e-01	9.3791e-02	9.3897e-01	6.1026e-02	7.8234e-07	1.6581e-09	8.3550e-04	9.9593e-01	3.2357e-03	1.1755e-36	9.2543e-01	7.4569e-02	1.5682e-06	1.1755e-36	1.1755e-36	1.1755e-36	2.3788e-15	0.00e+00	0.00e+00	2.6603e+01
1.27083e+15	3.9622e+03	1.211e-16	3.5938e+04	3.4946e+03	2.1435e-07	9.0848e-01	9.1516e-02	9.3931e-01	6.0691e-02	7.8446e-07	1.7601e-09	8.2010e-04	9.9600e-01	3.1786e-03	1.1755e-36	9.2732e-01	7.2679e-02	1.5098e-06	1.1755e-36	1.1755e-36	1.1755e-36	2.7227e-15	0.00e+00	0.00e+00	2.6787e+01
###########################
1.48559e+11	8.3991e+03	3.448e-15	3.5938e+04	3.8527e+04	4.5846e-14	1.0609e-02	9.8939e-01	5.5648e-02	9.4382e-01	5.3140e-04	4.6969e-15	1.6447e-03	5.1945e-01	4.7884e-01	6.8307e-05	1.1554e-02	9.0497e-01	8.3474e-02	5.8513e-06	1.1755e-36	1.1755e-36	3.4587e-23	0.00e+00	0.00e+00	7.1537e-04
8.91357e+11	8.3941e+03	3.443e-15	3.5938e+04	3.8502e+04	4.5782e-14	1.0596e-02	9.8940e-01	5.5638e-02	9.4383e-01	5.3107e-04	4.6713e-15	1.6398e-03	5.1943e-01	4.7886e-01	6.8428e-05	1.1539e-02	9.0491e-01	8.3543e-02	5.8388e-06	1.1755e-36	1.1755e-36	3.4254e-23	0.00e+00	0.00e+00	3.5732e-03
3.86255e+12	8.3825e+03	3.431e-15	3.5938e+04	3.8496e+04	4.5973e-14	1.0587e-02	9.8941e-01	5.5752e-02	9.4372e-01	5.2711e-04	4.6734e-15	1.6390e-03	5.2003e-01	4.7827e-01	6.8096e-05	1.1534e-02	9.0507e-01	8.3391e-02	5.7473e-06	1.1755e-36	1.1755e-36	3.4198e-23	0.00e+00	0.00e+00	1.4995e-02
1.57473e+13	8.3614e+03	3.395e-15	3.5938e+04	3.8492e+04	4.6557e-14	1.0601e-02	9.8940e-01	5.6297e-02	9.4319e-01	5.0802e-04	4.7170e-15	1.6490e-03	5.2273e-01	4.7556e-01	6.6751e-05	1.1569e-02	9.0599e-01	8.2434e-02	5.3560e-06	1.1755e-36	1.1755e-36	3.4322e-23	0.00e+00	0.00e+00	6.0742e-02
3.76153e+13	8.2654e+03	3.277e-15	3.5938e+04	3.8497e+04	4.6544e-14	1.0357e-02	9.8964e-01	5.6572e-02	9.4294e-01	4.9260e-04	4.5096e-15	1.6357e-03	5.2473e-01	4.7357e-01	6.6024e-05	1.1321e-02	9.0630e-01	8.2376e-02	4.9999e-06	1.1755e-36	1.1755e-36	3.1674e-23	0.00e+00	0.00e+00	1.1885e-01
6.60436e+13	8.1701e+03	3.170e-15	3.5938e+04	3.8501e+04	4.7613e-14	1.0236e-02	9.8976e-01	5.7325e-02	9.4221e-01	4.5988e-04	4.4324e-15	1.6415e-03	5.2885e-01	4.6945e-01	6.4027e-05	1.1224e-02	9.0757e-01	8.1206e-02	4.4394e-06	1.1755e-36	1.1755e-36	3.0250e-23	0.00e+00	0.00e+00	1.9350e-01
1.03000e+14	8.0738e+03	3.068e-15	3.5938e+04	3.8499e+04	4.9775e-14	1.0222e-02	9.8978e-01	5.8670e-02	9.4092e-01	4.1120e-04	4.4701e-15	1.6654e-03	5.3548e-01	4.6280e-01	6.0782e-05	1.1261e-02	9.0986e-01	7.8878e-02	3.7151e-06	1.1755e-36	1.1755e-36	2.9782e-23	0.00e+00	0.00e+00	2.9042e-01
1.51044e+14	7.9761e+03	2.973e-15	3.5938e+04	3.8489e+04	5.3499e-14	1.0346e-02	9.8965e-01	6.0865e-02	9.3879e-01	3.4782e-04	4.6604e-15	1.7128e-03	5.4556e-01	4.5267e-01	5.6149e-05	1.1473e-02	9.1340e-01	7.5128e-02	2.8766e-06	1.1755e-36	1.1755e-36	3.0484e-23	0.00e+00	0.00e+00	4.1794e-01
2.13501e+14	7.8788e+03	2.887e-15	3.5938e+04	3.8469e+04	5.9790e-14	1.0677e-02	9.8932e-01	6.4398e-02	9.3533e-01	2.7372e-04	5.0999e-15	1.7956e-03	5.6060e-01	4.3756e-01	5.0001e-05	1.1946e-02	9.1847e-01	6.9582e-02	2.0048e-06	1.1755e-36	1.1755e-36	3.3067e-23	0.00e+00	0.00e+00	5.8902e-01
2.94696e+14	7.7852e+03	2.815e-15	3.5938e+04	3.8430e+04	7.0815e-14	1.1350e-02	9.8865e-01	7.0202e-02	9.2960e-01	1.9624e-04	6.0062e-15	1.9341e-03	5.8300e-01	4.1503e-01	4.2261e-05	1.2848e-02	9.2536e-01	6.1790e-02	1.2076e-06	1.1755e-36	1.1755e-36	3.9248e-23	0.00e+00	0.00e+00	8.2545e-01
3.98539e+14	7.6972e+03	2.770e-15	3.5938e+04	3.8378e+04	9.1738e-14	1.2623e-02	9.8738e-01	8.0065e-02	9.1981e-01	1.2581e-04	7.9103e-15	2.1613e-03	6.1604e-01	3.8176e-01	3.3087e-05	1.4497e-02	9.3400e-01	5.1499e-02	5.9845e-07	1.1755e-36	1.1755e-36	5.3651e-23	0.00e+00	0.00e+00	1.1575e+00
5.02558e+14	7.6300e+03	2.752e-15	3.5938e+04	3.8247e+04	1.2294e-13	1.4355e-02	9.8564e-01	9.2898e-02	9.0702e-01	7.9612e-05	1.0888e-14	2.4360e-03	6.5233e-01	3.4521e-01	2.5159e-05	1.6711e-02	9.4160e-01	4.1687e-02	2.8452e-07	1.1755e-36	1.1755e-36	7.8214e-23	0.00e+00	0.00e+00	1.4576e+00
5.83328e+14	7.6208e+03	2.771e-15	3.5938e+04	3.8134e+04	1.6070e-13	1.6364e-02	9.8364e-01	1.0707e-01	8.9287e-01	5.5538e-05	1.5028e-14	2.7127e-03	6.8522e-01	3.1205e-01	1.9399e-05	1.9244e-02	9.4682e-01	3.3935e-02	1.4944e-07	1.1755e-36	1.1755e-36	1.1643e-22	0.00e+00	0.00e+00	1.7154e+00
6.48285e+14	7.6291e+03	2.804e-15	3.5938e+04	3.7997e+04	2.0768e-13	1.8613e-02	9.8139e-01	1.2255e-01	8.7741e-01	4.1290e-05	2.0604e-14	2.9838e-03	7.1497e-01	2.8203e-01	1.5072e-05	2.2063e-02	9.5017e-01	2.7764e-02	1.1755e-36	1.1755e-36	1.1755e-36	1.7323e-22	0.00e+00	0.00e+00	1.9710e+00
7.07648e+14	7.6205e+03	2.856e-15	3.5938e+04	3.7859e+04	2.7815e-13	2.1424e-02	9.7858e-01	1.4157e-01	8.5840e-01	3.1270e-05	2.9050e-14	3.2794e-03	7.4497e-01	2.5174e-01	1.1415e-05	2.5569e-02	9.5210e-01	2.2332e-02	1.1755e-36	1.1755e-36	1.1755e-36	2.6781e-22	0.00e+00	0.00e+00	2.2540e+00
7.63298e+14	7.6349e+03	2.910e-15	3.5938e+04	3.7648e+04	3.7541e-13	2.4898e-02	9.7510e-01	1.6472e-01	8.3526e-01	2.3928e-05	4.1810e-14	3.5858e-03	7.7444e-01	2.2196e-01	8.4301e-06	2.9889e-02	9.5251e-01	1.7602e-02	1.1755e-36	1.1755e-36	1.1755e-36	4.2726e-22	0.00e+00	0.00e+00	2.5540e+00
8.13047e+14	7.6518e+03	2.974e-15	3.5938e+04	3.7440e+04	5.1370e-13	2.9132e-02	9.7087e-01	1.9228e-01	8.0770e-01	1.8706e-05	6.1164e-14	3.8957e-03	8.0236e-01	1.9374e-01	6.0988e-06	3.5135e-02	9.5118e-01	1.3686e-02	1.1755e-36	1.1755e-36	1.1755e-36	6.9870e-22	0.00e+00	0.00e+00	2.8608e+00
8.55999e+14	7.6734e+03	3.036e-15	3.5938e+04	3.7177e+04	7.0018e-13	3.4043e-02	9.6596e-01	2.2332e-01	7.7666e-01	1.4961e-05	8.9125e-14	4.1831e-03	8.2724e-01	1.6857e-01	4.3885e-06	4.1198e-02	9.4819e-01	1.0612e-02	1.1755e-36	1.1755e-36	1.1755e-36	1.1384e-21	0.00e+00	0.00e+00	3.1659e+00
8.92976e+14	7.6990e+03	3.096e-15	3.5938e+04	3.6927e+04	9.4944e-13	3.9701e-02	9.6030e-01	2.5771e-01	7.4228e-01	1.2206e-05	1.2952e-13	4.4487e-03	8.4920e-01	1.4634e-01	3.1458e-06	4.8159e-02	9.4362e-01	8.2183e-03	1.1755e-36	1.1755e-36	1.1755e-36	1.8512e-21	0.00e+00	0.00e+00	3.4764e+00
9.25539e+14	7.7178e+03	3.151e-15	3.5938e+04	3.6607e+04	1.2918e-12	4.6262e-02	9.5374e-01	2.9566e-01	7.0433e-01	1.0055e-05	1.8794e-13	4.6856e-03	8.6855e-01	1.2677e-01	2.2431e-06	5.6203e-02	9.3745e-01	6.3452e-03	1.1755e-36	1.1755e-36	1.1755e-36	2.9981e-21	0.00e+00	0.00e+00	3.7983e+00
9.54725e+14	7.7436e+03	3.191e-15	3.5938e+04	3.6146e+04	1.7465e-12	5.3799e-02	9.4620e-01	3.3679e-01	6.6320e-01	8.3292e-06	2.7131e-13	4.8805e-03	8.8539e-01	1.0972e-01	1.5942e-06	6.5406e-02	9.2971e-01	4.8801e-03	1.1755e-36	1.1755e-36	1.1755e-36	4.8094e-21	0.00e+00	0.00e+00	4.1366e+00
9.81422e+14	7.7591e+03	3.236e-15	3.5938e+04	3.5762e+04	2.4160e-12	6.3035e-02	9.3697e-01	3.8291e-01	6.1708e-01	6.8927e-06	4.0166e-13	5.0692e-03	9.0079e-01	9.4143e-02	1.1092e-06	7.6635e-02	9.1966e-01	3.7008e-03	1.1755e-36	1.1755e-36	1.1755e-36	7.9731e-21	0.00e+00	0.00e+00	4.5040e+00
1.00559e+15	7.7882e+03	3.255e-15	3.5938e+04	3.5160e+04	3.3030e-12	7.3628e-02	9.2637e-01	4.3096e-01	5.6904e-01	5.7216e-06	5.8941e-13	5.1983e-03	9.1384e-01	8.0962e-02	7.7279e-07	8.9448e-02	9.0775e-01	2.7970e-03	1.1755e-36	1.1755e-36	1.1755e-36	1.3015e-20	0.00e+00	0.00e+00	4.8824e+00
1.02732e+15	7.8008e+03	3.268e-15	3.5938e+04	3.4557e+04	4.5888e-12	8.6190e-02	9.1381e-01	4.8103e-01	5.1897e-01	4.7433e-06	8.7429e-13	5.3038e-03	9.2520e-01	6.9494e-02	5.3451e-07	1.0456e-01	8.9334e-01	2.1018e-03	1.1755e-36	1.1755e-36	1.1755e-36	2.1511e-20	0.00e+00	0.00e+00	5.2896e+00
1.04727e+15	7.8188e+03	3.263e-15	3.5938e+04	3.3875e+04	6.3937e-12	1.0105e-01	8.9895e-01	5.3191e-01	4.6808e-01	3.9295e-06	1.3062e-12	5.3729e-03	9.3501e-01	5.9613e-02	3.6750e-07	1.2231e-01	8.7612e-01	1.5662e-03	1.1755e-36	1.1755e-36	1.1755e-36	3.5888e-20	0.00e+00	0.00e+00	5.7270e+00
1.06558e+15	7.8204e+03	3.237e-15	3.5938e+04	3.3043e+04	9.0436e-12	1.1859e-01	8.8141e-01	5.8233e-01	4.1767e-01	3.2459e-06	1.9595e-12	5.3969e-03	9.4341e-01	5.1189e-02	2.5200e-07	1.4310e-01	8.5574e-01	1.1600e-03	1.1755e-36	1.1755e-36	1.1755e-36	6.0097e-20	0.00e+00	0.00e+00	6.1993e+00
1.08254e+15	7.8269e+03	3.191e-15	3.5938e+04	3.2200e+04	1.2888e-11	1.3965e-01	8.6035e-01	6.3127e-01	3.6873e-01	2.6819e-06	2.9781e-12	5.3952e-03	9.5072e-01	4.3883e-02	1.7137e-07	1.6784e-01	8.3131e-01	8.4918e-04	1.1755e-36	1.1755e-36	1.1755e-36	1.0293e-19	0.00e+00	0.00e+00	6.7180e+00
1.09824e+15	7.8289e+03	3.104e-15	3.5938e+04	3.1069e+04	1.8397e-11	1.6389e-01	8.3611e-01	6.7681e-01	3.2319e-01	2.2191e-06	4.4781e-12	5.3235e-03	9.5683e-01	3.7850e-02	1.1755e-36	1.9600e-01	8.0338e-01	6.1965e-04	1.1755e-36	1.1755e-36	1.1755e-36	1.7391e-19	0.00e+00	0.00e+00	7.2776e+00
1.11294e+15	7.8004e+03	2.996e-15	3.5938e+04	2.9887e+04	2.7119e-11	1.9322e-01	8.0678e-01	7.1934e-01	2.8065e-01	1.8357e-06	6.8418e-12	5.2285e-03	9.6224e-01	3.2531e-02	1.1755e-36	2.2966e-01	7.6989e-01	4.4626e-04	1.1755e-36	1.1755e-36	1.1755e-36	3.0226e-19	0.00e+00	0.00e+00	7.9064e+00
1.12674e+15	7.7629e+03	2.849e-15	3.5938e+04	2.8529e+04	4.0482e-11	2.2775e-01	7.7225e-01	7.5728e-01	2.4271e-01	1.5315e-06	1.0461e-11	5.0848e-03	9.6692e-01	2.7993e-02	1.1755e-36	2.6872e-01	7.3096e-01	3.1805e-04	1.1755e-36	1.1755e-36	1.1755e-36	5.3097e-19	0.00e+00	0.00e+00	8.5921e+00
1.13895e+15	7.7110e+03	2.676e-15	3.5938e+04	2.7079e+04	5.9879e-11	2.6540e-01	7.3460e-01	7.8847e-01	2.1153e-01	1.3047e-06	1.5560e-11	4.9048e-03	9.7075e-01	2.4340e-02	1.1755e-36	3.1060e-01	6.8917e-01	2.2952e-04	1.1755e-36	1.1755e-36	1.1755e-36	9.0815e-19	0.00e+00	0.00e+00	9.2635e+00
1.14869e+15	7.6526e+03	2.505e-15	3.5938e+04	2.5727e+04	8.4121e-11	3.0105e-01	6.9895e-01	8.1120e-01	1.8880e-01	1.1529e-06	2.1631e-11	4.7199e-03	9.7361e-01	2.1671e-02	1.1755e-36	3.4958e-01	6.5024e-01	1.7362e-04	1.1755e-36	1.1755e-36	1.1755e-36	1.4296e-18	0.00e+00	0.00e+00	9.8325e+00
1.15603e+15	7.5925e+03	2.357e-15	3.5938e+04	2.4601e+04	1.1092e-10	3.3168e-01	6.6832e-01	8.2685e-01	1.7315e-01	1.0551e-06	2.7946e-11	4.5577e-03	9.7567e-01	1.9775e-02	1.1755e-36	3.8258e-01	6.1728e-01	1.3891e-04	1.1755e-36	1.1755e-36	1.1755e-36	2.0469e-18	0.00e+00	0.00e+00	1.0310e+01
1.16197e+15	7.5341e+03	2.223e-15	3.5938e+04	2.3614e+04	1.4049e-10	3.5900e-01	6.4100e-01	8.3890e-01	1.6109e-01	9.8254e-07	3.4560e-11	4.4097e-03	9.7729e-01	1.8301e-02	1.1755e-36	4.1163e-01	5.8825e-01	1.1486e-04	1.1755e-36	1.1755e-36	1.1755e-36	2.7653e-18	0.00e+00	0.00e+00	1.0761e+01
1.16739e+15	7.4738e+03	2.089e-15	3.5938e+04	2.2625e+04	1.7562e-10	3.8559e-01	6.1441e-01	8.4922e-01	1.5078e-01	9.2390e-07	4.1939e-11	4.2566e-03	9.7871e-01	1.7030e-02	1.1755e-36	4.3956e-01	5.6034e-01	9.5985e-05	1.1755e-36	1.1755e-36	1.1755e-36	3.6453e-18	0.00e+00	0.00e+00	1.1225e+01
1.17246e+15	7.4068e+03	1.956e-15	3.5938e+04	2.1625e+04	2.1824e-10	4.1171e-01	5.8829e-01	8.5828e-01	1.4172e-01	8.7509e-07	5.0171e-11	4.0984e-03	9.7999e-01	1.5911e-02	1.1755e-36	4.6669e-01	5.3323e-01	8.0854e-05	1.1755e-36	1.1755e-36	1.1755e-36	4.7138e-18	0.00e+00	0.00e+00	1.1678e+01
1.17699e+15	7.3408e+03	1.836e-15	3.5938e+04	2.0738e+04	2.6690e-10	4.3651e-01	5.6349e-01	8.6582e-01	1.3418e-01	8.3552e-07	5.9104e-11	3.9558e-03	9.8111e-01	1.4937e-02	1.1755e-36	4.9214e-01	5.0779e-01	6.9019e-05	1.1755e-36	1.1755e-36	1.1755e-36	5.9862e-18	0.00e+00	0.00e+00	1.2094e+01
1.18105e+15	7.2760e+03	1.722e-15	3.5938e+04	1.9882e+04	3.2134e-10	4.5950e-01	5.4050e-01	8.7210e-01	1.2789e-01	8.0524e-07	6.8308e-11	3.8152e-03	9.8208e-01	1.4106e-02	1.1755e-36	5.1549e-01	4.8445e-01	5.9676e-05	1.1755e-36	1.1755e-36	1.1755e-36	7.4005e-18	0.00e+00	0.00e+00	1.2503e+01
1.18483e+15	7.2099e+03	1.615e-15	3.5938e+04	1.9067e+04	3.8393e-10	4.8159e-01	5.1841e-01	8.7762e-01	1.2238e-01	7.7996e-07	7.8152e-11	3.6796e-03	9.8296e-01	1.3360e-02	1.1755e-36	5.3770e-01	4.6225e-01	5.1969e-05	1.1755e-36	1.1755e-36	1.1755e-36	9.0292e-18	0.00e+00	0.00e+00	1.2902e+01
1.18836e+15	7.1442e+03	1.515e-15	3.5938e+04	1.8291e+04	4.5493e-10	5.0267e-01	4.9733e-01	8.8246e-01	1.1753e-01	7.5911e-07	8.8546e-11	3.5488e-03	9.8376e-01	1.2689e-02	1.1755e-36	5.5869e-01	4.4126e-01	4.5572e-05	1.1755e-36	1.1755e-36	1.1755e-36	1.0874e-17	0.00e+00	0.00e+00	1.3291e+01
1.19168e+15	7.0783e+03	1.420e-15	3.5938e+04	1.7536e+04	5.3500e-10	5.2262e-01	4.7738e-01	8.8670e-01	1.1330e-01	7.4275e-07	9.9271e-11	3.4201e-03	9.8449e-01	1.2091e-02	1.1755e-36	5.7837e-01	4.2159e-01	4.0236e-05	1.1755e-36	1.1755e-36	1.1755e-36	1.2899e-17	0.00e+00	0.00e+00	1.3672e+01
1.19478e+15	7.0083e+03	1.333e-15	3.5938e+04	1.6836e+04	6.2733e-10	5.4178e-01	4.5822e-01	8.9052e-01	1.0948e-01	7.2807e-07	1.1067e-10	3.3004e-03	9.8516e-01	1.1537e-02	1.1755e-36	5.9714e-01	4.0282e-01	3.5721e-05	1.1755e-36	1.1755e-36	1.1755e-36	1.5192e-17	0.00e+00	0.00e+00	1.4040e+01
1.19728e+15	6.9565e+03	1.265e-15	3.5938e+04	1.6291e+04	7.0898e-10	5.5677e-01	4.4323e-01	8.9330e-01	1.0670e-01	7.1857e-07	1.2032e-10	3.2060e-03	9.8567e-01	1.1124e-02	1.1755e-36	6.1168e-01	3.8829e-01	3.2537e-05	1.1755e-36	1.1755e-36	1.1755e-36	1.7255e-17	0.00e+00	0.00e+00	1.4294e+01
1.19915e+15	6.9117e+03	1.214e-15	3.5938e+04	1.5874e+04	7.8184e-10	5.6837e-01	4.3163e-01	8.9538e-01	1.0462e-01	7.1148e-07	1.2831e-10	3.1337e-03	9.8606e-01	1.0810e-02	1.1755e-36	6.2287e-01	3.7710e-01	3.0265e-05	1.1755e-36	1.1755e-36	1.1755e-36	1.9031e-17	0.00e+00	0.00e+00	1.4516e+01
1.20094e+15	6.8674e+03	1.164e-15	3.5938e+04	1.5448e+04	8.6012e-10	5.7954e-01	4.2046e-01	8.9726e-01	1.0274e-01	7.0649e-07	1.3623e-10	3.0587e-03	9.8643e-01	1.0515e-02	1.1755e-36	6.3361e-01	3.6636e-01	2.8189e-05	1.1755e-36	1.1755e-36	1.1755e-36	2.0846e-17	0.00e+00	0.00e+00	1.4761e+01
1.20291e+15	6.8117e+03	1.110e-15	3.5938e+04	1.4985e+04	9.6220e-10	5.9218e-01	4.0782e-01	8.9942e-01	1.0058e-01	6.9989e-07	1.4591e-10	2.9781e-03	9.8683e-01	1.0187e-02	1.1755e-36	6.4570e-01	3.5428e-01	2.6023e-05	1.1755e-36	1.1755e-36	1.1755e-36	2.3147e-17	0.00e+00	0.00e+00	1.5041e+01
1.20498e+15	6.7528e+03	1.056e-15	3.5938e+04	1.4528e+04	1.0833e-09	6.0553e-01	3.9447e-01	9.0162e-01	9.8375e-02	6.9257e-07	1.5707e-10	2.8980e-03	9.8726e-01	9.8463e-03	1.1755e-36	6.5839e-01	3.4159e-01	2.3916e-05	1.1755e-36	1.1755e-36	1.1755e-36	2.5941e-17	0.00e+00	0.00e+00	1.5324e+01
1.20696e+15	6.7050e+03	1.004e-15	3.5938e+04	1.4066e+04	1.2013e-09	6.1742e-01	3.8258e-01	9.0342e-01	9.6582e-02	6.8990e-07	1.6710e-10	2.8154e-03	9.8763e-01	9.5554e-03	1.1755e-36	6.6963e-01	3.3035e-01	2.2117e-05	1.1755e-36	1.1755e-36	1.1755e-36	2.8539e-17	0.00e+00	0.00e+00	1.5590e+01
1.20889e+15	6.6425e+03	9.554e-16	3.5938e+04	1.3636e+04	1.3506e-09	6.2982e-01	3.7018e-01	9.0531e-01	9.4690e-02	6.8459e-07	1.7875e-10	2.7395e-03	9.8801e-01	9.2522e-03	1.1755e-36	6.8128e-01	3.1870e-01	2.0424e-05	1.1755e-36	1.1755e-36	1.1755e-36	3.1688e-17	0.00e+00	0.00e+00	1.5868e+01
1.21080e+15	6.5938e+03	9.073e-16	3.5938e+04	1.3195e+04	1.4970e-09	6.4131e-01	3.5869e-01	9.0691e-01	9.3086e-02	6.8332e-07	1.8968e-10	2.6596e-03	9.8836e-01	8.9807e-03	1.1755e-36	6.9203e-01	3.0795e-01	1.8903e-05	1.1755e-36	1.1755e-36	1.1755e-36	3.4760e-17	0.00e+00	0.00e+00	1.6143e+01
1.21273e+15	6.5302e+03	8.606e-16	3.5938e+04	1.2760e+04	1.6843e-09	6.5330e-01	3.4670e-01	9.0860e-01	9.1398e-02	6.8049e-07	2.0211e-10	2.5818e-03	9.8872e-01	8.6995e-03	1.1755e-36	7.0319e-01	2.9680e-01	1.7457e-05	1.1755e-36	1.1755e-36	1.1755e-36	3.8381e-17	0.00e+00	0.00e+00	1.6433e+01
1.21466e+15	6.4670e+03	8.156e-16	3.5938e+04	1.2340e+04	1.8959e-09	6.6529e-01	3.3471e-01	9.1027e-01	8.9734e-02	6.7753e-07	2.1557e-10	2.5063e-03	9.8907e-01	8.4217e-03	1.1755e-36	7.1428e-01	2.8571e-01	1.6104e-05	1.1755e-36	1.1755e-36	1.1755e-36	4.2497e-17	0.00e+00	0.00e+00	1.6721e+01
1.21653e+15	6.4075e+03	7.729e-16	3.5938e+04	1.1928e+04	2.1216e-09	6.7648e-01	3.2352e-01	9.1173e-01	8.8272e-02	6.7672e-07	2.2862e-10	2.4313e-03	9.8940e-01	8.1678e-03	1.1755e-36	7.2460e-01	2.7539e-01	1.4904e-05	1.1755e-36	1.1755e-36	1.1755e-36	4.6635e-17	0.00e+00	0.00e+00	1.7003e+01
1.21838e+15	6.3454e+03	7.320e-16	3.5938e+04	1.1525e+04	2.3800e-09	6.8752e-01	3.1248e-01	9.1315e-01	8.6854e-02	6.7612e-07	2.4234e-10	2.3579e-03	9.8972e-01	7.9205e-03	1.1755e-36	7.3471e-01	2.6527e-01	1.3795e-05	1.1755e-36	1.1755e-36	1.1755e-36	5.1160e-17	0.00e+00	0.00e+00	1.7293e+01
1.22024e+15	6.2837e+03	6.922e-16	3.5938e+04	1.1126e+04	2.6710e-09	6.9848e-01	3.0152e-01	9.1451e-01	8.5485e-02	6.7617e-07	2.5681e-10	2.2847e-03	9.9004e-01	7.6780e-03	1.1755e-36	7.4471e-01	2.5528e-01	1.2756e-05	1.1755e-36	1.1755e-36	1.1755e-36	5.6149e-17	0.00e+00	0.00e+00	1.7590e+01
1.22211e+15	6.2190e+03	6.537e-16	3.5938e+04	1.0730e+04	3.0073e-09	7.0926e-01	2.9074e-01	9.1584e-01	8.4161e-02	6.7684e-07	2.7187e-10	2.2118e-03	9.9034e-01	7.4434e-03	1.1755e-36	7.5447e-01	2.4552e-01	1.1795e-05	1.1755e-36	1.1755e-36	1.1755e-36	6.1538e-17	0.00e+00	0.00e+00	1.7890e+01
1.22397e+15	6.1502e+03	6.170e-16	3.5938e+04	1.0342e+04	3.3998e-09	7.1982e-01	2.8018e-01	9.1709e-01	8.2911e-02	6.7798e-07	2.8759e-10	2.1402e-03	9.9065e-01	7.2146e-03	1.1755e-36	7.6404e-01	2.3595e-01	1.0907e-05	1.1755e-36	1.1755e-36	1.1755e-36	6.7397e-17	0.00e+00	0.00e+00	1.8192e+01
1.22581e+15	6.0802e+03	5.823e-16	3.5938e+04	9.9750e+03	3.8527e-09	7.3035e-01	2.6965e-01	9.1837e-01	8.1634e-02	6.7818e-07	3.0481e-10	2.0725e-03	9.9094e-01	6.9883e-03	1.1755e-36	7.7350e-01	2.2649e-01	1.0080e-05	1.1755e-36	1.1755e-36	1.1755e-36	7.4158e-17	0.00e+00	0.00e+00	1.8495e+01
1.22762e+15	6.0127e+03	5.495e-16	3.5938e+04	9.6140e+03	4.3492e-09	7.4023e-01	2.5977e-01	9.1949e-01	8.0506e-02	6.8023e-07	3.2159e-10	2.0052e-03	9.9122e-01	6.7789e-03	1.1755e-36	7.8235e-01	2.1765e-01	9.3383e-06	1.1755e-36	1.1755e-36	1.1755e-36	8.1022e-17	0.00e+00	0.00e+00	1.8794e+01
1.22940e+15	5.9441e+03	5.182e-16	3.5938e+04	9.2637e+03	4.9185e-09	7.4990e-01	2.5010e-01	9.2060e-01	7.9401e-02	6.8238e-07	3.3925e-10	1.9398e-03	9.9149e-01	6.5752e-03	1.1755e-36	7.9097e-01	2.0902e-01	8.6505e-06	1.1755e-36	1.1755e-36	1.1755e-36	8.8590e-17	0.00e+00	0.00e+00	1.9101e+01
1.23121e+15	5.8792e+03	4.879e-16	3.5938e+04	8.9111e+03	5.5421e-09	7.5917e-01	2.4083e-01	9.2158e-01	7.8418e-02	6.8675e-07	3.5668e-10	1.8732e-03	9.9174e-01	6.3824e-03	1.1755e-36	7.9920e-01	2.0080e-01	8.0164e-06	1.1755e-36	1.1755e-36	1.1755e-36	9.6391e-17	0.00e+00	0.00e+00	1.9412e+01
1.23303e+15	5.8029e+03	4.589e-16	3.5938e+04	8.5736e+03	6.3386e-09	7.6875e-01	2.3125e-01	9.2269e-01	7.7313e-02	6.8877e-07	3.7704e-10	1.8100e-03	9.9201e-01	6.1839e-03	1.1755e-36	8.0766e-01	1.9234e-01	7.4104e-06	1.1755e-36	1.1755e-36	1.1755e-36	1.0601e-16	0.00e+00	0.00e+00	1.9732e+01
1.23483e+15	5.7329e+03	4.317e-16	3.5938e+04	8.2404e+03	7.1907e-09	7.7756e-01	2.2244e-01	9.2360e-01	7.6401e-02	6.9364e-07	3.9624e-10	1.7466e-03	9.9225e-01	6.0023e-03	1.1755e-36	8.1543e-01	1.8456e-01	6.8680e-06	1.1755e-36	1.1755e-36	1.1755e-36	1.1553e-16	0.00e+00	0.00e+00	2.0043e+01
1.23659e+15	5.6549e+03	4.065e-16	3.5938e+04	7.9312e+03	8.2457e-09	7.8641e-01	2.1359e-01	9.2461e-01	7.5388e-02	6.9598e-07	4.1823e-10	1.6885e-03	9.9249e-01	5.8217e-03	1.1755e-36	8.2319e-01	1.7681e-01	6.3648e-06	1.1755e-36	1.1755e-36	1.1755e-36	1.2712e-16	0.00e+00	0.00e+00	2.0355e+01
1.23832e+15	5.5843e+03	3.827e-16	3.5938e+04	7.6243e+03	9.3688e-09	7.9453e-01	2.0547e-01	9.2544e-01	7.4561e-02	7.0137e-07	4.3891e-10	1.6297e-03	9.9271e-01	5.6563e-03	1.1755e-36	8.3030e-01	1.6969e-01	5.9115e-06	1.1755e-36	1.1755e-36	1.1755e-36	1.3862e-16	0.00e+00	0.00e+00	2.0667e+01
1.24005e+15	5.5049e+03	3.603e-16	3.5938e+04	7.3373e+03	1.0781e-08	8.0279e-01	1.9721e-01	9.2638e-01	7.3617e-02	7.0408e-07	4.6318e-10	1.5755e-03	9.9293e-01	5.4897e-03	1.1755e-36	8.3748e-01	1.6251e-01	5.4851e-06	1.1755e-36	1.1755e-36	1.1755e-36	1.5305e-16	0.00e+00	0.00e+00	2.0980e+01
1.24156e+15	5.4416e+03	3.422e-16	3.5938e+04	7.0915e+03	1.2088e-08	8.0931e-01	1.9069e-01	9.2704e-01	7.2964e-02	7.0901e-07	4.8289e-10	1.5283e-03	9.9311e-01	5.3589e-03	1.1755e-36	8.4315e-01	1.5685e-01	5.1550e-06	1.1755e-36	1.1755e-36	1.1755e-36	1.6547e-16	0.00e+00	0.00e+00	2.1220e+01
1.24282e+15	5.3807e+03	3.274e-16	3.5938e+04	6.8890e+03	1.3460e-08	8.1495e-01	1.8505e-01	9.2766e-01	7.2338e-02	7.1180e-07	5.0210e-10	1.4897e-03	9.9326e-01	5.2462e-03	1.1755e-36	8.4805e-01	1.5195e-01	4.8841e-06	1.1755e-36	1.1755e-36	1.1755e-36	1.7827e-16	0.00e+00	0.00e+00	2.1444e+01
1.24402e+15	5.3247e+03	3.137e-16	3.5938e+04	6.7012e+03	1.4897e-08	8.2026e-01	1.7974e-01	9.2825e-01	7.1748e-02	7.1457e-07	5.2162e-10	1.4538e-03	9.9341e-01	5.1405e-03	1.1755e-36	8.5263e-01	1.4737e-01	4.6369e-06	1.1755e-36	1.1755e-36	1.1755e-36	1.9199e-16	0.00e+00	0.00e+00	2.1666e+01
1.24523e+15	5.2693e+03	3.003e-16	3.5938e+04	6.5126e+03	1.6494e-08	8.2545e-01	1.7455e-01	9.2881e-01	7.1188e-02	7.1813e-07	5.4192e-10	1.4175e-03	9.9355e-01	5.0371e-03	1.1755e-36	8.5710e-01	1.4289e-01	4.3999e-06	1.1755e-36	1.1755e-36	1.1755e-36	2.0703e-16	0.00e+00	0.00e+00	2.1897e+01
1.24649e+15	5.2046e+03	2.870e-16	3.5938e+04	6.3207e+03	1.8527e-08	8.3084e-01	1.6916e-01	9.2942e-01	7.0576e-02	7.2101e-07	5.6550e-10	1.3809e-03	9.9369e-01	4.9317e-03	1.1755e-36	8.6173e-01	1.3827e-01	4.1666e-06	1.1755e-36	1.1755e-36	1.1755e-36	2.2560e-16	0.00e+00	0.00e+00	2.2137e+01
1.24770e+15	5.1520e+03	2.748e-16	3.5938e+04	6.1414e+03	2.0463e-08	8.3564e-01	1.6436e-01	9.2991e-01	7.0085e-02	7.2558e-07	5.8732e-10	1.3460e-03	9.9382e-01	4.8362e-03	1.1755e-36	8.6586e-01	1.3414e-01	3.9576e-06	1.1755e-36	1.1755e-36	1.1755e-36	2.4378e-16	0.00e+00	0.00e+00	2.2357e+01
1.24890e+15	5.0935e+03	2.630e-16	3.5938e+04	5.9665e+03	2.2816e-08	8.4050e-01	1.5950e-01	9.3045e-01	6.9547e-02	7.2914e-07	6.1243e-10	1.3124e-03	9.9395e-01	4.7416e-03	1.1755e-36	8.7000e-01	1.3000e-01	3.7578e-06	1.1755e-36	1.1755e-36	1.1755e-36	2.6600e-16	0.00e+00	0.00e+00	2.2590e+01
1.25010e+15	5.0366e+03	2.517e-16	3.5938e+04	5.7937e+03	2.5399e-08	8.4512e-01	1.5488e-01	9.3094e-01	6.9060e-02	7.3364e-07	6.3828e-10	1.2787e-03	9.9407e-01	4.6507e-03	1.1755e-36	8.7397e-01	1.2603e-01	3.5689e-06	1.1755e-36	1.1755e-36	1.1755e-36	2.9034e-16	0.00e+00	0.00e+00	2.2818e+01
1.25128e+15	4.9783e+03	2.411e-16	3.5938e+04	5.6303e+03	2.8346e-08	8.4965e-01	1.5035e-01	9.3145e-01	6.8554e-02	7.3728e-07	6.6730e-10	1.2471e-03	9.9420e-01	4.5572e-03	1.1755e-36	8.7783e-01	1.2217e-01	3.3921e-06	1.1755e-36	1.1755e-36	1.1755e-36	3.1862e-16	0.00e+00	0.00e+00	2.3044e+01
1.25243e+15	4.9204e+03	2.313e-16	3.5938e+04	5.4745e+03	3.1612e-08	8.5394e-01	1.4606e-01	9.3193e-01	6.8071e-02	7.4089e-07	6.9821e-10	1.2170e-03	9.9432e-01	4.4596e-03	1.1755e-36	8.8148e-01	1.1851e-01	3.2293e-06	1.1755e-36	1.1755e-36	1.1755e-36	3.4931e-16	0.00e+00	0.00e+00	2.3262e+01
1.25354e+15	4.8640e+03	2.221e-16	3.5938e+04	5.3273e+03	3.5190e-08	8.5800e-01	1.4200e-01	9.3239e-01	6.7612e-02	7.4444e-07	7.3024e-10	1.1886e-03	9.9444e-01	4.3671e-03	1.1755e-36	8.8493e-01	1.1507e-01	3.0796e-06	1.1755e-36	1.1755e-36	1.1755e-36	3.8314e-16	0.00e+00	0.00e+00	2.3474e+01
1.25462e+15	4.8083e+03	2.135e-16	3.5938e+04	5.1866e+03	3.9146e-08	8.6185e-01	1.3815e-01	9.3284e-01	6.7163e-02	7.4785e-07	7.6376e-10	1.1614e-03	9.9456e-01	4.2776e-03	1.1755e-36	8.8823e-01	1.1177e-01	2.9389e-06	1.1755e-36	1.1755e-36	1.1755e-36	4.2080e-16	0.00e+00	0.00e+00	2.3683e+01
1.25568e+15	4.7527e+03	2.053e-16	3.5938e+04	5.0505e+03	4.3587e-08	8.6560e-01	1.3440e-01	9.3327e-01	6.6727e-02	7.5126e-07	7.9969e-10	1.1350e-03	9.9467e-01	4.1912e-03	1.1755e-36	8.9140e-01	1.0859e-01	2.8072e-06	1.1755e-36	1.1755e-36	1.1755e-36	4.6383e-16	0.00e+00	0.00e+00	2.3892e+01
1.25673e+15	4.6975e+03	1.975e-16	3.5938e+04	4.9193e+03	4.8543e-08	8.6921e-01	1.3079e-01	9.3370e-01	6.6304e-02	7.5465e-07	8.3787e-10	1.1096e-03	9.9478e-01	4.1075e-03	1.1755e-36	8.9446e-01	1.0554e-01	2.6834e-06	1.1755e-36	1.1755e-36	1.1755e-36	5.1263e-16	0.00e+00	0.00e+00	2.4097e+01
1.25776e+15	4.6429e+03	1.902e-16	3.5938e+04	4.7935e+03	5.4042e-08	8.7267e-01	1.2733e-01	9.3411e-01	6.5893e-02	7.5798e-07	8.7836e-10	1.0852e-03	9.9489e-01	4.0269e-03	1.1755e-36	8.9738e-01	1.0262e-01	2.5674e-06	1.1755e-36	1.1755e-36	1.1755e-36	5.6790e-16	0.00e+00	0.00e+00	2.4298e+01
1.25877e+15	4.5890e+03	1.832e-16	3.5938e+04	4.6725e+03	6.0151e-08	8.7600e-01	1.2400e-01	9.3451e-01	6.5492e-02	7.6122e-07	9.2146e-10	1.0618e-03	9.9499e-01	3.9491e-03	1.1755e-36	9.0019e-01	9.9808e-02	2.4584e-06	1.1755e-36	1.1755e-36	1.1755e-36	6.3075e-16	0.00e+00	0.00e+00	2.4497e+01
1.25976e+15	4.5392e+03	1.766e-16	3.5938e+04	4.5570e+03	6.6545e-08	8.7920e-01	1.2080e-01	9.3488e-01	6.5121e-02	7.6490e-07	9.6584e-10	1.0392e-03	9.9509e-01	3.8753e-03	1.1755e-36	9.0284e-01	9.7155e-02	2.3569e-06	1.1755e-36	1.1755e-36	1.1755e-36	6.9975e-16	0.00e+00	0.00e+00	2.4694e+01
1.26077e+15	4.4867e+03	1.701e-16	3.5938e+04	4.4397e+03	7.4017e-08	8.8234e-01	1.1766e-01	9.3524e-01	6.4756e-02	7.6894e-07	1.0146e-09	1.0163e-03	9.9518e-01	3.8013e-03	1.1755e-36	9.0548e-01	9.4519e-02	2.2575e-06	1.1755e-36	1.1755e-36	1.1755e-36	7.8097e-16	0.00e+00	0.00e+00	2.4899e+01
1.26179e+15	4.4271e+03	1.638e-16	3.5938e+04	4.3282e+03	8.3474e-08	8.8564e-01	1.1436e-01	9.3572e-01	6.4284e-02	7.7028e-07	1.0749e-09	9.9511e-04	9.9528e-01	3.7232e-03	1.1755e-36	9.0825e-01	9.1750e-02	2.1585e-06	1.1755e-36	1.1755e-36	1.1755e-36	8.8851e-16	0.00e+00	0.00e+00	2.5104e+01
1.26275e+15	4.3774e+03	1.582e-16	3.5938e+04	4.2215e+03	9.2392e-08	8.8837e-01	1.1163e-01	9.3602e-01	6.3983e-02	7.7474e-07	1.1279e-09	9.7422e-04	9.9537e-01	3.6577e-03	1.1755e-36	9.1055e-01	8.9452e-02	2.0748e-06	1.1755e-36	1.1755e-36	1.1755e-36	9.9078e-16	0.00e+00	0.00e+00	2.5284e+01
1.26366e+15	4.3277e+03	1.529e-16	3.5938e+04	4.1224e+03	1.0233e-07	8.9108e-01	1.0892e-01	9.3636e-01	6.3641e-02	7.7789e-07	1.1865e-09	9.5497e-04	9.9545e-01	3.5931e-03	1.1755e-36	9.1281e-01	8.7190e-02	1.9949e-06	1.1755e-36	1.1755e-36	1.1755e-36	1.1111e-15	0.00e+00	0.00e+00	2.5472e+01
1.26460e+15	4.2712e+03	1.477e-16	3.5938e+04	4.0248e+03	1.1490e-07	8.9396e-01	1.0604e-01	9.3679e-01	6.3211e-02	7.7905e-07	1.2586e-09	9.3649e-04	9.9554e-01	3.5242e-03	1.1755e-36	9.1521e-01	8.4786e-02	1.9136e-06	1.1755e-36	1.1755e-36	1.1755e-36	1.2699e-15	0.00e+00	0.00e+00	2.5666e+01
1.26552e+15	4.2232e+03	1.428e-16	3.5938e+04	3.9287e+03	1.2691e-07	8.9643e-01	1.0357e-01	9.3707e-01	6.2927e-02	7.8328e-07	1.3242e-09	9.1767e-04	9.9562e-01	3.4643e-03	1.1755e-36	9.1728e-01	8.2720e-02	1.8423e-06	1.1755e-36	1.1755e-36	1.1755e-36	1.4258e-15	0.00e+00	0.00e+00	2.5844e+01
1.26642e+15	4.1692e+03	1.382e-16	3.5938e+04	3.8391e+03	1.4188e-07	8.9906e-01	1.0094e-01	9.3748e-01	6.2520e-02	7.8435e-07	1.4053e-09	9.0074e-04	9.9570e-01	3.4006e-03	1.1755e-36	9.1948e-01	8.0523e-02	1.7704e-06	1.1755e-36	1.1755e-36	1.1755e-36	1.6317e-15	0.00e+00	0.00e+00	2.6033e+01
1.26732e+15	4.1217e+03	1.337e-16	3.5938e+04	3.7477e+03	1.5653e-07	9.0139e-01	9.8608e-02	9.3775e-01	6.2249e-02	7.8866e-07	1.4810e-09	8.8284e-04	9.9577e-01	3.3437e-03	1.1755e-36	9.2142e-01	7.8579e-02	1.7054e-06	1.1755e-36	1.1755e-36	1.1755e-36	1.8393e-15	0.00e+00	0.00e+00	2.6212e+01
1.26822e+15	4.0664e+03	1.293e-16	3.5938e+04	3.6616e+03	1.7540e-07	9.0397e-01	9.6033e-02	9.3817e-01	6.1829e-02	7.8928e-07	1.5782e-09	8.6668e-04	9.9585e-01	3.2811e-03	1.1755e-36	9.2356e-01	7.6439e-02	1.6379e-06	1.1755e-36	1.1755e-36	1.1755e-36	2.1241e-15	0.00e+00	0.00e+00	2.6404e+01
1.26912e+15	4.0147e+03	1.251e-16	3.5938e+04	3.5750e+03	1.9492e-07	9.0630e-01	9.3696e-02	9.3849e-01	6.1509e-02	7.9212e-07	1.6743e-09	8.5009e-04	9.9593e-01	3.2241e-03	1.1755e-36	9.2550e-01	7.4493e-02	1.5764e-06	1.1755e-36	1.1755e-36	1.1755e-36	2.4293e-15	0.00e+00	0.00e+00	2.6583e+01
1.26999e+15	3.9643e+03	1.211e-16	3.5938e+04	3.4928e+03	2.1589e-07	9.0857e-01	9.1432e-02	9.3881e-01	6.1190e-02	7.9468e-07	1.7759e-09	8.3440e-04	9.9600e-01	3.1694e-03	1.1755e-36	9.2739e-01	7.2613e-02	1.5181e-06	1.1755e-36	1.1755e-36	1.1755e-36	2.7756e-15	0.00e+00	0.00e+00	2.6762e+01
###########################
1.48559e+11	8.3991e+03	3.448e-15	3.5938e+04	3.8527e+04	4.5847e-14	1.0609e-02	9.8939e-01	5.5648e-02	9.4382e-01	5.3140e-04	4.6970e-15	1.6447e-03	5.1945e-01	4.7884e-01	6.8307e-05	1.1554e-02	9.0497e-01	8.3474e-02	5.8513e-06	1.1755e-36	1.1755e-36	3.4589e-23	0.00e+00	0.00e+00	7.1537e-04
8.91357e+11	8.3941e+03	3.443e-15	3.5938e+04	3.8502e+04	4.5785e-14	1.0596e-02	9.8940e-01	5.5638e-02	9.4383e-01	5.3107e-04	4.6716e-15	1.6398e-03	5.1943e-01	4.7886e-01	6.8428e-05	1.1539e-02	9.0491e-01	8.3543e-02	5.8388e-06	1.1755e-36	1.1755e-36	3.4257e-23	0.00e+00	0.00e+00	3.5732e-03
3.86255e+12	8.3825e+03	3.431e-15	3.5938e+04	3.8496e+04	4.5975e-14	1.0587e-02	9.8941e-01	5.5752e-02	9.4372e-01	5.2711e-04	4.6736e-15	1.6390e-03	5.2003e-01	4.7827e-01	6.8096e-05	1.1534e-02	9.0507e-01	8.3391e-02	5.7473e-06	1.1755e-36	1.1755e-36	3.4201e-23	0.00e+00	0.00e+00	1.4995e-02
1.57473e+13	8.3614e+03	3.395e-15	3.5938e+04	3.8492e+04	4.6559e-14	1.0601e-02	9.8940e-01	5.6297e-02	9.4319e-01	5.0802e-04	4.7172e-15	1.6490e-03	5.2273e-01	4.7556e-01	6.6751e-05	1.1569e-02	9.0599e-01	8.2434e-02	5.3560e-06	1.1755e-36	1.1755e-36	3.4325e-23	0.00e+00	0.00e+00	6.0742e-02
3.76153e+13	8.2654e+03	3.277e-15	3.5938e+04	3.8497e+04	4.6546e-14	1.0357e-02	9.8964e-01	5.6572e-02	9.4294e-01	4.9260e-04	4.5098e-15	1.6357e-03	5.2473e-01	4.7357e-01	6.6024e-05	1.1321e-02	9.0630e-01	8.2376e-02	4.9999e-06	1.1755e-36	1.1755e-36	3.1677e-23	0.00e+00	0.00e+00	1.1885e-01
6.60436e+13	8.1701e+03	3.170e-15	3.5938e+04	3.8501e+04	4.7615e-14	1.0236e-02	9.8976e-01	5.7325e-02	9.4221e-01	4.5988e-04	4.4326e-15	1.6415e-03	5.2885e-01	4.6945e-01	6.4027e-05	1.1224e-02	9.0757e-01	8.1206e-02	4.4394e-06	1.1755e-36	1.1755e-36	3.0253e-23	0.00e+00	0.00e+00	1.9350e-01
1.03000e+14	8.0738e+03	3.068e-15	3.5938e+04	3.8499e+04	4.9777e-14	1.0222e-02	9.8978e-01	5.8670e-02	9.4092e-01	4.1120e-04	4.4703e-15	1.6654e-03	5.3548e-01	4.6280e-01	6.0782e-05	1.1261e-02	9.0986e-01	7.8878e-02	3.7151e-06	1.1755e-36	1.1755e-36	2.9785e-23	0.00e+00	0.00e+00	2.9042e-01
1.51044e+14	7.9761e+03	2.973e-15	3.5938e+04	3.8489e+04	5.3501e-14	1.0346e-02	9.8965e-01	6.0865e-02	9.3879e-01	3.4782e-04	4.6606e-15	1.7128e-03	5.4556e-01	4.5267e-01	5.6149e-05	1.1473e-02	9.1340e-01	7.5128e-02	2.8766e-06	1.1755e-36	1.1755e-36	3.0487e-23	0.00e+00	0.00e+00	4.1794e-01
2.13501e+14	7.8788e+03	2.887e-15	3.5938e+04	3.8469e+04	5.9792e-14	1.0677e-02	9.8932e-01	6.4398e-02	9.3533e-01	2.7372e-04	5.1001e-15	1.7956e-03	5.6060e-01	4.3756e-01	5.0001e-05	1.1946e-02	9.1847e-01	6.9582e-02	2.0048e-06	1.1755e-36	1.1755e-36	3.3070e-23	0.00e+00	0.00e+00	5.8902e-01
2.94696e+14	7.7853e+03	2.815e-15	3.5938e+04	3.8430e+04	7.0817e-14	1.1350e-02	9.8865e-01	7.0202e-02	9.2960e-01	1.9624e-04	6.0064e-15	1.9341e-03	5.8300e-01	4.1503e-01	4.2261e-05	1.2848e-02	9.2536e-01	6.1790e-02	1.2076e-06	1.1755e-36	1.1755e-36	3.9250e-23	0.00e+00	0.00e+00	8.2545e-01
3.98539e+14	7.6972e+03	2.770e-15	3.5938e+04	3.8378e+04	9.1738e-14	1.2623e-02	9.8738e-01	8.0065e-02	9.1981e-01	1.2581e-04	7.9103e-15	2.1613e-03	6.1604e-01	3.8176e-01	3.3087e-05	1.4497e-02	9.3400e-01	5.1499e-02	5.9845e-07	1.1755e-36	1.1755e-36	5.3652e-23	0.00e+00	0.00e+00	1.1575e+00
5.02558e+14	7.6300e+03	2.752e-15	3.5938e+04	3.8247e+04	1.2293e-13	1.4355e-02	9.8564e-01	9.2898e-02	9.0702e-01	7.9612e-05	1.0888e-14	2.4360e-03	6.5233e-01	3.4521e-01	2.5159e-05	1.6711e-02	9.4160e-01	4.1687e-02	2.8452e-07	1.1755e-36	1.1755e-36	7.8210e-23	0.00e+00	0.00e+00	1.4576e+00
5.83328e+14	7.6208e+03	2.771e-15	3.5938e+04	3.8134e+04	1.6069e-13	1.6364e-02	9.8364e-01	1.0707e-01	8.9287e-01	5.5538e-05	1.5027e-14	2.7127e-03	6.8522e-01	3.1205e-01	1.9399e-05	1.9244e-02	9.4682e-01	3.3935e-02	1.4944e-07	1.1755e-36	1.1755e-36	1.1641e-22	0.00e+00	0.00e+00	1.7154e+00
6.48285e+14	7.6291e+03	2.804e-15	3.5938e+04	3.7997e+04	2.0766e-13	1.8613e-02	9.8139e-01	1.2255e-01	8.7741e-01	4.1290e-05	2.0602e-14	2.9838e-03	7.1497e-01	2.8203e-01	1.5072e-05	2.2063e-02	9.5017e-01	2.7764e-02	1.1755e-36	1.1755e-36	1.1755e-36	1.7319e-22	0.00e+00	0.00e+00	1.9710e+00
7.07648e+14	7.6205e+03	2.856e-15	3.5938e+04	3.7859e+04	2.7812e-13	2.1424e-02	9.7858e-01	1.4157e-01	8.5840e-01	3.1270e-05	2.9046e-14	3.2794e-03	7.4497e-01	2.5174e-01	1.1415e-05	2.5569e-02	9.5210e-01	2.2332e-02	1.1755e-36	1.1755e-36	1.1755e-36	2.6774e-22	0.00e+00	0.00e+00	2.2540e+00
7.63298e+14	7.6349e+03	2.910e-15	3.5938e+04	3.7648e+04	3.7535e-13	2.4898e-02	9.7510e-01	1.6472e-01	8.3526e-01	2.3928e-05	4.1804e-14	3.5858e-03	7.7444e-01	2.2196e-01	8.4301e-06	2.9889e-02	9.5251e-01	1.7602e-02	1.1755e-36	1.1755e-36	1.1755e-36	4.2713e-22	0.00e+00	0.00e+00	2.5540e+00
8.13047e+14	7.6518e+03	2.974e-15	3.5938e+04	3.7440e+04	5.1361e-13	2.9132e-02	9.7087e-01	1.9228e-01	8.0770e-01	1.8706e-05	6.1153e-14	3.8957e-03	8.0236e-01	1.9374e-01	6.0988e-06	3.5135e-02	9.5118e-01	1.3686e-02	1.1755e-36	1.1755e-36	1.1755e-36	6.9844e-22	0.00e+00	0.00e+00	2.8608e+00
8.56000e+14	7.6734e+03	3.036e-15	3.5938e+04	3.7177e+04	7.0003e-13	3.4043e-02	9.6596e-01	2.2332e-01	7.7666e-01	1.4961e-05	8.9106e-14	4.1832e-03	8.2724e-01	1.6857e-01	4.3885e-06	4.1198e-02	9.4819e-01	1.0612e-02	1.1755e-36	1.1755e-36	1.1755e-36	1.1379e-21	0.00e+00	0.00e+00	3.1659e+00
8.92976e+14	7.6990e+03	3.096e-15	3.5938e+04	3.6927e+04	9.4924e-13	3.9701e-02	9.6030e-01	2.5771e-01	7.4228e-01	1.2205e-05	1.2949e-13	4.4488e-03	8.4920e-01	1.4634e-01	3.1458e-06	4.8159e-02	9.4362e-01	8.2183e-03	1.1755e-36	1.1755e-36	1.1755e-36	1.8504e-21	0.00e+00	0.00e+00	3.4764e+00
9.25540e+14	7.7178e+03	3.151e-15	3.5938e+04	3.6607e+04	1.2915e-12	4.6262e-02	9.5374e-01	2.9566e-01	7.0433e-01	1.0055e-05	1.8790e-13	4.6857e-03	8.6855e-01	1.2677e-01	2.2430e-06	5.6203e-02	9.3745e-01	6.3452e-03	1.1755e-36	1.1755e-36	1.1755e-36	2.9967e-21	0.00e+00	0.00e+00	3.7983e+00
9.54726e+14	7.7436e+03	3.191e-15	3.5938e+04	3.6146e+04	1.7461e-12	5.3799e-02	9.4620e-01	3.3679e-01	6.6320e-01	8.3292e-06	2.7125e-13	4.8806e-03	8.8539e-01	1.0972e-01	1.5942e-06	6.5406e-02	9.2971e-01	4.8801e-03	1.1755e-36	1.1755e-36	1.1755e-36	4.8071e-21	0.00e+00	0.00e+00	4.1367e+00
9.81422e+14	7.7591e+03	3.236e-15	3.5938e+04	3.5762e+04	2.4154e-12	6.3035e-02	9.3697e-01	3.8291e-01	6.1708e-01	6.8927e-06	4.0157e-13	5.0693e-03	9.0079e-01	9.4143e-02	1.1092e-06	7.6635e-02	9.1966e-01	3.7008e-03	1.1755e-36	1.1755e-36	1.1755e-36	7.9696e-21	0.00e+00	0.00e+00	4.5040e+00
1.00559e+15	7.7883e+03	3.255e-15	3.5938e+04	3.5160e+04	3.3023e-12	7.3628e-02	9.2637e-01	4.3096e-01	5.6904e-01	5.7216e-06	5.8929e-13	5.1983e-03	9.1384e-01	8.0962e-02	7.7279e-07	8.9448e-02	9.0775e-01	2.7970e-03	1.1755e-36	1.1755e-36	1.1755e-36	1.3009e-20	0.00e+00	0.00e+00	4.8824e+00
1.02732e+15	7.8008e+03	3.268e-15	3.5938e+04	3.4557e+04	4.5879e-12	8.6190e-02	9.1381e-01	4.8103e-01	5.1897e-01	4.7433e-06	8.7411e-13	5.3039e-03	9.2520e-01	6.9494e-02	5.3450e-07	1.0456e-01	8.9334e-01	2.1018e-03	1.1755e-36	1.1755e-36	1.1755e-36	2.1502e-20	0.00e+00	0.00e+00	5.2897e+00
1.04727e+15	7.8188e+03	3.263e-15	3.5938e+04	3.3875e+04	6.3925e-12	1.0105e-01	8.9895e-01	5.3191e-01	4.6808e-01	3.9295e-06	1.3059e-12	5.3729e-03	9.3501e-01	5.9613e-02	3.6750e-07	1.2231e-01	8.7612e-01	1.5662e-03	1.1755e-36	1.1755e-36	1.1755e-36	3.5875e-20	0.00e+00	0.00e+00	5.7270e+00
1.06558e+15	7.8205e+03	3.237e-15	3.5938e+04	3.3043e+04	9.0420e-12	1.1859e-01	8.8141e-01	5.8233e-01	4.1767e-01	3.2459e-06	1.9591e-12	5.3969e-03	9.4341e-01	5.1189e-02	2.5200e-07	1.4310e-01	8.5574e-01	1.1600e-03	1.1755e-36	1.1755e-36	1.1755e-36	6.0077e-20	0.00e+00	0.00e+00	6.1994e+00
1.08254e+15	7.8269e+03	3.191e-15	3.5938e+04	3.2200e+04	1.2886e-11	1.3965e-01	8.6035e-01	6.3127e-01	3.6873e-01	2.6819e-06	2.9776e-12	5.3953e-03	9.5072e-01	4.3883e-02	1.7137e-07	1.6784e-01	8.3131e-01	8.4918e-04	1.1755e-36	1.1755e-36	1.1755e-36	1.0290e-19	0.00e+00	0.00e+00	6.7180e+00
1.09825e+15	7.8289e+03	3.104e-15	3.5938e+04	3.1069e+04	1.8394e-11	1.6389e-01	8.3611e-01	6.7681e-01	3.2319e-01	2.2191e-06	4.4774e-12	5.3236e-03	9.5683e-01	3.7850e-02	1.1755e-36	1.9600e-01	8.0338e-01	6.1965e-04	1.1755e-36	1.1755e-36	1.1755e-36	1.7386e-19	0.00e+00	0.00e+00	7.2776e+00
1.11294e+15	7.8004e+03	2.996e-15	3.5938e+04	2.9887e+04	2.7115e-11	1.9322e-01	8.0678e-01	7.1934e-01	2.8065e-01	1.8357e-06	6.8410e-12	5.2286e-03	9.6224e-01	3.2531e-02	1.1755e-36	2.2966e-01	7.6989e-01	4.4626e-04	1.1755e-36	1.1755e-36	1.1755e-36	3.0219e-19	0.00e+00	0.00e+00	7.9064e+00
1.12674e+15	7.7629e+03	2.849e-15	3.5938e+04	2.8529e+04	4.0477e-11	2.2775e-01	7.7225e-01	7.5729e-01	2.4271e-01	1.5315e-06	1.0460e-11	5.0849e-03	9.6692e-01	2.7992e-02	1.1755e-36	2.6872e-01	7.3096e-01	3.1805e-04	1.1755e-36	1.1755e-36	1.1755e-36	5.3084e-19	0.00e+00	0.00e+00	8.5921e+00
1.13895e+15	7.7110e+03	2.676e-15	3.5938e+04	2.7079e+04	5.9872e-11	2.6540e-01	7.3460e-01	7.8847e-01	2.1152e-01	1.3047e-06	1.5559e-11	4.9049e-03	9.7075e-01	2.4340e-02	1.1755e-36	3.1060e-01	6.8918e-01	2.2952e-04	1.1755e-36	1.1755e-36	1.1755e-36	9.0794e-19	0.00e+00	0.00e+00	9.2635e+00
1.14869e+15	7.6526e+03	2.505e-15	3.5938e+04	2.5727e+04	8.4111e-11	3.0105e-01	6.9895e-01	8.1120e-01	1.8880e-01	1.1529e-06	2.1628e-11	4.7199e-03	9.7361e-01	2.1671e-02	1.1755e-36	3.4958e-01	6.5024e-01	1.7362e-04	1.1755e-36	1.1755e-36	1.1755e-36	1.4292e-18	0.00e+00	0.00e+00	9.8325e+00
1.15603e+15	7.5925e+03	2.357e-15	3.5938e+04	2.4601e+04	1.1090e-10	3.3168e-01	6.6832e-01	8.2685e-01	1.7314e-01	1.0551e-06	2.7943e-11	4.5578e-03	9.7567e-01	1.9775e-02	1.1755e-36	3.8258e-01	6.1728e-01	1.3891e-04	1.1755e-36	1.1755e-36	1.1755e-36	2.0464e-18	0.00e+00	0.00e+00	1.0310e+01
1.16197e+15	7.5341e+03	2.223e-15	3.5938e+04	2.3614e+04	1.4047e-10	3.5900e-01	6.4100e-01	8.3891e-01	1.6109e-01	9.8253e-07	3.4556e-11	4.4097e-03	9.7729e-01	1.8301e-02	1.1755e-36	4.1163e-01	5.8825e-01	1.1486e-04	1.1755e-36	1.1755e-36	1.1755e-36	2.7647e-18	0.00e+00	0.00e+00	1.0761e+01
1.16739e+15	7.4739e+03	2.089e-15	3.5938e+04	2.2625e+04	1.7560e-10	3.8559e-01	6.1441e-01	8.4922e-01	1.5078e-01	9.2389e-07	4.1935e-11	4.2566e-03	9.7871e-01	1.7030e-02	1.1755e-36	4.3956e-01	5.6034e-01	9.5984e-05	1.1755e-36	1.1755e-36	1.1755e-36	3.6445e-18	0.00e+00	0.00e+00	1.1225e+01
1.17246e+15	7.4068e+03	1.956e-15	3.5938e+04	2.1625e+04	2.1821e-10	4.1171e-01	5.8829e-01	8.5828e-01	1.4172e-01	8.7509e-07	5.0166e-11	4.0985e-03	9.7999e-01	1.5911e-02	1.1755e-36	4.6668e-01	5.3323e-01	8.0853e-05	1.1755e-36	1.1755e-36	1.1755e-36	4.7128e-18	0.00e+00	0.00e+00	1.1678e+01
1.17699e+15	7.3409e+03	1.836e-15	3.5938e+04	2.0738e+04	2.6687e-10	4.3651e-01	5.6349e-01	8.6582e-01	1.3418e-01	8.3551e-07	5.9099e-11	3.9558e-03	9.8111e-01	1.4937e-02	1.1755e-36	4.9214e-01	5.0779e-01	6.9018e-05	1.1755e-36	1.1755e-36	1.1755e-36	5.9850e-18	0.00e+00	0.00e+00	1.2094e+01
1.18105e+15	7.2760e+03	1.722e-15	3.5938e+04	1.9882e+04	3.2130e-10	4.5950e-01	5.4050e-01	8.7211e-01	1.2789e-01	8.0524e-07	6.8301e-11	3.8153e-03	9.8208e-01	1.4106e-02	1.1755e-36	5.1549e-01	4.8445e-01	5.9676e-05	1.1755e-36	1.1755e-36	1.1755e-36	7.3991e-18	0.00e+00	0.00e+00	1.2503e+01
1.18484e+15	7.2100e+03	1.615e-15	3.5938e+04	1.9067e+04	3.8389e-10	4.8159e-01	5.1841e-01	8.7762e-01	1.2238e-01	7.7996e-07	7.8145e-11	3.6796e-03	9.8296e-01	1.3360e-02	1.1755e-36	5.3770e-01	4.6225e-01	5.1968e-05	1.1755e-36	1.1755e-36	1.1755e-36	9.0275e-18	0.00e+00	0.00e+00	1.2902e+01
1.18836e+15	7.1442e+03	1.515e-15	3.5938e+04	1.8291e+04	4.5488e-10	5.0267e-01	4.9733e-01	8.8247e-01	1.1753e-01	7.5911e-07	8.8538e-11	3.5489e-03	9.8376e-01	1.2689e-02	1.1755e-36	5.5869e-01	4.4127e-01	4.5571e-05	1.1755e-36	1.1755e-36	1.1755e-36	1.0872e-17	0.00e+00	0.00e+00	1.3291e+01
1.19168e+15	7.0783e+03	1.420e-15	3.5938e+04	1.7536e+04	5.3495e-10	5.2262e-01	4.7738e-01	8.8670e-01	1.1330e-01	7.4275e-07	9.9262e-11	3.4201e-03	9.8449e-01	1.2091e-02	1.1755e-36	5.7837e-01	4.2159e-01	4.0235e-05	1.1755e-36	1.1755e-36	1.1755e-36	1.2897e-17	0.00e+00	0.00e+00	1.3672e+01
1.19478e+15	7.0083e+03	1.333e-15	3.5938e+04	1.6836e+04	6.2728e-10	5.4178e-01	4.5822e-01	8.9052e-01	1.0948e-01	7.2807e-07	1.1066e-10	3.3005e-03	9.8516e-01	1.1537e-02	1.1755e-36	5.9714e-01	4.0282e-01	3.5720e-05	1.1755e-36	1.1755e-36	1.1755e-36	1.5189e-17	0.00e+00	0.00e+00	1.4040e+01
1.19728e+15	6.9565e+03	1.265e-15	3.5938e+04	1.6291e+04	7.0892e-10	5.5677e-01	4.4323e-01	8.9330e-01	1.0670e-01	7.1856e-07	1.2031e-10	3.2060e-03	9.8567e-01	1.1124e-02	1.1755e-36	6.1168e-01	3.8829e-01	3.2537e-05	1.1755e-36	1.1755e-36	1.1755e-36	1.7252e-17	0.00e+00	0.00e+00	1.4294e+01
1.19915e+15	6.9117e+03	1.214e-15	3.5938e+04	1.5874e+04	7.8176e-10	5.6837e-01	4.3163e-01	8.9538e-01	1.0462e-01	7.1147e-07	1.2830e-10	3.1337e-03	9.8606e-01	1.0810e-02	1.1755e-36	6.2287e-01	3.7710e-01	3.0264e-05	1.1755e-36	1.1755e-36	1.1755e-36	1.9028e-17	0.00e+00	0.00e+00	1.4516e+01
1.20094e+15	6.8674e+03	1.164e-15	3.5938e+04	1.5448e+04	8.6004e-10	5.7954e-01	4.2046e-01	8.9726e-01	1.0273e-01	7.0649e-07	1.3622e-10	3.0588e-03	9.8643e-01	1.0515e-02	1.1755e-36	6.3361e-01	3.6636e-01	2.8189e-05	1.1755e-36	1.1755e-36	1.1755e-36	2.0842e-17	0.00e+00	0.00e+00	1.4761e+01
1.20291e+15	6.8117e+03	1.110e-15	3.5938e+04	1.4985e+04	9.6211e-10	5.9218e-01	4.0782e-01	8.9942e-01	1.0058e-01	6.9989e-07	1.4590e-10	2.9781e-03	9.8683e-01	1.0187e-02	1.1755e-36	6.4570e-01	3.5428e-01	2.6023e-05	1.1755e-36	1.1755e-36	1.1755e-36	2.3143e-17	0.00e+00	0.00e+00	1.5041e+01
1.20498e+15	6.7528e+03	1.056e-15	3.5938e+04	1.4528e+04	1.0832e-09	6.0553e-01	3.9447e-01	9.0163e-01	9.8374e-02	6.9256e-07	1.5706e-10	2.8980e-03	9.8726e-01	9.8463e-03	1.1755e-36	6.5839e-01	3.4159e-01	2.3915e-05	1.1755e-36	1.1755e-36	1.1755e-36	2.5937e-17	0.00e+00	0.00e+00	1.5324e+01
1.20696e+15	6.7050e+03	1.004e-15	3.5938e+04	1.4066e+04	1.2011e-09	6.1742e-01	3.8258e-01	9.0342e-01	9.6582e-02	6.8989e-07	1.6709e-10	2.8154e-03	9.8763e-01	9.5554e-03	1.1755e-36	6.6963e-01	3.3035e-01	2.2117e-05	1.1755e-36	1.1755e-36	1.1755e-36	2.8534e-17	0.00e+00	0.00e+00	1.5590e+01
1.20889e+15	6.6425e+03	9.554e-16	3.5938e+04	1.3636e+04	1.3505e-09	6.2982e-01	3.7018e-01	9.0531e-01	9.4689e-02	6.8458e-07	1.7873e-10	2.7395e-03	9.8801e-01	9.2521e-03	1.1755e-36	6.8128e-01	3.1870e-01	2.0424e-05	1.1755e-36	1.1755e-36	1.1755e-36	3.1684e-17	0.00e+00	0.00e+00	1.5868e+01
1.21081e+15	6.5939e+03	9.073e-16	3.5938e+04	1.3195e+04	1.4968e-09	6.4130e-01	3.5870e-01	9.0691e-01	9.3086e-02	6.8333e-07	1.8966e-10	2.6597e-03	9.8836e-01	8.9808e-03	1.1755e-36	6.9203e-01	3.0795e-01	1.8903e-05	1.1755e-36	1.1755e-36	1.1755e-36	3.4753e-17	0.00e+00	0.00e+00	1.6143e+01
1.21273e+15	6.5302e+03	8.606e-16	3.5938e+04	1.2760e+04	1.6841e-09	6.5330e-01	3.4670e-01	9.0860e-01	9.1397e-02	6.8049e-07	2.0210e-10	2.5818e-03	9.8872e-01	8.6994e-03	1.1755e-36	7.0319e-01	2.9680e-01	1.7456e-05	1.1755e-36	1.1755e-36	1.1755e-36	3.8375e-17	0.00e+00	0.00e+00	1.6433e+01
1.21466e+15	6.4670e+03	8.156e-16	3.5938e+04	1.2340e+04	1.8958e-09	6.6529e-01	3.3471e-01	9.1027e-01	8.9733e-02	6.7752e-07	2.1556e-10	2.5063e-03	9.8907e-01	8.4217e-03	1.1755e-36	7.1428e-01	2.8570e-01	1.6104e-05	1.1755e-36	1.1755e-36	1.1755e-36	4.2491e-17	0.00e+00	0.00e+00	1.6721e+01
1.21653e+15	6.4075e+03	7.729e-16	3.5938e+04	1.1928e+04	2.1214e-09	6.7648e-01	3.2352e-01	9.1173e-01	8.8272e-02	6.7671e-07	2.2860e-10	2.4313e-03	9.8940e-01	8.1678e-03	1.1755e-36	7.2460e-01	2.7539e-01	1.4904e-05	1.1755e-36	1.1755e-36	1.1755e-36	4.6628e-17	0.00e+00	0.00e+00	1.7003e+01
1.21838e+15	6.3454e+03	7.320e-16	3.5938e+04	1.1525e+04	2.3798e-09	6.8752e-01	3.1248e-01	9.1315e-01	8.6853e-02	6.7611e-07	2.4232e-10	2.3579e-03	9.8972e-01	7.9205e-03	1.1755e-36	7.3472e-01	2.6527e-01	1.3795e-05	1.1755e-36	1.1755e-36	1.1755e-36	5.1153e-17	0.00e+00	0.00e+00	1.7293e+01
1.22025e+15	6.2837e+03	6.922e-16	3.5938e+04	1.1126e+04	2.6709e-09	6.9848e-01	3.0152e-01	9.1451e-01	8.5485e-02	6.7617e-07	2.5679e-10	2.2847e-03	9.9004e-01	7.6780e-03	1.1755e-36	7.4471e-01	2.5528e-01	1.2756e-05	1.1755e-36	1.1755e-36	1.1755e-36	5.6140e-17	0.00e+00	0.00e+00	1.7590e+01
1.22211e+15	6.2197e+03	6.537e-16	3.5938e+04	1.0730e+04	3.0051e-09	7.0924e-01	2.9076e-01	9.1584e-01	8.4163e-02	6.7690e-07	2.7182e-10	2.2118e-03	9.9034e-01	7.4436e-03	1.1755e-36	7.5446e-01	2.4553e-01	1.1795e-05	1.1755e-36	1.1755e-36	1.1755e-36	6.1521e-17	0.00e+00	0.00e+00	1.7890e+01
1.22397e+15	6.1501e+03	6.170e-16	3.5938e+04	1.0341e+04	3.3999e-09	7.1983e-01	2.8017e-01	9.1709e-01	8.2909e-02	6.7798e-07	2.8758e-10	2.1401e-03	9.9065e-01	7.2144e-03	1.1755e-36	7.6404e-01	2.3595e-01	1.0906e-05	1.1755e-36	1.1755e-36	1.1755e-36	6.7389e-17	0.00e+00	0.00e+00	1.8192e+01
1.22581e+15	6.0799e+03	5.822e-16	3.5938e+04	9.9746e+03	3.8535e-09	7.3036e-01	2.6964e-01	9.1837e-01	8.1631e-02	6.7815e-07	3.0481e-10	2.0724e-03	9.9094e-01	6.9879e-03	1.1755e-36	7.7351e-01	2.2648e-01	1.0079e-05	1.1755e-36	1.1755e-36	1.1755e-36	7.4158e-17	0.00e+00	0.00e+00	1.8496e+01
1.22762e+15	6.0126e+03	5.495e-16	3.5938e+04	9.6138e+03	4.3490e-09	7.4022e-01	2.5978e-01	9.1949e-01	8.0506e-02	6.8023e-07	3.2156e-10	2.0052e-03	9.9122e-01	6.7790e-03	1.1755e-36	7.8234e-01	2.1765e-01	9.3384e-06	1.1755e-36	1.1755e-36	1.1755e-36	8.1006e-17	0.00e+00	0.00e+00	1.8794e+01
1.22941e+15	5.9442e+03	5.182e-16	3.5938e+04	9.2638e+03	4.9174e-09	7.4990e-01	2.5010e-01	9.2060e-01	7.9402e-02	6.8239e-07	3.3921e-10	1.9398e-03	9.9148e-01	6.5753e-03	1.1755e-36	7.9097e-01	2.0902e-01	8.6507e-06	1.1755e-36	1.1755e-36	1.1755e-36	8.8571e-17	0.00e+00	0.00e+00	1.9100e+01
1.23121e+15	5.8792e+03	4.879e-16	3.5938e+04	8.9110e+03	5.5415e-09	7.5917e-01	2.4083e-01	9.2158e-01	7.8417e-02	6.8675e-07	3.5666e-10	1.8732e-03	9.9174e-01	6.3824e-03	1.1755e-36	7.9920e-01	2.0080e-01	8.0162e-06	1.1755e-36	1.1755e-36	1.1755e-36	9.6380e-17	0.00e+00	0.00e+00	1.9413e+01
1.23303e+15	5.8028e+03	4.589e-16	3.5938e+04	8.5734e+03	6.3388e-09	7.6876e-01	2.3124e-01	9.2269e-01	7.7312e-02	6.8876e-07	3.7704e-10	1.8100e-03	9.9201e-01	6.1837e-03	1.1755e-36	8.0766e-01	1.9233e-01	7.4100e-06	1.1755e-36	1.1755e-36	1.1755e-36	1.0601e-16	0.00e+00	0.00e+00	1.9732e+01
1.23483e+15	5.7329e+03	4.317e-16	3.5938e+04	8.2402e+03	7.1910e-09	7.7756e-01	2.2244e-01	9.2360e-01	7.6399e-02	6.9363e-07	3.9623e-10	1.7466e-03	9.9225e-01	6.0022e-03	1.1755e-36	8.1544e-01	1.8455e-01	6.8676e-06	1.1755e-36	1.1755e-36	1.1755e-36	1.1553e-16	0.00e+00	0.00e+00	2.0044e+01
1.23659e+15	5.6549e+03	4.065e-16	3.5938e+04	7.9311e+03	8.2457e-09	7.8642e-01	2.1358e-01	9.2461e-01	7.5387e-02	6.9597e-07	4.1822e-10	1.6885e-03	9.9249e-01	5.8216e-03	1.1755e-36	8.2319e-01	1.7681e-01	6.3646e-06	1.1755e-36	1.1755e-36	1.1755e-36	1.2712e-16	0.00e+00	0.00e+00	2.0356e+01
1.23833e+15	5.5843e+03	3.827e-16	3.5938e+04	7.6243e+03	9.3687e-09	7.9453e-01	2.0547e-01	9.2544e-01	7.4560e-02	7.0136e-07	4.3890e-10	1.6297e-03	9.9271e-01	5.6562e-03	1.1755e-36	8.3030e-01	1.6969e-01	5.9114e-06	1.1755e-36	1.1755e-36	1.1755e-36	1.3862e-16	0.00e+00	0.00e+00	2.0667e+01
1.24005e+15	5.5049e+03	3.603e-16	3.5938e+04	7.3373e+03	1.0781e-08	8.0279e-01	1.9721e-01	9.2638e-01	7.3616e-02	7.0407e-07	4.6318e-10	1.5755e-03	9.9293e-01	5.4897e-03	1.1755e-36	8.3748e-01	1.6251e-01	5.4850e-06	1.1755e-36	1.1755e-36	1.1755e-36	1.5304e-16	0.00e+00	0.00e+00	2.0980e+01
1.24156e+15	5.4415e+03	3.422e-16	3.5938e+04	7.0914e+03	1.2088e-08	8.0931e-01	1.9069e-01	9.2704e-01	7.2963e-02	7.0900e-07	4.8289e-10	1.5282e-03	9.9311e-01	5.3589e-03	1.1755e-36	8.4315e-01	1.5684e-01	5.1548e-06	1.1755e-36	1.1755e-36	1.1755e-36	1.6547e-16	0.00e+00	0.00e+00	2.1220e+01
1.24282e+15	5.3807e+03	3.274e-16	3.5938e+04	6.8889e+03	1.3460e-08	8.1495e-01	1.8505e-01	9.2766e-01	7.2337e-02	7.1179e-07	5.0210e-10	1.4897e-03	9.9326e-01	5.2461e-03	1.1755e-36	8.4805e-01	1.5195e-01	4.8839e-06	1.1755e-36	1.1755e-36	1.1755e-36	1.7827e-16	0.00e+00	0.00e+00	2.1444e+01
1.24402e+15	5.3247e+03	3.137e-16	3.5938e+04	6.7011e+03	1.4897e-08	8.2026e-01	1.7974e-01	9.2825e-01	7.1748e-02	7.1457e-07	5.2162e-10	1.4538e-03	9.9341e-01	5.1404e-03	1.1755e-36	8.5263e-01	1.4737e-01	4.6368e-06	1.1755e-36	1.1755e-36	1.1755e-36	1.9199e-16	0.00e+00	0.00e+00	2.1666e+01
1.24523e+15	5.2692e+03	3.003e-16	3.5938e+04	6.5126e+03	1.6494e-08	8.2546e-01	1.7454e-01	9.2881e-01	7.1187e-02	7.1813e-07	5.4192e-10	1.4175e-03	9.9355e-01	5.0370e-03	1.1755e-36	8.5711e-01	1.4289e-01	4.3997e-06	1.1755e-36	1.1755e-36	1.1755e-36	2.0703e-16	0.00e+00	0.00e+00	2.1897e+01
1.24649e+15	5.2046e+03	2.870e-16	3.5938e+04	6.3206e+03	1.8527e-08	8.3084e-01	1.6916e-01	9.2942e-01	7.0575e-02	7.2101e-07	5.6550e-10	1.3809e-03	9.9369e-01	4.9317e-03	1.1755e-36	8.6173e-01	1.3826e-01	4.1665e-06	1.1755e-36	1.1755e-36	1.1755e-36	2.2560e-16	0.00e+00	0.00e+00	2.2137e+01
1.24770e+15	5.1519e+03	2.748e-16	3.5938e+04	6.1413e+03	2.0464e-08	8.3564e-01	1.6436e-01	9.2991e-01	7.0085e-02	7.2557e-07	5.8733e-10	1.3460e-03	9.9382e-01	4.8361e-03	1.1755e-36	8.6586e-01	1.3414e-01	3.9574e-06	1.1755e-36	1.1755e-36	1.1755e-36	2.4379e-16	0.00e+00	0.00e+00	2.2357e+01
1.24890e+15	5.0933e+03	2.630e-16	3.5938e+04	5.9664e+03	2.2823e-08	8.4050e-01	1.5950e-01	9.3045e-01	6.9545e-02	7.2911e-07	6.1247e-10	1.3124e-03	9.9395e-01	4.7416e-03	1.1755e-36	8.7000e-01	1.2999e-01	3.7578e-06	1.1755e-36	1.1755e-36	1.1755e-36	2.6604e-16	0.00e+00	0.00e+00	2.2590e+01
1.25010e+15	5.0367e+03	2.517e-16	3.5938e+04	5.7940e+03	2.5393e-08	8.4512e-01	1.5488e-01	9.3094e-01	6.9060e-02	7.3362e-07	6.3824e-10	1.2788e-03	9.9407e-01	4.6508e-03	1.1755e-36	8.7396e-01	1.2603e-01	3.5691e-06	1.1755e-36	1.1755e-36	1.1755e-36	2.9030e-16	0.00e+00	0.00e+00	2.2818e+01
1.25128e+15	4.9784e+03	2.411e-16	3.5938e+04	5.6305e+03	2.8341e-08	8.4964e-01	1.5036e-01	9.3145e-01	6.8553e-02	7.3726e-07	6.6725e-10	1.2472e-03	9.9420e-01	4.5573e-03	1.1755e-36	8.7783e-01	1.2217e-01	3.3922e-06	1.1755e-36	1.1755e-36	1.1755e-36	3.1857e-16	0.00e+00	0.00e+00	2.3044e+01
1.25243e+15	4.9245e+03	2.312e-16	3.5938e+04	5.4751e+03	3.1423e-08	8.5388e-01	1.4612e-01	9.3190e-01	6.8094e-02	7.4146e-07	6.9695e-10	1.2170e-03	9.9432e-01	4.4612e-03	1.1755e-36	8.8143e-01	1.1857e-01	3.2297e-06	1.1755e-36	1.1755e-36	1.1755e-36	3.4802e-16	0.00e+00	0.00e+00	2.3262e+01
1.25357e+15	4.8649e+03	2.218e-16	3.5938e+04	5.3265e+03	3.5193e-08	8.5819e-01	1.4181e-01	9.3244e-01	6.7563e-02	7.4389e-07	7.3171e-10	1.1884e-03	9.9445e-01	4.3628e-03	1.1755e-36	8.8508e-01	1.1491e-01	3.0726e-06	1.1755e-36	1.1755e-36	1.1755e-36	3.8463e-16	0.00e+00	0.00e+00	2.3486e+01
1.25468e+15	4.8095e+03	2.129e-16	3.5938e+04	5.1787e+03	3.9128e-08	8.6201e-01	1.3799e-01	9.3283e-01	6.7172e-02	7.4887e-07	7.6420e-10	1.1596e-03	9.9457e-01	4.2749e-03	1.1755e-36	8.8834e-01	1.1166e-01	2.9329e-06	1.1755e-36	1.1755e-36	1.1755e-36	4.2133e-16	0.00e+00	0.00e+00	2.3696e+01
1.25575e+15	4.7552e+03	2.047e-16	3.5938e+04	5.0422e+03	4.3483e-08	8.6575e-01	1.3425e-01	9.3325e-01	6.6748e-02	7.5262e-07	7.9962e-10	1.1330e-03	9.9468e-01	4.1889e-03	1.1755e-36	8.9150e-01	1.0850e-01	2.8013e-06	1.1755e-36	1.1755e-36	1.1755e-36	4.6376e-16	0.00e+00	0.00e+00	2.3905e+01
1.25681e+15	4.6995e+03	1.968e-16	3.5938e+04	4.9088e+03	4.8475e-08	8.6941e-01	1.3059e-01	9.3368e-01	6.6324e-02	7.5623e-07	8.3821e-10	1.1072e-03	9.9479e-01	4.1042e-03	1.1755e-36	8.9459e-01	1.0541e-01	2.6760e-06	1.1755e-36	1.1755e-36	1.1755e-36	5.1308e-16	0.00e+00	0.00e+00	2.4115e+01
1.25786e+15	4.6398e+03	1.894e-16	3.5938e+04	4.7837e+03	5.4460e-08	8.7307e-01	1.2693e-01	9.3416e-01	6.5836e-02	7.5795e-07	8.8275e-10	1.0833e-03	9.9490e-01	4.0190e-03	1.1755e-36	8.9768e-01	1.0232e-01	2.5561e-06	1.1755e-36	1.1755e-36	1.1755e-36	5.7392e-16	0.00e+00	0.00e+00	2.4320e+01
1.25885e+15	4.5890e+03	1.827e-16	3.5938e+04	4.6646e+03	6.0239e-08	8.7620e-01	1.2380e-01	9.3451e-01	6.5492e-02	7.6212e-07	9.2278e-10	1.0600e-03	9.9499e-01	3.9457e-03	1.1755e-36	9.0032e-01	9.9678e-02	2.4525e-06	1.1755e-36	1.1755e-36	1.1755e-36	6.3270e-16	0.00e+00	0.00e+00	2.4507e+01
1.25981e+15	4.5382e+03	1.763e-16	3.5938e+04	4.5511e+03	6.6701e-08	8.7929e-01	1.2071e-01	9.3488e-01	6.5124e-02	7.6555e-07	9.6673e-10	1.0380e-03	9.9509e-01	3.8730e-03	1.1755e-36	9.0292e-01	9.7074e-02	2.3530e-06	1.1755e-36	1.1755e-36	1.1755e-36	7.0125e-16	0.00e+00	0.00e+00	2.4703e+01
1.26081e+15	4.4808e+03	1.699e-16	3.5938e+04	4.4384e+03	7.4834e-08	8.8258e-01	1.1742e-01	9.3532e-01	6.4675e-02	7.6735e-07	1.0203e-09	1.0164e-03	9.9519e-01	3.7958e-03	1.1755e-36	9.0568e-01	9.4322e-02	2.2523e-06	1.1755e-36	1.1755e-36	1.1755e-36	7.9062e-16	0.00e+00	0.00e+00	2.4905e+01
1.26178e+15	4.4305e+03	1.640e-16	3.5938e+04	4.3279e+03	8.2896e-08	8.8545e-01	1.1455e-01	9.3565e-01	6.4354e-02	7.7167e-07	1.0703e-09	9.9480e-04	9.9528e-01	3.7274e-03	1.1755e-36	9.0809e-01	9.1905e-02	2.1626e-06	1.1755e-36	1.1755e-36	1.1755e-36	8.8032e-16	0.00e+00	0.00e+00	2.5092e+01
1.26272e+15	4.3799e+03	1.583e-16	3.5938e+04	4.2232e+03	9.1960e-08	8.8830e-01	1.1170e-01	9.3600e-01	6.4002e-02	7.7505e-07	1.1255e-09	9.7444e-04	9.9537e-01	3.6597e-03	1.1755e-36	9.1048e-01	8.9521e-02	2.0766e-06	1.1755e-36	1.1755e-36	1.1755e-36	9.8612e-16	0.00e+00	0.00e+00	2.5285e+01
1.26369e+15	4.3224e+03	1.528e-16	3.5938e+04	4.1216e+03	1.0341e-07	8.9130e-01	1.0870e-01	9.3644e-01	6.3558e-02	7.7622e-07	1.1935e-09	9.5519e-04	9.9546e-01	3.5881e-03	1.1755e-36	9.1299e-01	8.7008e-02	1.9903e-06	1.1755e-36	1.1755e-36	1.1755e-36	1.1255e-15	0.00e+00	0.00e+00	2.5482e+01
1.26461e+15	4.2739e+03	1.477e-16	3.5938e+04	4.0227e+03	1.1428e-07	8.9384e-01	1.0616e-01	9.3673e-01	6.3269e-02	7.8047e-07	1.2543e-09	9.3582e-04	9.9554e-01	3.5266e-03	1.1755e-36	9.1512e-01	8.4876e-02	1.9153e-06	1.1755e-36	1.1755e-36	1.1755e-36	1.2606e-15	0.00e+00	0.00e+00	2.5660e+01
1.26551e+15	4.2204e+03	1.429e-16	3.5938e+04	3.9310e+03	1.2762e-07	8.9653e-01	1.0347e-01	9.3713e-01	6.2866e-02	7.8174e-07	1.3287e-09	9.1843e-04	9.9562e-01	3.4622e-03	1.1755e-36	9.1736e-01	8.2638e-02	1.8409e-06	1.1755e-36	1.1755e-36	1.1755e-36	1.4365e-15	0.00e+00	0.00e+00	2.5847e+01
1.26641e+15	4.1727e+03	1.382e-16	3.5938e+04	3.8377e+03	1.4087e-07	8.9893e-01	1.0107e-01	9.3741e-01	6.2586e-02	7.8594e-07	1.3992e-09	9.0015e-04	9.9570e-01	3.4038e-03	1.1755e-36	9.1936e-01	8.0635e-02	1.7727e-06	1.1755e-36	1.1755e-36	1.1755e-36	1.6162e-15	0.00e+00	0.00e+00	2.6027e+01
1.26732e+15	4.1178e+03	1.336e-16	3.5938e+04	3.7491e+03	1.5780e-07	9.0156e-01	9.8444e-02	9.3783e-01	6.2169e-02	7.8679e-07	1.4887e-09	8.8348e-04	9.9578e-01	3.3401e-03	1.1755e-36	9.2155e-01	7.8447e-02	1.7025e-06	1.1755e-36	1.1755e-36	1.1755e-36	1.8602e-15	0.00e+00	0.00e+00	2.6219e+01
1.26823e+15	4.0661e+03	1.293e-16	3.5938e+04	3.6607e+03	1.7545e-07	9.0395e-01	9.6050e-02	9.3816e-01	6.1842e-02	7.8960e-07	1.5779e-09	8.6650e-04	9.9585e-01	3.2818e-03	1.1755e-36	9.2355e-01	7.6451e-02	1.6383e-06	1.1755e-36	1.1755e-36	1.1755e-36	2.1235e-15	0.00e+00	0.00e+00	2.6399e+01
1.26910e+15	4.0194e+03	1.252e-16	3.5938e+04	3.5747e+03	1.9310e-07	9.0615e-01	9.3854e-02	9.3841e-01	6.1584e-02	7.9389e-07	1.6649e-09	8.4968e-04	9.9592e-01	3.2283e-03	1.1755e-36	9.2538e-01	7.4623e-02	1.5792e-06	1.1755e-36	1.1755e-36	1.1755e-36	2.3991e-15	0.00e+00	0.00e+00	2.6577e+01
1.27001e+15	3.9630e+03	1.210e-16	3.5938e+04	3.4898e+03	2.1659e-07	9.0869e-01	9.1309e-02	9.3882e-01	6.1179e-02	7.9488e-07	1.7802e-09	8.3381e-04	9.9600e-01	3.1680e-03	1.1755e-36	9.2749e-01	7.2513e-02	1.5153e-06	1.1755e-36	1.1755e-36	1.1755e-36	2.7907e-15	0.00e+00	0.00e+00	2.6774e+01
