#depth	Te	Htot	hden	eden	2H_2/H	HI	HII	HeI	HeII	HeIII	CO/C	C1	C2	C3	C4	O1	O2	O3	O4	O5	O6	H2O/O	AV(point)	AV(extend)	Tau912
4.17269e+14	5.8623e+03	3.284e-22	1.0000e+01	1.0485e+01	2.3611e-10	2.8404e-02	9.7160e-01	1.3770e-01	8.6212e-01	1.8135e-04	6.9056e-14	5.7784e-03	7.4310e-01	2.5112e-01	8.1665e-06	3.3971e-02	9.4485e-01	2.1175e-02	3.1455e-07	1.1755e-36	1.1755e-36	6.6269e-22	0.00e+00	0.00e+00	1.4970e-03
2.50361e+15	5.8534e+03	3.273e-22	1.0000e+01	1.0463e+01	2.3714e-10	2.8342e-02	9.7166e-01	1.3764e-01	8.6218e-01	1.8136e-04	6.8591e-14	5.7484e-03	7.4305e-01	2.5120e-01	8.1931e-06	3.3899e-02	9.4489e-01	2.1209e-02	3.1479e-07	1.1755e-36	1.1755e-36	6.5517e-22	0.00e+00	0.00e+00	7.4717e-03
1.08490e+16	5.8268e+03	3.258e-22	1.0000e+01	1.0461e+01	2.4457e-10	2.8407e-02	9.7159e-01	1.3845e-01	8.6137e-01	1.7956e-04	6.9082e-14	5.7479e-03	7.4437e-01	2.4987e-01	8.1017e-06	3.3992e-02	9.4492e-01	2.1084e-02	3.0862e-07	1.1755e-36	1.1755e-36	6.5856e-22	0.00e+00	0.00e+00	3.1425e-02
4.42305e+16	5.7494e+03	3.221e-22	1.0000e+01	1.0454e+01	2.7426e-10	2.8910e-02	9.7109e-01	1.4202e-01	8.5781e-01	1.7197e-04	7.2450e-14	5.8253e-03	7.4990e-01	2.4426e-01	7.6883e-06	3.4653e-02	9.4493e-01	2.0415e-02	2.8070e-07	1.1755e-36	1.1755e-36	6.9303e-22	0.00e+00	0.00e+00	1.2893e-01
1.05652e+17	5.5008e+03	3.101e-22	1.0000e+01	1.0449e+01	3.5305e-10	2.8931e-02	9.7107e-01	1.4708e-01	8.5276e-01	1.6183e-04	7.3608e-14	5.8586e-03	7.5802e-01	2.3611e-01	7.2140e-06	3.4788e-02	9.4530e-01	1.9912e-02	2.5478e-07	1.1755e-36	1.1755e-36	6.8398e-22	0.00e+00	0.00e+00	2.5579e-01
1.63412e+17	5.2780e+03	3.003e-22	1.0000e+01	1.0445e+01	4.4477e-10	2.8896e-02	9.7110e-01	1.5132e-01	8.4852e-01	1.5368e-04	7.4283e-14	5.8835e-03	7.6472e-01	2.2939e-01	6.8354e-06	3.4843e-02	9.4564e-01	1.9517e-02	2.3567e-07	1.1755e-36	1.1755e-36	6.7532e-22	0.00e+00	0.00e+00	3.3989e-01
2.02834e+17	5.1729e+03	2.961e-22	1.0000e+01	1.0439e+01	5.0874e-10	2.9176e-02	9.7082e-01	1.5464e-01	8.4521e-01	1.4777e-04	7.6502e-14	5.9427e-03	7.6952e-01	2.2453e-01	6.5302e-06	3.5242e-02	9.4572e-01	1.9038e-02	2.1860e-07	1.1755e-36	1.1755e-36	6.9614e-22	0.00e+00	0.00e+00	4.0025e-01
2.40508e+17	5.1131e+03	2.944e-22	1.0000e+01	1.0433e+01	5.7210e-10	2.9869e-02	9.7013e-01	1.5891e-01	8.4095e-01	1.4110e-04	8.1377e-14	6.0581e-03	7.7507e-01	2.1886e-01	6.1497e-06	3.6137e-02	9.4556e-01	1.8298e-02	1.9665e-07	1.1755e-36	1.1755e-36	7.5393e-22	0.00e+00	0.00e+00	4.8058e-01
2.89484e+17	5.0537e+03	2.922e-22	1.0000e+01	1.0417e+01	6.5721e-10	3.0861e-02	9.6914e-01	1.6466e-01	8.3521e-01	1.3287e-04	8.8559e-14	6.2197e-03	7.8215e-01	2.1162e-01	5.6774e-06	3.7410e-02	9.4527e-01	1.7318e-02	1.7040e-07	1.1755e-36	1.1755e-36	8.4308e-22	0.00e+00	0.00e+00	5.8848e-01
3.53153e+17	4.9917e+03	2.903e-22	1.0000e+01	1.0392e+01	7.8345e-10	3.2370e-02	9.6763e-01	1.7283e-01	8.2705e-01	1.2258e-04	1.0005e-13	6.4515e-03	7.9148e-01	2.0207e-01	5.0828e-06	3.9334e-02	9.4465e-01	1.6016e-02	1.3978e-07	1.1755e-36	1.1755e-36	9.9405e-22	0.00e+00	0.00e+00	7.3561e-01
4.35923e+17	4.9356e+03	2.889e-22	1.0000e+01	1.0364e+01	9.7657e-10	3.4748e-02	9.6525e-01	1.8486e-01	8.1503e-01	1.1007e-04	1.1953e-13	6.7975e-03	8.0389e-01	1.8931e-01	4.3454e-06	4.2343e-02	9.4336e-01	1.4297e-02	1.1755e-36	1.1755e-36	1.1755e-36	1.2664e-21	0.00e+00	0.00e+00	9.4093e-01
5.43524e+17	4.9012e+03	2.881e-22	1.0000e+01	1.0314e+01	1.2819e-09	3.8581e-02	9.6142e-01	2.0292e-01	7.9699e-01	9.5323e-05	1.5539e-13	7.3053e-03	8.2009e-01	1.7260e-01	3.4753e-06	4.7160e-02	9.4074e-01	1.2098e-02	1.1755e-36	1.1755e-36	1.1755e-36	1.8237e-21	0.00e+00	0.00e+00	1.2373e+00
6.65613e+17	4.9094e+03	2.877e-22	1.0000e+01	1.0231e+01	1.7020e-09	4.4007e-02	9.5599e-01	2.2650e-01	7.7342e-01	8.0991e-05	2.1573e-13	7.9320e-03	8.3787e-01	1.5419e-01	2.6401e-06	5.3937e-02	9.3629e-01	9.7781e-03	1.1755e-36	1.1755e-36	1.1755e-36	2.8974e-21	0.00e+00	0.00e+00	1.5778e+00
7.86441e+17	4.9743e+03	2.888e-22	1.0000e+01	1.0132e+01	2.2271e-09	5.1364e-02	9.4864e-01	2.5548e-01	7.4446e-01	6.8513e-05	3.1780e-13	8.6479e-03	8.5577e-01	1.3558e-01	1.9237e-06	6.3052e-02	9.2934e-01	7.6049e-03	1.1755e-36	1.1755e-36	1.1755e-36	5.0253e-21	0.00e+00	0.00e+00	1.9642e+00
9.01929e+17	5.0766e+03	2.908e-22	1.0000e+01	1.0007e+01	2.9145e-09	6.1177e-02	9.3882e-01	2.9020e-01	7.0974e-01	5.7837e-05	4.9061e-13	9.4111e-03	8.7314e-01	1.1744e-01	1.3472e-06	7.5123e-02	9.1917e-01	5.7114e-03	1.1755e-36	1.1755e-36	1.1755e-36	9.2640e-21	0.00e+00	0.00e+00	2.3963e+00
1.00694e+18	5.2081e+03	2.926e-22	1.0000e+01	9.8450e+00	3.7799e-09	7.3652e-02	9.2635e-01	3.2946e-01	6.7049e-01	4.8997e-05	7.7628e-13	1.0135e-02	8.8891e-01	1.0095e-01	9.2180e-07	9.0349e-02	9.0546e-01	4.1921e-03	1.1755e-36	1.1755e-36	1.1755e-36	1.7573e-20	0.00e+00	0.00e+00	2.8529e+00
1.09818e+18	5.3454e+03	2.937e-22	1.0000e+01	9.6576e+00	4.9099e-09	8.8859e-02	9.1114e-01	3.7130e-01	6.2866e-01	4.1959e-05	1.2407e-12	1.0764e-02	9.0263e-01	8.6606e-02	6.2589e-07	1.0876e-01	8.8819e-01	3.0504e-03	1.1755e-36	1.1755e-36	1.1755e-36	3.3773e-20	0.00e+00	0.00e+00	3.3260e+00
1.17681e+18	5.4733e+03	2.934e-22	1.0000e+01	9.4401e+00	6.4378e-09	1.0692e-01	8.9308e-01	4.1453e-01	5.8543e-01	3.6190e-05	1.9852e-12	1.1261e-02	9.1436e-01	7.4384e-02	4.2540e-07	1.3042e-01	8.6736e-01	2.2167e-03	1.1755e-36	1.1755e-36	1.1755e-36	6.5082e-20	0.00e+00	0.00e+00	3.8184e+00
1.24542e+18	5.5845e+03	2.910e-22	1.0000e+01	9.1891e+00	8.5781e-09	1.2820e-01	8.7180e-01	4.5843e-01	5.4154e-01	3.1381e-05	3.1817e-12	1.1613e-02	9.2442e-01	6.3964e-02	2.8977e-07	1.5570e-01	8.4269e-01	1.6096e-03	1.1755e-36	1.1755e-36	1.1755e-36	1.2615e-19	0.00e+00	0.00e+00	4.3389e+00
1.30627e+18	5.6739e+03	2.862e-22	1.0000e+01	8.9024e+00	1.1690e-08	1.5329e-01	8.4671e-01	5.0241e-01	4.9756e-01	2.7331e-05	5.1296e-12	1.1819e-02	9.3316e-01	5.5026e-02	1.9760e-07	1.8516e-01	8.1367e-01	1.1659e-03	1.1755e-36	1.1755e-36	1.1755e-36	2.4832e-19	0.00e+00	0.00e+00	4.8945e+00
1.34575e+18	5.7375e+03	2.819e-22	1.0000e+01	8.6826e+00	1.4699e-08	1.7448e-01	8.2552e-01	5.3227e-01	4.6771e-01	2.5036e-05	7.2797e-12	1.1884e-02	9.3850e-01	4.9618e-02	1.5113e-07	2.0974e-01	7.8933e-01	9.2533e-04	1.1755e-36	1.1755e-36	1.1755e-36	4.1171e-19	0.00e+00	0.00e+00	5.1321e+00
1.36180e+18	5.7584e+03	2.788e-22	1.0000e+01	8.5573e+00	1.6238e-08	1.8388e-01	8.1612e-01	5.4489e-01	4.5509e-01	2.4096e-05	8.4034e-12	1.1852e-02	9.4057e-01	4.7575e-02	1.3537e-07	2.2057e-01	7.7859e-01	8.3979e-04	1.1755e-36	1.1755e-36	1.1755e-36	5.0683e-19	0.00e+00	0.00e+00	5.2544e+00
1.37263e+18	5.7671e+03	2.766e-22	1.0000e+01	8.4804e+00	1.7530e-08	1.9082e-01	8.0918e-01	5.5425e-01	4.4572e-01	2.3373e-05	9.3411e-12	1.1843e-02	9.4209e-01	4.6068e-02	1.2480e-07	2.2853e-01	7.7069e-01	7.8291e-04	1.1755e-36	1.1755e-36	1.1755e-36	5.9118e-19	0.00e+00	0.00e+00	5.3883e+00
1.38540e+18	5.7747e+03	2.738e-22	1.0000e+01	8.3858e+00	1.9285e-08	1.9950e-01	8.0050e-01	5.6549e-01	4.3449e-01	2.2543e-05	1.0628e-11	1.1824e-02	9.4389e-01	4.4288e-02	1.1755e-36	2.3847e-01	7.6081e-01	7.1863e-04	1.1755e-36	1.1755e-36	1.1755e-36	7.1423e-19	0.00e+00	0.00e+00	5.5703e+00
1.40056e+18	5.7805e+03	2.702e-22	1.0000e+01	8.2680e+00	2.1715e-08	2.1049e-01	7.8951e-01	5.7867e-01	4.2131e-01	2.1624e-05	1.2437e-11	1.1789e-02	9.4598e-01	4.2235e-02	1.1755e-36	2.5098e-01	7.4837e-01	6.4801e-04	1.1755e-36	1.1755e-36	1.1755e-36	9.0143e-19	0.00e+00	0.00e+00	5.7813e+00
1.41559e+18	5.7837e+03	2.663e-22	1.0000e+01	8.1490e+00	2.4582e-08	2.2228e-01	7.7772e-01	5.9188e-01	4.0809e-01	2.0728e-05	1.4635e-11	1.1745e-02	9.4800e-01	4.0257e-02	1.1755e-36	2.6433e-01	7.3508e-01	5.8321e-04	1.1755e-36	1.1755e-36	1.1755e-36	1.1499e-18	0.00e+00	0.00e+00	5.9804e+00
1.42877e+18	5.7864e+03	2.623e-22	1.0000e+01	8.0282e+00	2.7418e-08	2.3310e-01	7.6690e-01	6.0332e-01	3.9666e-01	1.9996e-05	1.6880e-11	1.1677e-02	9.4971e-01	3.8614e-02	1.1755e-36	2.7653e-01	7.2294e-01	5.3094e-04	1.1755e-36	1.1755e-36	1.1755e-36	1.4250e-18	0.00e+00	0.00e+00	6.1594e+00
1.44073e+18	5.7822e+03	2.586e-22	1.0000e+01	7.9261e+00	3.0669e-08	2.4400e-01	7.5600e-01	6.1436e-01	3.8563e-01	1.9280e-05	1.9465e-11	1.1627e-02	9.5132e-01	3.7052e-02	1.1755e-36	2.8874e-01	7.1077e-01	4.8510e-04	1.1755e-36	1.1755e-36	1.1755e-36	1.7704e-18	0.00e+00	0.00e+00	6.3406e+00
1.45216e+18	5.7806e+03	2.541e-22	1.0000e+01	7.7975e+00	3.3905e-08	2.5428e-01	7.4572e-01	6.2425e-01	3.7573e-01	1.8698e-05	2.2103e-11	1.1526e-02	9.5275e-01	3.5721e-02	1.1755e-36	3.0021e-01	6.9934e-01	4.4567e-04	1.1755e-36	1.1755e-36	1.1755e-36	2.1490e-18	0.00e+00	0.00e+00	6.5187e+00
1.46351e+18	5.7677e+03	2.497e-22	1.0000e+01	7.6714e+00	3.8087e-08	2.6549e-01	7.3451e-01	6.3471e-01	3.6527e-01	1.8064e-05	2.5410e-11	1.1429e-02	9.5423e-01	3.4343e-02	1.1755e-36	3.1266e-01	6.8693e-01	4.0801e-04	1.1755e-36	1.1755e-36	1.1755e-36	2.6686e-18	0.00e+00	0.00e+00	6.7136e+00
1.47462e+18	5.7672e+03	2.448e-22	1.0000e+01	7.5468e+00	4.2116e-08	2.7670e-01	7.2330e-01	6.4444e-01	3.5554e-01	1.7517e-05	2.8986e-11	1.1323e-02	9.5560e-01	3.3078e-02	1.1755e-36	3.2503e-01	6.7460e-01	3.7390e-04	1.1755e-36	1.1755e-36	1.1755e-36	3.2679e-18	0.00e+00	0.00e+00	6.8985e+00
1.48545e+18	5.7529e+03	2.399e-22	1.0000e+01	7.4177e+00	4.7297e-08	2.8852e-01	7.1148e-01	6.5442e-01	3.4557e-01	1.6945e-05	3.3345e-11	1.1210e-02	9.5697e-01	3.1817e-02	1.1755e-36	3.3800e-01	6.6165e-01	3.4226e-04	1.1755e-36	1.1755e-36	1.1755e-36	4.0737e-18	0.00e+00	0.00e+00	7.1001e+00
1.49603e+18	5.7355e+03	2.350e-22	1.0000e+01	7.2906e+00	5.3273e-08	3.0074e-01	6.9926e-01	6.6400e-01	3.3598e-01	1.6415e-05	3.8451e-11	1.1095e-02	9.5830e-01	3.0609e-02	1.1755e-36	3.5135e-01	6.4834e-01	3.1337e-04	1.1755e-36	1.1755e-36	1.1755e-36	5.1125e-18	0.00e+00	0.00e+00	7.2920e+00
1.50558e+18	5.7163e+03	2.303e-22	1.0000e+01	7.1742e+00	5.9658e-08	3.1241e-01	6.8759e-01	6.7274e-01	3.2725e-01	1.5936e-05	4.3997e-11	1.0986e-02	9.5948e-01	2.9531e-02	1.1755e-36	3.6404e-01	6.3567e-01	2.8875e-04	1.1755e-36	1.1755e-36	1.1755e-36	6.3512e-18	0.00e+00	0.00e+00	7.4696e+00
1.51430e+18	5.6993e+03	2.256e-22	1.0000e+01	7.0564e+00	6.6055e-08	3.2322e-01	6.7678e-01	6.8047e-01	3.1951e-01	1.5536e-05	4.9690e-11	1.0866e-02	9.6054e-01	2.8595e-02	1.1755e-36	3.7571e-01	6.2402e-01	2.6784e-04	1.1755e-36	1.1755e-36	1.1755e-36	7.7332e-18	0.00e+00	0.00e+00	7.6414e+00
1.52285e+18	5.6810e+03	2.207e-22	1.0000e+01	6.9330e+00	7.3141e-08	3.3412e-01	6.6588e-01	6.8814e-01	3.1185e-01	1.5145e-05	5.6110e-11	1.0734e-02	9.6157e-01	2.7700e-02	1.1755e-36	3.8743e-01	6.1232e-01	2.4848e-04	1.1755e-36	1.1755e-36	1.1755e-36	9.4214e-18	0.00e+00	0.00e+00	7.8247e+00
1.53168e+18	5.6548e+03	2.156e-22	1.0000e+01	6.8087e+00	8.2138e-08	3.4615e-01	6.5385e-01	6.9613e-01	3.0385e-01	1.4736e-05	6.4256e-11	1.0601e-02	9.6264e-01	2.6754e-02	1.1755e-36	4.0031e-01	5.9946e-01	2.2934e-04	1.1755e-36	1.1755e-36	1.1755e-36	1.1784e-17	0.00e+00	0.00e+00	8.0207e+00
1.54025e+18	5.6259e+03	2.106e-22	1.0000e+01	6.6878e+00	9.2429e-08	3.5840e-01	6.4160e-01	7.0386e-01	2.9613e-01	1.4343e-05	7.3743e-11	1.0470e-02	9.6368e-01	2.5853e-02	1.1755e-36	4.1334e-01	5.8645e-01	2.1186e-04	1.1755e-36	1.1755e-36	1.1755e-36	1.4824e-17	0.00e+00	0.00e+00	8.2060e+00
1.54802e+18	5.6000e+03	2.057e-22	1.0000e+01	6.5673e+00	1.0270e-07	3.6953e-01	6.3047e-01	7.1055e-01	2.8943e-01	1.4027e-05	8.3413e-11	1.0332e-02	9.6458e-01	2.5087e-02	1.1755e-36	4.2512e-01	5.7468e-01	1.9719e-04	1.1755e-36	1.1755e-36	1.1755e-36	1.8228e-17	0.00e+00	0.00e+00	8.3776e+00
1.55538e+18	5.5726e+03	2.010e-22	1.0000e+01	6.4513e+00	1.1397e-07	3.8048e-01	6.1952e-01	7.1699e-01	2.8300e-01	1.3722e-05	9.4225e-11	1.0197e-02	9.6544e-01	2.4359e-02	1.1755e-36	4.3666e-01	5.6316e-01	1.8392e-04	1.1755e-36	1.1755e-36	1.1755e-36	2.2388e-17	0.00e+00	0.00e+00	8.5542e+00
1.56277e+18	5.5427e+03	1.960e-22	1.0000e+01	6.3292e+00	1.2686e-07	3.9170e-01	6.0830e-01	7.2337e-01	2.7662e-01	1.3427e-05	1.0678e-10	1.0050e-02	9.6630e-01	2.3651e-02	1.1755e-36	4.4841e-01	5.5141e-01	1.7136e-04	1.1755e-36	1.1755e-36	1.1755e-36	2.7687e-17	0.00e+00	0.00e+00	8.7381e+00
1.57015e+18	5.5081e+03	1.911e-22	1.0000e+01	6.2120e+00	1.4230e-07	4.0356e-01	5.9644e-01	7.2984e-01	2.7014e-01	1.3119e-05	1.2212e-10	9.9108e-03	9.6716e-01	2.2928e-02	1.1755e-36	4.6077e-01	5.3907e-01	1.5933e-04	1.1755e-36	1.1755e-36	1.1755e-36	3.4839e-17	0.00e+00	0.00e+00	8.9245e+00
1.57718e+18	5.4727e+03	1.862e-22	1.0000e+01	6.0922e+00	1.5904e-07	4.1493e-01	5.8507e-01	7.3576e-01	2.6422e-01	1.2854e-05	1.3899e-10	9.7633e-03	9.6796e-01	2.2277e-02	1.1755e-36	4.7257e-01	5.2728e-01	1.4867e-04	1.1755e-36	1.1755e-36	1.1755e-36	4.3556e-17	0.00e+00	0.00e+00	9.1013e+00
1.58376e+18	5.4384e+03	1.815e-22	1.0000e+01	5.9769e+00	1.7675e-07	4.2576e-01	5.7424e-01	7.4122e-01	2.5876e-01	1.2616e-05	1.5728e-10	9.6188e-03	9.6870e-01	2.1682e-02	1.1755e-36	4.8374e-01	5.1612e-01	1.3924e-04	1.1755e-36	1.1755e-36	1.1755e-36	5.3967e-17	0.00e+00	0.00e+00	9.2735e+00
1.59016e+18	5.4030e+03	1.768e-22	1.0000e+01	5.8638e+00	1.9649e-07	4.3658e-01	5.6342e-01	7.4655e-01	2.5344e-01	1.2384e-05	1.7820e-10	9.4753e-03	9.6942e-01	2.1106e-02	1.1755e-36	4.9485e-01	5.0502e-01	1.3047e-04	1.1755e-36	1.1755e-36	1.1755e-36	6.7053e-17	0.00e+00	0.00e+00	9.4498e+00
1.59654e+18	5.3645e+03	1.721e-22	1.0000e+01	5.7464e+00	2.1908e-07	4.4749e-01	5.5251e-01	7.5177e-01	2.4822e-01	1.2163e-05	2.0254e-10	9.3242e-03	9.7013e-01	2.0550e-02	1.1755e-36	5.0601e-01	4.9386e-01	1.2224e-04	1.1755e-36	1.1755e-36	1.1755e-36	8.3887e-17	0.00e+00	0.00e+00	9.6297e+00
1.60281e+18	5.3224e+03	1.675e-22	1.0000e+01	5.6349e+00	2.4551e-07	4.5875e-01	5.4125e-01	7.5697e-01	2.4301e-01	1.1934e-05	2.3178e-10	9.1813e-03	9.7083e-01	1.9993e-02	1.1755e-36	5.1745e-01	4.8243e-01	1.1446e-04	1.1755e-36	1.1755e-36	1.1755e-36	1.0631e-16	0.00e+00	0.00e+00	9.8085e+00
1.60876e+18	5.2818e+03	1.631e-22	1.0000e+01	5.5229e+00	2.7347e-07	4.6936e-01	5.3064e-01	7.6167e-01	2.3832e-01	1.1742e-05	2.6345e-10	9.0342e-03	9.7147e-01	1.9494e-02	1.1755e-36	5.2819e-01	4.7170e-01	1.0756e-04	1.1755e-36	1.1755e-36	1.1755e-36	1.3329e-16	0.00e+00	0.00e+00	9.9784e+00
1.61443e+18	5.2410e+03	1.587e-22	1.0000e+01	5.4150e+00	3.0390e-07	4.7965e-01	5.2035e-01	7.6614e-01	2.3384e-01	1.1560e-05	2.9892e-10	8.8913e-03	9.7209e-01	1.9023e-02	1.1755e-36	5.3856e-01	4.6134e-01	1.0129e-04	1.1755e-36	1.1755e-36	1.1755e-36	1.6664e-16	0.00e+00	0.00e+00	1.0148e+01
1.62004e+18	5.1995e+03	1.544e-22	1.0000e+01	5.3078e+00	3.3789e-07	4.8998e-01	5.1002e-01	7.7053e-01	2.2946e-01	1.1384e-05	3.3981e-10	8.7483e-03	9.7269e-01	1.8563e-02	1.1755e-36	5.4892e-01	4.5099e-01	9.5372e-05	1.1755e-36	1.1755e-36	1.1755e-36	2.0912e-16	0.00e+00	0.00e+00	1.0322e+01
1.62562e+18	5.1563e+03	1.501e-22	1.0000e+01	5.1978e+00	3.7613e-07	5.0028e-01	4.9972e-01	7.7480e-01	2.2519e-01	1.1218e-05	3.8706e-10	8.5995e-03	9.7328e-01	1.8122e-02	1.1755e-36	5.5922e-01	4.4069e-01	8.9810e-05	1.1755e-36	1.1755e-36	1.1755e-36	2.6349e-16	0.00e+00	0.00e+00	1.0497e+01
1.63114e+18	5.1070e+03	1.459e-22	1.0000e+01	5.0926e+00	4.2236e-07	5.1102e-01	4.8898e-01	7.7916e-01	2.2083e-01	1.1035e-05	4.4559e-10	8.4589e-03	9.7387e-01	1.7669e-02	1.1755e-36	5.6987e-01	4.3004e-01	8.4480e-05	1.1755e-36	1.1755e-36	1.1755e-36	3.3864e-16	0.00e+00	0.00e+00	1.0674e+01
1.63639e+18	5.0592e+03	1.419e-22	1.0000e+01	4.9870e+00	4.7125e-07	5.2102e-01	4.7898e-01	7.8304e-01	2.1695e-01	1.0888e-05	5.0915e-10	8.3153e-03	9.7442e-01	1.7269e-02	1.1755e-36	5.7977e-01	4.2015e-01	7.9777e-05	1.1755e-36	1.1755e-36	1.1755e-36	4.2987e-16	0.00e+00	0.00e+00	1.0839e+01
1.64130e+18	5.0199e+03	1.380e-22	1.0000e+01	4.8860e+00	5.1804e-07	5.3013e-01	4.6987e-01	7.8651e-01	2.1348e-01	1.0769e-05	5.7328e-10	8.1743e-03	9.7491e-01	1.6916e-02	1.1755e-36	5.8876e-01	4.1116e-01	7.5616e-05	1.1755e-36	1.1755e-36	1.1755e-36	5.3086e-16	0.00e+00	0.00e+00	1.1000e+01
1.64638e+18	4.9689e+03	1.340e-22	1.0000e+01	4.7823e+00	5.7926e-07	5.4010e-01	4.5989e-01	7.9032e-01	2.0967e-01	1.0622e-05	6.4850e-10	8.0322e-03	9.7545e-01	1.6519e-02	1.1755e-36	5.9853e-01	4.0139e-01	7.1406e-05	1.1755e-36	1.1755e-36	1.1755e-36	6.6258e-16	0.00e+00	0.00e+00	1.1182e+01
1.65158e+18	4.9167e+03	1.300e-22	1.0000e+01	4.6766e+00	6.4870e-07	5.5029e-01	4.4971e-01	7.9404e-01	2.0595e-01	1.0484e-05	7.2816e-10	7.8861e-03	9.7599e-01	1.6126e-02	1.1755e-36	6.0848e-01	3.9145e-01	6.7354e-05	1.1755e-36	1.1755e-36	1.1755e-36	8.1716e-16	0.00e+00	0.00e+00	1.1358e+01
1.65646e+18	4.8641e+03	1.263e-22	1.0000e+01	4.5765e+00	7.2454e-07	5.5999e-01	4.4001e-01	7.9753e-01	2.0246e-01	1.0354e-05	8.1412e-10	7.7477e-03	9.7649e-01	1.5760e-02	1.1755e-36	6.1792e-01	3.8202e-01	6.3721e-05	1.1755e-36	1.1755e-36	1.1755e-36	1.0010e-15	0.00e+00	0.00e+00	1.1525e+01
1.66108e+18	4.8118e+03	1.228e-22	1.0000e+01	4.4815e+00	8.0635e-07	5.6923e-01	4.3077e-01	8.0080e-01	1.9919e-01	1.0232e-05	9.0607e-10	7.6161e-03	9.7697e-01	1.5416e-02	1.1755e-36	6.2688e-01	3.7306e-01	6.0440e-05	1.1755e-36	1.1755e-36	1.1755e-36	1.2167e-15	0.00e+00	0.00e+00	1.1687e+01
1.66555e+18	4.7600e+03	1.193e-22	1.0000e+01	4.3886e+00	8.9497e-07	5.7821e-01	4.2178e-01	8.0394e-01	1.9605e-01	1.0117e-05	1.0054e-09	7.4868e-03	9.7743e-01	1.5088e-02	1.1755e-36	6.3555e-01	3.6439e-01	5.7397e-05	1.1755e-36	1.1755e-36	1.1755e-36	1.4714e-15	0.00e+00	0.00e+00	1.1849e+01
1.67002e+18	4.7032e+03	1.160e-22	1.0000e+01	4.2973e+00	9.9929e-07	5.8744e-01	4.1256e-01	8.0719e-01	1.9280e-01	9.9878e-06	1.1204e-09	7.3611e-03	9.7789e-01	1.4752e-02	1.1755e-36	6.4442e-01	3.5552e-01	5.4454e-05	1.1755e-36	1.1755e-36	1.1755e-36	1.7942e-15	0.00e+00	0.00e+00	1.2016e+01
1.67442e+18	4.6483e+03	1.127e-22	1.0000e+01	4.2056e+00	1.1101e-06	5.9634e-01	4.0366e-01	8.1018e-01	1.8981e-01	9.8796e-06	1.2423e-09	7.2330e-03	9.7833e-01	1.4439e-02	1.1755e-36	6.5294e-01	3.4700e-01	5.1731e-05	1.1755e-36	1.1755e-36	1.1755e-36	2.1685e-15	0.00e+00	0.00e+00	1.2178e+01
1.67872e+18	4.5926e+03	1.095e-22	1.0000e+01	4.1157e+00	1.2317e-06	6.0510e-01	3.9490e-01	8.1312e-01	1.8687e-01	9.7720e-06	1.3751e-09	7.1075e-03	9.7876e-01	1.4133e-02	1.1755e-36	6.6131e-01	3.3864e-01	4.9168e-05	1.1755e-36	1.1755e-36	1.1755e-36	2.6132e-15	0.00e+00	0.00e+00	1.2342e+01
1.68306e+18	4.5349e+03	1.063e-22	1.0000e+01	4.0252e+00	1.3683e-06	6.1395e-01	3.8605e-01	8.1606e-01	1.8394e-01	9.6655e-06	1.5226e-09	6.9810e-03	9.7919e-01	1.3829e-02	1.1755e-36	6.6972e-01	3.3023e-01	4.6698e-05	1.1755e-36	1.1755e-36	1.1755e-36	3.1519e-15	0.00e+00	0.00e+00	1.2511e+01
1.68742e+18	4.4711e+03	1.031e-22	1.0000e+01	3.9329e+00	1.5276e-06	6.2296e-01	3.7704e-01	8.1902e-01	1.8097e-01	9.5546e-06	1.6893e-09	6.8535e-03	9.7962e-01	1.3522e-02	1.1755e-36	6.7827e-01	3.2169e-01	4.4319e-05	1.1755e-36	1.1755e-36	1.1755e-36	3.8187e-15	0.00e+00	0.00e+00	1.2683e+01
1.69170e+18	4.4101e+03	1.000e-22	1.0000e+01	3.8432e+00	1.6940e-06	6.3170e-01	3.6830e-01	8.2181e-01	1.7818e-01	9.4551e-06	1.8636e-09	6.7282e-03	9.8004e-01	1.3232e-02	1.1755e-36	6.8651e-01	3.1345e-01	4.2104e-05	1.1755e-36	1.1755e-36	1.1755e-36	4.5763e-15	0.00e+00	0.00e+00	1.2850e+01
1.69593e+18	4.3474e+03	9.698e-23	1.0000e+01	3.7547e+00	1.8760e-06	6.4037e-01	3.5962e-01	8.2459e-01	1.7540e-01	9.3539e-06	2.0510e-09	6.6051e-03	9.8045e-01	1.2945e-02	1.1755e-36	6.9467e-01	3.0529e-01	3.9999e-05	1.1755e-36	1.1755e-36	1.1755e-36	5.4595e-15	0.00e+00	0.00e+00	1.3023e+01
1.70026e+18	4.2819e+03	9.390e-23	1.0000e+01	3.6623e+00	2.0761e-06	6.4911e-01	3.5088e-01	8.2733e-01	1.7266e-01	9.2608e-06	2.2522e-09	6.4758e-03	9.8086e-01	1.2661e-02	1.1755e-36	7.0286e-01	2.9710e-01	3.7961e-05	1.1755e-36	1.1755e-36	1.1755e-36	6.4871e-15	0.00e+00	0.00e+00	1.3203e+01
1.70474e+18	4.2121e+03	9.077e-23	1.0000e+01	3.5679e+00	2.3011e-06	6.5820e-01	3.4180e-01	8.3017e-01	1.6982e-01	9.1611e-06	2.4740e-09	6.3445e-03	9.8129e-01	1.2368e-02	1.1755e-36	7.1135e-01	2.8862e-01	3.5940e-05	1.1755e-36	1.1755e-36	1.1755e-36	7.7097e-15	0.00e+00	0.00e+00	1.3393e+01
1.70936e+18	4.1374e+03	8.760e-23	1.0000e+01	3.4713e+00	2.5512e-06	6.6758e-01	3.3242e-01	8.3308e-01	1.6691e-01	9.0567e-06	2.7136e-09	6.2111e-03	9.8172e-01	1.2070e-02	1.1755e-36	7.2007e-01	2.7990e-01	3.3956e-05	1.1755e-36	1.1755e-36	1.1755e-36	9.1329e-15	0.00e+00	0.00e+00	1.3589e+01
1.71407e+18	4.0645e+03	8.440e-23	1.0000e+01	3.3735e+00	2.8061e-06	6.7692e-01	3.2308e-01	8.3591e-01	1.6408e-01	8.9644e-06	2.9565e-09	6.0741e-03	9.8215e-01	1.1779e-02	1.1755e-36	7.2871e-01	2.7125e-01	3.2044e-05	1.1755e-36	1.1755e-36	1.1755e-36	1.0675e-14	0.00e+00	0.00e+00	1.3793e+01
1.71907e+18	3.9758e+03	8.112e-23	1.0000e+01	3.2720e+00	3.1156e-06	6.8728e-01	3.1272e-01	8.3919e-01	1.6081e-01	8.8317e-06	3.2319e-09	5.9380e-03	9.8261e-01	1.1451e-02	1.1755e-36	7.3828e-01	2.6169e-01	3.0067e-05	1.1755e-36	1.1755e-36	1.1755e-36	1.2542e-14	0.00e+00	0.00e+00	1.4020e+01
###########################
4.17269e+14	5.8639e+03	3.284e-22	1.0000e+01	1.0485e+01	2.3526e-10	2.8396e-02	9.7160e-01	1.3768e-01	8.6214e-01	1.8138e-04	6.8890e-14	5.6938e-03	7.4311e-01	2.5119e-01	8.1814e-06	3.3960e-02	9.4486e-01	2.1180e-02	3.1470e-07	1.1755e-36	1.1755e-36	6.6011e-22	0.00e+00	0.00e+00	1.4965e-03
2.50361e+15	5.8543e+03	3.273e-22	1.0000e+01	1.0465e+01	2.3655e-10	2.8338e-02	9.7166e-01	1.3764e-01	8.6218e-01	1.8135e-04	6.8475e-14	5.6598e-03	7.4310e-01	2.5123e-01	8.1998e-06	3.3893e-02	9.4489e-01	2.1214e-02	3.1489e-07	1.1755e-36	1.1755e-36	6.5334e-22	0.00e+00	0.00e+00	7.4703e-03
1.08490e+16	5.8297e+03	3.258e-22	1.0000e+01	1.0461e+01	2.4329e-10	2.8389e-02	9.7161e-01	1.3841e-01	8.6141e-01	1.7962e-04	6.8890e-14	5.6695e-03	7.4437e-01	2.4996e-01	8.1077e-06	3.3969e-02	9.4493e-01	2.1100e-02	3.0900e-07	1.1755e-36	1.1755e-36	6.5577e-22	0.00e+00	0.00e+00	3.1409e-02
4.42305e+16	5.7535e+03	3.221e-22	1.0000e+01	1.0453e+01	2.7222e-10	2.8878e-02	9.7112e-01	1.4195e-01	8.5788e-01	1.7207e-04	7.2172e-14	5.7646e-03	7.4987e-01	2.4436e-01	7.6948e-06	3.4613e-02	9.4494e-01	2.0444e-02	2.8135e-07	1.1755e-36	1.1755e-36	6.8900e-22	0.00e+00	0.00e+00	1.2881e-01
1.05652e+17	5.5032e+03	3.101e-22	1.0000e+01	1.0449e+01	3.5120e-10	2.8909e-02	9.7109e-01	1.4703e-01	8.5281e-01	1.6189e-04	7.3413e-14	5.8225e-03	7.5810e-01	2.3607e-01	7.2118e-06	3.4760e-02	9.4530e-01	1.9939e-02	2.5528e-07	1.1755e-36	1.1755e-36	6.8089e-22	0.00e+00	0.00e+00	2.5557e-01
1.63261e+17	5.2791e+03	3.003e-22	1.0000e+01	1.0445e+01	4.4316e-10	2.8875e-02	9.7112e-01	1.5127e-01	8.4858e-01	1.5375e-04	7.4112e-14	5.8589e-03	7.6486e-01	2.2927e-01	6.8309e-06	3.4817e-02	9.4564e-01	1.9543e-02	2.3619e-07	1.1755e-36	1.1755e-36	6.7254e-22	0.00e+00	0.00e+00	3.3906e-01
2.02332e+17	5.1740e+03	2.961e-22	1.0000e+01	1.0440e+01	5.0669e-10	2.9151e-02	9.7085e-01	1.5455e-01	8.4530e-01	1.4789e-04	7.6302e-14	5.9224e-03	7.6964e-01	2.2443e-01	6.5276e-06	3.5210e-02	9.4572e-01	1.9067e-02	2.1924e-07	1.1755e-36	1.1755e-36	6.9295e-22	0.00e+00	0.00e+00	3.9863e-01
2.39543e+17	5.1147e+03	2.944e-22	1.0000e+01	1.0433e+01	5.6920e-10	2.9834e-02	9.7017e-01	1.5877e-01	8.4109e-01	1.4129e-04	8.1110e-14	6.0387e-03	7.7514e-01	2.1881e-01	6.1510e-06	3.6093e-02	9.4557e-01	1.8334e-02	1.9748e-07	1.1755e-36	1.1755e-36	7.4980e-22	0.00e+00	0.00e+00	4.7788e-01
2.87917e+17	5.0552e+03	2.923e-22	1.0000e+01	1.0418e+01	6.5329e-10	3.0812e-02	9.6919e-01	1.6444e-01	8.3543e-01	1.3314e-04	8.8180e-14	6.2024e-03	7.8216e-01	2.1163e-01	5.6833e-06	3.7348e-02	9.4529e-01	1.7363e-02	1.7142e-07	1.1755e-36	1.1755e-36	8.3731e-22	0.00e+00	0.00e+00	5.8428e-01
3.50804e+17	4.9930e+03	2.903e-22	1.0000e+01	1.0393e+01	7.7782e-10	3.2296e-02	9.6770e-01	1.7250e-01	8.2738e-01	1.2295e-04	9.9477e-14	6.4348e-03	7.9140e-01	2.0216e-01	5.0947e-06	3.9240e-02	9.4469e-01	1.6074e-02	1.4098e-07	1.1755e-36	1.1755e-36	9.8527e-22	0.00e+00	0.00e+00	7.2927e-01
4.32556e+17	4.9364e+03	2.889e-22	1.0000e+01	1.0365e+01	9.6809e-10	3.4630e-02	9.6537e-01	1.8434e-01	8.1555e-01	1.1055e-04	1.1855e-13	6.7804e-03	8.0368e-01	1.8954e-01	4.3644e-06	4.2195e-02	9.4343e-01	1.4372e-02	1.1755e-36	1.1755e-36	1.1755e-36	1.2508e-21	0.00e+00	0.00e+00	9.3138e-01
5.38835e+17	4.9004e+03	2.880e-22	1.0000e+01	1.0317e+01	1.2683e-09	3.8384e-02	9.6162e-01	2.0207e-01	7.9783e-01	9.5917e-05	1.5347e-13	7.2858e-03	8.1971e-01	1.7300e-01	3.5015e-06	4.6914e-02	9.4089e-01	1.2195e-02	1.1755e-36	1.1755e-36	1.1755e-36	1.7906e-21	0.00e+00	0.00e+00	1.2226e+00
6.60491e+17	4.9059e+03	2.876e-22	1.0000e+01	1.0234e+01	1.6859e-09	4.3741e-02	9.5626e-01	2.2545e-01	7.7447e-01	8.1518e-05	2.1262e-13	7.9166e-03	8.3749e-01	1.5459e-01	2.6636e-06	5.3607e-02	9.3652e-01	9.8723e-03	1.1755e-36	1.1755e-36	1.1755e-36	2.8361e-21	0.00e+00	0.00e+00	1.5628e+00
7.81461e+17	4.9669e+03	2.887e-22	1.0000e+01	1.0137e+01	2.2127e-09	5.1018e-02	9.4898e-01	2.5422e-01	7.4572e-01	6.8963e-05	3.1272e-13	8.6392e-03	8.5542e-01	1.3594e-01	1.9429e-06	6.2627e-02	9.2968e-01	7.6899e-03	1.1755e-36	1.1755e-36	1.1755e-36	4.9090e-21	0.00e+00	0.00e+00	1.9455e+00
8.96408e+17	5.0683e+03	2.906e-22	1.0000e+01	1.0014e+01	2.8864e-09	6.0641e-02	9.3936e-01	2.8841e-01	7.1153e-01	5.8309e-05	4.8061e-13	9.4066e-03	8.7268e-01	1.1791e-01	1.3659e-06	7.4468e-02	9.1974e-01	5.7951e-03	1.1755e-36	1.1755e-36	1.1755e-36	9.0001e-21	0.00e+00	0.00e+00	2.3710e+00
1.00126e+18	5.1974e+03	2.924e-22	1.0000e+01	9.8545e+00	3.7408e-09	7.2891e-02	9.2711e-01	3.2721e-01	6.7274e-01	4.9431e-05	7.5763e-13	1.0141e-02	8.8842e-01	1.0143e-01	9.3732e-07	8.9426e-02	9.0631e-01	4.2663e-03	1.1755e-36	1.1755e-36	1.1755e-36	1.6990e-20	0.00e+00	0.00e+00	2.8247e+00
1.09318e+18	5.3343e+03	2.936e-22	1.0000e+01	9.6688e+00	4.8602e-09	8.7937e-02	9.1206e-01	3.6891e-01	6.3105e-01	4.2310e-05	1.2106e-12	1.0788e-02	9.0223e-01	8.6980e-02	6.3629e-07	1.0765e-01	8.8925e-01	3.1057e-03	1.1755e-36	1.1755e-36	1.1755e-36	3.2652e-20	0.00e+00	0.00e+00	3.2982e+00
1.17266e+18	5.4632e+03	2.933e-22	1.0000e+01	9.4523e+00	6.3758e-09	1.0589e-01	8.9411e-01	4.1220e-01	5.8776e-01	3.6464e-05	1.9405e-12	1.1306e-02	9.1407e-01	7.4625e-02	4.3168e-07	1.2920e-01	8.6854e-01	2.2547e-03	1.1755e-36	1.1755e-36	1.1755e-36	6.3082e-20	0.00e+00	0.00e+00	3.7910e+00
1.24184e+18	5.5756e+03	2.911e-22	1.0000e+01	9.2026e+00	8.4936e-09	1.2706e-01	8.7294e-01	4.5614e-01	5.4383e-01	3.1609e-05	3.1134e-12	1.1676e-02	9.2420e-01	6.4119e-02	2.9365e-07	1.5435e-01	8.4402e-01	1.6363e-03	1.1755e-36	1.1755e-36	1.1755e-36	1.2247e-19	0.00e+00	0.00e+00	4.3098e+00
1.30296e+18	5.6666e+03	2.863e-22	1.0000e+01	8.9163e+00	1.1550e-08	1.5191e-01	8.4809e-01	5.0014e-01	4.9983e-01	2.7507e-05	5.0147e-12	1.1897e-02	9.3296e-01	5.5146e-02	2.0025e-07	1.8355e-01	8.1527e-01	1.1859e-03	1.1755e-36	1.1755e-36	1.1755e-36	2.4061e-19	0.00e+00	0.00e+00	4.8621e+00
1.34262e+18	5.7314e+03	2.822e-22	1.0000e+01	8.6995e+00	1.4509e-08	1.7294e-01	8.2706e-01	5.2995e-01	4.7003e-01	2.5214e-05	7.1162e-12	1.1973e-02	9.3831e-01	4.9715e-02	1.5311e-07	2.0796e-01	7.9109e-01	9.4126e-04	1.1755e-36	1.1755e-36	1.1755e-36	3.9886e-19	0.00e+00	0.00e+00	5.0997e+00
1.35884e+18	5.7524e+03	2.791e-22	1.0000e+01	8.5747e+00	1.6042e-08	1.8234e-01	8.1766e-01	5.4264e-01	4.5733e-01	2.4265e-05	8.2239e-12	1.1951e-02	9.4040e-01	4.7647e-02	1.3701e-07	2.1880e-01	7.8034e-01	8.5373e-04	1.1755e-36	1.1755e-36	1.1755e-36	4.9183e-19	0.00e+00	0.00e+00	5.2225e+00
1.36976e+18	5.7615e+03	2.770e-22	1.0000e+01	8.4979e+00	1.7318e-08	1.8926e-01	8.1074e-01	5.5204e-01	4.4793e-01	2.3537e-05	9.1442e-12	1.1944e-02	9.4193e-01	4.6128e-02	1.2626e-07	2.2675e-01	7.7245e-01	7.9572e-04	1.1755e-36	1.1755e-36	1.1755e-36	5.7386e-19	0.00e+00	0.00e+00	5.3560e+00
1.38260e+18	5.7694e+03	2.742e-22	1.0000e+01	8.4037e+00	1.9047e-08	1.9790e-01	8.0210e-01	5.6330e-01	4.3668e-01	2.2701e-05	1.0404e-11	1.1929e-02	9.4373e-01	4.4338e-02	1.1755e-36	2.3665e-01	7.6262e-01	7.3035e-04	1.1755e-36	1.1755e-36	1.1755e-36	6.9320e-19	0.00e+00	0.00e+00	5.5374e+00
1.39785e+18	5.7757e+03	2.706e-22	1.0000e+01	8.2863e+00	2.1443e-08	2.0884e-01	7.9116e-01	5.7653e-01	4.2345e-01	2.1772e-05	1.2178e-11	1.1898e-02	9.4583e-01	4.2271e-02	1.1755e-36	2.4912e-01	7.5023e-01	6.5845e-04	1.1755e-36	1.1755e-36	1.1755e-36	8.7500e-19	0.00e+00	0.00e+00	5.7482e+00
1.41300e+18	5.7795e+03	2.668e-22	1.0000e+01	8.1675e+00	2.4274e-08	2.2061e-01	7.7939e-01	5.8982e-01	4.1016e-01	2.0867e-05	1.4336e-11	1.1857e-02	9.4786e-01	4.0278e-02	1.1755e-36	2.6246e-01	7.3695e-01	5.9236e-04	1.1755e-36	1.1755e-36	1.1755e-36	1.1166e-18	0.00e+00	0.00e+00	5.9476e+00
1.42629e+18	5.7828e+03	2.628e-22	1.0000e+01	8.0466e+00	2.7079e-08	2.3143e-01	7.6857e-01	6.0134e-01	3.9864e-01	2.0126e-05	1.6546e-11	1.1792e-02	9.4959e-01	3.8622e-02	1.1755e-36	2.7466e-01	7.2480e-01	5.3903e-04	1.1755e-36	1.1755e-36	1.1755e-36	1.3848e-18	0.00e+00	0.00e+00	6.1269e+00
1.43835e+18	5.7790e+03	2.592e-22	1.0000e+01	7.9445e+00	3.0295e-08	2.4233e-01	7.5767e-01	6.1244e-01	3.8754e-01	1.9402e-05	1.9089e-11	1.1745e-02	9.5121e-01	3.7048e-02	1.1755e-36	2.8688e-01	7.1263e-01	4.9230e-04	1.1755e-36	1.1755e-36	1.1755e-36	1.7213e-18	0.00e+00	0.00e+00	6.3081e+00
1.44985e+18	5.7777e+03	2.547e-22	1.0000e+01	7.8159e+00	3.3491e-08	2.5259e-01	7.4741e-01	6.2239e-01	3.7759e-01	1.8815e-05	2.1683e-11	1.1646e-02	9.5264e-01	3.5710e-02	1.1755e-36	2.9834e-01	7.0121e-01	4.5218e-04	1.1755e-36	1.1755e-36	1.1755e-36	2.0900e-18	0.00e+00	0.00e+00	6.4861e+00
1.46127e+18	5.7671e+03	2.502e-22	1.0000e+01	7.6900e+00	3.7535e-08	2.6374e-01	7.3626e-01	6.3285e-01	3.6713e-01	1.8181e-05	2.4903e-11	1.1552e-02	9.5412e-01	3.4331e-02	1.1755e-36	3.1072e-01	6.8886e-01	4.1390e-04	1.1755e-36	1.1755e-36	1.1755e-36	2.5895e-18	0.00e+00	0.00e+00	6.6808e+00
1.47254e+18	5.7608e+03	2.456e-22	1.0000e+01	7.5699e+00	4.1913e-08	2.7537e-01	7.2463e-01	6.4302e-01	3.5697e-01	1.7589e-05	2.8633e-11	1.1457e-02	9.5554e-01	3.2999e-02	1.1755e-36	3.2356e-01	6.7606e-01	3.7844e-04	1.1755e-36	1.1755e-36	1.1755e-36	3.2153e-18	0.00e+00	0.00e+00	6.8695e+00
1.48317e+18	5.7471e+03	2.408e-22	1.0000e+01	7.4414e+00	4.6910e-08	2.8681e-01	7.1319e-01	6.5262e-01	3.4737e-01	1.7046e-05	3.2789e-11	1.1345e-02	9.5687e-01	3.1787e-02	1.1755e-36	3.3614e-01	6.6351e-01	3.4736e-04	1.1755e-36	1.1755e-36	1.1755e-36	3.9807e-18	0.00e+00	0.00e+00	7.0576e+00
1.49324e+18	5.7342e+03	2.361e-22	1.0000e+01	7.3232e+00	5.2327e-08	2.9833e-01	7.0167e-01	6.6176e-01	3.3822e-01	1.6537e-05	3.7491e-11	1.1239e-02	9.5812e-01	3.0637e-02	1.1755e-36	3.4874e-01	6.5094e-01	3.1938e-04	1.1755e-36	1.1755e-36	1.1755e-36	4.9219e-18	0.00e+00	0.00e+00	7.2414e+00
1.50282e+18	5.7187e+03	2.313e-22	1.0000e+01	7.2023e+00	5.8300e-08	3.0974e-01	6.9026e-01	6.7044e-01	3.2955e-01	1.6069e-05	4.2723e-11	1.1124e-02	9.5930e-01	2.9573e-02	1.1755e-36	3.6115e-01	6.3856e-01	2.9442e-04	1.1755e-36	1.1755e-36	1.1755e-36	6.0657e-18	0.00e+00	0.00e+00	7.4256e+00
1.51213e+18	5.6987e+03	2.264e-22	1.0000e+01	7.0794e+00	6.5184e-08	3.2135e-01	6.7865e-01	6.7889e-01	3.2110e-01	1.5619e-05	4.8764e-11	1.1002e-02	9.6044e-01	2.8554e-02	1.1755e-36	3.7371e-01	6.2602e-01	2.7159e-04	1.1755e-36	1.1755e-36	1.1755e-36	7.5136e-18	0.00e+00	0.00e+00	7.6122e+00
1.52109e+18	5.6770e+03	2.215e-22	1.0000e+01	6.9563e+00	7.2815e-08	3.3294e-01	6.6706e-01	6.8693e-01	3.1305e-01	1.5202e-05	5.5568e-11	1.0874e-02	9.6153e-01	2.7599e-02	1.1755e-36	3.8618e-01	6.1357e-01	2.5099e-04	1.1755e-36	1.1755e-36	1.1755e-36	9.3003e-18	0.00e+00	0.00e+00	7.7953e+00
1.52960e+18	5.6543e+03	2.165e-22	1.0000e+01	6.8346e+00	8.1134e-08	3.4434e-01	6.5566e-01	6.9452e-01	3.0547e-01	1.4820e-05	6.3120e-11	1.0743e-02	9.6254e-01	2.6713e-02	1.1755e-36	3.9839e-01	6.0138e-01	2.3256e-04	1.1755e-36	1.1755e-36	1.1755e-36	1.1471e-17	0.00e+00	0.00e+00	7.9760e+00
1.53780e+18	5.6297e+03	2.116e-22	1.0000e+01	6.7137e+00	9.0399e-08	3.5576e-01	6.4424e-01	7.0181e-01	2.9817e-01	1.4458e-05	7.1673e-11	1.0610e-02	9.6352e-01	2.5872e-02	1.1755e-36	4.1054e-01	5.8924e-01	2.1575e-04	1.1755e-36	1.1755e-36	1.1755e-36	1.4163e-17	0.00e+00	0.00e+00	8.1580e+00
1.54581e+18	5.6029e+03	2.066e-22	1.0000e+01	6.5925e+00	1.0085e-07	3.6728e-01	6.3272e-01	7.0889e-01	2.9109e-01	1.4113e-05	8.1480e-11	1.0472e-02	9.6446e-01	2.5065e-02	1.1755e-36	4.2275e-01	5.7705e-01	2.0027e-04	1.1755e-36	1.1755e-36	1.1755e-36	1.7552e-17	0.00e+00	0.00e+00	8.3414e+00
1.55358e+18	5.5735e+03	2.017e-22	1.0000e+01	6.4712e+00	1.1263e-07	3.7883e-01	6.2117e-01	7.1570e-01	2.8428e-01	1.3787e-05	9.2691e-11	1.0332e-02	9.6537e-01	2.4298e-02	1.1755e-36	4.3493e-01	5.6489e-01	1.8609e-04	1.1755e-36	1.1755e-36	1.1755e-36	2.1816e-17	0.00e+00	0.00e+00	8.5239e+00
1.56104e+18	5.5425e+03	1.967e-22	1.0000e+01	6.3509e+00	1.2570e-07	3.9024e-01	6.0976e-01	7.2217e-01	2.7781e-01	1.3484e-05	1.0532e-10	1.0189e-02	9.6623e-01	2.3577e-02	1.1755e-36	4.4689e-01	5.5293e-01	1.7326e-04	1.1755e-36	1.1755e-36	1.1755e-36	2.7109e-17	0.00e+00	0.00e+00	8.7036e+00
1.56819e+18	5.5106e+03	1.919e-22	1.0000e+01	6.2324e+00	1.4005e-07	4.0147e-01	5.9853e-01	7.2831e-01	2.7168e-01	1.3202e-05	1.1949e-10	1.0046e-02	9.6705e-01	2.2900e-02	1.1755e-36	4.5861e-01	5.4123e-01	1.6162e-04	1.1755e-36	1.1755e-36	1.1755e-36	3.3642e-17	0.00e+00	0.00e+00	8.8815e+00
1.57512e+18	5.4774e+03	1.871e-22	1.0000e+01	6.1152e+00	1.5601e-07	4.1264e-01	5.8736e-01	7.3420e-01	2.6578e-01	1.2936e-05	1.3558e-10	9.9019e-03	9.6784e-01	2.2255e-02	1.1755e-36	4.7021e-01	5.2964e-01	1.5093e-04	1.1755e-36	1.1755e-36	1.1755e-36	4.1809e-17	0.00e+00	0.00e+00	9.0599e+00
1.58190e+18	5.4424e+03	1.823e-22	1.0000e+01	5.9985e+00	1.7393e-07	4.2383e-01	5.7617e-01	7.3991e-01	2.6007e-01	1.2682e-05	1.5405e-10	9.7561e-03	9.6861e-01	2.1636e-02	1.1755e-36	4.8176e-01	5.1810e-01	1.4104e-04	1.1755e-36	1.1755e-36	1.1755e-36	5.2142e-17	0.00e+00	0.00e+00	9.2390e+00
1.58849e+18	5.4053e+03	1.775e-22	1.0000e+01	5.8823e+00	1.9412e-07	4.3498e-01	5.6502e-01	7.4542e-01	2.5457e-01	1.2440e-05	1.7525e-10	9.6090e-03	9.6935e-01	2.1045e-02	1.1755e-36	4.9322e-01	5.0665e-01	1.3193e-04	1.1755e-36	1.1755e-36	1.1755e-36	6.5258e-17	0.00e+00	0.00e+00	9.4174e+00
1.59486e+18	5.3667e+03	1.729e-22	1.0000e+01	5.7675e+00	2.1661e-07	4.4597e-01	5.5403e-01	7.5066e-01	2.4933e-01	1.2215e-05	1.9937e-10	9.4618e-03	9.7005e-01	2.0485e-02	1.1755e-36	5.0446e-01	4.9542e-01	1.2359e-04	1.1755e-36	1.1755e-36	1.1755e-36	8.1776e-17	0.00e+00	0.00e+00	9.5933e+00
1.60099e+18	5.3273e+03	1.683e-22	1.0000e+01	5.6547e+00	2.4135e-07	4.5673e-01	5.4327e-01	7.5564e-01	2.4435e-01	1.2004e-05	2.2657e-10	9.3153e-03	9.7073e-01	1.9958e-02	1.1755e-36	5.1542e-01	4.8447e-01	1.1598e-04	1.1755e-36	1.1755e-36	1.1755e-36	1.0238e-16	0.00e+00	0.00e+00	9.7669e+00
1.60694e+18	5.2872e+03	1.638e-22	1.0000e+01	5.5439e+00	2.6871e-07	4.6735e-01	5.3265e-01	7.6041e-01	2.3958e-01	1.1806e-05	2.5746e-10	9.1698e-03	9.7137e-01	1.9455e-02	1.1755e-36	5.2617e-01	4.7373e-01	1.0898e-04	1.1755e-36	1.1755e-36	1.1755e-36	1.2823e-16	0.00e+00	0.00e+00	9.9400e+00
1.61275e+18	5.2461e+03	1.594e-22	1.0000e+01	5.4342e+00	2.9923e-07	4.7790e-01	5.2210e-01	7.6503e-01	2.3496e-01	1.1616e-05	2.9291e-10	9.0243e-03	9.7200e-01	1.8972e-02	1.1755e-36	5.3681e-01	4.6309e-01	1.0246e-04	1.1755e-36	1.1755e-36	1.1755e-36	1.6104e-16	0.00e+00	0.00e+00	1.0114e+01
1.61846e+18	5.2033e+03	1.551e-22	1.0000e+01	5.3252e+00	3.3355e-07	4.8843e-01	5.1157e-01	7.6951e-01	2.3048e-01	1.1435e-05	3.3385e-10	8.8785e-03	9.7262e-01	1.8506e-02	1.1755e-36	5.4738e-01	4.5253e-01	9.6382e-05	1.1755e-36	1.1755e-36	1.1755e-36	2.0305e-16	0.00e+00	0.00e+00	1.0288e+01
1.62403e+18	5.1585e+03	1.508e-22	1.0000e+01	5.2172e+00	3.7229e-07	4.9887e-01	5.0113e-01	7.7384e-01	2.2615e-01	1.1261e-05	3.8126e-10	8.7332e-03	9.7321e-01	1.8058e-02	1.1755e-36	5.5780e-01	4.4210e-01	9.0744e-05	1.1755e-36	1.1755e-36	1.1755e-36	2.5710e-16	0.00e+00	0.00e+00	1.0461e+01
1.62942e+18	5.1123e+03	1.466e-22	1.0000e+01	5.1111e+00	4.1536e-07	5.0908e-01	4.9092e-01	7.7796e-01	2.2203e-01	1.1098e-05	4.3539e-10	8.5893e-03	9.7378e-01	1.7635e-02	1.1755e-36	5.6796e-01	4.3196e-01	8.5571e-05	1.1755e-36	1.1755e-36	1.1755e-36	3.2575e-16	0.00e+00	0.00e+00	1.0631e+01
1.63460e+18	5.0663e+03	1.426e-22	1.0000e+01	5.0077e+00	4.6235e-07	5.1898e-01	4.8102e-01	7.8186e-01	2.1813e-01	1.0947e-05	4.9633e-10	8.4478e-03	9.7432e-01	1.7236e-02	1.1755e-36	5.7777e-01	4.2215e-01	8.0836e-05	1.1755e-36	1.1755e-36	1.1755e-36	4.1156e-16	0.00e+00	0.00e+00	1.0798e+01
1.63965e+18	5.0200e+03	1.387e-22	1.0000e+01	4.9064e+00	5.1414e-07	5.2873e-01	4.7127e-01	7.8562e-01	2.1437e-01	1.0803e-05	5.6576e-10	8.3085e-03	9.7484e-01	1.6853e-02	1.1755e-36	5.8738e-01	4.1254e-01	7.6431e-05	1.1755e-36	1.1755e-36	1.1755e-36	5.1996e-16	0.00e+00	0.00e+00	1.0965e+01
1.64464e+18	4.9730e+03	1.348e-22	1.0000e+01	4.8060e+00	5.7158e-07	5.3845e-01	4.6155e-01	7.8930e-01	2.1069e-01	1.0664e-05	6.3733e-10	8.1696e-03	9.7536e-01	1.6474e-02	1.1755e-36	5.9692e-01	4.0301e-01	7.2274e-05	1.1755e-36	1.1755e-36	1.1755e-36	6.4380e-16	0.00e+00	0.00e+00	1.1134e+01
1.64960e+18	4.9214e+03	1.310e-22	1.0000e+01	4.7035e+00	6.3820e-07	5.4819e-01	4.5181e-01	7.9292e-01	2.0706e-01	1.0527e-05	7.1262e-10	8.0281e-03	9.7587e-01	1.6098e-02	1.1755e-36	6.0645e-01	3.9348e-01	6.8352e-05	1.1755e-36	1.1755e-36	1.1755e-36	7.8810e-16	0.00e+00	0.00e+00	1.1305e+01
1.65444e+18	4.8661e+03	1.273e-22	1.0000e+01	4.6060e+00	7.1563e-07	5.5804e-01	4.4196e-01	7.9653e-01	2.0345e-01	1.0382e-05	7.9903e-10	7.8938e-03	9.7638e-01	1.5722e-02	1.1755e-36	6.1605e-01	3.8389e-01	6.4651e-05	1.1755e-36	1.1755e-36	1.1755e-36	9.7058e-16	0.00e+00	0.00e+00	1.1472e+01
1.65900e+18	4.8165e+03	1.238e-22	1.0000e+01	4.5105e+00	7.9308e-07	5.6703e-01	4.3297e-01	7.9968e-01	2.0031e-01	1.0271e-05	8.8593e-10	7.7597e-03	9.7685e-01	1.5394e-02	1.1755e-36	6.2476e-01	3.7517e-01	6.1398e-05	1.1755e-36	1.1755e-36	1.1755e-36	1.1717e-15	0.00e+00	0.00e+00	1.1629e+01
1.66344e+18	4.7673e+03	1.204e-22	1.0000e+01	4.4189e+00	8.7733e-07	5.7589e-01	4.2411e-01	8.0280e-01	1.9719e-01	1.0158e-05	9.8106e-10	7.6310e-03	9.7730e-01	1.5070e-02	1.1755e-36	6.3333e-01	3.6662e-01	5.8330e-05	1.1755e-36	1.1755e-36	1.1755e-36	1.4108e-15	0.00e+00	0.00e+00	1.1792e+01
1.66801e+18	4.7116e+03	1.169e-22	1.0000e+01	4.3230e+00	9.7877e-07	5.8516e-01	4.1484e-01	8.0606e-01	1.9393e-01	1.0036e-05	1.0930e-09	7.4971e-03	9.7777e-01	1.4736e-02	1.1755e-36	6.4225e-01	3.5770e-01	5.5300e-05	1.1755e-36	1.1755e-36	1.1755e-36	1.7192e-15	0.00e+00	0.00e+00	1.1965e+01
1.67260e+18	4.6587e+03	1.134e-22	1.0000e+01	4.2272e+00	1.0864e-06	5.9430e-01	4.0570e-01	8.0914e-01	1.9085e-01	9.9300e-06	1.2136e-09	7.3609e-03	9.7822e-01	1.4419e-02	1.1755e-36	6.5100e-01	3.4895e-01	5.2432e-05	1.1755e-36	1.1755e-36	1.1755e-36	2.0817e-15	0.00e+00	0.00e+00	1.2134e+01
1.67713e+18	4.6002e+03	1.101e-22	1.0000e+01	4.1324e+00	1.2124e-06	6.0352e-01	3.9648e-01	8.1224e-01	1.8775e-01	9.8168e-06	1.3507e-09	7.2276e-03	9.7867e-01	1.4099e-02	1.1755e-36	6.5981e-01	3.4014e-01	4.9706e-05	1.1755e-36	1.1755e-36	1.1755e-36	2.5339e-15	0.00e+00	0.00e+00	1.2307e+01
1.68159e+18	4.5412e+03	1.068e-22	1.0000e+01	4.0392e+00	1.3504e-06	6.1262e-01	3.8738e-01	8.1524e-01	1.8475e-01	9.7091e-06	1.4998e-09	7.0963e-03	9.7911e-01	1.3790e-02	1.1755e-36	6.6846e-01	3.3149e-01	4.7147e-05	1.1755e-36	1.1755e-36	1.1755e-36	3.0722e-15	0.00e+00	0.00e+00	1.2476e+01
1.68592e+18	4.4821e+03	1.036e-22	1.0000e+01	3.9485e+00	1.4997e-06	6.2146e-01	3.7854e-01	8.1811e-01	1.8188e-01	9.6060e-06	1.6590e-09	6.9685e-03	9.7954e-01	1.3494e-02	1.1755e-36	6.7684e-01	3.2311e-01	4.4775e-05	1.1755e-36	1.1755e-36	1.1755e-36	3.6993e-15	0.00e+00	0.00e+00	1.2644e+01
1.69022e+18	4.4172e+03	1.005e-22	1.0000e+01	3.8576e+00	1.6716e-06	6.3035e-01	3.6965e-01	8.2101e-01	1.7898e-01	9.4973e-06	1.8358e-09	6.8417e-03	9.7996e-01	1.3198e-02	1.1755e-36	6.8525e-01	3.1471e-01	4.2518e-05	1.1755e-36	1.1755e-36	1.1755e-36	4.4608e-15	0.00e+00	0.00e+00	1.2816e+01
1.69446e+18	4.3551e+03	9.744e-23	1.0000e+01	3.7686e+00	1.8508e-06	6.3903e-01	3.6097e-01	8.2377e-01	1.7622e-01	9.3991e-06	2.0205e-09	6.7165e-03	9.8037e-01	1.2915e-02	1.1755e-36	6.9341e-01	3.0655e-01	4.0396e-05	1.1755e-36	1.1755e-36	1.1755e-36	5.3227e-15	0.00e+00	0.00e+00	1.2985e+01
1.69871e+18	4.2902e+03	9.443e-23	1.0000e+01	3.6796e+00	2.0489e-06	6.4778e-01	3.5221e-01	8.2656e-01	1.7343e-01	9.2965e-06	2.2208e-09	6.5921e-03	9.8078e-01	1.2631e-02	1.1755e-36	7.0162e-01	2.9834e-01	3.8349e-05	1.1755e-36	1.1755e-36	1.1755e-36	6.3341e-15	0.00e+00	0.00e+00	1.3161e+01
1.70311e+18	4.2264e+03	9.131e-23	1.0000e+01	3.5853e+00	2.2550e-06	6.5645e-01	3.4355e-01	8.2920e-01	1.7079e-01	9.2168e-06	2.4275e-09	6.4572e-03	9.8118e-01	1.2358e-02	1.1755e-36	7.0971e-01	2.9025e-01	3.6375e-05	1.1755e-36	1.1755e-36	1.1755e-36	7.4587e-15	0.00e+00	0.00e+00	1.3347e+01
1.70779e+18	4.1465e+03	8.809e-23	1.0000e+01	3.4863e+00	2.5168e-06	6.6612e-01	3.3388e-01	8.3227e-01	1.6773e-01	9.1004e-06	2.6744e-09	6.3206e-03	9.8163e-01	1.2049e-02	1.1755e-36	7.1872e-01	2.8124e-01	3.4322e-05	1.1755e-36	1.1755e-36	1.1755e-36	8.9115e-15	0.00e+00	0.00e+00	1.3552e+01
1.71258e+18	4.0727e+03	8.485e-23	1.0000e+01	3.3886e+00	2.7776e-06	6.7578e-01	3.2422e-01	8.3519e-01	1.6480e-01	8.9996e-06	2.9256e-09	6.1834e-03	9.8206e-01	1.1753e-02	1.1755e-36	7.2766e-01	2.7231e-01	3.2343e-05	1.1755e-36	1.1755e-36	1.1755e-36	1.0494e-14	0.00e+00	0.00e+00	1.3753e+01
1.71744e+18	3.9881e+03	8.163e-23	1.0000e+01	3.2878e+00	3.0722e-06	6.8576e-01	3.1423e-01	8.3826e-01	1.6174e-01	8.8851e-06	3.1886e-09	6.0454e-03	9.8251e-01	1.1446e-02	1.1755e-36	7.3688e-01	2.6309e-01	3.0417e-05	1.1755e-36	1.1755e-36	1.1755e-36	1.2269e-14	0.00e+00	0.00e+00	1.3970e+01
###########################
4.17269e+14	5.8638e+03	3.284e-22	1.0000e+01	1.0485e+01	2.3527e-10	2.8396e-02	9.7160e-01	1.3768e-01	8.6214e-01	1.8138e-04	6.8890e-14	5.6938e-03	7.4311e-01	2.5119e-01	8.1814e-06	3.3960e-02	9.4486e-01	2.1180e-02	3.1470e-07	1.1755e-36	1.1755e-36	6.6011e-22	0.00e+00	0.00e+00	1.4965e-03
2.50361e+15	5.8543e+03	3.273e-22	1.0000e+01	1.0465e+01	2.3655e-10	2.8338e-02	9.7166e-01	1.3764e-01	8.6218e-01	1.8135e-04	6.8475e-14	5.6598e-03	7.4310e-01	2.5123e-01	8.1998e-06	3.3893e-02	9.4489e-01	2.1214e-02	3.1489e-07	1.1755e-36	1.1755e-36	6.5334e-22	0.00e+00	0.00e+00	7.4703e-03
1.08490e+16	5.8297e+03	3.258e-22	1.0000e+01	1.0461e+01	2.4329e-10	2.8389e-02	9.7161e-01	1.3841e-01	8.6141e-01	1.7962e-04	6.8890e-14	5.6695e-03	7.4437e-01	2.4996e-01	8.1077e-06	3.3969e-02	9.4493e-01	2.1100e-02	3.0900e-07	1.1755e-36	1.1755e-36	6.5577e-22	0.00e+00	0.00e+00	3.1409e-02
4.42305e+16	5.7535e+03	3.221e-22	1.0000e+01	1.0453e+01	2.7222e-10	2.8878e-02	9.7112e-01	1.4195e-01	8.5788e-01	1.7207e-04	7.2172e-14	5.7646e-03	7.4987e-01	2.4436e-01	7.6948e-06	3.4613e-02	9.4494e-01	2.0444e-02	2.8135e-07	1.1755e-36	1.1755e-36	6.8899e-22	0.00e+00	0.00e+00	1.2881e-01
1.05652e+17	5.5032e+03	3.101e-22	1.0000e+01	1.0449e+01	3.5120e-10	2.8909e-02	9.7109e-01	1.4703e-01	8.5281e-01	1.6189e-04	7.3413e-14	5.8225e-03	7.5810e-01	2.3607e-01	7.2118e-06	3.4760e-02	9.4530e-01	1.9939e-02	2.5528e-07	1.1755e-36	1.1755e-36	6.8089e-22	0.00e+00	0.00e+00	2.5557e-01
1.63261e+17	5.2791e+03	3.003e-22	1.0000e+01	1.0445e+01	4.4316e-10	2.8875e-02	9.7112e-01	1.5127e-01	8.4858e-01	1.5375e-04	7.4112e-14	5.8589e-03	7.6486e-01	2.2927e-01	6.8309e-06	3.4817e-02	9.4564e-01	1.9543e-02	2.3619e-07	1.1755e-36	1.1755e-36	6.7253e-22	0.00e+00	0.00e+00	3.3906e-01
2.02332e+17	5.1740e+03	2.961e-22	1.0000e+01	1.0440e+01	5.0669e-10	2.9151e-02	9.7085e-01	1.5455e-01	8.4530e-01	1.4789e-04	7.6302e-14	5.9224e-03	7.6964e-01	2.2443e-01	6.5276e-06	3.5210e-02	9.4572e-01	1.9067e-02	2.1924e-07	1.1755e-36	1.1755e-36	6.9295e-22	0.00e+00	0.00e+00	3.9863e-01
2.39543e+17	5.1147e+03	2.944e-22	1.0000e+01	1.0433e+01	5.6920e-10	2.9834e-02	9.7017e-01	1.5877e-01	8.4109e-01	1.4129e-04	8.1109e-14	6.0387e-03	7.7514e-01	2.1881e-01	6.1510e-06	3.6093e-02	9.4557e-01	1.8334e-02	1.9748e-07	1.1755e-36	1.1755e-36	7.4980e-22	0.00e+00	0.00e+00	4.7788e-01
2.87917e+17	5.0552e+03	2.923e-22	1.0000e+01	1.0418e+01	6.5328e-10	3.0812e-02	9.6919e-01	1.6444e-01	8.3543e-01	1.3314e-04	8.8180e-14	6.2024e-03	7.8216e-01	2.1163e-01	5.6833e-06	3.7348e-02	9.4529e-01	1.7363e-02	1.7142e-07	1.1755e-36	1.1755e-36	8.3730e-22	0.00e+00	0.00e+00	5.8428e-01
3.50804e+17	4.9930e+03	2.903e-22	1.0000e+01	1.0393e+01	7.7781e-10	3.2296e-02	9.6770e-01	1.7250e-01	8.2738e-01	1.2295e-04	9.9476e-14	6.4348e-03	7.9140e-01	2.0216e-01	5.0947e-06	3.9240e-02	9.4469e-01	1.6074e-02	1.4098e-07	1.1755e-36	1.1755e-36	9.8526e-22	0.00e+00	0.00e+00	7.2927e-01
4.32556e+17	4.9364e+03	2.889e-22	1.0000e+01	1.0365e+01	9.6809e-10	3.4630e-02	9.6537e-01	1.8434e-01	8.1555e-01	1.1055e-04	1.1854e-13	6.7804e-03	8.0368e-01	1.8954e-01	4.3644e-06	4.2195e-02	9.4343e-01	1.4372e-02	1.1755e-36	1.1755e-36	1.1755e-36	1.2508e-21	0.00e+00	0.00e+00	9.3138e-01
5.38834e+17	4.9004e+03	2.880e-22	1.0000e+01	1.0317e+01	1.2683e-09	3.8384e-02	9.6162e-01	2.0207e-01	7.9783e-01	9.5917e-05	1.5347e-13	7.2858e-03	8.1971e-01	1.7300e-01	3.5015e-06	4.6914e-02	9.4089e-01	1.2195e-02	1.1755e-36	1.1755e-36	1.1755e-36	1.7906e-21	0.00e+00	0.00e+00	1.2226e+00
6.60491e+17	4.9059e+03	2.876e-22	1.0000e+01	1.0234e+01	1.6859e-09	4.3741e-02	9.5626e-01	2.2545e-01	7.7447e-01	8.1518e-05	2.1262e-13	7.9166e-03	8.3749e-01	1.5459e-01	2.6636e-06	5.3607e-02	9.3652e-01	9.8723e-03	1.1755e-36	1.1755e-36	1.1755e-36	2.8360e-21	0.00e+00	0.00e+00	1.5628e+00
7.81461e+17	4.9670e+03	2.887e-22	1.0000e+01	1.0137e+01	2.2125e-09	5.1017e-02	9.4898e-01	2.5421e-01	7.4572e-01	6.8964e-05	3.1271e-13	8.6392e-03	8.5541e-01	1.3594e-01	1.9429e-06	6.2626e-02	9.2968e-01	7.6899e-03	1.1755e-36	1.1755e-36	1.1755e-36	4.9088e-21	0.00e+00	0.00e+00	1.9455e+00
8.96411e+17	5.0683e+03	2.906e-22	1.0000e+01	1.0014e+01	2.8864e-09	6.0641e-02	9.3936e-01	2.8841e-01	7.1153e-01	5.8309e-05	4.8062e-13	9.4066e-03	8.7268e-01	1.1791e-01	1.3659e-06	7.4468e-02	9.1974e-01	5.7950e-03	1.1755e-36	1.1755e-36	1.1755e-36	9.0001e-21	0.00e+00	0.00e+00	2.3710e+00
1.00126e+18	5.1975e+03	2.924e-22	1.0000e+01	9.8545e+00	3.7408e-09	7.2892e-02	9.2711e-01	3.2721e-01	6.7274e-01	4.9431e-05	7.5764e-13	1.0141e-02	8.8842e-01	1.0143e-01	9.3731e-07	8.9427e-02	9.0631e-01	4.2662e-03	1.1755e-36	1.1755e-36	1.1755e-36	1.6990e-20	0.00e+00	0.00e+00	2.8247e+00
1.09318e+18	5.3343e+03	2.936e-22	1.0000e+01	9.6688e+00	4.8602e-09	8.7938e-02	9.1206e-01	3.6891e-01	6.3105e-01	4.2310e-05	1.2106e-12	1.0789e-02	9.0223e-01	8.6979e-02	6.3629e-07	1.0765e-01	8.8925e-01	3.1057e-03	1.1755e-36	1.1755e-36	1.1755e-36	3.2652e-20	0.00e+00	0.00e+00	3.2982e+00
1.17266e+18	5.4632e+03	2.933e-22	1.0000e+01	9.4523e+00	6.3757e-09	1.0589e-01	8.9411e-01	4.1220e-01	5.8776e-01	3.6464e-05	1.9404e-12	1.1306e-02	9.1407e-01	7.4625e-02	4.3168e-07	1.2920e-01	8.6854e-01	2.2547e-03	1.1755e-36	1.1755e-36	1.1755e-36	6.3081e-20	0.00e+00	0.00e+00	3.7910e+00
1.24184e+18	5.5756e+03	2.911e-22	1.0000e+01	9.2026e+00	8.4936e-09	1.2706e-01	8.7294e-01	4.5614e-01	5.4383e-01	3.1609e-05	3.1134e-12	1.1676e-02	9.2420e-01	6.4119e-02	2.9365e-07	1.5435e-01	8.4402e-01	1.6363e-03	1.1755e-36	1.1755e-36	1.1755e-36	1.2247e-19	0.00e+00	0.00e+00	4.3098e+00
1.30296e+18	5.6666e+03	2.863e-22	1.0000e+01	8.9163e+00	1.1550e-08	1.5191e-01	8.4809e-01	5.0014e-01	4.9983e-01	2.7507e-05	5.0147e-12	1.1897e-02	9.3296e-01	5.5146e-02	2.0025e-07	1.8355e-01	8.1527e-01	1.1859e-03	1.1755e-36	1.1755e-36	1.1755e-36	2.4060e-19	0.00e+00	0.00e+00	4.8621e+00
1.34263e+18	5.7314e+03	2.822e-22	1.0000e+01	8.6994e+00	1.4509e-08	1.7294e-01	8.2706e-01	5.2995e-01	4.7003e-01	2.5214e-05	7.1162e-12	1.1973e-02	9.3831e-01	4.9714e-02	1.5311e-07	2.0797e-01	7.9109e-01	9.4125e-04	1.1755e-36	1.1755e-36	1.1755e-36	3.9886e-19	0.00e+00	0.00e+00	5.0997e+00
1.35884e+18	5.7524e+03	2.791e-22	1.0000e+01	8.5747e+00	1.6042e-08	1.8235e-01	8.1765e-01	5.4264e-01	4.5733e-01	2.4265e-05	8.2239e-12	1.1951e-02	9.4040e-01	4.7647e-02	1.3701e-07	2.1881e-01	7.8034e-01	8.5372e-04	1.1755e-36	1.1755e-36	1.1755e-36	4.9183e-19	0.00e+00	0.00e+00	5.2226e+00
1.36976e+18	5.7615e+03	2.770e-22	1.0000e+01	8.4979e+00	1.7318e-08	1.8926e-01	8.1074e-01	5.5204e-01	4.4793e-01	2.3536e-05	9.1444e-12	1.1944e-02	9.4193e-01	4.6128e-02	1.2626e-07	2.2675e-01	7.7245e-01	7.9571e-04	1.1755e-36	1.1755e-36	1.1755e-36	5.7388e-19	0.00e+00	0.00e+00	5.3560e+00
1.38260e+18	5.7694e+03	2.742e-22	1.0000e+01	8.4037e+00	1.9047e-08	1.9790e-01	8.0210e-01	5.6330e-01	4.3668e-01	2.2700e-05	1.0404e-11	1.1929e-02	9.4373e-01	4.4338e-02	1.1755e-36	2.3665e-01	7.6262e-01	7.3035e-04	1.1755e-36	1.1755e-36	1.1755e-36	6.9320e-19	0.00e+00	0.00e+00	5.5374e+00
1.39785e+18	5.7757e+03	2.706e-22	1.0000e+01	8.2863e+00	2.1443e-08	2.0884e-01	7.9116e-01	5.7653e-01	4.2345e-01	2.1772e-05	1.2178e-11	1.1898e-02	9.4583e-01	4.2271e-02	1.1755e-36	2.4912e-01	7.5022e-01	6.5844e-04	1.1755e-36	1.1755e-36	1.1755e-36	8.7501e-19	0.00e+00	0.00e+00	5.7483e+00
1.41300e+18	5.7795e+03	2.668e-22	1.0000e+01	8.1674e+00	2.4275e-08	2.2061e-01	7.7939e-01	5.8982e-01	4.1016e-01	2.0867e-05	1.4337e-11	1.1857e-02	9.4786e-01	4.0278e-02	1.1755e-36	2.6246e-01	7.3695e-01	5.9235e-04	1.1755e-36	1.1755e-36	1.1755e-36	1.1167e-18	0.00e+00	0.00e+00	5.9476e+00
1.42629e+18	5.7828e+03	2.628e-22	1.0000e+01	8.0466e+00	2.7080e-08	2.3144e-01	7.6856e-01	6.0134e-01	3.9864e-01	2.0126e-05	1.6546e-11	1.1792e-02	9.4959e-01	3.8621e-02	1.1755e-36	2.7466e-01	7.2480e-01	5.3901e-04	1.1755e-36	1.1755e-36	1.1755e-36	1.3849e-18	0.00e+00	0.00e+00	6.1269e+00
1.43835e+18	5.7790e+03	2.592e-22	1.0000e+01	7.9445e+00	3.0295e-08	2.4233e-01	7.5767e-01	6.1244e-01	3.8754e-01	1.9402e-05	1.9089e-11	1.1745e-02	9.5121e-01	3.7048e-02	1.1755e-36	2.8688e-01	7.1263e-01	4.9229e-04	1.1755e-36	1.1755e-36	1.1755e-36	1.7214e-18	0.00e+00	0.00e+00	6.3081e+00
1.44985e+18	5.7777e+03	2.547e-22	1.0000e+01	7.8159e+00	3.3492e-08	2.5260e-01	7.4740e-01	6.2239e-01	3.7759e-01	1.8814e-05	2.1683e-11	1.1646e-02	9.5264e-01	3.5709e-02	1.1755e-36	2.9834e-01	7.0121e-01	4.5217e-04	1.1755e-36	1.1755e-36	1.1755e-36	2.0901e-18	0.00e+00	0.00e+00	6.4861e+00
1.46128e+18	5.7671e+03	2.502e-22	1.0000e+01	7.6900e+00	3.7536e-08	2.6374e-01	7.3626e-01	6.3285e-01	3.6713e-01	1.8181e-05	2.4903e-11	1.1552e-02	9.5412e-01	3.4331e-02	1.1755e-36	3.1073e-01	6.8886e-01	4.1390e-04	1.1755e-36	1.1755e-36	1.1755e-36	2.5896e-18	0.00e+00	0.00e+00	6.6808e+00
1.47255e+18	5.7608e+03	2.456e-22	1.0000e+01	7.5699e+00	4.1914e-08	2.7537e-01	7.2463e-01	6.4302e-01	3.5697e-01	1.7589e-05	2.8634e-11	1.1457e-02	9.5554e-01	3.2999e-02	1.1755e-36	3.2357e-01	6.7606e-01	3.7843e-04	1.1755e-36	1.1755e-36	1.1755e-36	3.2155e-18	0.00e+00	0.00e+00	6.8695e+00
1.48317e+18	5.7470e+03	2.408e-22	1.0000e+01	7.4414e+00	4.6912e-08	2.8681e-01	7.1319e-01	6.5262e-01	3.4736e-01	1.7046e-05	3.2791e-11	1.1345e-02	9.5687e-01	3.1787e-02	1.1755e-36	3.3614e-01	6.6351e-01	3.4735e-04	1.1755e-36	1.1755e-36	1.1755e-36	3.9810e-18	0.00e+00	0.00e+00	7.0577e+00
1.49324e+18	5.7342e+03	2.361e-22	1.0000e+01	7.3232e+00	5.2326e-08	2.9833e-01	7.0167e-01	6.6176e-01	3.3822e-01	1.6537e-05	3.7490e-11	1.1239e-02	9.5812e-01	3.0637e-02	1.1755e-36	3.4874e-01	6.5094e-01	3.1938e-04	1.1755e-36	1.1755e-36	1.1755e-36	4.9218e-18	0.00e+00	0.00e+00	7.2413e+00
1.50283e+18	5.7188e+03	2.313e-22	1.0000e+01	7.2023e+00	5.8297e-08	3.0974e-01	6.9026e-01	6.7044e-01	3.2955e-01	1.6069e-05	4.2722e-11	1.1124e-02	9.5930e-01	2.9573e-02	1.1755e-36	3.6115e-01	6.3856e-01	2.9442e-04	1.1755e-36	1.1755e-36	1.1755e-36	6.0654e-18	0.00e+00	0.00e+00	7.4257e+00
1.51214e+18	5.6987e+03	2.264e-22	1.0000e+01	7.0794e+00	6.5186e-08	3.2136e-01	6.7864e-01	6.7889e-01	3.2109e-01	1.5619e-05	4.8767e-11	1.1002e-02	9.6044e-01	2.8553e-02	1.1755e-36	3.7371e-01	6.2601e-01	2.7158e-04	1.1755e-36	1.1755e-36	1.1755e-36	7.5142e-18	0.00e+00	0.00e+00	7.6124e+00
1.52109e+18	5.6770e+03	2.215e-22	1.0000e+01	6.9563e+00	7.2821e-08	3.3295e-01	6.6705e-01	6.8694e-01	3.1304e-01	1.5202e-05	5.5573e-11	1.0874e-02	9.6153e-01	2.7599e-02	1.1755e-36	3.8619e-01	6.1356e-01	2.5098e-04	1.1755e-36	1.1755e-36	1.1755e-36	9.3017e-18	0.00e+00	0.00e+00	7.7954e+00
1.52960e+18	5.6543e+03	2.165e-22	1.0000e+01	6.8345e+00	8.1136e-08	3.4435e-01	6.5565e-01	6.9452e-01	3.0547e-01	1.4820e-05	6.3121e-11	1.0743e-02	9.6254e-01	2.6713e-02	1.1755e-36	3.9839e-01	6.0138e-01	2.3256e-04	1.1755e-36	1.1755e-36	1.1755e-36	1.1471e-17	0.00e+00	0.00e+00	7.9760e+00
1.53780e+18	5.6297e+03	2.116e-22	1.0000e+01	6.7137e+00	9.0397e-08	3.5575e-01	6.4425e-01	7.0181e-01	2.9817e-01	1.4458e-05	7.1672e-11	1.0610e-02	9.6352e-01	2.5872e-02	1.1755e-36	4.1054e-01	5.8924e-01	2.1575e-04	1.1755e-36	1.1755e-36	1.1755e-36	1.4163e-17	0.00e+00	0.00e+00	8.1580e+00
1.54581e+18	5.6029e+03	2.066e-22	1.0000e+01	6.5925e+00	1.0085e-07	3.6728e-01	6.3272e-01	7.0889e-01	2.9109e-01	1.4113e-05	8.1480e-11	1.0473e-02	9.6446e-01	2.5065e-02	1.1755e-36	4.2275e-01	5.7705e-01	2.0026e-04	1.1755e-36	1.1755e-36	1.1755e-36	1.7551e-17	0.00e+00	0.00e+00	8.3414e+00
1.55358e+18	5.5735e+03	2.016e-22	1.0000e+01	6.4711e+00	1.1264e-07	3.7884e-01	6.2116e-01	7.1571e-01	2.8428e-01	1.3786e-05	9.2696e-11	1.0332e-02	9.6537e-01	2.4297e-02	1.1755e-36	4.3493e-01	5.6488e-01	1.8609e-04	1.1755e-36	1.1755e-36	1.1755e-36	2.1818e-17	0.00e+00	0.00e+00	8.5240e+00
1.56104e+18	5.5425e+03	1.967e-22	1.0000e+01	6.3508e+00	1.2570e-07	3.9025e-01	6.0975e-01	7.2217e-01	2.7781e-01	1.3484e-05	1.0533e-10	1.0190e-02	9.6623e-01	2.3577e-02	1.1755e-36	4.4690e-01	5.5293e-01	1.7325e-04	1.1755e-36	1.1755e-36	1.1755e-36	2.7112e-17	0.00e+00	0.00e+00	8.7036e+00
1.56819e+18	5.5106e+03	1.919e-22	1.0000e+01	6.2324e+00	1.4005e-07	4.0148e-01	5.9852e-01	7.2831e-01	2.7168e-01	1.3202e-05	1.1949e-10	1.0046e-02	9.6705e-01	2.2900e-02	1.1755e-36	4.5861e-01	5.4123e-01	1.6162e-04	1.1755e-36	1.1755e-36	1.1755e-36	3.3643e-17	0.00e+00	0.00e+00	8.8815e+00
1.57513e+18	5.4774e+03	1.871e-22	1.0000e+01	6.1152e+00	1.5601e-07	4.1264e-01	5.8736e-01	7.3421e-01	2.6578e-01	1.2936e-05	1.3558e-10	9.9021e-03	9.6784e-01	2.2255e-02	1.1755e-36	4.7021e-01	5.2964e-01	1.5093e-04	1.1755e-36	1.1755e-36	1.1755e-36	4.1809e-17	0.00e+00	0.00e+00	9.0599e+00
1.58190e+18	5.4424e+03	1.823e-22	1.0000e+01	5.9985e+00	1.7393e-07	4.2383e-01	5.7617e-01	7.3991e-01	2.6007e-01	1.2682e-05	1.5405e-10	9.7563e-03	9.6861e-01	2.1636e-02	1.1755e-36	4.8176e-01	5.1810e-01	1.4104e-04	1.1755e-36	1.1755e-36	1.1755e-36	5.2141e-17	0.00e+00	0.00e+00	9.2391e+00
1.58849e+18	5.4053e+03	1.775e-22	1.0000e+01	5.8823e+00	1.9412e-07	4.3498e-01	5.6502e-01	7.4542e-01	2.5457e-01	1.2440e-05	1.7526e-10	9.6092e-03	9.6935e-01	2.1045e-02	1.1755e-36	4.9322e-01	5.0665e-01	1.3192e-04	1.1755e-36	1.1755e-36	1.1755e-36	6.5263e-17	0.00e+00	0.00e+00	9.4175e+00
1.59487e+18	5.3666e+03	1.728e-22	1.0000e+01	5.7674e+00	2.1662e-07	4.4598e-01	5.5402e-01	7.5066e-01	2.4932e-01	1.2214e-05	1.9938e-10	9.4619e-03	9.7005e-01	2.0485e-02	1.1755e-36	5.0447e-01	4.9541e-01	1.2358e-04	1.1755e-36	1.1755e-36	1.1755e-36	8.1787e-17	0.00e+00	0.00e+00	9.5934e+00
1.60100e+18	5.3273e+03	1.683e-22	1.0000e+01	5.6547e+00	2.4136e-07	4.5674e-01	5.4326e-01	7.5564e-01	2.4435e-01	1.2004e-05	2.2658e-10	9.3154e-03	9.7073e-01	1.9958e-02	1.1755e-36	5.1542e-01	4.8447e-01	1.1598e-04	1.1755e-36	1.1755e-36	1.1755e-36	1.0238e-16	0.00e+00	0.00e+00	9.7669e+00
1.60694e+18	5.2872e+03	1.638e-22	1.0000e+01	5.5439e+00	2.6871e-07	4.6735e-01	5.3265e-01	7.6041e-01	2.3958e-01	1.1806e-05	2.5746e-10	9.1700e-03	9.7137e-01	1.9455e-02	1.1755e-36	5.2617e-01	4.7373e-01	1.0898e-04	1.1755e-36	1.1755e-36	1.1755e-36	1.2823e-16	0.00e+00	0.00e+00	9.9400e+00
1.61275e+18	5.2461e+03	1.594e-22	1.0000e+01	5.4342e+00	2.9923e-07	4.7790e-01	5.2210e-01	7.6503e-01	2.3496e-01	1.1616e-05	2.9290e-10	9.0244e-03	9.7200e-01	1.8972e-02	1.1755e-36	5.3681e-01	4.6309e-01	1.0246e-04	1.1755e-36	1.1755e-36	1.1755e-36	1.6103e-16	0.00e+00	0.00e+00	1.0114e+01
1.61846e+18	5.2034e+03	1.551e-22	1.0000e+01	5.3252e+00	3.3354e-07	4.8843e-01	5.1157e-01	7.6951e-01	2.3048e-01	1.1435e-05	3.3385e-10	8.8786e-03	9.7262e-01	1.8506e-02	1.1755e-36	5.4738e-01	4.5253e-01	9.6380e-05	1.1755e-36	1.1755e-36	1.1755e-36	2.0305e-16	0.00e+00	0.00e+00	1.0288e+01
1.62404e+18	5.1585e+03	1.508e-22	1.0000e+01	5.2172e+00	3.7231e-07	4.9888e-01	5.0112e-01	7.7384e-01	2.2615e-01	1.1260e-05	3.8129e-10	8.7332e-03	9.7321e-01	1.8058e-02	1.1755e-36	5.5781e-01	4.4210e-01	9.0740e-05	1.1755e-36	1.1755e-36	1.1755e-36	2.5713e-16	0.00e+00	0.00e+00	1.0461e+01
1.62942e+18	5.1123e+03	1.466e-22	1.0000e+01	5.1111e+00	4.1540e-07	5.0909e-01	4.9091e-01	7.7796e-01	2.2203e-01	1.1098e-05	4.3545e-10	8.5893e-03	9.7378e-01	1.7634e-02	1.1755e-36	5.6797e-01	4.3195e-01	8.5567e-05	1.1755e-36	1.1755e-36	1.1755e-36	3.2583e-16	0.00e+00	0.00e+00	1.0631e+01
1.63460e+18	5.0663e+03	1.426e-22	1.0000e+01	5.0076e+00	4.6238e-07	5.1899e-01	4.8101e-01	7.8186e-01	2.1813e-01	1.0947e-05	4.9636e-10	8.4479e-03	9.7432e-01	1.7236e-02	1.1755e-36	5.7777e-01	4.2215e-01	8.0834e-05	1.1755e-36	1.1755e-36	1.1755e-36	4.1161e-16	0.00e+00	0.00e+00	1.0798e+01
1.63965e+18	5.0199e+03	1.387e-22	1.0000e+01	4.9064e+00	5.1414e-07	5.2873e-01	4.7127e-01	7.8562e-01	2.1437e-01	1.0803e-05	5.6576e-10	8.3086e-03	9.7484e-01	1.6853e-02	1.1755e-36	5.8738e-01	4.1254e-01	7.6431e-05	1.1755e-36	1.1755e-36	1.1755e-36	5.1996e-16	0.00e+00	0.00e+00	1.0965e+01
1.64464e+18	4.9730e+03	1.348e-22	1.0000e+01	4.8060e+00	5.7155e-07	5.3844e-01	4.6156e-01	7.8929e-01	2.1070e-01	1.0664e-05	6.3730e-10	8.1697e-03	9.7536e-01	1.6474e-02	1.1755e-36	5.9692e-01	4.0301e-01	7.2275e-05	1.1755e-36	1.1755e-36	1.1755e-36	6.4374e-16	0.00e+00	0.00e+00	1.1134e+01
1.64960e+18	4.9217e+03	1.310e-22	1.0000e+01	4.7036e+00	6.3796e-07	5.4818e-01	4.5182e-01	7.9292e-01	2.0707e-01	1.0528e-05	7.1247e-10	8.0282e-03	9.7587e-01	1.6098e-02	1.1755e-36	6.0644e-01	3.9349e-01	6.8352e-05	1.1755e-36	1.1755e-36	1.1755e-36	7.8776e-16	0.00e+00	0.00e+00	1.1305e+01
1.65445e+18	4.8660e+03	1.273e-22	1.0000e+01	4.6059e+00	7.1585e-07	5.5807e-01	4.4193e-01	7.9655e-01	2.0344e-01	1.0381e-05	7.9931e-10	7.8939e-03	9.7639e-01	1.5721e-02	1.1755e-36	6.1608e-01	3.8386e-01	6.4639e-05	1.1755e-36	1.1755e-36	1.1755e-36	9.7117e-16	0.00e+00	0.00e+00	1.1473e+01
1.65902e+18	4.8163e+03	1.238e-22	1.0000e+01	4.5102e+00	7.9337e-07	5.6706e-01	4.3294e-01	7.9969e-01	2.0030e-01	1.0271e-05	8.8625e-10	7.7594e-03	9.7685e-01	1.5393e-02	1.1755e-36	6.2479e-01	3.7514e-01	6.1387e-05	1.1755e-36	1.1755e-36	1.1755e-36	1.1724e-15	0.00e+00	0.00e+00	1.1629e+01
1.66344e+18	4.7672e+03	1.204e-22	1.0000e+01	4.4188e+00	8.7756e-07	5.7591e-01	4.2409e-01	8.0280e-01	1.9719e-01	1.0158e-05	9.8123e-10	7.6310e-03	9.7730e-01	1.5070e-02	1.1755e-36	6.3334e-01	3.6660e-01	5.8328e-05	1.1755e-36	1.1755e-36	1.1755e-36	1.4113e-15	0.00e+00	0.00e+00	1.1792e+01
1.66801e+18	4.7116e+03	1.169e-22	1.0000e+01	4.3231e+00	9.7870e-07	5.8515e-01	4.1485e-01	8.0606e-01	1.9393e-01	1.0036e-05	1.0929e-09	7.4974e-03	9.7777e-01	1.4737e-02	1.1755e-36	6.4224e-01	3.5771e-01	5.5304e-05	1.1755e-36	1.1755e-36	1.1755e-36	1.7189e-15	0.00e+00	0.00e+00	1.1964e+01
1.67260e+18	4.6589e+03	1.134e-22	1.0000e+01	4.2274e+00	1.0862e-06	5.9428e-01	4.0572e-01	8.0913e-01	1.9086e-01	9.9301e-06	1.2134e-09	7.3613e-03	9.7822e-01	1.4419e-02	1.1755e-36	6.5099e-01	3.4896e-01	5.2436e-05	1.1755e-36	1.1755e-36	1.1755e-36	2.0810e-15	0.00e+00	0.00e+00	1.2134e+01
1.67713e+18	4.6002e+03	1.101e-22	1.0000e+01	4.1324e+00	1.2124e-06	6.0352e-01	3.9648e-01	8.1224e-01	1.8775e-01	9.8167e-06	1.3507e-09	7.2277e-03	9.7867e-01	1.4099e-02	1.1755e-36	6.5981e-01	3.4014e-01	4.9705e-05	1.1755e-36	1.1755e-36	1.1755e-36	2.5340e-15	0.00e+00	0.00e+00	1.2307e+01
1.68160e+18	4.5412e+03	1.067e-22	1.0000e+01	4.0391e+00	1.3507e-06	6.1263e-01	3.8736e-01	8.1524e-01	1.8475e-01	9.7089e-06	1.5000e-09	7.0962e-03	9.7911e-01	1.3790e-02	1.1755e-36	6.6848e-01	3.3147e-01	4.7143e-05	1.1755e-36	1.1755e-36	1.1755e-36	3.0731e-15	0.00e+00	0.00e+00	1.2477e+01
1.68593e+18	4.4820e+03	1.036e-22	1.0000e+01	3.9484e+00	1.4999e-06	6.2147e-01	3.7852e-01	8.1812e-01	1.8187e-01	9.6059e-06	1.6592e-09	6.9684e-03	9.7954e-01	1.3494e-02	1.1755e-36	6.7686e-01	3.2310e-01	4.4771e-05	1.1755e-36	1.1755e-36	1.1755e-36	3.7003e-15	0.00e+00	0.00e+00	1.2645e+01
1.69022e+18	4.4172e+03	1.005e-22	1.0000e+01	3.8575e+00	1.6717e-06	6.3036e-01	3.6964e-01	8.2101e-01	1.7898e-01	9.4973e-06	1.8360e-09	6.8418e-03	9.7996e-01	1.3198e-02	1.1755e-36	6.8525e-01	3.1470e-01	4.2516e-05	1.1755e-36	1.1755e-36	1.1755e-36	4.4614e-15	0.00e+00	0.00e+00	1.2816e+01
1.69446e+18	4.3551e+03	9.744e-23	1.0000e+01	3.7685e+00	1.8508e-06	6.3904e-01	3.6096e-01	8.2377e-01	1.7622e-01	9.3991e-06	2.0206e-09	6.7166e-03	9.8037e-01	1.2915e-02	1.1755e-36	6.9342e-01	3.0654e-01	4.0394e-05	1.1755e-36	1.1755e-36	1.1755e-36	5.3232e-15	0.00e+00	0.00e+00	1.2985e+01
1.69872e+18	4.2902e+03	9.443e-23	1.0000e+01	3.6796e+00	2.0490e-06	6.4779e-01	3.5221e-01	8.2656e-01	1.7343e-01	9.2965e-06	2.2210e-09	6.5921e-03	9.8078e-01	1.2631e-02	1.1755e-36	7.0163e-01	2.9833e-01	3.8347e-05	1.1755e-36	1.1755e-36	1.1755e-36	6.3349e-15	0.00e+00	0.00e+00	1.3161e+01
1.70311e+18	4.2263e+03	9.131e-23	1.0000e+01	3.5852e+00	2.2552e-06	6.5645e-01	3.4354e-01	8.2920e-01	1.7079e-01	9.2168e-06	2.4277e-09	6.4572e-03	9.8118e-01	1.2359e-02	1.1755e-36	7.0972e-01	2.9025e-01	3.6372e-05	1.1755e-36	1.1755e-36	1.1755e-36	7.4598e-15	0.00e+00	0.00e+00	1.3347e+01
1.70779e+18	4.1465e+03	8.809e-23	1.0000e+01	3.4862e+00	2.5170e-06	6.6613e-01	3.3387e-01	8.3227e-01	1.6772e-01	9.1005e-06	2.6746e-09	6.3206e-03	9.8163e-01	1.2049e-02	1.1755e-36	7.1873e-01	2.8123e-01	3.4320e-05	1.1755e-36	1.1755e-36	1.1755e-36	8.9130e-15	0.00e+00	0.00e+00	1.3552e+01
1.71259e+18	4.0727e+03	8.485e-23	1.0000e+01	3.3884e+00	2.7779e-06	6.7580e-01	3.2420e-01	8.3519e-01	1.6480e-01	9.0000e-06	2.9260e-09	6.1833e-03	9.8206e-01	1.1754e-02	1.1755e-36	7.2768e-01	2.7229e-01	3.2340e-05	1.1755e-36	1.1755e-36	1.1755e-36	1.0496e-14	0.00e+00	0.00e+00	1.3753e+01
1.71744e+18	3.9880e+03	8.162e-23	1.0000e+01	3.2874e+00	3.0727e-06	6.8580e-01	3.1419e-01	8.3824e-01	1.6175e-01	8.8866e-06	3.1895e-09	6.0450e-03	9.8251e-01	1.1447e-02	1.1755e-36	7.3692e-01	2.6305e-01	3.0410e-05	1.1755e-36	1.1755e-36	1.1755e-36	1.2276e-14	0.00e+00	0.00e+00	1.3970e+01
