#depth	Te	Htot	hden	eden	2H_2/H	HI	HII	HeI	HeII	HeIII	CO/C	C1	C2	C3	C4	O1	O2	O3	O4	O5	O6	H2O/O	AV(point)	AV(extend)	Tau912
2.55935e+13	6.9281e+03	1.468e-19	2.1544e+02	2.3390e+02	1.8208e-15	1.2482e-03	9.9875e-01	6.7602e-03	9.8841e-01	4.8322e-03	8.3948e-19	4.0362e-05	1.1194e-01	8.8607e-01	1.9535e-03	3.3441e-04	3.0713e-01	6.9112e-01	1.4166e-03	1.1755e-36	1.1755e-36	6.8318e-27	0.00e+00	0.00e+00	8.6896e-05
1.53561e+14	6.9269e+03	1.468e-19	2.1544e+02	2.3388e+02	1.8216e-15	1.2479e-03	9.9875e-01	6.7602e-03	9.8841e-01	4.8285e-03	8.3872e-19	4.0329e-05	1.1193e-01	8.8607e-01	1.9584e-03	3.3425e-04	3.0705e-01	6.9121e-01	1.4117e-03	1.1755e-36	1.1755e-36	6.8235e-27	0.00e+00	0.00e+00	4.3441e-04
6.65432e+14	6.9243e+03	1.467e-19	2.1544e+02	2.3388e+02	1.8236e-15	1.2475e-03	9.9875e-01	6.7618e-03	9.8844e-01	4.7978e-03	8.3811e-19	4.0277e-05	1.1194e-01	8.8606e-01	1.9561e-03	3.3421e-04	3.0710e-01	6.9118e-01	1.3912e-03	1.1755e-36	1.1755e-36	6.8141e-27	0.00e+00	0.00e+00	1.8240e-03
2.71291e+15	6.9160e+03	1.465e-19	2.1544e+02	2.3387e+02	1.8335e-15	1.2472e-03	9.9875e-01	6.7720e-03	9.8859e-01	4.6366e-03	8.3982e-19	4.0246e-05	1.1209e-01	8.8593e-01	1.9412e-03	3.3481e-04	3.0754e-01	6.9082e-01	1.3117e-03	1.1755e-36	1.1755e-36	6.8123e-27	0.00e+00	0.00e+00	7.3812e-03
6.48028e+15	6.8945e+03	1.456e-19	2.1544e+02	2.3387e+02	1.8381e-15	1.2403e-03	9.9876e-01	6.7697e-03	9.8869e-01	4.5419e-03	8.2956e-19	3.9985e-05	1.1209e-01	8.8594e-01	1.9275e-03	3.3370e-04	3.0785e-01	6.9061e-01	1.2052e-03	1.1755e-36	1.1755e-36	6.6675e-27	0.00e+00	0.00e+00	1.4565e-02
1.13779e+16	6.8687e+03	1.446e-19	2.1544e+02	2.3387e+02	1.8473e-15	1.2342e-03	9.9877e-01	6.7751e-03	9.8894e-01	4.2828e-03	8.2042e-19	3.9839e-05	1.1220e-01	8.8586e-01	1.9004e-03	3.3325e-04	3.0847e-01	6.9012e-01	1.0758e-03	1.1755e-36	1.1755e-36	6.5154e-27	0.00e+00	0.00e+00	2.3859e-02
1.77447e+16	6.8400e+03	1.435e-19	2.1544e+02	2.3386e+02	1.8624e-15	1.2282e-03	9.9877e-01	6.7862e-03	9.8934e-01	3.8689e-03	8.1338e-19	3.9748e-05	1.1239e-01	8.8571e-01	1.8612e-03	3.3325e-04	3.0941e-01	6.8933e-01	9.2505e-04	1.1755e-36	1.1755e-36	6.3818e-27	0.00e+00	0.00e+00	3.5883e-02
2.60216e+16	6.8035e+03	1.424e-19	2.1544e+02	2.3386e+02	1.8875e-15	1.2228e-03	9.9878e-01	6.8061e-03	9.8989e-01	3.3062e-03	8.0539e-19	3.9711e-05	1.1269e-01	8.8546e-01	1.8088e-03	3.3304e-04	3.0992e-01	6.8899e-01	7.5818e-04	1.1755e-36	1.1755e-36	6.2256e-27	0.00e+00	0.00e+00	5.1443e-02
3.67816e+16	6.7684e+03	1.410e-19	2.1544e+02	2.3384e+02	1.9082e-15	1.2170e-03	9.9878e-01	6.8329e-03	9.9054e-01	2.6316e-03	8.0030e-19	3.9723e-05	1.1310e-01	8.8511e-01	1.7468e-03	3.3444e-04	3.1180e-01	6.8729e-01	5.8230e-04	1.1755e-36	1.1755e-36	6.0815e-27	0.00e+00	0.00e+00	7.1577e-02
5.07696e+16	6.7244e+03	1.394e-19	2.1544e+02	2.3383e+02	1.9445e-15	1.2124e-03	9.9879e-01	6.8754e-03	9.9122e-01	1.9094e-03	7.9973e-19	3.9839e-05	1.1374e-01	8.8454e-01	1.6759e-03	3.3740e-04	3.1461e-01	6.8464e-01	4.1152e-04	1.1755e-36	1.1755e-36	5.9572e-27	0.00e+00	0.00e+00	9.7652e-02
6.89539e+16	6.6784e+03	1.376e-19	2.1544e+02	2.3382e+02	1.9835e-15	1.2089e-03	9.9879e-01	6.9331e-03	9.9183e-01	1.2335e-03	8.0217e-19	4.0068e-05	1.1462e-01	8.8373e-01	1.6023e-03	3.4202e-04	3.1840e-01	6.8100e-01	2.6164e-04	1.1755e-36	1.1755e-36	5.8339e-27	0.00e+00	0.00e+00	1.3145e-01
9.25936e+16	6.6286e+03	1.356e-19	2.1544e+02	2.3380e+02	2.0318e-15	1.2077e-03	9.9879e-01	7.0138e-03	9.9230e-01	6.8998e-04	8.1016e-19	4.0486e-05	1.1586e-01	8.8257e-01	1.5293e-03	3.4895e-04	3.2337e-01	6.7613e-01	1.4561e-04	1.1755e-36	1.1755e-36	5.7278e-27	0.00e+00	0.00e+00	1.7535e-01
1.23325e+17	6.5723e+03	1.334e-19	2.1544e+02	2.3379e+02	2.1047e-15	1.2106e-03	9.9879e-01	7.1312e-03	9.9255e-01	3.2380e-04	8.2962e-19	4.1172e-05	1.1766e-01	8.8084e-01	1.4569e-03	3.5925e-04	3.2984e-01	6.6973e-01	6.8705e-05	1.1755e-36	1.1755e-36	5.6850e-27	0.00e+00	0.00e+00	2.3255e-01
1.63276e+17	6.5135e+03	1.311e-19	2.1544e+02	2.3378e+02	2.2000e-15	1.2199e-03	9.9878e-01	7.3003e-03	9.9258e-01	1.2323e-04	8.6374e-19	4.2257e-05	1.2023e-01	8.7834e-01	1.3828e-03	3.7431e-04	3.3819e-01	6.6141e-01	2.6548e-05	1.1755e-36	1.1755e-36	5.7083e-27	0.00e+00	0.00e+00	3.0748e-01
2.15213e+17	6.4553e+03	1.287e-19	2.1544e+02	2.3377e+02	2.3202e-15	1.2391e-03	9.9876e-01	7.5492e-03	9.9241e-01	3.6754e-05	9.1967e-19	4.3935e-05	1.2394e-01	8.7472e-01	1.3015e-03	3.9655e-04	3.4917e-01	6.5042e-01	8.1158e-06	1.1755e-36	1.1755e-36	5.8159e-27	0.00e+00	0.00e+00	4.0643e-01
2.82730e+17	6.4062e+03	1.263e-19	2.1544e+02	2.3375e+02	2.4807e-15	1.2734e-03	9.9873e-01	7.9181e-03	9.9207e-01	8.3813e-06	1.0195e-18	4.6582e-05	1.2932e-01	8.6943e-01	1.2074e-03	4.3008e-04	3.6399e-01	6.3558e-01	1.9146e-06	1.1755e-36	1.1755e-36	6.1613e-27	0.00e+00	0.00e+00	5.3861e-01
3.70502e+17	6.3675e+03	1.241e-19	2.1544e+02	2.3372e+02	2.7128e-15	1.3338e-03	9.9867e-01	8.4906e-03	9.9151e-01	1.4666e-06	1.2000e-18	5.0823e-05	1.3747e-01	8.6138e-01	1.0940e-03	4.8321e-04	3.8468e-01	6.1483e-01	3.4864e-07	1.1755e-36	1.1755e-36	6.8963e-27	0.00e+00	0.00e+00	7.1861e-01
4.84607e+17	6.3720e+03	1.221e-19	2.1544e+02	2.3368e+02	3.0066e-15	1.4354e-03	9.9856e-01	9.4105e-03	9.9059e-01	2.0777e-07	1.5476e-18	5.7765e-05	1.5004e-01	8.4894e-01	9.5927e-04	5.7024e-04	4.1413e-01	5.8530e-01	1.1755e-36	1.1755e-36	1.1755e-36	8.4817e-27	0.00e+00	0.00e+00	9.7044e-01
6.01452e+17	6.3976e+03	1.206e-19	2.1544e+02	2.3363e+02	3.3031e-15	1.5575e-03	9.9844e-01	1.0548e-02	9.8945e-01	3.5807e-08	2.0161e-18	6.6191e-05	1.6488e-01	8.3422e-01	8.3544e-04	6.7905e-04	4.4667e-01	5.5265e-01	1.1755e-36	1.1755e-36	1.1755e-36	1.0537e-26	0.00e+00	0.00e+00	1.1922e+00
6.94015e+17	6.4567e+03	1.203e-19	2.1544e+02	2.3357e+02	3.5743e-15	1.6868e-03	9.9831e-01	1.1750e-02	9.8825e-01	1.1039e-08	2.6225e-18	7.5092e-05	1.7980e-01	8.1938e-01	7.4223e-04	7.9541e-04	4.7662e-01	5.2258e-01	1.1755e-36	1.1755e-36	1.1755e-36	1.3387e-26	0.00e+00	0.00e+00	1.3768e+00
7.70916e+17	6.5180e+03	1.206e-19	2.1544e+02	2.3351e+02	3.9292e-15	1.8281e-03	9.9817e-01	1.3072e-02	9.8693e-01	4.5720e-09	3.4565e-18	8.4753e-05	1.9545e-01	8.0380e-01	6.6409e-04	9.2529e-04	5.0575e-01	4.9333e-01	1.1755e-36	1.1755e-36	1.1755e-36	1.7530e-26	0.00e+00	0.00e+00	1.5592e+00
8.43986e+17	6.6113e+03	1.211e-19	2.1544e+02	2.3344e+02	4.2726e-15	1.9886e-03	9.9801e-01	1.4658e-02	9.8534e-01	2.1031e-09	4.6464e-18	9.6030e-05	2.1320e-01	7.8611e-01	5.9207e-04	1.0806e-03	5.3665e-01	4.6227e-01	1.1755e-36	1.1755e-36	1.1755e-36	2.3624e-26	0.00e+00	0.00e+00	1.7560e+00
9.15658e+17	6.7050e+03	1.219e-19	2.1544e+02	2.3336e+02	4.7597e-15	2.1829e-03	9.9782e-01	1.6681e-02	9.8332e-01	1.0301e-09	6.4619e-18	1.0984e-04	2.3447e-01	7.6490e-01	5.2114e-04	1.2770e-03	5.7097e-01	4.2776e-01	1.1755e-36	1.1755e-36	1.1755e-36	3.3096e-26	0.00e+00	0.00e+00	1.9656e+00
9.82449e+17	6.8042e+03	1.231e-19	2.1544e+02	2.3326e+02	5.3409e-15	2.4049e-03	9.9760e-01	1.9172e-02	9.8083e-01	5.5214e-10	9.1012e-18	1.2589e-04	2.5870e-01	7.4071e-01	4.5545e-04	1.5128e-03	6.0692e-01	3.9157e-01	1.1755e-36	1.1755e-36	1.1755e-36	4.7080e-26	0.00e+00	0.00e+00	2.1717e+00
1.04133e+18	6.9005e+03	1.243e-19	2.1544e+02	2.3315e+02	6.0111e-15	2.6448e-03	9.9736e-01	2.2091e-02	9.7791e-01	3.2757e-10	1.2743e-17	1.4351e-04	2.8486e-01	7.1460e-01	3.9720e-04	1.7799e-03	6.4236e-01	3.5586e-01	1.1755e-36	1.1755e-36	1.1755e-36	6.6667e-26	0.00e+00	0.00e+00	2.3687e+00
1.09319e+18	6.9909e+03	1.257e-19	2.1544e+02	2.3302e+02	6.7906e-15	2.9019e-03	9.9710e-01	2.5524e-02	9.7448e-01	2.1033e-10	1.7700e-17	1.6265e-04	3.1283e-01	6.8666e-01	3.4530e-04	2.0782e-03	6.7676e-01	3.2116e-01	1.1755e-36	1.1755e-36	1.1755e-36	9.3725e-26	0.00e+00	0.00e+00	2.5620e+00
1.14030e+18	7.0763e+03	1.271e-19	2.1544e+02	2.3288e+02	7.7244e-15	3.1837e-03	9.9682e-01	2.9695e-02	9.7030e-01	1.4224e-10	2.4569e-17	1.8383e-04	3.4335e-01	6.5616e-01	2.9775e-04	2.4174e-03	7.1068e-01	2.8691e-01	1.1755e-36	1.1755e-36	1.1755e-36	1.3184e-25	0.00e+00	0.00e+00	2.7579e+00
1.18391e+18	7.1582e+03	1.287e-19	2.1544e+02	2.3272e+02	8.8464e-15	3.4975e-03	9.9650e-01	3.4958e-02	9.6504e-01	9.9959e-11	3.4188e-17	2.0761e-04	3.7720e-01	6.2234e-01	2.5354e-04	2.8078e-03	7.4437e-01	2.5283e-01	1.1755e-36	1.1755e-36	1.1755e-36	1.8583e-25	0.00e+00	0.00e+00	2.9577e+00
1.22413e+18	7.2379e+03	1.303e-19	2.1544e+02	2.3253e+02	1.0200e-14	3.8451e-03	9.9615e-01	4.1669e-02	9.5833e-01	7.2721e-11	4.7677e-17	2.3417e-04	4.1443e-01	5.8512e-01	2.1284e-04	3.2531e-03	7.7733e-01	2.1941e-01	1.1755e-36	1.1755e-36	1.1755e-36	2.6311e-25	0.00e+00	0.00e+00	3.1588e+00
1.26083e+18	7.3119e+03	1.320e-19	2.1544e+02	2.3234e+02	1.1843e-14	4.2255e-03	9.9577e-01	5.0356e-02	9.4964e-01	5.4636e-11	6.6382e-17	2.6305e-04	4.5464e-01	5.4492e-01	1.7594e-04	3.7527e-03	8.0892e-01	1.8733e-01	1.1755e-36	1.1755e-36	1.1755e-36	3.7305e-25	0.00e+00	0.00e+00	3.3596e+00
1.29426e+18	7.3628e+03	1.337e-19	2.1544e+02	2.3196e+02	1.3849e-14	4.6485e-03	9.9535e-01	6.1496e-02	9.3850e-01	4.1936e-11	9.1140e-17	2.9431e-04	4.9811e-01	5.0146e-01	1.4247e-04	4.3167e-03	8.3877e-01	1.5692e-01	1.1755e-36	1.1755e-36	1.1755e-36	5.1457e-25	0.00e+00	0.00e+00	3.5615e+00
1.32104e+18	7.4205e+03	1.352e-19	2.1544e+02	2.3167e+02	1.5802e-14	5.0424e-03	9.9496e-01	7.4628e-02	9.2537e-01	3.4268e-11	1.2015e-16	3.2361e-04	5.3825e-01	4.6131e-01	1.1680e-04	4.8534e-03	8.6336e-01	1.3179e-01	1.1755e-36	1.1755e-36	1.1755e-36	6.8737e-25	0.00e+00	0.00e+00	3.7100e+00
1.33947e+18	7.4606e+03	1.362e-19	2.1544e+02	2.3136e+02	1.7388e-14	5.3510e-03	9.9465e-01	8.7102e-02	9.1290e-01	2.9702e-11	1.4648e-16	3.4616e-04	5.6934e-01	4.3022e-01	9.9402e-05	5.2795e-03	8.8059e-01	1.1413e-01	1.1755e-36	1.1755e-36	1.1755e-36	8.4310e-25	0.00e+00	0.00e+00	3.8206e+00
1.35389e+18	7.4862e+03	1.370e-19	2.1544e+02	2.3106e+02	1.8941e-14	5.6206e-03	9.9438e-01	9.9731e-02	9.0027e-01	2.6346e-11	1.7254e-16	3.6532e-04	5.9558e-01	4.0396e-01	8.6009e-05	5.6527e-03	8.9402e-01	1.0033e-01	1.1755e-36	1.1755e-36	1.1755e-36	9.9939e-25	0.00e+00	0.00e+00	3.9250e+00
1.36958e+18	7.5109e+03	1.378e-19	2.1544e+02	2.3069e+02	2.0993e-14	5.9459e-03	9.9405e-01	1.1753e-01	8.8247e-01	2.2866e-11	2.0816e-16	3.8765e-04	6.2588e-01	3.7366e-01	7.1835e-05	6.1037e-03	9.0838e-01	8.5521e-02	1.1755e-36	1.1755e-36	1.1755e-36	1.2174e-24	0.00e+00	0.00e+00	4.0684e+00
1.38591e+18	7.5364e+03	1.387e-19	2.1544e+02	2.3009e+02	2.3385e-14	6.3150e-03	9.9368e-01	1.4229e-01	8.5771e-01	1.9634e-11	2.5297e-16	4.1160e-04	6.5887e-01	3.4066e-01	5.8310e-05	6.6185e-03	9.2305e-01	7.0333e-02	1.1755e-36	1.1755e-36	1.1755e-36	1.4897e-24	0.00e+00	0.00e+00	4.1965e+00
1.39867e+18	7.5569e+03	1.394e-19	2.1544e+02	2.2953e+02	2.5588e-14	6.6341e-03	9.9337e-01	1.6982e-01	8.3018e-01	1.7328e-11	2.9709e-16	4.3173e-04	6.8651e-01	3.1301e-01	4.8240e-05	7.0661e-03	9.3451e-01	5.8420e-02	1.1755e-36	1.1755e-36	1.1755e-36	1.7604e-24	0.00e+00	0.00e+00	4.2923e+00
1.40809e+18	7.5722e+03	1.399e-19	2.1544e+02	2.2911e+02	2.7589e-14	6.8897e-03	9.9311e-01	1.9710e-01	8.0290e-01	1.5686e-11	3.3825e-16	4.4737e-04	7.0773e-01	2.9178e-01	4.1125e-05	7.4250e-03	9.4286e-01	4.9720e-02	1.1755e-36	1.1755e-36	1.1755e-36	2.0261e-24	0.00e+00	0.00e+00	4.3695e+00
1.41605e+18	7.5803e+03	1.401e-19	2.1544e+02	2.2857e+02	2.9418e-14	7.1200e-03	9.9288e-01	2.2595e-01	7.7405e-01	1.4234e-11	3.7649e-16	4.6046e-04	7.2583e-01	2.7367e-01	3.5413e-05	7.7477e-03	9.4966e-01	4.2596e-02	1.1755e-36	1.1755e-36	1.1755e-36	2.2621e-24	0.00e+00	0.00e+00	4.4439e+00
1.42489e+18	7.5918e+03	1.401e-19	2.1544e+02	2.2773e+02	3.1493e-14	7.3862e-03	9.9261e-01	2.6571e-01	7.3429e-01	1.2519e-11	4.2309e-16	4.7448e-04	7.4559e-01	2.5390e-01	2.9490e-05	8.1207e-03	9.5680e-01	3.5083e-02	1.1755e-36	1.1755e-36	1.1755e-36	2.5410e-24	0.00e+00	0.00e+00	4.5443e+00
1.43414e+18	7.6014e+03	1.402e-19	2.1544e+02	2.2693e+02	3.4338e-14	7.6858e-03	9.9231e-01	3.2032e-01	6.7968e-01	1.0793e-11	4.8581e-16	4.8898e-04	7.6580e-01	2.3369e-01	2.3919e-05	8.5372e-03	9.6385e-01	2.7614e-02	1.1755e-36	1.1755e-36	1.1755e-36	2.9518e-24	0.00e+00	0.00e+00	4.6333e+00
1.44151e+18	7.6013e+03	1.400e-19	2.1544e+02	2.2588e+02	3.6802e-14	7.9360e-03	9.9206e-01	3.7688e-01	6.2312e-01	9.3176e-12	5.3988e-16	4.9949e-04	7.8138e-01	2.1810e-01	1.9862e-05	8.8841e-03	9.6911e-01	2.2009e-02	1.1755e-36	1.1755e-36	1.1755e-36	3.2785e-24	0.00e+00	0.00e+00	4.7004e+00
1.44726e+18	7.6080e+03	1.394e-19	2.1544e+02	2.2479e+02	3.8617e-14	8.1281e-03	9.9187e-01	4.2991e-01	5.7009e-01	8.1014e-12	5.8487e-16	5.0646e-04	7.9266e-01	2.0681e-01	1.6982e-05	9.1513e-03	9.7285e-01	1.7997e-02	1.1755e-36	1.1755e-36	1.1755e-36	3.5414e-24	0.00e+00	0.00e+00	4.7588e+00
1.45333e+18	7.5992e+03	1.388e-19	2.1544e+02	2.2363e+02	4.1034e-14	8.3571e-03	9.9164e-01	4.9469e-01	5.0531e-01	6.7182e-12	6.3717e-16	5.1368e-04	8.0388e-01	1.9559e-01	1.4132e-05	9.4615e-03	9.7632e-01	1.4223e-02	1.1755e-36	1.1755e-36	1.1755e-36	3.8246e-24	0.00e+00	0.00e+00	4.8369e+00
1.46018e+18	7.5929e+03	1.379e-19	2.1544e+02	2.2221e+02	4.4188e-14	8.6210e-03	9.9138e-01	5.7700e-01	4.2300e-01	5.2530e-12	7.0717e-16	5.2043e-04	8.1493e-01	1.8454e-01	1.1374e-05	9.8152e-03	9.7961e-01	1.0577e-02	1.1755e-36	1.1755e-36	1.1755e-36	4.2382e-24	0.00e+00	0.00e+00	4.9170e+00
1.46668e+18	7.5814e+03	1.368e-19	2.1544e+02	2.2063e+02	4.7573e-14	8.8829e-03	9.9112e-01	6.6152e-01	3.3848e-01	3.9392e-12	7.7953e-16	5.2533e-04	8.2386e-01	1.7560e-01	9.1141e-06	1.0161e-02	9.8212e-01	7.7208e-03	1.1755e-36	1.1755e-36	1.1755e-36	4.6564e-24	0.00e+00	0.00e+00	4.9915e+00
1.47376e+18	7.5674e+03	1.356e-19	2.1544e+02	2.1894e+02	5.1744e-14	9.1902e-03	9.9081e-01	7.5095e-01	2.4905e-01	2.6971e-12	8.6665e-16	5.2965e-04	8.3186e-01	1.6760e-01	6.9993e-06	1.0559e-02	9.8411e-01	5.3338e-03	1.1755e-36	1.1755e-36	1.1755e-36	5.1759e-24	0.00e+00	0.00e+00	5.0916e+00
1.48297e+18	7.5483e+03	1.344e-19	2.1544e+02	2.1712e+02	5.7931e-14	9.6336e-03	9.9037e-01	8.4721e-01	1.5279e-01	1.5147e-12	9.9032e-16	5.3452e-04	8.3983e-01	1.5963e-01	4.8629e-06	1.1120e-02	9.8567e-01	3.2138e-03	1.1755e-36	1.1755e-36	1.1755e-36	5.9699e-24	0.00e+00	0.00e+00	5.2281e+00
1.49495e+18	7.5366e+03	1.335e-19	2.1544e+02	2.1508e+02	6.5707e-14	1.0267e-02	9.8973e-01	9.2719e-01	7.2814e-02	6.4614e-13	1.1429e-15	5.3920e-04	8.4713e-01	1.5233e-01	2.9493e-06	1.1910e-02	9.8647e-01	1.6237e-03	1.1755e-36	1.1755e-36	1.1755e-36	6.9831e-24	0.00e+00	0.00e+00	5.4172e+00
1.51052e+18	7.5316e+03	1.341e-19	2.1544e+02	2.1381e+02	7.8876e-14	1.1262e-02	9.8874e-01	9.7379e-01	2.6208e-02	2.0440e-13	1.3939e-15	5.4713e-04	8.5467e-01	1.4478e-01	1.4885e-06	1.3134e-02	9.8620e-01	6.6461e-04	1.1755e-36	1.1755e-36	1.1755e-36	9.0397e-24	0.00e+00	0.00e+00	5.6868e+00
1.53075e+18	7.5398e+03	1.361e-19	2.1544e+02	2.1302e+02	1.0268e-13	1.2861e-02	9.8714e-01	9.9263e-01	7.3672e-03	4.9206e-14	1.8509e-15	5.5865e-04	8.6357e-01	1.3587e-01	5.9900e-07	1.5092e-02	9.8469e-01	2.1426e-04	1.1755e-36	1.1755e-36	1.1755e-36	1.3529e-23	0.00e+00	0.00e+00	6.0870e+00
1.55217e+18	7.5519e+03	1.392e-19	2.1544e+02	2.1244e+02	1.4345e-13	1.5117e-02	9.8488e-01	9.9792e-01	2.0805e-03	1.1981e-14	2.6372e-15	5.7169e-04	8.7313e-01	1.2630e-01	2.2654e-07	1.7854e-02	9.8208e-01	6.5830e-05	1.1755e-36	1.1755e-36	1.1755e-36	2.2853e-23	0.00e+00	0.00e+00	6.4974e+00
1.56955e+18	7.5596e+03	1.421e-19	2.1544e+02	2.1196e+02	1.9891e-13	1.7614e-02	9.8239e-01	9.9917e-01	8.2849e-04	4.2563e-15	3.7124e-15	5.8323e-04	8.8163e-01	1.1779e-01	1.1755e-36	2.0915e-02	9.7906e-01	2.6349e-05	1.1755e-36	1.1755e-36	1.1755e-36	3.8200e-23	0.00e+00	0.00e+00	6.8521e+00
1.58325e+18	7.5624e+03	1.444e-19	2.1544e+02	2.1135e+02	2.6357e-13	2.0162e-02	9.7984e-01	9.9958e-01	4.2408e-04	1.9905e-15	4.9650e-15	5.9183e-04	8.8889e-01	1.1052e-01	1.1755e-36	2.4043e-02	9.7594e-01	1.3054e-05	1.1755e-36	1.1755e-36	1.1755e-36	5.8783e-23	0.00e+00	0.00e+00	7.1976e+00
1.59773e+18	7.5573e+03	1.468e-19	2.1544e+02	2.1060e+02	3.7085e-13	2.3578e-02	9.7642e-01	9.9979e-01	2.1455e-04	9.1049e-16	7.0332e-15	6.0140e-04	8.9728e-01	1.0212e-01	1.1755e-36	2.8238e-02	9.7176e-01	6.1765e-06	1.1755e-36	1.1755e-36	1.1755e-36	9.8990e-23	0.00e+00	0.00e+00	7.7227e+00
1.61407e+18	7.5225e+03	1.500e-19	2.1544e+02	2.0946e+02	5.9375e-13	2.8948e-02	9.7105e-01	9.9990e-01	1.0340e-04	3.9340e-16	1.1149e-14	6.1233e-04	9.0749e-01	9.1899e-02	1.1755e-36	3.4832e-02	9.6517e-01	2.6705e-06	1.1755e-36	1.1755e-36	1.1755e-36	1.9779e-22	0.00e+00	0.00e+00	8.3643e+00
1.62867e+18	7.4897e+03	1.526e-19	2.1544e+02	2.0791e+02	9.7183e-13	3.6124e-02	9.6388e-01	9.9994e-01	5.5631e-05	1.9320e-16	1.8048e-14	6.2131e-04	9.1758e-01	8.1803e-02	1.1755e-36	4.3638e-02	9.5636e-01	1.2467e-06	1.1755e-36	1.1755e-36	1.1755e-36	4.0597e-22	0.00e+00	0.00e+00	8.9989e+00
1.63996e+18	7.4532e+03	1.544e-19	2.1544e+02	2.0611e+02	1.5363e-12	4.4416e-02	9.5558e-01	9.9997e-01	3.4998e-05	1.1358e-16	2.8064e-14	6.2726e-04	9.2628e-01	7.3088e-02	1.1755e-36	5.3793e-02	9.4621e-01	6.7635e-07	1.1755e-36	1.1755e-36	1.1755e-36	7.8274e-22	0.00e+00	0.00e+00	9.5835e+00
1.64886e+18	7.4088e+03	1.558e-19	2.1544e+02	2.0470e+02	2.3672e-12	5.3887e-02	9.4611e-01	9.9998e-01	2.4355e-05	7.4749e-17	4.2377e-14	6.3285e-04	9.3399e-01	6.5373e-02	1.1755e-36	6.5356e-02	9.3464e-01	4.0492e-07	1.1755e-36	1.1755e-36	1.1755e-36	1.4448e-21	0.00e+00	0.00e+00	1.0179e+01
1.65671e+18	7.3678e+03	1.558e-19	2.1544e+02	2.0206e+02	3.6288e-12	6.5277e-02	9.3472e-01	9.9998e-01	1.7683e-05	5.1970e-17	6.3366e-14	6.3331e-04	9.4104e-01	5.8330e-02	1.1755e-36	7.9210e-02	9.2079e-01	2.5037e-07	1.1755e-36	1.1755e-36	1.1755e-36	2.6252e-21	0.00e+00	0.00e+00	1.0851e+01
1.66405e+18	7.3164e+03	1.548e-19	2.1544e+02	1.9892e+02	5.8044e-12	8.0423e-02	9.1958e-01	9.9999e-01	1.3062e-05	3.6939e-17	9.8104e-14	6.3204e-04	9.4813e-01	5.1234e-02	1.1755e-36	9.7530e-02	9.0247e-01	1.5409e-07	1.1755e-36	1.1755e-36	1.1755e-36	5.0288e-21	0.00e+00	0.00e+00	1.1631e+01
1.66993e+18	7.2678e+03	1.528e-19	2.1544e+02	1.9516e+02	9.0866e-12	9.8084e-02	9.0192e-01	9.9999e-01	1.0294e-05	2.8459e-17	1.4834e-13	6.2731e-04	9.5414e-01	4.5231e-02	1.1755e-36	1.1874e-01	8.8126e-01	1.0161e-07	1.1755e-36	1.1755e-36	1.1755e-36	9.3179e-21	0.00e+00	0.00e+00	1.2246e+01
1.67381e+18	7.2370e+03	1.499e-19	2.1544e+02	1.9134e+02	1.2669e-11	1.1370e-01	8.8630e-01	9.9999e-01	8.8072e-06	2.4156e-17	2.0120e-13	6.1977e-04	9.5828e-01	4.1102e-02	1.1755e-36	1.3734e-01	8.6266e-01	7.5286e-08	1.1755e-36	1.1755e-36	1.1755e-36	1.4689e-20	0.00e+00	0.00e+00	1.2734e+01
1.67687e+18	7.1861e+03	1.473e-19	2.1544e+02	1.8813e+02	1.7231e-11	1.2939e-01	8.7061e-01	9.9999e-01	7.7365e-06	2.1037e-17	2.6336e-13	6.1376e-04	9.6181e-01	3.7575e-02	1.1755e-36	1.5591e-01	8.4409e-01	5.8096e-08	1.1755e-36	1.1755e-36	1.1755e-36	2.1953e-20	0.00e+00	0.00e+00	1.3256e+01
1.68028e+18	7.1295e+03	1.426e-19	2.1544e+02	1.8325e+02	2.4709e-11	1.5047e-01	8.4953e-01	9.9999e-01	6.6498e-06	1.8017e-17	3.5969e-13	6.0273e-04	9.6575e-01	3.3651e-02	1.1755e-36	1.8064e-01	8.1936e-01	4.2572e-08	1.1755e-36	1.1755e-36	1.1755e-36	3.4967e-20	0.00e+00	0.00e+00	1.4046e+01
1.68399e+18	7.0502e+03	1.360e-19	2.1544e+02	1.7672e+02	3.8699e-11	1.8071e-01	8.1929e-01	9.9999e-01	5.6496e-06	1.5361e-17	5.2567e-13	5.8656e-04	9.7007e-01	2.9341e-02	1.1755e-36	2.1570e-01	7.8430e-01	2.9629e-08	1.1755e-36	1.1755e-36	1.1755e-36	6.1765e-20	0.00e+00	0.00e+00	1.4919e+01
1.68737e+18	6.9482e+03	1.275e-19	2.1544e+02	1.6867e+02	6.2635e-11	2.1805e-01	7.8195e-01	1.0000e+00	4.8879e-06	1.3474e-17	7.7577e-13	5.6513e-04	9.7417e-01	2.5268e-02	1.1755e-36	2.5831e-01	7.4169e-01	2.0475e-08	1.1755e-36	1.1755e-36	1.1755e-36	1.1082e-19	0.00e+00	0.00e+00	1.5874e+01
1.69033e+18	6.8231e+03	1.174e-19	2.1544e+02	1.5934e+02	1.0247e-10	2.6128e-01	7.3872e-01	1.0000e+00	4.3180e-06	1.2201e-17	1.1284e-12	5.3895e-04	9.7779e-01	2.1669e-02	1.1755e-36	3.0674e-01	6.9326e-01	1.4300e-08	1.1755e-36	1.1755e-36	1.1755e-36	1.9470e-19	0.00e+00	0.00e+00	1.6833e+01
1.69260e+18	6.6920e+03	1.075e-19	2.1544e+02	1.5020e+02	1.5900e-10	3.0374e-01	6.9626e-01	1.0000e+00	3.9536e-06	1.1528e-17	1.5415e-12	5.1224e-04	9.8058e-01	1.8909e-02	1.1755e-36	3.5337e-01	6.4663e-01	1.0559e-08	1.1755e-36	1.1755e-36	1.1755e-36	3.1134e-19	0.00e+00	0.00e+00	1.7595e+01
1.69413e+18	6.5788e+03	9.979e-20	2.1544e+02	1.4289e+02	2.2159e-10	3.3762e-01	6.6238e-01	1.0000e+00	3.7437e-06	1.1233e-17	1.9188e-12	4.9042e-04	9.8244e-01	1.7067e-02	1.1755e-36	3.8994e-01	6.1006e-01	8.4765e-09	1.1755e-36	1.1755e-36	1.1755e-36	4.3270e-19	0.00e+00	0.00e+00	1.8151e+01
1.69521e+18	6.4826e+03	9.381e-20	2.1544e+02	1.3718e+02	2.8571e-10	3.6413e-01	6.3587e-01	1.0000e+00	3.6131e-06	1.1103e-17	2.2439e-12	4.7315e-04	9.8375e-01	1.5779e-02	1.1755e-36	4.1816e-01	5.8184e-01	7.1981e-09	1.1755e-36	1.1755e-36	1.1755e-36	5.4723e-19	0.00e+00	0.00e+00	1.8621e+01
1.69614e+18	6.3866e+03	8.831e-20	2.1544e+02	1.3187e+02	3.6117e-10	3.8873e-01	6.1127e-01	1.0000e+00	3.5031e-06	1.1017e-17	2.5685e-12	4.5700e-04	9.8486e-01	1.4682e-02	1.1755e-36	4.4405e-01	5.5595e-01	6.2146e-09	1.1755e-36	1.1755e-36	1.1755e-36	6.6982e-19	0.00e+00	0.00e+00	1.9103e+01
1.69705e+18	6.2798e+03	8.268e-20	2.1544e+02	1.2633e+02	4.6133e-10	4.1442e-01	5.8558e-01	1.0000e+00	3.4000e-06	1.0970e-17	2.9312e-12	4.3998e-04	9.8593e-01	1.3631e-02	1.1755e-36	4.7080e-01	5.2920e-01	5.3569e-09	1.1755e-36	1.1755e-36	1.1755e-36	8.1581e-19	0.00e+00	0.00e+00	1.9613e+01
1.69791e+18	6.1655e+03	7.712e-20	2.1544e+02	1.2071e+02	5.9169e-10	4.4041e-01	5.5959e-01	1.0000e+00	3.3128e-06	1.0987e-17	3.3222e-12	4.2259e-04	9.8692e-01	1.2656e-02	1.1755e-36	4.9754e-01	5.0246e-01	4.6322e-09	1.1755e-36	1.1755e-36	1.1755e-36	9.8309e-19	0.00e+00	0.00e+00	2.0107e+01
1.69868e+18	6.0518e+03	7.207e-20	2.1544e+02	1.1547e+02	7.4931e-10	4.6469e-01	5.3531e-01	1.0000e+00	3.2449e-06	1.1057e-17	3.7093e-12	4.0626e-04	9.8778e-01	1.1814e-02	1.1755e-36	5.2224e-01	4.7776e-01	4.0583e-09	1.1755e-36	1.1755e-36	1.1755e-36	1.1582e-18	0.00e+00	0.00e+00	2.0555e+01
1.69935e+18	5.9418e+03	6.759e-20	2.1544e+02	1.1071e+02	9.3348e-10	4.8672e-01	5.1328e-01	1.0000e+00	3.1921e-06	1.1158e-17	4.0792e-12	3.9137e-04	9.8851e-01	1.1095e-02	1.1755e-36	5.4443e-01	4.5557e-01	3.6062e-09	1.1755e-36	1.1755e-36	1.1755e-36	1.3338e-18	0.00e+00	0.00e+00	2.0969e+01
1.69995e+18	5.8323e+03	6.350e-20	2.1544e+02	1.0625e+02	1.1538e-09	5.0734e-01	4.9266e-01	1.0000e+00	3.1484e-06	1.1283e-17	4.4414e-12	3.7737e-04	9.8916e-01	1.0459e-02	1.1755e-36	5.6502e-01	4.3498e-01	3.2325e-09	1.1755e-36	1.1755e-36	1.1755e-36	1.5135e-18	0.00e+00	0.00e+00	2.1370e+01
1.70052e+18	5.7175e+03	5.965e-20	2.1544e+02	1.0196e+02	1.4314e-09	5.2748e-01	4.7252e-01	1.0000e+00	3.1083e-06	1.1413e-17	4.8135e-12	3.6395e-04	9.8977e-01	9.8668e-03	1.1755e-36	5.8494e-01	4.1506e-01	2.9086e-09	1.1755e-36	1.1755e-36	1.1755e-36	1.7066e-18	0.00e+00	0.00e+00	2.1767e+01
1.70097e+18	5.6261e+03	5.663e-20	2.1544e+02	9.8480e+01	1.7003e-09	5.4337e-01	4.5663e-01	1.0000e+00	3.0840e-06	1.1569e-17	5.1146e-12	3.5284e-04	9.9022e-01	9.4258e-03	1.1755e-36	6.0053e-01	3.9947e-01	2.6779e-09	1.1755e-36	1.1755e-36	1.1755e-36	1.8692e-18	0.00e+00	0.00e+00	2.2032e+01
1.70130e+18	5.5538e+03	5.448e-20	2.1544e+02	9.5961e+01	1.9416e-09	5.5506e-01	4.4494e-01	1.0000e+00	3.0691e-06	1.1691e-17	5.3450e-12	3.4487e-04	9.9055e-01	9.1087e-03	1.1755e-36	6.1194e-01	3.8806e-01	2.5202e-09	1.1755e-36	1.1755e-36	1.1755e-36	1.9980e-18	0.00e+00	0.00e+00	2.2250e+01
1.70160e+18	5.4804e+03	5.244e-20	2.1544e+02	9.3576e+01	2.2181e-09	5.6638e-01	4.3362e-01	1.0000e+00	3.0516e-06	1.1793e-17	5.5780e-12	3.3737e-04	9.9086e-01	8.8066e-03	1.1755e-36	6.2293e-01	3.7707e-01	2.3759e-09	1.1755e-36	1.1755e-36	1.1755e-36	2.1328e-18	0.00e+00	0.00e+00	2.2491e+01
1.70193e+18	5.3967e+03	5.022e-20	2.1544e+02	9.0913e+01	2.5803e-09	5.7890e-01	4.2110e-01	1.0000e+00	3.0325e-06	1.1915e-17	5.8429e-12	3.2895e-04	9.9119e-01	8.4817e-03	1.1755e-36	6.3503e-01	3.6497e-01	2.2256e-09	1.1755e-36	1.1755e-36	1.1755e-36	2.2919e-18	0.00e+00	0.00e+00	2.2765e+01
1.70228e+18	5.3058e+03	4.790e-20	2.1544e+02	8.8066e+01	3.0394e-09	5.9201e-01	4.0799e-01	1.0000e+00	3.0158e-06	1.2069e-17	6.1283e-12	3.1991e-04	9.9153e-01	8.1524e-03	1.1755e-36	6.4762e-01	3.5238e-01	2.0782e-09	1.1755e-36	1.1755e-36	1.1755e-36	2.4705e-18	0.00e+00	0.00e+00	2.3047e+01
1.70262e+18	5.2129e+03	4.568e-20	2.1544e+02	8.5291e+01	3.5916e-09	6.0492e-01	3.9508e-01	1.0000e+00	3.0009e-06	1.2230e-17	6.4246e-12	3.1110e-04	9.9185e-01	7.8372e-03	1.1755e-36	6.5996e-01	3.4004e-01	1.9426e-09	1.1755e-36	1.1755e-36	1.1755e-36	2.6664e-18	0.00e+00	0.00e+00	2.3320e+01
1.70294e+18	5.1200e+03	4.360e-20	2.1544e+02	8.2628e+01	4.2426e-09	6.1731e-01	3.8269e-01	1.0000e+00	2.9880e-06	1.2397e-17	6.7249e-12	3.0265e-04	9.9215e-01	7.5427e-03	1.1755e-36	6.7174e-01	3.2826e-01	1.8203e-09	1.1755e-36	1.1755e-36	1.1755e-36	2.8773e-18	0.00e+00	0.00e+00	2.3587e+01
1.70326e+18	5.0230e+03	4.160e-20	2.1544e+02	8.0005e+01	5.0412e-09	6.2944e-01	3.7056e-01	1.0000e+00	2.9758e-06	1.2567e-17	7.0383e-12	2.9437e-04	9.9244e-01	7.2623e-03	1.1755e-36	6.8321e-01	3.1679e-01	1.7080e-09	1.1755e-36	1.1755e-36	1.1755e-36	3.1126e-18	0.00e+00	0.00e+00	2.3854e+01
1.70357e+18	4.9223e+03	3.967e-20	2.1544e+02	7.7419e+01	6.0196e-09	6.4153e-01	3.5847e-01	1.0000e+00	2.9639e-06	1.2739e-17	7.3652e-12	2.8623e-04	9.9274e-01	6.9765e-03	1.1755e-36	6.9460e-01	3.0540e-01	1.6024e-09	1.1755e-36	1.1755e-36	1.1755e-36	3.3655e-18	0.00e+00	0.00e+00	2.4125e+01
1.70388e+18	4.8186e+03	3.779e-20	2.1544e+02	7.4848e+01	7.2195e-09	6.5346e-01	3.4654e-01	1.0000e+00	2.9533e-06	1.2923e-17	7.7014e-12	2.7815e-04	9.9303e-01	6.6966e-03	1.1755e-36	7.0578e-01	2.9422e-01	1.5040e-09	1.1755e-36	1.1755e-36	1.1755e-36	3.6411e-18	0.00e+00	0.00e+00	2.4396e+01
1.70418e+18	4.7119e+03	3.599e-20	2.1544e+02	7.2326e+01	8.6974e-09	6.6523e-01	3.3477e-01	1.0000e+00	2.9431e-06	1.3109e-17	8.0540e-12	2.7026e-04	9.9330e-01	6.4256e-03	1.1755e-36	7.1674e-01	2.8326e-01	1.4124e-09	1.1755e-36	1.1755e-36	1.1755e-36	3.9535e-18	0.00e+00	0.00e+00	2.4667e+01
1.70447e+18	4.6093e+03	3.425e-20	2.1544e+02	6.9839e+01	1.0408e-08	6.7648e-01	3.2352e-01	1.0000e+00	2.9371e-06	1.3330e-17	8.4031e-12	2.6240e-04	9.9357e-01	6.1713e-03	1.1755e-36	7.2718e-01	2.7282e-01	1.3282e-09	1.1755e-36	1.1755e-36	1.1755e-36	4.2880e-18	0.00e+00	0.00e+00	2.4937e+01
1.70471e+18	4.5209e+03	3.297e-20	2.1544e+02	6.7962e+01	1.2110e-08	6.8538e-01	3.1462e-01	1.0000e+00	2.9290e-06	1.3472e-17	8.7068e-12	2.5662e-04	9.9377e-01	5.9734e-03	1.1755e-36	7.3541e-01	2.6459e-01	1.2665e-09	1.1755e-36	1.1755e-36	1.1755e-36	4.6033e-18	0.00e+00	0.00e+00	2.5104e+01
1.70486e+18	4.4718e+03	3.213e-20	2.1544e+02	6.6703e+01	1.3184e-08	6.9073e-01	3.0927e-01	1.0000e+00	2.9316e-06	1.3629e-17	8.8788e-12	2.5257e-04	9.9389e-01	5.8559e-03	1.1755e-36	7.4033e-01	2.5967e-01	1.2289e-09	1.1755e-36	1.1755e-36	1.1755e-36	4.7905e-18	0.00e+00	0.00e+00	2.5223e+01
1.70500e+18	4.4069e+03	3.134e-20	2.1544e+02	6.5533e+01	1.4688e-08	6.9670e-01	3.0330e-01	1.0000e+00	2.9232e-06	1.3688e-17	9.1095e-12	2.4912e-04	9.9403e-01	5.7251e-03	1.1755e-36	7.4583e-01	2.5417e-01	1.1902e-09	1.1755e-36	1.1755e-36	1.1755e-36	5.0556e-18	0.00e+00	0.00e+00	2.5371e+01
1.70516e+18	4.3468e+03	3.050e-20	2.1544e+02	6.4261e+01	1.6235e-08	7.0257e-01	2.9743e-01	1.0000e+00	2.9190e-06	1.3802e-17	9.3266e-12	2.4521e-04	9.9416e-01	5.5977e-03	1.1755e-36	7.5122e-01	2.4878e-01	1.1518e-09	1.1755e-36	1.1755e-36	1.1755e-36	5.3163e-18	0.00e+00	0.00e+00	2.5516e+01
1.70531e+18	4.2823e+03	2.965e-20	2.1544e+02	6.2962e+01	1.8030e-08	7.0861e-01	2.9139e-01	1.0000e+00	2.9147e-06	1.3916e-17	9.5585e-12	2.4126e-04	9.9429e-01	5.4681e-03	1.1755e-36	7.5674e-01	2.4326e-01	1.1136e-09	1.1755e-36	1.1755e-36	1.1755e-36	5.6085e-18	0.00e+00	0.00e+00	2.5670e+01
1.70547e+18	4.2202e+03	2.879e-20	2.1544e+02	6.1610e+01	1.9904e-08	7.1448e-01	2.8552e-01	1.0000e+00	2.9139e-06	1.4069e-17	9.7766e-12	2.3706e-04	9.9442e-01	5.3433e-03	1.1755e-36	7.6210e-01	2.3790e-01	1.0767e-09	1.1755e-36	1.1755e-36	1.1755e-36	5.8967e-18	0.00e+00	0.00e+00	2.5826e+01
1.70564e+18	4.1503e+03	2.792e-20	2.1544e+02	6.0238e+01	2.2167e-08	7.2079e-01	2.7921e-01	1.0000e+00	2.9101e-06	1.4201e-17	1.0027e-11	2.3292e-04	9.9456e-01	5.2102e-03	1.1755e-36	7.6785e-01	2.3215e-01	1.0386e-09	1.1755e-36	1.1755e-36	1.1755e-36	6.2422e-18	0.00e+00	0.00e+00	2.5993e+01
1.70581e+18	4.0769e+03	2.706e-20	2.1544e+02	5.8884e+01	2.4718e-08	7.2731e-01	2.7269e-01	1.0000e+00	2.9042e-06	1.4316e-17	1.0296e-11	2.2891e-04	9.9470e-01	5.0741e-03	1.1755e-36	7.7377e-01	2.2623e-01	1.0006e-09	1.1755e-36	1.1755e-36	1.1755e-36	6.6276e-18	0.00e+00	0.00e+00	2.6158e+01
1.70597e+18	4.0064e+03	2.623e-20	2.1544e+02	5.7552e+01	2.7298e-08	7.3347e-01	2.6653e-01	1.0000e+00	2.9006e-06	1.4450e-17	1.0542e-11	2.2495e-04	9.9483e-01	4.9466e-03	1.1755e-36	7.7936e-01	2.2064e-01	9.6535e-10	1.1755e-36	1.1755e-36	1.1755e-36	6.9950e-18	0.00e+00	0.00e+00	2.6320e+01
1.70614e+18	3.9297e+03	2.540e-20	2.1544e+02	5.6159e+01	3.0187e-08	7.3973e-01	2.6027e-01	1.0000e+00	2.8973e-06	1.4593e-17	1.0783e-11	2.2087e-04	9.9496e-01	4.8187e-03	1.1755e-36	7.8503e-01	2.1497e-01	9.3069e-10	1.1755e-36	1.1755e-36	1.1755e-36	7.3701e-18	0.00e+00	0.00e+00	2.6492e+01
###########################
2.55935e+13	6.9451e+03	1.466e-19	2.1544e+02	2.3390e+02	1.7151e-15	1.2449e-03	9.9876e-01	6.7460e-03	9.8841e-01	4.8402e-03	7.9627e-19	3.9142e-05	1.1164e-01	8.8636e-01	1.9652e-03	3.3297e-04	3.0667e-01	6.9158e-01	1.4187e-03	1.1755e-36	1.1755e-36	6.2119e-27	0.00e+00	0.00e+00	8.6668e-05
1.53561e+14	6.9439e+03	1.466e-19	2.1544e+02	2.3388e+02	1.7111e-15	1.2447e-03	9.9876e-01	6.7462e-03	9.8842e-01	4.8364e-03	7.9337e-19	3.9239e-05	1.1165e-01	8.8634e-01	1.9674e-03	3.3284e-04	3.0658e-01	6.9167e-01	1.4138e-03	1.1755e-36	1.1755e-36	6.1676e-27	0.00e+00	0.00e+00	4.3330e-04
6.65432e+14	6.9412e+03	1.465e-19	2.1544e+02	2.3388e+02	1.7024e-15	1.2443e-03	9.9876e-01	6.7479e-03	9.8845e-01	4.8057e-03	7.8781e-19	3.9220e-05	1.1168e-01	8.8632e-01	1.9626e-03	3.3278e-04	3.0660e-01	6.9168e-01	1.3933e-03	1.1755e-36	1.1755e-36	6.0793e-27	0.00e+00	0.00e+00	1.8194e-03
2.71291e+15	6.9328e+03	1.463e-19	2.1544e+02	2.3387e+02	1.7187e-15	1.2442e-03	9.9876e-01	6.7584e-03	9.8860e-01	4.6442e-03	7.9264e-19	3.9261e-05	1.1186e-01	8.8616e-01	1.9460e-03	3.3331e-04	3.0694e-01	6.9141e-01	1.3138e-03	1.1755e-36	1.1755e-36	6.1255e-27	0.00e+00	0.00e+00	7.3632e-03
6.48028e+15	6.9120e+03	1.454e-19	2.1544e+02	2.3387e+02	1.7229e-15	1.2370e-03	9.9876e-01	6.7552e-03	9.8869e-01	4.5498e-03	7.8258e-19	3.9064e-05	1.1186e-01	8.8617e-01	1.9317e-03	3.3176e-04	3.0697e-01	6.9149e-01	1.2078e-03	1.1755e-36	1.1755e-36	5.9981e-27	0.00e+00	0.00e+00	1.4528e-02
1.13779e+16	6.8866e+03	1.445e-19	2.1544e+02	2.3387e+02	1.7310e-15	1.2307e-03	9.9877e-01	6.7600e-03	9.8895e-01	4.2907e-03	7.7339e-19	3.8975e-05	1.1196e-01	8.8609e-01	1.9044e-03	3.3095e-04	3.0737e-01	6.9122e-01	1.0785e-03	1.1755e-36	1.1755e-36	5.8591e-27	0.00e+00	0.00e+00	2.3795e-02
1.77447e+16	6.8581e+03	1.434e-19	2.1544e+02	2.3386e+02	1.7468e-15	1.2246e-03	9.9878e-01	6.7707e-03	9.8935e-01	3.8762e-03	7.6721e-19	3.8943e-05	1.1215e-01	8.8595e-01	1.8649e-03	3.3070e-04	3.0812e-01	6.9062e-01	9.2768e-04	1.1755e-36	1.1755e-36	5.7505e-27	0.00e+00	0.00e+00	3.5783e-02
2.60216e+16	6.8224e+03	1.422e-19	2.1544e+02	2.3386e+02	1.7669e-15	1.2191e-03	9.9878e-01	6.7911e-03	9.8990e-01	3.3130e-03	7.6091e-19	3.8944e-05	1.1247e-01	8.8568e-01	1.8125e-03	3.3135e-04	3.0944e-01	6.8947e-01	7.5949e-04	1.1755e-36	1.1755e-36	5.6116e-27	0.00e+00	0.00e+00	5.1297e-02
3.67816e+16	6.7839e+03	1.409e-19	2.1544e+02	2.3385e+02	1.7928e-15	1.2136e-03	9.9879e-01	6.8181e-03	9.9055e-01	2.6362e-03	7.5379e-19	3.9015e-05	1.1288e-01	8.8533e-01	1.7494e-03	3.3138e-04	3.1000e-01	6.8909e-01	5.8440e-04	1.1755e-36	1.1755e-36	5.4684e-27	0.00e+00	0.00e+00	7.1374e-02
5.07696e+16	6.7428e+03	1.393e-19	2.1544e+02	2.3383e+02	1.8204e-15	1.2088e-03	9.9879e-01	6.8586e-03	9.9123e-01	1.9134e-03	7.5281e-19	3.9174e-05	1.1350e-01	8.8478e-01	1.6791e-03	3.3448e-04	3.1299e-01	6.8627e-01	4.1295e-04	1.1755e-36	1.1755e-36	5.3506e-27	0.00e+00	0.00e+00	9.7371e-02
6.89539e+16	6.6939e+03	1.375e-19	2.1544e+02	2.3382e+02	1.8640e-15	1.2057e-03	9.9879e-01	6.9185e-03	9.9185e-01	1.2358e-03	7.5772e-19	3.9467e-05	1.1442e-01	8.8393e-01	1.6046e-03	3.3962e-04	3.1714e-01	6.8226e-01	2.6239e-04	1.1755e-36	1.1755e-36	5.2621e-27	0.00e+00	0.00e+00	1.3108e-01
9.25936e+16	6.6413e+03	1.355e-19	2.1544e+02	2.3381e+02	1.9149e-15	1.2049e-03	9.9880e-01	7.0017e-03	9.9231e-01	6.9108e-04	7.6722e-19	3.9933e-05	1.1571e-01	8.8272e-01	1.5308e-03	3.4707e-04	3.2248e-01	6.7703e-01	1.4594e-04	1.1755e-36	1.1755e-36	5.1779e-27	0.00e+00	0.00e+00	1.7487e-01
1.23325e+17	6.5843e+03	1.333e-19	2.1544e+02	2.3379e+02	1.9870e-15	1.2080e-03	9.9879e-01	7.1199e-03	9.9256e-01	3.2430e-04	7.8748e-19	4.0665e-05	1.1753e-01	8.8097e-01	1.4581e-03	3.5769e-04	3.2919e-01	6.7038e-01	6.8833e-05	1.1755e-36	1.1755e-36	5.1551e-27	0.00e+00	0.00e+00	2.3195e-01
1.63276e+17	6.5251e+03	1.310e-19	2.1544e+02	2.3378e+02	2.0775e-15	1.2173e-03	9.9878e-01	7.2892e-03	9.9259e-01	1.2342e-04	8.2048e-19	4.1791e-05	1.2012e-01	8.7846e-01	1.3839e-03	3.7290e-04	3.3770e-01	6.6190e-01	2.6591e-05	1.1755e-36	1.1755e-36	5.1783e-27	0.00e+00	0.00e+00	3.0673e-01
2.15213e+17	6.4671e+03	1.286e-19	2.1544e+02	2.3377e+02	2.1956e-15	1.2363e-03	9.9876e-01	7.5366e-03	9.9243e-01	3.6813e-05	8.7628e-19	4.3519e-05	1.2383e-01	8.7482e-01	1.3026e-03	3.9515e-04	3.4877e-01	6.5083e-01	8.1283e-06	1.1755e-36	1.1755e-36	5.3064e-27	0.00e+00	0.00e+00	4.0545e-01
2.82730e+17	6.4174e+03	1.262e-19	2.1544e+02	2.3376e+02	2.3526e-15	1.2705e-03	9.9873e-01	7.9056e-03	9.9209e-01	8.3953e-06	9.7351e-19	4.6192e-05	1.2924e-01	8.6951e-01	1.2083e-03	4.2862e-04	3.6360e-01	6.3597e-01	1.9175e-06	1.1755e-36	1.1755e-36	5.6416e-27	0.00e+00	0.00e+00	5.3733e-01
3.70502e+17	6.3781e+03	1.239e-19	2.1544e+02	2.3372e+02	2.5888e-15	1.3306e-03	9.9867e-01	8.4763e-03	9.9152e-01	1.4687e-06	1.1535e-18	5.0504e-05	1.3744e-01	8.6142e-01	1.0946e-03	4.8169e-04	3.8436e-01	6.1516e-01	3.4911e-07	1.1755e-36	1.1755e-36	6.3932e-27	0.00e+00	0.00e+00	7.1691e-01
4.84607e+17	6.3735e+03	1.220e-19	2.1544e+02	2.3368e+02	2.9211e-15	1.4333e-03	9.9857e-01	9.4004e-03	9.9060e-01	2.0783e-07	1.5054e-18	5.7519e-05	1.5014e-01	8.4884e-01	9.5857e-04	5.6919e-04	4.1400e-01	5.8543e-01	1.1755e-36	1.1755e-36	1.1755e-36	8.0185e-27	0.00e+00	0.00e+00	9.6836e-01
6.01087e+17	6.3941e+03	1.206e-19	2.1544e+02	2.3363e+02	3.2526e-15	1.5552e-03	9.9844e-01	1.0533e-02	9.8947e-01	3.5952e-08	1.9805e-18	6.6037e-05	1.6507e-01	8.3403e-01	8.3466e-04	6.7776e-04	4.4651e-01	5.5281e-01	1.1755e-36	1.1755e-36	1.1755e-36	1.0148e-26	0.00e+00	0.00e+00	1.1883e+00
6.92997e+17	6.4481e+03	1.203e-19	2.1544e+02	2.3358e+02	3.5770e-15	1.6841e-03	9.9832e-01	1.1732e-02	9.8827e-01	1.1167e-08	2.6075e-18	7.4909e-05	1.7997e-01	8.1922e-01	7.4169e-04	7.9347e-04	4.7631e-01	5.2289e-01	1.1755e-36	1.1755e-36	1.1755e-36	1.3215e-26	0.00e+00	0.00e+00	1.3712e+00
7.69489e+17	6.5194e+03	1.205e-19	2.1544e+02	2.3352e+02	3.9263e-15	1.8218e-03	9.9818e-01	1.3033e-02	9.8697e-01	4.6480e-09	3.4562e-18	8.4534e-05	1.9543e-01	8.0382e-01	6.6501e-04	9.2070e-04	5.0501e-01	4.9407e-01	1.1755e-36	1.1755e-36	1.1755e-36	1.7602e-26	0.00e+00	0.00e+00	1.5524e+00
8.46360e+17	6.6040e+03	1.211e-19	2.1544e+02	2.3344e+02	4.3997e-15	1.9949e-03	9.9801e-01	1.4727e-02	9.8527e-01	2.0423e-09	4.8080e-18	9.6716e-05	2.1453e-01	7.8479e-01	5.8734e-04	1.0873e-03	5.3798e-01	4.6094e-01	1.1755e-36	1.1755e-36	1.1755e-36	2.4789e-26	0.00e+00	0.00e+00	1.7711e+00
9.22983e+17	6.7043e+03	1.220e-19	2.1544e+02	2.3335e+02	4.9855e-15	2.2043e-03	9.9780e-01	1.6916e-02	9.8308e-01	9.5761e-10	6.9082e-18	1.1177e-04	2.3755e-01	7.6183e-01	5.1233e-04	1.2998e-03	5.7476e-01	4.2394e-01	1.1755e-36	1.1755e-36	1.1755e-36	3.6278e-26	0.00e+00	0.00e+00	1.9889e+00
9.89360e+17	6.8047e+03	1.232e-19	2.1544e+02	2.3325e+02	5.6363e-15	2.4294e-03	9.9757e-01	1.9466e-02	9.8053e-01	5.1891e-10	9.8175e-18	1.2829e-04	2.6228e-01	7.3715e-01	4.4747e-04	1.5402e-03	6.1090e-01	3.8756e-01	1.1755e-36	1.1755e-36	1.1755e-36	5.2512e-26	0.00e+00	0.00e+00	2.1876e+00
1.04543e+18	6.8974e+03	1.244e-19	2.1544e+02	2.3314e+02	6.3690e-15	2.6626e-03	9.9734e-01	2.2325e-02	9.7767e-01	3.1642e-10	1.3697e-17	1.4569e-04	2.8785e-01	7.1161e-01	3.9195e-04	1.8008e-03	6.4504e-01	3.5316e-01	1.1755e-36	1.1755e-36	1.1755e-36	7.4702e-26	0.00e+00	0.00e+00	2.3760e+00
1.09565e+18	6.9849e+03	1.258e-19	2.1544e+02	2.3301e+02	7.2369e-15	2.9149e-03	9.9709e-01	2.5713e-02	9.7429e-01	2.0587e-10	1.9046e-17	1.6477e-04	3.1545e-01	6.8404e-01	3.4156e-04	2.0943e-03	6.7855e-01	3.1935e-01	1.1755e-36	1.1755e-36	1.1755e-36	1.0601e-25	0.00e+00	0.00e+00	2.5680e+00
1.14284e+18	7.0706e+03	1.272e-19	2.1544e+02	2.3287e+02	8.2892e-15	3.1998e-03	9.9680e-01	2.9953e-02	9.7005e-01	1.3905e-10	2.6666e-17	1.8655e-04	3.4649e-01	6.5303e-01	2.9395e-04	2.4379e-03	7.1262e-01	2.8495e-01	1.1755e-36	1.1755e-36	1.1755e-36	1.5136e-25	0.00e+00	0.00e+00	2.7680e+00
1.18700e+18	7.1538e+03	1.287e-19	2.1544e+02	2.3269e+02	9.5737e-15	3.5211e-03	9.9648e-01	3.5345e-02	9.6466e-01	9.7320e-11	3.7546e-17	2.1128e-04	3.8127e-01	6.1827e-01	2.4936e-04	2.8383e-03	7.4680e-01	2.5036e-01	1.1755e-36	1.1755e-36	1.1755e-36	2.1732e-25	0.00e+00	0.00e+00	2.9709e+00
1.22722e+18	7.2347e+03	1.304e-19	2.1544e+02	2.3252e+02	1.1087e-14	3.8735e-03	9.9613e-01	4.2234e-02	9.5777e-01	7.0911e-11	5.2693e-17	2.3871e-04	4.1922e-01	5.8033e-01	2.0881e-04	3.2906e-03	7.7988e-01	2.1683e-01	1.1755e-36	1.1755e-36	1.1755e-36	3.1102e-25	0.00e+00	0.00e+00	3.1715e+00
1.26343e+18	7.3087e+03	1.320e-19	2.1544e+02	2.3232e+02	1.2858e-14	4.2543e-03	9.9575e-01	5.1042e-02	9.4896e-01	5.3508e-11	7.3218e-17	2.6801e-04	4.5972e-01	5.3984e-01	1.7247e-04	3.7916e-03	8.1115e-01	1.8505e-01	1.1755e-36	1.1755e-36	1.1755e-36	4.3995e-25	0.00e+00	0.00e+00	3.3704e+00
1.29641e+18	7.3585e+03	1.337e-19	2.1544e+02	2.3194e+02	1.5192e-14	4.6775e-03	9.9532e-01	6.2322e-02	9.3768e-01	4.1206e-11	1.0147e-16	3.0010e-04	5.0339e-01	4.9617e-01	1.3952e-04	4.3563e-03	8.4065e-01	1.5499e-01	1.1755e-36	1.1755e-36	1.1755e-36	6.1961e-25	0.00e+00	0.00e+00	3.5714e+00
1.32294e+18	7.4185e+03	1.352e-19	2.1544e+02	2.3164e+02	1.7303e-14	5.0708e-03	9.9493e-01	7.5633e-02	9.2437e-01	3.3742e-11	1.3365e-16	3.3000e-04	5.4373e-01	4.5582e-01	1.1426e-04	4.8931e-03	8.6499e-01	1.3011e-01	1.1755e-36	1.1755e-36	1.1755e-36	8.2782e-25	0.00e+00	0.00e+00	3.7194e+00
1.34119e+18	7.4551e+03	1.362e-19	2.1544e+02	2.3131e+02	1.9138e-14	5.3811e-03	9.9462e-01	8.8215e-02	9.1179e-01	2.9238e-11	1.6334e-16	3.5291e-04	5.7495e-01	4.2460e-01	9.7093e-05	5.3212e-03	8.8206e-01	1.1262e-01	1.1755e-36	1.1755e-36	1.1755e-36	1.0210e-24	0.00e+00	0.00e+00	3.8296e+00
1.35551e+18	7.4823e+03	1.370e-19	2.1544e+02	2.3102e+02	2.0855e-14	5.6512e-03	9.9435e-01	1.0111e-01	8.9889e-01	2.5965e-11	1.9270e-16	3.7271e-04	6.0141e-01	3.9813e-01	8.3880e-05	5.6956e-03	8.9538e-01	9.8922e-02	1.1755e-36	1.1755e-36	1.1755e-36	1.2145e-24	0.00e+00	0.00e+00	3.9340e+00
1.37113e+18	7.5073e+03	1.378e-19	2.1544e+02	2.3065e+02	2.3138e-14	5.9785e-03	9.9402e-01	1.1930e-01	8.8070e-01	2.2544e-11	2.3275e-16	3.9564e-04	6.3201e-01	3.6753e-01	6.9870e-05	6.1493e-03	9.0965e-01	8.4198e-02	1.1755e-36	1.1755e-36	1.1755e-36	1.4828e-24	0.00e+00	0.00e+00	4.0776e+00
1.38731e+18	7.5375e+03	1.388e-19	2.1544e+02	2.3023e+02	2.5763e-14	6.3492e-03	9.9365e-01	1.4525e-01	8.5475e-01	1.9504e-11	2.8395e-16	4.2057e-04	6.6541e-01	3.3412e-01	5.6518e-05	6.6666e-03	9.2426e-01	6.9072e-02	1.1755e-36	1.1755e-36	1.1755e-36	1.8284e-24	0.00e+00	0.00e+00	4.2047e+00
1.39975e+18	7.5518e+03	1.394e-19	2.1544e+02	2.2948e+02	2.8260e-14	6.6625e-03	9.9334e-01	1.7246e-01	8.2754e-01	1.7160e-11	3.3228e-16	4.4057e-04	6.9262e-01	3.0690e-01	4.6806e-05	7.1064e-03	9.3541e-01	5.7488e-02	1.1755e-36	1.1755e-36	1.1755e-36	2.1519e-24	0.00e+00	0.00e+00	4.2967e+00
1.40888e+18	7.5687e+03	1.398e-19	2.1544e+02	2.2905e+02	3.0234e-14	6.9106e-03	9.9309e-01	1.9939e-01	8.0061e-01	1.5554e-11	3.7516e-16	4.5595e-04	7.1335e-01	2.8616e-01	3.9985e-05	7.4552e-03	9.4347e-01	4.9079e-02	1.1755e-36	1.1755e-36	1.1755e-36	2.4441e-24	0.00e+00	0.00e+00	4.3731e+00
1.41685e+18	7.5804e+03	1.399e-19	2.1544e+02	2.2841e+02	3.2166e-14	7.1376e-03	9.9286e-01	2.2839e-01	7.7161e-01	1.4061e-11	4.1727e-16	4.6921e-04	7.3146e-01	2.6803e-01	3.4376e-05	7.7746e-03	9.5022e-01	4.2007e-02	1.1755e-36	1.1755e-36	1.1755e-36	2.7281e-24	0.00e+00	0.00e+00	4.4489e+00
1.42583e+18	7.5870e+03	1.401e-19	2.1544e+02	2.2777e+02	3.4821e-14	7.4187e-03	9.9258e-01	2.7014e-01	7.2986e-01	1.2374e-11	4.7403e-16	4.8425e-04	7.5187e-01	2.4762e-01	2.8389e-05	8.1655e-03	9.5745e-01	3.4381e-02	1.1755e-36	1.1755e-36	1.1755e-36	3.1173e-24	0.00e+00	0.00e+00	4.5513e+00
1.43506e+18	7.5972e+03	1.401e-19	2.1544e+02	2.2687e+02	3.7698e-14	7.7177e-03	9.9228e-01	3.2597e-01	6.7403e-01	1.0637e-11	5.4021e-16	4.9887e-04	7.7212e-01	2.2736e-01	2.2948e-05	8.5817e-03	9.6445e-01	2.6968e-02	1.1755e-36	1.1755e-36	1.1755e-36	3.5666e-24	0.00e+00	0.00e+00	4.6387e+00
1.44225e+18	7.5958e+03	1.398e-19	2.1544e+02	2.2579e+02	4.0396e-14	7.9630e-03	9.9204e-01	3.8236e-01	6.1764e-01	9.1817e-12	5.9916e-16	5.0930e-04	7.8734e-01	2.1213e-01	1.9073e-05	8.9216e-03	9.6954e-01	2.1542e-02	1.1755e-36	1.1755e-36	1.1755e-36	3.9539e-24	0.00e+00	0.00e+00	4.7042e+00
1.44789e+18	7.6034e+03	1.392e-19	2.1544e+02	2.2470e+02	4.2364e-14	8.1516e-03	9.9185e-01	4.3519e-01	5.6481e-01	7.9813e-12	6.4877e-16	5.1627e-04	7.9842e-01	2.0105e-01	1.6311e-05	9.1839e-03	9.7317e-01	1.7643e-02	1.1755e-36	1.1755e-36	1.1755e-36	4.2733e-24	0.00e+00	0.00e+00	4.7623e+00
1.45391e+18	7.5940e+03	1.386e-19	2.1544e+02	2.2351e+02	4.5306e-14	8.3799e-03	9.9162e-01	5.0018e-01	4.9982e-01	6.6081e-12	7.1122e-16	5.2358e-04	8.0954e-01	1.8992e-01	1.3553e-05	9.4929e-03	9.7657e-01	1.3939e-02	1.1755e-36	1.1755e-36	1.1755e-36	4.6760e-24	0.00e+00	0.00e+00	4.8399e+00
1.46175e+18	7.5842e+03	1.376e-19	2.1544e+02	2.2198e+02	4.9468e-14	8.6920e-03	9.9131e-01	5.9480e-01	4.0520e-01	4.9491e-12	8.0303e-16	5.3167e-04	8.2208e-01	1.7738e-01	1.0481e-05	9.9084e-03	9.8018e-01	9.9146e-03	1.1755e-36	1.1755e-36	1.1755e-36	5.2749e-24	0.00e+00	0.00e+00	4.9446e+00
1.46969e+18	7.5737e+03	1.361e-19	2.1544e+02	2.1971e+02	5.3816e-14	9.0015e-03	9.9100e-01	6.9746e-01	3.0254e-01	3.4068e-12	8.9806e-16	5.3637e-04	8.3210e-01	1.6735e-01	7.9864e-06	1.0317e-02	9.8299e-01	6.6901e-03	1.1755e-36	1.1755e-36	1.1755e-36	5.8600e-24	0.00e+00	0.00e+00	5.0306e+00
1.47625e+18	7.5590e+03	1.350e-19	2.1544e+02	2.1820e+02	5.8205e-14	9.2960e-03	9.9070e-01	7.7875e-01	2.2125e-01	2.3399e-12	9.8902e-16	5.4027e-04	8.3897e-01	1.6049e-01	6.2312e-06	1.0696e-02	9.8462e-01	4.6795e-03	1.1755e-36	1.1755e-36	1.1755e-36	6.4533e-24	0.00e+00	0.00e+00	5.1078e+00
1.48327e+18	7.5456e+03	1.340e-19	2.1544e+02	2.1672e+02	6.3256e-14	9.6348e-03	9.9037e-01	8.5013e-01	1.4987e-01	1.4806e-12	1.0908e-15	5.4367e-04	8.4476e-01	1.5469e-01	4.6915e-06	1.1125e-02	9.8572e-01	3.1536e-03	1.1755e-36	1.1755e-36	1.1755e-36	7.1550e-24	0.00e+00	0.00e+00	5.2118e+00
1.49239e+18	7.5338e+03	1.334e-19	2.1544e+02	2.1522e+02	7.0269e-14	1.0119e-02	9.8988e-01	9.1475e-01	8.5249e-02	7.7270e-13	1.2283e-15	5.4782e-04	8.5055e-01	1.4890e-01	3.2018e-06	1.1729e-02	9.8640e-01	1.8714e-03	1.1755e-36	1.1755e-36	1.1755e-36	8.1920e-24	0.00e+00	0.00e+00	5.3538e+00
1.50425e+18	7.5271e+03	1.336e-19	2.1544e+02	2.1415e+02	8.0604e-14	1.0847e-02	9.8915e-01	9.6090e-01	3.9100e-02	3.2051e-13	1.4281e-15	5.5422e-04	8.5664e-01	1.4280e-01	1.9082e-06	1.2626e-02	9.8643e-01	9.4481e-04	1.1755e-36	1.1755e-36	1.1755e-36	9.8982e-24	0.00e+00	0.00e+00	5.5516e+00
1.51967e+18	7.5302e+03	1.348e-19	2.1544e+02	2.1339e+02	9.7094e-14	1.1958e-02	9.8804e-01	9.8562e-01	1.4382e-02	1.0448e-13	1.7470e-15	5.6320e-04	8.6351e-01	1.3592e-01	9.5746e-07	1.3988e-02	9.8562e-01	3.9334e-04	1.1755e-36	1.1755e-36	1.1755e-36	1.3030e-23	0.00e+00	0.00e+00	5.8352e+00
1.53972e+18	7.5398e+03	1.373e-19	2.1544e+02	2.1281e+02	1.2791e-13	1.3745e-02	9.8626e-01	9.9570e-01	4.2961e-03	2.6881e-14	2.3441e-15	5.7569e-04	8.7223e-01	1.2720e-01	3.8459e-07	1.6175e-02	9.8369e-01	1.3053e-04	1.1755e-36	1.1755e-36	1.1755e-36	1.9904e-23	0.00e+00	0.00e+00	6.2589e+00
1.56060e+18	7.5496e+03	1.405e-19	2.1544e+02	2.1226e+02	1.7994e-13	1.6251e-02	9.8375e-01	9.9868e-01	1.3225e-03	7.1836e-15	3.3538e-15	5.8936e-04	8.8157e-01	1.1784e-01	1.4757e-07	1.9246e-02	9.8071e-01	4.2196e-05	1.1755e-36	1.1755e-36	1.1755e-36	3.3760e-23	0.00e+00	0.00e+00	6.6810e+00
1.57716e+18	7.5490e+03	1.434e-19	2.1544e+02	2.1176e+02	2.4927e-13	1.8993e-02	9.8101e-01	9.9943e-01	5.6940e-04	2.7760e-15	4.6871e-15	6.0087e-04	8.8978e-01	1.0962e-01	1.1755e-36	2.2609e-02	9.7737e-01	1.7861e-05	1.1755e-36	1.1755e-36	1.1755e-36	5.5445e-23	0.00e+00	0.00e+00	7.0434e+00
1.59027e+18	7.5448e+03	1.458e-19	2.1544e+02	2.1120e+02	3.3386e-13	2.1819e-02	9.7818e-01	9.9969e-01	3.0572e-04	1.3670e-15	6.3099e-15	6.1013e-04	8.9688e-01	1.0251e-01	1.1755e-36	2.6078e-02	9.7391e-01	9.1434e-06	1.1755e-36	1.1755e-36	1.1755e-36	8.6127e-23	0.00e+00	0.00e+00	7.4053e+00
1.60429e+18	7.5319e+03	1.482e-19	2.1544e+02	2.1018e+02	4.7234e-13	2.5649e-02	9.7435e-01	9.9984e-01	1.5974e-04	6.4836e-16	8.9251e-15	6.1954e-04	9.0510e-01	9.4277e-02	1.1755e-36	3.0782e-02	9.6921e-01	4.4213e-06	1.1755e-36	1.1755e-36	1.1755e-36	1.4381e-22	0.00e+00	0.00e+00	7.9585e+00
1.61899e+18	7.5076e+03	1.509e-19	2.1544e+02	2.0895e+02	7.2496e-13	3.1279e-02	9.6872e-01	9.9992e-01	8.4000e-05	3.1029e-16	1.3607e-14	6.2937e-04	9.1426e-01	8.5113e-02	1.1755e-36	3.7695e-02	9.6230e-01	2.0752e-06	1.1755e-36	1.1755e-36	1.1755e-36	2.6846e-22	0.00e+00	0.00e+00	8.5350e+00
1.63143e+18	7.4753e+03	1.531e-19	2.1544e+02	2.0746e+02	1.1221e-12	3.8218e-02	9.6178e-01	9.9995e-01	4.9762e-05	1.7005e-16	2.0784e-14	6.3729e-04	9.2291e-01	7.6449e-02	1.1755e-36	4.6206e-02	9.5379e-01	1.0752e-06	1.1755e-36	1.1755e-36	1.1755e-36	5.0249e-22	0.00e+00	0.00e+00	9.1237e+00
1.64187e+18	7.4377e+03	1.546e-19	2.1544e+02	2.0566e+02	1.7322e-12	4.6569e-02	9.5343e-01	9.9997e-01	3.2345e-05	1.0372e-16	3.1502e-14	6.4288e-04	9.3087e-01	6.8482e-02	1.1755e-36	5.6429e-02	9.4357e-01	6.0435e-07	1.1755e-36	1.1755e-36	1.1755e-36	9.3002e-22	0.00e+00	0.00e+00	9.7298e+00
1.65092e+18	7.3940e+03	1.556e-19	2.1544e+02	2.0375e+02	2.7031e-12	5.6929e-02	9.4307e-01	9.9998e-01	2.2342e-05	6.7816e-17	4.8068e-14	6.4718e-04	9.3845e-01	6.0904e-02	1.1755e-36	6.9066e-02	9.3093e-01	3.5577e-07	1.1755e-36	1.1755e-36	1.1755e-36	1.7406e-21	0.00e+00	0.00e+00	1.0390e+01
1.65899e+18	7.3472e+03	1.553e-19	2.1544e+02	2.0081e+02	4.2870e-12	7.0023e-02	9.2998e-01	9.9998e-01	1.6062e-05	4.6678e-17	7.4024e-14	6.4739e-04	9.4559e-01	5.3759e-02	1.1755e-36	8.4967e-02	9.1503e-01	2.1482e-07	1.1755e-36	1.1755e-36	1.1755e-36	3.3031e-21	0.00e+00	0.00e+00	1.1115e+01
1.66610e+18	7.2943e+03	1.538e-19	2.1544e+02	1.9724e+02	6.9443e-12	8.6772e-02	9.1323e-01	9.9999e-01	1.1989e-05	3.3669e-17	1.1570e-13	6.4476e-04	9.5237e-01	4.6987e-02	1.1755e-36	1.0518e-01	8.9482e-01	1.3256e-07	1.1755e-36	1.1755e-36	1.1755e-36	6.4193e-21	0.00e+00	0.00e+00	1.1896e+01
1.67148e+18	7.2438e+03	1.516e-19	2.1544e+02	1.9355e+02	1.0784e-11	1.0537e-01	8.9463e-01	9.9999e-01	9.6350e-06	2.6528e-17	1.7331e-13	6.3957e-04	9.5784e-01	4.1524e-02	1.1755e-36	1.2744e-01	8.7256e-01	8.9185e-08	1.1755e-36	1.1755e-36	1.1755e-36	1.1740e-20	0.00e+00	0.00e+00	1.2490e+01
1.67501e+18	7.2051e+03	1.485e-19	2.1544e+02	1.8956e+02	1.4912e-11	1.2133e-01	8.7867e-01	9.9999e-01	8.3406e-06	2.2839e-17	2.3157e-13	6.3146e-04	9.6152e-01	3.7851e-02	1.1755e-36	1.4639e-01	8.5361e-01	6.7258e-08	1.1755e-36	1.1755e-36	1.1755e-36	1.8086e-20	0.00e+00	0.00e+00	1.2969e+01
1.67790e+18	7.1616e+03	1.455e-19	2.1544e+02	1.8632e+02	2.0096e-11	1.3775e-01	8.6225e-01	9.9999e-01	7.3829e-06	2.0082e-17	3.0171e-13	6.2486e-04	9.6479e-01	3.4586e-02	1.1755e-36	1.6575e-01	8.3425e-01	5.2161e-08	1.1755e-36	1.1755e-36	1.1755e-36	2.6887e-20	0.00e+00	0.00e+00	1.3508e+01
1.68120e+18	7.1083e+03	1.403e-19	2.1544e+02	1.8109e+02	2.8812e-11	1.6026e-01	8.3974e-01	9.9999e-01	6.3725e-06	1.7326e-17	4.1216e-13	6.1211e-04	9.6851e-01	3.0876e-02	1.1755e-36	1.9205e-01	8.0795e-01	3.8214e-08	1.1755e-36	1.1755e-36	1.1755e-36	4.2878e-20	0.00e+00	0.00e+00	1.4323e+01
1.68479e+18	7.0135e+03	1.332e-19	2.1544e+02	1.7411e+02	4.5855e-11	1.9279e-01	8.0721e-01	9.9999e-01	5.4430e-06	1.4886e-17	6.0425e-13	5.9420e-04	9.7260e-01	2.6804e-02	1.1755e-36	2.2958e-01	7.7042e-01	2.6567e-08	1.1755e-36	1.1755e-36	1.1755e-36	7.6074e-20	0.00e+00	0.00e+00	1.5222e+01
1.68801e+18	6.9044e+03	1.241e-19	2.1544e+02	1.6563e+02	7.4442e-11	2.3212e-01	7.6788e-01	1.0000e+00	4.7448e-06	1.3205e-17	8.8727e-13	5.7068e-04	9.7638e-01	2.3046e-02	1.1755e-36	2.7419e-01	7.2581e-01	1.8432e-08	1.1755e-36	1.1755e-36	1.1755e-36	1.3552e-19	0.00e+00	0.00e+00	1.6177e+01
1.69071e+18	6.7777e+03	1.141e-19	2.1544e+02	1.5636e+02	1.1937e-10	2.7512e-01	7.2488e-01	1.0000e+00	4.2495e-06	1.2153e-17	1.2611e-12	5.4370e-04	9.7956e-01	1.9896e-02	1.1755e-36	3.2204e-01	6.7796e-01	1.3144e-08	1.1755e-36	1.1755e-36	1.1755e-36	2.2999e-19	0.00e+00	0.00e+00	1.7061e+01
1.69268e+18	6.6535e+03	1.050e-19	2.1544e+02	1.4790e+02	1.7774e-10	3.1440e-01	6.8560e-01	1.0000e+00	3.9436e-06	1.1628e-17	1.6620e-12	5.1826e-04	9.8188e-01	1.7599e-02	1.1755e-36	3.6494e-01	6.3506e-01	1.0022e-08	1.1755e-36	1.1755e-36	1.1755e-36	3.4843e-19	0.00e+00	0.00e+00	1.7743e+01
1.69404e+18	6.5473e+03	9.799e-20	2.1544e+02	1.4126e+02	2.4035e-10	3.4552e-01	6.5448e-01	1.0000e+00	3.7592e-06	1.1380e-17	2.0209e-12	4.9799e-04	9.8346e-01	1.6037e-02	1.1755e-36	3.9838e-01	6.0162e-01	8.2189e-09	1.1755e-36	1.1755e-36	1.1755e-36	4.6757e-19	0.00e+00	0.00e+00	1.8267e+01
1.69507e+18	6.4510e+03	9.212e-20	2.1544e+02	1.3562e+02	3.0781e-10	3.7136e-01	6.2864e-01	1.0000e+00	3.6353e-06	1.1272e-17	2.3446e-12	4.8052e-04	9.8466e-01	1.4863e-02	1.1755e-36	4.2581e-01	5.7419e-01	7.0170e-09	1.1755e-36	1.1755e-36	1.1755e-36	5.8400e-19	0.00e+00	0.00e+00	1.8746e+01
1.69600e+18	6.3510e+03	8.654e-20	2.1544e+02	1.3019e+02	3.9108e-10	3.9653e-01	6.0347e-01	1.0000e+00	3.5253e-06	1.1198e-17	2.6841e-12	4.6357e-04	9.8573e-01	1.3811e-02	1.1755e-36	4.5221e-01	5.4779e-01	6.0472e-09	1.1755e-36	1.1755e-36	1.1755e-36	7.1486e-19	0.00e+00	0.00e+00	1.9239e+01
1.69689e+18	6.2420e+03	8.093e-20	2.1544e+02	1.2462e+02	5.0008e-10	4.2234e-01	5.7766e-01	1.0000e+00	3.4259e-06	1.1171e-17	3.0561e-12	4.4603e-04	9.8673e-01	1.2823e-02	1.1755e-36	4.7899e-01	5.2101e-01	5.2178e-09	1.1755e-36	1.1755e-36	1.1755e-36	8.6756e-19	0.00e+00	0.00e+00	1.9741e+01
1.69772e+18	6.1285e+03	7.555e-20	2.1544e+02	1.1914e+02	6.3796e-10	4.4768e-01	5.5232e-01	1.0000e+00	3.3446e-06	1.1208e-17	3.4446e-12	4.2866e-04	9.8764e-01	1.1932e-02	1.1755e-36	5.0497e-01	4.9503e-01	4.5338e-09	1.1755e-36	1.1755e-36	1.1755e-36	1.0367e-18	0.00e+00	0.00e+00	2.0218e+01
1.69845e+18	6.0164e+03	7.070e-20	2.1544e+02	1.1406e+02	8.0298e-10	4.7118e-01	5.2882e-01	1.0000e+00	3.2810e-06	1.1290e-17	3.8255e-12	4.1246e-04	9.8842e-01	1.1164e-02	1.1755e-36	5.2881e-01	4.7119e-01	3.9916e-09	1.1755e-36	1.1755e-36	1.1755e-36	1.2115e-18	0.00e+00	0.00e+00	2.0654e+01
1.69910e+18	5.9065e+03	6.634e-20	2.1544e+02	1.0939e+02	9.9788e-10	4.9279e-01	5.0721e-01	1.0000e+00	3.2304e-06	1.1402e-17	4.1935e-12	3.9749e-04	9.8910e-01	1.0498e-02	1.1755e-36	5.5052e-01	4.4948e-01	3.5564e-09	1.1755e-36	1.1755e-36	1.1755e-36	1.3886e-18	0.00e+00	0.00e+00	2.1064e+01
1.69969e+18	5.7961e+03	6.231e-20	2.1544e+02	1.0497e+02	1.2339e-09	5.1327e-01	4.8673e-01	1.0000e+00	3.1880e-06	1.1536e-17	4.5579e-12	3.8324e-04	9.8972e-01	9.8996e-03	1.1755e-36	5.7090e-01	4.2910e-01	3.1912e-09	1.1755e-36	1.1755e-36	1.1755e-36	1.5717e-18	0.00e+00	0.00e+00	2.1465e+01
1.70025e+18	5.6800e+03	5.852e-20	2.1544e+02	1.0071e+02	1.5323e-09	5.3327e-01	4.6673e-01	1.0000e+00	3.1489e-06	1.1675e-17	4.9328e-12	3.6956e-04	9.9029e-01	9.3424e-03	1.1755e-36	5.9064e-01	4.0936e-01	2.8743e-09	1.1755e-36	1.1755e-36	1.1755e-36	1.7690e-18	0.00e+00	0.00e+00	2.1859e+01
1.70070e+18	5.5882e+03	5.556e-20	2.1544e+02	9.7265e+01	1.8203e-09	5.4899e-01	4.5101e-01	1.0000e+00	3.1257e-06	1.1840e-17	5.2344e-12	3.5833e-04	9.9071e-01	8.9331e-03	1.1755e-36	6.0603e-01	3.9397e-01	2.6488e-09	1.1755e-36	1.1755e-36	1.1755e-36	1.9341e-18	0.00e+00	0.00e+00	2.2123e+01
1.70102e+18	5.5149e+03	5.343e-20	2.1544e+02	9.4752e+01	2.0817e-09	5.6065e-01	4.3935e-01	1.0000e+00	3.1112e-06	1.1969e-17	5.4676e-12	3.5018e-04	9.9102e-01	8.6341e-03	1.1755e-36	6.1737e-01	3.8263e-01	2.4933e-09	1.1755e-36	1.1755e-36	1.1755e-36	2.0665e-18	0.00e+00	0.00e+00	2.2342e+01
1.70132e+18	5.4419e+03	5.139e-20	2.1544e+02	9.2342e+01	2.3775e-09	5.7188e-01	4.2812e-01	1.0000e+00	3.0954e-06	1.2088e-17	5.7000e-12	3.4235e-04	9.9131e-01	8.3485e-03	1.1755e-36	6.2826e-01	3.7174e-01	2.3510e-09	1.1755e-36	1.1755e-36	1.1755e-36	2.2030e-18	0.00e+00	0.00e+00	2.2585e+01
1.70165e+18	5.3543e+03	4.918e-20	2.1544e+02	8.9668e+01	2.7812e-09	5.8453e-01	4.1546e-01	1.0000e+00	3.0757e-06	1.2211e-17	5.9738e-12	3.3371e-04	9.9163e-01	8.0350e-03	1.1755e-36	6.4046e-01	3.5954e-01	2.2012e-09	1.1755e-36	1.1755e-36	1.1755e-36	2.3706e-18	0.00e+00	0.00e+00	2.2862e+01
1.70200e+18	5.2620e+03	4.690e-20	2.1544e+02	8.6846e+01	3.2846e-09	5.9767e-01	4.0233e-01	1.0000e+00	3.0588e-06	1.2369e-17	6.2675e-12	3.2454e-04	9.9195e-01	7.7210e-03	1.1755e-36	6.5305e-01	3.4695e-01	2.0552e-09	1.1755e-36	1.1755e-36	1.1755e-36	2.5591e-18	0.00e+00	0.00e+00	2.3143e+01
1.70233e+18	5.1686e+03	4.473e-20	2.1544e+02	8.4107e+01	3.8848e-09	6.1043e-01	3.8957e-01	1.0000e+00	3.0444e-06	1.2536e-17	6.5678e-12	3.1563e-04	9.9226e-01	7.4249e-03	1.1755e-36	6.6521e-01	3.3479e-01	1.9224e-09	1.1755e-36	1.1755e-36	1.1755e-36	2.7632e-18	0.00e+00	0.00e+00	2.3413e+01
1.70265e+18	5.0729e+03	4.269e-20	2.1544e+02	8.1454e+01	4.6074e-09	6.2271e-01	3.7729e-01	1.0000e+00	3.0316e-06	1.2707e-17	6.8742e-12	3.0702e-04	9.9255e-01	7.1479e-03	1.1755e-36	6.7686e-01	3.2314e-01	1.8028e-09	1.1755e-36	1.1755e-36	1.1755e-36	2.9848e-18	0.00e+00	0.00e+00	2.3679e+01
1.70297e+18	4.9760e+03	4.073e-20	2.1544e+02	7.8868e+01	5.4742e-09	6.3476e-01	3.6524e-01	1.0000e+00	3.0196e-06	1.2882e-17	7.1943e-12	2.9864e-04	9.9282e-01	6.8784e-03	1.1755e-36	6.8823e-01	3.1177e-01	1.6918e-09	1.1755e-36	1.1755e-36	1.1755e-36	3.2303e-18	0.00e+00	0.00e+00	2.3947e+01
1.70327e+18	4.8738e+03	3.882e-20	2.1544e+02	7.6288e+01	6.5492e-09	6.4677e-01	3.5323e-01	1.0000e+00	3.0081e-06	1.3063e-17	7.5238e-12	2.9032e-04	9.9311e-01	6.6038e-03	1.1755e-36	6.9952e-01	3.0048e-01	1.5876e-09	1.1755e-36	1.1755e-36	1.1755e-36	3.4900e-18	0.00e+00	0.00e+00	2.4218e+01
1.70358e+18	4.7686e+03	3.697e-20	2.1544e+02	7.3734e+01	7.8746e-09	6.5866e-01	3.4134e-01	1.0000e+00	2.9974e-06	1.3250e-17	7.8686e-12	2.8210e-04	9.9338e-01	6.3375e-03	1.1755e-36	7.1063e-01	2.8937e-01	1.4903e-09	1.1755e-36	1.1755e-36	1.1755e-36	3.7827e-18	0.00e+00	0.00e+00	2.4489e+01
1.70388e+18	4.6664e+03	3.519e-20	2.1544e+02	7.1217e+01	9.4228e-09	6.7009e-01	3.2991e-01	1.0000e+00	2.9905e-06	1.3469e-17	8.2126e-12	2.7395e-04	9.9364e-01	6.0864e-03	1.1755e-36	7.2126e-01	2.7874e-01	1.4007e-09	1.1755e-36	1.1755e-36	1.1755e-36	4.0979e-18	0.00e+00	0.00e+00	2.4759e+01
1.70418e+18	4.5583e+03	3.346e-20	2.1544e+02	6.8694e+01	1.1359e-08	6.8139e-01	3.1861e-01	1.0000e+00	2.9844e-06	1.3699e-17	8.5729e-12	2.6582e-04	9.9389e-01	5.8421e-03	1.1755e-36	7.3173e-01	2.6827e-01	1.3170e-09	1.1755e-36	1.1755e-36	1.1755e-36	4.4571e-18	0.00e+00	0.00e+00	2.5034e+01
1.70441e+18	4.4680e+03	3.222e-20	2.1544e+02	6.6870e+01	1.3249e-08	6.9038e-01	3.0962e-01	1.0000e+00	2.9738e-06	1.3823e-17	8.8961e-12	2.6014e-04	9.9409e-01	5.6534e-03	1.1755e-36	7.4003e-01	2.5997e-01	1.2551e-09	1.1755e-36	1.1755e-36	1.1755e-36	4.8059e-18	0.00e+00	0.00e+00	2.5198e+01
1.70456e+18	4.4127e+03	3.142e-20	2.1544e+02	6.5607e+01	1.4533e-08	6.9565e-01	3.0435e-01	1.0000e+00	2.9754e-06	1.3971e-17	9.0737e-12	2.5608e-04	9.9420e-01	5.5439e-03	1.1755e-36	7.4488e-01	2.5512e-01	1.2191e-09	1.1755e-36	1.1755e-36	1.1755e-36	5.0104e-18	0.00e+00	0.00e+00	2.5313e+01
1.70469e+18	4.3633e+03	3.070e-20	2.1544e+02	6.4587e+01	1.5804e-08	7.0086e-01	2.9914e-01	1.0000e+00	2.9705e-06	1.4053e-17	9.2726e-12	2.5287e-04	9.9431e-01	5.4343e-03	1.1755e-36	7.4964e-01	2.5036e-01	1.1841e-09	1.1755e-36	1.1755e-36	1.1755e-36	5.2443e-18	0.00e+00	0.00e+00	2.5445e+01
1.70484e+18	4.2948e+03	2.985e-20	2.1544e+02	6.3274e+01	1.7666e-08	7.0710e-01	2.9290e-01	1.0000e+00	2.9637e-06	1.4151e-17	9.5166e-12	2.4882e-04	9.9445e-01	5.3039e-03	1.1755e-36	7.5537e-01	2.4463e-01	1.1440e-09	1.1755e-36	1.1755e-36	1.1755e-36	5.5490e-18	0.00e+00	0.00e+00	2.5610e+01
1.70501e+18	4.2254e+03	2.896e-20	2.1544e+02	6.1900e+01	1.9736e-08	7.1351e-01	2.8649e-01	1.0000e+00	2.9583e-06	1.4271e-17	9.7687e-12	2.4455e-04	9.9458e-01	5.1724e-03	1.1755e-36	7.6123e-01	2.3877e-01	1.1035e-09	1.1755e-36	1.1755e-36	1.1755e-36	5.8792e-18	0.00e+00	0.00e+00	2.5768e+01
1.70517e+18	4.1587e+03	2.813e-20	2.1544e+02	6.0595e+01	2.1883e-08	7.1956e-01	2.8044e-01	1.0000e+00	2.9541e-06	1.4394e-17	1.0010e-11	2.4051e-04	9.9471e-01	5.0494e-03	1.1755e-36	7.6674e-01	2.3326e-01	1.0663e-09	1.1755e-36	1.1755e-36	1.1755e-36	6.2103e-18	0.00e+00	0.00e+00	2.5920e+01
1.70533e+18	4.0910e+03	2.732e-20	2.1544e+02	5.9306e+01	2.4210e-08	7.2556e-01	2.7444e-01	1.0000e+00	2.9496e-06	1.4515e-17	1.0253e-11	2.3656e-04	9.9484e-01	4.9283e-03	1.1755e-36	7.7220e-01	2.2780e-01	1.0302e-09	1.1755e-36	1.1755e-36	1.1755e-36	6.5576e-18	0.00e+00	0.00e+00	2.6076e+01
1.70549e+18	4.0222e+03	2.649e-20	2.1544e+02	5.7949e+01	2.6695e-08	7.3154e-01	2.6846e-01	1.0000e+00	2.9474e-06	1.4667e-17	1.0484e-11	2.3236e-04	9.9496e-01	4.8090e-03	1.1755e-36	7.7762e-01	2.2238e-01	9.9495e-10	1.1755e-36	1.1755e-36	1.1755e-36	6.9027e-18	0.00e+00	0.00e+00	2.6240e+01
1.70566e+18	3.9480e+03	2.563e-20	2.1544e+02	5.6549e+01	2.9497e-08	7.3795e-01	2.6205e-01	1.0000e+00	2.9435e-06	1.4814e-17	1.0734e-11	2.2809e-04	9.9509e-01	4.6819e-03	1.1755e-36	7.8342e-01	2.1658e-01	9.5805e-10	1.1755e-36	1.1755e-36	1.1755e-36	7.2852e-18	0.00e+00	0.00e+00	2.6418e+01
###########################
2.55935e+13	6.9451e+03	1.466e-19	2.1544e+02	2.3390e+02	1.7149e-15	1.2449e-03	9.9876e-01	6.7460e-03	9.8841e-01	4.8402e-03	7.9618e-19	3.9142e-05	1.1164e-01	8.8636e-01	1.9652e-03	3.3297e-04	3.0667e-01	6.9158e-01	1.4187e-03	1.1755e-36	1.1755e-36	6.2105e-27	0.00e+00	0.00e+00	8.6668e-05
1.53561e+14	6.9439e+03	1.466e-19	2.1544e+02	2.3388e+02	1.7109e-15	1.2447e-03	9.9876e-01	6.7463e-03	9.8842e-01	4.8364e-03	7.9327e-19	3.9239e-05	1.1165e-01	8.8634e-01	1.9674e-03	3.3284e-04	3.0659e-01	6.9167e-01	1.4138e-03	1.1755e-36	1.1755e-36	6.1660e-27	0.00e+00	0.00e+00	4.3330e-04
6.65432e+14	6.9412e+03	1.465e-19	2.1544e+02	2.3388e+02	1.7022e-15	1.2443e-03	9.9876e-01	6.7479e-03	9.8845e-01	4.8057e-03	7.8770e-19	3.9220e-05	1.1168e-01	8.8632e-01	1.9626e-03	3.3278e-04	3.0660e-01	6.9168e-01	1.3933e-03	1.1755e-36	1.1755e-36	6.0775e-27	0.00e+00	0.00e+00	1.8194e-03
2.71291e+15	6.9328e+03	1.463e-19	2.1544e+02	2.3387e+02	1.7185e-15	1.2442e-03	9.9876e-01	6.7584e-03	9.8860e-01	4.6442e-03	7.9253e-19	3.9261e-05	1.1186e-01	8.8616e-01	1.9460e-03	3.3331e-04	3.0694e-01	6.9141e-01	1.3138e-03	1.1755e-36	1.1755e-36	6.1239e-27	0.00e+00	0.00e+00	7.3632e-03
6.48028e+15	6.9120e+03	1.454e-19	2.1544e+02	2.3387e+02	1.7227e-15	1.2370e-03	9.9876e-01	6.7552e-03	9.8869e-01	4.5498e-03	7.8248e-19	3.9064e-05	1.1186e-01	8.8617e-01	1.9317e-03	3.3176e-04	3.0697e-01	6.9149e-01	1.2078e-03	1.1755e-36	1.1755e-36	5.9965e-27	0.00e+00	0.00e+00	1.4528e-02
1.13779e+16	6.8866e+03	1.445e-19	2.1544e+02	2.3387e+02	1.7308e-15	1.2307e-03	9.9877e-01	6.7600e-03	9.8895e-01	4.2907e-03	7.7329e-19	3.8975e-05	1.1196e-01	8.8609e-01	1.9044e-03	3.3095e-04	3.0737e-01	6.9122e-01	1.0785e-03	1.1755e-36	1.1755e-36	5.8576e-27	0.00e+00	0.00e+00	2.3796e-02
1.77447e+16	6.8581e+03	1.434e-19	2.1544e+02	2.3386e+02	1.7466e-15	1.2246e-03	9.9878e-01	6.7707e-03	9.8935e-01	3.8762e-03	7.6712e-19	3.8943e-05	1.1215e-01	8.8595e-01	1.8649e-03	3.3070e-04	3.0812e-01	6.9062e-01	9.2768e-04	1.1755e-36	1.1755e-36	5.7490e-27	0.00e+00	0.00e+00	3.5783e-02
2.60216e+16	6.8224e+03	1.422e-19	2.1544e+02	2.3386e+02	1.7667e-15	1.2191e-03	9.9878e-01	6.7911e-03	9.8990e-01	3.3130e-03	7.6082e-19	3.8945e-05	1.1247e-01	8.8568e-01	1.8125e-03	3.3135e-04	3.0944e-01	6.8947e-01	7.5949e-04	1.1755e-36	1.1755e-36	5.6102e-27	0.00e+00	0.00e+00	5.1297e-02
3.67816e+16	6.7839e+03	1.409e-19	2.1544e+02	2.3385e+02	1.7926e-15	1.2136e-03	9.9879e-01	6.8181e-03	9.9055e-01	2.6362e-03	7.5370e-19	3.9015e-05	1.1288e-01	8.8533e-01	1.7494e-03	3.3138e-04	3.1000e-01	6.8909e-01	5.8440e-04	1.1755e-36	1.1755e-36	5.4669e-27	0.00e+00	0.00e+00	7.1374e-02
5.07696e+16	6.7428e+03	1.393e-19	2.1544e+02	2.3383e+02	1.8202e-15	1.2088e-03	9.9879e-01	6.8587e-03	9.9123e-01	1.9134e-03	7.5271e-19	3.9174e-05	1.1350e-01	8.8478e-01	1.6791e-03	3.3448e-04	3.1299e-01	6.8627e-01	4.1295e-04	1.1755e-36	1.1755e-36	5.3492e-27	0.00e+00	0.00e+00	9.7371e-02
6.89539e+16	6.6939e+03	1.375e-19	2.1544e+02	2.3382e+02	1.8638e-15	1.2057e-03	9.9879e-01	6.9185e-03	9.9185e-01	1.2358e-03	7.5763e-19	3.9467e-05	1.1442e-01	8.8393e-01	1.6046e-03	3.3962e-04	3.1714e-01	6.8226e-01	2.6239e-04	1.1755e-36	1.1755e-36	5.2607e-27	0.00e+00	0.00e+00	1.3108e-01
9.25936e+16	6.6413e+03	1.355e-19	2.1544e+02	2.3381e+02	1.9147e-15	1.2049e-03	9.9880e-01	7.0018e-03	9.9231e-01	6.9108e-04	7.6712e-19	3.9933e-05	1.1571e-01	8.8272e-01	1.5308e-03	3.4707e-04	3.2248e-01	6.7703e-01	1.4594e-04	1.1755e-36	1.1755e-36	5.1765e-27	0.00e+00	0.00e+00	1.7487e-01
1.23325e+17	6.5842e+03	1.333e-19	2.1544e+02	2.3379e+02	1.9868e-15	1.2080e-03	9.9879e-01	7.1199e-03	9.9256e-01	3.2430e-04	7.8738e-19	4.0665e-05	1.1753e-01	8.8097e-01	1.4581e-03	3.5769e-04	3.2919e-01	6.7038e-01	6.8833e-05	1.1755e-36	1.1755e-36	5.1537e-27	0.00e+00	0.00e+00	2.3195e-01
1.63276e+17	6.5251e+03	1.310e-19	2.1544e+02	2.3378e+02	2.0772e-15	1.2173e-03	9.9878e-01	7.2892e-03	9.9259e-01	1.2342e-04	8.2037e-19	4.1791e-05	1.2012e-01	8.7846e-01	1.3839e-03	3.7290e-04	3.3770e-01	6.6190e-01	2.6591e-05	1.1755e-36	1.1755e-36	5.1769e-27	0.00e+00	0.00e+00	3.0673e-01
2.15213e+17	6.4671e+03	1.286e-19	2.1544e+02	2.3377e+02	2.1953e-15	1.2363e-03	9.9876e-01	7.5366e-03	9.9243e-01	3.6813e-05	8.7616e-19	4.3519e-05	1.2383e-01	8.7482e-01	1.3026e-03	3.9515e-04	3.4877e-01	6.5083e-01	8.1283e-06	1.1755e-36	1.1755e-36	5.3048e-27	0.00e+00	0.00e+00	4.0545e-01
2.82730e+17	6.4174e+03	1.262e-19	2.1544e+02	2.3376e+02	2.3523e-15	1.2705e-03	9.9873e-01	7.9056e-03	9.9209e-01	8.3953e-06	9.7336e-19	4.6192e-05	1.2924e-01	8.6951e-01	1.2083e-03	4.2862e-04	3.6360e-01	6.3597e-01	1.9175e-06	1.1755e-36	1.1755e-36	5.6398e-27	0.00e+00	0.00e+00	5.3733e-01
3.70502e+17	6.3782e+03	1.239e-19	2.1544e+02	2.3372e+02	2.5882e-15	1.3306e-03	9.9867e-01	8.4762e-03	9.9152e-01	1.4687e-06	1.1533e-18	5.0503e-05	1.3744e-01	8.6142e-01	1.0946e-03	4.8169e-04	3.8436e-01	6.1516e-01	3.4912e-07	1.1755e-36	1.1755e-36	6.3909e-27	0.00e+00	0.00e+00	7.1691e-01
4.84607e+17	6.3735e+03	1.220e-19	2.1544e+02	2.3368e+02	2.9206e-15	1.4333e-03	9.9857e-01	9.4004e-03	9.9060e-01	2.0783e-07	1.5051e-18	5.7519e-05	1.5014e-01	8.4884e-01	9.5857e-04	5.6919e-04	4.1400e-01	5.8543e-01	1.1755e-36	1.1755e-36	1.1755e-36	8.0155e-27	0.00e+00	0.00e+00	9.6836e-01
6.01082e+17	6.3941e+03	1.206e-19	2.1544e+02	2.3363e+02	3.2519e-15	1.5551e-03	9.9844e-01	1.0533e-02	9.8947e-01	3.5954e-08	1.9800e-18	6.6037e-05	1.6507e-01	8.3403e-01	8.3466e-04	6.7775e-04	4.4651e-01	5.5281e-01	1.1755e-36	1.1755e-36	1.1755e-36	1.0143e-26	0.00e+00	0.00e+00	1.1883e+00
6.92987e+17	6.4481e+03	1.203e-19	2.1544e+02	2.3358e+02	3.5761e-15	1.6841e-03	9.9832e-01	1.1732e-02	9.8827e-01	1.1168e-08	2.6067e-18	7.4908e-05	1.7997e-01	8.1922e-01	7.4170e-04	7.9345e-04	4.7631e-01	5.2290e-01	1.1755e-36	1.1755e-36	1.1755e-36	1.3207e-26	0.00e+00	0.00e+00	1.3712e+00
7.69479e+17	6.5193e+03	1.205e-19	2.1544e+02	2.3352e+02	3.9251e-15	1.8218e-03	9.9818e-01	1.3032e-02	9.8697e-01	4.6485e-09	3.4550e-18	8.4533e-05	1.9543e-01	8.0382e-01	6.6501e-04	9.2068e-04	5.0500e-01	4.9407e-01	1.1755e-36	1.1755e-36	1.1755e-36	1.7589e-26	0.00e+00	0.00e+00	1.5524e+00
8.46351e+17	6.6040e+03	1.211e-19	2.1544e+02	2.3344e+02	4.4007e-15	1.9949e-03	9.9801e-01	1.4727e-02	9.8527e-01	2.0425e-09	4.8089e-18	9.6714e-05	2.1452e-01	7.8479e-01	5.8735e-04	1.0873e-03	5.3797e-01	4.6094e-01	1.1755e-36	1.1755e-36	1.1755e-36	2.4800e-26	0.00e+00	0.00e+00	1.7711e+00
9.22972e+17	6.7043e+03	1.220e-19	2.1544e+02	2.3335e+02	4.9835e-15	2.2043e-03	9.9780e-01	1.6916e-02	9.8308e-01	9.5771e-10	6.9050e-18	1.1177e-04	2.3755e-01	7.6183e-01	5.1234e-04	1.2998e-03	5.7475e-01	4.2395e-01	1.1755e-36	1.1755e-36	1.1755e-36	3.6247e-26	0.00e+00	0.00e+00	1.9889e+00
9.89350e+17	6.8047e+03	1.232e-19	2.1544e+02	2.3325e+02	5.6338e-15	2.4294e-03	9.9757e-01	1.9466e-02	9.8053e-01	5.1895e-10	9.8125e-18	1.2829e-04	2.6227e-01	7.3715e-01	4.4748e-04	1.5401e-03	6.1090e-01	3.8756e-01	1.1755e-36	1.1755e-36	1.1755e-36	5.2460e-26	0.00e+00	0.00e+00	2.1876e+00
1.04542e+18	6.8974e+03	1.244e-19	2.1544e+02	2.3314e+02	6.3660e-15	2.6625e-03	9.9734e-01	2.2325e-02	9.7768e-01	3.1644e-10	1.3690e-17	1.4569e-04	2.8785e-01	7.1161e-01	3.9196e-04	1.8008e-03	6.4504e-01	3.5316e-01	1.1755e-36	1.1755e-36	1.1755e-36	7.4625e-26	0.00e+00	0.00e+00	2.3760e+00
1.09565e+18	6.9849e+03	1.258e-19	2.1544e+02	2.3301e+02	7.2333e-15	2.9148e-03	9.9709e-01	2.5713e-02	9.7429e-01	2.0588e-10	1.9035e-17	1.6477e-04	3.1545e-01	6.8405e-01	3.4157e-04	2.0942e-03	6.7855e-01	3.1936e-01	1.1755e-36	1.1755e-36	1.1755e-36	1.0590e-25	0.00e+00	0.00e+00	2.5680e+00
1.14284e+18	7.0706e+03	1.272e-19	2.1544e+02	2.3287e+02	8.2851e-15	3.1998e-03	9.9680e-01	2.9953e-02	9.7005e-01	1.3905e-10	2.6651e-17	1.8655e-04	3.4649e-01	6.5303e-01	2.9395e-04	2.4378e-03	7.1261e-01	2.8495e-01	1.1755e-36	1.1755e-36	1.1755e-36	1.5120e-25	0.00e+00	0.00e+00	2.7680e+00
1.18699e+18	7.1537e+03	1.287e-19	2.1544e+02	2.3269e+02	9.5688e-15	3.5211e-03	9.9648e-01	3.5344e-02	9.6466e-01	9.7325e-11	3.7525e-17	2.1128e-04	3.8126e-01	6.1828e-01	2.4936e-04	2.8382e-03	7.4680e-01	2.5037e-01	1.1755e-36	1.1755e-36	1.1755e-36	2.1708e-25	0.00e+00	0.00e+00	2.9709e+00
1.22721e+18	7.2347e+03	1.304e-19	2.1544e+02	2.3252e+02	1.1082e-14	3.8734e-03	9.9613e-01	4.2232e-02	9.5777e-01	7.0915e-11	5.2664e-17	2.3871e-04	4.1921e-01	5.8034e-01	2.0882e-04	3.2905e-03	7.7987e-01	2.1684e-01	1.1755e-36	1.1755e-36	1.1755e-36	3.1069e-25	0.00e+00	0.00e+00	3.1715e+00
1.26343e+18	7.3087e+03	1.320e-19	2.1544e+02	2.3232e+02	1.2853e-14	4.2543e-03	9.9575e-01	5.1041e-02	9.4896e-01	5.3510e-11	7.3182e-17	2.6801e-04	4.5972e-01	5.3984e-01	1.7248e-04	3.7915e-03	8.1115e-01	1.8506e-01	1.1755e-36	1.1755e-36	1.1755e-36	4.3953e-25	0.00e+00	0.00e+00	3.3704e+00
1.29641e+18	7.3584e+03	1.337e-19	2.1544e+02	2.3194e+02	1.5185e-14	4.6775e-03	9.9532e-01	6.2320e-02	9.3768e-01	4.1207e-11	1.0142e-16	3.0010e-04	5.0338e-01	4.9618e-01	1.3953e-04	4.3563e-03	8.4065e-01	1.5500e-01	1.1755e-36	1.1755e-36	1.1755e-36	6.1901e-25	0.00e+00	0.00e+00	3.5714e+00
1.32293e+18	7.4186e+03	1.352e-19	2.1544e+02	2.3164e+02	1.7295e-14	5.0707e-03	9.9493e-01	7.5630e-02	9.2437e-01	3.3743e-11	1.3358e-16	3.2999e-04	5.4372e-01	4.5583e-01	1.1426e-04	4.8930e-03	8.6499e-01	1.3012e-01	1.1755e-36	1.1755e-36	1.1755e-36	8.2708e-25	0.00e+00	0.00e+00	3.7193e+00
1.34119e+18	7.4551e+03	1.362e-19	2.1544e+02	2.3131e+02	1.9131e-14	5.3810e-03	9.9462e-01	8.8212e-02	9.1179e-01	2.9239e-11	1.6327e-16	3.5291e-04	5.7495e-01	4.2460e-01	9.7096e-05	5.3211e-03	8.8205e-01	1.1262e-01	1.1755e-36	1.1755e-36	1.1755e-36	1.0201e-24	0.00e+00	0.00e+00	3.8296e+00
1.35551e+18	7.4823e+03	1.370e-19	2.1544e+02	2.3102e+02	2.0848e-14	5.6512e-03	9.9435e-01	1.0110e-01	8.9890e-01	2.5966e-11	1.9262e-16	3.7271e-04	6.0141e-01	3.9814e-01	8.3883e-05	5.6955e-03	8.9538e-01	9.8924e-02	1.1755e-36	1.1755e-36	1.1755e-36	1.2136e-24	0.00e+00	0.00e+00	3.9340e+00
1.37113e+18	7.5073e+03	1.378e-19	2.1544e+02	2.3065e+02	2.3130e-14	5.9784e-03	9.9402e-01	1.1930e-01	8.8070e-01	2.2545e-11	2.3267e-16	3.9565e-04	6.3200e-01	3.6753e-01	6.9872e-05	6.1492e-03	9.0965e-01	8.4201e-02	1.1755e-36	1.1755e-36	1.1755e-36	1.4817e-24	0.00e+00	0.00e+00	4.0776e+00
1.38731e+18	7.5375e+03	1.388e-19	2.1544e+02	2.3023e+02	2.5760e-14	6.3492e-03	9.9365e-01	1.4524e-01	8.5476e-01	1.9504e-11	2.8391e-16	4.2057e-04	6.6540e-01	3.3412e-01	5.6520e-05	6.6666e-03	9.2426e-01	6.9074e-02	1.1755e-36	1.1755e-36	1.1755e-36	1.8279e-24	0.00e+00	0.00e+00	4.2047e+00
1.39974e+18	7.5512e+03	1.394e-19	2.1544e+02	2.2948e+02	2.8267e-14	6.6629e-03	9.9334e-01	1.7246e-01	8.2754e-01	1.7159e-11	3.3222e-16	4.4059e-04	6.9262e-01	3.0689e-01	4.6803e-05	7.1068e-03	9.3541e-01	5.7488e-02	1.1755e-36	1.1755e-36	1.1755e-36	2.1508e-24	0.00e+00	0.00e+00	4.2967e+00
1.40888e+18	7.5691e+03	1.398e-19	2.1544e+02	2.2905e+02	3.0215e-14	6.9102e-03	9.9309e-01	1.9938e-01	8.0062e-01	1.5555e-11	3.7501e-16	4.5595e-04	7.1334e-01	2.8617e-01	3.9989e-05	7.4548e-03	9.4346e-01	4.9082e-02	1.1755e-36	1.1755e-36	1.1755e-36	2.4424e-24	0.00e+00	0.00e+00	4.3731e+00
1.41685e+18	7.5804e+03	1.399e-19	2.1544e+02	2.2841e+02	3.2154e-14	7.1375e-03	9.9286e-01	2.2838e-01	7.7162e-01	1.4061e-11	4.1712e-16	4.6921e-04	7.3146e-01	2.6804e-01	3.4378e-05	7.7745e-03	9.5022e-01	4.2009e-02	1.1755e-36	1.1755e-36	1.1755e-36	2.7263e-24	0.00e+00	0.00e+00	4.4489e+00
1.42583e+18	7.5871e+03	1.401e-19	2.1544e+02	2.2777e+02	3.4810e-14	7.4187e-03	9.9258e-01	2.7014e-01	7.2986e-01	1.2374e-11	4.7390e-16	4.8426e-04	7.5187e-01	2.4762e-01	2.8389e-05	8.1655e-03	9.5745e-01	3.4380e-02	1.1755e-36	1.1755e-36	1.1755e-36	3.1156e-24	0.00e+00	0.00e+00	4.5513e+00
1.43507e+18	7.5970e+03	1.401e-19	2.1544e+02	2.2687e+02	3.7696e-14	7.7180e-03	9.9228e-01	3.2600e-01	6.7400e-01	1.0636e-11	5.4013e-16	4.9889e-04	7.7213e-01	2.2735e-01	2.2945e-05	8.5821e-03	9.6445e-01	2.6966e-02	1.1755e-36	1.1755e-36	1.1755e-36	3.5651e-24	0.00e+00	0.00e+00	4.6387e+00
1.44225e+18	7.5972e+03	1.398e-19	2.1544e+02	2.2578e+02	4.0340e-14	7.9619e-03	9.9204e-01	3.8234e-01	6.1766e-01	9.1830e-12	5.9882e-16	5.0928e-04	7.8733e-01	2.1214e-01	1.9076e-05	8.9204e-03	9.6954e-01	2.1541e-02	1.1755e-36	1.1755e-36	1.1755e-36	3.9507e-24	0.00e+00	0.00e+00	4.7042e+00
1.44789e+18	7.6006e+03	1.393e-19	2.1544e+02	2.2470e+02	4.2451e-14	8.1541e-03	9.9185e-01	4.3527e-01	5.6473e-01	7.9779e-12	6.4906e-16	5.1634e-04	7.9846e-01	2.0101e-01	1.6303e-05	9.1867e-03	9.7317e-01	1.7641e-02	1.1755e-36	1.1755e-36	1.1755e-36	4.2741e-24	0.00e+00	0.00e+00	4.7623e+00
1.45392e+18	7.5948e+03	1.386e-19	2.1544e+02	2.2351e+02	4.5264e-14	8.3794e-03	9.9162e-01	5.0022e-01	4.9978e-01	6.6079e-12	7.1095e-16	5.2357e-04	8.0954e-01	1.8992e-01	1.3553e-05	9.4924e-03	9.7657e-01	1.3936e-02	1.1755e-36	1.1755e-36	1.1755e-36	4.6730e-24	0.00e+00	0.00e+00	4.8400e+00
1.46176e+18	7.5838e+03	1.376e-19	2.1544e+02	2.2198e+02	4.9475e-14	8.6927e-03	9.9131e-01	5.9491e-01	4.0509e-01	4.9472e-12	8.0296e-16	5.3170e-04	8.2210e-01	1.7736e-01	1.0478e-05	9.9093e-03	9.8018e-01	9.9110e-03	1.1755e-36	1.1755e-36	1.1755e-36	5.2729e-24	0.00e+00	0.00e+00	4.9448e+00
1.46970e+18	7.5736e+03	1.361e-19	2.1544e+02	2.1970e+02	5.3806e-14	9.0020e-03	9.9100e-01	6.9758e-01	3.0242e-01	3.4052e-12	8.9789e-16	5.3638e-04	8.3211e-01	1.6734e-01	7.9838e-06	1.0318e-02	9.8300e-01	6.6869e-03	1.1755e-36	1.1755e-36	1.1755e-36	5.8570e-24	0.00e+00	0.00e+00	5.0308e+00
1.47626e+18	7.5588e+03	1.350e-19	2.1544e+02	2.1820e+02	5.8212e-14	9.2966e-03	9.9070e-01	7.7885e-01	2.2115e-01	2.3386e-12	9.8901e-16	5.4029e-04	8.3898e-01	1.6048e-01	6.2290e-06	1.0697e-02	9.8463e-01	4.6774e-03	1.1755e-36	1.1755e-36	1.1755e-36	6.4520e-24	0.00e+00	0.00e+00	5.1079e+00
1.48328e+18	7.5457e+03	1.340e-19	2.1544e+02	2.1672e+02	6.3251e-14	9.6350e-03	9.9036e-01	8.5019e-01	1.4981e-01	1.4799e-12	1.0908e-15	5.4368e-04	8.4476e-01	1.5469e-01	4.6903e-06	1.1125e-02	9.8572e-01	3.1523e-03	1.1755e-36	1.1755e-36	1.1755e-36	7.1547e-24	0.00e+00	0.00e+00	5.2119e+00
1.49240e+18	7.5343e+03	1.333e-19	2.1544e+02	2.1509e+02	7.0175e-14	1.0113e-02	9.8989e-01	9.1471e-01	8.5285e-02	7.6755e-13	1.2261e-15	5.4747e-04	8.5047e-01	1.4898e-01	3.2046e-06	1.1722e-02	9.8641e-01	1.8714e-03	1.1755e-36	1.1755e-36	1.1755e-36	8.1690e-24	0.00e+00	0.00e+00	5.3538e+00
1.50426e+18	7.5299e+03	1.336e-19	2.1544e+02	2.1419e+02	8.0471e-14	1.0845e-02	9.8916e-01	9.6090e-01	3.9099e-02	3.2047e-13	1.4285e-15	5.5423e-04	8.5663e-01	1.4281e-01	1.9083e-06	1.2624e-02	9.8643e-01	9.4449e-04	1.1755e-36	1.1755e-36	1.1755e-36	9.9085e-24	0.00e+00	0.00e+00	5.5516e+00
1.51967e+18	7.5302e+03	1.348e-19	2.1544e+02	2.1340e+02	9.7110e-14	1.1957e-02	9.8804e-01	9.8562e-01	1.4381e-02	1.0446e-13	1.7473e-15	5.6323e-04	8.6351e-01	1.3592e-01	9.5741e-07	1.3987e-02	9.8562e-01	3.9332e-04	1.1755e-36	1.1755e-36	1.1755e-36	1.3035e-23	0.00e+00	0.00e+00	5.8351e+00
1.53972e+18	7.5398e+03	1.373e-19	2.1544e+02	2.1281e+02	1.2792e-13	1.3744e-02	9.8626e-01	9.9570e-01	4.2964e-03	2.6883e-14	2.3445e-15	5.7571e-04	8.7223e-01	1.2720e-01	3.8464e-07	1.6174e-02	9.8370e-01	1.3054e-04	1.1755e-36	1.1755e-36	1.1755e-36	1.9911e-23	0.00e+00	0.00e+00	6.2587e+00
1.56059e+18	7.5496e+03	1.405e-19	2.1544e+02	2.1226e+02	1.7999e-13	1.6250e-02	9.8375e-01	9.9868e-01	1.3227e-03	7.1840e-15	3.3549e-15	5.8939e-04	8.8157e-01	1.1784e-01	1.4758e-07	1.9245e-02	9.8071e-01	4.2201e-05	1.1755e-36	1.1755e-36	1.1755e-36	3.3784e-23	0.00e+00	0.00e+00	6.6809e+00
1.57716e+18	7.5494e+03	1.434e-19	2.1544e+02	2.1176e+02	2.4920e-13	1.8991e-02	9.8101e-01	9.9943e-01	5.6945e-04	2.7764e-15	4.6871e-15	6.0087e-04	8.8977e-01	1.0963e-01	1.1755e-36	2.2606e-02	9.7738e-01	1.7862e-05	1.1755e-36	1.1755e-36	1.1755e-36	5.5456e-23	0.00e+00	0.00e+00	7.0432e+00
1.59027e+18	7.5446e+03	1.458e-19	2.1544e+02	2.1120e+02	3.3392e-13	2.1818e-02	9.7818e-01	9.9969e-01	3.0569e-04	1.3668e-15	6.3105e-15	6.1014e-04	8.9688e-01	1.0251e-01	1.1755e-36	2.6077e-02	9.7391e-01	9.1427e-06	1.1755e-36	1.1755e-36	1.1755e-36	8.6148e-23	0.00e+00	0.00e+00	7.4053e+00
1.60430e+18	7.5319e+03	1.482e-19	2.1544e+02	2.1018e+02	4.7247e-13	2.5649e-02	9.7435e-01	9.9984e-01	1.5968e-04	6.4809e-16	8.9277e-15	6.1957e-04	9.0510e-01	9.4276e-02	1.1755e-36	3.0782e-02	9.6921e-01	4.4197e-06	1.1755e-36	1.1755e-36	1.1755e-36	1.4389e-22	0.00e+00	0.00e+00	7.9586e+00
1.61900e+18	7.5076e+03	1.509e-19	2.1544e+02	2.0895e+02	7.2513e-13	3.1280e-02	9.6872e-01	9.9992e-01	8.3960e-05	3.1012e-16	1.3610e-14	6.2941e-04	9.1426e-01	8.5111e-02	1.1755e-36	3.7698e-02	9.6230e-01	2.0741e-06	1.1755e-36	1.1755e-36	1.1755e-36	2.6858e-22	0.00e+00	0.00e+00	8.5352e+00
1.63144e+18	7.4753e+03	1.531e-19	2.1544e+02	2.0746e+02	1.1223e-12	3.8220e-02	9.6178e-01	9.9995e-01	4.9742e-05	1.6997e-16	2.0788e-14	6.3732e-04	9.2292e-01	7.6447e-02	1.1755e-36	4.6209e-02	9.5379e-01	1.0747e-06	1.1755e-36	1.1755e-36	1.1755e-36	5.0267e-22	0.00e+00	0.00e+00	9.1238e+00
1.64188e+18	7.4377e+03	1.546e-19	2.1544e+02	2.0566e+02	1.7325e-12	4.6570e-02	9.5343e-01	9.9997e-01	3.2335e-05	1.0368e-16	3.1507e-14	6.4291e-04	9.3088e-01	6.8482e-02	1.1755e-36	5.6430e-02	9.4357e-01	6.0414e-07	1.1755e-36	1.1755e-36	1.1755e-36	9.3026e-22	0.00e+00	0.00e+00	9.7297e+00
1.65093e+18	7.3940e+03	1.556e-19	2.1544e+02	2.0375e+02	2.7031e-12	5.6928e-02	9.4307e-01	9.9998e-01	2.2337e-05	6.7796e-17	4.8069e-14	6.4721e-04	9.3845e-01	6.0904e-02	1.1755e-36	6.9065e-02	9.3093e-01	3.5568e-07	1.1755e-36	1.1755e-36	1.1755e-36	1.7407e-21	0.00e+00	0.00e+00	1.0390e+01
1.65900e+18	7.3472e+03	1.553e-19	2.1544e+02	2.0081e+02	4.2871e-12	7.0023e-02	9.2998e-01	9.9998e-01	1.6058e-05	4.6664e-17	7.4026e-14	6.4742e-04	9.4559e-01	5.3759e-02	1.1755e-36	8.4967e-02	9.1503e-01	2.1475e-07	1.1755e-36	1.1755e-36	1.1755e-36	3.3033e-21	0.00e+00	0.00e+00	1.1115e+01
1.66611e+18	7.2943e+03	1.538e-19	2.1544e+02	1.9724e+02	6.9447e-12	8.6774e-02	9.1323e-01	9.9999e-01	1.1985e-05	3.3657e-17	1.1571e-13	6.4479e-04	9.5237e-01	4.6986e-02	1.1755e-36	1.0518e-01	8.9482e-01	1.3251e-07	1.1755e-36	1.1755e-36	1.1755e-36	6.4200e-21	0.00e+00	0.00e+00	1.1896e+01
1.67149e+18	7.2438e+03	1.516e-19	2.1544e+02	1.9355e+02	1.0785e-11	1.0538e-01	8.9462e-01	9.9999e-01	9.6321e-06	2.6519e-17	1.7333e-13	6.3960e-04	9.5784e-01	4.1522e-02	1.1755e-36	1.2745e-01	8.7255e-01	8.9152e-08	1.1755e-36	1.1755e-36	1.1755e-36	1.1741e-20	0.00e+00	0.00e+00	1.2491e+01
1.67502e+18	7.2051e+03	1.485e-19	2.1544e+02	1.8956e+02	1.4913e-11	1.2133e-01	8.7867e-01	9.9999e-01	8.3382e-06	2.2831e-17	2.3159e-13	6.3148e-04	9.6152e-01	3.7850e-02	1.1755e-36	1.4640e-01	8.5360e-01	6.7233e-08	1.1755e-36	1.1755e-36	1.1755e-36	1.8089e-20	0.00e+00	0.00e+00	1.2970e+01
1.67790e+18	7.1616e+03	1.455e-19	2.1544e+02	1.8631e+02	2.0097e-11	1.3775e-01	8.6225e-01	9.9999e-01	7.3809e-06	2.0075e-17	3.0172e-13	6.2488e-04	9.6479e-01	3.4586e-02	1.1755e-36	1.6575e-01	8.3425e-01	5.2143e-08	1.1755e-36	1.1755e-36	1.1755e-36	2.6889e-20	0.00e+00	0.00e+00	1.3508e+01
1.68121e+18	7.1083e+03	1.403e-19	2.1544e+02	1.8109e+02	2.8813e-11	1.6027e-01	8.3973e-01	9.9999e-01	6.3708e-06	1.7321e-17	4.1218e-13	6.1213e-04	9.6851e-01	3.0875e-02	1.1755e-36	1.9205e-01	8.0795e-01	3.8202e-08	1.1755e-36	1.1755e-36	1.1755e-36	4.2880e-20	0.00e+00	0.00e+00	1.4323e+01
1.68479e+18	7.0135e+03	1.332e-19	2.1544e+02	1.7411e+02	4.5855e-11	1.9279e-01	8.0721e-01	9.9999e-01	5.4416e-06	1.4882e-17	6.0426e-13	5.9422e-04	9.7260e-01	2.6804e-02	1.1755e-36	2.2958e-01	7.7042e-01	2.6559e-08	1.1755e-36	1.1755e-36	1.1755e-36	7.6076e-20	0.00e+00	0.00e+00	1.5222e+01
1.68802e+18	6.9044e+03	1.241e-19	2.1544e+02	1.6568e+02	7.4475e-11	2.3218e-01	7.6782e-01	1.0000e+00	4.7400e-06	1.3187e-17	8.8800e-13	5.7086e-04	9.7639e-01	2.3039e-02	1.1755e-36	2.7425e-01	7.2575e-01	1.8421e-08	1.1755e-36	1.1755e-36	1.1755e-36	1.3571e-19	0.00e+00	0.00e+00	1.6178e+01
1.69072e+18	6.7772e+03	1.141e-19	2.1544e+02	1.5641e+02	1.1963e-10	2.7534e-01	7.2466e-01	1.0000e+00	4.2442e-06	1.2132e-17	1.2639e-12	5.4388e-04	9.7958e-01	1.9877e-02	1.1755e-36	3.2229e-01	6.7771e-01	1.3120e-08	1.1755e-36	1.1755e-36	1.1755e-36	2.3085e-19	0.00e+00	0.00e+00	1.7068e+01
1.69271e+18	6.6520e+03	1.049e-19	2.1544e+02	1.4780e+02	1.7850e-10	3.1483e-01	6.8517e-01	1.0000e+00	3.9392e-06	1.1618e-17	1.6667e-12	5.1800e-04	9.8191e-01	1.7574e-02	1.1755e-36	3.6541e-01	6.3459e-01	9.9899e-09	1.1755e-36	1.1755e-36	1.1755e-36	3.4990e-19	0.00e+00	0.00e+00	1.7755e+01
1.69406e+18	6.5457e+03	9.788e-20	2.1544e+02	1.4116e+02	2.4139e-10	3.4598e-01	6.5402e-01	1.0000e+00	3.7556e-06	1.1373e-17	2.0265e-12	4.9770e-04	9.8349e-01	1.6016e-02	1.1755e-36	3.9887e-01	6.0113e-01	8.1937e-09	1.1755e-36	1.1755e-36	1.1755e-36	4.6949e-19	0.00e+00	0.00e+00	1.8273e+01
1.69508e+18	6.4504e+03	9.208e-20	2.1544e+02	1.3558e+02	3.0835e-10	3.7156e-01	6.2844e-01	1.0000e+00	3.6338e-06	1.1269e-17	2.3471e-12	4.8040e-04	9.8466e-01	1.4856e-02	1.1755e-36	4.2602e-01	5.7398e-01	7.0075e-09	1.1755e-36	1.1755e-36	1.1755e-36	5.8496e-19	0.00e+00	0.00e+00	1.8747e+01
1.69601e+18	6.3510e+03	8.653e-20	2.1544e+02	1.3019e+02	3.9113e-10	3.9655e-01	6.0345e-01	1.0000e+00	3.5246e-06	1.1196e-17	2.6844e-12	4.6357e-04	9.8573e-01	1.3811e-02	1.1755e-36	4.5223e-01	5.4777e-01	6.0452e-09	1.1755e-36	1.1755e-36	1.1755e-36	7.1495e-19	0.00e+00	0.00e+00	1.9238e+01
1.69690e+18	6.2418e+03	8.092e-20	2.1544e+02	1.2461e+02	5.0027e-10	4.2238e-01	5.7762e-01	1.0000e+00	3.4250e-06	1.1168e-17	3.0567e-12	4.4601e-04	9.8673e-01	1.2821e-02	1.1755e-36	4.7903e-01	5.2097e-01	5.2152e-09	1.1755e-36	1.1755e-36	1.1755e-36	8.6780e-19	0.00e+00	0.00e+00	1.9743e+01
1.69773e+18	6.1278e+03	7.552e-20	2.1544e+02	1.1911e+02	6.3884e-10	4.4783e-01	5.5217e-01	1.0000e+00	3.3432e-06	1.1204e-17	3.4469e-12	4.2858e-04	9.8764e-01	1.1927e-02	1.1755e-36	5.0512e-01	4.9488e-01	4.5291e-09	1.1755e-36	1.1755e-36	1.1755e-36	1.0377e-18	0.00e+00	0.00e+00	2.0221e+01
1.69847e+18	6.0155e+03	7.066e-20	2.1544e+02	1.1402e+02	8.0440e-10	4.7136e-01	5.2864e-01	1.0000e+00	3.2797e-06	1.1288e-17	3.8285e-12	4.1235e-04	9.8843e-01	1.1158e-02	1.1755e-36	5.2899e-01	4.7101e-01	3.9867e-09	1.1755e-36	1.1755e-36	1.1755e-36	1.2130e-18	0.00e+00	0.00e+00	2.0658e+01
1.69911e+18	5.9057e+03	6.631e-20	2.1544e+02	1.0936e+02	9.9937e-10	4.9294e-01	5.0706e-01	1.0000e+00	3.2293e-06	1.1399e-17	4.1961e-12	3.9740e-04	9.8911e-01	1.0494e-02	1.1755e-36	5.5067e-01	4.4933e-01	3.5527e-09	1.1755e-36	1.1755e-36	1.1755e-36	1.3899e-18	0.00e+00	0.00e+00	2.1067e+01
1.69970e+18	5.7955e+03	6.229e-20	2.1544e+02	1.0494e+02	1.2353e-09	5.1338e-01	4.8662e-01	1.0000e+00	3.1870e-06	1.1534e-17	4.5599e-12	3.8318e-04	9.8972e-01	9.8965e-03	1.1755e-36	5.7101e-01	4.2899e-01	3.1886e-09	1.1755e-36	1.1755e-36	1.1755e-36	1.5727e-18	0.00e+00	0.00e+00	2.1467e+01
1.70026e+18	5.6795e+03	5.850e-20	2.1544e+02	1.0069e+02	1.5339e-09	5.3337e-01	4.6663e-01	1.0000e+00	3.1479e-06	1.1673e-17	4.9346e-12	3.6951e-04	9.9029e-01	9.3397e-03	1.1755e-36	5.9074e-01	4.0926e-01	2.8721e-09	1.1755e-36	1.1755e-36	1.1755e-36	1.7700e-18	0.00e+00	0.00e+00	2.1861e+01
1.70071e+18	5.5876e+03	5.554e-20	2.1544e+02	9.7242e+01	1.8225e-09	5.4910e-01	4.5090e-01	1.0000e+00	3.1247e-06	1.1838e-17	5.2364e-12	3.5827e-04	9.9071e-01	8.9303e-03	1.1755e-36	6.0613e-01	3.9387e-01	2.6466e-09	1.1755e-36	1.1755e-36	1.1755e-36	1.9353e-18	0.00e+00	0.00e+00	2.2125e+01
1.70103e+18	5.5142e+03	5.340e-20	2.1544e+02	9.4727e+01	2.0844e-09	5.6076e-01	4.3924e-01	1.0000e+00	3.1103e-06	1.1967e-17	5.4698e-12	3.5011e-04	9.9102e-01	8.6312e-03	1.1755e-36	6.1748e-01	3.8252e-01	2.4912e-09	1.1755e-36	1.1755e-36	1.1755e-36	2.0678e-18	0.00e+00	0.00e+00	2.2344e+01
1.70133e+18	5.4411e+03	5.137e-20	2.1544e+02	9.2317e+01	2.3806e-09	5.7199e-01	4.2801e-01	1.0000e+00	3.0944e-06	1.2086e-17	5.7023e-12	3.4229e-04	9.9131e-01	8.3457e-03	1.1755e-36	6.2837e-01	3.7163e-01	2.3490e-09	1.1755e-36	1.1755e-36	1.1755e-36	2.2044e-18	0.00e+00	0.00e+00	2.2587e+01
1.70166e+18	5.3536e+03	4.916e-20	2.1544e+02	8.9645e+01	2.7850e-09	5.8464e-01	4.1536e-01	1.0000e+00	3.0747e-06	1.2209e-17	5.9761e-12	3.3365e-04	9.9163e-01	8.0323e-03	1.1755e-36	6.4056e-01	3.5944e-01	2.1994e-09	1.1755e-36	1.1755e-36	1.1755e-36	2.3721e-18	0.00e+00	0.00e+00	2.2864e+01
1.70201e+18	5.2613e+03	4.688e-20	2.1544e+02	8.6823e+01	3.2891e-09	5.9777e-01	4.0223e-01	1.0000e+00	3.0579e-06	1.2366e-17	6.2699e-12	3.2448e-04	9.9196e-01	7.7185e-03	1.1755e-36	6.5315e-01	3.4685e-01	2.0535e-09	1.1755e-36	1.1755e-36	1.1755e-36	2.5607e-18	0.00e+00	0.00e+00	2.3145e+01
1.70234e+18	5.1679e+03	4.471e-20	2.1544e+02	8.4084e+01	3.8902e-09	6.1053e-01	3.8947e-01	1.0000e+00	3.0435e-06	1.2534e-17	6.5703e-12	3.1557e-04	9.9226e-01	7.4225e-03	1.1755e-36	6.6531e-01	3.3469e-01	1.9209e-09	1.1755e-36	1.1755e-36	1.1755e-36	2.7649e-18	0.00e+00	0.00e+00	2.3416e+01
1.70266e+18	5.0720e+03	4.267e-20	2.1544e+02	8.1431e+01	4.6141e-09	6.2281e-01	3.7719e-01	1.0000e+00	3.0306e-06	1.2704e-17	6.8768e-12	3.0696e-04	9.9255e-01	7.1455e-03	1.1755e-36	6.7695e-01	3.2305e-01	1.8013e-09	1.1755e-36	1.1755e-36	1.1755e-36	2.9868e-18	0.00e+00	0.00e+00	2.3681e+01
1.70297e+18	4.9751e+03	4.071e-20	2.1544e+02	7.8846e+01	5.4825e-09	6.3486e-01	3.6514e-01	1.0000e+00	3.0186e-06	1.2879e-17	7.1971e-12	2.9858e-04	9.9283e-01	6.8760e-03	1.1755e-36	6.8833e-01	3.1167e-01	1.6904e-09	1.1755e-36	1.1755e-36	1.1755e-36	3.2324e-18	0.00e+00	0.00e+00	2.3949e+01
1.70328e+18	4.8729e+03	3.880e-20	2.1544e+02	7.6266e+01	6.5592e-09	6.4687e-01	3.5313e-01	1.0000e+00	3.0071e-06	1.3060e-17	7.5266e-12	2.9026e-04	9.9311e-01	6.6015e-03	1.1755e-36	6.9961e-01	3.0039e-01	1.5864e-09	1.1755e-36	1.1755e-36	1.1755e-36	3.4923e-18	0.00e+00	0.00e+00	2.4220e+01
1.70359e+18	4.7677e+03	3.696e-20	2.1544e+02	7.3713e+01	7.8870e-09	6.5876e-01	3.4124e-01	1.0000e+00	2.9963e-06	1.3247e-17	7.8716e-12	2.8204e-04	9.9338e-01	6.3352e-03	1.1755e-36	7.1072e-01	2.8928e-01	1.4891e-09	1.1755e-36	1.1755e-36	1.1755e-36	3.7854e-18	0.00e+00	0.00e+00	2.4491e+01
1.70389e+18	4.6655e+03	3.518e-20	2.1544e+02	7.1196e+01	9.4377e-09	6.7018e-01	3.2982e-01	1.0000e+00	2.9893e-06	1.3466e-17	8.2157e-12	2.7389e-04	9.9364e-01	6.0842e-03	1.1755e-36	7.2135e-01	2.7865e-01	1.3997e-09	1.1755e-36	1.1755e-36	1.1755e-36	4.1009e-18	0.00e+00	0.00e+00	2.4762e+01
1.70419e+18	4.5574e+03	3.345e-20	2.1544e+02	6.8673e+01	1.1378e-08	6.8149e-01	3.1851e-01	1.0000e+00	2.9832e-06	1.3695e-17	8.5761e-12	2.6577e-04	9.9389e-01	5.8401e-03	1.1755e-36	7.3182e-01	2.6818e-01	1.3160e-09	1.1755e-36	1.1755e-36	1.1755e-36	4.4604e-18	0.00e+00	0.00e+00	2.5037e+01
1.70442e+18	4.4671e+03	3.221e-20	2.1544e+02	6.6850e+01	1.3270e-08	6.9048e-01	3.0952e-01	1.0000e+00	2.9725e-06	1.3818e-17	8.8994e-12	2.6009e-04	9.9409e-01	5.6514e-03	1.1755e-36	7.4012e-01	2.5988e-01	1.2542e-09	1.1755e-36	1.1755e-36	1.1755e-36	4.8097e-18	0.00e+00	0.00e+00	2.5200e+01
1.70457e+18	4.4117e+03	3.141e-20	2.1544e+02	6.5587e+01	1.4556e-08	6.9575e-01	3.0425e-01	1.0000e+00	2.9739e-06	1.3965e-17	9.0771e-12	2.5603e-04	9.9420e-01	5.5419e-03	1.1755e-36	7.4497e-01	2.5503e-01	1.2182e-09	1.1755e-36	1.1755e-36	1.1755e-36	5.0143e-18	0.00e+00	0.00e+00	2.5315e+01
1.70470e+18	4.3624e+03	3.069e-20	2.1544e+02	6.4567e+01	1.5829e-08	7.0095e-01	2.9905e-01	1.0000e+00	2.9689e-06	1.4047e-17	9.2760e-12	2.5282e-04	9.9431e-01	5.4324e-03	1.1755e-36	7.4973e-01	2.5027e-01	1.1833e-09	1.1755e-36	1.1755e-36	1.1755e-36	5.2485e-18	0.00e+00	0.00e+00	2.5447e+01
1.70485e+18	4.2938e+03	2.983e-20	2.1544e+02	6.3254e+01	1.7694e-08	7.0719e-01	2.9281e-01	1.0000e+00	2.9620e-06	1.4144e-17	9.5201e-12	2.4877e-04	9.9445e-01	5.3020e-03	1.1755e-36	7.5545e-01	2.4455e-01	1.1431e-09	1.1755e-36	1.1755e-36	1.1755e-36	5.5536e-18	0.00e+00	0.00e+00	2.5612e+01
1.70502e+18	4.2244e+03	2.895e-20	2.1544e+02	6.1880e+01	1.9768e-08	7.1360e-01	2.8640e-01	1.0000e+00	2.9564e-06	1.4264e-17	9.7724e-12	2.4451e-04	9.9459e-01	5.1705e-03	1.1755e-36	7.6131e-01	2.3869e-01	1.1027e-09	1.1755e-36	1.1755e-36	1.1755e-36	5.8841e-18	0.00e+00	0.00e+00	2.5770e+01
1.70518e+18	4.1577e+03	2.812e-20	2.1544e+02	6.0575e+01	2.1918e-08	7.1965e-01	2.8035e-01	1.0000e+00	2.9519e-06	1.4385e-17	1.0014e-11	2.4047e-04	9.9471e-01	5.0475e-03	1.1755e-36	7.6683e-01	2.3317e-01	1.0654e-09	1.1755e-36	1.1755e-36	1.1755e-36	6.2155e-18	0.00e+00	0.00e+00	2.5922e+01
1.70534e+18	4.0900e+03	2.731e-20	2.1544e+02	5.9286e+01	2.4247e-08	7.2566e-01	2.7434e-01	1.0000e+00	2.9470e-06	1.4504e-17	1.0257e-11	2.3652e-04	9.9484e-01	4.9265e-03	1.1755e-36	7.7228e-01	2.2772e-01	1.0295e-09	1.1755e-36	1.1755e-36	1.1755e-36	6.5631e-18	0.00e+00	0.00e+00	2.6078e+01
1.70550e+18	4.0211e+03	2.648e-20	2.1544e+02	5.7928e+01	2.6735e-08	7.3163e-01	2.6837e-01	1.0000e+00	2.9441e-06	1.4652e-17	1.0488e-11	2.3231e-04	9.9496e-01	4.8071e-03	1.1755e-36	7.7771e-01	2.2229e-01	9.9417e-10	1.1755e-36	1.1755e-36	1.1755e-36	6.9084e-18	0.00e+00	0.00e+00	2.6242e+01
1.70567e+18	3.9469e+03	2.562e-20	2.1544e+02	5.6528e+01	2.9541e-08	7.3805e-01	2.6195e-01	1.0000e+00	2.9384e-06	1.4790e-17	1.0738e-11	2.2805e-04	9.9509e-01	4.6800e-03	1.1755e-36	7.8351e-01	2.1649e-01	9.5728e-10	1.1755e-36	1.1755e-36	1.1755e-36	7.2912e-18	0.00e+00	0.00e+00	2.6420e+01
