#depth	Te	Htot	hden	eden	2H_2/H	HI	HII	HeI	HeII	HeIII	CO/C	C1	C2	C3	C4	O1	O2	O3	O4	O5	O6	H2O/O	AV(point)	AV(extend)	Tau912
7.60624e+12	6.6925e+03	1.083e-18	5.9948e+02	6.3039e+02	2.8337e-12	2.6026e-02	9.7397e-01	1.2772e-01	8.7208e-01	1.9968e-04	5.5514e-14	5.4882e-03	7.2560e-01	2.6891e-01	9.5312e-06	3.1029e-02	9.4714e-01	2.1833e-02	3.4641e-07	1.1755e-36	1.1755e-36	5.2319e-22	0.00e+00	0.00e+00	1.4989e-03
4.56374e+13	6.6849e+03	1.079e-18	5.9948e+02	6.2927e+02	2.8394e-12	2.5967e-02	9.7403e-01	1.2766e-01	8.7214e-01	1.9968e-04	5.5143e-14	5.4602e-03	7.2553e-01	2.6900e-01	9.5637e-06	3.0960e-02	9.4717e-01	2.1867e-02	3.4657e-07	1.1755e-36	1.1755e-36	5.1729e-22	0.00e+00	0.00e+00	7.4807e-03
1.97762e+14	6.6751e+03	1.071e-18	5.9948e+02	6.2908e+02	2.8637e-12	2.5963e-02	9.7404e-01	1.2817e-01	8.7164e-01	1.9810e-04	5.5207e-14	5.4522e-03	7.2649e-01	2.6804e-01	9.4924e-06	3.0966e-02	9.4727e-01	2.1762e-02	3.4047e-07	1.1755e-36	1.1755e-36	5.1621e-22	0.00e+00	0.00e+00	3.1405e-02
8.06261e+14	6.6052e+03	1.057e-18	5.9948e+02	6.2871e+02	3.1343e-12	2.6351e-02	9.7365e-01	1.3127e-01	8.6854e-01	1.8974e-04	5.7468e-14	5.5209e-03	7.3188e-01	2.6259e-01	9.0394e-06	3.1480e-02	9.4742e-01	2.1097e-02	3.0954e-07	1.1755e-36	1.1755e-36	5.3542e-22	0.00e+00	0.00e+00	1.2853e-01
1.92590e+15	6.4144e+03	1.006e-18	5.9948e+02	6.2872e+02	3.6045e-12	2.6041e-02	9.7396e-01	1.3469e-01	8.6513e-01	1.8035e-04	5.6507e-14	5.5183e-03	7.3825e-01	2.5623e-01	8.6467e-06	3.1189e-02	9.4810e-01	2.0712e-02	2.8414e-07	1.1755e-36	1.1755e-36	5.0195e-22	0.00e+00	0.00e+00	2.5331e-01
3.10909e+15	6.2448e+03	9.656e-19	5.9948e+02	6.2862e+02	4.1594e-12	2.5929e-02	9.7407e-01	1.3834e-01	8.6148e-01	1.7066e-04	5.6364e-14	5.5476e-03	7.4472e-01	2.4973e-01	8.2108e-06	3.1135e-02	9.4868e-01	2.0183e-02	2.5746e-07	1.1755e-36	1.1755e-36	4.8162e-22	0.00e+00	0.00e+00	3.6136e-01
4.20380e+15	6.1402e+03	9.435e-19	5.9948e+02	6.2813e+02	4.7481e-12	2.6357e-02	9.7364e-01	1.4287e-01	8.5697e-01	1.6023e-04	5.8842e-14	5.6494e-03	7.5190e-01	2.4244e-01	7.6630e-06	3.1720e-02	9.4897e-01	1.9310e-02	2.2551e-07	1.1755e-36	1.1755e-36	4.9713e-22	0.00e+00	0.00e+00	4.6999e-01
5.45583e+15	6.0622e+03	9.298e-19	5.9948e+02	6.2737e+02	5.5521e-12	2.7386e-02	9.7261e-01	1.4965e-01	8.5020e-01	1.4716e-04	6.4682e-14	5.8428e-03	7.6163e-01	2.3252e-01	6.9153e-06	3.3043e-02	9.4898e-01	1.7975e-02	1.8556e-07	1.1755e-36	1.1755e-36	5.5160e-22	0.00e+00	0.00e+00	6.1674e-01
7.08346e+15	5.9860e+03	9.181e-19	5.9948e+02	6.2592e+02	6.8165e-12	2.9115e-02	9.7089e-01	1.5982e-01	8.4005e-01	1.3096e-04	7.5043e-14	6.1402e-03	7.7487e-01	2.1898e-01	5.9617e-06	3.5238e-02	9.4861e-01	1.6157e-02	1.4051e-07	1.1755e-36	1.1755e-36	6.5630e-22	0.00e+00	0.00e+00	8.1954e-01
9.19938e+15	5.9185e+03	9.117e-19	5.9948e+02	6.2411e+02	8.9810e-12	3.2107e-02	9.6789e-01	1.7586e-01	8.2403e-01	1.1151e-04	9.5042e-14	6.6092e-03	7.9309e-01	2.0029e-01	4.7822e-06	3.9001e-02	9.4726e-01	1.3744e-02	1.1755e-36	1.1755e-36	1.1755e-36	8.7698e-22	0.00e+00	0.00e+00	1.1103e+00
1.16235e+16	5.8842e+03	9.077e-19	5.9948e+02	6.1928e+02	1.2194e-11	3.6456e-02	9.6354e-01	1.9742e-01	8.0248e-01	9.2434e-05	1.2845e-13	7.2013e-03	8.1372e-01	1.7908e-01	3.6273e-06	4.4436e-02	9.4442e-01	1.1146e-02	1.1755e-36	1.1755e-36	1.1755e-36	1.2818e-21	0.00e+00	0.00e+00	1.4493e+00
1.39780e+16	5.8954e+03	9.140e-19	5.9948e+02	6.1463e+02	1.6710e-11	4.2495e-02	9.5750e-01	2.2460e-01	7.7532e-01	7.6282e-05	1.8510e-13	7.9060e-03	8.3489e-01	1.5720e-01	2.6314e-06	5.1927e-02	9.3936e-01	8.7085e-03	1.1755e-36	1.1755e-36	1.1755e-36	2.0610e-21	0.00e+00	0.00e+00	1.8117e+00
1.60973e+16	5.9498e+03	9.239e-19	5.9948e+02	6.0811e+02	2.2530e-11	5.0141e-02	9.4986e-01	2.5592e-01	7.4401e-01	6.3484e-05	2.7465e-13	8.6297e-03	8.5449e-01	1.3688e-01	1.8695e-06	6.1350e-02	9.3198e-01	6.6657e-03	1.1755e-36	1.1755e-36	1.1755e-36	3.4688e-21	0.00e+00	0.00e+00	2.1886e+00
1.79757e+16	6.0143e+03	9.378e-19	5.9948e+02	6.0095e+02	3.0807e-11	5.9781e-02	9.4022e-01	2.9168e-01	7.0827e-01	5.3163e-05	4.1927e-13	9.3543e-03	8.7249e-01	1.1816e-01	1.3003e-06	7.3160e-02	9.2182e-01	5.0164e-03	1.1755e-36	1.1755e-36	1.1755e-36	6.0752e-21	0.00e+00	0.00e+00	2.5894e+00
1.96348e+16	6.0969e+03	9.493e-19	5.9948e+02	5.9146e+02	4.1820e-11	7.1490e-02	9.2851e-01	3.3072e-01	6.6923e-01	4.4886e-05	6.4628e-13	1.0008e-02	8.8828e-01	1.0171e-01	8.9621e-07	8.7414e-02	9.0885e-01	3.7363e-03	1.1755e-36	1.1755e-36	1.1755e-36	1.0784e-20	0.00e+00	0.00e+00	3.0082e+00
2.10924e+16	6.1810e+03	9.591e-19	5.9948e+02	5.8137e+02	5.7270e-11	8.5745e-02	9.1426e-01	3.7261e-01	6.2735e-01	3.8225e-05	1.0094e-12	1.0591e-02	9.0217e-01	8.7240e-02	6.1170e-07	1.0464e-01	8.9260e-01	2.7583e-03	1.1755e-36	1.1755e-36	1.1755e-36	1.9475e-20	0.00e+00	0.00e+00	3.4522e+00
2.23762e+16	6.2620e+03	9.633e-19	5.9948e+02	5.6904e+02	7.8903e-11	1.0276e-01	8.9724e-01	4.1635e-01	5.8361e-01	3.2710e-05	1.5809e-12	1.1057e-02	9.1413e-01	7.4814e-02	4.1657e-07	1.2504e-01	8.7293e-01	2.0268e-03	1.1755e-36	1.1755e-36	1.1755e-36	3.5202e-20	0.00e+00	0.00e+00	3.9188e+00
2.35078e+16	6.3334e+03	9.605e-19	5.9948e+02	5.5477e+02	1.0966e-10	1.2285e-01	8.7715e-01	4.6094e-01	5.3903e-01	2.8123e-05	2.4764e-12	1.1395e-02	9.2439e-01	6.4210e-02	2.8395e-07	1.4891e-01	8.4961e-01	1.4857e-03	1.1755e-36	1.1755e-36	1.1755e-36	6.3464e-20	0.00e+00	0.00e+00	4.4135e+00
2.45167e+16	6.3862e+03	9.514e-19	5.9948e+02	5.3951e+02	1.5562e-10	1.4682e-01	8.5318e-01	5.0604e-01	4.9393e-01	2.4233e-05	3.9111e-12	1.1627e-02	9.3334e-01	5.5029e-02	1.9296e-07	1.7707e-01	8.2184e-01	1.0832e-03	1.1755e-36	1.1755e-36	1.1755e-36	1.1552e-19	0.00e+00	0.00e+00	4.9437e+00
2.54171e+16	6.4330e+03	9.272e-19	5.9948e+02	5.1891e+02	2.1880e-10	1.7372e-01	8.2628e-01	5.4936e-01	4.5061e-01	2.1014e-05	6.0338e-12	1.1645e-02	9.4080e-01	4.7554e-02	1.3336e-07	2.0831e-01	7.9090e-01	7.9358e-04	1.1755e-36	1.1755e-36	1.1755e-36	2.0275e-19	0.00e+00	0.00e+00	5.5006e+00
2.62377e+16	6.4515e+03	8.955e-19	5.9948e+02	4.9785e+02	3.1677e-10	2.0545e-01	7.9455e-01	5.9191e-01	4.0807e-01	1.8252e-05	9.4079e-12	1.1572e-02	9.4746e-01	4.0971e-02	1.1755e-36	2.4463e-01	7.5480e-01	5.7708e-04	1.1755e-36	1.1755e-36	1.1755e-36	3.6134e-19	0.00e+00	0.00e+00	6.1184e+00
2.69981e+16	6.4454e+03	8.518e-19	5.9948e+02	4.7371e+02	4.6953e-10	2.4233e-01	7.5767e-01	6.3256e-01	3.6743e-01	1.5938e-05	1.4691e-11	1.1355e-02	9.5335e-01	3.5295e-02	1.1755e-36	2.8618e-01	7.1341e-01	4.1652e-04	1.1755e-36	1.1755e-36	1.1755e-36	6.4621e-19	0.00e+00	0.00e+00	6.7846e+00
2.76462e+16	6.4151e+03	8.012e-19	5.9948e+02	4.4866e+02	6.8908e-10	2.8103e-01	7.1897e-01	6.6727e-01	3.3272e-01	1.4180e-05	2.2086e-11	1.1027e-02	9.5813e-01	3.0840e-02	1.1755e-36	3.2902e-01	6.7067e-01	3.0726e-04	1.1755e-36	1.1755e-36	1.1755e-36	1.1042e-18	0.00e+00	0.00e+00	7.3910e+00
2.81354e+16	6.3700e+03	7.534e-19	5.9948e+02	4.2657e+02	9.5410e-10	3.1543e-01	6.8457e-01	6.9291e-01	3.0707e-01	1.3003e-05	3.0524e-11	1.0676e-02	9.6160e-01	2.7724e-02	1.1755e-36	3.6646e-01	6.3330e-01	2.3999e-04	1.1755e-36	1.1755e-36	1.1755e-36	1.6965e-18	0.00e+00	0.00e+00	7.8786e+00
2.84974e+16	6.3203e+03	7.129e-19	5.9948e+02	4.0858e+02	1.2409e-09	3.4383e-01	6.5617e-01	7.1160e-01	2.8839e-01	1.2190e-05	3.9085e-11	1.0360e-02	9.6410e-01	2.5542e-02	1.1755e-36	3.9693e-01	6.0287e-01	1.9791e-04	1.1755e-36	1.1755e-36	1.1755e-36	2.3604e-18	0.00e+00	0.00e+00	8.2892e+00
2.87985e+16	6.2663e+03	6.759e-19	5.9948e+02	3.9255e+02	1.5682e-09	3.6931e-01	6.3069e-01	7.2688e-01	2.7311e-01	1.1554e-05	4.8197e-11	1.0061e-02	9.6614e-01	2.3795e-02	1.1755e-36	4.2395e-01	5.7589e-01	1.6744e-04	1.1755e-36	1.1755e-36	1.1755e-36	3.1277e-18	0.00e+00	0.00e+00	8.6899e+00
2.90821e+16	6.2041e+03	6.386e-19	5.9948e+02	3.7649e+02	1.9821e-09	3.9486e-01	6.0514e-01	7.4104e-01	2.5895e-01	1.0985e-05	5.8881e-11	9.7464e-03	9.6804e-01	2.2218e-02	1.1755e-36	4.5071e-01	5.4914e-01	1.4226e-04	1.1755e-36	1.1755e-36	1.1755e-36	4.0993e-18	0.00e+00	0.00e+00	9.1094e+00
2.93540e+16	6.1336e+03	6.009e-19	5.9948e+02	3.6026e+02	2.5154e-09	4.2076e-01	5.7924e-01	7.5418e-01	2.4580e-01	1.0479e-05	7.1508e-11	9.4152e-03	9.6980e-01	2.0784e-02	1.1755e-36	4.7755e-01	5.2233e-01	1.2114e-04	1.1755e-36	1.1755e-36	1.1755e-36	5.3441e-18	0.00e+00	0.00e+00	9.5286e+00
2.96024e+16	6.0584e+03	5.650e-19	5.9948e+02	3.4473e+02	3.1698e-09	4.4563e-01	5.5437e-01	7.6568e-01	2.3431e-01	1.0061e-05	8.5544e-11	9.0877e-03	9.7137e-01	1.9540e-02	1.1755e-36	5.0301e-01	4.9688e-01	1.0419e-04	1.1755e-36	1.1755e-36	1.1755e-36	6.8480e-18	0.00e+00	0.00e+00	9.9227e+00
2.98230e+16	5.9821e+03	5.322e-19	5.9948e+02	3.3044e+02	3.9397e-09	4.6859e-01	5.3141e-01	7.7554e-01	2.2445e-01	9.7169e-06	1.0046e-10	8.7787e-03	9.7274e-01	1.8483e-02	1.1755e-36	5.2628e-01	4.7363e-01	9.0829e-05	1.1755e-36	1.1755e-36	1.1755e-36	8.5788e-18	0.00e+00	0.00e+00	1.0291e+01
3.00227e+16	5.9044e+03	5.020e-19	5.9948e+02	3.1712e+02	4.8508e-09	4.9004e-01	5.0996e-01	7.8423e-01	2.1576e-01	9.4248e-06	1.1635e-10	8.4848e-03	9.7396e-01	1.7559e-02	1.1755e-36	5.4780e-01	4.5212e-01	7.9993e-05	1.1755e-36	1.1755e-36	1.1755e-36	1.0570e-17	0.00e+00	0.00e+00	1.0647e+01
3.02101e+16	5.8238e+03	4.734e-19	5.9948e+02	3.0434e+02	5.9563e-09	5.1063e-01	4.8937e-01	7.9214e-01	2.0786e-01	9.1681e-06	1.3368e-10	8.1981e-03	9.7508e-01	1.6723e-02	1.1755e-36	5.6827e-01	4.3166e-01	7.0841e-05	1.1755e-36	1.1755e-36	1.1755e-36	1.2916e-17	0.00e+00	0.00e+00	1.1000e+01
3.03885e+16	5.7399e+03	4.461e-19	5.9948e+02	2.9196e+02	7.3151e-09	5.3061e-01	4.6939e-01	7.9942e-01	2.0057e-01	8.9405e-06	1.5275e-10	7.9161e-03	9.7613e-01	1.5956e-02	1.1755e-36	5.8796e-01	4.1198e-01	6.2980e-05	1.1755e-36	1.1755e-36	1.1755e-36	1.5716e-17	0.00e+00	0.00e+00	1.1350e+01
3.05321e+16	5.6684e+03	4.246e-19	5.9948e+02	2.8200e+02	8.6780e-09	5.4681e-01	4.5319e-01	8.0477e-01	1.9522e-01	8.7869e-06	1.6997e-10	7.6861e-03	9.7692e-01	1.5391e-02	1.1755e-36	6.0379e-01	3.9615e-01	5.7345e-05	1.1755e-36	1.1755e-36	1.1755e-36	1.8475e-17	0.00e+00	0.00e+00	1.1584e+01
3.06335e+16	5.6062e+03	4.098e-19	5.9948e+02	2.7514e+02	9.9563e-09	5.5889e-01	4.4111e-01	8.0880e-01	1.9119e-01	8.6540e-06	1.8454e-10	7.5306e-03	9.7750e-01	1.4965e-02	1.1755e-36	6.1554e-01	3.8441e-01	5.3513e-05	1.1755e-36	1.1755e-36	1.1755e-36	2.0972e-17	0.00e+00	0.00e+00	1.1773e+01
3.07253e+16	5.5616e+03	3.956e-19	5.9948e+02	2.6840e+02	1.1099e-08	5.6905e-01	4.3095e-01	8.1217e-01	1.8782e-01	8.5694e-06	1.9720e-10	7.3700e-03	9.7801e-01	1.4618e-02	1.1755e-36	6.2535e-01	3.7459e-01	5.0313e-05	1.1755e-36	1.1755e-36	1.1755e-36	2.3231e-17	0.00e+00	0.00e+00	1.1976e+01
3.08180e+16	5.5027e+03	3.819e-19	5.9948e+02	2.6187e+02	1.2627e-08	5.7994e-01	4.2006e-01	8.1573e-01	1.8426e-01	8.4603e-06	2.1235e-10	7.2178e-03	9.7854e-01	1.4247e-02	1.1755e-36	6.3585e-01	3.6411e-01	4.7197e-05	1.1755e-36	1.1755e-36	1.1755e-36	2.6114e-17	0.00e+00	0.00e+00	1.2176e+01
3.09013e+16	5.4592e+03	3.695e-19	5.9948e+02	2.5582e+02	1.4001e-08	5.8916e-01	4.1084e-01	8.1851e-01	1.8148e-01	8.3992e-06	2.2564e-10	7.0727e-03	9.7897e-01	1.3954e-02	1.1755e-36	6.4467e-01	3.5529e-01	4.4639e-05	1.1755e-36	1.1755e-36	1.1755e-36	2.8788e-17	0.00e+00	0.00e+00	1.2345e+01
3.09775e+16	5.4031e+03	3.585e-19	5.9948e+02	2.5054e+02	1.5759e-08	5.9842e-01	4.0158e-01	8.2152e-01	1.7847e-01	8.2987e-06	2.4092e-10	6.9501e-03	9.7940e-01	1.3648e-02	1.1755e-36	6.5352e-01	3.4644e-01	4.2286e-05	1.1755e-36	1.1755e-36	1.1755e-36	3.2045e-17	0.00e+00	0.00e+00	1.2519e+01
3.10504e+16	5.3613e+03	3.479e-19	5.9948e+02	2.4535e+02	1.7366e-08	6.0665e-01	3.9335e-01	8.2400e-01	1.7599e-01	8.2386e-06	2.5491e-10	6.8256e-03	9.7978e-01	1.3392e-02	1.1755e-36	6.6134e-01	3.3862e-01	4.0220e-05	1.1755e-36	1.1755e-36	1.1755e-36	3.5189e-17	0.00e+00	0.00e+00	1.2677e+01
3.11221e+16	5.3065e+03	3.377e-19	5.9948e+02	2.4021e+02	1.9483e-08	6.1521e-01	3.8479e-01	8.2668e-01	1.7331e-01	8.1573e-06	2.7109e-10	6.7049e-03	9.8018e-01	1.3119e-02	1.1755e-36	6.6945e-01	3.3051e-01	3.8218e-05	1.1755e-36	1.1755e-36	1.1755e-36	3.9052e-17	0.00e+00	0.00e+00	1.2850e+01
3.11936e+16	5.2660e+03	3.273e-19	5.9948e+02	2.3499e+02	2.1423e-08	6.2303e-01	3.7697e-01	8.2889e-01	1.7110e-01	8.1183e-06	2.8606e-10	6.5768e-03	9.8054e-01	1.2886e-02	1.1755e-36	6.7682e-01	3.2314e-01	3.6396e-05	1.1755e-36	1.1755e-36	1.1755e-36	4.2826e-17	0.00e+00	0.00e+00	1.3012e+01
3.12657e+16	5.2117e+03	3.172e-19	5.9948e+02	2.2982e+02	2.4065e-08	6.3147e-01	3.6853e-01	8.3145e-01	1.6854e-01	8.0470e-06	3.0454e-10	6.4536e-03	9.8092e-01	1.2626e-02	1.1755e-36	6.8477e-01	3.1520e-01	3.4567e-05	1.1755e-36	1.1755e-36	1.1755e-36	4.7787e-17	0.00e+00	0.00e+00	1.3193e+01
3.13380e+16	5.1556e+03	3.073e-19	5.9948e+02	2.2471e+02	2.7130e-08	6.3991e-01	3.6009e-01	8.3390e-01	1.6609e-01	7.9807e-06	3.2471e-10	6.3317e-03	9.8129e-01	1.2376e-02	1.1755e-36	6.9268e-01	3.0728e-01	3.2839e-05	1.1755e-36	1.1755e-36	1.1755e-36	5.3619e-17	0.00e+00	0.00e+00	1.3360e+01
3.14030e+16	5.1108e+03	2.985e-19	5.9948e+02	2.2017e+02	2.9991e-08	6.4723e-01	3.5277e-01	8.3596e-01	1.6404e-01	7.9343e-06	3.4338e-10	6.2212e-03	9.8161e-01	1.2165e-02	1.1755e-36	6.9954e-01	3.0043e-01	3.1366e-05	1.1755e-36	1.1755e-36	1.1755e-36	5.9360e-17	0.00e+00	0.00e+00	1.3509e+01
3.14654e+16	5.0567e+03	2.902e-19	5.9948e+02	2.1580e+02	3.3628e-08	6.5469e-01	3.4531e-01	8.3816e-01	1.6184e-01	7.8679e-06	3.6506e-10	6.1175e-03	9.8194e-01	1.1946e-02	1.1755e-36	7.0647e-01	2.9350e-01	2.9968e-05	1.1755e-36	1.1755e-36	1.1755e-36	6.6520e-17	0.00e+00	0.00e+00	1.3668e+01
3.15270e+16	5.0166e+03	2.819e-19	5.9948e+02	2.1144e+02	3.6891e-08	6.6136e-01	3.3864e-01	8.3994e-01	1.6005e-01	7.8390e-06	3.8475e-10	6.0094e-03	9.8223e-01	1.1760e-02	1.1755e-36	7.1265e-01	2.8732e-01	2.8703e-05	1.1755e-36	1.1755e-36	1.1755e-36	7.3415e-17	0.00e+00	0.00e+00	1.3816e+01
3.15900e+16	4.9612e+03	2.737e-19	5.9948e+02	2.0695e+02	4.1492e-08	6.6864e-01	3.3136e-01	8.4205e-01	1.5794e-01	7.7827e-06	4.0888e-10	5.9016e-03	9.8256e-01	1.1540e-02	1.1755e-36	7.1940e-01	2.8057e-01	2.7415e-05	1.1755e-36	1.1755e-36	1.1755e-36	8.2259e-17	0.00e+00	0.00e+00	1.3985e+01
3.16536e+16	4.9072e+03	2.656e-19	5.9948e+02	2.0254e+02	4.6629e-08	6.7587e-01	3.2413e-01	8.4404e-01	1.5596e-01	7.7335e-06	4.3436e-10	5.7950e-03	9.8288e-01	1.1325e-02	1.1755e-36	7.2607e-01	2.7390e-01	2.6189e-05	1.1755e-36	1.1755e-36	1.1755e-36	9.2171e-17	0.00e+00	0.00e+00	1.4139e+01
3.17111e+16	4.8514e+03	2.585e-19	5.9948e+02	1.9867e+02	5.2487e-08	6.8268e-01	3.1732e-01	8.4598e-01	1.5401e-01	7.6721e-06	4.6152e-10	5.7035e-03	9.8318e-01	1.1119e-02	1.1755e-36	7.3235e-01	2.6762e-01	2.5099e-05	1.1755e-36	1.1755e-36	1.1755e-36	1.0351e-16	0.00e+00	0.00e+00	1.4281e+01
3.17630e+16	4.8160e+03	2.520e-19	5.9948e+02	1.9500e+02	5.7007e-08	6.8804e-01	3.1196e-01	8.4730e-01	1.5269e-01	7.6615e-06	4.8239e-10	5.6113e-03	9.8342e-01	1.0968e-02	1.1755e-36	7.3726e-01	2.6272e-01	2.4207e-05	1.1755e-36	1.1755e-36	1.1755e-36	1.1278e-16	0.00e+00	0.00e+00	1.4408e+01
3.18184e+16	4.7609e+03	2.451e-19	5.9948e+02	1.9112e+02	6.4158e-08	6.9443e-01	3.0557e-01	8.4917e-01	1.5083e-01	7.6076e-06	5.1202e-10	5.5187e-03	9.8371e-01	1.0772e-02	1.1755e-36	7.4312e-01	2.5686e-01	2.3223e-05	1.1755e-36	1.1755e-36	1.1755e-36	1.2680e-16	0.00e+00	0.00e+00	1.4571e+01
3.18771e+16	4.7082e+03	2.381e-19	5.9948e+02	1.8714e+02	7.2117e-08	7.0090e-01	2.9910e-01	8.5089e-01	1.4910e-01	7.5679e-06	5.4404e-10	5.4219e-03	9.8399e-01	1.0585e-02	1.1755e-36	7.4903e-01	2.5094e-01	2.2256e-05	1.1755e-36	1.1755e-36	1.1755e-36	1.4313e-16	0.00e+00	0.00e+00	1.4718e+01
3.19299e+16	4.6536e+03	2.320e-19	5.9948e+02	1.8356e+02	8.1215e-08	7.0691e-01	2.9309e-01	8.5254e-01	1.4745e-01	7.5212e-06	5.7772e-10	5.3367e-03	9.8425e-01	1.0409e-02	1.1755e-36	7.5451e-01	2.4547e-01	2.1405e-05	1.1755e-36	1.1755e-36	1.1755e-36	1.6176e-16	0.00e+00	0.00e+00	1.4853e+01
3.19775e+16	4.6120e+03	2.265e-19	5.9948e+02	1.8039e+02	8.9325e-08	7.1203e-01	2.8797e-01	8.5387e-01	1.4612e-01	7.4940e-06	6.0777e-10	5.2591e-03	9.8448e-01	1.0263e-02	1.1755e-36	7.5916e-01	2.4082e-01	2.0678e-05	1.1755e-36	1.1755e-36	1.1755e-36	1.7944e-16	0.00e+00	0.00e+00	1.4974e+01
3.20247e+16	4.5602e+03	2.211e-19	5.9948e+02	1.7727e+02	1.0013e-07	7.1747e-01	2.8253e-01	8.5544e-01	1.4455e-01	7.4426e-06	6.4477e-10	5.1855e-03	9.8471e-01	1.0100e-02	1.1755e-36	7.6410e-01	2.3588e-01	1.9947e-05	1.1755e-36	1.1755e-36	1.1755e-36	2.0282e-16	0.00e+00	0.00e+00	1.5108e+01
3.20723e+16	4.5192e+03	2.157e-19	5.9948e+02	1.7406e+02	1.1019e-07	7.2236e-01	2.7764e-01	8.5669e-01	1.4330e-01	7.4241e-06	6.7860e-10	5.1064e-03	9.8493e-01	9.9617e-03	1.1755e-36	7.6853e-01	2.3145e-01	1.9274e-05	1.1755e-36	1.1755e-36	1.1755e-36	2.2576e-16	0.00e+00	0.00e+00	1.5233e+01
3.21203e+16	4.4674e+03	2.104e-19	5.9948e+02	1.7082e+02	1.2385e-07	7.2764e-01	2.7236e-01	8.5814e-01	1.4185e-01	7.3850e-06	7.2103e-10	5.0292e-03	9.8516e-01	9.8071e-03	1.1755e-36	7.7330e-01	2.2669e-01	1.8596e-05	1.1755e-36	1.1755e-36	1.1755e-36	2.5680e-16	0.00e+00	0.00e+00	1.5371e+01
3.21681e+16	4.4183e+03	2.052e-19	5.9948e+02	1.6778e+02	1.3877e-07	7.3288e-01	2.6712e-01	8.5957e-01	1.4043e-01	7.3440e-06	7.6715e-10	4.9569e-03	9.8539e-01	9.6565e-03	1.1755e-36	7.7802e-01	2.2196e-01	1.7940e-05	1.1755e-36	1.1755e-36	1.1755e-36	2.9298e-16	0.00e+00	0.00e+00	1.5497e+01
3.22120e+16	4.3790e+03	2.005e-19	5.9948e+02	1.6490e+02	1.5239e-07	7.3729e-01	2.6271e-01	8.6069e-01	1.3931e-01	7.3279e-06	8.0781e-10	4.8856e-03	9.8558e-01	9.5331e-03	1.1755e-36	7.8199e-01	2.1799e-01	1.7376e-05	1.1755e-36	1.1755e-36	1.1755e-36	3.2731e-16	0.00e+00	0.00e+00	1.5616e+01
3.22568e+16	4.3329e+03	1.957e-19	5.9948e+02	1.6194e+02	1.6986e-07	7.4199e-01	2.5801e-01	8.6194e-01	1.3805e-01	7.2997e-06	8.5711e-10	4.8142e-03	9.8579e-01	9.3977e-03	1.1755e-36	7.8620e-01	2.1379e-01	1.6805e-05	1.1755e-36	1.1755e-36	1.1755e-36	3.7209e-16	0.00e+00	0.00e+00	1.5749e+01
3.23035e+16	4.2827e+03	1.909e-19	5.9948e+02	1.5905e+02	1.9137e-07	7.4704e-01	2.5296e-01	8.6335e-01	1.3664e-01	7.2564e-06	9.1684e-10	4.7460e-03	9.8600e-01	9.2521e-03	1.1755e-36	7.9072e-01	2.0927e-01	1.6217e-05	1.1755e-36	1.1755e-36	1.1755e-36	4.3040e-16	0.00e+00	0.00e+00	1.5879e+01
3.23470e+16	4.2328e+03	1.865e-19	5.9948e+02	1.5617e+02	2.1511e-07	7.5151e-01	2.4849e-01	8.6451e-01	1.3549e-01	7.2309e-06	9.7666e-10	4.6777e-03	9.8620e-01	9.1263e-03	1.1755e-36	7.9473e-01	2.0526e-01	1.5709e-05	1.1755e-36	1.1755e-36	1.1755e-36	4.9498e-16	0.00e+00	0.00e+00	1.5995e+01
3.23860e+16	4.1947e+03	1.826e-19	5.9948e+02	1.5375e+02	2.3623e-07	7.5545e-01	2.4455e-01	8.6552e-01	1.3447e-01	7.2096e-06	1.0317e-09	4.6192e-03	9.8636e-01	9.0165e-03	1.1755e-36	7.9823e-01	2.0175e-01	1.5260e-05	1.1755e-36	1.1755e-36	1.1755e-36	5.5783e-16	0.00e+00	0.00e+00	1.6101e+01
3.24253e+16	4.1484e+03	1.788e-19	5.9948e+02	1.5124e+02	2.6395e-07	7.5956e-01	2.4044e-01	8.6667e-01	1.3332e-01	7.1766e-06	1.0989e-09	4.5603e-03	9.8654e-01	8.8970e-03	1.1755e-36	8.0190e-01	1.9808e-01	1.4809e-05	1.1755e-36	1.1755e-36	1.1755e-36	6.4095e-16	0.00e+00	0.00e+00	1.6221e+01
3.24659e+16	4.1029e+03	1.749e-19	5.9948e+02	1.4879e+02	2.9508e-07	7.6379e-01	2.3621e-01	8.6784e-01	1.3215e-01	7.1407e-06	1.1741e-09	4.5033e-03	9.8672e-01	8.7763e-03	1.1755e-36	8.0567e-01	1.9432e-01	1.4356e-05	1.1755e-36	1.1755e-36	1.1755e-36	7.4097e-16	0.00e+00	0.00e+00	1.6335e+01
3.25044e+16	4.0613e+03	1.712e-19	5.9948e+02	1.4639e+02	3.2699e-07	7.6759e-01	2.3241e-01	8.6883e-01	1.3116e-01	7.1195e-06	1.2480e-09	4.4460e-03	9.8688e-01	8.6699e-03	1.1755e-36	8.0904e-01	1.9095e-01	1.3951e-05	1.1755e-36	1.1755e-36	1.1755e-36	8.4765e-16	0.00e+00	0.00e+00	1.6444e+01
3.25423e+16	4.0201e+03	1.676e-19	5.9948e+02	1.4407e+02	3.6240e-07	7.7135e-01	2.2865e-01	8.6986e-01	1.3014e-01	7.0940e-06	1.3287e-09	4.3913e-03	9.8705e-01	8.5627e-03	1.1755e-36	8.1239e-01	1.8760e-01	1.3554e-05	1.1755e-36	1.1755e-36	1.1755e-36	9.7263e-16	0.00e+00	0.00e+00	1.6556e+01
3.25811e+16	3.9753e+03	1.640e-19	5.9948e+02	1.4172e+02	4.0520e-07	7.7526e-01	2.2474e-01	8.7093e-01	1.2906e-01	7.0638e-06	1.4230e-09	4.3363e-03	9.8721e-01	8.4518e-03	1.1755e-36	8.1584e-01	1.8415e-01	1.3159e-05	1.1755e-36	1.1755e-36	1.1755e-36	1.1307e-15	0.00e+00	0.00e+00	1.6671e+01
###########################
7.60624e+12	6.6937e+03	1.083e-18	5.9948e+02	6.3039e+02	2.8271e-12	2.6019e-02	9.7398e-01	1.2770e-01	8.7210e-01	1.9970e-04	5.5422e-14	5.4060e-03	7.2561e-01	2.6897e-01	9.5493e-06	3.1020e-02	9.4714e-01	2.1838e-02	3.4656e-07	1.1755e-36	1.1755e-36	5.2193e-22	0.00e+00	0.00e+00	1.4985e-03
4.56374e+13	6.6827e+03	1.080e-18	5.9948e+02	6.2944e+02	2.8435e-12	2.5974e-02	9.7403e-01	1.2771e-01	8.7209e-01	1.9957e-04	5.5137e-14	5.3836e-03	7.2567e-01	2.6894e-01	9.5645e-06	3.0968e-02	9.4716e-01	2.1867e-02	3.4648e-07	1.1755e-36	1.1755e-36	5.1693e-22	0.00e+00	0.00e+00	7.4820e-03
1.97762e+14	6.6675e+03	1.073e-18	5.9948e+02	6.2909e+02	2.8810e-12	2.5974e-02	9.7403e-01	1.2825e-01	8.7156e-01	1.9793e-04	5.5211e-14	5.3857e-03	7.2668e-01	2.6793e-01	9.4827e-06	3.0979e-02	9.4725e-01	2.1770e-02	3.4049e-07	1.1755e-36	1.1755e-36	5.1551e-22	0.00e+00	0.00e+00	3.1416e-02
8.06261e+14	6.6086e+03	1.057e-18	5.9948e+02	6.2873e+02	3.1170e-12	2.6327e-02	9.7367e-01	1.3123e-01	8.6859e-01	1.8981e-04	5.7300e-14	5.4648e-03	7.3188e-01	2.6265e-01	9.0438e-06	3.1449e-02	9.4743e-01	2.1126e-02	3.1019e-07	1.1755e-36	1.1755e-36	5.3320e-22	0.00e+00	0.00e+00	1.2845e-01
1.92590e+15	6.4163e+03	1.006e-18	5.9948e+02	6.2873e+02	3.5893e-12	2.6022e-02	9.7398e-01	1.3466e-01	8.6516e-01	1.8040e-04	5.6377e-14	5.4798e-03	7.3835e-01	2.5616e-01	8.6430e-06	3.1165e-02	9.4809e-01	2.0741e-02	2.8470e-07	1.1755e-36	1.1755e-36	5.0009e-22	0.00e+00	0.00e+00	2.5314e-01
3.10402e+15	6.2456e+03	9.656e-19	5.9948e+02	6.2863e+02	4.1448e-12	2.5906e-02	9.7409e-01	1.3828e-01	8.6155e-01	1.7077e-04	5.6217e-14	5.5181e-03	7.4484e-01	2.4963e-01	8.2073e-06	3.1105e-02	9.4868e-01	2.0215e-02	2.5819e-07	1.1755e-36	1.1755e-36	4.7953e-22	0.00e+00	0.00e+00	3.6010e-01
4.18296e+15	6.1413e+03	9.435e-19	5.9948e+02	6.2816e+02	4.7246e-12	2.6319e-02	9.7368e-01	1.4271e-01	8.5713e-01	1.6051e-04	5.8614e-14	5.6232e-03	7.5193e-01	2.4244e-01	7.6684e-06	3.1672e-02	9.4897e-01	1.9356e-02	2.2672e-07	1.1755e-36	1.1755e-36	4.9419e-22	0.00e+00	0.00e+00	4.6645e-01
5.41034e+15	6.0642e+03	9.299e-19	5.9948e+02	6.2742e+02	5.5100e-12	2.7323e-02	9.7268e-01	1.4935e-01	8.5051e-01	1.4767e-04	6.4299e-14	5.8172e-03	7.6150e-01	2.3268e-01	6.9337e-06	3.2963e-02	9.4899e-01	1.8044e-02	1.8729e-07	1.1755e-36	1.1755e-36	5.4699e-22	0.00e+00	0.00e+00	6.0997e-01
7.00595e+15	5.9882e+03	9.182e-19	5.9948e+02	6.2601e+02	6.7415e-12	2.9003e-02	9.7100e-01	1.5926e-01	8.4060e-01	1.3174e-04	7.4337e-14	6.1127e-03	7.7450e-01	2.1938e-01	5.9965e-06	3.5097e-02	9.4865e-01	1.6257e-02	1.4269e-07	1.1755e-36	1.1755e-36	6.4795e-22	0.00e+00	0.00e+00	8.0802e-01
9.08023e+15	5.9198e+03	9.116e-19	5.9948e+02	6.2426e+02	8.8413e-12	3.1899e-02	9.6810e-01	1.7485e-01	8.2504e-01	1.1256e-04	9.3572e-14	6.5726e-03	7.9237e-01	2.0105e-01	4.8350e-06	3.8741e-02	9.4737e-01	1.3887e-02	1.1755e-36	1.1755e-36	1.1755e-36	8.5890e-22	0.00e+00	0.00e+00	1.0912e+00
1.14888e+16	5.8831e+03	9.083e-19	5.9948e+02	6.2029e+02	1.2023e-11	3.6207e-02	9.6379e-01	1.9627e-01	8.0363e-01	9.3486e-05	1.2657e-13	7.1778e-03	8.1309e-01	1.7973e-01	3.6691e-06	4.4126e-02	9.4460e-01	1.1275e-02	1.1755e-36	1.1755e-36	1.1755e-36	1.2574e-21	0.00e+00	0.00e+00	1.4301e+00
1.38490e+16	5.8916e+03	9.131e-19	5.9948e+02	6.1499e+02	1.6449e-11	4.2108e-02	9.5789e-01	2.2297e-01	7.7695e-01	7.7134e-05	1.8123e-13	7.8791e-03	8.3412e-01	1.5800e-01	2.6719e-06	5.1449e-02	9.3972e-01	8.8359e-03	1.1755e-36	1.1755e-36	1.1755e-36	2.0027e-21	0.00e+00	0.00e+00	1.7884e+00
1.59702e+16	5.9430e+03	9.228e-19	5.9948e+02	6.0853e+02	2.2183e-11	4.9612e-02	9.5039e-01	2.5388e-01	7.4605e-01	6.4195e-05	2.6802e-13	8.6088e-03	8.5372e-01	1.3767e-01	1.9030e-06	6.0702e-02	9.3252e-01	6.7802e-03	1.1755e-36	1.1755e-36	1.1755e-36	3.3553e-21	0.00e+00	0.00e+00	2.1630e+00
1.78614e+16	6.0067e+03	9.365e-19	5.9948e+02	6.0146e+02	3.0329e-11	5.9119e-02	9.4088e-01	2.8937e-01	7.1058e-01	5.3735e-05	4.0874e-13	9.3467e-03	8.7181e-01	1.1884e-01	1.3245e-06	7.2355e-02	9.2254e-01	5.1077e-03	1.1755e-36	1.1755e-36	1.1755e-36	5.8697e-21	0.00e+00	0.00e+00	2.5632e+00
1.95370e+16	6.0888e+03	9.481e-19	5.9948e+02	5.9204e+02	4.1214e-11	7.0717e-02	9.2928e-01	3.2829e-01	6.7166e-01	4.5332e-05	6.3050e-13	1.0019e-02	8.8775e-01	1.0223e-01	9.1220e-07	8.6478e-02	9.0972e-01	3.8041e-03	1.1755e-36	1.1755e-36	1.1755e-36	1.0432e-20	0.00e+00	0.00e+00	2.9816e+00
2.10072e+16	6.1729e+03	9.581e-19	5.9948e+02	5.8203e+02	5.6474e-11	8.4842e-02	9.1516e-01	3.7008e-01	6.2988e-01	3.8586e-05	9.8548e-13	1.0622e-02	9.0174e-01	8.7636e-02	6.2216e-07	1.0356e-01	8.9363e-01	2.8082e-03	1.1755e-36	1.1755e-36	1.1755e-36	1.8867e-20	0.00e+00	0.00e+00	3.4241e+00
2.22989e+16	6.2542e+03	9.626e-19	5.9948e+02	5.6981e+02	7.7789e-11	1.0168e-01	8.9832e-01	4.1368e-01	5.8629e-01	3.3016e-05	1.5434e-12	1.1108e-02	9.1377e-01	7.5123e-02	4.2363e-07	1.2375e-01	8.7418e-01	2.0646e-03	1.1755e-36	1.1755e-36	1.1755e-36	3.4119e-20	0.00e+00	0.00e+00	3.8881e+00
2.34363e+16	6.3261e+03	9.603e-19	5.9948e+02	5.5568e+02	1.0805e-10	1.2155e-01	8.7845e-01	4.5815e-01	5.4182e-01	2.8389e-05	2.4170e-12	1.1465e-02	9.2408e-01	6.4453e-02	2.8875e-07	1.4737e-01	8.5111e-01	1.5143e-03	1.1755e-36	1.1755e-36	1.1755e-36	6.1521e-20	0.00e+00	0.00e+00	4.3801e+00
2.44509e+16	6.3803e+03	9.517e-19	5.9948e+02	5.4055e+02	1.5314e-10	1.4528e-01	8.5472e-01	5.0319e-01	4.9679e-01	2.4464e-05	3.8168e-12	1.1711e-02	9.3308e-01	5.5212e-02	1.9616e-07	1.7527e-01	8.2362e-01	1.1045e-03	1.1755e-36	1.1755e-36	1.1755e-36	1.1202e-19	0.00e+00	0.00e+00	4.9080e+00
2.53570e+16	6.4276e+03	9.281e-19	5.9948e+02	5.2010e+02	2.1543e-10	1.7198e-01	8.2802e-01	5.4660e-01	4.5338e-01	2.1207e-05	5.8946e-12	1.1751e-02	9.4057e-01	4.7674e-02	1.3542e-07	2.0630e-01	7.9289e-01	8.0915e-04	1.1755e-36	1.1755e-36	1.1755e-36	1.9697e-19	0.00e+00	0.00e+00	5.4629e+00
2.61824e+16	6.4474e+03	8.969e-19	5.9948e+02	4.9905e+02	3.1171e-10	2.0345e-01	7.9655e-01	5.8909e-01	4.1089e-01	1.8442e-05	9.1908e-12	1.1691e-02	9.4726e-01	4.1050e-02	1.1755e-36	2.4236e-01	7.5705e-01	5.8850e-04	1.1755e-36	1.1755e-36	1.1755e-36	3.5120e-19	0.00e+00	0.00e+00	6.0777e+00
2.69468e+16	6.4428e+03	8.541e-19	5.9948e+02	4.7515e+02	4.6198e-10	2.4013e-01	7.5987e-01	6.3004e-01	3.6994e-01	1.6079e-05	1.4379e-11	1.1489e-02	9.5318e-01	3.5334e-02	1.1755e-36	2.8372e-01	7.1585e-01	4.2465e-04	1.1755e-36	1.1755e-36	1.1755e-36	6.2971e-19	0.00e+00	0.00e+00	6.7417e+00
2.76024e+16	6.4137e+03	8.036e-19	5.9948e+02	4.5004e+02	6.7953e-10	2.7890e-01	7.2110e-01	6.6519e-01	3.3479e-01	1.4287e-05	2.1698e-11	1.1169e-02	9.5801e-01	3.0824e-02	1.1755e-36	3.2668e-01	6.7300e-01	3.1254e-04	1.1755e-36	1.1755e-36	1.1755e-36	1.0814e-18	0.00e+00	0.00e+00	7.3548e+00
2.81010e+16	6.3691e+03	7.554e-19	5.9948e+02	4.2768e+02	9.4536e-10	3.1372e-01	6.8628e-01	6.9136e-01	3.0862e-01	1.3079e-05	3.0164e-11	1.0818e-02	9.6153e-01	2.7654e-02	1.1755e-36	3.6462e-01	6.3514e-01	2.4315e-04	1.1755e-36	1.1755e-36	1.1755e-36	1.6745e-18	0.00e+00	0.00e+00	7.8493e+00
2.84685e+16	6.3196e+03	7.145e-19	5.9948e+02	4.0948e+02	1.2335e-09	3.4245e-01	6.5755e-01	7.1035e-01	2.8964e-01	1.2251e-05	3.8768e-11	1.0501e-02	9.6405e-01	2.5447e-02	1.1755e-36	3.9546e-01	6.0434e-01	2.0000e-04	1.1755e-36	1.1755e-36	1.1755e-36	2.3417e-18	0.00e+00	0.00e+00	8.2622e+00
2.87710e+16	6.2659e+03	6.775e-19	5.9948e+02	3.9340e+02	1.5600e-09	3.6800e-01	6.3200e-01	7.2573e-01	2.7426e-01	1.1610e-05	4.7859e-11	1.0201e-02	9.6610e-01	2.3698e-02	1.1755e-36	4.2256e-01	5.7727e-01	1.6910e-04	1.1755e-36	1.1755e-36	1.1755e-36	3.1078e-18	0.00e+00	0.00e+00	8.6614e+00
2.90546e+16	6.2044e+03	6.403e-19	5.9948e+02	3.7737e+02	1.9707e-09	3.9348e-01	6.0652e-01	7.3991e-01	2.6008e-01	1.1039e-05	5.8471e-11	9.8873e-03	9.6799e-01	2.2127e-02	1.1755e-36	4.4929e-01	5.5057e-01	1.4370e-04	1.1755e-36	1.1755e-36	1.1755e-36	4.0735e-18	0.00e+00	0.00e+00	9.0792e+00
2.93270e+16	6.1343e+03	6.026e-19	5.9948e+02	3.6114e+02	2.5009e-09	4.1939e-01	5.8061e-01	7.5311e-01	2.4688e-01	1.0529e-05	7.1040e-11	9.5556e-03	9.6975e-01	2.0694e-02	1.1755e-36	4.7614e-01	5.2374e-01	1.2235e-04	1.1755e-36	1.1755e-36	1.1755e-36	5.3133e-18	0.00e+00	0.00e+00	9.4986e+00
2.95766e+16	6.0593e+03	5.666e-19	5.9948e+02	3.4556e+02	3.1538e-09	4.4434e-01	5.5566e-01	7.6470e-01	2.3529e-01	1.0106e-05	8.5069e-11	9.2259e-03	9.7132e-01	1.9450e-02	1.1755e-36	5.0171e-01	4.9819e-01	1.0516e-04	1.1755e-36	1.1755e-36	1.1755e-36	6.8176e-18	0.00e+00	0.00e+00	9.8941e+00
2.97985e+16	5.9831e+03	5.337e-19	5.9948e+02	3.3119e+02	3.9230e-09	4.6742e-01	5.3258e-01	7.7464e-01	2.2535e-01	9.7595e-06	1.0000e-10	8.9139e-03	9.7269e-01	1.8392e-02	1.1755e-36	5.2510e-01	4.7481e-01	9.1618e-05	1.1755e-36	1.1755e-36	1.1755e-36	8.5522e-18	0.00e+00	0.00e+00	1.0263e+01
2.99989e+16	5.9055e+03	5.034e-19	5.9948e+02	3.1783e+02	4.8322e-09	4.8893e-01	5.1107e-01	7.8338e-01	2.1661e-01	9.4652e-06	1.1589e-10	8.6175e-03	9.7391e-01	1.7470e-02	1.1755e-36	5.4670e-01	4.5322e-01	8.0655e-05	1.1755e-36	1.1755e-36	1.1755e-36	1.0546e-17	0.00e+00	0.00e+00	1.0619e+01
3.01866e+16	5.8252e+03	4.747e-19	5.9948e+02	3.0503e+02	5.9339e-09	5.0956e-01	4.9044e-01	7.9132e-01	2.0867e-01	9.2070e-06	1.3320e-10	8.3284e-03	9.7503e-01	1.6637e-02	1.1755e-36	5.6722e-01	4.3271e-01	7.1415e-05	1.1755e-36	1.1755e-36	1.1755e-36	1.2893e-17	0.00e+00	0.00e+00	1.0972e+01
3.03653e+16	5.7415e+03	4.474e-19	5.9948e+02	2.9262e+02	7.2877e-09	5.2957e-01	4.7043e-01	7.9864e-01	2.0135e-01	8.9781e-06	1.5225e-10	8.0440e-03	9.7608e-01	1.5874e-02	1.1755e-36	5.8695e-01	4.1299e-01	6.3480e-05	1.1755e-36	1.1755e-36	1.1755e-36	1.5694e-17	0.00e+00	0.00e+00	1.1322e+01
3.05091e+16	5.6703e+03	4.259e-19	5.9948e+02	2.8265e+02	8.6441e-09	5.4578e-01	4.5422e-01	8.0401e-01	1.9598e-01	8.8237e-06	1.6944e-10	7.8123e-03	9.7687e-01	1.5314e-02	1.1755e-36	6.0280e-01	3.9714e-01	5.7797e-05	1.1755e-36	1.1755e-36	1.1755e-36	1.8450e-17	0.00e+00	0.00e+00	1.1555e+01
3.06105e+16	5.6086e+03	4.110e-19	5.9948e+02	2.7579e+02	9.9128e-09	5.5786e-01	4.4214e-01	8.0804e-01	1.9195e-01	8.6909e-06	1.8395e-10	7.6546e-03	9.7745e-01	1.4892e-02	1.1755e-36	6.1454e-01	3.8540e-01	5.3937e-05	1.1755e-36	1.1755e-36	1.1755e-36	2.0940e-17	0.00e+00	0.00e+00	1.1745e+01
3.07023e+16	5.5682e+03	3.966e-19	5.9948e+02	2.6894e+02	1.0985e-08	5.6779e-01	4.3221e-01	8.1127e-01	1.8872e-01	8.6212e-06	1.9604e-10	7.4892e-03	9.7795e-01	1.4557e-02	1.1755e-36	6.2414e-01	3.7581e-01	5.0745e-05	1.1755e-36	1.1755e-36	1.1755e-36	2.3095e-17	0.00e+00	0.00e+00	1.1947e+01
3.07975e+16	5.5054e+03	3.826e-19	5.9948e+02	2.6218e+02	1.2580e-08	5.7906e-01	4.2094e-01	8.1503e-01	1.8496e-01	8.5016e-06	2.1172e-10	7.3314e-03	9.7849e-01	1.4174e-02	1.1755e-36	6.3500e-01	3.6496e-01	4.7507e-05	1.1755e-36	1.1755e-36	1.1755e-36	2.6071e-17	0.00e+00	0.00e+00	1.2158e+01
3.08837e+16	5.4574e+03	3.699e-19	5.9948e+02	2.5610e+02	1.4063e-08	5.8884e-01	4.1116e-01	8.1805e-01	1.8194e-01	8.4236e-06	2.2610e-10	7.1855e-03	9.7895e-01	1.3864e-02	1.1755e-36	6.4437e-01	3.5559e-01	4.4818e-05	1.1755e-36	1.1755e-36	1.1755e-36	2.8977e-17	0.00e+00	0.00e+00	1.2327e+01
3.09577e+16	5.4070e+03	3.592e-19	5.9948e+02	2.5089e+02	1.5684e-08	5.9761e-01	4.0239e-01	8.2081e-01	1.7918e-01	8.3409e-06	2.4033e-10	7.0618e-03	9.7936e-01	1.3581e-02	1.1755e-36	6.5275e-01	3.4721e-01	4.2556e-05	1.1755e-36	1.1755e-36	1.1755e-36	3.2021e-17	0.00e+00	0.00e+00	1.2490e+01
3.10286e+16	5.3637e+03	3.488e-19	5.9948e+02	2.4574e+02	1.7291e-08	6.0564e-01	3.9436e-01	8.2330e-01	1.7669e-01	8.2781e-06	2.5393e-10	6.9376e-03	9.7973e-01	1.3330e-02	1.1755e-36	6.6040e-01	3.3956e-01	4.0526e-05	1.1755e-36	1.1755e-36	1.1755e-36	3.5067e-17	0.00e+00	0.00e+00	1.2650e+01
3.11010e+16	5.3089e+03	3.385e-19	5.9948e+02	2.4071e+02	1.9427e-08	6.1444e-01	3.8556e-01	8.2606e-01	1.7393e-01	8.1893e-06	2.7071e-10	6.8182e-03	9.8013e-01	1.3050e-02	1.1755e-36	6.6873e-01	3.3123e-01	3.8469e-05	1.1755e-36	1.1755e-36	1.1755e-36	3.9076e-17	0.00e+00	0.00e+00	1.2825e+01
3.11726e+16	5.2655e+03	3.282e-19	5.9948e+02	2.3546e+02	2.1450e-08	6.2238e-01	3.7762e-01	8.2832e-01	1.7167e-01	8.1455e-06	2.8602e-10	6.6897e-03	9.8049e-01	1.2816e-02	1.1755e-36	6.7622e-01	3.2375e-01	3.6625e-05	1.1755e-36	1.1755e-36	1.1755e-36	4.2954e-17	0.00e+00	0.00e+00	1.2985e+01
3.12429e+16	5.2120e+03	3.184e-19	5.9948e+02	2.3041e+02	2.4041e-08	6.3062e-01	3.6938e-01	8.3080e-01	1.6919e-01	8.0772e-06	3.0400e-10	6.5680e-03	9.8087e-01	1.2565e-02	1.1755e-36	6.8398e-01	3.1599e-01	3.4836e-05	1.1755e-36	1.1755e-36	1.1755e-36	4.7800e-17	0.00e+00	0.00e+00	1.3158e+01
3.13127e+16	5.1602e+03	3.088e-19	5.9948e+02	2.2557e+02	2.6916e-08	6.3880e-01	3.6120e-01	8.3320e-01	1.6679e-01	8.0103e-06	3.2353e-10	6.4508e-03	9.8123e-01	1.2324e-02	1.1755e-36	6.9165e-01	3.0831e-01	3.3141e-05	1.1755e-36	1.1755e-36	1.1755e-36	5.3420e-17	0.00e+00	0.00e+00	1.3321e+01
3.13776e+16	5.1153e+03	2.999e-19	5.9948e+02	2.2091e+02	2.9751e-08	6.4607e-01	3.5393e-01	8.3526e-01	1.6473e-01	7.9667e-06	3.4181e-10	6.3364e-03	9.8155e-01	1.2116e-02	1.1755e-36	6.9846e-01	3.0151e-01	3.1661e-05	1.1755e-36	1.1755e-36	1.1755e-36	5.9030e-17	0.00e+00	0.00e+00	1.3474e+01
3.14421e+16	5.0602e+03	2.913e-19	5.9948e+02	2.1643e+02	3.3443e-08	6.5377e-01	3.4623e-01	8.3753e-01	1.6246e-01	7.8979e-06	3.6404e-10	6.2285e-03	9.8188e-01	1.1891e-02	1.1755e-36	7.0562e-01	2.9435e-01	3.0205e-05	1.1755e-36	1.1755e-36	1.1755e-36	6.6350e-17	0.00e+00	0.00e+00	1.3637e+01
3.15049e+16	5.0165e+03	2.829e-19	5.9948e+02	2.1193e+02	3.6913e-08	6.6064e-01	3.3936e-01	8.3937e-01	1.6062e-01	7.8665e-06	3.8443e-10	6.1165e-03	9.8218e-01	1.1702e-02	1.1755e-36	7.1200e-01	2.8797e-01	2.8905e-05	1.1755e-36	1.1755e-36	1.1755e-36	7.3529e-17	0.00e+00	0.00e+00	1.3787e+01
3.15666e+16	4.9619e+03	2.748e-19	5.9948e+02	2.0756e+02	4.1440e-08	6.6781e-01	3.3219e-01	8.4144e-01	1.5856e-01	7.8104e-06	4.0817e-10	6.0106e-03	9.8250e-01	1.1488e-02	1.1755e-36	7.1864e-01	2.8133e-01	2.7637e-05	1.1755e-36	1.1755e-36	1.1755e-36	8.2245e-17	0.00e+00	0.00e+00	1.3948e+01
3.16274e+16	4.9095e+03	2.671e-19	5.9948e+02	2.0341e+02	4.6417e-08	6.7486e-01	3.2514e-01	8.4342e-01	1.5657e-01	7.7554e-06	4.3324e-10	5.9098e-03	9.8281e-01	1.1279e-02	1.1755e-36	7.2516e-01	2.7481e-01	2.6437e-05	1.1755e-36	1.1755e-36	1.1755e-36	9.1970e-17	0.00e+00	0.00e+00	1.4096e+01
3.16837e+16	4.8653e+03	2.600e-19	5.9948e+02	1.9945e+02	5.1207e-08	6.8100e-01	3.1900e-01	8.4507e-01	1.5493e-01	7.7243e-06	4.5605e-10	5.8116e-03	9.8309e-01	1.1101e-02	1.1755e-36	7.3082e-01	2.6915e-01	2.5398e-05	1.1755e-36	1.1755e-36	1.1755e-36	1.0142e-16	0.00e+00	0.00e+00	1.4236e+01
3.17398e+16	4.8094e+03	2.530e-19	5.9948e+02	1.9563e+02	5.7683e-08	6.8767e-01	3.1233e-01	8.4700e-01	1.5299e-01	7.6628e-06	4.8467e-10	5.7199e-03	9.8338e-01	1.0899e-02	1.1755e-36	7.3694e-01	2.6304e-01	2.4353e-05	1.1755e-36	1.1755e-36	1.1755e-36	1.1409e-16	0.00e+00	0.00e+00	1.4387e+01
3.17946e+16	4.7683e+03	2.462e-19	5.9948e+02	1.9180e+02	6.3382e-08	6.9344e-01	3.0656e-01	8.4847e-01	1.5153e-01	7.6438e-06	5.0948e-10	5.6237e-03	9.8364e-01	1.0738e-02	1.1755e-36	7.4222e-01	2.5776e-01	2.3428e-05	1.1755e-36	1.1755e-36	1.1755e-36	1.2584e-16	0.00e+00	0.00e+00	1.4523e+01
3.18492e+16	4.7173e+03	2.396e-19	5.9948e+02	1.8801e+02	7.0896e-08	6.9954e-01	3.0046e-01	8.5016e-01	1.4983e-01	7.6022e-06	5.3956e-10	5.5309e-03	9.8391e-01	1.0557e-02	1.1755e-36	7.4780e-01	2.5218e-01	2.2505e-05	1.1755e-36	1.1755e-36	1.1755e-36	1.4108e-16	0.00e+00	0.00e+00	1.4675e+01
3.19050e+16	4.6663e+03	2.330e-19	5.9948e+02	1.8422e+02	7.9449e-08	7.0568e-01	2.9432e-01	8.5181e-01	1.4819e-01	7.5645e-06	5.7248e-10	5.4377e-03	9.8418e-01	1.0381e-02	1.1755e-36	7.5339e-01	2.4659e-01	2.1606e-05	1.1755e-36	1.1755e-36	1.1755e-36	1.5901e-16	0.00e+00	0.00e+00	1.4820e+01
3.19573e+16	4.6164e+03	2.269e-19	5.9948e+02	1.8070e+02	8.8828e-08	7.1144e-01	2.8856e-01	8.5335e-01	1.4664e-01	7.5270e-06	6.0665e-10	5.3516e-03	9.8443e-01	1.0217e-02	1.1755e-36	7.5863e-01	2.4135e-01	2.0793e-05	1.1755e-36	1.1755e-36	1.1755e-36	1.7907e-16	0.00e+00	0.00e+00	1.4955e+01
3.20063e+16	4.5642e+03	2.214e-19	5.9948e+02	1.7741e+02	9.9693e-08	7.1696e-01	2.8304e-01	8.5487e-01	1.4513e-01	7.4840e-06	6.4352e-10	5.2724e-03	9.8467e-01	1.0057e-02	1.1755e-36	7.6364e-01	2.3634e-01	2.0049e-05	1.1755e-36	1.1755e-36	1.1755e-36	2.0248e-16	0.00e+00	0.00e+00	1.5085e+01
3.20520e+16	4.5236e+03	2.163e-19	5.9948e+02	1.7441e+02	1.0957e-07	7.2180e-01	2.7820e-01	8.5614e-01	1.4385e-01	7.4576e-06	6.7733e-10	5.1980e-03	9.8488e-01	9.9205e-03	1.1755e-36	7.6803e-01	2.3195e-01	1.9387e-05	1.1755e-36	1.1755e-36	1.1755e-36	2.2527e-16	0.00e+00	0.00e+00	1.5204e+01
3.20982e+16	4.4731e+03	2.111e-19	5.9948e+02	1.7129e+02	1.2275e-07	7.2692e-01	2.7308e-01	8.5756e-01	1.4243e-01	7.4184e-06	7.1832e-10	5.1226e-03	9.8511e-01	9.7718e-03	1.1755e-36	7.7265e-01	2.2733e-01	1.8728e-05	1.1755e-36	1.1755e-36	1.1755e-36	2.5519e-16	0.00e+00	0.00e+00	1.5338e+01
3.21451e+16	4.4249e+03	2.060e-19	5.9948e+02	1.6829e+02	1.3721e-07	7.3206e-01	2.6794e-01	8.5896e-01	1.4103e-01	7.3788e-06	7.6308e-10	5.0499e-03	9.8532e-01	9.6256e-03	1.1755e-36	7.7728e-01	2.2270e-01	1.8080e-05	1.1755e-36	1.1755e-36	1.1755e-36	2.9016e-16	0.00e+00	0.00e+00	1.5463e+01
3.21891e+16	4.3834e+03	2.013e-19	5.9948e+02	1.6538e+02	1.5135e-07	7.3658e-01	2.6342e-01	8.6013e-01	1.3986e-01	7.3579e-06	8.0503e-10	4.9780e-03	9.8552e-01	9.4997e-03	1.1755e-36	7.8135e-01	2.1863e-01	1.7507e-05	1.1755e-36	1.1755e-36	1.1755e-36	3.2550e-16	0.00e+00	0.00e+00	1.5583e+01
3.22335e+16	4.3349e+03	1.966e-19	5.9948e+02	1.6244e+02	1.6942e-07	7.4133e-01	2.5867e-01	8.6142e-01	1.3857e-01	7.3249e-06	8.5545e-10	4.9071e-03	9.8573e-01	9.3638e-03	1.1755e-36	7.8561e-01	2.1437e-01	1.6933e-05	1.1755e-36	1.1755e-36	1.1755e-36	3.7134e-16	0.00e+00	0.00e+00	1.5711e+01
3.22780e+16	4.2874e+03	1.920e-19	5.9948e+02	1.5967e+02	1.8965e-07	7.4612e-01	2.5388e-01	8.6273e-01	1.3726e-01	7.2867e-06	9.1142e-10	4.8403e-03	9.8593e-01	9.2283e-03	1.1755e-36	7.8990e-01	2.1008e-01	1.6371e-05	1.1755e-36	1.1755e-36	1.1755e-36	4.2593e-16	0.00e+00	0.00e+00	1.5833e+01
3.23197e+16	4.2443e+03	1.877e-19	5.9948e+02	1.5697e+02	2.1026e-07	7.5037e-01	2.4963e-01	8.6383e-01	1.3616e-01	7.2644e-06	9.6558e-10	4.7744e-03	9.8612e-01	9.1104e-03	1.1755e-36	7.9371e-01	2.0628e-01	1.5875e-05	1.1755e-36	1.1755e-36	1.1755e-36	4.8327e-16	0.00e+00	0.00e+00	1.5948e+01
3.23605e+16	4.2017e+03	1.836e-19	5.9948e+02	1.5439e+02	2.3313e-07	7.5457e-01	2.4543e-01	8.6496e-01	1.3503e-01	7.2374e-06	1.0246e-09	4.7118e-03	9.8630e-01	8.9923e-03	1.1755e-36	7.9746e-01	2.0253e-01	1.5395e-05	1.1755e-36	1.1755e-36	1.1755e-36	5.5011e-16	0.00e+00	0.00e+00	1.6065e+01
3.24021e+16	4.1555e+03	1.795e-19	5.9948e+02	1.5176e+02	2.6072e-07	7.5888e-01	2.4112e-01	8.6613e-01	1.3386e-01	7.2070e-06	1.0926e-09	4.6487e-03	9.8648e-01	8.8714e-03	1.1755e-36	8.0129e-01	1.9870e-01	1.4919e-05	1.1755e-36	1.1755e-36	1.1755e-36	6.3359e-16	0.00e+00	0.00e+00	1.6186e+01
3.24429e+16	4.1093e+03	1.756e-19	5.9948e+02	1.4924e+02	2.9183e-07	7.6312e-01	2.3688e-01	8.6728e-01	1.3271e-01	7.1742e-06	1.1673e-09	4.5888e-03	9.8666e-01	8.7526e-03	1.1755e-36	8.0507e-01	1.9491e-01	1.4462e-05	1.1755e-36	1.1755e-36	1.1755e-36	7.3265e-16	0.00e+00	0.00e+00	1.6300e+01
3.24813e+16	4.0724e+03	1.719e-19	5.9948e+02	1.4683e+02	3.2017e-07	7.6678e-01	2.3322e-01	8.6819e-01	1.3180e-01	7.1631e-06	1.2347e-09	4.5292e-03	9.8682e-01	8.6537e-03	1.1755e-36	8.0833e-01	1.9165e-01	1.4057e-05	1.1755e-36	1.1755e-36	1.1755e-36	8.2872e-16	0.00e+00	0.00e+00	1.6408e+01
3.25209e+16	4.0275e+03	1.680e-19	5.9948e+02	1.4432e+02	3.5785e-07	7.7079e-01	2.2921e-01	8.6925e-01	1.3074e-01	7.1387e-06	1.3199e-09	4.4690e-03	9.8699e-01	8.5427e-03	1.1755e-36	8.1188e-01	1.8811e-01	1.3638e-05	1.1755e-36	1.1755e-36	1.1755e-36	9.6009e-16	0.00e+00	0.00e+00	1.6531e+01
3.25619e+16	3.9820e+03	1.642e-19	5.9948e+02	1.4177e+02	4.0109e-07	7.7492e-01	2.2508e-01	8.7029e-01	1.2970e-01	7.1176e-06	1.4161e-09	4.4081e-03	9.8716e-01	8.4334e-03	1.1755e-36	8.1553e-01	1.8446e-01	1.3216e-05	1.1755e-36	1.1755e-36	1.1755e-36	1.1208e-15	0.00e+00	0.00e+00	1.6648e+01
###########################
7.60624e+12	6.6936e+03	1.083e-18	5.9948e+02	6.3039e+02	2.8272e-12	2.6019e-02	9.7398e-01	1.2770e-01	8.7210e-01	1.9970e-04	5.5422e-14	5.4060e-03	7.2561e-01	2.6897e-01	9.5492e-06	3.1020e-02	9.4714e-01	2.1838e-02	3.4656e-07	1.1755e-36	1.1755e-36	5.2193e-22	0.00e+00	0.00e+00	1.4985e-03
4.56374e+13	6.6827e+03	1.080e-18	5.9948e+02	6.2944e+02	2.8435e-12	2.5974e-02	9.7403e-01	1.2771e-01	8.7209e-01	1.9957e-04	5.5137e-14	5.3836e-03	7.2566e-01	2.6894e-01	9.5645e-06	3.0968e-02	9.4716e-01	2.1867e-02	3.4648e-07	1.1755e-36	1.1755e-36	5.1693e-22	0.00e+00	0.00e+00	7.4820e-03
1.97762e+14	6.6675e+03	1.073e-18	5.9948e+02	6.2909e+02	2.8810e-12	2.5974e-02	9.7403e-01	1.2825e-01	8.7156e-01	1.9793e-04	5.5210e-14	5.3857e-03	7.2668e-01	2.6793e-01	9.4827e-06	3.0979e-02	9.4725e-01	2.1770e-02	3.4049e-07	1.1755e-36	1.1755e-36	5.1551e-22	0.00e+00	0.00e+00	3.1416e-02
8.06261e+14	6.6086e+03	1.057e-18	5.9948e+02	6.2873e+02	3.1170e-12	2.6327e-02	9.7367e-01	1.3123e-01	8.6859e-01	1.8981e-04	5.7300e-14	5.4648e-03	7.3188e-01	2.6265e-01	9.0438e-06	3.1449e-02	9.4743e-01	2.1126e-02	3.1019e-07	1.1755e-36	1.1755e-36	5.3319e-22	0.00e+00	0.00e+00	1.2845e-01
1.92590e+15	6.4163e+03	1.006e-18	5.9948e+02	6.2873e+02	3.5893e-12	2.6022e-02	9.7398e-01	1.3466e-01	8.6516e-01	1.8040e-04	5.6376e-14	5.4798e-03	7.3835e-01	2.5616e-01	8.6430e-06	3.1165e-02	9.4809e-01	2.0741e-02	2.8470e-07	1.1755e-36	1.1755e-36	5.0009e-22	0.00e+00	0.00e+00	2.5314e-01
3.10402e+15	6.2456e+03	9.656e-19	5.9948e+02	6.2863e+02	4.1448e-12	2.5906e-02	9.7409e-01	1.3828e-01	8.6155e-01	1.7077e-04	5.6217e-14	5.5181e-03	7.4484e-01	2.4963e-01	8.2073e-06	3.1105e-02	9.4868e-01	2.0215e-02	2.5819e-07	1.1755e-36	1.1755e-36	4.7953e-22	0.00e+00	0.00e+00	3.6010e-01
4.18296e+15	6.1413e+03	9.435e-19	5.9948e+02	6.2816e+02	4.7246e-12	2.6319e-02	9.7368e-01	1.4271e-01	8.5713e-01	1.6051e-04	5.8613e-14	5.6232e-03	7.5193e-01	2.4244e-01	7.6684e-06	3.1672e-02	9.4897e-01	1.9356e-02	2.2672e-07	1.1755e-36	1.1755e-36	4.9418e-22	0.00e+00	0.00e+00	4.6645e-01
5.41034e+15	6.0642e+03	9.299e-19	5.9948e+02	6.2742e+02	5.5099e-12	2.7323e-02	9.7268e-01	1.4935e-01	8.5051e-01	1.4767e-04	6.4299e-14	5.8172e-03	7.6150e-01	2.3268e-01	6.9337e-06	3.2963e-02	9.4899e-01	1.8044e-02	1.8729e-07	1.1755e-36	1.1755e-36	5.4698e-22	0.00e+00	0.00e+00	6.0997e-01
7.00595e+15	5.9882e+03	9.182e-19	5.9948e+02	6.2601e+02	6.7414e-12	2.9003e-02	9.7100e-01	1.5926e-01	8.4060e-01	1.3174e-04	7.4336e-14	6.1127e-03	7.7450e-01	2.1938e-01	5.9965e-06	3.5097e-02	9.4865e-01	1.6257e-02	1.4269e-07	1.1755e-36	1.1755e-36	6.4795e-22	0.00e+00	0.00e+00	8.0802e-01
9.08023e+15	5.9198e+03	9.116e-19	5.9948e+02	6.2426e+02	8.8413e-12	3.1899e-02	9.6810e-01	1.7485e-01	8.2504e-01	1.1256e-04	9.3572e-14	6.5726e-03	7.9237e-01	2.0105e-01	4.8350e-06	3.8741e-02	9.4737e-01	1.3887e-02	1.1755e-36	1.1755e-36	1.1755e-36	8.5889e-22	0.00e+00	0.00e+00	1.0912e+00
1.14888e+16	5.8831e+03	9.083e-19	5.9948e+02	6.2029e+02	1.2023e-11	3.6207e-02	9.6379e-01	1.9627e-01	8.0363e-01	9.3486e-05	1.2657e-13	7.1778e-03	8.1309e-01	1.7973e-01	3.6691e-06	4.4126e-02	9.4460e-01	1.1275e-02	1.1755e-36	1.1755e-36	1.1755e-36	1.2574e-21	0.00e+00	0.00e+00	1.4301e+00
1.38490e+16	5.8916e+03	9.131e-19	5.9948e+02	6.1499e+02	1.6449e-11	4.2108e-02	9.5789e-01	2.2297e-01	7.7695e-01	7.7134e-05	1.8123e-13	7.8791e-03	8.3412e-01	1.5800e-01	2.6719e-06	5.1449e-02	9.3972e-01	8.8359e-03	1.1755e-36	1.1755e-36	1.1755e-36	2.0027e-21	0.00e+00	0.00e+00	1.7884e+00
1.59702e+16	5.9430e+03	9.228e-19	5.9948e+02	6.0853e+02	2.2183e-11	4.9612e-02	9.5039e-01	2.5388e-01	7.4605e-01	6.4195e-05	2.6802e-13	8.6089e-03	8.5372e-01	1.3767e-01	1.9030e-06	6.0702e-02	9.3252e-01	6.7802e-03	1.1755e-36	1.1755e-36	1.1755e-36	3.3552e-21	0.00e+00	0.00e+00	2.1630e+00
1.78614e+16	6.0067e+03	9.365e-19	5.9948e+02	6.0146e+02	3.0329e-11	5.9119e-02	9.4088e-01	2.8937e-01	7.1058e-01	5.3735e-05	4.0874e-13	9.3468e-03	8.7181e-01	1.1884e-01	1.3245e-06	7.2355e-02	9.2254e-01	5.1077e-03	1.1755e-36	1.1755e-36	1.1755e-36	5.8696e-21	0.00e+00	0.00e+00	2.5632e+00
1.95370e+16	6.0888e+03	9.481e-19	5.9948e+02	5.9204e+02	4.1214e-11	7.0717e-02	9.2928e-01	3.2829e-01	6.7166e-01	4.5332e-05	6.3049e-13	1.0019e-02	8.8775e-01	1.0223e-01	9.1220e-07	8.6478e-02	9.0972e-01	3.8041e-03	1.1755e-36	1.1755e-36	1.1755e-36	1.0432e-20	0.00e+00	0.00e+00	2.9816e+00
2.10072e+16	6.1729e+03	9.581e-19	5.9948e+02	5.8203e+02	5.6473e-11	8.4842e-02	9.1516e-01	3.7008e-01	6.2988e-01	3.8586e-05	9.8547e-13	1.0622e-02	9.0174e-01	8.7636e-02	6.2217e-07	1.0356e-01	8.9363e-01	2.8082e-03	1.1755e-36	1.1755e-36	1.1755e-36	1.8866e-20	0.00e+00	0.00e+00	3.4241e+00
2.22988e+16	6.2542e+03	9.626e-19	5.9948e+02	5.6981e+02	7.7788e-11	1.0168e-01	8.9832e-01	4.1368e-01	5.8629e-01	3.3016e-05	1.5434e-12	1.1108e-02	9.1377e-01	7.5123e-02	4.2363e-07	1.2375e-01	8.7418e-01	2.0646e-03	1.1755e-36	1.1755e-36	1.1755e-36	3.4118e-20	0.00e+00	0.00e+00	3.8881e+00
2.34363e+16	6.3261e+03	9.603e-19	5.9948e+02	5.5568e+02	1.0805e-10	1.2155e-01	8.7845e-01	4.5815e-01	5.4183e-01	2.8389e-05	2.4170e-12	1.1465e-02	9.2408e-01	6.4453e-02	2.8875e-07	1.4737e-01	8.5111e-01	1.5143e-03	1.1755e-36	1.1755e-36	1.1755e-36	6.1520e-20	0.00e+00	0.00e+00	4.3801e+00
2.44509e+16	6.3803e+03	9.517e-19	5.9948e+02	5.4055e+02	1.5314e-10	1.4528e-01	8.5472e-01	5.0319e-01	4.9679e-01	2.4464e-05	3.8168e-12	1.1711e-02	9.3308e-01	5.5213e-02	1.9616e-07	1.7527e-01	8.2362e-01	1.1045e-03	1.1755e-36	1.1755e-36	1.1755e-36	1.1202e-19	0.00e+00	0.00e+00	4.9080e+00
2.53570e+16	6.4276e+03	9.281e-19	5.9948e+02	5.2010e+02	2.1543e-10	1.7198e-01	8.2802e-01	5.4660e-01	4.5338e-01	2.1207e-05	5.8945e-12	1.1751e-02	9.4057e-01	4.7674e-02	1.3542e-07	2.0630e-01	7.9289e-01	8.0915e-04	1.1755e-36	1.1755e-36	1.1755e-36	1.9696e-19	0.00e+00	0.00e+00	5.4629e+00
2.61824e+16	6.4474e+03	8.969e-19	5.9948e+02	4.9905e+02	3.1170e-10	2.0345e-01	7.9655e-01	5.8909e-01	4.1089e-01	1.8442e-05	9.1906e-12	1.1691e-02	9.4726e-01	4.1050e-02	1.1755e-36	2.4236e-01	7.5705e-01	5.8850e-04	1.1755e-36	1.1755e-36	1.1755e-36	3.5119e-19	0.00e+00	0.00e+00	6.0777e+00
2.69468e+16	6.4428e+03	8.541e-19	5.9948e+02	4.7515e+02	4.6197e-10	2.4013e-01	7.5987e-01	6.3004e-01	3.6994e-01	1.6079e-05	1.4379e-11	1.1489e-02	9.5318e-01	3.5334e-02	1.1755e-36	2.8372e-01	7.1585e-01	4.2465e-04	1.1755e-36	1.1755e-36	1.1755e-36	6.2969e-19	0.00e+00	0.00e+00	6.7417e+00
2.76024e+16	6.4138e+03	8.036e-19	5.9948e+02	4.5004e+02	6.7951e-10	2.7890e-01	7.2110e-01	6.6519e-01	3.3479e-01	1.4287e-05	2.1697e-11	1.1169e-02	9.5801e-01	3.0824e-02	1.1755e-36	3.2668e-01	6.7300e-01	3.1255e-04	1.1755e-36	1.1755e-36	1.1755e-36	1.0813e-18	0.00e+00	0.00e+00	7.3548e+00
2.81010e+16	6.3692e+03	7.554e-19	5.9948e+02	4.2768e+02	9.4533e-10	3.1372e-01	6.8628e-01	6.9136e-01	3.0862e-01	1.3079e-05	3.0164e-11	1.0818e-02	9.6153e-01	2.7654e-02	1.1755e-36	3.6462e-01	6.3514e-01	2.4315e-04	1.1755e-36	1.1755e-36	1.1755e-36	1.6744e-18	0.00e+00	0.00e+00	7.8493e+00
2.84685e+16	6.3196e+03	7.145e-19	5.9948e+02	4.0948e+02	1.2335e-09	3.4245e-01	6.5755e-01	7.1035e-01	2.8964e-01	1.2251e-05	3.8767e-11	1.0501e-02	9.6405e-01	2.5447e-02	1.1755e-36	3.9546e-01	6.0434e-01	2.0000e-04	1.1755e-36	1.1755e-36	1.1755e-36	2.3416e-18	0.00e+00	0.00e+00	8.2622e+00
2.87710e+16	6.2660e+03	6.775e-19	5.9948e+02	3.9340e+02	1.5599e-09	3.6800e-01	6.3200e-01	7.2573e-01	2.7426e-01	1.1610e-05	4.7858e-11	1.0201e-02	9.6610e-01	2.3698e-02	1.1755e-36	4.2256e-01	5.7727e-01	1.6910e-04	1.1755e-36	1.1755e-36	1.1755e-36	3.1077e-18	0.00e+00	0.00e+00	8.6614e+00
2.90546e+16	6.2044e+03	6.403e-19	5.9948e+02	3.7737e+02	1.9707e-09	3.9348e-01	6.0652e-01	7.3991e-01	2.6008e-01	1.1039e-05	5.8470e-11	9.8874e-03	9.6799e-01	2.2127e-02	1.1755e-36	4.4929e-01	5.5057e-01	1.4370e-04	1.1755e-36	1.1755e-36	1.1755e-36	4.0733e-18	0.00e+00	0.00e+00	9.0792e+00
2.93270e+16	6.1343e+03	6.026e-19	5.9948e+02	3.6114e+02	2.5008e-09	4.1939e-01	5.8061e-01	7.5311e-01	2.4688e-01	1.0529e-05	7.1038e-11	9.5557e-03	9.6975e-01	2.0694e-02	1.1755e-36	4.7614e-01	5.2374e-01	1.2235e-04	1.1755e-36	1.1755e-36	1.1755e-36	5.3130e-18	0.00e+00	0.00e+00	9.4986e+00
2.95766e+16	6.0593e+03	5.666e-19	5.9948e+02	3.4556e+02	3.1537e-09	4.4434e-01	5.5566e-01	7.6470e-01	2.3529e-01	1.0106e-05	8.5067e-11	9.2260e-03	9.7132e-01	1.9450e-02	1.1755e-36	5.0171e-01	4.9819e-01	1.0516e-04	1.1755e-36	1.1755e-36	1.1755e-36	6.8172e-18	0.00e+00	0.00e+00	9.8941e+00
2.97985e+16	5.9831e+03	5.337e-19	5.9948e+02	3.3119e+02	3.9228e-09	4.6742e-01	5.3258e-01	7.7464e-01	2.2535e-01	9.7595e-06	9.9998e-11	8.9140e-03	9.7269e-01	1.8392e-02	1.1755e-36	5.2510e-01	4.7481e-01	9.1618e-05	1.1755e-36	1.1755e-36	1.1755e-36	8.5518e-18	0.00e+00	0.00e+00	1.0263e+01
2.99989e+16	5.9055e+03	5.034e-19	5.9948e+02	3.1783e+02	4.8321e-09	4.8893e-01	5.1107e-01	7.8338e-01	2.1661e-01	9.4652e-06	1.1589e-10	8.6176e-03	9.7391e-01	1.7470e-02	1.1755e-36	5.4670e-01	4.5322e-01	8.0655e-05	1.1755e-36	1.1755e-36	1.1755e-36	1.0546e-17	0.00e+00	0.00e+00	1.0619e+01
3.01866e+16	5.8252e+03	4.747e-19	5.9948e+02	3.0503e+02	5.9337e-09	5.0956e-01	4.9044e-01	7.9132e-01	2.0867e-01	9.2070e-06	1.3320e-10	8.3285e-03	9.7503e-01	1.6637e-02	1.1755e-36	5.6722e-01	4.3271e-01	7.1415e-05	1.1755e-36	1.1755e-36	1.1755e-36	1.2892e-17	0.00e+00	0.00e+00	1.0972e+01
3.03653e+16	5.7415e+03	4.474e-19	5.9948e+02	2.9262e+02	7.2875e-09	5.2957e-01	4.7043e-01	7.9864e-01	2.0135e-01	8.9781e-06	1.5225e-10	8.0441e-03	9.7608e-01	1.5874e-02	1.1755e-36	5.8695e-01	4.1299e-01	6.3480e-05	1.1755e-36	1.1755e-36	1.1755e-36	1.5693e-17	0.00e+00	0.00e+00	1.1322e+01
3.05091e+16	5.6703e+03	4.259e-19	5.9948e+02	2.8265e+02	8.6439e-09	5.4578e-01	4.5422e-01	8.0401e-01	1.9598e-01	8.8237e-06	1.6944e-10	7.8124e-03	9.7687e-01	1.5314e-02	1.1755e-36	6.0280e-01	3.9714e-01	5.7797e-05	1.1755e-36	1.1755e-36	1.1755e-36	1.8449e-17	0.00e+00	0.00e+00	1.1555e+01
3.06105e+16	5.6086e+03	4.110e-19	5.9948e+02	2.7579e+02	9.9125e-09	5.5786e-01	4.4214e-01	8.0804e-01	1.9195e-01	8.6909e-06	1.8395e-10	7.6547e-03	9.7745e-01	1.4892e-02	1.1755e-36	6.1454e-01	3.8540e-01	5.3937e-05	1.1755e-36	1.1755e-36	1.1755e-36	2.0939e-17	0.00e+00	0.00e+00	1.1745e+01
3.07023e+16	5.5682e+03	3.966e-19	5.9948e+02	2.6894e+02	1.0985e-08	5.6779e-01	4.3221e-01	8.1127e-01	1.8872e-01	8.6212e-06	1.9603e-10	7.4893e-03	9.7795e-01	1.4557e-02	1.1755e-36	6.2414e-01	3.7581e-01	5.0745e-05	1.1755e-36	1.1755e-36	1.1755e-36	2.3094e-17	0.00e+00	0.00e+00	1.1947e+01
3.07975e+16	5.5054e+03	3.826e-19	5.9948e+02	2.6218e+02	1.2580e-08	5.7906e-01	4.2094e-01	8.1503e-01	1.8496e-01	8.5016e-06	2.1172e-10	7.3315e-03	9.7849e-01	1.4174e-02	1.1755e-36	6.3500e-01	3.6496e-01	4.7507e-05	1.1755e-36	1.1755e-36	1.1755e-36	2.6070e-17	0.00e+00	0.00e+00	1.2158e+01
3.08837e+16	5.4574e+03	3.699e-19	5.9948e+02	2.5610e+02	1.4063e-08	5.8884e-01	4.1116e-01	8.1805e-01	1.8194e-01	8.4236e-06	2.2609e-10	7.1856e-03	9.7895e-01	1.3864e-02	1.1755e-36	6.4437e-01	3.5559e-01	4.4818e-05	1.1755e-36	1.1755e-36	1.1755e-36	2.8975e-17	0.00e+00	0.00e+00	1.2327e+01
3.09577e+16	5.4070e+03	3.592e-19	5.9948e+02	2.5089e+02	1.5683e-08	5.9761e-01	4.0239e-01	8.2081e-01	1.7918e-01	8.3409e-06	2.4032e-10	7.0618e-03	9.7936e-01	1.3581e-02	1.1755e-36	6.5275e-01	3.4721e-01	4.2556e-05	1.1755e-36	1.1755e-36	1.1755e-36	3.2018e-17	0.00e+00	0.00e+00	1.2490e+01
3.10286e+16	5.3661e+03	3.488e-19	5.9948e+02	2.4576e+02	1.7237e-08	6.0560e-01	3.9440e-01	8.2327e-01	1.7672e-01	8.2812e-06	2.5377e-10	6.9376e-03	9.7973e-01	1.3332e-02	1.1755e-36	6.6034e-01	3.3962e-01	4.0530e-05	1.1755e-36	1.1755e-36	1.1755e-36	3.5028e-17	0.00e+00	0.00e+00	1.2650e+01
3.11022e+16	5.3110e+03	3.382e-19	5.9948e+02	2.4046e+02	1.9367e-08	6.1433e-01	3.8567e-01	8.2598e-01	1.7401e-01	8.2020e-06	2.7012e-10	6.8113e-03	9.8013e-01	1.3056e-02	1.1755e-36	6.6862e-01	3.3134e-01	3.8466e-05	1.1755e-36	1.1755e-36	1.1755e-36	3.8927e-17	0.00e+00	0.00e+00	1.2830e+01
3.11760e+16	5.2585e+03	3.279e-19	5.9948e+02	2.3533e+02	2.1715e-08	6.2305e-01	3.7695e-01	8.2860e-01	1.7140e-01	8.1266e-06	2.8784e-10	6.6879e-03	9.8052e-01	1.2791e-02	1.1755e-36	6.7686e-01	3.2311e-01	3.6504e-05	1.1755e-36	1.1755e-36	1.1755e-36	4.3433e-17	0.00e+00	0.00e+00	1.2996e+01
3.12437e+16	5.2180e+03	3.182e-19	5.9948e+02	2.3043e+02	2.3847e-08	6.3051e-01	3.6949e-01	8.3071e-01	1.6929e-01	8.0873e-06	3.0343e-10	6.5669e-03	9.8086e-01	1.2573e-02	1.1755e-36	6.8387e-01	3.1609e-01	3.4837e-05	1.1755e-36	1.1755e-36	1.1755e-36	4.7623e-17	0.00e+00	0.00e+00	1.3151e+01
3.13126e+16	5.1608e+03	3.087e-19	5.9948e+02	2.2546e+02	2.6878e-08	6.3869e-01	3.6131e-01	8.3317e-01	1.6682e-01	8.0155e-06	3.2306e-10	6.4478e-03	9.8123e-01	1.2326e-02	1.1755e-36	6.9155e-01	3.0842e-01	3.3148e-05	1.1755e-36	1.1755e-36	1.1755e-36	5.3278e-17	0.00e+00	0.00e+00	1.3327e+01
3.13813e+16	5.1084e+03	2.995e-19	5.9948e+02	2.2072e+02	3.0128e-08	6.4672e-01	3.5328e-01	8.3549e-01	1.6451e-01	7.9520e-06	3.4398e-10	6.3328e-03	9.8157e-01	1.2094e-02	1.1755e-36	6.9905e-01	3.0092e-01	3.1558e-05	1.1755e-36	1.1755e-36	1.1755e-36	5.9731e-17	0.00e+00	0.00e+00	1.3485e+01
3.14435e+16	5.0676e+03	2.910e-19	5.9948e+02	2.1627e+02	3.3077e-08	6.5354e-01	3.4646e-01	8.3735e-01	1.6264e-01	7.9192e-06	3.6243e-10	6.2223e-03	9.8187e-01	1.1904e-02	1.1755e-36	7.0540e-01	2.9457e-01	3.0214e-05	1.1755e-36	1.1755e-36	1.1755e-36	6.5780e-17	0.00e+00	0.00e+00	1.3633e+01
3.15070e+16	5.0110e+03	2.826e-19	5.9948e+02	2.1175e+02	3.7262e-08	6.6101e-01	3.3899e-01	8.3954e-01	1.6045e-01	7.8566e-06	3.8598e-10	6.1131e-03	9.8220e-01	1.1688e-02	1.1755e-36	7.1234e-01	2.8763e-01	2.8846e-05	1.1755e-36	1.1755e-36	1.1755e-36	7.4105e-17	0.00e+00	0.00e+00	1.3801e+01
3.15704e+16	4.9578e+03	2.744e-19	5.9948e+02	2.0742e+02	4.1801e-08	6.6838e-01	3.3162e-01	8.4162e-01	1.5838e-01	7.7995e-06	4.1038e-10	6.0077e-03	9.8252e-01	1.1471e-02	1.1755e-36	7.1917e-01	2.8080e-01	2.7550e-05	1.1755e-36	1.1755e-36	1.1755e-36	8.3062e-17	0.00e+00	0.00e+00	1.3952e+01
3.16278e+16	4.9154e+03	2.670e-19	5.9948e+02	2.0336e+02	4.5973e-08	6.7461e-01	3.2539e-01	8.4328e-01	1.5671e-01	7.7704e-06	4.3156e-10	5.9068e-03	9.8280e-01	1.1290e-02	1.1755e-36	7.2493e-01	2.7504e-01	2.6453e-05	1.1755e-36	1.1755e-36	1.1755e-36	9.1283e-17	0.00e+00	0.00e+00	1.4093e+01
3.16856e+16	4.8601e+03	2.597e-19	5.9948e+02	1.9927e+02	5.1684e-08	6.8133e-01	3.1867e-01	8.4520e-01	1.5479e-01	7.7169e-06	4.5769e-10	5.8079e-03	9.8310e-01	1.1088e-02	1.1755e-36	7.3112e-01	2.6886e-01	2.5353e-05	1.1755e-36	1.1755e-36	1.1755e-36	1.0214e-16	0.00e+00	0.00e+00	1.4249e+01
3.17434e+16	4.8082e+03	2.526e-19	5.9948e+02	1.9537e+02	5.7889e-08	6.8796e-01	3.1204e-01	8.4704e-01	1.5296e-01	7.6665e-06	4.8562e-10	5.7130e-03	9.8339e-01	1.0893e-02	1.1755e-36	7.3721e-01	2.6277e-01	2.4302e-05	1.1755e-36	1.1755e-36	1.1755e-36	1.1454e-16	0.00e+00	0.00e+00	1.4392e+01
3.17964e+16	4.7650e+03	2.461e-19	5.9948e+02	1.9168e+02	6.3778e-08	6.9367e-01	3.0633e-01	8.4854e-01	1.5145e-01	7.6397e-06	5.1078e-10	5.6212e-03	9.8365e-01	1.0730e-02	1.1755e-36	7.4244e-01	2.5753e-01	2.3396e-05	1.1755e-36	1.1755e-36	1.1755e-36	1.2650e-16	0.00e+00	0.00e+00	1.4527e+01
3.18497e+16	4.7125e+03	2.396e-19	5.9948e+02	1.8797e+02	7.1488e-08	6.9973e-01	3.0027e-01	8.5023e-01	1.4976e-01	7.5948e-06	5.4114e-10	5.5312e-03	9.8392e-01	1.0551e-02	1.1755e-36	7.4797e-01	2.5201e-01	2.2493e-05	1.1755e-36	1.1755e-36	1.1755e-36	1.4198e-16	0.00e+00	0.00e+00	1.4673e+01
3.19031e+16	4.6616e+03	2.333e-19	5.9948e+02	1.8444e+02	8.0055e-08	7.0577e-01	2.9423e-01	8.5189e-01	1.4810e-01	7.5485e-06	5.7425e-10	5.4451e-03	9.8418e-01	1.0376e-02	1.1755e-36	7.5348e-01	2.4650e-01	2.1619e-05	1.1755e-36	1.1755e-36	1.1755e-36	1.6005e-16	0.00e+00	0.00e+00	1.4811e+01
3.19528e+16	4.6186e+03	2.275e-19	5.9948e+02	1.8104e+02	8.8300e-08	7.1104e-01	2.8896e-01	8.5327e-01	1.4672e-01	7.5243e-06	6.0461e-10	5.3606e-03	9.8441e-01	1.0228e-02	1.1755e-36	7.5827e-01	2.4171e-01	2.0857e-05	1.1755e-36	1.1755e-36	1.1755e-36	1.7784e-16	0.00e+00	0.00e+00	1.4940e+01
3.20026e+16	4.5673e+03	2.218e-19	5.9948e+02	1.7764e+02	9.8965e-08	7.1657e-01	2.8343e-01	8.5478e-01	1.4521e-01	7.4851e-06	6.4095e-10	5.2780e-03	9.8466e-01	1.0067e-02	1.1755e-36	7.6328e-01	2.3670e-01	2.0100e-05	1.1755e-36	1.1755e-36	1.1755e-36	2.0079e-16	0.00e+00	0.00e+00	1.5080e+01
3.20522e+16	4.5178e+03	2.163e-19	5.9948e+02	1.7442e+02	1.1077e-07	7.2208e-01	2.7792e-01	8.5629e-01	1.4370e-01	7.4427e-06	6.8070e-10	5.1999e-03	9.8489e-01	9.9090e-03	1.1755e-36	7.6827e-01	2.3171e-01	1.9369e-05	1.1755e-36	1.1755e-36	1.1755e-36	2.2765e-16	0.00e+00	0.00e+00	1.5210e+01
3.20984e+16	4.4762e+03	2.111e-19	5.9948e+02	1.7133e+02	1.2208e-07	7.2687e-01	2.7313e-01	8.5753e-01	1.4246e-01	7.4217e-06	7.1718e-10	5.1230e-03	9.8510e-01	9.7754e-03	1.1755e-36	7.7260e-01	2.2738e-01	1.8728e-05	1.1755e-36	1.1755e-36	1.1755e-36	2.5418e-16	0.00e+00	0.00e+00	1.5333e+01
3.21450e+16	4.4257e+03	2.060e-19	5.9948e+02	1.6820e+02	1.3696e-07	7.3194e-01	2.6806e-01	8.5891e-01	1.4108e-01	7.3856e-06	7.6173e-10	5.0474e-03	9.8532e-01	9.6289e-03	1.1755e-36	7.7718e-01	2.2280e-01	1.8087e-05	1.1755e-36	1.1755e-36	1.1755e-36	2.8920e-16	0.00e+00	0.00e+00	1.5467e+01
3.21915e+16	4.3774e+03	2.011e-19	5.9948e+02	1.6526e+02	1.5330e-07	7.3701e-01	2.6299e-01	8.6029e-01	1.3970e-01	7.3461e-06	8.1042e-10	4.9763e-03	9.8554e-01	9.4854e-03	1.1755e-36	7.8173e-01	2.1825e-01	1.7465e-05	1.1755e-36	1.1755e-36	1.1755e-36	3.3020e-16	0.00e+00	0.00e+00	1.5591e+01
3.22346e+16	4.3376e+03	1.965e-19	5.9948e+02	1.6244e+02	1.6865e-07	7.4135e-01	2.5865e-01	8.6140e-01	1.3859e-01	7.3287e-06	8.5454e-10	4.9062e-03	9.8573e-01	9.3653e-03	1.1755e-36	7.8564e-01	2.1435e-01	1.6923e-05	1.1755e-36	1.1755e-36	1.1755e-36	3.7023e-16	0.00e+00	0.00e+00	1.5709e+01
3.22784e+16	4.2876e+03	1.919e-19	5.9948e+02	1.5955e+02	1.8952e-07	7.4604e-01	2.5396e-01	8.6269e-01	1.3731e-01	7.2940e-06	9.1026e-10	4.8368e-03	9.8593e-01	9.2307e-03	1.1755e-36	7.8984e-01	2.1014e-01	1.6373e-05	1.1755e-36	1.1755e-36	1.1755e-36	4.2501e-16	0.00e+00	0.00e+00	1.5838e+01
3.23222e+16	4.2405e+03	1.875e-19	5.9948e+02	1.5685e+02	2.1215e-07	7.5071e-01	2.4929e-01	8.6396e-01	1.3604e-01	7.2568e-06	9.7074e-10	4.7720e-03	9.8613e-01	9.0996e-03	1.1755e-36	7.9401e-01	2.0597e-01	1.5839e-05	1.1755e-36	1.1755e-36	1.1755e-36	4.8880e-16	0.00e+00	0.00e+00	1.5956e+01
3.23625e+16	4.2022e+03	1.834e-19	5.9948e+02	1.5426e+02	2.3307e-07	7.5467e-01	2.4533e-01	8.6496e-01	1.3503e-01	7.2422e-06	1.0249e-09	4.7081e-03	9.8630e-01	8.9912e-03	1.1755e-36	7.9755e-01	2.0243e-01	1.5377e-05	1.1755e-36	1.1755e-36	1.1755e-36	5.5042e-16	0.00e+00	0.00e+00	1.6068e+01
3.24038e+16	4.1591e+03	1.793e-19	5.9948e+02	1.5161e+02	2.5892e-07	7.5883e-01	2.4116e-01	8.6606e-01	1.3393e-01	7.2197e-06	1.0892e-09	4.6433e-03	9.8648e-01	8.8742e-03	1.1755e-36	8.0125e-01	1.9873e-01	1.4908e-05	1.1755e-36	1.1755e-36	1.1755e-36	6.2910e-16	0.00e+00	0.00e+00	1.6193e+01
3.24474e+16	4.1108e+03	1.750e-19	5.9948e+02	1.4887e+02	2.9131e-07	7.6328e-01	2.3672e-01	8.6725e-01	1.3275e-01	7.1906e-06	1.1669e-09	4.5775e-03	9.8667e-01	8.7503e-03	1.1755e-36	8.0521e-01	1.9477e-01	1.4425e-05	1.1755e-36	1.1755e-36	1.1755e-36	7.3200e-16	0.00e+00	0.00e+00	1.6319e+01
3.24888e+16	4.0646e+03	1.711e-19	5.9948e+02	1.4632e+02	3.2648e-07	7.6750e-01	2.3250e-01	8.6835e-01	1.3164e-01	7.1629e-06	1.2489e-09	4.5165e-03	9.8685e-01	8.6351e-03	1.1755e-36	8.0896e-01	1.9103e-01	1.3980e-05	1.1755e-36	1.1755e-36	1.1755e-36	8.5012e-16	0.00e+00	0.00e+00	1.6433e+01
3.25266e+16	4.0184e+03	1.676e-19	5.9948e+02	1.4397e+02	3.6575e-07	7.7146e-01	2.2854e-01	8.6941e-01	1.3058e-01	7.1320e-06	1.3367e-09	4.4620e-03	9.8701e-01	8.5270e-03	1.1755e-36	8.1247e-01	1.8751e-01	1.3578e-05	1.1755e-36	1.1755e-36	1.1755e-36	9.8760e-16	0.00e+00	0.00e+00	1.6539e+01
3.25617e+16	3.9833e+03	1.642e-19	5.9948e+02	1.4181e+02	4.0020e-07	7.7495e-01	2.2505e-01	8.7024e-01	1.2975e-01	7.1203e-06	1.4153e-09	4.4093e-03	9.8715e-01	8.4373e-03	1.1755e-36	8.1557e-01	1.8442e-01	1.3215e-05	1.1755e-36	1.1755e-36	1.1755e-36	1.1192e-15	0.00e+00	0.00e+00	1.6639e+01
