#depth	Te	Htot	hden	eden	2H_2/H	HI	HII	HeI	HeII	HeIII	CO/C	C1	C2	C3	C4	O1	O2	O3	O4	O5	O6	H2O/O	AV(point)	AV(extend)	Tau912
1.17676e+12	8.0182e+03	6.116e-17	4.6416e+03	5.0296e+03	2.7768e-15	2.4153e-03	9.9758e-01	1.3055e-02	9.8448e-01	2.4674e-03	2.1777e-17	1.4385e-04	1.9667e-01	8.0233e-01	8.5962e-04	1.2935e-03	5.1773e-01	4.8060e-01	3.7065e-04	1.1755e-36	1.1755e-36	1.5358e-25	0.00e+00	0.00e+00	1.6658e-04
7.06055e+12	8.0162e+03	6.114e-17	4.6416e+03	5.0292e+03	2.7784e-15	2.4145e-03	9.9759e-01	1.3055e-02	9.8448e-01	2.4655e-03	2.1756e-17	1.4369e-04	1.9667e-01	8.0233e-01	8.6176e-04	1.2929e-03	5.1764e-01	4.8070e-01	3.6943e-04	1.1755e-36	1.1755e-36	1.5336e-25	0.00e+00	0.00e+00	8.3272e-04
3.05957e+13	8.0126e+03	6.108e-17	4.6416e+03	5.0291e+03	2.7812e-15	2.4133e-03	9.9759e-01	1.3060e-02	9.8449e-01	2.4499e-03	2.1742e-17	1.4346e-04	1.9672e-01	8.0227e-01	8.6040e-04	1.2928e-03	5.1778e-01	4.8057e-01	3.6406e-04	1.1755e-36	1.1755e-36	1.5310e-25	0.00e+00	0.00e+00	3.4959e-03
1.24736e+14	8.0015e+03	6.089e-17	4.6416e+03	5.0291e+03	2.7951e-15	2.4122e-03	9.9759e-01	1.3090e-02	9.8454e-01	2.3680e-03	2.1795e-17	1.4336e-04	1.9709e-01	8.0191e-01	8.5273e-04	1.2951e-03	5.1861e-01	4.7976e-01	3.4308e-04	1.1755e-36	1.1755e-36	1.5301e-25	0.00e+00	0.00e+00	1.4144e-02
2.97955e+14	7.9728e+03	6.016e-17	4.6416e+03	5.0291e+03	2.7723e-15	2.3875e-03	9.9761e-01	1.3075e-02	9.8460e-01	2.3209e-03	2.1277e-17	1.4201e-04	1.9704e-01	8.0197e-01	8.4659e-04	1.2842e-03	5.1891e-01	4.7949e-01	3.1645e-04	1.1755e-36	1.1755e-36	1.4718e-25	0.00e+00	0.00e+00	2.7844e-02
5.23140e+14	7.9392e+03	5.943e-17	4.6416e+03	5.0292e+03	2.7660e-15	2.3665e-03	9.9763e-01	1.3083e-02	9.8473e-01	2.1899e-03	2.0893e-17	1.4130e-04	1.9727e-01	8.0176e-01	8.3386e-04	1.2771e-03	5.1982e-01	4.7861e-01	2.8327e-04	1.1755e-36	1.1755e-36	1.4240e-25	0.00e+00	0.00e+00	4.5498e-02
8.15880e+14	7.9024e+03	5.864e-17	4.6416e+03	5.0292e+03	2.7640e-15	2.3471e-03	9.9765e-01	1.3112e-02	9.8491e-01	1.9797e-03	2.0557e-17	1.4091e-04	1.9774e-01	8.0130e-01	8.1500e-04	1.2728e-03	5.2137e-01	4.7711e-01	2.4404e-04	1.1755e-36	1.1755e-36	1.3773e-25	0.00e+00	0.00e+00	6.8259e-02
1.19644e+15	7.8585e+03	5.778e-17	4.6416e+03	5.0291e+03	2.7749e-15	2.3304e-03	9.9767e-01	1.3171e-02	9.8514e-01	1.6936e-03	2.0304e-17	1.4091e-04	1.9859e-01	8.0048e-01	7.8945e-04	1.2728e-03	5.2383e-01	4.7469e-01	1.9986e-04	1.1755e-36	1.1755e-36	1.3335e-25	0.00e+00	0.00e+00	9.7639e-02
1.69117e+15	7.8146e+03	5.681e-17	4.6416e+03	5.0290e+03	2.7871e-15	2.3160e-03	9.9768e-01	1.3263e-02	9.8539e-01	1.3496e-03	2.0134e-17	1.4133e-04	1.9984e-01	7.9926e-01	7.5823e-04	1.2774e-03	5.2738e-01	4.7119e-01	1.5330e-04	1.1755e-36	1.1755e-36	1.2931e-25	0.00e+00	0.00e+00	1.3560e-01
2.33432e+15	7.7635e+03	5.577e-17	4.6416e+03	5.0289e+03	2.8196e-15	2.3076e-03	9.9769e-01	1.3410e-02	9.8561e-01	9.8096e-04	2.0140e-17	1.4246e-04	2.0178e-01	7.9736e-01	7.2173e-04	1.2900e-03	5.3250e-01	4.6610e-01	1.0793e-04	1.1755e-36	1.1755e-36	1.2608e-25	0.00e+00	0.00e+00	1.8476e-01
3.17042e+15	7.7106e+03	5.463e-17	4.6416e+03	5.0287e+03	2.8676e-15	2.3074e-03	9.9769e-01	1.3632e-02	9.8573e-01	6.3521e-04	2.0372e-17	1.4455e-04	2.0461e-01	7.9456e-01	6.8192e-04	1.3133e-03	5.3961e-01	4.5901e-01	6.8107e-05	1.1755e-36	1.1755e-36	1.2387e-25	0.00e+00	0.00e+00	2.4868e-01
4.25734e+15	7.6536e+03	5.344e-17	4.6416e+03	5.0284e+03	2.9484e-15	2.3215e-03	9.9768e-01	1.3969e-02	9.8567e-01	3.5637e-04	2.0990e-17	1.4815e-04	2.0883e-01	7.9039e-01	6.3964e-04	1.3530e-03	5.4939e-01	4.4922e-01	3.7397e-05	1.1755e-36	1.1755e-36	1.2344e-25	0.00e+00	0.00e+00	3.3227e-01
5.67034e+15	7.5985e+03	5.222e-17	4.6416e+03	5.0279e+03	3.0711e-15	2.3572e-03	9.9764e-01	1.4480e-02	9.8535e-01	1.6799e-04	2.2226e-17	1.5402e-04	2.1504e-01	7.8421e-01	5.9493e-04	1.4170e-03	5.6269e-01	4.3588e-01	1.7265e-05	1.1755e-36	1.1755e-36	1.2599e-25	0.00e+00	0.00e+00	4.4261e-01
7.50724e+15	7.5466e+03	5.105e-17	4.6416e+03	5.0273e+03	3.2707e-15	2.4287e-03	9.9757e-01	1.5273e-02	9.8466e-01	6.4300e-05	2.4573e-17	1.6354e-04	2.2437e-01	7.7492e-01	5.4547e-04	1.5200e-03	5.8092e-01	4.1755e-01	6.4415e-06	1.1755e-36	1.1755e-36	1.3394e-25	0.00e+00	0.00e+00	5.9041e-01
9.89521e+15	7.5013e+03	5.003e-17	4.6416e+03	5.0260e+03	3.6178e-15	2.5607e-03	9.9744e-01	1.6544e-02	9.8344e-01	1.9299e-05	2.9136e-17	1.7924e-04	2.3873e-01	7.6060e-01	4.8747e-04	1.6899e-03	6.0634e-01	3.9197e-01	1.8627e-06	1.1755e-36	1.1755e-36	1.5291e-25	0.00e+00	0.00e+00	7.9299e-01
1.29996e+16	7.4749e+03	4.927e-17	4.6416e+03	5.0236e+03	4.2307e-15	2.7996e-03	9.9720e-01	1.8692e-02	9.8130e-01	4.4272e-06	3.8509e-17	2.0590e-04	2.6160e-01	7.3778e-01	4.1697e-04	1.9816e-03	6.4233e-01	3.5569e-01	4.0455e-07	1.1755e-36	1.1755e-36	1.9559e-25	0.00e+00	0.00e+00	1.0809e+00
1.60429e+16	7.4668e+03	4.883e-17	4.6416e+03	5.0211e+03	4.9336e-15	3.0869e-03	9.9691e-01	2.1352e-02	9.7865e-01	1.0958e-06	5.1045e-17	2.3756e-04	2.8780e-01	7.1161e-01	3.5446e-04	2.3352e-03	6.7879e-01	3.1887e-01	1.1755e-36	1.1755e-36	1.1755e-36	2.5119e-25	0.00e+00	0.00e+00	1.3141e+00
1.82533e+16	7.4866e+03	4.896e-17	4.6416e+03	5.0186e+03	5.6886e-15	3.3820e-03	9.9662e-01	2.4057e-02	9.7594e-01	4.4796e-07	6.6663e-17	2.6879e-04	3.1224e-01	6.8719e-01	3.0912e-04	2.6924e-03	7.0863e-01	2.8867e-01	1.1755e-36	1.1755e-36	1.1755e-36	3.2590e-25	0.00e+00	0.00e+00	1.4968e+00
2.00119e+16	7.5137e+03	4.931e-17	4.6416e+03	5.0161e+03	6.5743e-15	3.6918e-03	9.9631e-01	2.6945e-02	9.7305e-01	2.3157e-07	8.6848e-17	3.0081e-04	3.3623e-01	6.6320e-01	2.7205e-04	3.0684e-03	7.3491e-01	2.6203e-01	1.1755e-36	1.1755e-36	1.1755e-36	4.2830e-25	0.00e+00	0.00e+00	1.6779e+00
2.19368e+16	7.5500e+03	4.987e-17	4.6416e+03	5.0123e+03	7.9856e-15	4.1259e-03	9.9587e-01	3.1127e-02	9.6887e-01	1.1579e-07	1.2249e-16	3.4499e-04	3.6794e-01	6.3148e-01	2.3059e-04	3.6019e-03	7.6594e-01	2.3045e-01	1.1755e-36	1.1755e-36	1.1755e-36	6.1866e-25	0.00e+00	0.00e+00	1.9410e+00
2.39407e+16	7.5991e+03	5.070e-17	4.6416e+03	5.0070e+03	9.9488e-15	4.6953e-03	9.9530e-01	3.6933e-02	9.6307e-01	5.9609e-08	1.8005e-16	4.0076e-04	4.0682e-01	5.9259e-01	1.8957e-04	4.3113e-03	7.9911e-01	1.9658e-01	1.1755e-36	1.1755e-36	1.1755e-36	9.3770e-25	0.00e+00	0.00e+00	2.1931e+00
2.55342e+16	7.6480e+03	5.160e-17	4.6416e+03	5.0018e+03	1.2202e-14	5.2916e-03	9.9471e-01	4.3515e-02	9.5649e-01	3.6423e-08	2.5590e-16	4.5690e-04	4.4474e-01	5.5464e-01	1.5702e-04	5.0627e-03	8.2693e-01	1.6801e-01	1.1755e-36	1.1755e-36	1.1755e-36	1.3784e-24	0.00e+00	0.00e+00	2.4033e+00
2.67793e+16	7.6946e+03	5.244e-17	4.6416e+03	4.9975e+03	1.4763e-14	5.8788e-03	9.9412e-01	5.0586e-02	9.4941e-01	2.5074e-08	3.5201e-16	5.0984e-04	4.7966e-01	5.1970e-01	1.3169e-04	5.8103e-03	8.4931e-01	1.4488e-01	1.1755e-36	1.1755e-36	1.1755e-36	1.9830e-24	0.00e+00	0.00e+00	2.5988e+00
2.79063e+16	7.7242e+03	5.330e-17	4.6416e+03	4.9898e+03	1.7844e-14	6.5421e-03	9.9346e-01	5.9032e-02	9.4097e-01	1.7860e-08	4.7659e-16	5.6686e-04	5.1619e-01	4.8313e-01	1.0892e-04	6.6589e-03	8.6972e-01	1.2362e-01	1.1755e-36	1.1755e-36	1.1755e-36	2.7634e-24	0.00e+00	0.00e+00	2.8134e+00
2.89688e+16	7.7693e+03	5.422e-17	4.6416e+03	4.9840e+03	2.1929e-14	7.3018e-03	9.9270e-01	6.9862e-02	9.3014e-01	1.3127e-08	6.6147e-16	6.2814e-04	5.5484e-01	4.4445e-01	8.8523e-05	7.6362e-03	8.8864e-01	1.0373e-01	1.1755e-36	1.1755e-36	1.1755e-36	4.0527e-24	0.00e+00	0.00e+00	3.0287e+00
2.98828e+16	7.7929e+03	5.516e-17	4.6416e+03	4.9733e+03	2.6555e-14	8.1205e-03	9.9188e-01	8.2459e-02	9.1754e-01	1.0080e-08	8.8351e-16	6.8938e-04	5.9267e-01	4.0657e-01	7.1541e-05	8.6898e-03	9.0460e-01	8.6707e-02	1.1755e-36	1.1755e-36	1.1755e-36	5.5867e-24	0.00e+00	0.00e+00	3.2243e+00
3.06600e+16	7.8339e+03	5.597e-17	4.6416e+03	4.9657e+03	3.1967e-14	8.9509e-03	9.9105e-01	9.7105e-02	9.0289e-01	8.0620e-09	1.1757e-15	7.4722e-04	6.2801e-01	3.7119e-01	5.7923e-05	9.7627e-03	9.1772e-01	7.2522e-02	1.1755e-36	1.1755e-36	1.1755e-36	7.8545e-24	0.00e+00	0.00e+00	3.4165e+00
3.13354e+16	7.8532e+03	5.676e-17	4.6416e+03	4.9528e+03	3.7848e-14	9.8252e-03	9.9017e-01	1.1385e-01	8.8615e-01	6.5959e-09	1.5048e-15	8.0282e-04	6.6149e-01	3.3767e-01	4.6744e-05	1.0890e-02	9.2854e-01	6.0573e-02	1.1755e-36	1.1755e-36	1.1755e-36	1.0358e-23	0.00e+00	0.00e+00	3.5945e+00
3.19136e+16	7.8726e+03	5.749e-17	4.6416e+03	4.9418e+03	4.4812e-14	1.0709e-02	9.8929e-01	1.3305e-01	8.6695e-01	5.5367e-09	1.9143e-15	8.5450e-04	6.9213e-01	3.0697e-01	3.7812e-05	1.2029e-02	9.3728e-01	5.0687e-02	1.1755e-36	1.1755e-36	1.1755e-36	1.3766e-23	0.00e+00	0.00e+00	3.7634e+00
3.24219e+16	7.8920e+03	5.813e-17	4.6416e+03	4.9292e+03	5.2326e-14	1.1611e-02	9.8839e-01	1.5504e-01	8.4496e-01	4.7151e-09	2.3875e-15	9.0233e-04	7.2044e-01	2.7863e-01	3.0568e-05	1.3190e-02	9.4444e-01	4.2367e-02	1.1755e-36	1.1755e-36	1.1755e-36	1.7839e-23	0.00e+00	0.00e+00	3.9263e+00
3.28783e+16	7.9146e+03	5.870e-17	4.6416e+03	4.9173e+03	6.1028e-14	1.2541e-02	9.8746e-01	1.8082e-01	8.1918e-01	4.0582e-09	2.9707e-15	9.4695e-04	7.4682e-01	2.5221e-01	2.4614e-05	1.4385e-02	9.5036e-01	3.5251e-02	1.1755e-36	1.1755e-36	1.1755e-36	2.3246e-23	0.00e+00	0.00e+00	4.0859e+00
3.32913e+16	7.9194e+03	5.924e-17	4.6416e+03	4.8993e+03	7.0534e-14	1.3520e-02	9.8648e-01	2.1068e-01	7.8932e-01	3.4912e-09	3.6084e-15	9.8905e-04	7.7134e-01	2.2765e-01	1.9702e-05	1.5639e-02	9.5519e-01	2.9170e-02	1.1755e-36	1.1755e-36	1.1755e-36	2.8991e-23	0.00e+00	0.00e+00	4.2411e+00
3.36651e+16	7.9405e+03	5.967e-17	4.6416e+03	4.8841e+03	8.1506e-14	1.4512e-02	9.8549e-01	2.4544e-01	7.5456e-01	3.0244e-09	4.4198e-15	1.0270e-03	7.9367e-01	2.0529e-01	1.5736e-05	1.6908e-02	9.5909e-01	2.3999e-02	1.1755e-36	1.1755e-36	1.1755e-36	3.7135e-23	0.00e+00	0.00e+00	4.3925e+00
3.40048e+16	7.9468e+03	6.007e-17	4.6416e+03	4.8653e+03	9.3805e-14	1.5548e-02	9.8445e-01	2.8551e-01	7.1449e-01	2.6108e-09	5.3329e-15	1.0618e-03	8.1398e-01	1.8494e-01	1.2511e-05	1.8229e-02	9.6215e-01	1.9624e-02	1.1755e-36	1.1755e-36	1.1755e-36	4.6274e-23	0.00e+00	0.00e+00	4.5399e+00
3.43152e+16	7.9534e+03	6.036e-17	4.6416e+03	4.8432e+03	1.0742e-13	1.6608e-02	9.8339e-01	3.3102e-01	6.6898e-01	2.2421e-09	6.3926e-15	1.0925e-03	8.3214e-01	1.6676e-01	9.9249e-06	1.9576e-02	9.6448e-01	1.5943e-02	1.1755e-36	1.1755e-36	1.1755e-36	5.7177e-23	0.00e+00	0.00e+00	4.6846e+00
3.46037e+16	7.9560e+03	6.057e-17	4.6416e+03	4.8188e+03	1.2177e-13	1.7718e-02	9.8228e-01	3.8239e-01	6.1761e-01	1.8930e-09	7.5586e-15	1.1203e-03	8.4839e-01	1.5048e-01	7.8342e-06	2.0982e-02	9.6619e-01	1.2832e-02	1.1755e-36	1.1755e-36	1.1755e-36	6.8781e-23	0.00e+00	0.00e+00	4.8298e+00
3.48787e+16	7.9622e+03	6.068e-17	4.6416e+03	4.7911e+03	1.3914e-13	1.8887e-02	9.8111e-01	4.4098e-01	5.5902e-01	1.5754e-09	9.0378e-15	1.1444e-03	8.6299e-01	1.3586e-01	6.1344e-06	2.2458e-02	9.6736e-01	1.0180e-02	1.1755e-36	1.1755e-36	1.1755e-36	8.4493e-23	0.00e+00	0.00e+00	4.9795e+00
3.51462e+16	7.9592e+03	6.075e-17	4.6416e+03	4.7602e+03	1.6041e-13	2.0173e-02	9.7983e-01	5.0750e-01	4.9250e-01	1.2776e-09	1.0865e-14	1.1660e-03	8.7617e-01	1.2266e-01	4.7388e-06	2.4076e-02	9.6801e-01	7.9193e-03	1.1755e-36	1.1755e-36	1.1755e-36	1.0416e-22	0.00e+00	0.00e+00	5.1360e+00
3.54102e+16	7.9609e+03	6.062e-17	4.6416e+03	4.7190e+03	1.8347e-13	2.1555e-02	9.7845e-01	5.8025e-01	4.1975e-01	9.9928e-10	1.2977e-14	1.1826e-03	8.8769e-01	1.1112e-01	3.6201e-06	2.5808e-02	9.6817e-01	6.0269e-03	1.1755e-36	1.1755e-36	1.1755e-36	1.2628e-22	0.00e+00	0.00e+00	5.3023e+00
3.57128e+16	7.9522e+03	6.052e-17	4.6416e+03	4.6760e+03	2.1985e-13	2.3413e-02	9.7659e-01	6.6876e-01	3.3124e-01	7.1427e-10	1.6307e-14	1.2011e-03	8.9934e-01	9.9461e-02	2.5870e-06	2.8125e-02	9.6761e-01	4.2654e-03	1.1755e-36	1.1755e-36	1.1755e-36	1.6358e-22	0.00e+00	0.00e+00	5.5371e+00
3.60521e+16	7.9400e+03	6.059e-17	4.6416e+03	4.6361e+03	2.7738e-13	2.5902e-02	9.7410e-01	7.6476e-01	2.3524e-01	4.5842e-10	2.1663e-14	1.2207e-03	9.1015e-01	8.8630e-02	1.7387e-06	3.1209e-02	9.6600e-01	2.7880e-03	1.1755e-36	1.1755e-36	1.1755e-36	2.3062e-22	0.00e+00	0.00e+00	5.7925e+00
3.64390e+16	7.9303e+03	6.053e-17	4.6416e+03	4.5776e+03	3.5598e-13	2.9272e-02	9.7073e-01	8.5394e-01	1.4606e-01	2.5203e-10	2.9061e-14	1.2349e-03	9.1965e-01	7.9117e-02	1.0761e-06	3.5371e-02	9.6298e-01	1.6516e-03	1.1755e-36	1.1755e-36	1.1755e-36	3.2650e-22	0.00e+00	0.00e+00	6.1677e+00
3.69420e+16	7.9139e+03	6.111e-17	4.6416e+03	4.5304e+03	5.3144e-13	3.5078e-02	9.6492e-01	9.2838e-01	7.1622e-02	1.0693e-10	4.5148e-14	1.2569e-03	9.2941e-01	6.9331e-02	5.5379e-07	4.2504e-02	9.5669e-01	8.0200e-04	1.1755e-36	1.1755e-36	1.1755e-36	5.9300e-22	0.00e+00	0.00e+00	6.7522e+00
3.74753e+16	7.9094e+03	6.205e-17	4.6416e+03	4.4756e+03	8.4199e-13	4.3879e-02	9.5612e-01	9.6817e-01	3.1826e-02	4.1379e-11	7.3184e-14	1.2747e-03	9.3800e-01	6.0726e-02	2.6312e-07	5.3267e-02	9.4638e-01	3.5468e-04	1.1755e-36	1.1755e-36	1.1755e-36	1.1743e-21	0.00e+00	0.00e+00	7.3927e+00
3.79210e+16	7.8966e+03	6.290e-17	4.6416e+03	4.4176e+03	1.3469e-12	5.5014e-02	9.4499e-01	9.8361e-01	1.6386e-02	1.9121e-11	1.1736e-13	1.2856e-03	9.4509e-01	5.3629e-02	1.3349e-07	6.6828e-02	9.3300e-01	1.7364e-04	1.1755e-36	1.1755e-36	1.1755e-36	2.3429e-21	0.00e+00	0.00e+00	8.0270e+00
3.82722e+16	7.8821e+03	6.319e-17	4.6416e+03	4.3461e+03	2.0672e-12	6.7776e-02	9.3222e-01	9.9007e-01	9.9286e-03	1.0715e-11	1.7865e-13	1.2863e-03	9.5088e-01	4.7830e-02	1.1755e-36	8.2293e-02	9.1761e-01	9.6396e-05	1.1755e-36	1.1755e-36	1.1755e-36	4.3412e-21	0.00e+00	0.00e+00	8.6409e+00
3.85267e+16	7.8618e+03	6.331e-17	4.6416e+03	4.2910e+03	3.0854e-12	8.0995e-02	9.1900e-01	9.9299e-01	7.0051e-03	7.1755e-12	2.6432e-13	1.2865e-03	9.5549e-01	4.3227e-02	1.1755e-36	9.8221e-02	9.0172e-01	6.1526e-05	1.1755e-36	1.1755e-36	1.1755e-36	7.8851e-21	0.00e+00	0.00e+00	9.1152e+00
3.87034e+16	7.8441e+03	6.300e-17	4.6416e+03	4.2335e+03	4.1731e-12	9.2879e-02	9.0712e-01	9.9448e-01	5.5158e-03	5.4665e-12	3.5332e-13	1.2808e-03	9.5882e-01	3.9898e-02	1.1755e-36	1.1246e-01	8.8749e-01	4.4209e-05	1.1755e-36	1.1755e-36	1.1755e-36	1.2220e-20	0.00e+00	0.00e+00	9.5336e+00
3.88802e+16	7.8162e+03	6.224e-17	4.6416e+03	4.1587e+03	5.7948e-12	1.0762e-01	8.9238e-01	9.9569e-01	4.3069e-03	4.1289e-12	4.8092e-13	1.2700e-03	9.6230e-01	3.6428e-02	1.1755e-36	1.3003e-01	8.6994e-01	3.0963e-05	1.1755e-36	1.1755e-36	1.1755e-36	1.9417e-20	0.00e+00	0.00e+00	1.0164e+01
3.90745e+16	7.7771e+03	6.087e-17	4.6416e+03	4.0520e+03	8.7566e-12	1.2841e-01	8.7159e-01	9.9669e-01	3.3128e-03	3.0874e-12	7.0532e-13	1.2507e-03	9.6617e-01	3.2578e-02	1.1755e-36	1.5460e-01	8.4538e-01	2.0609e-05	1.1755e-36	1.1755e-36	1.1755e-36	3.4818e-20	0.00e+00	0.00e+00	1.0874e+01
3.92422e+16	7.7292e+03	5.909e-17	4.6416e+03	3.9385e+03	1.3235e-11	1.5278e-01	8.4722e-01	9.9733e-01	2.6652e-03	2.4384e-12	1.0291e-12	1.2275e-03	9.6975e-01	2.9027e-02	1.1755e-36	1.8311e-01	8.1688e-01	1.4096e-05	1.1755e-36	1.1755e-36	1.1755e-36	6.2047e-20	0.00e+00	0.00e+00	1.1531e+01
3.93735e+16	7.6774e+03	5.703e-17	4.6416e+03	3.8228e+03	1.9130e-11	1.7762e-01	8.2238e-01	9.9775e-01	2.2549e-03	2.0452e-12	1.4303e-12	1.2013e-03	9.7268e-01	2.6124e-02	1.1755e-36	2.1183e-01	7.8816e-01	1.0210e-05	1.1755e-36	1.1755e-36	1.1755e-36	1.0279e-19	0.00e+00	0.00e+00	1.2134e+01
3.94849e+16	7.6186e+03	5.469e-17	4.6416e+03	3.7023e+03	2.7189e-11	2.0388e-01	7.9612e-01	9.9804e-01	1.9597e-03	1.7720e-12	1.9443e-12	1.1721e-03	9.7524e-01	2.3587e-02	1.1755e-36	2.4184e-01	7.5815e-01	7.5939e-06	1.1755e-36	1.1755e-36	1.1755e-36	1.6511e-19	0.00e+00	0.00e+00	1.2773e+01
3.96040e+16	7.5351e+03	5.139e-17	4.6416e+03	3.5415e+03	4.1301e-11	2.3825e-01	7.6175e-01	9.9832e-01	1.6807e-03	1.5244e-12	2.7678e-12	1.1311e-03	9.7802e-01	2.0845e-02	1.1755e-36	2.8059e-01	7.1941e-01	5.3903e-06	1.1755e-36	1.1755e-36	1.1755e-36	2.8552e-19	0.00e+00	0.00e+00	1.3690e+01
3.97276e+16	7.4204e+03	4.705e-17	4.6416e+03	3.3335e+03	6.6694e-11	2.8286e-01	7.1714e-01	9.9854e-01	1.4556e-03	1.3417e-12	4.0758e-12	1.0753e-03	9.8089e-01	1.8035e-02	1.1755e-36	3.2997e-01	6.7003e-01	3.6897e-06	1.1755e-36	1.1755e-36	1.1755e-36	5.2021e-19	0.00e+00	0.00e+00	1.4650e+01
3.98225e+16	7.3023e+03	4.291e-17	4.6416e+03	3.1346e+03	1.0104e-10	3.2565e-01	6.7435e-01	9.9868e-01	1.3182e-03	1.2461e-12	5.5993e-12	1.0200e-03	9.8311e-01	1.5865e-02	1.1755e-36	3.7639e-01	6.2360e-01	2.6922e-06	1.1755e-36	1.1755e-36	1.1755e-36	8.5116e-19	0.00e+00	0.00e+00	1.5358e+01
3.98830e+16	7.2189e+03	3.985e-17	4.6416e+03	2.9886e+03	1.3361e-10	3.5682e-01	6.4318e-01	9.9876e-01	1.2436e-03	1.2035e-12	6.8846e-12	9.7824e-04	9.8452e-01	1.4505e-02	1.1755e-36	4.0964e-01	5.9036e-01	2.1762e-06	1.1755e-36	1.1755e-36	1.1755e-36	1.1735e-18	0.00e+00	0.00e+00	1.5847e+01
3.99255e+16	7.1319e+03	3.760e-17	4.6416e+03	2.8774e+03	1.6688e-10	3.8106e-01	6.1894e-01	9.9881e-01	1.1940e-03	1.1758e-12	7.9997e-12	9.4663e-04	9.8552e-01	1.3537e-02	1.1755e-36	4.3519e-01	5.6481e-01	1.8592e-06	1.1755e-36	1.1755e-36	1.1755e-36	1.4800e-18	0.00e+00	0.00e+00	1.6275e+01
3.99645e+16	7.0498e+03	3.538e-17	4.6416e+03	2.7688e+03	2.0557e-10	4.0466e-01	5.9534e-01	9.9885e-01	1.1513e-03	1.1553e-12	9.1833e-12	9.1517e-04	9.8642e-01	1.2664e-02	1.1755e-36	4.5980e-01	5.4019e-01	1.5996e-06	1.1755e-36	1.1755e-36	1.1755e-36	1.8329e-18	0.00e+00	0.00e+00	1.6745e+01
4.00045e+16	6.9605e+03	3.301e-17	4.6416e+03	2.6498e+03	2.5607e-10	4.3004e-01	5.6996e-01	9.9889e-01	1.1109e-03	1.1409e-12	1.0562e-11	8.8038e-04	9.8732e-01	1.1796e-02	1.1755e-36	4.8597e-01	5.1403e-01	1.3660e-06	1.1755e-36	1.1755e-36	1.1755e-36	2.2766e-18	0.00e+00	0.00e+00	1.7254e+01
4.00428e+16	6.8640e+03	3.070e-17	4.6416e+03	2.5314e+03	3.1923e-10	4.5549e-01	5.4451e-01	9.9892e-01	1.0774e-03	1.1342e-12	1.2067e-11	8.4542e-04	9.8817e-01	1.0987e-02	1.1755e-36	5.1192e-01	4.8808e-01	1.1714e-06	1.1755e-36	1.1755e-36	1.1755e-36	2.7990e-18	0.00e+00	0.00e+00	1.7735e+01
4.00762e+16	6.7705e+03	2.865e-17	4.6416e+03	2.4235e+03	3.9064e-10	4.7868e-01	5.2132e-01	9.9895e-01	1.0515e-03	1.1340e-12	1.3548e-11	8.1334e-04	9.8889e-01	1.0297e-02	1.1755e-36	5.3531e-01	4.6469e-01	1.0212e-06	1.1755e-36	1.1755e-36	1.1755e-36	3.3485e-18	0.00e+00	0.00e+00	1.8167e+01
4.01054e+16	6.6809e+03	2.683e-17	4.6416e+03	2.3258e+03	4.7002e-10	4.9970e-01	5.0030e-01	9.9897e-01	1.0307e-03	1.1376e-12	1.4984e-11	7.8408e-04	9.8951e-01	9.7034e-03	1.1755e-36	5.5631e-01	4.4369e-01	9.0289e-07	1.1755e-36	1.1755e-36	1.1755e-36	3.9135e-18	0.00e+00	0.00e+00	1.8572e+01
4.01324e+16	6.5909e+03	2.514e-17	4.6416e+03	2.2329e+03	5.6186e-10	5.1967e-01	4.8033e-01	9.9899e-01	1.0131e-03	1.1442e-12	1.6433e-11	7.5611e-04	9.9008e-01	9.1656e-03	1.1755e-36	5.7608e-01	4.2391e-01	8.0376e-07	1.1755e-36	1.1755e-36	1.1755e-36	4.5141e-18	0.00e+00	0.00e+00	1.8973e+01
4.01582e+16	6.4984e+03	2.353e-17	4.6416e+03	2.1422e+03	6.7111e-10	5.3917e-01	4.6083e-01	9.9900e-01	9.9781e-04	1.1540e-12	1.7931e-11	7.2864e-04	9.9061e-01	8.6631e-03	1.1755e-36	5.9522e-01	4.0478e-01	7.1781e-07	1.1755e-36	1.1755e-36	1.1755e-36	5.1651e-18	0.00e+00	0.00e+00	1.9374e+01
4.01793e+16	6.4204e+03	2.227e-17	4.6416e+03	2.0694e+03	7.7667e-10	5.5487e-01	4.4513e-01	9.9901e-01	9.8739e-04	1.1651e-12	1.9199e-11	7.0652e-04	9.9102e-01	8.2733e-03	1.1755e-36	6.1051e-01	3.8949e-01	6.5591e-07	1.1755e-36	1.1755e-36	1.1755e-36	5.7404e-18	0.00e+00	0.00e+00	1.9647e+01
4.01946e+16	6.3515e+03	2.137e-17	4.6416e+03	2.0177e+03	8.7581e-10	5.6705e-01	4.3295e-01	9.9902e-01	9.7889e-04	1.1706e-12	2.0261e-11	6.9105e-04	9.9133e-01	7.9771e-03	1.1755e-36	6.2231e-01	3.7769e-01	6.1223e-07	1.1755e-36	1.1755e-36	1.1755e-36	6.2416e-18	0.00e+00	0.00e+00	1.9875e+01
4.02085e+16	6.3018e+03	2.049e-17	4.6416e+03	1.9642e+03	9.6390e-10	5.7738e-01	4.2262e-01	9.9903e-01	9.7408e-04	1.1847e-12	2.1108e-11	6.7423e-04	9.9159e-01	7.7349e-03	1.1755e-36	6.3225e-01	3.6775e-01	5.7561e-07	1.1755e-36	1.1755e-36	1.1755e-36	6.6438e-18	0.00e+00	0.00e+00	2.0115e+01
4.02242e+16	6.2306e+03	1.954e-17	4.6416e+03	1.9064e+03	1.0928e-09	5.8993e-01	4.1007e-01	9.9903e-01	9.6617e-04	1.1952e-12	2.2234e-11	6.5662e-04	9.9190e-01	7.4443e-03	1.1755e-36	6.4430e-01	3.5570e-01	5.3491e-07	1.1755e-36	1.1755e-36	1.1755e-36	7.1983e-18	0.00e+00	0.00e+00	2.0412e+01
4.02413e+16	6.1536e+03	1.852e-17	4.6416e+03	1.8438e+03	1.2522e-09	6.0337e-01	3.9663e-01	9.9904e-01	9.5931e-04	1.2099e-12	2.3477e-11	6.3733e-04	9.9222e-01	7.1413e-03	1.1755e-36	6.5710e-01	3.4290e-01	4.9443e-07	1.1755e-36	1.1755e-36	1.1755e-36	7.8299e-18	0.00e+00	0.00e+00	2.0714e+01
4.02577e+16	6.0762e+03	1.758e-17	4.6416e+03	1.7842e+03	1.4324e-09	6.1619e-01	3.8381e-01	9.9905e-01	9.5346e-04	1.2255e-12	2.4706e-11	6.1892e-04	9.9252e-01	6.8587e-03	1.1755e-36	6.6925e-01	3.3075e-01	4.5853e-07	1.1755e-36	1.1755e-36	1.1755e-36	8.4728e-18	0.00e+00	0.00e+00	2.0997e+01
4.02731e+16	5.9999e+03	1.671e-17	4.6416e+03	1.7282e+03	1.6327e-09	6.2826e-01	3.7174e-01	9.9905e-01	9.4837e-04	1.2415e-12	2.5903e-11	6.0157e-04	9.9280e-01	6.5988e-03	1.1755e-36	6.8063e-01	3.1937e-01	4.2693e-07	1.1755e-36	1.1755e-36	1.1755e-36	9.1175e-18	0.00e+00	0.00e+00	2.1273e+01
4.02880e+16	5.9224e+03	1.588e-17	4.6416e+03	1.6733e+03	1.8634e-09	6.4005e-01	3.5995e-01	9.9906e-01	9.4379e-04	1.2586e-12	2.7113e-11	5.8451e-04	9.9307e-01	6.3499e-03	1.1755e-36	6.9169e-01	3.0831e-01	3.9788e-07	1.1755e-36	1.1755e-36	1.1755e-36	9.7884e-18	0.00e+00	0.00e+00	2.1553e+01
4.03030e+16	5.8421e+03	1.506e-17	4.6416e+03	1.6183e+03	2.1360e-09	6.5185e-01	3.4815e-01	9.9906e-01	9.3969e-04	1.2774e-12	2.8364e-11	5.6733e-04	9.9333e-01	6.1059e-03	1.1755e-36	7.0270e-01	2.9730e-01	3.7053e-07	1.1755e-36	1.1755e-36	1.1755e-36	1.0504e-17	0.00e+00	0.00e+00	2.1842e+01
4.03181e+16	5.7582e+03	1.427e-17	4.6416e+03	1.5634e+03	2.4613e-09	6.6362e-01	3.3638e-01	9.9906e-01	9.3600e-04	1.2977e-12	2.9658e-11	5.5017e-04	9.9358e-01	5.8676e-03	1.1755e-36	7.1363e-01	2.8637e-01	3.4491e-07	1.1755e-36	1.1755e-36	1.1755e-36	1.1269e-17	0.00e+00	0.00e+00	2.2133e+01
4.03329e+16	5.6674e+03	1.351e-17	4.6416e+03	1.5103e+03	2.8627e-09	6.7542e-01	3.2458e-01	9.9907e-01	9.3174e-04	1.3164e-12	3.1045e-11	5.3373e-04	9.9383e-01	5.6332e-03	1.1755e-36	7.2453e-01	2.7547e-01	3.2098e-07	1.1755e-36	1.1755e-36	1.1755e-36	1.2124e-17	0.00e+00	0.00e+00	2.2425e+01
4.03474e+16	5.5798e+03	1.279e-17	4.6416e+03	1.4584e+03	3.3173e-09	6.8660e-01	3.1340e-01	9.9907e-01	9.2883e-04	1.3383e-12	3.2389e-11	5.1745e-04	9.9407e-01	5.4154e-03	1.1755e-36	7.3481e-01	2.6519e-01	2.9942e-07	1.1755e-36	1.1755e-36	1.1755e-36	1.2984e-17	0.00e+00	0.00e+00	2.2710e+01
4.03615e+16	5.4903e+03	1.210e-17	4.6416e+03	1.4078e+03	3.8564e-09	6.9751e-01	3.0249e-01	9.9907e-01	9.2622e-04	1.3609e-12	3.3767e-11	5.0156e-04	9.9429e-01	5.2069e-03	1.1755e-36	7.4480e-01	2.5520e-01	2.7953e-07	1.1755e-36	1.1755e-36	1.1755e-36	1.3908e-17	0.00e+00	0.00e+00	2.2999e+01
4.03757e+16	5.3976e+03	1.144e-17	4.6416e+03	1.3577e+03	4.5103e-09	7.0833e-01	2.9167e-01	9.9908e-01	9.2390e-04	1.3849e-12	3.5210e-11	4.8580e-04	9.9451e-01	5.0039e-03	1.1755e-36	7.5465e-01	2.4535e-01	2.6086e-07	1.1755e-36	1.1755e-36	1.1755e-36	1.4927e-17	0.00e+00	0.00e+00	2.3292e+01
4.03897e+16	5.3018e+03	1.080e-17	4.6416e+03	1.3083e+03	5.3061e-09	7.1899e-01	2.8101e-01	9.9908e-01	9.2183e-04	1.4099e-12	3.6728e-11	4.7024e-04	9.9472e-01	4.8077e-03	1.1755e-36	7.6431e-01	2.3569e-01	2.4346e-07	1.1755e-36	1.1755e-36	1.1755e-36	1.6063e-17	0.00e+00	0.00e+00	2.3588e+01
4.04036e+16	5.2039e+03	1.020e-17	4.6416e+03	1.2601e+03	6.2716e-09	7.2938e-01	2.7062e-01	9.9908e-01	9.2007e-04	1.4360e-12	3.8327e-11	4.5507e-04	9.9493e-01	4.6195e-03	1.1755e-36	7.7370e-01	2.2630e-01	2.2735e-07	1.1755e-36	1.1755e-36	1.1755e-36	1.7345e-17	0.00e+00	0.00e+00	2.3882e+01
4.04173e+16	5.1008e+03	9.622e-18	4.6416e+03	1.2127e+03	7.4776e-09	7.3951e-01	2.6049e-01	9.9908e-01	9.1853e-04	1.4628e-12	4.0033e-11	4.4021e-04	9.9512e-01	4.4401e-03	1.1755e-36	7.8281e-01	2.1719e-01	2.1250e-07	1.1755e-36	1.1755e-36	1.1755e-36	1.8818e-17	0.00e+00	0.00e+00	2.4177e+01
4.04308e+16	4.9981e+03	9.075e-18	4.6416e+03	1.1670e+03	8.9341e-09	7.4937e-01	2.5063e-01	9.9908e-01	9.1717e-04	1.4903e-12	4.1889e-11	4.2581e-04	9.9531e-01	4.2678e-03	1.1755e-36	7.9165e-01	2.0835e-01	1.9869e-07	1.1755e-36	1.1755e-36	1.1755e-36	2.0556e-17	0.00e+00	0.00e+00	2.4472e+01
4.04442e+16	4.8908e+03	8.557e-18	4.6416e+03	1.1222e+03	1.0746e-08	7.5903e-01	2.4097e-01	9.9908e-01	9.1584e-04	1.5181e-12	4.3897e-11	4.1178e-04	9.9550e-01	4.0862e-03	1.1755e-36	8.0027e-01	1.9973e-01	1.8586e-07	1.1755e-36	1.1755e-36	1.1755e-36	2.2468e-17	0.00e+00	0.00e+00	2.4767e+01
4.04548e+16	4.8125e+03	8.184e-18	4.6416e+03	1.0895e+03	1.2327e-08	7.6609e-01	2.3391e-01	9.9908e-01	9.1557e-04	1.5413e-12	4.5469e-11	4.0142e-04	9.9565e-01	3.9530e-03	1.1755e-36	8.0653e-01	1.9347e-01	1.7686e-07	1.1755e-36	1.1755e-36	1.1755e-36	2.4083e-17	0.00e+00	0.00e+00	2.4944e+01
4.04618e+16	4.7575e+03	7.934e-18	4.6416e+03	1.0665e+03	1.3572e-08	7.7071e-01	2.2929e-01	9.9908e-01	9.1605e-04	1.5596e-12	4.6533e-11	3.9412e-04	9.9574e-01	3.8664e-03	1.1755e-36	8.1064e-01	1.8936e-01	1.7106e-07	1.1755e-36	1.1755e-36	1.1755e-36	2.5239e-17	0.00e+00	0.00e+00	2.5083e+01
4.04682e+16	4.6998e+03	7.704e-18	4.6416e+03	1.0458e+03	1.5012e-08	7.7540e-01	2.2460e-01	9.9909e-01	9.1484e-04	1.5718e-12	4.7761e-11	3.8775e-04	9.9583e-01	3.7805e-03	1.1755e-36	8.1479e-01	1.8521e-01	1.6546e-07	1.1755e-36	1.1755e-36	1.1755e-36	2.6641e-17	0.00e+00	0.00e+00	2.5235e+01
4.04751e+16	4.6395e+03	7.463e-18	4.6416e+03	1.0237e+03	1.6691e-08	7.8022e-01	2.1978e-01	9.9909e-01	9.1406e-04	1.5867e-12	4.9074e-11	3.8090e-04	9.9593e-01	3.6924e-03	1.1755e-36	8.1904e-01	1.8096e-01	1.5979e-07	1.1755e-36	1.1755e-36	1.1755e-36	2.8221e-17	0.00e+00	0.00e+00	2.5395e+01
4.04820e+16	4.5781e+03	7.226e-18	4.6416e+03	1.0015e+03	1.8596e-08	7.8500e-01	2.1500e-01	9.9909e-01	9.1353e-04	1.6027e-12	5.0451e-11	3.7399e-04	9.9602e-01	3.6049e-03	1.1755e-36	8.2327e-01	1.7673e-01	1.5426e-07	1.1755e-36	1.1755e-36	1.1755e-36	2.9971e-17	0.00e+00	0.00e+00	2.5555e+01
4.04889e+16	4.5166e+03	6.998e-18	4.6416e+03	9.7980e+02	2.0727e-08	7.8967e-01	2.1033e-01	9.9909e-01	9.1306e-04	1.6187e-12	5.1883e-11	3.6726e-04	9.9611e-01	3.5202e-03	1.1755e-36	8.2737e-01	1.7263e-01	1.4900e-07	1.1755e-36	1.1755e-36	1.1755e-36	3.1897e-17	0.00e+00	0.00e+00	2.5712e+01
4.04956e+16	4.4557e+03	6.781e-18	4.6416e+03	9.5887e+02	2.3076e-08	7.9417e-01	2.0583e-01	9.9909e-01	9.1258e-04	1.6345e-12	5.3362e-11	3.6080e-04	9.9620e-01	3.4388e-03	1.1755e-36	8.3133e-01	1.6867e-01	1.4404e-07	1.1755e-36	1.1755e-36	1.1755e-36	3.3998e-17	0.00e+00	0.00e+00	2.5865e+01
4.05021e+16	4.3952e+03	6.574e-18	4.6416e+03	9.3861e+02	2.5662e-08	7.9854e-01	2.0146e-01	9.9909e-01	9.1211e-04	1.6500e-12	5.4893e-11	3.5456e-04	9.9629e-01	3.3602e-03	1.1755e-36	8.3516e-01	1.6484e-01	1.3933e-07	1.1755e-36	1.1755e-36	1.1755e-36	3.6297e-17	0.00e+00	0.00e+00	2.6017e+01
4.05086e+16	4.3346e+03	6.374e-18	4.6416e+03	9.1878e+02	2.8531e-08	8.0282e-01	1.9718e-01	9.9909e-01	9.1162e-04	1.6654e-12	5.6492e-11	3.4848e-04	9.9637e-01	3.2836e-03	1.1755e-36	8.3891e-01	1.6109e-01	1.3481e-07	1.1755e-36	1.1755e-36	1.1755e-36	3.8832e-17	0.00e+00	0.00e+00	2.6168e+01
4.05150e+16	4.2734e+03	6.180e-18	4.6416e+03	8.9922e+02	3.1723e-08	8.0703e-01	1.9297e-01	9.9909e-01	9.1115e-04	1.6809e-12	5.8166e-11	3.4251e-04	9.9645e-01	3.2087e-03	1.1755e-36	8.4260e-01	1.5740e-01	1.3045e-07	1.1755e-36	1.1755e-36	1.1755e-36	4.1636e-17	0.00e+00	0.00e+00	2.6319e+01
4.05213e+16	4.2118e+03	5.991e-18	4.6416e+03	8.8002e+02	3.5253e-08	8.1118e-01	1.8882e-01	9.9909e-01	9.1064e-04	1.6963e-12	5.9917e-11	3.3668e-04	9.9653e-01	3.1352e-03	1.1755e-36	8.4622e-01	1.5378e-01	1.2625e-07	1.1755e-36	1.1755e-36	1.1755e-36	4.4732e-17	0.00e+00	0.00e+00	2.6470e+01
4.05277e+16	4.1496e+03	5.808e-18	4.6416e+03	8.6107e+02	3.9149e-08	8.1528e-01	1.8472e-01	9.9909e-01	9.1012e-04	1.7117e-12	6.1743e-11	3.3095e-04	9.9661e-01	3.0629e-03	1.1755e-36	8.4979e-01	1.5021e-01	1.2218e-07	1.1755e-36	1.1755e-36	1.1755e-36	4.8136e-17	0.00e+00	0.00e+00	2.6622e+01
4.05341e+16	4.0862e+03	5.628e-18	4.6416e+03	8.4224e+02	4.3452e-08	8.1934e-01	1.8066e-01	9.9909e-01	9.0957e-04	1.7272e-12	6.3646e-11	3.2530e-04	9.9668e-01	2.9917e-03	1.1755e-36	8.5333e-01	1.4667e-01	1.1822e-07	1.1755e-36	1.1755e-36	1.1755e-36	5.1877e-17	0.00e+00	0.00e+00	2.6775e+01
4.05405e+16	4.0180e+03	5.452e-18	4.6416e+03	8.2304e+02	4.8427e-08	8.2341e-01	1.7659e-01	9.9909e-01	9.0892e-04	1.7426e-12	6.5665e-11	3.1964e-04	9.9676e-01	2.9207e-03	1.1755e-36	8.5688e-01	1.4312e-01	1.1437e-07	1.1755e-36	1.1755e-36	1.1755e-36	5.6088e-17	0.00e+00	0.00e+00	2.6930e+01
4.05468e+16	3.9569e+03	5.282e-18	4.6416e+03	8.0510e+02	5.3247e-08	8.2735e-01	1.7265e-01	9.9909e-01	9.0842e-04	1.7585e-12	6.7607e-11	3.1426e-04	9.9683e-01	2.8523e-03	1.1755e-36	8.6029e-01	1.3971e-01	1.1064e-07	1.1755e-36	1.1755e-36	1.1755e-36	6.0294e-17	0.00e+00	0.00e+00	2.7082e+01
###########################
1.17676e+12	8.0189e+03	6.116e-17	4.6416e+03	5.0296e+03	2.5099e-15	2.4136e-03	9.9759e-01	1.3046e-02	9.8449e-01	2.4676e-03	1.9603e-17	1.4108e-04	1.9655e-01	8.0244e-01	8.6236e-04	1.2921e-03	5.1759e-01	4.8074e-01	3.7087e-04	1.1755e-36	1.1755e-36	1.2451e-25	0.00e+00	0.00e+00	1.6647e-04
7.06055e+12	8.0152e+03	6.116e-17	4.6416e+03	5.0292e+03	2.5052e-15	2.4132e-03	9.9759e-01	1.3048e-02	9.8449e-01	2.4653e-03	1.9518e-17	1.4097e-04	1.9657e-01	8.0242e-01	8.6334e-04	1.2917e-03	5.1752e-01	4.8082e-01	3.6961e-04	1.1755e-36	1.1755e-36	1.2343e-25	0.00e+00	0.00e+00	8.3224e-04
3.05957e+13	8.0120e+03	6.109e-17	4.6416e+03	5.0291e+03	2.4743e-15	2.4119e-03	9.9759e-01	1.3053e-02	9.8450e-01	2.4498e-03	1.9245e-17	1.4081e-04	1.9663e-01	8.0237e-01	8.6099e-04	1.2913e-03	5.1759e-01	4.8075e-01	3.6428e-04	1.1755e-36	1.1755e-36	1.1994e-25	0.00e+00	0.00e+00	3.4939e-03
1.24736e+14	8.0017e+03	6.091e-17	4.6416e+03	5.0291e+03	2.5052e-15	2.4104e-03	9.9759e-01	1.3082e-02	9.8455e-01	2.3680e-03	1.9450e-17	1.4089e-04	1.9699e-01	8.0202e-01	8.5282e-04	1.2930e-03	5.1827e-01	4.8010e-01	3.4343e-04	1.1755e-36	1.1755e-36	1.2194e-25	0.00e+00	0.00e+00	1.4134e-02
2.97955e+14	7.9742e+03	6.020e-17	4.6416e+03	5.0291e+03	2.4859e-15	2.3847e-03	9.9762e-01	1.3066e-02	9.8461e-01	2.3213e-03	1.8999e-17	1.3972e-04	1.9692e-01	8.0209e-01	8.4653e-04	1.2806e-03	5.1827e-01	4.8013e-01	3.1702e-04	1.1755e-36	1.1755e-36	1.1760e-25	0.00e+00	0.00e+00	2.7818e-02
5.23140e+14	7.9414e+03	5.948e-17	4.6416e+03	5.0292e+03	2.4788e-15	2.3631e-03	9.9764e-01	1.3073e-02	9.8474e-01	2.1904e-03	1.8645e-17	1.3916e-04	1.9715e-01	8.0188e-01	8.3375e-04	1.2725e-03	5.1896e-01	4.7948e-01	2.8394e-04	1.1755e-36	1.1755e-36	1.1373e-25	0.00e+00	0.00e+00	4.5447e-02
8.15880e+14	7.9048e+03	5.869e-17	4.6416e+03	5.0292e+03	2.4781e-15	2.3436e-03	9.9766e-01	1.3102e-02	9.8492e-01	1.9802e-03	1.8352e-17	1.3892e-04	1.9764e-01	8.0141e-01	8.1480e-04	1.2679e-03	5.2038e-01	4.7811e-01	2.4469e-04	1.1755e-36	1.1755e-36	1.1011e-25	0.00e+00	0.00e+00	6.8175e-02
1.19644e+15	7.8602e+03	5.783e-17	4.6416e+03	5.0292e+03	2.4919e-15	2.3272e-03	9.9767e-01	1.3162e-02	9.8514e-01	1.6939e-03	1.8152e-17	1.3907e-04	1.9851e-01	8.0056e-01	7.8911e-04	1.2679e-03	5.2281e-01	4.7572e-01	2.0041e-04	1.1755e-36	1.1755e-36	1.0686e-25	0.00e+00	0.00e+00	9.7514e-02
1.69117e+15	7.8162e+03	5.685e-17	4.6416e+03	5.0291e+03	2.5035e-15	2.3131e-03	9.9769e-01	1.3254e-02	9.8540e-01	1.3499e-03	1.8010e-17	1.3964e-04	1.9978e-01	7.9932e-01	7.5781e-04	1.2730e-03	5.2643e-01	4.7214e-01	1.5369e-04	1.1755e-36	1.1755e-36	1.0368e-25	0.00e+00	0.00e+00	1.3542e-01
2.33432e+15	7.7646e+03	5.579e-17	4.6416e+03	5.0289e+03	2.5366e-15	2.3050e-03	9.9770e-01	1.3403e-02	9.8562e-01	9.8110e-04	1.8049e-17	1.4092e-04	2.0175e-01	7.9739e-01	7.2119e-04	1.2863e-03	5.3173e-01	4.6687e-01	1.0816e-04	1.1755e-36	1.1755e-36	1.0136e-25	0.00e+00	0.00e+00	1.8454e-01
3.17042e+15	7.7114e+03	5.464e-17	4.6416e+03	5.0287e+03	2.5832e-15	2.3051e-03	9.9769e-01	1.3626e-02	9.8574e-01	6.3529e-04	1.8291e-17	1.4315e-04	2.0462e-01	7.9455e-01	6.8130e-04	1.3103e-03	5.3907e-01	4.5955e-01	6.8217e-05	1.1755e-36	1.1755e-36	9.9833e-26	0.00e+00	0.00e+00	2.4838e-01
4.25734e+15	7.6541e+03	5.345e-17	4.6416e+03	5.0284e+03	2.6649e-15	2.3194e-03	9.9768e-01	1.3965e-02	9.8568e-01	3.5641e-04	1.8918e-17	1.4691e-04	2.0889e-01	7.9033e-01	6.3895e-04	1.3507e-03	5.4907e-01	4.4954e-01	3.7438e-05	1.1755e-36	1.1755e-36	1.0015e-25	0.00e+00	0.00e+00	3.3190e-01
5.67034e+15	7.5985e+03	5.222e-17	4.6416e+03	5.0279e+03	2.7928e-15	2.3552e-03	9.9764e-01	1.4476e-02	9.8536e-01	1.6800e-04	2.0164e-17	1.5294e-04	2.1516e-01	7.8410e-01	5.9420e-04	1.4152e-03	5.6253e-01	4.3603e-01	1.7278e-05	1.1755e-36	1.1755e-36	1.0348e-25	0.00e+00	0.00e+00	4.4215e-01
7.50724e+15	7.5461e+03	5.105e-17	4.6416e+03	5.0273e+03	3.0022e-15	2.4268e-03	9.9757e-01	1.5271e-02	9.8467e-01	6.4301e-05	2.2510e-17	1.6263e-04	2.2455e-01	7.7474e-01	5.4469e-04	1.5187e-03	5.8088e-01	4.1759e-01	6.4440e-06	1.1755e-36	1.1755e-36	1.1207e-25	0.00e+00	0.00e+00	5.8983e-01
9.89521e+15	7.5004e+03	5.001e-17	4.6416e+03	5.0260e+03	3.3645e-15	2.5589e-03	9.9744e-01	1.6544e-02	9.8344e-01	1.9298e-05	2.7056e-17	1.7860e-04	2.3901e-01	7.6033e-01	4.8665e-04	1.6889e-03	6.0639e-01	3.9192e-01	1.8628e-06	1.1755e-36	1.1755e-36	1.3137e-25	0.00e+00	0.00e+00	7.9227e-01
1.29996e+16	7.4734e+03	4.925e-17	4.6416e+03	5.0237e+03	4.0191e-15	2.7978e-03	9.9720e-01	1.8694e-02	9.8130e-01	4.4267e-06	3.6549e-17	2.0550e-04	2.6199e-01	7.3739e-01	4.1614e-04	1.9808e-03	6.4243e-01	3.5559e-01	4.0444e-07	1.1755e-36	1.1755e-36	1.7545e-25	0.00e+00	0.00e+00	1.0800e+00
1.60412e+16	7.4645e+03	4.880e-17	4.6416e+03	5.0211e+03	4.8165e-15	3.0850e-03	9.9691e-01	2.1354e-02	9.7864e-01	1.0963e-06	4.9824e-17	2.3748e-04	2.8830e-01	7.1111e-01	3.5369e-04	2.3343e-03	6.7889e-01	3.1878e-01	1.1755e-36	1.1755e-36	1.1755e-36	2.3830e-25	0.00e+00	0.00e+00	1.3127e+00
1.82481e+16	7.4839e+03	4.892e-17	4.6416e+03	5.0185e+03	5.6765e-15	3.3794e-03	9.9662e-01	2.4051e-02	9.7595e-01	4.4871e-07	6.6538e-17	2.6898e-04	3.1280e-01	6.8663e-01	3.0846e-04	2.6909e-03	7.0869e-01	2.8862e-01	1.1755e-36	1.1755e-36	1.1755e-36	3.2348e-25	0.00e+00	0.00e+00	1.4949e+00
2.00035e+16	7.5106e+03	4.928e-17	4.6416e+03	5.0161e+03	6.6675e-15	3.6885e-03	9.9631e-01	2.6936e-02	9.7306e-01	2.3223e-07	8.8145e-17	3.0127e-04	3.3684e-01	6.6259e-01	2.7149e-04	3.0660e-03	7.3491e-01	2.6203e-01	1.1755e-36	1.1755e-36	1.1755e-36	4.3977e-25	0.00e+00	0.00e+00	1.6756e+00
2.19252e+16	7.5466e+03	4.982e-17	4.6416e+03	5.0123e+03	8.2081e-15	4.1215e-03	9.9588e-01	3.1109e-02	9.6889e-01	1.1622e-07	1.2604e-16	3.4582e-04	3.6862e-01	6.3080e-01	2.3012e-04	3.5981e-03	7.6589e-01	2.3051e-01	1.1755e-36	1.1755e-36	1.1755e-36	6.5325e-25	0.00e+00	0.00e+00	1.9380e+00
2.39269e+16	7.5951e+03	5.065e-17	4.6416e+03	5.0070e+03	1.0410e-14	4.6895e-03	9.9531e-01	3.6901e-02	9.6310e-01	5.9856e-08	1.8871e-16	4.0221e-04	4.0759e-01	5.9182e-01	1.8917e-04	4.3058e-03	7.9901e-01	1.9668e-01	1.1755e-36	1.1755e-36	1.1755e-36	1.0278e-24	0.00e+00	0.00e+00	2.1896e+00
2.55203e+16	7.6437e+03	5.155e-17	4.6416e+03	5.0019e+03	1.2970e-14	5.2849e-03	9.9472e-01	4.3470e-02	9.5653e-01	3.6567e-08	2.7268e-16	4.5914e-04	4.4562e-01	5.5376e-01	1.5666e-04	5.0561e-03	8.2681e-01	1.6813e-01	1.1755e-36	1.1755e-36	1.1755e-36	1.5619e-24	0.00e+00	0.00e+00	2.3997e+00
2.67657e+16	7.6901e+03	5.238e-17	4.6416e+03	4.9976e+03	1.5767e-14	5.8713e-03	9.9413e-01	5.0528e-02	9.4947e-01	2.5167e-08	3.7696e-16	5.1250e-04	4.8065e-01	5.1870e-01	1.3136e-04	5.8026e-03	8.4919e-01	1.4501e-01	1.1755e-36	1.1755e-36	1.1755e-36	2.2692e-24	0.00e+00	0.00e+00	2.5950e+00
2.78927e+16	7.7179e+03	5.325e-17	4.6416e+03	4.9899e+03	1.9377e-14	6.5349e-03	9.9347e-01	5.8962e-02	9.4104e-01	1.7922e-08	5.1892e-16	5.7088e-04	5.1734e-01	4.8198e-01	1.0859e-04	6.6513e-03	8.6960e-01	1.2375e-01	1.1755e-36	1.1755e-36	1.1755e-36	3.2680e-24	0.00e+00	0.00e+00	2.8093e+00
2.89549e+16	7.7654e+03	5.415e-17	4.6416e+03	4.9841e+03	2.3774e-14	7.2917e-03	9.9271e-01	6.9749e-02	9.3025e-01	1.3176e-08	7.2002e-16	6.3263e-04	5.5606e-01	4.4322e-01	8.8253e-05	7.6252e-03	8.8851e-01	1.0386e-01	1.1755e-36	1.1755e-36	1.1755e-36	4.7928e-24	0.00e+00	0.00e+00	3.0242e+00
2.98699e+16	7.7904e+03	5.509e-17	4.6416e+03	4.9743e+03	2.9262e-14	8.1104e-03	9.9189e-01	8.2408e-02	9.1759e-01	1.0125e-08	9.7988e-16	6.9594e-04	5.9411e-01	4.0512e-01	7.1265e-05	8.6789e-03	9.0451e-01	8.6814e-02	1.1755e-36	1.1755e-36	1.1755e-36	6.8575e-24	0.00e+00	0.00e+00	3.2201e+00
3.06516e+16	7.8276e+03	5.592e-17	4.6416e+03	4.9661e+03	3.5245e-14	8.9474e-03	9.9105e-01	9.7114e-02	9.0289e-01	8.0791e-09	1.3021e-15	7.5465e-04	6.2983e-01	3.6936e-01	5.7561e-05	9.7599e-03	9.1770e-01	7.2537e-02	1.1755e-36	1.1755e-36	1.1755e-36	9.5906e-24	0.00e+00	0.00e+00	3.4139e+00
3.13316e+16	7.8455e+03	5.673e-17	4.6416e+03	4.9539e+03	4.2471e-14	9.8321e-03	9.9017e-01	1.1411e-01	8.8589e-01	6.6068e-09	1.6980e-15	8.1282e-04	6.6376e-01	3.3538e-01	4.6312e-05	1.0900e-02	9.2861e-01	6.0488e-02	1.1755e-36	1.1755e-36	1.1755e-36	1.3100e-23	0.00e+00	0.00e+00	3.5929e+00
3.19084e+16	7.8746e+03	5.743e-17	4.6416e+03	4.9439e+03	4.9990e-14	1.0706e-02	9.8929e-01	1.3334e-01	8.6666e-01	5.5601e-09	2.1595e-15	8.6434e-04	6.9439e-01	3.0471e-01	3.7478e-05	1.2027e-02	9.3735e-01	5.0628e-02	1.1755e-36	1.1755e-36	1.1755e-36	1.7443e-23	0.00e+00	0.00e+00	3.7600e+00
3.24115e+16	7.8869e+03	5.806e-17	4.6416e+03	4.9296e+03	5.8776e-14	1.1605e-02	9.8840e-01	1.5505e-01	8.4495e-01	4.7324e-09	2.6994e-15	9.1362e-04	7.2259e-01	2.7646e-01	3.0304e-05	1.3184e-02	9.4443e-01	4.2387e-02	1.1755e-36	1.1755e-36	1.1755e-36	2.2715e-23	0.00e+00	0.00e+00	3.9211e+00
3.28667e+16	7.9083e+03	5.864e-17	4.6416e+03	4.9175e+03	6.8319e-14	1.2533e-02	9.8747e-01	1.8070e-01	8.1930e-01	4.0712e-09	3.3439e-15	9.5883e-04	7.4900e-01	2.5002e-01	2.4382e-05	1.4377e-02	9.5034e-01	3.5287e-02	1.1755e-36	1.1755e-36	1.1755e-36	2.9337e-23	0.00e+00	0.00e+00	4.0815e+00
3.32829e+16	7.9186e+03	5.914e-17	4.6416e+03	4.8993e+03	7.9561e-14	1.3513e-02	9.8649e-01	2.1063e-01	7.8937e-01	3.4991e-09	4.1089e-15	1.0023e-03	7.7369e-01	2.2529e-01	1.9475e-05	1.5633e-02	9.5520e-01	2.9166e-02	1.1755e-36	1.1755e-36	1.1755e-36	3.7451e-23	0.00e+00	0.00e+00	4.2383e+00
3.36601e+16	7.9302e+03	5.954e-17	4.6416e+03	4.8782e+03	9.1921e-14	1.4515e-02	9.8549e-01	2.4489e-01	7.5511e-01	2.9985e-09	4.9958e-15	1.0407e-03	7.9611e-01	2.0283e-01	1.5515e-05	1.6915e-02	9.5910e-01	2.3982e-02	1.1755e-36	1.1755e-36	1.1755e-36	4.7205e-23	0.00e+00	0.00e+00	4.3908e+00
3.40047e+16	7.9405e+03	5.998e-17	4.6416e+03	4.8632e+03	1.0608e-13	1.5573e-02	9.8443e-01	2.8586e-01	7.1414e-01	2.5928e-09	6.0694e-15	1.0772e-03	8.1682e-01	1.8209e-01	1.2265e-05	1.8262e-02	9.6219e-01	1.9544e-02	1.1755e-36	1.1755e-36	1.1755e-36	5.9479e-23	0.00e+00	0.00e+00	4.5417e+00
3.43182e+16	7.9476e+03	6.029e-17	4.6416e+03	4.8422e+03	1.2178e-13	1.6652e-02	9.8335e-01	3.3225e-01	6.6775e-01	2.2278e-09	7.3025e-15	1.1094e-03	8.3524e-01	1.6364e-01	9.6819e-06	1.9634e-02	9.6453e-01	1.5832e-02	1.1755e-36	1.1755e-36	1.1755e-36	7.3876e-23	0.00e+00	0.00e+00	4.6863e+00
3.46034e+16	7.9516e+03	6.050e-17	4.6416e+03	4.8179e+03	1.3921e-13	1.7754e-02	9.8225e-01	3.8344e-01	6.1656e-01	1.8867e-09	8.7178e-15	1.1377e-03	8.5134e-01	1.4752e-01	7.6436e-06	2.1029e-02	9.6621e-01	1.2762e-02	1.1755e-36	1.1755e-36	1.1755e-36	9.0736e-23	0.00e+00	0.00e+00	4.8289e+00
3.48737e+16	7.9551e+03	6.062e-17	4.6416e+03	4.7911e+03	1.5905e-13	1.8915e-02	9.8108e-01	4.4135e-01	5.5865e-01	1.5743e-09	1.0402e-14	1.1623e-03	8.6574e-01	1.3309e-01	5.9905e-06	2.2495e-02	9.6735e-01	1.0157e-02	1.1755e-36	1.1755e-36	1.1755e-36	1.1116e-22	0.00e+00	0.00e+00	4.9768e+00
3.51396e+16	7.9550e+03	6.067e-17	4.6416e+03	4.7602e+03	1.8293e-13	2.0193e-02	9.7981e-01	5.0744e-01	4.9256e-01	1.2790e-09	1.2493e-14	1.1843e-03	8.7884e-01	1.1997e-01	4.6249e-06	2.4102e-02	9.6799e-01	7.9127e-03	1.1755e-36	1.1755e-36	1.1755e-36	1.3696e-22	0.00e+00	0.00e+00	5.1336e+00
3.54442e+16	7.9496e+03	6.066e-17	4.6416e+03	4.7229e+03	2.1773e-13	2.1874e-02	9.7813e-01	5.9227e-01	4.0773e-01	9.6058e-10	1.5632e-14	1.2073e-03	8.9230e-01	1.0649e-01	3.3475e-06	2.6205e-02	9.6804e-01	5.7537e-03	1.1755e-36	1.1755e-36	1.1755e-36	1.7672e-22	0.00e+00	0.00e+00	5.3544e+00
3.57709e+16	7.9441e+03	6.061e-17	4.6416e+03	4.6784e+03	2.6486e-13	2.3943e-02	9.7606e-01	6.8812e-01	3.1188e-01	6.6502e-10	2.0058e-14	1.2275e-03	9.0440e-01	9.4370e-02	2.3270e-06	2.8781e-02	9.6728e-01	3.9389e-03	1.1755e-36	1.1755e-36	1.1755e-36	2.3504e-22	0.00e+00	0.00e+00	5.5712e+00
3.60687e+16	7.9375e+03	6.053e-17	4.6416e+03	4.6323e+03	3.2049e-13	2.6148e-02	9.7385e-01	7.7161e-01	2.2839e-01	4.4416e-10	2.5351e-14	1.2418e-03	9.1345e-01	8.5304e-02	1.6355e-06	3.1516e-02	9.6579e-01	2.6925e-03	1.1755e-36	1.1755e-36	1.1755e-36	3.0896e-22	0.00e+00	0.00e+00	5.7907e+00
3.63981e+16	7.9259e+03	6.056e-17	4.6416e+03	4.5868e+03	4.0295e-13	2.9076e-02	9.7092e-01	8.4826e-01	1.5174e-01	2.6622e-10	3.3115e-14	1.2561e-03	9.2162e-01	7.7121e-02	1.0800e-06	3.5130e-02	9.6315e-01	1.7192e-03	1.1755e-36	1.1755e-36	1.1755e-36	4.2849e-22	0.00e+00	0.00e+00	6.1080e+00
3.68263e+16	7.9126e+03	6.093e-17	4.6416e+03	4.5392e+03	5.5505e-13	3.3842e-02	9.6616e-01	9.1669e-01	8.3309e-02	1.2879e-10	4.7212e-14	1.2738e-03	9.3005e-01	6.8671e-02	6.1489e-07	4.0989e-02	9.5808e-01	9.3232e-04	1.1755e-36	1.1755e-36	1.1755e-36	6.8106e-22	0.00e+00	0.00e+00	6.5881e+00
3.72898e+16	7.9078e+03	6.166e-17	4.6416e+03	4.4901e+03	8.1434e-13	4.0817e-02	9.5918e-01	9.5854e-01	4.1456e-02	5.6634e-11	7.0876e-14	1.2901e-03	9.3758e-01	6.1134e-02	3.2558e-07	4.9530e-02	9.5001e-01	4.6380e-04	1.1755e-36	1.1755e-36	1.1755e-36	1.1983e-21	0.00e+00	0.00e+00	7.1180e+00
3.77238e+16	7.8964e+03	6.249e-17	4.6416e+03	4.4397e+03	1.2447e-12	5.0149e-02	9.4985e-01	9.7841e-01	2.1592e-02	2.6392e-11	1.0903e-13	1.3035e-03	9.4430e-01	5.4395e-02	1.7072e-07	6.0913e-02	9.3885e-01	2.3421e-04	1.1755e-36	1.1755e-36	1.1755e-36	2.2325e-21	0.00e+00	0.00e+00	7.7428e+00
3.81213e+16	7.8832e+03	6.299e-17	4.6416e+03	4.3718e+03	1.9667e-12	6.2445e-02	9.3755e-01	9.8789e-01	1.2110e-02	1.3486e-11	1.7158e-13	1.3087e-03	9.5049e-01	4.8197e-02	1.1755e-36	7.5848e-02	9.2403e-01	1.2196e-04	1.1755e-36	1.1755e-36	1.1755e-36	4.3564e-21	0.00e+00	0.00e+00	8.4199e+00
3.84195e+16	7.8651e+03	6.318e-17	4.6416e+03	4.3065e+03	2.9880e-12	7.5979e-02	9.2402e-01	9.9199e-01	8.0090e-03	8.3946e-12	2.5808e-13	1.3087e-03	9.5545e-01	4.3244e-02	1.1755e-36	9.2192e-02	9.0774e-01	7.3034e-05	1.1755e-36	1.1755e-36	1.1755e-36	8.0180e-21	0.00e+00	0.00e+00	8.9239e+00
3.86109e+16	7.8479e+03	6.306e-17	4.6416e+03	4.2555e+03	4.0880e-12	8.7789e-02	9.1221e-01	9.9382e-01	6.1790e-03	6.2395e-12	3.4965e-13	1.3063e-03	9.5891e-01	3.9779e-02	1.1755e-36	1.0638e-01	8.9357e-01	5.1435e-05	1.1755e-36	1.1755e-36	1.1755e-36	1.2663e-20	0.00e+00	0.00e+00	9.3269e+00
3.87648e+16	7.8274e+03	6.266e-17	4.6416e+03	4.2013e+03	5.3924e-12	9.9501e-02	9.0050e-01	9.9500e-01	5.0012e-03	4.9043e-12	4.5510e-13	1.3005e-03	9.6182e-01	3.6877e-02	1.1755e-36	1.2037e-01	8.7959e-01	3.8115e-05	1.1755e-36	1.1755e-36	1.1755e-36	1.8834e-20	0.00e+00	0.00e+00	9.7677e+00
3.89387e+16	7.7965e+03	6.167e-17	4.6416e+03	4.1163e+03	7.5697e-12	1.1565e-01	8.8435e-01	9.9608e-01	3.9236e-03	3.7338e-12	6.2391e-13	1.2866e-03	9.6518e-01	3.3535e-02	1.1755e-36	1.3955e-01	8.6043e-01	2.6620e-05	1.1755e-36	1.1755e-36	1.1755e-36	3.0284e-20	0.00e+00	0.00e+00	1.0434e+01
3.91278e+16	7.7525e+03	6.009e-17	4.6416e+03	4.0045e+03	1.1468e-11	1.3860e-01	8.6140e-01	9.9695e-01	3.0460e-03	2.8252e-12	9.1403e-13	1.2651e-03	9.6892e-01	2.9819e-02	1.1755e-36	1.6657e-01	8.3342e-01	1.7672e-05	1.1755e-36	1.1755e-36	1.1755e-36	5.3966e-20	0.00e+00	0.00e+00	1.1172e+01
3.92872e+16	7.7000e+03	5.806e-17	4.6416e+03	3.8824e+03	1.7243e-11	1.6484e-01	8.3516e-01	9.9752e-01	2.4822e-03	2.2696e-12	1.3204e-12	1.2385e-03	9.7225e-01	2.6516e-02	1.1755e-36	1.9709e-01	8.0290e-01	1.2154e-05	1.1755e-36	1.1755e-36	1.1755e-36	9.4370e-20	0.00e+00	0.00e+00	1.1835e+01
3.94102e+16	7.6441e+03	5.579e-17	4.6416e+03	3.7606e+03	2.4657e-11	1.9100e-01	8.0900e-01	9.9787e-01	2.1251e-03	1.9333e-12	1.8079e-12	1.2095e-03	9.7493e-01	2.3861e-02	1.1755e-36	2.2717e-01	7.7282e-01	8.8778e-06	1.1755e-36	1.1755e-36	1.1755e-36	1.5230e-19	0.00e+00	0.00e+00	1.2444e+01
3.95160e+16	7.5805e+03	5.323e-17	4.6416e+03	3.6317e+03	3.4670e-11	2.1870e-01	7.8130e-01	9.9814e-01	1.8605e-03	1.6934e-12	2.4181e-12	1.1769e-03	9.7730e-01	2.1519e-02	1.1755e-36	2.5863e-01	7.4136e-01	6.6312e-06	1.1755e-36	1.1755e-36	1.1755e-36	2.3741e-19	0.00e+00	0.00e+00	1.3103e+01
3.96254e+16	7.4940e+03	4.988e-17	4.6416e+03	3.4703e+03	5.1147e-11	2.5357e-01	7.4643e-01	9.9838e-01	1.6223e-03	1.4866e-12	3.3304e-12	1.1342e-03	9.7980e-01	1.9066e-02	1.1755e-36	2.9766e-01	7.0234e-01	4.7903e-06	1.1755e-36	1.1755e-36	1.1755e-36	3.8747e-19	0.00e+00	0.00e+00	1.3964e+01
3.97332e+16	7.3829e+03	4.578e-17	4.6416e+03	3.2743e+03	7.8273e-11	2.9560e-01	7.0440e-01	9.9856e-01	1.4355e-03	1.3397e-12	4.6538e-12	1.0801e-03	9.8222e-01	1.6695e-02	1.1755e-36	3.4389e-01	6.5610e-01	3.4065e-06	1.1755e-36	1.1755e-36	1.1755e-36	6.4754e-19	0.00e+00	0.00e+00	1.4828e+01
3.98163e+16	7.2726e+03	4.200e-17	4.6416e+03	3.0925e+03	1.1291e-10	3.3470e-01	6.6530e-01	9.9868e-01	1.3173e-03	1.2597e-12	6.1201e-12	1.0285e-03	9.8409e-01	1.4883e-02	1.1755e-36	3.8611e-01	6.1389e-01	2.5712e-06	1.1755e-36	1.1755e-36	1.1755e-36	9.8730e-19	0.00e+00	0.00e+00	1.5481e+01
3.98723e+16	7.1909e+03	3.912e-17	4.6416e+03	2.9542e+03	1.4638e-10	3.6426e-01	6.3574e-01	9.9875e-01	1.2488e-03	1.2215e-12	7.3864e-12	9.8811e-04	9.8533e-01	1.3685e-02	1.1755e-36	4.1751e-01	5.8249e-01	2.1062e-06	1.1755e-36	1.1755e-36	1.1755e-36	1.3204e-18	0.00e+00	0.00e+00	1.5965e+01
3.99143e+16	7.1033e+03	3.684e-17	4.6416e+03	2.8419e+03	1.8235e-10	3.8869e-01	6.1131e-01	9.9880e-01	1.1998e-03	1.1951e-12	8.5485e-12	9.5554e-04	9.8627e-01	1.2771e-02	1.1755e-36	4.4318e-01	5.5682e-01	1.7995e-06	1.1755e-36	1.1755e-36	1.1755e-36	1.6534e-18	0.00e+00	0.00e+00	1.6406e+01
3.99533e+16	7.0204e+03	3.460e-17	4.6416e+03	2.7306e+03	2.2446e-10	4.1264e-01	5.8736e-01	9.9884e-01	1.1576e-03	1.1767e-12	9.7857e-12	9.2261e-04	9.8714e-01	1.1938e-02	1.1755e-36	4.6806e-01	5.3194e-01	1.5467e-06	1.1755e-36	1.1755e-36	1.1755e-36	2.0370e-18	0.00e+00	0.00e+00	1.6880e+01
3.99921e+16	6.9289e+03	3.228e-17	4.6416e+03	2.6138e+03	2.7866e-10	4.3777e-01	5.6223e-01	9.9888e-01	1.1192e-03	1.1642e-12	1.1196e-11	8.8774e-04	9.8798e-01	1.1128e-02	1.1755e-36	4.9388e-01	5.0611e-01	1.3252e-06	1.1755e-36	1.1755e-36	1.1755e-36	2.5078e-18	0.00e+00	0.00e+00	1.7373e+01
4.00286e+16	6.8338e+03	3.006e-17	4.6416e+03	2.4992e+03	3.4453e-10	4.6242e-01	5.3758e-01	9.9891e-01	1.0878e-03	1.1594e-12	1.2694e-11	8.5321e-04	9.8876e-01	1.0390e-02	1.1755e-36	5.1894e-01	4.8106e-01	1.1430e-06	1.1755e-36	1.1755e-36	1.1755e-36	3.0445e-18	0.00e+00	0.00e+00	1.7840e+01
4.00608e+16	6.7412e+03	2.807e-17	4.6416e+03	2.3938e+03	4.1931e-10	4.8507e-01	5.1493e-01	9.9894e-01	1.0629e-03	1.1604e-12	1.4175e-11	8.2124e-04	9.8943e-01	9.7523e-03	1.1755e-36	5.4172e-01	4.5828e-01	1.0000e-06	1.1755e-36	1.1755e-36	1.1755e-36	3.6101e-18	0.00e+00	0.00e+00	1.8267e+01
4.00894e+16	6.6511e+03	2.629e-17	4.6416e+03	2.2971e+03	5.0345e-10	5.0587e-01	4.9413e-01	9.9896e-01	1.0427e-03	1.1652e-12	1.5628e-11	7.9170e-04	9.9001e-01	9.1955e-03	1.1755e-36	5.6245e-01	4.3755e-01	8.8552e-07	1.1755e-36	1.1755e-36	1.1755e-36	4.1966e-18	0.00e+00	0.00e+00	1.8672e+01
4.01161e+16	6.5604e+03	2.462e-17	4.6416e+03	2.2049e+03	6.0112e-10	5.2570e-01	4.7430e-01	9.9897e-01	1.0255e-03	1.1730e-12	1.7097e-11	7.6337e-04	9.9055e-01	8.6884e-03	1.1755e-36	5.8202e-01	4.1798e-01	7.8912e-07	1.1755e-36	1.1755e-36	1.1755e-36	4.8200e-18	0.00e+00	0.00e+00	1.9071e+01
4.01414e+16	6.4677e+03	2.304e-17	4.6416e+03	2.1153e+03	7.1675e-10	5.4495e-01	4.5505e-01	9.9899e-01	1.0107e-03	1.1839e-12	1.8604e-11	7.3569e-04	9.9105e-01	8.2163e-03	1.1755e-36	6.0087e-01	3.9913e-01	7.0578e-07	1.1755e-36	1.1755e-36	1.1755e-36	5.4902e-18	0.00e+00	0.00e+00	1.9467e+01
4.01621e+16	6.3893e+03	2.181e-17	4.6416e+03	2.0435e+03	8.2852e-10	5.6045e-01	4.3955e-01	9.9900e-01	1.0005e-03	1.1958e-12	1.9880e-11	7.1341e-04	9.9143e-01	7.8535e-03	1.1755e-36	6.1593e-01	3.8407e-01	6.4560e-07	1.1755e-36	1.1755e-36	1.1755e-36	6.0810e-18	0.00e+00	0.00e+00	1.9740e+01
4.01773e+16	6.3189e+03	2.092e-17	4.6416e+03	1.9919e+03	9.3558e-10	5.7266e-01	4.2734e-01	9.9901e-01	9.9198e-04	1.2014e-12	2.0971e-11	6.9764e-04	9.9173e-01	7.5719e-03	1.1755e-36	6.2772e-01	3.7227e-01	6.0255e-07	1.1755e-36	1.1755e-36	1.1755e-36	6.6070e-18	0.00e+00	0.00e+00	1.9970e+01
4.01912e+16	6.2705e+03	2.005e-17	4.6416e+03	1.9384e+03	1.0279e-09	5.8291e-01	4.1709e-01	9.9901e-01	9.8761e-04	1.2172e-12	2.1818e-11	6.8055e-04	9.9198e-01	7.3421e-03	1.1755e-36	6.3757e-01	3.6243e-01	5.6655e-07	1.1755e-36	1.1755e-36	1.1755e-36	7.0175e-18	0.00e+00	0.00e+00	2.0211e+01
4.02068e+16	6.1967e+03	1.910e-17	4.6416e+03	1.8804e+03	1.1684e-09	5.9550e-01	4.0450e-01	9.9902e-01	9.7973e-04	1.2283e-12	2.2968e-11	6.6247e-04	9.9228e-01	7.0624e-03	1.1755e-36	6.4963e-01	3.5037e-01	5.2638e-07	1.1755e-36	1.1755e-36	1.1755e-36	7.5944e-18	0.00e+00	0.00e+00	2.0511e+01
4.02239e+16	6.1185e+03	1.810e-17	4.6416e+03	1.8181e+03	1.3401e-09	6.0891e-01	3.9109e-01	9.9903e-01	9.7303e-04	1.2439e-12	2.4229e-11	6.4286e-04	9.9258e-01	6.7742e-03	1.1755e-36	6.6235e-01	3.3764e-01	4.8660e-07	1.1755e-36	1.1755e-36	1.1755e-36	8.2472e-18	0.00e+00	0.00e+00	2.0813e+01
4.02401e+16	6.0404e+03	1.718e-17	4.6416e+03	1.7590e+03	1.5335e-09	6.2162e-01	3.7838e-01	9.9903e-01	9.6734e-04	1.2605e-12	2.5469e-11	6.2422e-04	9.9287e-01	6.5071e-03	1.1755e-36	6.7438e-01	3.2562e-01	4.5144e-07	1.1755e-36	1.1755e-36	1.1755e-36	8.9088e-18	0.00e+00	0.00e+00	2.1096e+01
4.02553e+16	5.9634e+03	1.633e-17	4.6416e+03	1.7034e+03	1.7490e-09	6.3359e-01	3.6641e-01	9.9904e-01	9.6238e-04	1.2774e-12	2.6678e-11	6.0664e-04	9.9313e-01	6.2609e-03	1.1755e-36	6.8564e-01	3.1436e-01	4.2045e-07	1.1755e-36	1.1755e-36	1.1755e-36	9.5729e-18	0.00e+00	0.00e+00	2.1372e+01
4.02702e+16	5.8850e+03	1.551e-17	4.6416e+03	1.6488e+03	1.9981e-09	6.4532e-01	3.5468e-01	9.9904e-01	9.5793e-04	1.2954e-12	2.7903e-11	5.8931e-04	9.9339e-01	6.0244e-03	1.1755e-36	6.9661e-01	3.0339e-01	3.9190e-07	1.1755e-36	1.1755e-36	1.1755e-36	1.0265e-17	0.00e+00	0.00e+00	2.1653e+01
4.02851e+16	5.8037e+03	1.470e-17	4.6416e+03	1.5941e+03	2.2932e-09	6.5705e-01	3.4295e-01	9.9905e-01	9.5396e-04	1.3153e-12	2.9170e-11	5.7188e-04	9.9364e-01	5.7924e-03	1.1755e-36	7.0754e-01	2.9246e-01	3.6499e-07	1.1755e-36	1.1755e-36	1.1755e-36	1.1005e-17	0.00e+00	0.00e+00	2.1942e+01
4.03001e+16	5.7147e+03	1.392e-17	4.6416e+03	1.5403e+03	2.6599e-09	6.6896e-01	3.3104e-01	9.9905e-01	9.4946e-04	1.3340e-12	3.0538e-11	5.5484e-04	9.9388e-01	5.5619e-03	1.1755e-36	7.1857e-01	2.8143e-01	3.3957e-07	1.1755e-36	1.1755e-36	1.1755e-36	1.1836e-17	0.00e+00	0.00e+00	2.2234e+01
4.03147e+16	5.6278e+03	1.318e-17	4.6416e+03	1.4875e+03	3.0780e-09	6.8033e-01	3.1967e-01	9.9905e-01	9.4625e-04	1.3558e-12	3.1876e-11	5.3797e-04	9.9412e-01	5.3461e-03	1.1755e-36	7.2905e-01	2.7095e-01	3.1655e-07	1.1755e-36	1.1755e-36	1.1755e-36	1.2678e-17	0.00e+00	0.00e+00	2.2520e+01
4.03290e+16	5.5395e+03	1.248e-17	4.6416e+03	1.4362e+03	3.5711e-09	6.9140e-01	3.0860e-01	9.9906e-01	9.4338e-04	1.3785e-12	3.3241e-11	5.2155e-04	9.9434e-01	5.1399e-03	1.1755e-36	7.3921e-01	2.6079e-01	2.9537e-07	1.1755e-36	1.1755e-36	1.1755e-36	1.3575e-17	0.00e+00	0.00e+00	2.2808e+01
4.03432e+16	5.4482e+03	1.180e-17	4.6416e+03	1.3856e+03	4.1650e-09	7.0232e-01	2.9768e-01	9.9906e-01	9.4083e-04	1.4023e-12	3.4660e-11	5.0531e-04	9.9455e-01	4.9400e-03	1.1755e-36	7.4919e-01	2.5081e-01	2.7560e-07	1.1755e-36	1.1755e-36	1.1755e-36	1.4554e-17	0.00e+00	0.00e+00	2.3100e+01
4.03573e+16	5.3540e+03	1.115e-17	4.6416e+03	1.3356e+03	4.8845e-09	7.1310e-01	2.8690e-01	9.9906e-01	9.3860e-04	1.4274e-12	3.6146e-11	4.8928e-04	9.9476e-01	4.7467e-03	1.1755e-36	7.5898e-01	2.4102e-01	2.5717e-07	1.1755e-36	1.1755e-36	1.1755e-36	1.5637e-17	0.00e+00	0.00e+00	2.3394e+01
4.03713e+16	5.2574e+03	1.052e-17	4.6416e+03	1.2868e+03	5.7563e-09	7.2362e-01	2.7638e-01	9.9906e-01	9.3662e-04	1.4535e-12	3.7701e-11	4.7358e-04	9.9497e-01	4.5613e-03	1.1755e-36	7.6850e-01	2.3150e-01	2.4009e-07	1.1755e-36	1.1755e-36	1.1755e-36	1.6843e-17	0.00e+00	0.00e+00	2.3689e+01
4.03851e+16	5.1559e+03	9.934e-18	4.6416e+03	1.2388e+03	6.8408e-09	7.3389e-01	2.6611e-01	9.9907e-01	9.3490e-04	1.4804e-12	3.9351e-11	4.5818e-04	9.9516e-01	4.3839e-03	1.1755e-36	7.7776e-01	2.2224e-01	2.2433e-07	1.1755e-36	1.1755e-36	1.1755e-36	1.8217e-17	0.00e+00	0.00e+00	2.3983e+01
4.03987e+16	5.0546e+03	9.371e-18	4.6416e+03	1.1924e+03	8.1466e-09	7.4389e-01	2.5611e-01	9.9907e-01	9.3343e-04	1.5082e-12	4.1128e-11	4.4325e-04	9.9534e-01	4.2139e-03	1.1755e-36	7.8674e-01	2.1326e-01	2.0969e-07	1.1755e-36	1.1755e-36	1.1755e-36	1.9818e-17	0.00e+00	0.00e+00	2.4277e+01
4.04121e+16	4.9497e+03	8.838e-18	4.6416e+03	1.1471e+03	9.7645e-09	7.5368e-01	2.4632e-01	9.9907e-01	9.3201e-04	1.5364e-12	4.3072e-11	4.2871e-04	9.9553e-01	4.0433e-03	1.1755e-36	7.9550e-01	2.0450e-01	1.9609e-07	1.1755e-36	1.1755e-36	1.1755e-36	2.1662e-17	0.00e+00	0.00e+00	2.4573e+01
4.04254e+16	4.8473e+03	8.328e-18	4.6416e+03	1.1022e+03	1.1670e-08	7.6295e-01	2.3705e-01	9.9907e-01	9.3202e-04	1.5694e-12	4.5016e-11	4.1416e-04	9.9571e-01	3.8758e-03	1.1755e-36	8.0375e-01	1.9625e-01	1.8367e-07	1.1755e-36	1.1755e-36	1.1755e-36	2.3591e-17	0.00e+00	0.00e+00	2.4867e+01
4.04360e+16	4.7584e+03	7.964e-18	4.6416e+03	1.0700e+03	1.3616e-08	7.7033e-01	2.2967e-01	9.9907e-01	9.3009e-04	1.5881e-12	4.6849e-11	4.0405e-04	9.9585e-01	3.7439e-03	1.1755e-36	8.1031e-01	1.8969e-01	1.7448e-07	1.1755e-36	1.1755e-36	1.1755e-36	2.5567e-17	0.00e+00	0.00e+00	2.5050e+01
4.04429e+16	4.7031e+03	7.729e-18	4.6416e+03	1.0479e+03	1.4999e-08	7.7481e-01	2.2519e-01	9.9907e-01	9.3050e-04	1.6059e-12	4.7954e-11	3.9695e-04	9.9594e-01	3.6640e-03	1.1755e-36	8.1428e-01	1.8572e-01	1.6893e-07	1.1755e-36	1.1755e-36	1.1755e-36	2.6835e-17	0.00e+00	0.00e+00	2.5178e+01
4.04488e+16	4.6501e+03	7.520e-18	4.6416e+03	1.0285e+03	1.6455e-08	7.7897e-01	2.2103e-01	9.9907e-01	9.2995e-04	1.6195e-12	4.9082e-11	3.9081e-04	9.9602e-01	3.5903e-03	1.1755e-36	8.1796e-01	1.8204e-01	1.6392e-07	1.1755e-36	1.1755e-36	1.1755e-36	2.8191e-17	0.00e+00	0.00e+00	2.5318e+01
4.04553e+16	4.5980e+03	7.290e-18	4.6416e+03	1.0075e+03	1.8067e-08	7.8342e-01	2.1658e-01	9.9907e-01	9.2988e-04	1.6368e-12	5.0298e-11	3.8401e-04	9.9610e-01	3.5117e-03	1.1755e-36	8.2188e-01	1.7812e-01	1.5856e-07	1.1755e-36	1.1755e-36	1.1755e-36	2.9716e-17	0.00e+00	0.00e+00	2.5477e+01
4.04626e+16	4.5298e+03	7.043e-18	4.6416e+03	9.8517e+02	2.0388e-08	7.8879e-01	2.1121e-01	9.9907e-01	9.2783e-04	1.6494e-12	5.2006e-11	3.7705e-04	9.9621e-01	3.4179e-03	1.1755e-36	8.2660e-01	1.7340e-01	1.5244e-07	1.1755e-36	1.1755e-36	1.1755e-36	3.1976e-17	0.00e+00	0.00e+00	2.5656e+01
4.04699e+16	4.4634e+03	6.807e-18	4.6416e+03	9.6176e+02	2.2903e-08	7.9354e-01	2.0646e-01	9.9907e-01	9.2794e-04	1.6690e-12	5.3537e-11	3.6962e-04	9.9630e-01	3.3349e-03	1.1755e-36	8.3078e-01	1.6922e-01	1.4710e-07	1.1755e-36	1.1755e-36	1.1755e-36	3.4161e-17	0.00e+00	0.00e+00	2.5815e+01
4.04764e+16	4.4036e+03	6.602e-18	4.6416e+03	9.4168e+02	2.5443e-08	7.9787e-01	2.0213e-01	9.9907e-01	9.2746e-04	1.6846e-12	5.5051e-11	3.6330e-04	9.9638e-01	3.2598e-03	1.1755e-36	8.3458e-01	1.6542e-01	1.4235e-07	1.1755e-36	1.1755e-36	1.1755e-36	3.6433e-17	0.00e+00	0.00e+00	2.5960e+01
4.04826e+16	4.3451e+03	6.408e-18	4.6416e+03	9.2247e+02	2.8186e-08	8.0201e-01	1.9799e-01	9.9907e-01	9.2698e-04	1.6998e-12	5.6594e-11	3.5728e-04	9.9645e-01	3.1883e-03	1.1755e-36	8.3820e-01	1.6180e-01	1.3790e-07	1.1755e-36	1.1755e-36	1.1755e-36	3.8873e-17	0.00e+00	0.00e+00	2.6106e+01
4.04889e+16	4.2848e+03	6.216e-18	4.6416e+03	9.0313e+02	3.1298e-08	8.0618e-01	1.9382e-01	9.9907e-01	9.2645e-04	1.7153e-12	5.8250e-11	3.5124e-04	9.9653e-01	3.1164e-03	1.1755e-36	8.4186e-01	1.5814e-01	1.3349e-07	1.1755e-36	1.1755e-36	1.1755e-36	4.1635e-17	0.00e+00	0.00e+00	2.6257e+01
4.04954e+16	4.2229e+03	6.025e-18	4.6416e+03	8.8375e+02	3.4811e-08	8.1038e-01	1.8962e-01	9.9907e-01	9.2589e-04	1.7310e-12	6.0017e-11	3.4521e-04	9.9661e-01	3.0446e-03	1.1755e-36	8.4552e-01	1.5448e-01	1.2915e-07	1.1755e-36	1.1755e-36	1.1755e-36	4.4745e-17	0.00e+00	0.00e+00	2.6410e+01
4.05018e+16	4.1604e+03	5.839e-18	4.6416e+03	8.6461e+02	3.8697e-08	8.1452e-01	1.8548e-01	9.9907e-01	9.2533e-04	1.7469e-12	6.1860e-11	3.3929e-04	9.9669e-01	2.9741e-03	1.1755e-36	8.4913e-01	1.5087e-01	1.2495e-07	1.1755e-36	1.1755e-36	1.1755e-36	4.8169e-17	0.00e+00	0.00e+00	2.6562e+01
4.05081e+16	4.0972e+03	5.659e-18	4.6416e+03	8.4573e+02	4.2962e-08	8.1859e-01	1.8141e-01	9.9908e-01	9.2475e-04	1.7627e-12	6.3766e-11	3.3348e-04	9.9676e-01	2.9052e-03	1.1755e-36	8.5267e-01	1.4733e-01	1.2091e-07	1.1755e-36	1.1755e-36	1.1755e-36	5.1907e-17	0.00e+00	0.00e+00	2.6714e+01
4.05145e+16	4.0331e+03	5.483e-18	4.6416e+03	8.2705e+02	4.7635e-08	8.2263e-01	1.7737e-01	9.9908e-01	9.2411e-04	1.7785e-12	6.5744e-11	3.2778e-04	9.9684e-01	2.8370e-03	1.1755e-36	8.5619e-01	1.4381e-01	1.1697e-07	1.1755e-36	1.1755e-36	1.1755e-36	5.5990e-17	0.00e+00	0.00e+00	2.6868e+01
4.05209e+16	3.9633e+03	5.309e-18	4.6416e+03	8.0779e+02	5.3049e-08	8.2670e-01	1.7330e-01	9.9908e-01	9.2339e-04	1.7944e-12	6.7836e-11	3.2199e-04	9.9691e-01	2.7687e-03	1.1755e-36	8.5974e-01	1.4026e-01	1.1311e-07	1.1755e-36	1.1755e-36	1.1755e-36	6.0570e-17	0.00e+00	0.00e+00	2.7026e+01
###########################
1.17676e+12	8.0183e+03	6.117e-17	4.6416e+03	5.0296e+03	2.5105e-15	2.4137e-03	9.9759e-01	1.3047e-02	9.8449e-01	2.4674e-03	1.9602e-17	1.4109e-04	1.9656e-01	8.0244e-01	8.6230e-04	1.2922e-03	5.1760e-01	4.8073e-01	3.7085e-04	1.1755e-36	1.1755e-36	1.2447e-25	0.00e+00	0.00e+00	1.6648e-04
7.06055e+12	8.0154e+03	6.115e-17	4.6416e+03	5.0292e+03	2.5044e-15	2.4132e-03	9.9759e-01	1.3048e-02	9.8449e-01	2.4653e-03	1.9513e-17	1.4097e-04	1.9657e-01	8.0242e-01	8.6336e-04	1.2916e-03	5.1751e-01	4.8083e-01	3.6961e-04	1.1755e-36	1.1755e-36	1.2337e-25	0.00e+00	0.00e+00	8.3224e-04
3.05957e+13	8.0120e+03	6.109e-17	4.6416e+03	5.0291e+03	2.4737e-15	2.4119e-03	9.9759e-01	1.3053e-02	9.8450e-01	2.4498e-03	1.9240e-17	1.4081e-04	1.9663e-01	8.0237e-01	8.6099e-04	1.2913e-03	5.1759e-01	4.8075e-01	3.6428e-04	1.1755e-36	1.1755e-36	1.1988e-25	0.00e+00	0.00e+00	3.4939e-03
1.24736e+14	8.0016e+03	6.091e-17	4.6416e+03	5.0291e+03	2.5049e-15	2.4104e-03	9.9759e-01	1.3083e-02	9.8455e-01	2.3680e-03	1.9446e-17	1.4089e-04	1.9699e-01	8.0202e-01	8.5281e-04	1.2930e-03	5.1827e-01	4.8010e-01	3.4343e-04	1.1755e-36	1.1755e-36	1.2189e-25	0.00e+00	0.00e+00	1.4134e-02
2.97955e+14	7.9742e+03	6.020e-17	4.6416e+03	5.0291e+03	2.4854e-15	2.3847e-03	9.9762e-01	1.3066e-02	9.8461e-01	2.3213e-03	1.8995e-17	1.3972e-04	1.9692e-01	8.0209e-01	8.4653e-04	1.2806e-03	5.1827e-01	4.8013e-01	3.1702e-04	1.1755e-36	1.1755e-36	1.1755e-25	0.00e+00	0.00e+00	2.7818e-02
5.23140e+14	7.9414e+03	5.948e-17	4.6416e+03	5.0292e+03	2.4783e-15	2.3631e-03	9.9764e-01	1.3073e-02	9.8474e-01	2.1904e-03	1.8642e-17	1.3916e-04	1.9715e-01	8.0188e-01	8.3375e-04	1.2725e-03	5.1896e-01	4.7948e-01	2.8394e-04	1.1755e-36	1.1755e-36	1.1369e-25	0.00e+00	0.00e+00	4.5447e-02
8.15880e+14	7.9048e+03	5.869e-17	4.6416e+03	5.0292e+03	2.4776e-15	2.3436e-03	9.9766e-01	1.3102e-02	9.8492e-01	1.9802e-03	1.8348e-17	1.3892e-04	1.9764e-01	8.0141e-01	8.1480e-04	1.2679e-03	5.2038e-01	4.7811e-01	2.4469e-04	1.1755e-36	1.1755e-36	1.1006e-25	0.00e+00	0.00e+00	6.8175e-02
1.19644e+15	7.8602e+03	5.783e-17	4.6416e+03	5.0292e+03	2.4914e-15	2.3272e-03	9.9767e-01	1.3162e-02	9.8514e-01	1.6939e-03	1.8148e-17	1.3907e-04	1.9851e-01	8.0056e-01	7.8911e-04	1.2679e-03	5.2281e-01	4.7572e-01	2.0041e-04	1.1755e-36	1.1755e-36	1.0681e-25	0.00e+00	0.00e+00	9.7514e-02
1.69117e+15	7.8162e+03	5.685e-17	4.6416e+03	5.0291e+03	2.5030e-15	2.3131e-03	9.9769e-01	1.3254e-02	9.8540e-01	1.3499e-03	1.8006e-17	1.3964e-04	1.9978e-01	7.9932e-01	7.5781e-04	1.2730e-03	5.2643e-01	4.7214e-01	1.5369e-04	1.1755e-36	1.1755e-36	1.0363e-25	0.00e+00	0.00e+00	1.3542e-01
2.33432e+15	7.7646e+03	5.579e-17	4.6416e+03	5.0289e+03	2.5361e-15	2.3050e-03	9.9770e-01	1.3403e-02	9.8562e-01	9.8110e-04	1.8045e-17	1.4092e-04	2.0175e-01	7.9739e-01	7.2119e-04	1.2863e-03	5.3173e-01	4.6687e-01	1.0816e-04	1.1755e-36	1.1755e-36	1.0131e-25	0.00e+00	0.00e+00	1.8454e-01
3.17042e+15	7.7114e+03	5.464e-17	4.6416e+03	5.0287e+03	2.5826e-15	2.3051e-03	9.9769e-01	1.3626e-02	9.8574e-01	6.3529e-04	1.8286e-17	1.4315e-04	2.0462e-01	7.9455e-01	6.8130e-04	1.3103e-03	5.3907e-01	4.5955e-01	6.8217e-05	1.1755e-36	1.1755e-36	9.9788e-26	0.00e+00	0.00e+00	2.4838e-01
4.25734e+15	7.6541e+03	5.345e-17	4.6416e+03	5.0284e+03	2.6643e-15	2.3194e-03	9.9768e-01	1.3965e-02	9.8568e-01	3.5641e-04	1.8914e-17	1.4691e-04	2.0889e-01	7.9033e-01	6.3895e-04	1.3507e-03	5.4907e-01	4.4954e-01	3.7438e-05	1.1755e-36	1.1755e-36	1.0010e-25	0.00e+00	0.00e+00	3.3190e-01
5.67034e+15	7.5985e+03	5.222e-17	4.6416e+03	5.0279e+03	2.7922e-15	2.3552e-03	9.9764e-01	1.4476e-02	9.8536e-01	1.6800e-04	2.0159e-17	1.5294e-04	2.1516e-01	7.8410e-01	5.9420e-04	1.4152e-03	5.6253e-01	4.3603e-01	1.7278e-05	1.1755e-36	1.1755e-36	1.0343e-25	0.00e+00	0.00e+00	4.4215e-01
7.50724e+15	7.5461e+03	5.105e-17	4.6416e+03	5.0273e+03	3.0015e-15	2.4268e-03	9.9757e-01	1.5271e-02	9.8467e-01	6.4301e-05	2.2505e-17	1.6263e-04	2.2455e-01	7.7474e-01	5.4469e-04	1.5187e-03	5.8088e-01	4.1759e-01	6.4440e-06	1.1755e-36	1.1755e-36	1.1202e-25	0.00e+00	0.00e+00	5.8983e-01
9.89521e+15	7.5004e+03	5.001e-17	4.6416e+03	5.0260e+03	3.3636e-15	2.5589e-03	9.9744e-01	1.6544e-02	9.8344e-01	1.9298e-05	2.7049e-17	1.7860e-04	2.3901e-01	7.6033e-01	4.8665e-04	1.6889e-03	6.0639e-01	3.9192e-01	1.8628e-06	1.1755e-36	1.1755e-36	1.3129e-25	0.00e+00	0.00e+00	7.9227e-01
1.29996e+16	7.4734e+03	4.925e-17	4.6416e+03	5.0237e+03	4.0178e-15	2.7978e-03	9.9720e-01	1.8694e-02	9.8130e-01	4.4267e-06	3.6538e-17	2.0550e-04	2.6199e-01	7.3739e-01	4.1614e-04	1.9808e-03	6.4243e-01	3.5559e-01	4.0444e-07	1.1755e-36	1.1755e-36	1.7534e-25	0.00e+00	0.00e+00	1.0800e+00
1.60412e+16	7.4645e+03	4.880e-17	4.6416e+03	5.0211e+03	4.8146e-15	3.0850e-03	9.9691e-01	2.1354e-02	9.7864e-01	1.0963e-06	4.9803e-17	2.3748e-04	2.8830e-01	7.1111e-01	3.5369e-04	2.3343e-03	6.7889e-01	3.1878e-01	1.1755e-36	1.1755e-36	1.1755e-36	2.3810e-25	0.00e+00	0.00e+00	1.3127e+00
1.82481e+16	7.4838e+03	4.892e-17	4.6416e+03	5.0185e+03	5.6740e-15	3.3795e-03	9.9662e-01	2.4051e-02	9.7595e-01	4.4871e-07	6.6506e-17	2.6898e-04	3.1280e-01	6.8662e-01	3.0846e-04	2.6909e-03	7.0869e-01	2.8862e-01	1.1755e-36	1.1755e-36	1.1755e-36	3.2316e-25	0.00e+00	0.00e+00	1.4949e+00
2.00034e+16	7.5106e+03	4.928e-17	4.6416e+03	5.0161e+03	6.6640e-15	3.6885e-03	9.9631e-01	2.6936e-02	9.7306e-01	2.3223e-07	8.8095e-17	3.0127e-04	3.3684e-01	6.6259e-01	2.7149e-04	3.0660e-03	7.3491e-01	2.6203e-01	1.1755e-36	1.1755e-36	1.1755e-36	4.3928e-25	0.00e+00	0.00e+00	1.6756e+00
2.19252e+16	7.5466e+03	4.982e-17	4.6416e+03	5.0123e+03	8.2031e-15	4.1215e-03	9.9588e-01	3.1109e-02	9.6889e-01	1.1622e-07	1.2596e-16	3.4582e-04	3.6862e-01	6.3081e-01	2.3012e-04	3.5981e-03	7.6589e-01	2.3051e-01	1.1755e-36	1.1755e-36	1.1755e-36	6.5242e-25	0.00e+00	0.00e+00	1.9380e+00
2.39269e+16	7.5951e+03	5.065e-17	4.6416e+03	5.0070e+03	1.0407e-14	4.6895e-03	9.9531e-01	3.6901e-02	9.6310e-01	5.9858e-08	1.8865e-16	4.0221e-04	4.0758e-01	5.9182e-01	1.8918e-04	4.3058e-03	7.9901e-01	1.9669e-01	1.1755e-36	1.1755e-36	1.1755e-36	1.0272e-24	0.00e+00	0.00e+00	2.1896e+00
2.55203e+16	7.6437e+03	5.155e-17	4.6416e+03	5.0019e+03	1.2960e-14	5.2849e-03	9.9472e-01	4.3470e-02	9.5653e-01	3.6567e-08	2.7246e-16	4.5914e-04	4.4562e-01	5.5376e-01	1.5666e-04	5.0561e-03	8.2681e-01	1.6814e-01	1.1755e-36	1.1755e-36	1.1755e-36	1.5594e-24	0.00e+00	0.00e+00	2.3997e+00
2.67657e+16	7.6901e+03	5.238e-17	4.6416e+03	4.9976e+03	1.5755e-14	5.8713e-03	9.9413e-01	5.0528e-02	9.4947e-01	2.5167e-08	3.7666e-16	5.1250e-04	4.8065e-01	5.1870e-01	1.3136e-04	5.8026e-03	8.4919e-01	1.4501e-01	1.1755e-36	1.1755e-36	1.1755e-36	2.2656e-24	0.00e+00	0.00e+00	2.5949e+00
2.78926e+16	7.7179e+03	5.325e-17	4.6416e+03	4.9899e+03	1.9360e-14	6.5349e-03	9.9347e-01	5.8962e-02	9.4104e-01	1.7922e-08	5.1845e-16	5.7089e-04	5.1734e-01	4.8198e-01	1.0859e-04	6.6513e-03	8.6960e-01	1.2375e-01	1.1755e-36	1.1755e-36	1.1755e-36	3.2620e-24	0.00e+00	0.00e+00	2.8093e+00
2.89549e+16	7.7654e+03	5.415e-17	4.6416e+03	4.9841e+03	2.3754e-14	7.2917e-03	9.9271e-01	6.9749e-02	9.3025e-01	1.3176e-08	7.1940e-16	6.3264e-04	5.5606e-01	4.4322e-01	8.8254e-05	7.6252e-03	8.8851e-01	1.0386e-01	1.1755e-36	1.1755e-36	1.1755e-36	4.7844e-24	0.00e+00	0.00e+00	3.0242e+00
2.98699e+16	7.7904e+03	5.509e-17	4.6416e+03	4.9743e+03	2.9236e-14	8.1103e-03	9.9189e-01	8.2408e-02	9.1759e-01	1.0125e-08	9.7892e-16	6.9595e-04	5.9411e-01	4.0513e-01	7.1265e-05	8.6788e-03	9.0451e-01	8.6815e-02	1.1755e-36	1.1755e-36	1.1755e-36	6.8441e-24	0.00e+00	0.00e+00	3.2201e+00
3.06515e+16	7.8276e+03	5.592e-17	4.6416e+03	4.9661e+03	3.5213e-14	8.9474e-03	9.9105e-01	9.7113e-02	9.0289e-01	8.0792e-09	1.3009e-15	7.5466e-04	6.2983e-01	3.6936e-01	5.7562e-05	9.7599e-03	9.1770e-01	7.2538e-02	1.1755e-36	1.1755e-36	1.1755e-36	9.5728e-24	0.00e+00	0.00e+00	3.4139e+00
3.13316e+16	7.8454e+03	5.673e-17	4.6416e+03	4.9539e+03	4.2436e-14	9.8321e-03	9.9017e-01	1.1411e-01	8.8589e-01	6.6068e-09	1.6965e-15	8.1284e-04	6.6376e-01	3.3538e-01	4.6312e-05	1.0900e-02	9.2861e-01	6.0488e-02	1.1755e-36	1.1755e-36	1.1755e-36	1.3077e-23	0.00e+00	0.00e+00	3.5929e+00
3.19084e+16	7.8747e+03	5.743e-17	4.6416e+03	4.9439e+03	4.9943e-14	1.0705e-02	9.8929e-01	1.3334e-01	8.6666e-01	5.5602e-09	2.1575e-15	8.6435e-04	6.9439e-01	3.0471e-01	3.7478e-05	1.2027e-02	9.3735e-01	5.0628e-02	1.1755e-36	1.1755e-36	1.1755e-36	1.7410e-23	0.00e+00	0.00e+00	3.7600e+00
3.24115e+16	7.8864e+03	5.807e-17	4.6416e+03	4.9296e+03	5.8736e-14	1.1605e-02	9.8839e-01	1.5505e-01	8.4495e-01	4.7322e-09	2.6968e-15	9.1366e-04	7.2260e-01	2.7646e-01	3.0302e-05	1.3184e-02	9.4443e-01	4.2387e-02	1.1755e-36	1.1755e-36	1.1755e-36	2.2668e-23	0.00e+00	0.00e+00	3.9211e+00
3.28666e+16	7.9086e+03	5.864e-17	4.6416e+03	4.9175e+03	6.8239e-14	1.2533e-02	9.8747e-01	1.8069e-01	8.1931e-01	4.0715e-09	3.3404e-15	9.5883e-04	7.4899e-01	2.5003e-01	2.4384e-05	1.4376e-02	9.5034e-01	3.5288e-02	1.1755e-36	1.1755e-36	1.1755e-36	2.9277e-23	0.00e+00	0.00e+00	4.0814e+00
3.32829e+16	7.9153e+03	5.916e-17	4.6416e+03	4.8993e+03	7.9682e-14	1.3518e-02	9.8648e-01	2.1067e-01	7.8933e-01	3.4979e-09	4.1077e-15	1.0025e-03	7.7374e-01	2.2524e-01	1.9466e-05	1.5638e-02	9.5520e-01	2.9164e-02	1.1755e-36	1.1755e-36	1.1755e-36	3.7400e-23	0.00e+00	0.00e+00	4.2383e+00
3.36598e+16	7.9353e+03	5.960e-17	4.6416e+03	4.8839e+03	9.1695e-14	1.4521e-02	9.8548e-01	2.4577e-01	7.5423e-01	3.0260e-09	5.0072e-15	1.0414e-03	7.9634e-01	2.0261e-01	1.5490e-05	1.6922e-02	9.5913e-01	2.3952e-02	1.1755e-36	1.1755e-36	1.1755e-36	4.7360e-23	0.00e+00	0.00e+00	4.3907e+00
3.40000e+16	7.9409e+03	6.000e-17	4.6416e+03	4.8650e+03	1.0583e-13	1.5563e-02	9.8444e-01	2.8600e-01	7.1400e-01	2.6110e-09	6.0580e-15	1.0773e-03	8.1674e-01	1.8217e-01	1.2285e-05	1.8250e-02	9.6218e-01	1.9573e-02	1.1755e-36	1.1755e-36	1.1755e-36	5.9301e-23	0.00e+00	0.00e+00	4.5377e+00
3.43088e+16	7.9479e+03	6.029e-17	4.6416e+03	4.8430e+03	1.2118e-13	1.6621e-02	9.8338e-01	3.3138e-01	6.6862e-01	2.2434e-09	7.2619e-15	1.1087e-03	8.3486e-01	1.6403e-01	9.7370e-06	1.9594e-02	9.6449e-01	1.5912e-02	1.1755e-36	1.1755e-36	1.1755e-36	7.3321e-23	0.00e+00	0.00e+00	4.6816e+00
3.45961e+16	7.9503e+03	6.050e-17	4.6416e+03	4.8186e+03	1.3881e-13	1.7729e-02	9.8227e-01	3.8260e-01	6.1740e-01	1.8948e-09	8.6802e-15	1.1373e-03	8.5108e-01	1.4778e-01	7.6759e-06	2.0998e-02	9.6619e-01	1.2815e-02	1.1755e-36	1.1755e-36	1.1755e-36	9.0191e-23	0.00e+00	0.00e+00	4.8267e+00
3.48712e+16	7.9564e+03	6.061e-17	4.6416e+03	4.7909e+03	1.5862e-13	1.8903e-02	9.8110e-01	4.4125e-01	5.5875e-01	1.5766e-09	1.0380e-14	1.1621e-03	8.6570e-01	1.3313e-01	5.9960e-06	2.2480e-02	9.6736e-01	1.0164e-02	1.1755e-36	1.1755e-36	1.1755e-36	1.1078e-22	0.00e+00	0.00e+00	4.9768e+00
3.51393e+16	7.9533e+03	6.068e-17	4.6416e+03	4.7600e+03	1.8306e-13	2.0196e-02	9.7980e-01	5.0796e-01	4.9204e-01	1.2778e-09	1.2494e-14	1.1845e-03	8.7892e-01	1.1989e-01	4.6178e-06	2.4106e-02	9.6799e-01	7.9013e-03	1.1755e-36	1.1755e-36	1.1755e-36	1.3684e-22	0.00e+00	0.00e+00	5.1337e+00
3.54034e+16	7.9549e+03	6.055e-17	4.6416e+03	4.7187e+03	2.1097e-13	2.1584e-02	9.7842e-01	5.8082e-01	4.1918e-01	9.9893e-10	1.5043e-14	1.2018e-03	8.9045e-01	1.0835e-01	3.5176e-06	2.5846e-02	9.6814e-01	6.0101e-03	1.1755e-36	1.1755e-36	1.1755e-36	1.6857e-22	0.00e+00	0.00e+00	5.3002e+00
3.57059e+16	7.9462e+03	6.045e-17	4.6416e+03	4.6756e+03	2.5318e-13	2.3451e-02	9.7655e-01	6.6934e-01	3.3066e-01	7.1377e-10	1.8932e-14	1.2208e-03	9.0208e-01	9.6701e-02	2.5057e-06	2.8173e-02	9.6758e-01	4.2522e-03	1.1755e-36	1.1755e-36	1.1755e-36	2.1901e-22	0.00e+00	0.00e+00	5.5352e+00
3.60452e+16	7.9340e+03	6.052e-17	4.6416e+03	4.6356e+03	3.1596e-13	2.5951e-02	9.7405e-01	7.6530e-01	2.3470e-01	4.5782e-10	2.4859e-14	1.2408e-03	9.1283e-01	8.5924e-02	1.6783e-06	3.1273e-02	9.6595e-01	2.7780e-03	1.1755e-36	1.1755e-36	1.1755e-36	3.0154e-22	0.00e+00	0.00e+00	5.7912e+00
3.64323e+16	7.9242e+03	6.047e-17	4.6416e+03	4.5771e+03	4.1118e-13	2.9342e-02	9.7066e-01	8.5440e-01	1.4560e-01	2.5146e-10	3.3840e-14	1.2559e-03	9.2228e-01	7.6468e-02	1.0346e-06	3.5460e-02	9.6290e-01	1.6442e-03	1.1755e-36	1.1755e-36	1.1755e-36	4.3956e-22	0.00e+00	0.00e+00	6.1676e+00
3.69356e+16	7.9078e+03	6.105e-17	4.6416e+03	4.5298e+03	6.0294e-13	3.5192e-02	9.6481e-01	9.2869e-01	7.1313e-02	1.0656e-10	5.1565e-14	1.2783e-03	9.3192e-01	6.6800e-02	5.3009e-07	4.2646e-02	9.5656e-01	7.9734e-04	1.1755e-36	1.1755e-36	1.1755e-36	7.6747e-22	0.00e+00	0.00e+00	6.7543e+00
3.74684e+16	7.9034e+03	6.199e-17	4.6416e+03	4.4748e+03	9.5300e-13	4.4057e-02	9.5594e-01	9.6831e-01	3.1693e-02	4.1253e-11	8.3348e-14	1.2967e-03	9.4029e-01	5.8410e-02	2.5131e-07	5.3487e-02	9.4616e-01	3.5249e-04	1.1755e-36	1.1755e-36	1.1755e-36	1.5110e-21	0.00e+00	0.00e+00	7.3958e+00
3.79122e+16	7.8908e+03	6.284e-17	4.6416e+03	4.4166e+03	1.5216e-12	5.5247e-02	9.4475e-01	9.8364e-01	1.6358e-02	1.9122e-11	1.3336e-13	1.3084e-03	9.4714e-01	5.1553e-02	1.2759e-07	6.7113e-02	9.3271e-01	1.7290e-04	1.1755e-36	1.1755e-36	1.1755e-36	3.0026e-21	0.00e+00	0.00e+00	8.0287e+00
3.82611e+16	7.8766e+03	6.312e-17	4.6416e+03	4.3449e+03	2.3584e-12	6.8033e-02	9.3197e-01	9.9006e-01	9.9383e-03	1.0751e-11	2.0510e-13	1.3096e-03	9.5271e-01	4.5977e-02	1.1755e-36	8.2608e-02	9.1730e-01	9.6262e-05	1.1755e-36	1.1755e-36	1.1755e-36	5.6855e-21	0.00e+00	0.00e+00	8.6405e+00
3.85140e+16	7.8564e+03	6.324e-17	4.6416e+03	4.2897e+03	3.4583e-12	8.1269e-02	9.1873e-01	9.9297e-01	7.0267e-03	7.2176e-12	2.9776e-13	1.3100e-03	9.5712e-01	4.1573e-02	1.1755e-36	9.8553e-02	9.0139e-01	6.1560e-05	1.1755e-36	1.1755e-36	1.1755e-36	9.9485e-21	0.00e+00	0.00e+00	9.1142e+00
3.86901e+16	7.8387e+03	6.292e-17	4.6416e+03	4.2321e+03	4.6637e-12	9.3192e-02	9.0681e-01	9.9446e-01	5.5358e-03	5.5025e-12	3.9672e-13	1.3044e-03	9.6032e-01	3.8372e-02	1.1755e-36	1.1284e-01	8.8711e-01	4.4256e-05	1.1755e-36	1.1755e-36	1.1755e-36	1.5319e-20	0.00e+00	0.00e+00	9.5330e+00
3.88664e+16	7.8106e+03	6.216e-17	4.6416e+03	4.1570e+03	6.4882e-12	1.0802e-01	8.9198e-01	9.9568e-01	4.3232e-03	4.1573e-12	5.4088e-13	1.2937e-03	9.6371e-01	3.4995e-02	1.1755e-36	1.3050e-01	8.6946e-01	3.0992e-05	1.1755e-36	1.1755e-36	1.1755e-36	2.4421e-20	0.00e+00	0.00e+00	1.0164e+01
3.90601e+16	7.7717e+03	6.078e-17	4.6416e+03	4.0497e+03	9.6982e-12	1.2889e-01	8.7111e-01	9.9667e-01	3.3280e-03	3.1121e-12	7.8402e-13	1.2741e-03	9.6744e-01	3.1285e-02	1.1755e-36	1.5517e-01	8.4481e-01	2.0635e-05	1.1755e-36	1.1755e-36	1.1755e-36	4.2779e-20	0.00e+00	0.00e+00	1.0874e+01
3.92270e+16	7.7239e+03	5.899e-17	4.6416e+03	3.9359e+03	1.4522e-11	1.5333e-01	8.4667e-01	9.9732e-01	2.6802e-03	2.4611e-12	1.1325e-12	1.2506e-03	9.7087e-01	2.7881e-02	1.1755e-36	1.8375e-01	8.1624e-01	1.4126e-05	1.1755e-36	1.1755e-36	1.1755e-36	7.4745e-20	0.00e+00	0.00e+00	1.1530e+01
3.93576e+16	7.6721e+03	5.693e-17	4.6416e+03	3.8200e+03	2.0816e-11	1.7822e-01	8.2178e-01	9.9773e-01	2.2693e-03	2.0663e-12	1.5598e-12	1.2239e-03	9.7368e-01	2.5097e-02	1.1755e-36	2.1253e-01	7.8746e-01	1.0238e-05	1.1755e-36	1.1755e-36	1.1755e-36	1.2164e-19	0.00e+00	0.00e+00	1.2132e+01
3.94687e+16	7.6133e+03	5.456e-17	4.6416e+03	3.6981e+03	2.9254e-11	2.0452e-01	7.9548e-01	9.9803e-01	1.9721e-03	1.7910e-12	2.0942e-12	1.1940e-03	9.7615e-01	2.2660e-02	1.1755e-36	2.4257e-01	7.5742e-01	7.6172e-06	1.1755e-36	1.1755e-36	1.1755e-36	1.9063e-19	0.00e+00	0.00e+00	1.2772e+01
3.95867e+16	7.5300e+03	5.129e-17	4.6416e+03	3.5387e+03	4.3644e-11	2.3884e-01	7.6116e-01	9.9831e-01	1.6948e-03	1.5439e-12	2.9259e-12	1.1526e-03	9.7883e-01	2.0016e-02	1.1755e-36	2.8124e-01	7.1875e-01	5.4180e-06	1.1755e-36	1.1755e-36	1.1755e-36	3.1777e-19	0.00e+00	0.00e+00	1.3678e+01
3.97089e+16	7.4161e+03	4.699e-17	4.6416e+03	3.3322e+03	6.9311e-11	2.8315e-01	7.1685e-01	9.9853e-01	1.4700e-03	1.3609e-12	4.2357e-12	1.0963e-03	9.8157e-01	1.7335e-02	1.1755e-36	3.3028e-01	6.6971e-01	3.7203e-06	1.1755e-36	1.1755e-36	1.1755e-36	5.6034e-19	0.00e+00	0.00e+00	1.4632e+01
3.98035e+16	7.2985e+03	4.286e-17	4.6416e+03	3.1339e+03	1.0408e-10	3.2581e-01	6.7419e-01	9.9867e-01	1.3317e-03	1.2643e-12	5.7662e-12	1.0404e-03	9.8369e-01	1.5270e-02	1.1755e-36	3.7657e-01	6.2343e-01	2.7172e-06	1.1755e-36	1.1755e-36	1.1755e-36	9.0080e-19	0.00e+00	0.00e+00	1.5340e+01
3.98640e+16	7.2151e+03	3.980e-17	4.6416e+03	2.9876e+03	1.3715e-10	3.5703e-01	6.4297e-01	9.9874e-01	1.2563e-03	1.2210e-12	7.0629e-12	9.9781e-04	9.8503e-01	1.3970e-02	1.1755e-36	4.0986e-01	5.9013e-01	2.1957e-06	1.1755e-36	1.1755e-36	1.1755e-36	1.2325e-18	0.00e+00	0.00e+00	1.5831e+01
3.99066e+16	7.1279e+03	3.754e-17	4.6416e+03	2.8761e+03	1.7101e-10	3.8135e-01	6.1865e-01	9.9879e-01	1.2061e-03	1.1930e-12	8.1896e-12	9.6559e-04	9.8600e-01	1.3039e-02	1.1755e-36	4.3550e-01	5.6450e-01	1.8751e-06	1.1755e-36	1.1755e-36	1.1755e-36	1.5477e-18	0.00e+00	0.00e+00	1.6259e+01
3.99455e+16	7.0459e+03	3.533e-17	4.6416e+03	2.7674e+03	2.1028e-10	4.0497e-01	5.9503e-01	9.9884e-01	1.1630e-03	1.1724e-12	9.3821e-12	9.3364e-04	9.8687e-01	1.2196e-02	1.1755e-36	4.6012e-01	5.3988e-01	1.6132e-06	1.1755e-36	1.1755e-36	1.1755e-36	1.9090e-18	0.00e+00	0.00e+00	1.6728e+01
3.99854e+16	6.9567e+03	3.296e-17	4.6416e+03	2.6486e+03	2.6133e-10	4.3030e-01	5.6970e-01	9.9888e-01	1.1224e-03	1.1578e-12	1.0765e-11	8.9818e-04	9.8774e-01	1.1361e-02	1.1755e-36	4.8624e-01	5.1376e-01	1.3781e-06	1.1755e-36	1.1755e-36	1.1755e-36	2.3604e-18	0.00e+00	0.00e+00	1.7236e+01
4.00235e+16	6.8605e+03	3.066e-17	4.6416e+03	2.5305e+03	3.2510e-10	4.5569e-01	5.4431e-01	9.9891e-01	1.0887e-03	1.1512e-12	1.2274e-11	8.6268e-04	9.8855e-01	1.0586e-02	1.1755e-36	5.1213e-01	4.8787e-01	1.1823e-06	1.1755e-36	1.1755e-36	1.1755e-36	2.8905e-18	0.00e+00	0.00e+00	1.7715e+01
4.00568e+16	6.7672e+03	2.861e-17	4.6416e+03	2.4227e+03	3.9723e-10	4.7886e-01	5.2114e-01	9.9894e-01	1.0625e-03	1.1510e-12	1.3759e-11	8.3005e-04	9.8925e-01	9.9235e-03	1.1755e-36	5.3549e-01	4.6451e-01	1.0308e-06	1.1755e-36	1.1755e-36	1.1755e-36	3.4480e-18	0.00e+00	0.00e+00	1.8146e+01
4.00860e+16	6.6775e+03	2.680e-17	4.6416e+03	2.3249e+03	4.7750e-10	4.9988e-01	5.0012e-01	9.9896e-01	1.0415e-03	1.1547e-12	1.5201e-11	8.0025e-04	9.8985e-01	9.3529e-03	1.1755e-36	5.5650e-01	4.4350e-01	9.1138e-07	1.1755e-36	1.1755e-36	1.1755e-36	4.0212e-18	0.00e+00	0.00e+00	1.8552e+01
4.01130e+16	6.5876e+03	2.511e-17	4.6416e+03	2.2320e+03	5.7035e-10	5.1986e-01	4.8014e-01	9.9898e-01	1.0237e-03	1.1615e-12	1.6656e-11	7.7175e-04	9.9039e-01	8.8349e-03	1.1755e-36	5.7628e-01	4.2372e-01	8.1130e-07	1.1755e-36	1.1755e-36	1.1755e-36	4.6299e-18	0.00e+00	0.00e+00	1.8952e+01
4.01388e+16	6.4952e+03	2.350e-17	4.6416e+03	2.1414e+03	6.8070e-10	5.3935e-01	4.6065e-01	9.9899e-01	1.0083e-03	1.1715e-12	1.8157e-11	7.4378e-04	9.9091e-01	8.3511e-03	1.1755e-36	5.9540e-01	4.0460e-01	7.2458e-07	1.1755e-36	1.1755e-36	1.1755e-36	5.2886e-18	0.00e+00	0.00e+00	1.9352e+01
4.01598e+16	6.4173e+03	2.224e-17	4.6416e+03	2.0687e+03	7.8710e-10	5.5502e-01	4.4498e-01	9.9900e-01	9.9777e-04	1.1827e-12	1.9427e-11	7.2128e-04	9.9130e-01	7.9805e-03	1.1755e-36	6.1066e-01	3.8934e-01	6.6219e-07	1.1755e-36	1.1755e-36	1.1755e-36	5.8692e-18	0.00e+00	0.00e+00	1.9625e+01
4.01751e+16	6.3485e+03	2.135e-17	4.6416e+03	2.0170e+03	8.8733e-10	5.6720e-01	4.3280e-01	9.9901e-01	9.8918e-04	1.1882e-12	2.0495e-11	7.0544e-04	9.9160e-01	7.6965e-03	1.1755e-36	6.2246e-01	3.7754e-01	6.1809e-07	1.1755e-36	1.1755e-36	1.1755e-36	6.3777e-18	0.00e+00	0.00e+00	1.9853e+01
4.01890e+16	6.2986e+03	2.047e-17	4.6416e+03	1.9634e+03	9.7641e-10	5.7755e-01	4.2245e-01	9.9902e-01	9.8431e-04	1.2026e-12	2.1344e-11	6.8843e-04	9.9185e-01	7.4622e-03	1.1755e-36	6.3242e-01	3.6758e-01	5.8107e-07	1.1755e-36	1.1755e-36	1.1755e-36	6.7834e-18	0.00e+00	0.00e+00	2.0093e+01
4.02047e+16	6.2276e+03	1.951e-17	4.6416e+03	1.9055e+03	1.1066e-09	5.9010e-01	4.0990e-01	9.9902e-01	9.7634e-04	1.2133e-12	2.2473e-11	6.7038e-04	9.9215e-01	7.1803e-03	1.1755e-36	6.4447e-01	3.5552e-01	5.3995e-07	1.1755e-36	1.1755e-36	1.1755e-36	7.3438e-18	0.00e+00	0.00e+00	2.0390e+01
4.02218e+16	6.1506e+03	1.850e-17	4.6416e+03	1.8431e+03	1.2674e-09	6.0354e-01	3.9646e-01	9.9903e-01	9.6943e-04	1.2282e-12	2.3718e-11	6.5074e-04	9.9246e-01	6.8885e-03	1.1755e-36	6.5726e-01	3.4274e-01	4.9914e-07	1.1755e-36	1.1755e-36	1.1755e-36	7.9811e-18	0.00e+00	0.00e+00	2.0691e+01
4.02381e+16	6.0734e+03	1.756e-17	4.6416e+03	1.7835e+03	1.4491e-09	6.1635e-01	3.8365e-01	9.9904e-01	9.6352e-04	1.2441e-12	2.4949e-11	6.3199e-04	9.9275e-01	6.6169e-03	1.1755e-36	6.6940e-01	3.3060e-01	4.6292e-07	1.1755e-36	1.1755e-36	1.1755e-36	8.6295e-18	0.00e+00	0.00e+00	2.0974e+01
4.02535e+16	5.9971e+03	1.669e-17	4.6416e+03	1.7275e+03	1.6514e-09	6.2841e-01	3.7159e-01	9.9904e-01	9.5838e-04	1.2604e-12	2.6149e-11	6.1430e-04	9.9302e-01	6.3666e-03	1.1755e-36	6.8077e-01	3.1923e-01	4.3102e-07	1.1755e-36	1.1755e-36	1.1755e-36	9.2804e-18	0.00e+00	0.00e+00	2.1250e+01
4.02684e+16	5.9196e+03	1.586e-17	4.6416e+03	1.6726e+03	1.8843e-09	6.4021e-01	3.5979e-01	9.9905e-01	9.5375e-04	1.2778e-12	2.7363e-11	5.9689e-04	9.9328e-01	6.1265e-03	1.1755e-36	6.9184e-01	3.0816e-01	4.0168e-07	1.1755e-36	1.1755e-36	1.1755e-36	9.9581e-18	0.00e+00	0.00e+00	2.1530e+01
4.02834e+16	5.8393e+03	1.504e-17	4.6416e+03	1.6176e+03	2.1596e-09	6.5201e-01	3.4799e-01	9.9905e-01	9.4962e-04	1.2969e-12	2.8618e-11	5.7937e-04	9.9353e-01	5.8911e-03	1.1755e-36	7.0285e-01	2.9715e-01	3.7406e-07	1.1755e-36	1.1755e-36	1.1755e-36	1.0681e-17	0.00e+00	0.00e+00	2.1818e+01
4.02984e+16	5.7555e+03	1.425e-17	4.6416e+03	1.5627e+03	2.4879e-09	6.6377e-01	3.3623e-01	9.9905e-01	9.4589e-04	1.3175e-12	2.9916e-11	5.6189e-04	9.9378e-01	5.6613e-03	1.1755e-36	7.1377e-01	2.8623e-01	3.4820e-07	1.1755e-36	1.1755e-36	1.1755e-36	1.1453e-17	0.00e+00	0.00e+00	2.2109e+01
4.03133e+16	5.6647e+03	1.349e-17	4.6416e+03	1.5096e+03	2.8932e-09	6.7557e-01	3.2443e-01	9.9906e-01	9.4158e-04	1.3365e-12	3.1308e-11	5.4506e-04	9.9402e-01	5.4355e-03	1.1755e-36	7.2467e-01	2.7533e-01	3.2405e-07	1.1755e-36	1.1755e-36	1.1755e-36	1.2317e-17	0.00e+00	0.00e+00	2.2401e+01
4.03277e+16	5.5771e+03	1.277e-17	4.6416e+03	1.4577e+03	3.3521e-09	6.8674e-01	3.1326e-01	9.9906e-01	9.3864e-04	1.3587e-12	3.2657e-11	5.2846e-04	9.9425e-01	5.2258e-03	1.1755e-36	7.3494e-01	2.6506e-01	3.0229e-07	1.1755e-36	1.1755e-36	1.1755e-36	1.3187e-17	0.00e+00	0.00e+00	2.2685e+01
4.03418e+16	5.4877e+03	1.209e-17	4.6416e+03	1.4072e+03	3.8966e-09	6.9765e-01	3.0235e-01	9.9906e-01	9.3601e-04	1.3817e-12	3.4042e-11	5.1226e-04	9.9446e-01	5.0247e-03	1.1755e-36	7.4493e-01	2.5507e-01	2.8220e-07	1.1755e-36	1.1755e-36	1.1755e-36	1.4122e-17	0.00e+00	0.00e+00	2.2974e+01
4.03559e+16	5.3949e+03	1.143e-17	4.6416e+03	1.3571e+03	4.5570e-09	7.0847e-01	2.9153e-01	9.9907e-01	9.3366e-04	1.4060e-12	3.5493e-11	4.9618e-04	9.9467e-01	4.8290e-03	1.1755e-36	7.5478e-01	2.4522e-01	2.6336e-07	1.1755e-36	1.1755e-36	1.1755e-36	1.5154e-17	0.00e+00	0.00e+00	2.3267e+01
4.03700e+16	5.2992e+03	1.079e-17	4.6416e+03	1.3077e+03	5.3607e-09	7.1912e-01	2.8088e-01	9.9907e-01	9.3157e-04	1.4315e-12	3.7020e-11	4.8030e-04	9.9488e-01	4.6398e-03	1.1755e-36	7.6443e-01	2.3557e-01	2.4579e-07	1.1755e-36	1.1755e-36	1.1755e-36	1.6305e-17	0.00e+00	0.00e+00	2.3562e+01
4.03839e+16	5.2013e+03	1.018e-17	4.6416e+03	1.2595e+03	6.3360e-09	7.2952e-01	2.7048e-01	9.9907e-01	9.2978e-04	1.4579e-12	3.8629e-11	4.6482e-04	9.9508e-01	4.4585e-03	1.1755e-36	7.7382e-01	2.2618e-01	2.2953e-07	1.1755e-36	1.1755e-36	1.1755e-36	1.7605e-17	0.00e+00	0.00e+00	2.3857e+01
4.03976e+16	5.0982e+03	9.609e-18	4.6416e+03	1.2121e+03	7.5544e-09	7.3964e-01	2.6036e-01	9.9907e-01	9.2822e-04	1.4852e-12	4.0347e-11	4.4962e-04	9.9526e-01	4.2855e-03	1.1755e-36	7.8293e-01	2.1707e-01	2.1454e-07	1.1755e-36	1.1755e-36	1.1755e-36	1.9100e-17	0.00e+00	0.00e+00	2.4151e+01
4.04111e+16	4.9955e+03	9.063e-18	4.6416e+03	1.1664e+03	9.0259e-09	7.4950e-01	2.5050e-01	9.9907e-01	9.2684e-04	1.5131e-12	4.2217e-11	4.3492e-04	9.9545e-01	4.1191e-03	1.1755e-36	7.9176e-01	2.0824e-01	2.0060e-07	1.1755e-36	1.1755e-36	1.1755e-36	2.0862e-17	0.00e+00	0.00e+00	2.4446e+01
4.04244e+16	4.8883e+03	8.545e-18	4.6416e+03	1.1217e+03	1.0858e-08	7.5915e-01	2.4085e-01	9.9907e-01	9.2549e-04	1.5413e-12	4.4240e-11	4.2059e-04	9.9564e-01	3.9440e-03	1.1755e-36	8.0038e-01	1.9962e-01	1.8764e-07	1.1755e-36	1.1755e-36	1.1755e-36	2.2805e-17	0.00e+00	0.00e+00	2.4741e+01
4.04350e+16	4.8103e+03	8.174e-18	4.6416e+03	1.0890e+03	1.2449e-08	7.6620e-01	2.3380e-01	9.9907e-01	9.2516e-04	1.5647e-12	4.5822e-11	4.1009e-04	9.9577e-01	3.8177e-03	1.1755e-36	8.0663e-01	1.9337e-01	1.7858e-07	1.1755e-36	1.1755e-36	1.1755e-36	2.4443e-17	0.00e+00	0.00e+00	2.4918e+01
4.04420e+16	4.7552e+03	7.925e-18	4.6416e+03	1.0660e+03	1.3706e-08	7.7081e-01	2.2919e-01	9.9907e-01	9.2566e-04	1.5833e-12	4.6892e-11	4.0264e-04	9.9586e-01	3.7348e-03	1.1755e-36	8.1073e-01	1.8927e-01	1.7272e-07	1.1755e-36	1.1755e-36	1.1755e-36	2.5615e-17	0.00e+00	0.00e+00	2.5057e+01
4.04484e+16	4.6975e+03	7.694e-18	4.6416e+03	1.0453e+03	1.5163e-08	7.7551e-01	2.2449e-01	9.9908e-01	9.2440e-04	1.5957e-12	4.8137e-11	3.9612e-04	9.9595e-01	3.6514e-03	1.1755e-36	8.1489e-01	1.8511e-01	1.6704e-07	1.1755e-36	1.1755e-36	1.1755e-36	2.7047e-17	0.00e+00	0.00e+00	2.5209e+01
4.04553e+16	4.6383e+03	7.454e-18	4.6416e+03	1.0237e+03	1.6836e-08	7.8038e-01	2.1962e-01	9.9908e-01	9.2336e-04	1.6100e-12	4.9483e-11	3.8925e-04	9.9605e-01	3.5654e-03	1.1755e-36	8.1918e-01	1.8081e-01	1.6125e-07	1.1755e-36	1.1755e-36	1.1755e-36	2.8676e-17	0.00e+00	0.00e+00	2.5369e+01
4.04623e+16	4.5749e+03	7.214e-18	4.6416e+03	1.0006e+03	1.8813e-08	7.8515e-01	2.1485e-01	9.9908e-01	9.2318e-04	1.6277e-12	5.0854e-11	3.8192e-04	9.9614e-01	3.4814e-03	1.1755e-36	8.2339e-01	1.7661e-01	1.5570e-07	1.1755e-36	1.1755e-36	1.1755e-36	3.0441e-17	0.00e+00	0.00e+00	2.5530e+01
4.04691e+16	4.5136e+03	6.987e-18	4.6416e+03	9.7911e+02	2.0962e-08	7.8981e-01	2.1019e-01	9.9908e-01	9.2260e-04	1.6435e-12	5.2306e-11	3.7512e-04	9.9623e-01	3.3997e-03	1.1755e-36	8.2750e-01	1.7250e-01	1.5039e-07	1.1755e-36	1.1755e-36	1.1755e-36	3.2409e-17	0.00e+00	0.00e+00	2.5685e+01
4.04757e+16	4.4534e+03	6.773e-18	4.6416e+03	9.5843e+02	2.3311e-08	7.9427e-01	2.0573e-01	9.9908e-01	9.2209e-04	1.6592e-12	5.3785e-11	3.6859e-04	9.9631e-01	3.3219e-03	1.1755e-36	8.3142e-01	1.6858e-01	1.4543e-07	1.1755e-36	1.1755e-36	1.1755e-36	3.4528e-17	0.00e+00	0.00e+00	2.5837e+01
4.04822e+16	4.3931e+03	6.567e-18	4.6416e+03	9.3822e+02	2.5919e-08	7.9862e-01	2.0138e-01	9.9908e-01	9.2160e-04	1.6749e-12	5.5325e-11	3.6223e-04	9.9639e-01	3.2464e-03	1.1755e-36	8.3524e-01	1.6476e-01	1.4069e-07	1.1755e-36	1.1755e-36	1.1755e-36	3.6859e-17	0.00e+00	0.00e+00	2.5989e+01
4.04887e+16	4.3323e+03	6.367e-18	4.6416e+03	9.1836e+02	2.8823e-08	8.0291e-01	1.9709e-01	9.9908e-01	9.2108e-04	1.6905e-12	5.6943e-11	3.5600e-04	9.9647e-01	3.1724e-03	1.1755e-36	8.3900e-01	1.6100e-01	1.3612e-07	1.1755e-36	1.1755e-36	1.1755e-36	3.9445e-17	0.00e+00	0.00e+00	2.6140e+01
4.04951e+16	4.2710e+03	6.172e-18	4.6416e+03	8.9879e+02	3.2053e-08	8.0713e-01	1.9287e-01	9.9908e-01	9.2058e-04	1.7062e-12	5.8636e-11	3.4989e-04	9.9655e-01	3.1000e-03	1.1755e-36	8.4268e-01	1.5732e-01	1.3172e-07	1.1755e-36	1.1755e-36	1.1755e-36	4.2303e-17	0.00e+00	0.00e+00	2.6291e+01
4.05015e+16	4.2094e+03	5.984e-18	4.6416e+03	8.7959e+02	3.5619e-08	8.1127e-01	1.8873e-01	9.9908e-01	9.2003e-04	1.7218e-12	6.0404e-11	3.4393e-04	9.9663e-01	3.0291e-03	1.1755e-36	8.4630e-01	1.5370e-01	1.2748e-07	1.1755e-36	1.1755e-36	1.1755e-36	4.5454e-17	0.00e+00	0.00e+00	2.6442e+01
4.05078e+16	4.1472e+03	5.801e-18	4.6416e+03	8.6066e+02	3.9553e-08	8.1536e-01	1.8464e-01	9.9908e-01	9.1946e-04	1.7373e-12	6.2247e-11	3.3808e-04	9.9670e-01	2.9595e-03	1.1755e-36	8.4987e-01	1.5013e-01	1.2337e-07	1.1755e-36	1.1755e-36	1.1755e-36	4.8918e-17	0.00e+00	0.00e+00	2.6593e+01
4.05142e+16	4.0839e+03	5.622e-18	4.6416e+03	8.4184e+02	4.3900e-08	8.1943e-01	1.8057e-01	9.9908e-01	9.1883e-04	1.7530e-12	6.4168e-11	3.3231e-04	9.9678e-01	2.8907e-03	1.1755e-36	8.5340e-01	1.4660e-01	1.1938e-07	1.1755e-36	1.1755e-36	1.1755e-36	5.2726e-17	0.00e+00	0.00e+00	2.6746e+01
4.05205e+16	4.0157e+03	5.446e-18	4.6416e+03	8.2263e+02	4.8922e-08	8.2349e-01	1.7651e-01	9.9908e-01	9.1807e-04	1.7684e-12	6.6206e-11	3.2650e-04	9.9685e-01	2.8222e-03	1.1755e-36	8.5695e-01	1.4305e-01	1.1548e-07	1.1755e-36	1.1755e-36	1.1755e-36	5.7009e-17	0.00e+00	0.00e+00	2.6901e+01
4.05269e+16	3.9545e+03	5.276e-18	4.6416e+03	8.0469e+02	5.3802e-08	8.2744e-01	1.7256e-01	9.9908e-01	9.1711e-04	1.7836e-12	6.8177e-11	3.2102e-04	9.9692e-01	2.7563e-03	1.1755e-36	8.6037e-01	1.3963e-01	1.1172e-07	1.1755e-36	1.1755e-36	1.1755e-36	6.1309e-17	0.00e+00	0.00e+00	2.7053e+01
