#depth	Te	Htot	hden	eden	2H_2/H	HI	HII	HeI	HeII	HeIII	CO/C	C1	C2	C3	C4	O1	O2	O3	O4	O5	O6	H2O/O	AV(point)	AV(extend)	Tau912
5.50987e+14	6.4276e+03	3.332e-22	1.0000e+01	1.0855e+01	1.6669e-14	1.3154e-03	9.9868e-01	7.1160e-03	9.8829e-01	4.5976e-03	9.9268e-19	4.3053e-05	1.1750e-01	8.8066e-01	1.7981e-03	3.6000e-04	3.1632e-01	6.8195e-01	1.3776e-03	1.1755e-36	1.1755e-36	7.6405e-27	0.00e+00	0.00e+00	9.1512e-05
3.30592e+15	6.4262e+03	3.332e-22	1.0000e+01	1.0854e+01	1.6682e-14	1.3152e-03	9.9868e-01	7.1164e-03	9.8829e-01	4.5936e-03	9.9194e-19	4.3023e-05	1.1750e-01	8.8065e-01	1.8023e-03	3.5985e-04	3.1623e-01	6.8204e-01	1.3728e-03	1.1755e-36	1.1755e-36	7.6321e-27	0.00e+00	0.00e+00	4.5751e-04
1.43257e+16	6.4233e+03	3.331e-22	1.0000e+01	1.0854e+01	1.6711e-14	1.3149e-03	9.9869e-01	7.1185e-03	9.8832e-01	4.5636e-03	9.9151e-19	4.2979e-05	1.1753e-01	8.8062e-01	1.7999e-03	3.5982e-04	3.1625e-01	6.8203e-01	1.3528e-03	1.1755e-36	1.1755e-36	7.6226e-27	0.00e+00	0.00e+00	1.9211e-03
5.84046e+16	6.4137e+03	3.326e-22	1.0000e+01	1.0854e+01	1.6841e-14	1.3150e-03	9.9868e-01	7.1311e-03	9.8846e-01	4.4077e-03	9.9409e-19	4.2958e-05	1.1771e-01	8.8046e-01	1.7856e-03	3.6052e-04	3.1666e-01	6.8170e-01	1.2752e-03	1.1755e-36	1.1755e-36	7.6232e-27	0.00e+00	0.00e+00	7.7760e-03
1.39510e+17	6.3875e+03	3.306e-22	1.0000e+01	1.0854e+01	1.6993e-14	1.3085e-03	9.9869e-01	7.1333e-03	9.8856e-01	4.3104e-03	9.8318e-19	4.2720e-05	1.1779e-01	8.8039e-01	1.7713e-03	3.5946e-04	3.1692e-01	6.8155e-01	1.1708e-03	1.1755e-36	1.1755e-36	7.4635e-27	0.00e+00	0.00e+00	1.5349e-02
2.44947e+17	6.3562e+03	3.287e-22	1.0000e+01	1.0854e+01	1.7210e-14	1.3030e-03	9.9870e-01	7.1448e-03	9.8880e-01	4.0572e-03	9.7405e-19	4.2611e-05	1.1799e-01	8.8022e-01	1.7444e-03	3.5921e-04	3.1757e-01	6.8103e-01	1.0441e-03	1.1755e-36	1.1755e-36	7.2977e-27	0.00e+00	0.00e+00	2.5154e-02
3.82015e+17	6.3213e+03	3.264e-22	1.0000e+01	1.0854e+01	1.7509e-14	1.2978e-03	9.9870e-01	7.1636e-03	9.8918e-01	3.6581e-03	9.6819e-19	4.2568e-05	1.1829e-01	8.7996e-01	1.7062e-03	3.5960e-04	3.1860e-01	6.8014e-01	8.9670e-04	1.1755e-36	1.1755e-36	7.1589e-27	0.00e+00	0.00e+00	3.7849e-02
5.60203e+17	6.2818e+03	3.239e-22	1.0000e+01	1.0853e+01	1.7870e-14	1.2930e-03	9.9871e-01	7.1916e-03	9.8969e-01	3.1211e-03	9.6397e-19	4.2591e-05	1.1872e-01	8.7958e-01	1.6566e-03	3.6085e-04	3.2018e-01	6.7873e-01	7.3307e-04	1.1755e-36	1.1755e-36	7.0153e-27	0.00e+00	0.00e+00	5.4290e-02
7.91848e+17	6.2371e+03	3.210e-22	1.0000e+01	1.0853e+01	1.8327e-14	1.2888e-03	9.9871e-01	7.2318e-03	9.9029e-01	2.4785e-03	9.6299e-19	4.2694e-05	1.1933e-01	8.7903e-01	1.5967e-03	3.6334e-04	3.2249e-01	6.7659e-01	5.6196e-04	1.1755e-36	1.1755e-36	6.8791e-27	0.00e+00	0.00e+00	7.5596e-02
1.09299e+18	6.1864e+03	3.178e-22	1.0000e+01	1.0852e+01	1.8917e-14	1.2859e-03	9.9871e-01	7.2880e-03	9.9092e-01	1.7948e-03	9.6728e-19	4.2906e-05	1.2018e-01	8.7825e-01	1.5295e-03	3.6751e-04	3.2573e-01	6.7351e-01	3.9645e-04	1.1755e-36	1.1755e-36	6.7653e-27	0.00e+00	0.00e+00	1.0323e-01
1.48447e+18	6.1298e+03	3.141e-22	1.0000e+01	1.0851e+01	1.9656e-14	1.2850e-03	9.9872e-01	7.3661e-03	9.9148e-01	1.1568e-03	9.7766e-19	4.3277e-05	1.2136e-01	8.7713e-01	1.4588e-03	3.7391e-04	3.3012e-01	6.6925e-01	2.5153e-04	1.1755e-36	1.1755e-36	6.6658e-27	0.00e+00	0.00e+00	1.3913e-01
1.99339e+18	6.0673e+03	3.100e-22	1.0000e+01	1.0851e+01	2.0602e-14	1.2873e-03	9.9871e-01	7.4744e-03	9.9188e-01	6.4553e-04	9.9746e-19	4.3876e-05	1.2301e-01	8.7556e-01	1.3880e-03	3.8329e-04	3.3586e-01	6.6361e-01	1.3966e-04	1.1755e-36	1.1755e-36	6.6015e-27	0.00e+00	0.00e+00	1.8588e-01
2.65499e+18	6.0001e+03	3.055e-22	1.0000e+01	1.0850e+01	2.1845e-14	1.2948e-03	9.9871e-01	7.6258e-03	9.9207e-01	3.0231e-04	1.0325e-18	4.4809e-05	1.2530e-01	8.7334e-01	1.3178e-03	3.9677e-04	3.4323e-01	6.5631e-01	6.5739e-05	1.1755e-36	1.1755e-36	6.6109e-27	0.00e+00	0.00e+00	2.4702e-01
3.51507e+18	5.9307e+03	3.008e-22	1.0000e+01	1.0850e+01	2.3510e-14	1.3101e-03	9.9869e-01	7.8409e-03	9.9204e-01	1.1483e-04	1.0929e-18	4.6238e-05	1.2851e-01	8.7020e-01	1.2458e-03	4.1615e-04	3.5270e-01	6.4686e-01	2.5332e-05	1.1755e-36	1.1755e-36	6.7592e-27	0.00e+00	0.00e+00	3.2743e-01
4.63318e+18	5.8622e+03	2.960e-22	1.0000e+01	1.0849e+01	2.5607e-14	1.3378e-03	9.9866e-01	8.1538e-03	9.9181e-01	3.4194e-05	1.1867e-18	4.8400e-05	1.3307e-01	8.6572e-01	1.1667e-03	4.4457e-04	3.6510e-01	6.3445e-01	7.7183e-06	1.1755e-36	1.1755e-36	7.0350e-27	0.00e+00	0.00e+00	4.3418e-01
6.08671e+18	5.8106e+03	2.909e-22	1.0000e+01	1.0848e+01	2.8183e-14	1.3834e-03	9.9862e-01	8.6090e-03	9.9138e-01	7.7961e-06	1.3462e-18	5.1742e-05	1.3957e-01	8.5930e-01	1.0766e-03	4.8682e-04	3.8160e-01	6.1791e-01	1.8132e-06	1.1755e-36	1.1755e-36	7.6562e-27	0.00e+00	0.00e+00	5.7768e-01
7.97631e+18	5.7747e+03	2.864e-22	1.0000e+01	1.0846e+01	3.1862e-14	1.4611e-03	9.9854e-01	9.3148e-03	9.9068e-01	1.3657e-06	1.6379e-18	5.7063e-05	1.4936e-01	8.4962e-01	9.6865e-04	5.5384e-04	4.0454e-01	5.9491e-01	3.2733e-07	1.1755e-36	1.1755e-36	8.9426e-27	0.00e+00	0.00e+00	7.7472e-01
1.04328e+19	5.8015e+03	2.818e-22	1.0000e+01	1.0844e+01	3.6037e-14	1.5883e-03	9.9841e-01	1.0447e-02	9.8955e-01	1.9432e-07	2.2010e-18	6.5714e-05	1.6429e-01	8.3480e-01	8.4257e-04	6.6338e-04	4.3682e-01	5.6251e-01	1.1755e-36	1.1755e-36	1.1755e-36	1.1646e-26	0.00e+00	0.00e+00	1.0532e+00
1.28513e+19	5.8558e+03	2.786e-22	1.0000e+01	1.0841e+01	3.9756e-14	1.7345e-03	9.9827e-01	1.1798e-02	9.8820e-01	3.5603e-08	2.9420e-18	7.5865e-05	1.8128e-01	8.1792e-01	7.3214e-04	7.9566e-04	4.7099e-01	5.2821e-01	1.1755e-36	1.1755e-36	1.1755e-36	1.5106e-26	0.00e+00	0.00e+00	1.2787e+00
1.46383e+19	5.9430e+03	2.777e-22	1.0000e+01	1.0838e+01	4.2497e-14	1.8778e-03	9.9812e-01	1.3135e-02	9.8687e-01	1.2393e-08	3.8465e-18	8.5762e-05	1.9714e-01	8.0212e-01	6.5433e-04	9.2754e-04	5.0024e-01	4.9883e-01	1.1755e-36	1.1755e-36	1.1755e-36	1.9647e-26	0.00e+00	0.00e+00	1.4582e+00
1.61095e+19	6.0385e+03	2.779e-22	1.0000e+01	1.0835e+01	4.5510e-14	2.0282e-03	9.9797e-01	1.4570e-02	9.8543e-01	5.6100e-09	5.0469e-18	9.6211e-05	2.1332e-01	7.8600e-01	5.8968e-04	1.0702e-03	5.2804e-01	4.7089e-01	1.1755e-36	1.1755e-36	1.1755e-36	2.6002e-26	0.00e+00	0.00e+00	1.6412e+00
1.76649e+19	6.1538e+03	2.787e-22	1.0000e+01	1.0831e+01	4.9882e-14	2.2251e-03	9.9777e-01	1.6533e-02	9.8347e-01	2.5500e-09	7.0489e-18	1.1006e-04	2.3421e-01	7.6516e-01	5.2018e-04	1.2652e-03	5.6144e-01	4.3730e-01	1.1755e-36	1.1755e-36	1.1755e-36	3.6962e-26	0.00e+00	0.00e+00	1.8775e+00
1.92516e+19	6.2901e+03	2.803e-22	1.0000e+01	1.0827e+01	5.4916e-14	2.4680e-03	9.9753e-01	1.9158e-02	9.8084e-01	1.2165e-09	1.0168e-17	1.2745e-04	2.5993e-01	7.3949e-01	4.5160e-04	1.5191e-03	5.9940e-01	3.9908e-01	1.1755e-36	1.1755e-36	1.1755e-36	5.4299e-26	0.00e+00	0.00e+00	2.1098e+00
2.05907e+19	6.4195e+03	2.825e-22	1.0000e+01	1.0821e+01	6.0468e-14	2.7239e-03	9.9728e-01	2.2162e-02	9.7784e-01	6.7920e-10	1.4399e-17	1.4601e-04	2.8696e-01	7.1250e-01	3.9325e-04	1.8006e-03	6.3583e-01	3.6237e-01	1.1755e-36	1.1755e-36	1.1755e-36	7.8278e-26	0.00e+00	0.00e+00	2.3140e+00
2.16901e+19	6.5323e+03	2.849e-22	1.0000e+01	1.0815e+01	6.6724e-14	2.9822e-03	9.9702e-01	2.5483e-02	9.7452e-01	4.2917e-10	1.9849e-17	1.6501e-04	3.1416e-01	6.8533e-01	3.4414e-04	2.0972e-03	6.6921e-01	3.2869e-01	1.1755e-36	1.1755e-36	1.1755e-36	1.0981e-25	0.00e+00	0.00e+00	2.5044e+00
2.26724e+19	6.6355e+03	2.874e-22	1.0000e+01	1.0809e+01	7.4243e-14	3.2605e-03	9.9674e-01	2.9426e-02	9.7057e-01	2.8748e-10	2.7229e-17	1.8564e-04	3.4331e-01	6.5621e-01	2.9931e-04	2.4289e-03	7.0175e-01	2.9582e-01	1.1755e-36	1.1755e-36	1.1755e-36	1.5325e-25	0.00e+00	0.00e+00	2.7007e+00
2.36082e+19	6.7356e+03	2.903e-22	1.0000e+01	1.0801e+01	8.3818e-14	3.5791e-03	9.9642e-01	3.4460e-02	9.6554e-01	1.9811e-10	3.7858e-17	2.0932e-04	3.7636e-01	6.2317e-01	2.5620e-04	2.8212e-03	7.3509e-01	2.6209e-01	1.1755e-36	1.1755e-36	1.1755e-36	2.1720e-25	0.00e+00	0.00e+00	2.9082e+00
2.44915e+19	6.8244e+03	2.937e-22	1.0000e+01	1.0791e+01	9.6304e-14	3.9452e-03	9.9605e-01	4.0990e-02	9.5901e-01	1.4053e-10	5.3126e-17	2.3637e-04	4.1368e-01	5.8587e-01	2.1521e-04	3.2847e-03	7.6879e-01	2.2793e-01	1.1755e-36	1.1755e-36	1.1755e-36	3.1032e-25	0.00e+00	0.00e+00	3.1195e+00
2.52925e+19	6.9189e+03	2.969e-22	1.0000e+01	1.0780e+01	1.0992e-13	4.3410e-03	9.9566e-01	4.9350e-02	9.5065e-01	1.0377e-10	7.3904e-17	2.6565e-04	4.5379e-01	5.4577e-01	1.7846e-04	3.8012e-03	8.0089e-01	1.9531e-01	1.1755e-36	1.1755e-36	1.1755e-36	4.3933e-25	0.00e+00	0.00e+00	3.3261e+00
2.60102e+19	6.9961e+03	3.004e-22	1.0000e+01	1.0767e+01	1.2698e-13	4.7717e-03	9.9523e-01	6.0179e-02	9.3982e-01	7.9124e-11	1.0208e-16	2.9706e-04	4.9637e-01	5.0319e-01	1.4553e-04	4.3741e-03	8.3098e-01	1.6465e-01	1.1755e-36	1.1755e-36	1.1755e-36	6.1739e-25	0.00e+00	0.00e+00	3.5315e+00
2.65841e+19	7.0665e+03	3.035e-22	1.0000e+01	1.0756e+01	1.4365e-13	5.1752e-03	9.9482e-01	7.2766e-02	9.2723e-01	6.4271e-11	1.3464e-16	3.2640e-04	5.3578e-01	4.6378e-01	1.1999e-04	4.9221e-03	8.5588e-01	1.3920e-01	1.1755e-36	1.1755e-36	1.1755e-36	8.2836e-25	0.00e+00	0.00e+00	3.6838e+00
2.69842e+19	7.0999e+03	3.059e-22	1.0000e+01	1.0738e+01	1.5933e-13	5.5051e-03	9.9449e-01	8.4414e-02	9.1559e-01	5.5050e-11	1.6482e-16	3.4926e-04	5.6687e-01	4.3268e-01	1.0220e-04	5.3730e-03	8.7362e-01	1.2101e-01	1.1755e-36	1.1755e-36	1.1755e-36	1.0204e-24	0.00e+00	0.00e+00	3.7999e+00
2.73080e+19	7.1322e+03	3.078e-22	1.0000e+01	1.0725e+01	1.7404e-13	5.7999e-03	9.9420e-01	9.7036e-02	9.0296e-01	4.8436e-11	1.9619e-16	3.6970e-04	5.9405e-01	4.0549e-01	8.8134e-05	5.7793e-03	8.8793e-01	1.0629e-01	1.1755e-36	1.1755e-36	1.1755e-36	1.2264e-24	0.00e+00	0.00e+00	3.9146e+00
2.76681e+19	7.1621e+03	3.098e-22	1.0000e+01	1.0707e+01	1.9439e-13	6.1665e-03	9.9383e-01	1.1530e-01	8.8470e-01	4.1485e-11	2.4049e-16	3.9396e-04	6.2627e-01	3.7326e-01	7.2921e-05	6.2857e-03	9.0363e-01	9.0084e-02	1.1755e-36	1.1755e-36	1.1755e-36	1.5225e-24	0.00e+00	0.00e+00	4.0732e+00
2.80339e+19	7.2034e+03	3.119e-22	1.0000e+01	1.0688e+01	2.1681e-13	6.5728e-03	9.9343e-01	1.4103e-01	8.5897e-01	3.5571e-11	2.9708e-16	4.1998e-04	6.6087e-01	3.3865e-01	5.8764e-05	6.8527e-03	9.1942e-01	7.3732e-02	1.1755e-36	1.1755e-36	1.1755e-36	1.9091e-24	0.00e+00	0.00e+00	4.2078e+00
2.83052e+19	7.2077e+03	3.136e-22	1.0000e+01	1.0652e+01	2.4018e-13	6.9194e-03	9.9308e-01	1.6727e-01	8.3273e-01	3.1097e-11	3.4894e-16	4.4024e-04	6.8850e-01	3.1101e-01	4.8644e-05	7.3349e-03	9.3110e-01	6.1566e-02	1.1755e-36	1.1755e-36	1.1755e-36	2.2498e-24	0.00e+00	0.00e+00	4.3031e+00
2.85021e+19	7.2340e+03	3.143e-22	1.0000e+01	1.0634e+01	2.5599e-13	7.1792e-03	9.9282e-01	1.9283e-01	8.0717e-01	2.8212e-11	3.9499e-16	4.5563e-04	7.0910e-01	2.9040e-01	4.1725e-05	7.7016e-03	9.3944e-01	5.2860e-02	1.1755e-36	1.1755e-36	1.1755e-36	2.5709e-24	0.00e+00	0.00e+00	4.3828e+00
2.86763e+19	7.2321e+03	3.151e-22	1.0000e+01	1.0603e+01	2.7578e-13	7.4375e-03	9.9256e-01	2.2088e-01	7.7912e-01	2.5386e-11	4.4122e-16	4.6921e-04	7.2768e-01	2.7181e-01	3.5822e-05	8.0607e-03	9.4655e-01	4.5390e-02	1.1755e-36	1.1755e-36	1.1755e-36	2.8773e-24	0.00e+00	0.00e+00	4.4639e+00
2.88748e+19	7.2503e+03	3.151e-22	1.0000e+01	1.0564e+01	2.9677e-13	7.7343e-03	9.9227e-01	2.6077e-01	7.3923e-01	2.2153e-11	5.0155e-16	4.8410e-04	7.4834e-01	2.5114e-01	2.9639e-05	8.4770e-03	9.5424e-01	3.7286e-02	1.1755e-36	1.1755e-36	1.1755e-36	3.2917e-24	0.00e+00	0.00e+00	4.5734e+00
2.90802e+19	7.2597e+03	3.152e-22	1.0000e+01	1.0522e+01	3.2367e-13	8.0696e-03	9.9193e-01	3.1569e-01	6.8431e-01	1.9013e-11	5.7618e-16	4.9942e-04	7.6939e-01	2.3008e-01	2.3886e-05	8.9430e-03	9.6175e-01	2.9303e-02	1.1755e-36	1.1755e-36	1.1755e-36	3.8059e-24	0.00e+00	0.00e+00	4.6684e+00
2.92397e+19	7.2647e+03	3.149e-22	1.0000e+01	1.0481e+01	3.4841e-13	8.3461e-03	9.9165e-01	3.7186e-01	6.2814e-01	1.6462e-11	6.4579e-16	5.1072e-04	7.8536e-01	2.1411e-01	1.9784e-05	9.3259e-03	9.6726e-01	2.3411e-02	1.1755e-36	1.1755e-36	1.1755e-36	4.2914e-24	0.00e+00	0.00e+00	4.7383e+00
2.93621e+19	7.2626e+03	3.136e-22	1.0000e+01	1.0419e+01	3.6734e-13	8.5542e-03	9.9145e-01	4.2293e-01	5.7707e-01	1.4192e-11	6.9752e-16	5.1734e-04	7.9664e-01	2.0283e-01	1.6941e-05	9.6153e-03	9.7110e-01	1.9284e-02	1.1755e-36	1.1755e-36	1.1755e-36	4.6049e-24	0.00e+00	0.00e+00	4.7988e+00
2.94907e+19	7.2538e+03	3.128e-22	1.0000e+01	1.0377e+01	3.9529e-13	8.8116e-03	9.9119e-01	4.8630e-01	5.1370e-01	1.1917e-11	7.7023e-16	5.2547e-04	8.0812e-01	1.9134e-01	1.4100e-05	9.9623e-03	9.7469e-01	1.5351e-02	1.1755e-36	1.1755e-36	1.1755e-36	5.1010e-24	0.00e+00	0.00e+00	4.8797e+00
2.96580e+19	7.2443e+03	3.104e-22	1.0000e+01	1.0295e+01	4.3221e-13	9.1415e-03	9.9086e-01	5.7823e-01	4.2177e-01	9.0236e-12	8.6862e-16	5.3296e-04	8.2080e-01	1.7866e-01	1.0977e-05	1.0405e-02	9.7854e-01	1.1055e-02	1.1755e-36	1.1755e-36	1.1755e-36	5.7437e-24	0.00e+00	0.00e+00	4.9889e+00
2.98276e+19	7.2278e+03	3.076e-22	1.0000e+01	1.0205e+01	4.7681e-13	9.4997e-03	9.9050e-01	6.8036e-01	3.1964e-01	6.3213e-12	9.8267e-16	5.3888e-04	8.3151e-01	1.6795e-01	8.3740e-06	1.0876e-02	9.8158e-01	7.5465e-03	1.1755e-36	1.1755e-36	1.1755e-36	6.4934e-24	0.00e+00	0.00e+00	5.0789e+00
2.99663e+19	7.2094e+03	3.055e-22	1.0000e+01	1.0138e+01	5.2261e-13	9.8269e-03	9.9017e-01	7.6215e-01	2.3785e-01	4.4176e-12	1.0940e-15	5.4327e-04	8.3877e-01	1.6068e-01	6.5662e-06	1.1298e-02	9.8336e-01	5.3417e-03	1.1755e-36	1.1755e-36	1.1755e-36	7.2833e-24	0.00e+00	0.00e+00	5.1580e+00
3.01129e+19	7.1923e+03	3.034e-22	1.0000e+01	1.0068e+01	5.7489e-13	1.0194e-02	9.8981e-01	8.3510e-01	1.6490e-01	2.8596e-12	1.2179e-15	5.4672e-04	8.4483e-01	1.5461e-01	4.9896e-06	1.1764e-02	9.8458e-01	3.6562e-03	1.1755e-36	1.1755e-36	1.1755e-36	8.2048e-24	0.00e+00	0.00e+00	5.2646e+00
3.03034e+19	7.1744e+03	3.022e-22	1.0000e+01	1.0004e+01	6.5153e-13	1.0729e-02	9.8927e-01	9.0363e-01	9.6367e-02	1.5365e-12	1.3952e-15	5.5138e-04	8.5106e-01	1.4839e-01	3.4401e-06	1.2432e-02	9.8536e-01	2.2080e-03	1.1755e-36	1.1755e-36	1.1755e-36	9.6647e-24	0.00e+00	0.00e+00	5.4105e+00
3.05510e+19	7.1645e+03	3.022e-22	1.0000e+01	9.9415e+00	7.6106e-13	1.1506e-02	9.8849e-01	9.5450e-01	4.5503e-02	6.5332e-13	1.6470e-15	5.5701e-04	8.5732e-01	1.4212e-01	2.0833e-06	1.3394e-02	9.8547e-01	1.1368e-03	1.1755e-36	1.1755e-36	1.1755e-36	1.1992e-23	0.00e+00	0.00e+00	5.6139e+00
3.08730e+19	7.1597e+03	3.049e-22	1.0000e+01	9.9005e+00	9.4934e-13	1.2712e-02	9.8729e-01	9.8286e-01	1.7141e-02	2.1729e-13	2.0762e-15	5.6572e-04	8.6443e-01	1.3501e-01	1.0628e-06	1.4875e-02	9.8464e-01	4.8315e-04	1.1755e-36	1.1755e-36	1.1755e-36	1.6676e-23	0.00e+00	0.00e+00	5.9060e+00
3.12915e+19	7.1631e+03	3.105e-22	1.0000e+01	9.8698e+00	1.2950e-12	1.4659e-02	9.8534e-01	9.9478e-01	5.2181e-03	5.6795e-14	2.8739e-15	5.7792e-04	8.7333e-01	1.2609e-01	4.3529e-07	1.7261e-02	9.8257e-01	1.6381e-04	1.1755e-36	1.1755e-36	1.1755e-36	2.6973e-23	0.00e+00	0.00e+00	6.3439e+00
3.17263e+19	7.1677e+03	3.177e-22	1.0000e+01	9.8428e+00	1.8492e-12	1.7404e-02	9.8260e-01	9.9837e-01	1.6322e-03	1.5393e-14	4.1562e-15	5.9149e-04	8.8292e-01	1.1648e-01	1.7039e-07	2.0629e-02	9.7932e-01	5.4130e-05	1.1755e-36	1.1755e-36	1.1755e-36	4.6482e-23	0.00e+00	0.00e+00	6.7795e+00
3.20692e+19	7.1597e+03	3.244e-22	1.0000e+01	9.8159e+00	2.5867e-12	2.0417e-02	9.7958e-01	9.9929e-01	7.1067e-04	6.0079e-15	5.8268e-15	6.0271e-04	8.9133e-01	1.0807e-01	1.1755e-36	2.4330e-02	9.7565e-01	2.3352e-05	1.1755e-36	1.1755e-36	1.1755e-36	7.6424e-23	0.00e+00	0.00e+00	7.1525e+00
3.23396e+19	7.1491e+03	3.298e-22	1.0000e+01	9.7869e+00	3.4922e-12	2.3531e-02	9.7647e-01	9.9962e-01	3.8416e-04	2.9765e-15	7.8604e-15	6.1154e-04	8.9857e-01	1.0082e-01	1.1755e-36	2.8158e-02	9.7183e-01	1.2135e-05	1.1755e-36	1.1755e-36	1.1755e-36	1.1870e-22	0.00e+00	0.00e+00	7.5263e+00
3.25891e+19	7.1373e+03	3.343e-22	1.0000e+01	9.7411e+00	4.7350e-12	2.7172e-02	9.7283e-01	9.9978e-01	2.2145e-04	1.5840e-15	1.0624e-14	6.1874e-04	9.0561e-01	9.3774e-02	1.1755e-36	3.2636e-02	9.6736e-01	6.6144e-06	1.1755e-36	1.1755e-36	1.1755e-36	1.8480e-22	0.00e+00	0.00e+00	7.9509e+00
3.28328e+19	7.1151e+03	3.390e-22	1.0000e+01	9.6932e+00	6.6726e-12	3.1863e-02	9.6814e-01	9.9987e-01	1.3128e-04	8.6870e-16	1.4832e-14	6.2621e-04	9.1307e-01	8.6302e-02	1.1755e-36	3.8402e-02	9.6159e-01	3.6345e-06	1.1755e-36	1.1755e-36	1.1755e-36	3.0179e-22	0.00e+00	0.00e+00	8.4335e+00
3.30570e+19	7.0941e+03	3.430e-22	1.0000e+01	9.6341e+00	9.5560e-12	3.7673e-02	9.6233e-01	9.9992e-01	8.2367e-05	5.0895e-16	2.1040e-14	6.3243e-04	9.2043e-01	7.8938e-02	1.1755e-36	4.5539e-02	9.5446e-01	2.0767e-06	1.1755e-36	1.1755e-36	1.1755e-36	5.0526e-22	0.00e+00	0.00e+00	8.9293e+00
3.32469e+19	7.0588e+03	3.463e-22	1.0000e+01	9.5672e+00	1.3737e-11	4.4410e-02	9.5559e-01	9.9994e-01	5.5938e-05	3.2644e-16	2.9640e-14	6.3727e-04	9.2724e-01	7.2127e-02	1.1755e-36	5.3800e-02	9.4620e-01	1.2741e-06	1.1755e-36	1.1755e-36	1.1755e-36	8.3694e-22	0.00e+00	0.00e+00	9.4102e+00
3.34046e+19	7.0255e+03	3.490e-22	1.0000e+01	9.5140e+00	1.9426e-11	5.1968e-02	9.4803e-01	9.9996e-01	4.0724e-05	2.2646e-16	4.1185e-14	6.4193e-04	9.3342e-01	6.5937e-02	1.1755e-36	6.3043e-02	9.3696e-01	8.3308e-07	1.1755e-36	1.1755e-36	1.1755e-36	1.3615e-21	0.00e+00	0.00e+00	9.8821e+00
3.35399e+19	7.0019e+03	3.488e-22	1.0000e+01	9.4152e+00	2.6773e-11	6.0208e-02	9.3979e-01	9.9997e-01	3.1061e-05	1.6669e-16	5.5816e-14	6.4200e-04	9.3880e-01	6.0558e-02	1.1755e-36	7.3097e-02	9.2690e-01	5.6934e-07	1.1755e-36	1.1755e-36	1.1755e-36	2.1342e-21	0.00e+00	0.00e+00	1.0364e+01
3.36632e+19	6.9610e+03	3.493e-22	1.0000e+01	9.3406e+00	3.7925e-11	7.0275e-02	9.2972e-01	9.9998e-01	2.4181e-05	1.2512e-16	7.7113e-14	6.4393e-04	9.4425e-01	5.5102e-02	1.1755e-36	8.5330e-02	9.1467e-01	3.9318e-07	1.1755e-36	1.1755e-36	1.1755e-36	3.4478e-21	0.00e+00	0.00e+00	1.0896e+01
3.37770e+19	6.9367e+03	3.460e-22	1.0000e+01	9.1998e+00	5.3164e-11	8.1988e-02	9.1801e-01	9.9998e-01	1.9291e-05	9.7436e-17	1.0587e-13	6.4012e-04	9.4922e-01	5.0140e-02	1.1755e-36	9.9499e-02	9.0050e-01	2.7502e-07	1.1755e-36	1.1755e-36	1.1755e-36	5.5220e-21	0.00e+00	0.00e+00	1.1453e+01
3.38792e+19	6.8955e+03	3.420e-22	1.0000e+01	9.0507e+00	7.6052e-11	9.5983e-02	9.0402e-01	9.9998e-01	1.5695e-05	7.7624e-17	1.4656e-13	6.3571e-04	9.5401e-01	4.5350e-02	1.1755e-36	1.1633e-01	8.8367e-01	1.9492e-07	1.1755e-36	1.1755e-36	1.1755e-36	8.9581e-21	0.00e+00	0.00e+00	1.2040e+01
3.39701e+19	6.8487e+03	3.371e-22	1.0000e+01	8.9070e+00	1.0997e-10	1.1267e-01	8.8733e-01	9.9999e-01	1.3106e-05	6.3639e-17	2.0463e-13	6.3110e-04	9.5861e-01	4.0762e-02	1.1755e-36	1.3626e-01	8.6374e-01	1.3981e-07	1.1755e-36	1.1755e-36	1.1755e-36	1.4762e-20	0.00e+00	0.00e+00	1.2645e+01
3.40494e+19	6.8027e+03	3.295e-22	1.0000e+01	8.7227e+00	1.5732e-10	1.3143e-01	8.6857e-01	9.9999e-01	1.1215e-05	5.3941e-17	2.8155e-13	6.2294e-04	9.6269e-01	3.6686e-02	1.1755e-36	1.5849e-01	8.4151e-01	1.0238e-07	1.1755e-36	1.1755e-36	1.1755e-36	2.3824e-20	0.00e+00	0.00e+00	1.3254e+01
3.41191e+19	6.7493e+03	3.200e-22	1.0000e+01	8.5135e+00	2.2481e-10	1.5264e-01	8.4736e-01	9.9999e-01	9.7715e-06	4.6805e-17	3.8391e-13	6.1251e-04	9.6641e-01	3.2975e-02	1.1755e-36	1.8338e-01	8.1662e-01	7.6028e-08	1.1755e-36	1.1755e-36	1.1755e-36	3.7980e-20	0.00e+00	0.00e+00	1.3892e+01
3.41829e+19	6.6898e+03	3.073e-22	1.0000e+01	8.2468e+00	3.2219e-10	1.7680e-01	8.2320e-01	9.9999e-01	8.6228e-06	4.1493e-17	5.1929e-13	5.9764e-04	9.6981e-01	2.9588e-02	1.1755e-36	2.1144e-01	7.8856e-01	5.6762e-08	1.1755e-36	1.1755e-36	1.1755e-36	5.9845e-20	0.00e+00	0.00e+00	1.4578e+01
3.42428e+19	6.6102e+03	2.926e-22	1.0000e+01	7.9531e+00	4.7547e-10	2.0578e-01	7.9422e-01	9.9999e-01	7.6588e-06	3.7152e-17	7.1148e-13	5.8065e-04	9.7314e-01	2.6284e-02	1.1755e-36	2.4468e-01	7.5532e-01	4.2066e-08	1.1755e-36	1.1755e-36	1.1755e-36	9.6374e-20	0.00e+00	0.00e+00	1.5335e+01
3.42986e+19	6.5102e+03	2.749e-22	1.0000e+01	7.6095e+00	7.1980e-10	2.3996e-01	7.6004e-01	9.9999e-01	6.9015e-06	3.3991e-17	9.7971e-13	5.5991e-04	9.7628e-01	2.3164e-02	1.1755e-36	2.8332e-01	7.1668e-01	3.1027e-08	1.1755e-36	1.1755e-36	1.1755e-36	1.5678e-19	0.00e+00	0.00e+00	1.6142e+01
3.43488e+19	6.3884e+03	2.551e-22	1.0000e+01	7.2273e+00	1.1063e-09	2.7860e-01	7.2140e-01	9.9999e-01	6.3080e-06	3.1759e-17	1.3398e-12	5.3600e-04	9.7914e-01	2.0325e-02	1.1755e-36	3.2627e-01	6.7373e-01	2.2987e-08	1.1755e-36	1.1755e-36	1.1755e-36	2.5328e-19	0.00e+00	0.00e+00	1.6973e+01
3.43903e+19	6.2562e+03	2.352e-22	1.0000e+01	6.8349e+00	1.6575e-09	3.1737e-01	6.8263e-01	9.9999e-01	5.9050e-06	3.0584e-17	1.7618e-12	5.1074e-04	9.8147e-01	1.8017e-02	1.1755e-36	3.6860e-01	6.3140e-01	1.7604e-08	1.1755e-36	1.1755e-36	1.1755e-36	3.8668e-19	0.00e+00	0.00e+00	1.7689e+01
3.44206e+19	6.1344e+03	2.187e-22	1.0000e+01	6.5086e+00	2.3113e-09	3.5056e-01	6.4944e-01	9.9999e-01	5.6454e-06	3.0011e-17	2.1780e-12	4.8936e-04	9.8318e-01	1.6332e-02	1.1755e-36	4.0425e-01	5.9575e-01	1.4285e-08	1.1755e-36	1.1755e-36	1.1755e-36	5.3908e-19	0.00e+00	0.00e+00	1.8240e+01
3.44430e+19	6.0263e+03	2.053e-22	1.0000e+01	6.2344e+00	3.0183e-09	3.7740e-01	6.2260e-01	9.9999e-01	5.4805e-06	2.9839e-17	2.5498e-12	4.7119e-04	9.8441e-01	1.5115e-02	1.1755e-36	4.3270e-01	5.6730e-01	1.2158e-08	1.1755e-36	1.1755e-36	1.1755e-36	6.9190e-19	0.00e+00	0.00e+00	1.8713e+01
3.44619e+19	5.9202e+03	1.934e-22	1.0000e+01	5.9880e+00	3.8530e-09	4.0197e-01	5.9803e-01	9.9999e-01	5.3419e-06	2.9735e-17	2.9243e-12	4.5479e-04	9.8546e-01	1.4089e-02	1.1755e-36	4.5845e-01	5.4155e-01	1.0543e-08	1.1755e-36	1.1755e-36	1.1755e-36	8.6280e-19	0.00e+00	0.00e+00	1.9171e+01
3.44797e+19	5.8068e+03	1.817e-22	1.0000e+01	5.7410e+00	4.9282e-09	4.2658e-01	5.7342e-01	9.9999e-01	5.2210e-06	2.9746e-17	3.3342e-12	4.3824e-04	9.8642e-01	1.3140e-02	1.1755e-36	4.8395e-01	5.1605e-01	9.1789e-09	1.1755e-36	1.1755e-36	1.1755e-36	1.0702e-18	0.00e+00	0.00e+00	1.9644e+01
3.44967e+19	5.6839e+03	1.702e-22	1.0000e+01	5.4935e+00	6.3429e-09	4.5143e-01	5.4857e-01	9.9999e-01	5.1133e-06	2.9846e-17	3.7899e-12	4.2161e-04	9.8732e-01	1.2255e-02	1.1755e-36	5.0943e-01	4.9057e-01	8.0143e-09	1.1755e-36	1.1755e-36	1.1755e-36	1.3281e-18	0.00e+00	0.00e+00	2.0109e+01
3.45121e+19	5.5599e+03	1.595e-22	1.0000e+01	5.2565e+00	8.0965e-09	4.7513e-01	5.2487e-01	9.9999e-01	5.0297e-06	3.0083e-17	4.2696e-12	4.0558e-04	9.8812e-01	1.1470e-02	1.1755e-36	5.3347e-01	4.6653e-01	7.0622e-09	1.1755e-36	1.1755e-36	1.1755e-36	1.6337e-18	0.00e+00	0.00e+00	2.0544e+01
3.45258e+19	5.4373e+03	1.498e-22	1.0000e+01	5.0372e+00	1.0205e-08	4.9706e-01	5.0294e-01	1.0000e+00	4.9613e-06	3.0376e-17	4.7625e-12	3.9072e-04	9.8882e-01	1.0787e-02	1.1755e-36	5.5550e-01	4.4450e-01	6.2951e-09	1.1755e-36	1.1755e-36	1.1755e-36	1.9884e-18	0.00e+00	0.00e+00	2.0947e+01
3.45353e+19	5.3519e+03	1.433e-22	1.0000e+01	4.8848e+00	1.1969e-08	5.1226e-01	4.8774e-01	1.0000e+00	4.9315e-06	3.0727e-17	5.1359e-12	3.8027e-04	9.8927e-01	1.0347e-02	1.1755e-36	5.7064e-01	4.2936e-01	5.8237e-09	1.1755e-36	1.1755e-36	1.1755e-36	2.2865e-18	0.00e+00	0.00e+00	2.1149e+01
3.45405e+19	5.3036e+03	1.396e-22	1.0000e+01	4.7989e+00	1.3085e-08	5.2076e-01	4.7924e-01	1.0000e+00	4.9154e-06	3.0938e-17	5.3571e-12	3.7436e-04	9.8952e-01	1.0104e-02	1.1755e-36	5.7906e-01	4.2094e-01	5.5733e-09	1.1755e-36	1.1755e-36	1.1755e-36	2.4757e-18	0.00e+00	0.00e+00	2.1288e+01
3.45451e+19	5.2489e+03	1.364e-22	1.0000e+01	4.7202e+00	1.4367e-08	5.2886e-01	4.7114e-01	1.0000e+00	4.8921e-06	3.1043e-17	5.5870e-12	3.6914e-04	9.8976e-01	9.8722e-03	1.1755e-36	5.8708e-01	4.1292e-01	5.3474e-09	1.1755e-36	1.1755e-36	1.1755e-36	2.6845e-18	0.00e+00	0.00e+00	2.1453e+01
3.45504e+19	5.1884e+03	1.326e-22	1.0000e+01	4.6314e+00	1.5949e-08	5.3817e-01	4.6183e-01	1.0000e+00	4.8643e-06	3.1163e-17	5.8657e-12	3.6312e-04	9.9003e-01	9.6117e-03	1.1755e-36	5.9624e-01	4.0376e-01	5.0987e-09	1.1755e-36	1.1755e-36	1.1755e-36	2.9519e-18	0.00e+00	0.00e+00	2.1641e+01
3.45559e+19	5.1284e+03	1.286e-22	1.0000e+01	4.5322e+00	1.7697e-08	5.4762e-01	4.5238e-01	1.0000e+00	4.8440e-06	3.1411e-17	6.1556e-12	3.5631e-04	9.9029e-01	9.3562e-03	1.1755e-36	6.0550e-01	3.9450e-01	4.8546e-09	1.1755e-36	1.1755e-36	1.1755e-36	3.2473e-18	0.00e+00	0.00e+00	2.1835e+01
3.45616e+19	5.0609e+03	1.245e-22	1.0000e+01	4.4325e+00	1.9810e-08	5.5751e-01	4.4249e-01	1.0000e+00	4.8226e-06	3.1640e-17	6.4881e-12	3.4954e-04	9.9056e-01	9.0939e-03	1.1755e-36	6.1516e-01	3.8484e-01	4.6148e-09	1.1755e-36	1.1755e-36	1.1755e-36	3.6099e-18	0.00e+00	0.00e+00	2.2034e+01
3.45670e+19	4.9934e+03	1.207e-22	1.0000e+01	4.3357e+00	2.2133e-08	5.6725e-01	4.3275e-01	1.0000e+00	4.8029e-06	3.1873e-17	6.8365e-12	3.4297e-04	9.9082e-01	8.8409e-03	1.1755e-36	6.2462e-01	3.7538e-01	4.3912e-09	1.1755e-36	1.1755e-36	1.1755e-36	4.0148e-18	0.00e+00	0.00e+00	2.2224e+01
3.45722e+19	4.9252e+03	1.170e-22	1.0000e+01	4.2424e+00	2.4639e-08	5.7656e-01	4.2344e-01	1.0000e+00	4.7846e-06	3.2103e-17	7.1446e-12	3.3667e-04	9.9107e-01	8.5944e-03	1.1755e-36	6.3365e-01	3.6635e-01	4.1883e-09	1.1755e-36	1.1755e-36	1.1755e-36	4.3842e-18	0.00e+00	0.00e+00	2.2409e+01
3.45772e+19	4.8567e+03	1.135e-22	1.0000e+01	4.1513e+00	2.7373e-08	5.8566e-01	4.1434e-01	1.0000e+00	4.7673e-06	3.2336e-17	7.4575e-12	3.3054e-04	9.9131e-01	8.3573e-03	1.1755e-36	6.4244e-01	3.5756e-01	3.9989e-09	1.1755e-36	1.1755e-36	1.1755e-36	4.7810e-18	0.00e+00	0.00e+00	2.2592e+01
3.45822e+19	4.7864e+03	1.100e-22	1.0000e+01	4.0604e+00	3.0413e-08	5.9479e-01	4.0521e-01	1.0000e+00	4.7504e-06	3.2576e-17	7.7821e-12	3.2442e-04	9.9155e-01	8.1237e-03	1.1755e-36	6.5121e-01	3.4879e-01	3.8176e-09	1.1755e-36	1.1755e-36	1.1755e-36	5.2161e-18	0.00e+00	0.00e+00	2.2779e+01
3.45872e+19	4.7106e+03	1.066e-22	1.0000e+01	3.9679e+00	3.3913e-08	6.0406e-01	3.9594e-01	1.0000e+00	4.7328e-06	3.2813e-17	8.1232e-12	3.1827e-04	9.9179e-01	7.8906e-03	1.1755e-36	6.6008e-01	3.3992e-01	3.6431e-09	1.1755e-36	1.1755e-36	1.1755e-36	5.7007e-18	0.00e+00	0.00e+00	2.2969e+01
3.45921e+19	4.6362e+03	1.032e-22	1.0000e+01	3.8772e+00	3.7624e-08	6.1314e-01	3.8686e-01	1.0000e+00	4.7174e-06	3.3072e-17	8.4646e-12	3.1221e-04	9.9202e-01	7.6655e-03	1.1755e-36	6.6876e-01	3.3124e-01	3.4782e-09	1.1755e-36	1.1755e-36	1.1755e-36	6.2111e-18	0.00e+00	0.00e+00	2.3156e+01
3.45970e+19	4.5595e+03	9.990e-23	1.0000e+01	3.7865e+00	4.1700e-08	6.2225e-01	3.7775e-01	1.0000e+00	4.7018e-06	3.3331e-17	8.8136e-12	3.0619e-04	9.9225e-01	7.4433e-03	1.1755e-36	6.7742e-01	3.2258e-01	3.3202e-09	1.1755e-36	1.1755e-36	1.1755e-36	6.7601e-18	0.00e+00	0.00e+00	2.3349e+01
3.46019e+19	4.4785e+03	9.656e-23	1.0000e+01	3.6939e+00	4.6236e-08	6.3160e-01	3.6840e-01	1.0000e+00	4.6859e-06	3.3601e-17	9.1747e-12	3.0010e-04	9.9248e-01	7.2191e-03	1.1755e-36	6.8628e-01	3.1372e-01	3.1651e-09	1.1755e-36	1.1755e-36	1.1755e-36	7.3555e-18	0.00e+00	0.00e+00	2.3548e+01
3.46070e+19	4.3981e+03	9.314e-23	1.0000e+01	3.5966e+00	5.0932e-08	6.4083e-01	3.5917e-01	1.0000e+00	4.6766e-06	3.3980e-17	9.5175e-12	2.9362e-04	9.9270e-01	7.0020e-03	1.1755e-36	6.9499e-01	3.0501e-01	3.0164e-09	1.1755e-36	1.1755e-36	1.1755e-36	7.9454e-18	0.00e+00	0.00e+00	2.3755e+01
3.46123e+19	4.3035e+03	8.963e-23	1.0000e+01	3.4968e+00	5.6608e-08	6.5110e-01	3.4890e-01	1.0000e+00	4.6580e-06	3.4260e-17	9.9063e-12	2.8720e-04	9.9295e-01	6.7630e-03	1.1755e-36	7.0465e-01	2.9535e-01	2.8609e-09	1.1755e-36	1.1755e-36	1.1755e-36	8.6378e-18	0.00e+00	0.00e+00	2.3982e+01
3.46178e+19	4.2076e+03	8.604e-23	1.0000e+01	3.3921e+00	6.2425e-08	6.6145e-01	3.3855e-01	1.0000e+00	4.6452e-06	3.4644e-17	1.0269e-11	2.8040e-04	9.9319e-01	6.5274e-03	1.1755e-36	7.1434e-01	2.8566e-01	2.7101e-09	1.1755e-36	1.1755e-36	1.1755e-36	9.3004e-18	0.00e+00	0.00e+00	2.4213e+01
3.46235e+19	4.1015e+03	8.237e-23	1.0000e+01	3.2831e+00	6.8722e-08	6.7236e-01	3.2764e-01	1.0000e+00	4.6293e-06	3.5018e-17	1.0622e-11	2.7347e-04	9.9344e-01	6.2829e-03	1.1755e-36	7.2451e-01	2.7549e-01	2.5590e-09	1.1755e-36	1.1755e-36	1.1755e-36	9.9472e-18	0.00e+00	0.00e+00	2.4464e+01
3.46296e+19	3.9819e+03	7.859e-23	1.0000e+01	3.1677e+00	7.5389e-08	6.8402e-01	3.1598e-01	1.0000e+00	4.6101e-06	3.5384e-17	1.0946e-11	2.6631e-04	9.9371e-01	6.0268e-03	1.1755e-36	7.3534e-01	2.6466e-01	2.4066e-09	1.1755e-36	1.1755e-36	1.1755e-36	1.0521e-17	0.00e+00	0.00e+00	2.4731e+01
###########################
5.50987e+14	6.4336e+03	3.331e-22	1.0000e+01	1.0855e+01	1.6255e-14	1.3135e-03	9.9869e-01	7.1091e-03	9.8829e-01	4.6004e-03	9.6977e-19	4.1225e-05	1.1732e-01	8.8084e-01	1.8055e-03	3.5909e-04	3.1606e-01	6.8220e-01	1.3787e-03	1.1755e-36	1.1755e-36	7.3375e-27	0.00e+00	0.00e+00	9.1379e-05
3.30592e+15	6.4321e+03	3.331e-22	1.0000e+01	1.0854e+01	1.6270e-14	1.3134e-03	9.9869e-01	7.1095e-03	9.8829e-01	4.5964e-03	9.6921e-19	4.1208e-05	1.1734e-01	8.8081e-01	1.8077e-03	3.5892e-04	3.1595e-01	6.8232e-01	1.3739e-03	1.1755e-36	1.1755e-36	7.3297e-27	0.00e+00	0.00e+00	4.5686e-04
1.43257e+16	6.4289e+03	3.330e-22	1.0000e+01	1.0854e+01	1.6303e-14	1.3132e-03	9.9869e-01	7.1118e-03	9.8832e-01	4.5663e-03	9.6879e-19	4.1248e-05	1.1740e-01	8.8076e-01	1.8031e-03	3.5884e-04	3.1589e-01	6.8240e-01	1.3540e-03	1.1755e-36	1.1755e-36	7.3177e-27	0.00e+00	0.00e+00	1.9186e-03
5.84046e+16	6.4187e+03	3.325e-22	1.0000e+01	1.0854e+01	1.6449e-14	1.3135e-03	9.9869e-01	7.1249e-03	9.8846e-01	4.4101e-03	9.7174e-19	4.1437e-05	1.1761e-01	8.8056e-01	1.7872e-03	3.5939e-04	3.1612e-01	6.8225e-01	1.2767e-03	1.1755e-36	1.1755e-36	7.3227e-27	0.00e+00	0.00e+00	7.7668e-03
1.39510e+17	6.3934e+03	3.306e-22	1.0000e+01	1.0854e+01	1.6583e-14	1.3066e-03	9.9869e-01	7.1258e-03	9.8856e-01	4.3131e-03	9.5919e-19	4.1470e-05	1.1768e-01	8.8051e-01	1.7724e-03	3.5764e-04	3.1591e-01	6.8256e-01	1.1730e-03	1.1755e-36	1.1755e-36	7.1563e-27	0.00e+00	0.00e+00	1.5330e-02
2.44947e+17	6.3624e+03	3.287e-22	1.0000e+01	1.0854e+01	1.6785e-14	1.3009e-03	9.9870e-01	7.1365e-03	9.8880e-01	4.0600e-03	9.4901e-19	4.1540e-05	1.1787e-01	8.8034e-01	1.7453e-03	3.5690e-04	3.1621e-01	6.8238e-01	1.0467e-03	1.1755e-36	1.1755e-36	6.9882e-27	0.00e+00	0.00e+00	2.5118e-02
3.82015e+17	6.3275e+03	3.265e-22	1.0000e+01	1.0854e+01	1.7075e-14	1.2956e-03	9.9870e-01	7.1549e-03	9.8918e-01	3.6607e-03	9.4267e-19	4.1644e-05	1.1817e-01	8.8008e-01	1.7069e-03	3.5698e-04	3.1703e-01	6.8171e-01	8.9922e-04	1.1755e-36	1.1755e-36	6.8512e-27	0.00e+00	0.00e+00	3.7792e-02
5.60203e+17	6.2879e+03	3.240e-22	1.0000e+01	1.0853e+01	1.7431e-14	1.2908e-03	9.9871e-01	7.1829e-03	9.8969e-01	3.1233e-03	9.3866e-19	4.1792e-05	1.1861e-01	8.7969e-01	1.6570e-03	3.5815e-04	3.1854e-01	6.8037e-01	7.3521e-04	1.1755e-36	1.1755e-36	6.7151e-27	0.00e+00	0.00e+00	5.4206e-02
7.91848e+17	6.2429e+03	3.211e-22	1.0000e+01	1.0853e+01	1.7884e-14	1.2867e-03	9.9871e-01	7.2233e-03	9.9030e-01	2.4803e-03	9.3855e-19	4.1993e-05	1.1924e-01	8.7913e-01	1.5969e-03	3.6079e-04	3.2095e-01	6.7813e-01	5.6352e-04	1.1755e-36	1.1755e-36	6.5915e-27	0.00e+00	0.00e+00	7.5477e-02
1.09299e+18	6.1921e+03	3.178e-22	1.0000e+01	1.0852e+01	1.8471e-14	1.2839e-03	9.9872e-01	7.2799e-03	9.9092e-01	1.7961e-03	9.4422e-19	4.2282e-05	1.2010e-01	8.7833e-01	1.5295e-03	3.6527e-04	3.2443e-01	6.7480e-01	3.9741e-04	1.1755e-36	1.1755e-36	6.4943e-27	0.00e+00	0.00e+00	1.0307e-01
1.48447e+18	6.1353e+03	3.141e-22	1.0000e+01	1.0851e+01	1.9207e-14	1.2831e-03	9.9872e-01	7.3585e-03	9.9148e-01	1.1576e-03	9.5625e-19	4.2721e-05	1.2131e-01	8.7719e-01	1.4587e-03	3.7210e-04	3.2915e-01	6.7022e-01	2.5202e-04	1.1755e-36	1.1755e-36	6.4135e-27	0.00e+00	0.00e+00	1.3891e-01
1.99339e+18	6.0726e+03	3.099e-22	1.0000e+01	1.0851e+01	2.0149e-14	1.2856e-03	9.9871e-01	7.4673e-03	9.9189e-01	6.4599e-04	9.7760e-19	4.3383e-05	1.2298e-01	8.7559e-01	1.3877e-03	3.8190e-04	3.3521e-01	6.6427e-01	1.3986e-04	1.1755e-36	1.1755e-36	6.3667e-27	0.00e+00	0.00e+00	1.8561e-01
2.65499e+18	6.0050e+03	3.054e-22	1.0000e+01	1.0850e+01	2.1412e-14	1.2931e-03	9.9871e-01	7.6192e-03	9.9208e-01	3.0251e-04	1.0151e-18	4.4374e-05	1.2529e-01	8.7334e-01	1.3174e-03	3.9570e-04	3.4282e-01	6.5671e-01	6.5809e-05	1.1755e-36	1.1755e-36	6.4059e-27	0.00e+00	0.00e+00	2.4666e-01
3.51507e+18	5.9351e+03	3.007e-22	1.0000e+01	1.0850e+01	2.3046e-14	1.3085e-03	9.9869e-01	7.8346e-03	9.9205e-01	1.1491e-04	1.0749e-18	4.5856e-05	1.2853e-01	8.7018e-01	1.2453e-03	4.1529e-04	3.5246e-01	6.4710e-01	2.5353e-05	1.1755e-36	1.1755e-36	6.5480e-27	0.00e+00	0.00e+00	3.2698e-01
4.63318e+18	5.8684e+03	2.958e-22	1.0000e+01	1.0849e+01	2.5122e-14	1.3358e-03	9.9866e-01	8.1445e-03	9.9182e-01	3.4222e-05	1.1706e-18	4.8076e-05	1.3309e-01	8.6569e-01	1.1665e-03	4.4367e-04	3.6492e-01	6.3462e-01	7.7245e-06	1.1755e-36	1.1755e-36	6.8554e-27	0.00e+00	0.00e+00	4.3357e-01
6.08671e+18	5.8147e+03	2.908e-22	1.0000e+01	1.0848e+01	2.7744e-14	1.3816e-03	9.9862e-01	8.6024e-03	9.9139e-01	7.8011e-06	1.3307e-18	5.1414e-05	1.3964e-01	8.5923e-01	1.0761e-03	4.8599e-04	3.8146e-01	6.1806e-01	1.8144e-06	1.1755e-36	1.1755e-36	7.4822e-27	0.00e+00	0.00e+00	5.7689e-01
7.97631e+18	5.7766e+03	2.862e-22	1.0000e+01	1.0846e+01	3.1537e-14	1.4595e-03	9.9854e-01	9.3089e-03	9.9069e-01	1.3661e-06	1.6261e-18	5.6831e-05	1.4950e-01	8.4948e-01	9.6772e-04	5.5323e-04	4.0453e-01	5.9492e-01	3.2746e-07	1.1755e-36	1.1755e-36	8.8016e-27	0.00e+00	0.00e+00	7.7371e-01
1.04328e+19	5.8009e+03	2.817e-22	1.0000e+01	1.0844e+01	3.5850e-14	1.5869e-03	9.9841e-01	1.0444e-02	9.8956e-01	1.9432e-07	2.1927e-18	6.5557e-05	1.6453e-01	8.3456e-01	8.4133e-04	6.6298e-04	4.3691e-01	5.6243e-01	1.1755e-36	1.1755e-36	1.1755e-36	1.1521e-26	0.00e+00	0.00e+00	1.0519e+00
1.28488e+19	5.8531e+03	2.785e-22	1.0000e+01	1.0841e+01	3.9762e-14	1.7331e-03	9.9827e-01	1.1794e-02	9.8821e-01	3.5645e-08	2.9423e-18	7.5798e-05	1.8160e-01	8.1759e-01	7.3089e-04	7.9525e-04	4.7110e-01	5.2811e-01	1.1755e-36	1.1755e-36	1.1755e-36	1.5048e-26	0.00e+00	0.00e+00	1.2768e+00
1.46308e+19	5.9388e+03	2.777e-22	1.0000e+01	1.0838e+01	4.2663e-14	1.8761e-03	9.9812e-01	1.3127e-02	9.8687e-01	1.2441e-08	3.8566e-18	8.5758e-05	1.9750e-01	8.0176e-01	6.5327e-04	9.2681e-04	5.0029e-01	4.9878e-01	1.1755e-36	1.1755e-36	1.1755e-36	1.9669e-26	0.00e+00	0.00e+00	1.4555e+00
1.60981e+19	6.0332e+03	2.778e-22	1.0000e+01	1.0835e+01	4.5744e-14	2.0261e-03	9.9797e-01	1.4558e-02	9.8544e-01	5.6410e-09	5.0615e-18	9.6268e-05	2.1371e-01	7.8561e-01	5.8878e-04	1.0690e-03	5.2801e-01	4.7092e-01	1.1755e-36	1.1755e-36	1.1755e-36	2.6050e-26	0.00e+00	0.00e+00	1.6379e+00
1.76514e+19	6.1477e+03	2.786e-22	1.0000e+01	1.0831e+01	5.0220e-14	2.2224e-03	9.9778e-01	1.6515e-02	9.8348e-01	2.5654e-09	7.0776e-18	1.1021e-04	2.3465e-01	7.6472e-01	5.1940e-04	1.2635e-03	5.6135e-01	4.3738e-01	1.1755e-36	1.1755e-36	1.1755e-36	3.7118e-26	0.00e+00	0.00e+00	1.8737e+00
1.92378e+19	6.2834e+03	2.802e-22	1.0000e+01	1.0827e+01	5.5455e-14	2.4649e-03	9.9754e-01	1.9134e-02	9.8087e-01	1.2234e-09	1.0240e-17	1.2778e-04	2.6046e-01	7.3896e-01	4.5088e-04	1.5169e-03	5.9927e-01	3.9921e-01	1.1755e-36	1.1755e-36	1.1755e-36	5.4839e-26	0.00e+00	0.00e+00	2.1059e+00
2.05777e+19	6.4126e+03	2.824e-22	1.0000e+01	1.0821e+01	6.1258e-14	2.7205e-03	9.9728e-01	2.2132e-02	9.7787e-01	6.8260e-10	1.4551e-17	1.4657e-04	2.8761e-01	7.1185e-01	3.9257e-04	1.7980e-03	6.3568e-01	3.6252e-01	1.1755e-36	1.1755e-36	1.1755e-36	7.9592e-26	0.00e+00	0.00e+00	2.3100e+00
2.16776e+19	6.5254e+03	2.847e-22	1.0000e+01	1.0815e+01	6.7716e-14	2.9784e-03	9.9702e-01	2.5446e-02	9.7455e-01	4.3113e-10	2.0102e-17	1.6580e-04	3.1493e-01	6.8456e-01	3.4349e-04	2.0941e-03	6.6904e-01	3.2887e-01	1.1755e-36	1.1755e-36	1.1755e-36	1.1211e-25	0.00e+00	0.00e+00	2.5002e+00
2.26602e+19	6.6286e+03	2.872e-22	1.0000e+01	1.0809e+01	7.5532e-14	3.2564e-03	9.9674e-01	2.9378e-02	9.7062e-01	2.8872e-10	2.7655e-17	1.8671e-04	3.4420e-01	6.5531e-01	2.9870e-04	2.4252e-03	7.0154e-01	2.9603e-01	1.1755e-36	1.1755e-36	1.1755e-36	1.5733e-25	0.00e+00	0.00e+00	2.6962e+00
2.35962e+19	6.7287e+03	2.901e-22	1.0000e+01	1.0801e+01	8.5303e-14	3.5744e-03	9.9643e-01	3.4396e-02	9.6560e-01	1.9893e-10	3.8478e-17	2.1074e-04	3.7741e-01	6.2212e-01	2.5563e-04	2.8167e-03	7.3486e-01	2.6233e-01	1.1755e-36	1.1755e-36	1.1755e-36	2.2324e-25	0.00e+00	0.00e+00	2.9035e+00
2.44798e+19	6.8175e+03	2.935e-22	1.0000e+01	1.0791e+01	9.8162e-14	3.9400e-03	9.9606e-01	4.0904e-02	9.5910e-01	1.4108e-10	5.4103e-17	2.3821e-04	4.1491e-01	5.8463e-01	2.1467e-04	3.2794e-03	7.6853e-01	2.2819e-01	1.1755e-36	1.1755e-36	1.1755e-36	3.2011e-25	0.00e+00	0.00e+00	3.1146e+00
2.52811e+19	6.9122e+03	2.967e-22	1.0000e+01	1.0780e+01	1.1216e-13	4.3352e-03	9.9566e-01	4.9233e-02	9.5077e-01	1.0416e-10	7.5384e-17	2.6800e-04	4.5524e-01	5.4432e-01	1.7794e-04	3.7950e-03	8.0062e-01	1.9559e-01	1.1755e-36	1.1755e-36	1.1755e-36	4.5453e-25	0.00e+00	0.00e+00	3.3211e+00
2.59992e+19	6.9895e+03	3.002e-22	1.0000e+01	1.0767e+01	1.2979e-13	4.7654e-03	9.9523e-01	6.0016e-02	9.3998e-01	7.9413e-11	1.0436e-16	2.9999e-04	4.9806e-01	5.0149e-01	1.4503e-04	4.3670e-03	8.3069e-01	1.6494e-01	1.1755e-36	1.1755e-36	1.1755e-36	6.4136e-25	0.00e+00	0.00e+00	3.5263e+00
2.65737e+19	7.0601e+03	3.033e-22	1.0000e+01	1.0756e+01	1.4668e-13	5.1687e-03	9.9483e-01	7.2551e-02	9.2745e-01	6.4490e-11	1.3755e-16	3.2971e-04	5.3772e-01	4.6183e-01	1.1949e-04	4.9145e-03	8.5560e-01	1.3948e-01	1.1755e-36	1.1755e-36	1.1755e-36	8.5894e-25	0.00e+00	0.00e+00	3.6787e+00
2.69750e+19	7.0938e+03	3.056e-22	1.0000e+01	1.0738e+01	1.6326e-13	5.4991e-03	9.9450e-01	8.4202e-02	9.1580e-01	5.5235e-11	1.6909e-16	3.5336e-04	5.6910e-01	4.3045e-01	1.0168e-04	5.3660e-03	8.7338e-01	1.2126e-01	1.1755e-36	1.1755e-36	1.1755e-36	1.0663e-24	0.00e+00	0.00e+00	3.7952e+00
2.72993e+19	7.1262e+03	3.075e-22	1.0000e+01	1.0726e+01	1.7838e-13	5.7942e-03	9.9421e-01	9.6775e-02	9.0323e-01	4.8581e-11	2.0140e-16	3.7425e-04	5.9651e-01	4.0303e-01	8.7600e-05	5.7727e-03	8.8772e-01	1.0651e-01	1.1755e-36	1.1755e-36	1.1755e-36	1.2825e-24	0.00e+00	0.00e+00	3.9098e+00
2.76596e+19	7.1561e+03	3.096e-22	1.0000e+01	1.0708e+01	1.9938e-13	6.1608e-03	9.9384e-01	1.1495e-01	8.8505e-01	4.1607e-11	2.4709e-16	3.9905e-04	6.2898e-01	3.7055e-01	7.2401e-05	6.2789e-03	9.0342e-01	9.0301e-02	1.1755e-36	1.1755e-36	1.1755e-36	1.5944e-24	0.00e+00	0.00e+00	4.0682e+00
2.80259e+19	7.1973e+03	3.117e-22	1.0000e+01	1.0688e+01	2.2223e-13	6.5676e-03	9.9343e-01	1.4058e-01	8.5942e-01	3.5672e-11	3.0509e-16	4.2553e-04	6.6387e-01	3.3564e-01	5.8255e-05	6.8462e-03	9.1922e-01	7.3932e-02	1.1755e-36	1.1755e-36	1.1755e-36	1.9962e-24	0.00e+00	0.00e+00	4.2031e+00
2.82980e+19	7.2020e+03	3.134e-22	1.0000e+01	1.0653e+01	2.4690e-13	6.9150e-03	9.9309e-01	1.6674e-01	8.3326e-01	3.1180e-11	3.5964e-16	4.4656e-04	6.9177e-01	3.0774e-01	4.8140e-05	7.3297e-03	9.3094e-01	6.1733e-02	1.1755e-36	1.1755e-36	1.1755e-36	2.3680e-24	0.00e+00	0.00e+00	4.2987e+00
2.84957e+19	7.2280e+03	3.141e-22	1.0000e+01	1.0634e+01	2.6292e-13	7.1761e-03	9.9282e-01	1.9227e-01	8.0773e-01	2.8282e-11	4.0673e-16	4.6227e-04	7.1261e-01	2.8689e-01	4.1221e-05	7.6979e-03	9.3931e-01	5.2996e-02	1.1755e-36	1.1755e-36	1.1755e-36	2.6994e-24	0.00e+00	0.00e+00	4.3786e+00
2.86703e+19	7.2335e+03	3.147e-22	1.0000e+01	1.0604e+01	2.8205e-13	7.4292e-03	9.9257e-01	2.2012e-01	7.7988e-01	2.5472e-11	4.5463e-16	4.7619e-04	7.3126e-01	2.6823e-01	3.5377e-05	8.0515e-03	9.4643e-01	4.5521e-02	1.1755e-36	1.1755e-36	1.1755e-36	3.0299e-24	0.00e+00	0.00e+00	4.4597e+00
2.88690e+19	7.2480e+03	3.152e-22	1.0000e+01	1.0576e+01	3.0541e-13	7.7366e-03	9.9226e-01	2.6071e-01	7.3929e-01	2.2399e-11	5.1979e-16	4.9222e-04	7.5244e-01	2.4704e-01	2.9140e-05	8.4798e-03	9.5417e-01	3.7347e-02	1.1755e-36	1.1755e-36	1.1755e-36	3.4952e-24	0.00e+00	0.00e+00	4.5694e+00
2.90727e+19	7.2488e+03	3.153e-22	1.0000e+01	1.0525e+01	3.3460e-13	8.0711e-03	9.9193e-01	3.1485e-01	6.8515e-01	1.9150e-11	5.9565e-16	5.0760e-04	7.7350e-01	2.2597e-01	2.3471e-05	8.9442e-03	9.6163e-01	2.9425e-02	1.1755e-36	1.1755e-36	1.1755e-36	4.0213e-24	0.00e+00	0.00e+00	4.6626e+00
2.92301e+19	7.2590e+03	3.147e-22	1.0000e+01	1.0483e+01	3.5750e-13	8.3385e-03	9.9166e-01	3.6969e-01	6.3031e-01	1.6607e-11	6.6433e-16	5.1877e-04	7.8930e-01	2.1016e-01	1.9478e-05	9.3161e-03	9.6708e-01	2.3606e-02	1.1755e-36	1.1755e-36	1.1755e-36	4.5027e-24	0.00e+00	0.00e+00	4.7321e+00
2.93530e+19	7.2558e+03	3.140e-22	1.0000e+01	1.0436e+01	3.7989e-13	8.5604e-03	9.9144e-01	4.2146e-01	5.7854e-01	1.4469e-11	7.2451e-16	5.2668e-04	8.0101e-01	1.9845e-01	1.6600e-05	9.6214e-03	9.7096e-01	1.9420e-02	1.1755e-36	1.1755e-36	1.1755e-36	4.9114e-24	0.00e+00	0.00e+00	4.7935e+00
2.94837e+19	7.2479e+03	3.127e-22	1.0000e+01	1.0383e+01	4.0767e-13	8.8134e-03	9.9119e-01	4.8500e-01	5.1500e-01	1.2044e-11	7.9744e-16	5.3457e-04	8.1262e-01	1.8683e-01	1.3778e-05	9.9644e-03	9.7461e-01	1.5428e-02	1.1755e-36	1.1755e-36	1.1755e-36	5.4065e-24	0.00e+00	0.00e+00	4.8758e+00
2.96311e+19	7.2382e+03	3.110e-22	1.0000e+01	1.0319e+01	4.4247e-13	9.1110e-03	9.9089e-01	5.6628e-01	4.3372e-01	9.4572e-12	8.8983e-16	5.4212e-04	8.2417e-01	1.7528e-01	1.1049e-05	1.0363e-02	9.7809e-01	1.1544e-02	1.1755e-36	1.1755e-36	1.1755e-36	6.0372e-24	0.00e+00	0.00e+00	4.9603e+00
2.97704e+19	7.2259e+03	3.087e-22	1.0000e+01	1.0246e+01	4.7950e-13	9.4028e-03	9.9060e-01	6.5012e-01	3.4988e-01	7.1399e-12	9.8617e-16	5.4758e-04	8.3349e-01	1.6595e-01	8.8369e-06	1.0749e-02	9.8077e-01	8.4853e-03	1.1755e-36	1.1755e-36	1.1755e-36	6.6896e-24	0.00e+00	0.00e+00	5.0385e+00
2.99217e+19	7.2070e+03	3.062e-22	1.0000e+01	1.0167e+01	5.2749e-13	9.7487e-03	9.9025e-01	7.3981e-01	2.6019e-01	4.9300e-12	1.1046e-15	5.5248e-04	8.4191e-01	1.5753e-01	6.7757e-06	1.1197e-02	9.8290e-01	5.9063e-03	1.1755e-36	1.1755e-36	1.1755e-36	7.5202e-24	0.00e+00	0.00e+00	5.1438e+00
3.01185e+19	7.1815e+03	3.038e-22	1.0000e+01	1.0081e+01	6.0056e-13	1.0248e-02	9.8975e-01	8.3821e-01	1.6179e-01	2.7978e-12	1.2774e-15	5.5798e-04	8.5033e-01	1.4911e-01	4.7004e-06	1.1830e-02	9.8458e-01	3.5863e-03	1.1755e-36	1.1755e-36	1.1755e-36	8.8319e-24	0.00e+00	0.00e+00	5.2877e+00
3.03742e+19	7.1613e+03	3.023e-22	1.0000e+01	9.9958e+00	7.0776e-13	1.0979e-02	9.8902e-01	9.2199e-01	7.8008e-02	1.2075e-12	1.5264e-15	5.6419e-04	8.5819e-01	1.4124e-01	2.8394e-06	1.2742e-02	9.8544e-01	1.8221e-03	1.1755e-36	1.1755e-36	1.1755e-36	1.0976e-23	0.00e+00	0.00e+00	5.4881e+00
3.07067e+19	7.1527e+03	3.032e-22	1.0000e+01	9.9178e+00	8.7322e-13	1.2087e-02	9.8791e-01	9.7166e-01	2.8342e-02	3.8157e-13	1.9037e-15	5.7189e-04	8.6577e-01	1.3366e-01	1.4334e-06	1.4108e-02	9.8514e-01	7.4872e-04	1.1755e-36	1.1755e-36	1.1755e-36	1.4776e-23	0.00e+00	0.00e+00	5.7750e+00
3.11389e+19	7.1544e+03	3.081e-22	1.0000e+01	9.8780e+00	1.1755e-12	1.3911e-02	9.8609e-01	9.9202e-01	7.9791e-03	9.1511e-14	2.6001e-15	5.8448e-04	8.7477e-01	1.2464e-01	5.7359e-07	1.6346e-02	9.8341e-01	2.4140e-04	1.1755e-36	1.1755e-36	1.1755e-36	2.3181e-23	0.00e+00	0.00e+00	6.2041e+00
3.15875e+19	7.1621e+03	3.150e-22	1.0000e+01	9.8465e+00	1.6616e-12	1.6473e-02	9.8353e-01	9.9770e-01	2.2970e-03	2.2698e-14	3.7278e-15	5.9817e-04	8.8409e-01	1.1531e-01	2.1981e-07	1.9488e-02	9.8044e-01	7.5588e-05	1.1755e-36	1.1755e-36	1.1755e-36	3.9352e-23	0.00e+00	0.00e+00	6.6291e+00
3.19398e+19	7.1572e+03	3.217e-22	1.0000e+01	9.8210e+00	2.3040e-12	1.9268e-02	9.8073e-01	9.9905e-01	9.5272e-04	8.4075e-15	5.1895e-15	6.1010e-04	8.9218e-01	1.0721e-01	1.1755e-36	2.2920e-02	9.7705e-01	3.1590e-05	1.1755e-36	1.1755e-36	1.1755e-36	6.4036e-23	0.00e+00	0.00e+00	6.9892e+00
3.22148e+19	7.1479e+03	3.272e-22	1.0000e+01	9.7973e+00	3.0823e-12	2.2121e-02	9.7788e-01	9.9950e-01	5.0297e-04	4.0590e-15	6.9431e-15	6.1966e-04	8.9912e-01	1.0026e-01	1.1755e-36	2.6426e-02	9.7356e-01	1.6204e-05	1.1755e-36	1.1755e-36	1.1755e-36	9.8279e-23	0.00e+00	0.00e+00	7.3440e+00
3.25069e+19	7.1412e+03	3.322e-22	1.0000e+01	9.7521e+00	4.2918e-12	2.5910e-02	9.7409e-01	9.9974e-01	2.5935e-04	1.8966e-15	9.6835e-15	6.2901e-04	9.0700e-01	9.2373e-02	1.1755e-36	3.1086e-02	9.6891e-01	7.9024e-06	1.1755e-36	1.1755e-36	1.1755e-36	1.6031e-22	0.00e+00	0.00e+00	7.8842e+00
3.28165e+19	7.1089e+03	3.385e-22	1.0000e+01	9.6961e+00	6.5791e-12	3.1550e-02	9.6845e-01	9.9987e-01	1.3322e-04	8.8314e-16	1.4620e-14	6.3913e-04	9.1594e-01	8.3425e-02	1.1755e-36	3.8020e-02	9.6198e-01	3.7129e-06	1.1755e-36	1.1755e-36	1.1755e-36	2.9380e-22	0.00e+00	0.00e+00	8.4602e+00
3.30803e+19	7.0767e+03	3.434e-22	1.0000e+01	9.6263e+00	1.0140e-11	3.8517e-02	9.6148e-01	9.9992e-01	7.7052e-05	4.7126e-16	2.2164e-14	6.4707e-04	9.2437e-01	7.4987e-02	1.1755e-36	4.6577e-02	9.5342e-01	1.9211e-06	1.1755e-36	1.1755e-36	1.1755e-36	5.4242e-22	0.00e+00	0.00e+00	9.0400e+00
3.32993e+19	7.0413e+03	3.468e-22	1.0000e+01	9.5443e+00	1.5509e-11	4.6782e-02	9.5322e-01	9.9995e-01	4.9342e-05	2.8276e-16	3.3217e-14	6.5261e-04	9.3203e-01	6.7313e-02	1.1755e-36	5.6707e-02	9.4329e-01	1.0867e-06	1.1755e-36	1.1755e-36	1.1755e-36	9.8567e-22	0.00e+00	0.00e+00	9.6296e+00
3.34890e+19	6.9973e+03	3.496e-22	1.0000e+01	9.4737e+00	2.4071e-11	5.7056e-02	9.4294e-01	9.9997e-01	3.3594e-05	1.8158e-16	5.0325e-14	6.5794e-04	9.3943e-01	5.9916e-02	1.1755e-36	6.9256e-02	9.3074e-01	6.4309e-07	1.1755e-36	1.1755e-36	1.1755e-36	1.8241e-21	0.00e+00	0.00e+00	1.0277e+01
3.36600e+19	6.9573e+03	3.487e-22	1.0000e+01	9.3357e+00	3.7752e-11	6.9954e-02	9.3005e-01	9.9998e-01	2.3843e-05	1.2323e-16	7.6715e-14	6.5771e-04	9.4633e-01	5.3016e-02	1.1755e-36	8.4945e-02	9.1505e-01	3.8907e-07	1.1755e-36	1.1755e-36	1.1755e-36	3.4082e-21	0.00e+00	0.00e+00	1.0994e+01
3.38129e+19	6.9093e+03	3.454e-22	1.0000e+01	9.1732e+00	6.0948e-11	8.6663e-02	9.1334e-01	9.9998e-01	1.7569e-05	8.7529e-17	1.1957e-13	6.5510e-04	9.5298e-01	4.6361e-02	1.1755e-36	1.0514e-01	8.9486e-01	2.3909e-07	1.1755e-36	1.1755e-36	1.1755e-36	6.5983e-21	0.00e+00	0.00e+00	1.1779e+01
3.39430e+19	6.8566e+03	3.384e-22	1.0000e+01	8.9533e+00	9.8815e-11	1.0722e-01	8.9278e-01	9.9999e-01	1.3593e-05	6.6197e-17	1.8545e-13	6.4758e-04	9.5895e-01	4.0406e-02	1.1755e-36	1.2978e-01	8.7022e-01	1.5203e-07	1.1755e-36	1.1755e-36	1.1755e-36	1.2703e-20	0.00e+00	0.00e+00	1.2570e+01
3.40481e+19	6.7993e+03	3.285e-22	1.0000e+01	8.7066e+00	1.5695e-10	1.3094e-01	8.6906e-01	9.9999e-01	1.1062e-05	5.3248e-17	2.8004e-13	6.3645e-04	9.6406e-01	3.5305e-02	1.1755e-36	1.5792e-01	8.4208e-01	1.0141e-07	1.1755e-36	1.1755e-36	1.1755e-36	2.3559e-20	0.00e+00	0.00e+00	1.3340e+01
3.41331e+19	6.7381e+03	3.162e-22	1.0000e+01	8.4365e+00	2.4257e-10	1.5733e-01	8.4267e-01	9.9999e-01	9.3621e-06	4.4962e-17	4.0916e-13	6.2240e-04	9.6839e-01	3.0986e-02	1.1755e-36	1.8886e-01	8.1114e-01	7.0505e-08	1.1755e-36	1.1755e-36	1.1755e-36	4.1690e-20	0.00e+00	0.00e+00	1.4105e+01
3.42052e+19	6.6545e+03	3.017e-22	1.0000e+01	8.1377e+00	3.7566e-10	1.8732e-01	8.1268e-01	9.9999e-01	8.1232e-06	3.9159e-17	5.8740e-13	6.0570e-04	9.7222e-01	2.7170e-02	1.1755e-36	2.2356e-01	7.7644e-01	5.0128e-08	1.1755e-36	1.1755e-36	1.1755e-36	7.1959e-20	0.00e+00	0.00e+00	1.4901e+01
3.42688e+19	6.5580e+03	2.842e-22	1.0000e+01	7.7924e+00	5.8362e-10	2.2168e-01	7.7832e-01	9.9999e-01	7.2013e-06	3.5145e-17	8.3334e-13	5.8500e-04	9.7566e-01	2.3756e-02	1.1755e-36	2.6273e-01	7.3727e-01	3.6004e-08	1.1755e-36	1.1755e-36	1.1755e-36	1.2233e-19	0.00e+00	0.00e+00	1.5740e+01
3.43254e+19	6.4391e+03	2.641e-22	1.0000e+01	7.4040e+00	9.1858e-10	2.6089e-01	7.3911e-01	9.9999e-01	6.4926e-06	3.2323e-17	1.1710e-12	5.6069e-04	9.7875e-01	2.0685e-02	1.1755e-36	3.0669e-01	6.9331e-01	2.6042e-08	1.1755e-36	1.1755e-36	1.1755e-36	2.0569e-19	0.00e+00	0.00e+00	1.6615e+01
3.43722e+19	6.3061e+03	2.432e-22	1.0000e+01	6.9944e+00	1.4162e-09	3.0143e-01	6.9857e-01	9.9999e-01	6.0099e-06	3.0759e-17	1.5845e-12	5.3410e-04	9.8129e-01	1.8175e-02	1.1755e-36	3.5129e-01	6.4871e-01	1.9449e-08	1.1755e-36	1.1755e-36	1.1755e-36	3.2760e-19	0.00e+00	0.00e+00	1.7387e+01
3.44064e+19	6.1813e+03	2.254e-22	1.0000e+01	6.6419e+00	2.0249e-09	3.3665e-01	6.6335e-01	9.9999e-01	5.7090e-06	3.0032e-17	2.0014e-12	5.1074e-04	9.8313e-01	1.6362e-02	1.1755e-36	3.8939e-01	6.1061e-01	1.5472e-08	1.1755e-36	1.1755e-36	1.1755e-36	4.7129e-19	0.00e+00	0.00e+00	1.7976e+01
3.44306e+19	6.0726e+03	2.115e-22	1.0000e+01	6.3608e+00	2.6790e-09	3.6476e-01	6.3524e-01	9.9999e-01	5.5207e-06	2.9732e-17	2.3750e-12	4.9188e-04	9.8443e-01	1.5081e-02	1.1755e-36	4.1936e-01	5.8064e-01	1.3027e-08	1.1755e-36	1.1755e-36	1.1755e-36	6.1725e-19	0.00e+00	0.00e+00	1.8456e+01
3.44505e+19	5.9684e+03	1.992e-22	1.0000e+01	6.1111e+00	3.4316e-09	3.8969e-01	6.1031e-01	9.9999e-01	5.3694e-06	2.9556e-17	2.7390e-12	4.7499e-04	9.8549e-01	1.4036e-02	1.1755e-36	4.4563e-01	5.5437e-01	1.1244e-08	1.1755e-36	1.1755e-36	1.1755e-36	7.7523e-19	0.00e+00	0.00e+00	1.8921e+01
3.44692e+19	5.8561e+03	1.872e-22	1.0000e+01	5.8594e+00	4.4070e-09	4.1478e-01	5.8522e-01	9.9999e-01	5.2369e-06	2.9500e-17	3.1394e-12	4.5786e-04	9.8648e-01	1.3067e-02	1.1755e-36	4.7177e-01	5.2823e-01	9.7418e-09	1.1755e-36	1.1755e-36	1.1755e-36	9.6789e-19	0.00e+00	0.00e+00	1.9405e+01
3.44871e+19	5.7353e+03	1.752e-22	1.0000e+01	5.6038e+00	5.6900e-09	4.4023e-01	5.5977e-01	9.9999e-01	5.1225e-06	2.9580e-17	3.5851e-12	4.4033e-04	9.8739e-01	1.2165e-02	1.1755e-36	4.9799e-01	5.0201e-01	8.4613e-09	1.1755e-36	1.1755e-36	1.1755e-36	1.2073e-18	0.00e+00	0.00e+00	1.9884e+01
3.45032e+19	5.6101e+03	1.641e-22	1.0000e+01	5.3611e+00	7.3101e-09	4.6467e-01	5.3533e-01	9.9999e-01	5.0287e-06	2.9753e-17	4.0595e-12	4.2366e-04	9.8821e-01	1.1364e-02	1.1755e-36	5.2290e-01	4.7710e-01	7.4202e-09	1.1755e-36	1.1755e-36	1.1755e-36	1.4940e-18	0.00e+00	0.00e+00	2.0327e+01
3.45174e+19	5.4888e+03	1.541e-22	1.0000e+01	5.1369e+00	9.2348e-09	4.8709e-01	5.1291e-01	1.0000e+00	4.9565e-06	3.0025e-17	4.5406e-12	4.0816e-04	9.8892e-01	1.0675e-02	1.1755e-36	5.4553e-01	4.5447e-01	6.5913e-09	1.1755e-36	1.1755e-36	1.1755e-36	1.8218e-18	0.00e+00	0.00e+00	2.0737e+01
3.45302e+19	5.3675e+03	1.450e-22	1.0000e+01	4.9273e+00	1.1555e-08	5.0804e-01	4.9196e-01	1.0000e+00	4.8953e-06	3.0334e-17	5.0408e-12	3.9365e-04	9.8954e-01	1.0067e-02	1.1755e-36	5.6647e-01	4.3353e-01	5.9100e-09	1.1755e-36	1.1755e-36	1.1755e-36	2.2069e-18	0.00e+00	0.00e+00	2.1130e+01
3.45394e+19	5.2806e+03	1.388e-22	1.0000e+01	4.7789e+00	1.3539e-08	5.2289e-01	4.7711e-01	1.0000e+00	4.8671e-06	3.0681e-17	5.4300e-12	3.8331e-04	9.8995e-01	9.6717e-03	1.1755e-36	5.8118e-01	4.1882e-01	5.4800e-09	1.1755e-36	1.1755e-36	1.1755e-36	2.5396e-18	0.00e+00	0.00e+00	2.1331e+01
3.45445e+19	5.2345e+03	1.351e-22	1.0000e+01	4.6900e+00	1.4734e-08	5.3102e-01	4.6898e-01	1.0000e+00	4.8600e-06	3.0988e-17	5.6485e-12	3.7697e-04	9.9017e-01	9.4580e-03	1.1755e-36	5.8920e-01	4.1080e-01	5.2519e-09	1.1755e-36	1.1755e-36	1.1755e-36	2.7393e-18	0.00e+00	0.00e+00	2.1470e+01
3.45491e+19	5.1736e+03	1.319e-22	1.0000e+01	4.6144e+00	1.6324e-08	5.3977e-01	4.6023e-01	1.0000e+00	4.8291e-06	3.1004e-17	5.9252e-12	3.7193e-04	9.9041e-01	9.2190e-03	1.1755e-36	5.9782e-01	4.0218e-01	5.0262e-09	1.1755e-36	1.1755e-36	1.1755e-36	3.0089e-18	0.00e+00	0.00e+00	2.1645e+01
3.45543e+19	5.1171e+03	1.281e-22	1.0000e+01	4.5200e+00	1.7987e-08	5.4853e-01	4.5147e-01	1.0000e+00	4.8108e-06	3.1251e-17	6.1949e-12	3.6530e-04	9.9064e-01	8.9919e-03	1.1755e-36	6.0640e-01	3.9360e-01	4.8024e-09	1.1755e-36	1.1755e-36	1.1755e-36	3.2869e-18	0.00e+00	0.00e+00	2.1827e+01
3.45598e+19	5.0496e+03	1.242e-22	1.0000e+01	4.4243e+00	2.0130e-08	5.5838e-01	4.4162e-01	1.0000e+00	4.7861e-06	3.1428e-17	6.5330e-12	3.5870e-04	9.9090e-01	8.7392e-03	1.1755e-36	6.1601e-01	3.8399e-01	4.5672e-09	1.1755e-36	1.1755e-36	1.1755e-36	3.6584e-18	0.00e+00	0.00e+00	2.2027e+01
3.45653e+19	4.9811e+03	1.203e-22	1.0000e+01	4.3265e+00	2.2511e-08	5.6818e-01	4.3182e-01	1.0000e+00	4.7661e-06	3.1660e-17	6.8785e-12	3.5193e-04	9.9116e-01	8.4930e-03	1.1755e-36	6.2554e-01	3.7446e-01	4.3445e-09	1.1755e-36	1.1755e-36	1.1755e-36	4.0609e-18	0.00e+00	0.00e+00	2.2219e+01
3.45705e+19	4.9125e+03	1.166e-22	1.0000e+01	4.2328e+00	2.5071e-08	5.7752e-01	4.2248e-01	1.0000e+00	4.7484e-06	3.1895e-17	7.1891e-12	3.4546e-04	9.9140e-01	8.2556e-03	1.1755e-36	6.3459e-01	3.6541e-01	4.1432e-09	1.1755e-36	1.1755e-36	1.1755e-36	4.4362e-18	0.00e+00	0.00e+00	2.2403e+01
3.45755e+19	4.8439e+03	1.131e-22	1.0000e+01	4.1418e+00	2.7848e-08	5.8662e-01	4.1338e-01	1.0000e+00	4.7314e-06	3.2127e-17	7.5032e-12	3.3920e-04	9.9163e-01	8.0281e-03	1.1755e-36	6.4337e-01	3.5663e-01	3.9561e-09	1.1755e-36	1.1755e-36	1.1755e-36	4.8375e-18	0.00e+00	0.00e+00	2.2587e+01
3.45805e+19	4.7735e+03	1.096e-22	1.0000e+01	4.0511e+00	3.0931e-08	5.9573e-01	4.0427e-01	1.0000e+00	4.7147e-06	3.2366e-17	7.8286e-12	3.3297e-04	9.9186e-01	7.8038e-03	1.1755e-36	6.5212e-01	3.4788e-01	3.7771e-09	1.1755e-36	1.1755e-36	1.1755e-36	5.2768e-18	0.00e+00	0.00e+00	2.2773e+01
3.45855e+19	4.6974e+03	1.062e-22	1.0000e+01	3.9585e+00	3.4488e-08	6.0500e-01	3.9500e-01	1.0000e+00	4.6973e-06	3.2602e-17	8.1711e-12	3.2666e-04	9.9209e-01	7.5796e-03	1.1755e-36	6.6099e-01	3.3901e-01	3.6045e-09	1.1755e-36	1.1755e-36	1.1755e-36	5.7669e-18	0.00e+00	0.00e+00	2.2963e+01
3.45904e+19	4.6227e+03	1.028e-22	1.0000e+01	3.8676e+00	3.8259e-08	6.1410e-01	3.8590e-01	1.0000e+00	4.6820e-06	3.2859e-17	8.5139e-12	3.2046e-04	9.9232e-01	7.3630e-03	1.1755e-36	6.6968e-01	3.3032e-01	3.4410e-09	1.1755e-36	1.1755e-36	1.1755e-36	6.2829e-18	0.00e+00	0.00e+00	2.3151e+01
3.45952e+19	4.5455e+03	9.953e-23	1.0000e+01	3.7768e+00	4.2399e-08	6.2323e-01	3.7677e-01	1.0000e+00	4.6664e-06	3.3117e-17	8.8644e-12	3.1430e-04	9.9254e-01	7.1487e-03	1.1755e-36	6.7837e-01	3.2163e-01	3.2843e-09	1.1755e-36	1.1755e-36	1.1755e-36	6.8376e-18	0.00e+00	0.00e+00	2.3343e+01
3.46002e+19	4.4639e+03	9.619e-23	1.0000e+01	3.6838e+00	4.7004e-08	6.3261e-01	3.6739e-01	1.0000e+00	4.6506e-06	3.3386e-17	9.2266e-12	3.0803e-04	9.9276e-01	6.9322e-03	1.1755e-36	6.8725e-01	3.1275e-01	3.1304e-09	1.1755e-36	1.1755e-36	1.1755e-36	7.4384e-18	0.00e+00	0.00e+00	2.3544e+01
3.46052e+19	4.3831e+03	9.276e-23	1.0000e+01	3.5860e+00	5.1755e-08	6.4188e-01	3.5812e-01	1.0000e+00	4.6416e-06	3.3768e-17	9.5689e-12	3.0134e-04	9.9298e-01	6.7228e-03	1.1755e-36	6.9599e-01	3.0401e-01	2.9827e-09	1.1755e-36	1.1755e-36	1.1755e-36	8.0302e-18	0.00e+00	0.00e+00	2.3751e+01
3.46106e+19	4.2875e+03	8.924e-23	1.0000e+01	3.4855e+00	5.7519e-08	6.5224e-01	3.4776e-01	1.0000e+00	4.6229e-06	3.4047e-17	9.9588e-12	2.9469e-04	9.9321e-01	6.4905e-03	1.1755e-36	7.0573e-01	2.9427e-01	2.8277e-09	1.1755e-36	1.1755e-36	1.1755e-36	8.7268e-18	0.00e+00	0.00e+00	2.3981e+01
3.46162e+19	4.1904e+03	8.562e-23	1.0000e+01	3.3798e+00	6.3408e-08	6.6268e-01	3.3732e-01	1.0000e+00	4.6101e-06	3.4433e-17	1.0321e-11	2.8763e-04	9.9345e-01	6.2620e-03	1.1755e-36	7.1550e-01	2.8450e-01	2.6771e-09	1.1755e-36	1.1755e-36	1.1755e-36	9.3886e-18	0.00e+00	0.00e+00	2.4214e+01
3.46219e+19	4.0790e+03	8.193e-23	1.0000e+01	3.2692e+00	6.9949e-08	6.7385e-01	3.2615e-01	1.0000e+00	4.5916e-06	3.4773e-17	1.0676e-11	2.8046e-04	9.9370e-01	6.0209e-03	1.1755e-36	7.2592e-01	2.7408e-01	2.5254e-09	1.1755e-36	1.1755e-36	1.1755e-36	1.0038e-17	0.00e+00	0.00e+00	2.4469e+01
3.46280e+19	3.9627e+03	7.816e-23	1.0000e+01	3.1542e+00	7.6372e-08	6.8537e-01	3.1463e-01	1.0000e+00	4.5751e-06	3.5173e-17	1.0985e-11	2.7306e-04	9.9395e-01	5.7781e-03	1.1755e-36	7.3660e-01	2.6340e-01	2.3757e-09	1.1755e-36	1.1755e-36	1.1755e-36	1.0578e-17	0.00e+00	0.00e+00	2.4732e+01
###########################
5.50987e+14	6.4335e+03	3.331e-22	1.0000e+01	1.0855e+01	1.6261e-14	1.3135e-03	9.9869e-01	7.1092e-03	9.8829e-01	4.6002e-03	9.7010e-19	4.1009e-05	1.1731e-01	8.8084e-01	1.8058e-03	3.5909e-04	3.1606e-01	6.8220e-01	1.3786e-03	1.1755e-36	1.1755e-36	7.3432e-27	0.00e+00	0.00e+00	9.1379e-05
3.30592e+15	6.4321e+03	3.331e-22	1.0000e+01	1.0855e+01	1.6270e-14	1.3134e-03	9.9869e-01	7.1096e-03	9.8829e-01	4.5964e-03	9.6921e-19	4.1207e-05	1.1734e-01	8.8081e-01	1.8077e-03	3.5893e-04	3.1595e-01	6.8232e-01	1.3739e-03	1.1755e-36	1.1755e-36	7.3295e-27	0.00e+00	0.00e+00	4.5686e-04
1.43257e+16	6.4289e+03	3.330e-22	1.0000e+01	1.0854e+01	1.6302e-14	1.3132e-03	9.9869e-01	7.1118e-03	9.8832e-01	4.5663e-03	9.6876e-19	4.1248e-05	1.1740e-01	8.8076e-01	1.8031e-03	3.5884e-04	3.1589e-01	6.8240e-01	1.3540e-03	1.1755e-36	1.1755e-36	7.3172e-27	0.00e+00	0.00e+00	1.9186e-03
5.84046e+16	6.4187e+03	3.325e-22	1.0000e+01	1.0854e+01	1.6448e-14	1.3135e-03	9.9869e-01	7.1249e-03	9.8846e-01	4.4101e-03	9.7171e-19	4.1437e-05	1.1761e-01	8.8056e-01	1.7872e-03	3.5939e-04	3.1612e-01	6.8225e-01	1.2767e-03	1.1755e-36	1.1755e-36	7.3221e-27	0.00e+00	0.00e+00	7.7669e-03
1.39510e+17	6.3934e+03	3.306e-22	1.0000e+01	1.0854e+01	1.6582e-14	1.3066e-03	9.9869e-01	7.1258e-03	9.8856e-01	4.3131e-03	9.5915e-19	4.1470e-05	1.1768e-01	8.8051e-01	1.7724e-03	3.5764e-04	3.1591e-01	6.8256e-01	1.1730e-03	1.1755e-36	1.1755e-36	7.1556e-27	0.00e+00	0.00e+00	1.5330e-02
2.44947e+17	6.3624e+03	3.287e-22	1.0000e+01	1.0854e+01	1.6785e-14	1.3009e-03	9.9870e-01	7.1365e-03	9.8880e-01	4.0600e-03	9.4897e-19	4.1539e-05	1.1787e-01	8.8034e-01	1.7453e-03	3.5690e-04	3.1621e-01	6.8238e-01	1.0467e-03	1.1755e-36	1.1755e-36	6.9876e-27	0.00e+00	0.00e+00	2.5118e-02
3.82015e+17	6.3275e+03	3.265e-22	1.0000e+01	1.0854e+01	1.7074e-14	1.2956e-03	9.9870e-01	7.1549e-03	9.8918e-01	3.6607e-03	9.4263e-19	4.1644e-05	1.1817e-01	8.8008e-01	1.7069e-03	3.5698e-04	3.1703e-01	6.8171e-01	8.9922e-04	1.1755e-36	1.1755e-36	6.8506e-27	0.00e+00	0.00e+00	3.7792e-02
5.60203e+17	6.2879e+03	3.240e-22	1.0000e+01	1.0853e+01	1.7430e-14	1.2908e-03	9.9871e-01	7.1829e-03	9.8969e-01	3.1233e-03	9.3862e-19	4.1792e-05	1.1861e-01	8.7969e-01	1.6570e-03	3.5815e-04	3.1854e-01	6.8037e-01	7.3521e-04	1.1755e-36	1.1755e-36	6.7145e-27	0.00e+00	0.00e+00	5.4206e-02
7.91848e+17	6.2429e+03	3.211e-22	1.0000e+01	1.0853e+01	1.7884e-14	1.2867e-03	9.9871e-01	7.2233e-03	9.9030e-01	2.4803e-03	9.3851e-19	4.1993e-05	1.1924e-01	8.7913e-01	1.5969e-03	3.6079e-04	3.2095e-01	6.7813e-01	5.6352e-04	1.1755e-36	1.1755e-36	6.5910e-27	0.00e+00	0.00e+00	7.5477e-02
1.09299e+18	6.1921e+03	3.178e-22	1.0000e+01	1.0852e+01	1.8473e-14	1.2839e-03	9.9872e-01	7.2799e-03	9.9092e-01	1.7961e-03	9.4429e-19	4.2282e-05	1.2010e-01	8.7833e-01	1.5295e-03	3.6527e-04	3.2443e-01	6.7480e-01	3.9741e-04	1.1755e-36	1.1755e-36	6.4953e-27	0.00e+00	0.00e+00	1.0307e-01
1.48447e+18	6.1353e+03	3.141e-22	1.0000e+01	1.0851e+01	1.9206e-14	1.2831e-03	9.9872e-01	7.3585e-03	9.9148e-01	1.1576e-03	9.5621e-19	4.2721e-05	1.2131e-01	8.7719e-01	1.4587e-03	3.7210e-04	3.2915e-01	6.7022e-01	2.5202e-04	1.1755e-36	1.1755e-36	6.4129e-27	0.00e+00	0.00e+00	1.3891e-01
1.99339e+18	6.0726e+03	3.099e-22	1.0000e+01	1.0851e+01	2.0148e-14	1.2856e-03	9.9871e-01	7.4673e-03	9.9189e-01	6.4599e-04	9.7756e-19	4.3383e-05	1.2298e-01	8.7559e-01	1.3877e-03	3.8190e-04	3.3521e-01	6.6427e-01	1.3986e-04	1.1755e-36	1.1755e-36	6.3662e-27	0.00e+00	0.00e+00	1.8561e-01
2.65499e+18	6.0050e+03	3.054e-22	1.0000e+01	1.0850e+01	2.1411e-14	1.2931e-03	9.9871e-01	7.6192e-03	9.9208e-01	3.0251e-04	1.0150e-18	4.4374e-05	1.2529e-01	8.7334e-01	1.3174e-03	3.9570e-04	3.4282e-01	6.5671e-01	6.5810e-05	1.1755e-36	1.1755e-36	6.4053e-27	0.00e+00	0.00e+00	2.4666e-01
3.51507e+18	5.9351e+03	3.007e-22	1.0000e+01	1.0850e+01	2.3045e-14	1.3085e-03	9.9869e-01	7.8346e-03	9.9205e-01	1.1491e-04	1.0748e-18	4.5856e-05	1.2853e-01	8.7018e-01	1.2453e-03	4.1529e-04	3.5246e-01	6.4710e-01	2.5353e-05	1.1755e-36	1.1755e-36	6.5474e-27	0.00e+00	0.00e+00	3.2698e-01
4.63318e+18	5.8684e+03	2.958e-22	1.0000e+01	1.0849e+01	2.5121e-14	1.3358e-03	9.9866e-01	8.1445e-03	9.9182e-01	3.4222e-05	1.1705e-18	4.8076e-05	1.3309e-01	8.6569e-01	1.1665e-03	4.4367e-04	3.6492e-01	6.3462e-01	7.7245e-06	1.1755e-36	1.1755e-36	6.8547e-27	0.00e+00	0.00e+00	4.3357e-01
6.08671e+18	5.8147e+03	2.908e-22	1.0000e+01	1.0848e+01	2.7741e-14	1.3816e-03	9.9862e-01	8.6024e-03	9.9139e-01	7.8011e-06	1.3305e-18	5.1414e-05	1.3964e-01	8.5923e-01	1.0761e-03	4.8599e-04	3.8145e-01	6.1806e-01	1.8144e-06	1.1755e-36	1.1755e-36	7.4807e-27	0.00e+00	0.00e+00	5.7689e-01
7.97631e+18	5.7766e+03	2.862e-22	1.0000e+01	1.0846e+01	3.1535e-14	1.4595e-03	9.9854e-01	9.3089e-03	9.9069e-01	1.3661e-06	1.6260e-18	5.6831e-05	1.4950e-01	8.4948e-01	9.6772e-04	5.5323e-04	4.0453e-01	5.9492e-01	3.2746e-07	1.1755e-36	1.1755e-36	8.8006e-27	0.00e+00	0.00e+00	7.7371e-01
1.04328e+19	5.8009e+03	2.817e-22	1.0000e+01	1.0844e+01	3.5848e-14	1.5869e-03	9.9841e-01	1.0444e-02	9.8956e-01	1.9432e-07	2.1926e-18	6.5557e-05	1.6453e-01	8.3456e-01	8.4133e-04	6.6298e-04	4.3691e-01	5.6243e-01	1.1755e-36	1.1755e-36	1.1755e-36	1.1520e-26	0.00e+00	0.00e+00	1.0519e+00
1.28488e+19	5.8531e+03	2.785e-22	1.0000e+01	1.0841e+01	3.9759e-14	1.7331e-03	9.9827e-01	1.1794e-02	9.8821e-01	3.5645e-08	2.9421e-18	7.5798e-05	1.8160e-01	8.1759e-01	7.3089e-04	7.9525e-04	4.7109e-01	5.2811e-01	1.1755e-36	1.1755e-36	1.1755e-36	1.5046e-26	0.00e+00	0.00e+00	1.2768e+00
1.46308e+19	5.9388e+03	2.777e-22	1.0000e+01	1.0838e+01	4.2660e-14	1.8761e-03	9.9812e-01	1.3127e-02	9.8687e-01	1.2441e-08	3.8563e-18	8.5758e-05	1.9750e-01	8.0176e-01	6.5327e-04	9.2681e-04	5.0029e-01	4.9878e-01	1.1755e-36	1.1755e-36	1.1755e-36	1.9666e-26	0.00e+00	0.00e+00	1.4555e+00
1.60981e+19	6.0332e+03	2.778e-22	1.0000e+01	1.0835e+01	4.5740e-14	2.0260e-03	9.9797e-01	1.4558e-02	9.8544e-01	5.6410e-09	5.0610e-18	9.6268e-05	2.1371e-01	7.8561e-01	5.8878e-04	1.0690e-03	5.2801e-01	4.7092e-01	1.1755e-36	1.1755e-36	1.1755e-36	2.6045e-26	0.00e+00	0.00e+00	1.6379e+00
1.76514e+19	6.1477e+03	2.786e-22	1.0000e+01	1.0831e+01	5.0254e-14	2.2224e-03	9.9778e-01	1.6515e-02	9.8348e-01	2.5654e-09	7.0825e-18	1.1021e-04	2.3465e-01	7.6472e-01	5.1940e-04	1.2635e-03	5.6135e-01	4.3738e-01	1.1755e-36	1.1755e-36	1.1755e-36	3.7170e-26	0.00e+00	0.00e+00	1.8737e+00
1.92378e+19	6.2834e+03	2.802e-22	1.0000e+01	1.0827e+01	5.5450e-14	2.4649e-03	9.9754e-01	1.9134e-02	9.8087e-01	1.2234e-09	1.0239e-17	1.2778e-04	2.6046e-01	7.3896e-01	4.5088e-04	1.5169e-03	5.9927e-01	3.9921e-01	1.1755e-36	1.1755e-36	1.1755e-36	5.4828e-26	0.00e+00	0.00e+00	2.1059e+00
2.05777e+19	6.4126e+03	2.824e-22	1.0000e+01	1.0821e+01	6.1252e-14	2.7205e-03	9.9728e-01	2.2132e-02	9.7787e-01	6.8260e-10	1.4550e-17	1.4657e-04	2.8761e-01	7.1185e-01	3.9257e-04	1.7980e-03	6.3568e-01	3.6252e-01	1.1755e-36	1.1755e-36	1.1755e-36	7.9575e-26	0.00e+00	0.00e+00	2.3100e+00
2.16776e+19	6.5254e+03	2.847e-22	1.0000e+01	1.0815e+01	6.7709e-14	2.9784e-03	9.9702e-01	2.5446e-02	9.7455e-01	4.3113e-10	2.0100e-17	1.6580e-04	3.1493e-01	6.8456e-01	3.4349e-04	2.0941e-03	6.6904e-01	3.2887e-01	1.1755e-36	1.1755e-36	1.1755e-36	1.1208e-25	0.00e+00	0.00e+00	2.5002e+00
2.26602e+19	6.6286e+03	2.872e-22	1.0000e+01	1.0809e+01	7.5524e-14	3.2564e-03	9.9674e-01	2.9377e-02	9.7062e-01	2.8872e-10	2.7652e-17	1.8672e-04	3.4420e-01	6.5531e-01	2.9870e-04	2.4252e-03	7.0154e-01	2.9603e-01	1.1755e-36	1.1755e-36	1.1755e-36	1.5729e-25	0.00e+00	0.00e+00	2.6962e+00
2.35962e+19	6.7287e+03	2.901e-22	1.0000e+01	1.0801e+01	8.5293e-14	3.5744e-03	9.9643e-01	3.4396e-02	9.6560e-01	1.9893e-10	3.8474e-17	2.1074e-04	3.7741e-01	6.2212e-01	2.5563e-04	2.8167e-03	7.3486e-01	2.6233e-01	1.1755e-36	1.1755e-36	1.1755e-36	2.2319e-25	0.00e+00	0.00e+00	2.9035e+00
2.44798e+19	6.8175e+03	2.935e-22	1.0000e+01	1.0791e+01	9.8150e-14	3.9400e-03	9.9606e-01	4.0904e-02	9.5910e-01	1.4108e-10	5.4096e-17	2.3821e-04	4.1491e-01	5.8463e-01	2.1467e-04	3.2794e-03	7.6853e-01	2.2819e-01	1.1755e-36	1.1755e-36	1.1755e-36	3.2003e-25	0.00e+00	0.00e+00	3.1146e+00
2.52811e+19	6.9122e+03	2.967e-22	1.0000e+01	1.0780e+01	1.1215e-13	4.3352e-03	9.9566e-01	4.9233e-02	9.5077e-01	1.0416e-10	7.5375e-17	2.6800e-04	4.5524e-01	5.4432e-01	1.7794e-04	3.7950e-03	8.0062e-01	1.9559e-01	1.1755e-36	1.1755e-36	1.1755e-36	4.5441e-25	0.00e+00	0.00e+00	3.3211e+00
2.59992e+19	6.9895e+03	3.002e-22	1.0000e+01	1.0767e+01	1.2978e-13	4.7654e-03	9.9523e-01	6.0016e-02	9.3998e-01	7.9413e-11	1.0435e-16	2.9999e-04	4.9806e-01	5.0149e-01	1.4503e-04	4.3670e-03	8.3069e-01	1.6494e-01	1.1755e-36	1.1755e-36	1.1755e-36	6.4119e-25	0.00e+00	0.00e+00	3.5263e+00
2.65737e+19	7.0601e+03	3.033e-22	1.0000e+01	1.0756e+01	1.4666e-13	5.1687e-03	9.9483e-01	7.2551e-02	9.2745e-01	6.4489e-11	1.3753e-16	3.2971e-04	5.3772e-01	4.6183e-01	1.1949e-04	4.9145e-03	8.5560e-01	1.3948e-01	1.1755e-36	1.1755e-36	1.1755e-36	8.5872e-25	0.00e+00	0.00e+00	3.6787e+00
2.69750e+19	7.0938e+03	3.056e-22	1.0000e+01	1.0738e+01	1.6323e-13	5.4991e-03	9.9450e-01	8.4202e-02	9.1580e-01	5.5234e-11	1.6907e-16	3.5336e-04	5.6910e-01	4.3045e-01	1.0168e-04	5.3660e-03	8.7338e-01	1.2126e-01	1.1755e-36	1.1755e-36	1.1755e-36	1.0659e-24	0.00e+00	0.00e+00	3.7952e+00
2.72993e+19	7.1262e+03	3.075e-22	1.0000e+01	1.0726e+01	1.7836e-13	5.7942e-03	9.9421e-01	9.6775e-02	9.0323e-01	4.8581e-11	2.0137e-16	3.7425e-04	5.9651e-01	4.0303e-01	8.7600e-05	5.7727e-03	8.8772e-01	1.0651e-01	1.1755e-36	1.1755e-36	1.1755e-36	1.2821e-24	0.00e+00	0.00e+00	3.9098e+00
2.76596e+19	7.1561e+03	3.096e-22	1.0000e+01	1.0708e+01	1.9935e-13	6.1608e-03	9.9384e-01	1.1495e-01	8.8505e-01	4.1607e-11	2.4705e-16	3.9905e-04	6.2898e-01	3.7055e-01	7.2401e-05	6.2788e-03	9.0342e-01	9.0301e-02	1.1755e-36	1.1755e-36	1.1755e-36	1.5939e-24	0.00e+00	0.00e+00	4.0682e+00
2.80260e+19	7.1973e+03	3.117e-22	1.0000e+01	1.0688e+01	2.2219e-13	6.5676e-03	9.9343e-01	1.4058e-01	8.5942e-01	3.5672e-11	3.0504e-16	4.2553e-04	6.6387e-01	3.3564e-01	5.8255e-05	6.8462e-03	9.1922e-01	7.3932e-02	1.1755e-36	1.1755e-36	1.1755e-36	1.9956e-24	0.00e+00	0.00e+00	4.2031e+00
2.82980e+19	7.2020e+03	3.134e-22	1.0000e+01	1.0653e+01	2.4686e-13	6.9150e-03	9.9309e-01	1.6674e-01	8.3326e-01	3.1180e-11	3.5958e-16	4.4656e-04	6.9177e-01	3.0774e-01	4.8140e-05	7.3296e-03	9.3094e-01	6.1733e-02	1.1755e-36	1.1755e-36	1.1755e-36	2.3673e-24	0.00e+00	0.00e+00	4.2987e+00
2.84957e+19	7.2280e+03	3.141e-22	1.0000e+01	1.0634e+01	2.6287e-13	7.1761e-03	9.9282e-01	1.9227e-01	8.0773e-01	2.8282e-11	4.0666e-16	4.6227e-04	7.1261e-01	2.8689e-01	4.1221e-05	7.6978e-03	9.3931e-01	5.2996e-02	1.1755e-36	1.1755e-36	1.1755e-36	2.6986e-24	0.00e+00	0.00e+00	4.3786e+00
2.86703e+19	7.2336e+03	3.147e-22	1.0000e+01	1.0604e+01	2.8199e-13	7.4291e-03	9.9257e-01	2.2012e-01	7.7988e-01	2.5472e-11	4.5454e-16	4.7618e-04	7.3126e-01	2.6823e-01	3.5377e-05	8.0514e-03	9.4643e-01	4.5521e-02	1.1755e-36	1.1755e-36	1.1755e-36	3.0288e-24	0.00e+00	0.00e+00	4.4597e+00
2.88690e+19	7.2480e+03	3.152e-22	1.0000e+01	1.0576e+01	3.0541e-13	7.7366e-03	9.9226e-01	2.6071e-01	7.3929e-01	2.2399e-11	5.1978e-16	4.9222e-04	7.5244e-01	2.4704e-01	2.9140e-05	8.4798e-03	9.5417e-01	3.7347e-02	1.1755e-36	1.1755e-36	1.1755e-36	3.4951e-24	0.00e+00	0.00e+00	4.5694e+00
2.90727e+19	7.2490e+03	3.153e-22	1.0000e+01	1.0525e+01	3.3447e-13	8.0709e-03	9.9193e-01	3.1485e-01	6.8515e-01	1.9150e-11	5.9550e-16	5.0760e-04	7.7350e-01	2.2597e-01	2.3472e-05	8.9439e-03	9.6163e-01	2.9425e-02	1.1755e-36	1.1755e-36	1.1755e-36	4.0195e-24	0.00e+00	0.00e+00	4.6626e+00
2.92301e+19	7.2589e+03	3.148e-22	1.0000e+01	1.0483e+01	3.5747e-13	8.3386e-03	9.9166e-01	3.6970e-01	6.3030e-01	1.6607e-11	6.6423e-16	5.1877e-04	7.8930e-01	2.1016e-01	1.9477e-05	9.3162e-03	9.6708e-01	2.3606e-02	1.1755e-36	1.1755e-36	1.1755e-36	4.5012e-24	0.00e+00	0.00e+00	4.7321e+00
2.93530e+19	7.2562e+03	3.139e-22	1.0000e+01	1.0436e+01	3.7969e-13	8.5600e-03	9.9144e-01	4.2145e-01	5.7855e-01	1.4470e-11	7.2430e-16	5.2667e-04	8.0100e-01	1.9845e-01	1.6601e-05	9.6210e-03	9.7096e-01	1.9421e-02	1.1755e-36	1.1755e-36	1.1755e-36	4.9090e-24	0.00e+00	0.00e+00	4.7935e+00
2.94837e+19	7.2477e+03	3.127e-22	1.0000e+01	1.0383e+01	4.0763e-13	8.8135e-03	9.9119e-01	4.8500e-01	5.1500e-01	1.2044e-11	7.9725e-16	5.3457e-04	8.1262e-01	1.8683e-01	1.3778e-05	9.9645e-03	9.7461e-01	1.5428e-02	1.1755e-36	1.1755e-36	1.1755e-36	5.4037e-24	0.00e+00	0.00e+00	4.8758e+00
2.96311e+19	7.2382e+03	3.110e-22	1.0000e+01	1.0319e+01	4.4234e-13	9.1109e-03	9.9089e-01	5.6626e-01	4.3374e-01	9.4578e-12	8.8955e-16	5.4212e-04	8.2416e-01	1.7528e-01	1.1050e-05	1.0363e-02	9.7809e-01	1.1545e-02	1.1755e-36	1.1755e-36	1.1755e-36	6.0336e-24	0.00e+00	0.00e+00	4.9603e+00
2.97704e+19	7.2260e+03	3.087e-22	1.0000e+01	1.0246e+01	4.7938e-13	9.4027e-03	9.9060e-01	6.5008e-01	3.4992e-01	7.1407e-12	9.8590e-16	5.4758e-04	8.3349e-01	1.6596e-01	8.8376e-06	1.0748e-02	9.8077e-01	8.4863e-03	1.1755e-36	1.1755e-36	1.1755e-36	6.6863e-24	0.00e+00	0.00e+00	5.0384e+00
2.99217e+19	7.2070e+03	3.062e-22	1.0000e+01	1.0167e+01	5.2736e-13	9.7485e-03	9.9025e-01	7.3978e-01	2.6022e-01	4.9307e-12	1.1043e-15	5.5248e-04	8.4191e-01	1.5753e-01	6.7764e-06	1.1196e-02	9.8290e-01	5.9071e-03	1.1755e-36	1.1755e-36	1.1755e-36	7.5166e-24	0.00e+00	0.00e+00	5.1437e+00
3.01184e+19	7.1815e+03	3.038e-22	1.0000e+01	1.0081e+01	6.0048e-13	1.0248e-02	9.8975e-01	8.3818e-01	1.6182e-01	2.7983e-12	1.2772e-15	5.5797e-04	8.5033e-01	1.4911e-01	4.7010e-06	1.1830e-02	9.8458e-01	3.5869e-03	1.1755e-36	1.1755e-36	1.1755e-36	8.8300e-24	0.00e+00	0.00e+00	5.2877e+00
3.03742e+19	7.1613e+03	3.023e-22	1.0000e+01	9.9958e+00	7.0784e-13	1.0979e-02	9.8902e-01	9.2198e-01	7.8024e-02	1.2077e-12	1.5266e-15	5.6419e-04	8.5819e-01	1.4125e-01	2.8398e-06	1.2741e-02	9.8544e-01	1.8225e-03	1.1755e-36	1.1755e-36	1.1755e-36	1.0979e-23	0.00e+00	0.00e+00	5.4881e+00
3.07066e+19	7.1527e+03	3.032e-22	1.0000e+01	9.9178e+00	8.7327e-13	1.2086e-02	9.8791e-01	9.7165e-01	2.8348e-02	3.8167e-13	1.9038e-15	5.7188e-04	8.6577e-01	1.3366e-01	1.4337e-06	1.4108e-02	9.8514e-01	7.4888e-04	1.1755e-36	1.1755e-36	1.1755e-36	1.4779e-23	0.00e+00	0.00e+00	5.7749e+00
3.11389e+19	7.1544e+03	3.081e-22	1.0000e+01	9.8780e+00	1.1755e-12	1.3910e-02	9.8609e-01	9.9202e-01	7.9811e-03	9.1536e-14	2.6001e-15	5.8447e-04	8.7477e-01	1.2464e-01	5.7370e-07	1.6346e-02	9.8341e-01	2.4145e-04	1.1755e-36	1.1755e-36	1.1755e-36	2.3181e-23	0.00e+00	0.00e+00	6.2040e+00
3.15874e+19	7.1621e+03	3.150e-22	1.0000e+01	9.8465e+00	1.6615e-12	1.6472e-02	9.8353e-01	9.9770e-01	2.2975e-03	2.2704e-14	3.7276e-15	5.9816e-04	8.8409e-01	1.1531e-01	2.1985e-07	1.9488e-02	9.8044e-01	7.5604e-05	1.1755e-36	1.1755e-36	1.1755e-36	3.9349e-23	0.00e+00	0.00e+00	6.6290e+00
3.19397e+19	7.1572e+03	3.217e-22	1.0000e+01	9.8210e+00	2.3039e-12	1.9267e-02	9.8073e-01	9.9905e-01	9.5288e-04	8.4090e-15	5.1891e-15	6.1009e-04	8.9218e-01	1.0721e-01	1.1755e-36	2.2919e-02	9.7705e-01	3.1595e-05	1.1755e-36	1.1755e-36	1.1755e-36	6.4029e-23	0.00e+00	0.00e+00	6.9891e+00
3.22147e+19	7.1479e+03	3.272e-22	1.0000e+01	9.7973e+00	3.0820e-12	2.2120e-02	9.7788e-01	9.9950e-01	5.0303e-04	4.0596e-15	6.9426e-15	6.1965e-04	8.9912e-01	1.0026e-01	1.1755e-36	2.6425e-02	9.7356e-01	1.6207e-05	1.1755e-36	1.1755e-36	1.1755e-36	9.8269e-23	0.00e+00	0.00e+00	7.3439e+00
3.25068e+19	7.1412e+03	3.322e-22	1.0000e+01	9.7522e+00	4.2914e-12	2.5909e-02	9.7409e-01	9.9974e-01	2.5937e-04	1.8968e-15	9.6827e-15	6.2902e-04	9.0700e-01	9.2374e-02	1.1755e-36	3.1085e-02	9.6891e-01	7.9033e-06	1.1755e-36	1.1755e-36	1.1755e-36	1.6029e-22	0.00e+00	0.00e+00	7.8841e+00
3.28165e+19	7.1089e+03	3.385e-22	1.0000e+01	9.6961e+00	6.5785e-12	3.1549e-02	9.6845e-01	9.9987e-01	1.3323e-04	8.8322e-16	1.4619e-14	6.3913e-04	9.1593e-01	8.3427e-02	1.1755e-36	3.8018e-02	9.6198e-01	3.7132e-06	1.1755e-36	1.1755e-36	1.1755e-36	2.9377e-22	0.00e+00	0.00e+00	8.4601e+00
3.30803e+19	7.0767e+03	3.434e-22	1.0000e+01	9.6263e+00	1.0140e-11	3.8515e-02	9.6148e-01	9.9992e-01	7.7056e-05	4.7129e-16	2.2163e-14	6.4707e-04	9.2436e-01	7.4988e-02	1.1755e-36	4.6575e-02	9.5342e-01	1.9213e-06	1.1755e-36	1.1755e-36	1.1755e-36	5.4239e-22	0.00e+00	0.00e+00	9.0399e+00
3.32993e+19	7.0413e+03	3.468e-22	1.0000e+01	9.5443e+00	1.5507e-11	4.6780e-02	9.5322e-01	9.9995e-01	4.9345e-05	2.8277e-16	3.3214e-14	6.5261e-04	9.3203e-01	6.7315e-02	1.1755e-36	5.6705e-02	9.4329e-01	1.0867e-06	1.1755e-36	1.1755e-36	1.1755e-36	9.8554e-22	0.00e+00	0.00e+00	9.6295e+00
3.34889e+19	6.9973e+03	3.496e-22	1.0000e+01	9.4737e+00	2.4068e-11	5.7053e-02	9.4295e-01	9.9997e-01	3.3595e-05	1.8159e-16	5.0321e-14	6.5794e-04	9.3943e-01	5.9917e-02	1.1755e-36	6.9254e-02	9.3075e-01	6.4313e-07	1.1755e-36	1.1755e-36	1.1755e-36	1.8239e-21	0.00e+00	0.00e+00	1.0277e+01
3.36600e+19	6.9573e+03	3.487e-22	1.0000e+01	9.3358e+00	3.7748e-11	6.9951e-02	9.3005e-01	9.9998e-01	2.3844e-05	1.2324e-16	7.6708e-14	6.5771e-04	9.4633e-01	5.3017e-02	1.1755e-36	8.4941e-02	9.1506e-01	3.8910e-07	1.1755e-36	1.1755e-36	1.1755e-36	3.4077e-21	0.00e+00	0.00e+00	1.0994e+01
3.38129e+19	6.9093e+03	3.454e-22	1.0000e+01	9.1732e+00	6.0941e-11	8.6660e-02	9.1334e-01	9.9998e-01	1.7570e-05	8.7531e-17	1.1956e-13	6.5510e-04	9.5298e-01	4.6362e-02	1.1755e-36	1.0513e-01	8.9487e-01	2.3911e-07	1.1755e-36	1.1755e-36	1.1755e-36	6.5974e-21	0.00e+00	0.00e+00	1.1779e+01
3.39430e+19	6.8566e+03	3.384e-22	1.0000e+01	8.9533e+00	9.8804e-11	1.0722e-01	8.9278e-01	9.9999e-01	1.3594e-05	6.6197e-17	1.8543e-13	6.4757e-04	9.5894e-01	4.0407e-02	1.1755e-36	1.2977e-01	8.7023e-01	1.5203e-07	1.1755e-36	1.1755e-36	1.1755e-36	1.2701e-20	0.00e+00	0.00e+00	1.2570e+01
3.40481e+19	6.7993e+03	3.285e-22	1.0000e+01	8.7066e+00	1.5693e-10	1.3094e-01	8.6906e-01	9.9999e-01	1.1062e-05	5.3248e-17	2.8001e-13	6.3645e-04	9.6406e-01	3.5306e-02	1.1755e-36	1.5791e-01	8.4209e-01	1.0141e-07	1.1755e-36	1.1755e-36	1.1755e-36	2.3555e-20	0.00e+00	0.00e+00	1.3340e+01
3.41331e+19	6.7374e+03	3.162e-22	1.0000e+01	8.4366e+00	2.4270e-10	1.5734e-01	8.4266e-01	9.9999e-01	9.3614e-06	4.4955e-17	4.0919e-13	6.2241e-04	9.6839e-01	3.0985e-02	1.1755e-36	1.8887e-01	8.1113e-01	7.0505e-08	1.1755e-36	1.1755e-36	1.1755e-36	4.1691e-20	0.00e+00	0.00e+00	1.4105e+01
3.42052e+19	6.6545e+03	3.017e-22	1.0000e+01	8.1377e+00	3.7560e-10	1.8731e-01	8.1269e-01	9.9999e-01	8.1234e-06	3.9161e-17	5.8732e-13	6.0569e-04	9.7222e-01	2.7171e-02	1.1755e-36	2.2355e-01	7.7645e-01	5.0133e-08	1.1755e-36	1.1755e-36	1.1755e-36	7.1945e-20	0.00e+00	0.00e+00	1.4900e+01
3.42688e+19	6.5581e+03	2.842e-22	1.0000e+01	7.7926e+00	5.8348e-10	2.2166e-01	7.7834e-01	9.9999e-01	7.2015e-06	3.5146e-17	8.3318e-13	5.8500e-04	9.7566e-01	2.3758e-02	1.1755e-36	2.6271e-01	7.3729e-01	3.6008e-08	1.1755e-36	1.1755e-36	1.1755e-36	1.2230e-19	0.00e+00	0.00e+00	1.5739e+01
3.43254e+19	6.4391e+03	2.641e-22	1.0000e+01	7.4041e+00	9.1842e-10	2.6088e-01	7.3912e-01	9.9999e-01	6.4926e-06	3.2323e-17	1.1709e-12	5.6069e-04	9.7875e-01	2.0686e-02	1.1755e-36	3.0667e-01	6.9333e-01	2.6044e-08	1.1755e-36	1.1755e-36	1.1755e-36	2.0565e-19	0.00e+00	0.00e+00	1.6615e+01
3.43723e+19	6.3062e+03	2.432e-22	1.0000e+01	6.9944e+00	1.4161e-09	3.0143e-01	6.9857e-01	9.9999e-01	6.0098e-06	3.0758e-17	1.5845e-12	5.3409e-04	9.8129e-01	1.8175e-02	1.1755e-36	3.5129e-01	6.4871e-01	1.9449e-08	1.1755e-36	1.1755e-36	1.1755e-36	3.2759e-19	0.00e+00	0.00e+00	1.7387e+01
3.44064e+19	6.1813e+03	2.254e-22	1.0000e+01	6.6418e+00	2.0249e-09	3.3666e-01	6.6334e-01	9.9999e-01	5.7089e-06	3.0031e-17	2.0014e-12	5.1072e-04	9.8313e-01	1.6362e-02	1.1755e-36	3.8939e-01	6.1061e-01	1.5471e-08	1.1755e-36	1.1755e-36	1.1755e-36	4.7130e-19	0.00e+00	0.00e+00	1.7976e+01
3.44307e+19	6.0727e+03	2.115e-22	1.0000e+01	6.3608e+00	2.6789e-09	3.6477e-01	6.3523e-01	9.9999e-01	5.5206e-06	2.9731e-17	2.3750e-12	4.9187e-04	9.8443e-01	1.5081e-02	1.1755e-36	4.1936e-01	5.8064e-01	1.3026e-08	1.1755e-36	1.1755e-36	1.1755e-36	6.1725e-19	0.00e+00	0.00e+00	1.8456e+01
3.44505e+19	5.9684e+03	1.992e-22	1.0000e+01	6.1111e+00	3.4315e-09	3.8969e-01	6.1031e-01	9.9999e-01	5.3693e-06	2.9555e-17	2.7389e-12	4.7499e-04	9.8549e-01	1.4036e-02	1.1755e-36	4.4563e-01	5.5437e-01	1.1244e-08	1.1755e-36	1.1755e-36	1.1755e-36	7.7520e-19	0.00e+00	0.00e+00	1.8921e+01
3.44692e+19	5.8562e+03	1.872e-22	1.0000e+01	5.8595e+00	4.4067e-09	4.1477e-01	5.8523e-01	9.9999e-01	5.2368e-06	2.9499e-17	3.1394e-12	4.5785e-04	9.8648e-01	1.3067e-02	1.1755e-36	4.7176e-01	5.2824e-01	9.7417e-09	1.1755e-36	1.1755e-36	1.1755e-36	9.6785e-19	0.00e+00	0.00e+00	1.9405e+01
3.44871e+19	5.7354e+03	1.752e-22	1.0000e+01	5.6038e+00	5.6897e-09	4.4022e-01	5.5978e-01	9.9999e-01	5.1224e-06	2.9579e-17	3.5851e-12	4.4032e-04	9.8739e-01	1.2165e-02	1.1755e-36	4.9799e-01	5.0201e-01	8.4612e-09	1.1755e-36	1.1755e-36	1.1755e-36	1.2072e-18	0.00e+00	0.00e+00	1.9884e+01
3.45032e+19	5.6101e+03	1.641e-22	1.0000e+01	5.3611e+00	7.3099e-09	4.6466e-01	5.3534e-01	9.9999e-01	5.0286e-06	2.9752e-17	4.0594e-12	4.2365e-04	9.8821e-01	1.1364e-02	1.1755e-36	5.2290e-01	4.7710e-01	7.4200e-09	1.1755e-36	1.1755e-36	1.1755e-36	1.4939e-18	0.00e+00	0.00e+00	2.0327e+01
3.45175e+19	5.4888e+03	1.541e-22	1.0000e+01	5.1369e+00	9.2346e-09	4.8709e-01	5.1291e-01	1.0000e+00	4.9564e-06	3.0024e-17	4.5405e-12	4.0815e-04	9.8892e-01	1.0675e-02	1.1755e-36	5.4553e-01	4.5447e-01	6.5911e-09	1.1755e-36	1.1755e-36	1.1755e-36	1.8217e-18	0.00e+00	0.00e+00	2.0737e+01
3.45303e+19	5.3675e+03	1.450e-22	1.0000e+01	4.9273e+00	1.1555e-08	5.0804e-01	4.9196e-01	1.0000e+00	4.8952e-06	3.0333e-17	5.0408e-12	3.9365e-04	9.8954e-01	1.0067e-02	1.1755e-36	5.6646e-01	4.3354e-01	5.9099e-09	1.1755e-36	1.1755e-36	1.1755e-36	2.2068e-18	0.00e+00	0.00e+00	2.1130e+01
3.45394e+19	5.2806e+03	1.388e-22	1.0000e+01	4.7789e+00	1.3539e-08	5.2289e-01	4.7711e-01	1.0000e+00	4.8670e-06	3.0680e-17	5.4299e-12	3.8331e-04	9.8994e-01	9.6717e-03	1.1755e-36	5.8118e-01	4.1882e-01	5.4800e-09	1.1755e-36	1.1755e-36	1.1755e-36	2.5395e-18	0.00e+00	0.00e+00	2.1331e+01
3.45445e+19	5.2345e+03	1.351e-22	1.0000e+01	4.6900e+00	1.4734e-08	5.3101e-01	4.6899e-01	1.0000e+00	4.8599e-06	3.0987e-17	5.6485e-12	3.7697e-04	9.9016e-01	9.4581e-03	1.1755e-36	5.8920e-01	4.1080e-01	5.2518e-09	1.1755e-36	1.1755e-36	1.1755e-36	2.7392e-18	0.00e+00	0.00e+00	2.1470e+01
3.45492e+19	5.1736e+03	1.319e-22	1.0000e+01	4.6144e+00	1.6323e-08	5.3977e-01	4.6023e-01	1.0000e+00	4.8290e-06	3.1003e-17	5.9251e-12	3.7193e-04	9.9041e-01	9.2190e-03	1.1755e-36	5.9782e-01	4.0218e-01	5.0261e-09	1.1755e-36	1.1755e-36	1.1755e-36	3.0088e-18	0.00e+00	0.00e+00	2.1645e+01
3.45544e+19	5.1172e+03	1.281e-22	1.0000e+01	4.5201e+00	1.7986e-08	5.4853e-01	4.5147e-01	1.0000e+00	4.8107e-06	3.1250e-17	6.1948e-12	3.6530e-04	9.9064e-01	8.9919e-03	1.1755e-36	6.0640e-01	3.9360e-01	4.8023e-09	1.1755e-36	1.1755e-36	1.1755e-36	3.2868e-18	0.00e+00	0.00e+00	2.1827e+01
3.45598e+19	5.0496e+03	1.242e-22	1.0000e+01	4.4243e+00	2.0130e-08	5.5837e-01	4.4163e-01	1.0000e+00	4.7860e-06	3.1428e-17	6.5329e-12	3.5870e-04	9.9090e-01	8.7392e-03	1.1755e-36	6.1601e-01	3.8399e-01	4.5671e-09	1.1755e-36	1.1755e-36	1.1755e-36	3.6583e-18	0.00e+00	0.00e+00	2.2027e+01
3.45654e+19	4.9811e+03	1.203e-22	1.0000e+01	4.3266e+00	2.2511e-08	5.6818e-01	4.3182e-01	1.0000e+00	4.7660e-06	3.1660e-17	6.8784e-12	3.5193e-04	9.9116e-01	8.4930e-03	1.1755e-36	6.2554e-01	3.7446e-01	4.3445e-09	1.1755e-36	1.1755e-36	1.1755e-36	4.0608e-18	0.00e+00	0.00e+00	2.2219e+01
3.45706e+19	4.9125e+03	1.166e-22	1.0000e+01	4.2328e+00	2.5071e-08	5.7752e-01	4.2248e-01	1.0000e+00	4.7483e-06	3.1894e-17	7.1891e-12	3.4546e-04	9.9140e-01	8.2556e-03	1.1755e-36	6.3459e-01	3.6541e-01	4.1431e-09	1.1755e-36	1.1755e-36	1.1755e-36	4.4361e-18	0.00e+00	0.00e+00	2.2403e+01
3.45756e+19	4.8439e+03	1.131e-22	1.0000e+01	4.1418e+00	2.7848e-08	5.8662e-01	4.1338e-01	1.0000e+00	4.7313e-06	3.2127e-17	7.5031e-12	3.3920e-04	9.9163e-01	8.0281e-03	1.1755e-36	6.4337e-01	3.5663e-01	3.9560e-09	1.1755e-36	1.1755e-36	1.1755e-36	4.8374e-18	0.00e+00	0.00e+00	2.2587e+01
3.45805e+19	4.7735e+03	1.096e-22	1.0000e+01	4.0511e+00	3.0930e-08	5.9573e-01	4.0427e-01	1.0000e+00	4.7146e-06	3.2365e-17	7.8285e-12	3.3297e-04	9.9186e-01	7.8039e-03	1.1755e-36	6.5212e-01	3.4788e-01	3.7770e-09	1.1755e-36	1.1755e-36	1.1755e-36	5.2767e-18	0.00e+00	0.00e+00	2.2773e+01
3.45855e+19	4.6974e+03	1.062e-22	1.0000e+01	3.9585e+00	3.4487e-08	6.0500e-01	3.9500e-01	1.0000e+00	4.6972e-06	3.2601e-17	8.1710e-12	3.2667e-04	9.9209e-01	7.5796e-03	1.1755e-36	6.6099e-01	3.3901e-01	3.6044e-09	1.1755e-36	1.1755e-36	1.1755e-36	5.7668e-18	0.00e+00	0.00e+00	2.2963e+01
3.45904e+19	4.6227e+03	1.028e-22	1.0000e+01	3.8677e+00	3.8258e-08	6.1409e-01	3.8591e-01	1.0000e+00	4.6819e-06	3.2858e-17	8.5138e-12	3.2047e-04	9.9232e-01	7.3630e-03	1.1755e-36	6.6968e-01	3.3032e-01	3.4410e-09	1.1755e-36	1.1755e-36	1.1755e-36	6.2827e-18	0.00e+00	0.00e+00	2.3151e+01
3.45952e+19	4.5455e+03	9.953e-23	1.0000e+01	3.7768e+00	4.2397e-08	6.2323e-01	3.7677e-01	1.0000e+00	4.6664e-06	3.3117e-17	8.8643e-12	3.1431e-04	9.9254e-01	7.1488e-03	1.1755e-36	6.7837e-01	3.2163e-01	3.2842e-09	1.1755e-36	1.1755e-36	1.1755e-36	6.8374e-18	0.00e+00	0.00e+00	2.3343e+01
3.46002e+19	4.4640e+03	9.619e-23	1.0000e+01	3.6838e+00	4.7003e-08	6.3261e-01	3.6739e-01	1.0000e+00	4.6505e-06	3.3385e-17	9.2265e-12	3.0804e-04	9.9276e-01	6.9322e-03	1.1755e-36	6.8725e-01	3.1275e-01	3.1303e-09	1.1755e-36	1.1755e-36	1.1755e-36	7.4382e-18	0.00e+00	0.00e+00	2.3544e+01
3.46053e+19	4.3831e+03	9.276e-23	1.0000e+01	3.5861e+00	5.1754e-08	6.4188e-01	3.5812e-01	1.0000e+00	4.6416e-06	3.3767e-17	9.5688e-12	3.0135e-04	9.9298e-01	6.7228e-03	1.1755e-36	6.9599e-01	3.0401e-01	2.9827e-09	1.1755e-36	1.1755e-36	1.1755e-36	8.0301e-18	0.00e+00	0.00e+00	2.3751e+01
3.46106e+19	4.2875e+03	8.924e-23	1.0000e+01	3.4855e+00	5.7518e-08	6.5224e-01	3.4776e-01	1.0000e+00	4.6228e-06	3.4046e-17	9.9587e-12	2.9470e-04	9.9321e-01	6.4905e-03	1.1755e-36	7.0573e-01	2.9427e-01	2.8277e-09	1.1755e-36	1.1755e-36	1.1755e-36	8.7266e-18	0.00e+00	0.00e+00	2.3981e+01
3.46162e+19	4.1904e+03	8.562e-23	1.0000e+01	3.3798e+00	6.3407e-08	6.6268e-01	3.3732e-01	1.0000e+00	4.6100e-06	3.4432e-17	1.0321e-11	2.8765e-04	9.9345e-01	6.2620e-03	1.1755e-36	7.1550e-01	2.8450e-01	2.6771e-09	1.1755e-36	1.1755e-36	1.1755e-36	9.3884e-18	0.00e+00	0.00e+00	2.4214e+01
3.46220e+19	4.0790e+03	8.193e-23	1.0000e+01	3.2692e+00	6.9947e-08	6.7385e-01	3.2615e-01	1.0000e+00	4.5916e-06	3.4773e-17	1.0676e-11	2.8048e-04	9.9370e-01	6.0210e-03	1.1755e-36	7.2592e-01	2.7408e-01	2.5253e-09	1.1755e-36	1.1755e-36	1.1755e-36	1.0038e-17	0.00e+00	0.00e+00	2.4469e+01
3.46280e+19	3.9628e+03	7.816e-23	1.0000e+01	3.1543e+00	7.6370e-08	6.8536e-01	3.1464e-01	1.0000e+00	4.5752e-06	3.5174e-17	1.0985e-11	2.7308e-04	9.9395e-01	5.7782e-03	1.1755e-36	7.3660e-01	2.6340e-01	2.3757e-09	1.1755e-36	1.1755e-36	1.1755e-36	1.0577e-17	0.00e+00	0.00e+00	2.4732e+01
