#depth	Te	Htot	hden	eden	2H_2/H	HI	HII	HeI	HeII	HeIII	CO/C	C1	C2	C3	C4	O1	O2	O3	O4	O5	O6	H2O/O	AV(point)	AV(extend)	Tau912
5.56867e+14	6.1984e+03	3.432e-22	1.0000e+01	1.0870e+01	2.1386e-15	6.2793e-04	9.9937e-01	3.3857e-03	9.8697e-01	9.6430e-03	1.8379e-20	1.0199e-05	5.9439e-02	9.3635e-01	4.2015e-03	7.1895e-05	1.6591e-01	8.2984e-01	4.1772e-03	1.1755e-36	1.1755e-36	1.7932e-28	0.00e+00	0.00e+00	4.4148e-05
3.34120e+15	6.1978e+03	3.432e-22	1.0000e+01	1.0870e+01	2.1391e-15	6.2785e-04	9.9937e-01	3.3857e-03	9.8698e-01	9.6354e-03	1.8362e-20	1.0194e-05	5.9436e-02	9.3634e-01	4.2121e-03	7.1852e-05	1.6584e-01	8.2992e-01	4.1624e-03	1.1755e-36	1.1755e-36	1.7912e-28	0.00e+00	0.00e+00	2.2072e-04
1.44786e+16	6.1962e+03	3.431e-22	1.0000e+01	1.0870e+01	2.1406e-15	6.2770e-04	9.9937e-01	3.3860e-03	9.8704e-01	9.5742e-03	1.8346e-20	1.0185e-05	5.9439e-02	9.3634e-01	4.2086e-03	7.1825e-05	1.6582e-01	8.3001e-01	4.1018e-03	1.1755e-36	1.1755e-36	1.7888e-28	0.00e+00	0.00e+00	9.2682e-04
5.90279e+16	6.1912e+03	3.429e-22	1.0000e+01	1.0870e+01	2.1484e-15	6.2759e-04	9.9937e-01	3.3893e-03	9.8736e-01	9.2532e-03	1.8356e-20	1.0176e-05	5.9480e-02	9.3633e-01	4.1813e-03	7.1881e-05	1.6591e-01	8.3015e-01	3.8686e-03	1.1755e-36	1.1755e-36	1.7870e-28	0.00e+00	0.00e+00	3.7508e-03
1.40999e+17	6.1758e+03	3.417e-22	1.0000e+01	1.0869e+01	2.1615e-15	6.2577e-04	9.9937e-01	3.3898e-03	9.8755e-01	9.0613e-03	1.8233e-20	1.0131e-05	5.9495e-02	9.3634e-01	4.1565e-03	7.1742e-05	1.6589e-01	8.3049e-01	3.5494e-03	1.1755e-36	1.1755e-36	1.7655e-28	0.00e+00	0.00e+00	7.4113e-03
2.47561e+17	6.1573e+03	3.406e-22	1.0000e+01	1.0869e+01	2.1759e-15	6.2416e-04	9.9938e-01	3.3932e-03	9.8806e-01	8.5433e-03	1.8103e-20	1.0106e-05	5.9544e-02	9.3634e-01	4.1044e-03	7.1707e-05	1.6602e-01	8.3074e-01	3.1648e-03	1.1755e-36	1.1755e-36	1.7374e-28	0.00e+00	0.00e+00	1.2158e-02
3.86092e+17	6.1362e+03	3.392e-22	1.0000e+01	1.0868e+01	2.1911e-15	6.2249e-04	9.9938e-01	3.3989e-03	9.8888e-01	7.7166e-03	1.7961e-20	1.0089e-05	5.9616e-02	9.3635e-01	4.0279e-03	7.1750e-05	1.6630e-01	8.3091e-01	2.7186e-03	1.1755e-36	1.1755e-36	1.7042e-28	0.00e+00	0.00e+00	1.8311e-02
5.66182e+17	6.1095e+03	3.378e-22	1.0000e+01	1.0868e+01	2.2205e-15	6.2094e-04	9.9938e-01	3.4082e-03	9.9000e-01	6.5940e-03	1.7888e-20	1.0081e-05	5.9736e-02	9.3633e-01	3.9262e-03	7.1941e-05	1.6684e-01	8.3087e-01	2.2236e-03	1.1755e-36	1.1755e-36	1.6778e-28	0.00e+00	0.00e+00	2.6291e-02
8.00299e+17	6.0820e+03	3.359e-22	1.0000e+01	1.0867e+01	2.2517e-15	6.1913e-04	9.9938e-01	3.4194e-03	9.9133e-01	5.2458e-03	1.7843e-20	1.0078e-05	5.9880e-02	9.3630e-01	3.8053e-03	7.2244e-05	1.6762e-01	8.3060e-01	1.7065e-03	1.1755e-36	1.1755e-36	1.6541e-28	0.00e+00	0.00e+00	3.6635e-02
1.10465e+18	6.0473e+03	3.339e-22	1.0000e+01	1.0865e+01	2.2869e-15	6.1754e-04	9.9938e-01	3.4351e-03	9.9276e-01	3.8027e-03	1.7774e-20	1.0090e-05	6.0098e-02	9.3622e-01	3.6700e-03	7.2798e-05	1.6883e-01	8.2989e-01	1.2059e-03	1.1755e-36	1.1755e-36	1.6163e-28	0.00e+00	0.00e+00	5.0047e-02
1.50031e+18	6.0086e+03	3.314e-22	1.0000e+01	1.0864e+01	2.3403e-15	6.1604e-04	9.9938e-01	3.4544e-03	9.9409e-01	2.4520e-03	1.7840e-20	1.0115e-05	6.0388e-02	9.3607e-01	3.5324e-03	7.3608e-05	1.7047e-01	8.2869e-01	7.6698e-04	1.1755e-36	1.1755e-36	1.5950e-28	0.00e+00	0.00e+00	6.7441e-02
2.01466e+18	5.9657e+03	3.286e-22	1.0000e+01	1.0863e+01	2.3844e-15	6.1478e-04	9.9939e-01	3.4780e-03	9.9515e-01	1.3673e-03	1.7822e-20	1.0161e-05	6.0772e-02	9.3582e-01	3.4018e-03	7.4716e-05	1.7257e-01	8.2693e-01	4.2732e-04	1.1755e-36	1.1755e-36	1.5488e-28	0.00e+00	0.00e+00	9.0007e-02
2.68333e+18	5.9130e+03	3.255e-22	1.0000e+01	1.0862e+01	2.4678e-15	6.1448e-04	9.9939e-01	3.5103e-03	9.9585e-01	6.3855e-04	1.8020e-20	1.0240e-05	6.1324e-02	9.3539e-01	3.2788e-03	7.6276e-05	1.7525e-01	8.2447e-01	2.0211e-04	1.1755e-36	1.1755e-36	1.5242e-28	0.00e+00	0.00e+00	1.1933e-01
3.55259e+18	5.8528e+03	3.221e-22	1.0000e+01	1.0862e+01	2.5687e-15	6.1539e-04	9.9938e-01	3.5536e-03	9.9621e-01	2.4135e-04	1.8297e-20	1.0365e-05	6.2082e-02	9.3475e-01	3.1597e-03	7.8378e-05	1.7855e-01	8.2129e-01	7.8453e-05	1.1755e-36	1.1755e-36	1.4942e-28	0.00e+00	0.00e+00	1.5750e-01
4.68262e+18	5.7860e+03	3.184e-22	1.0000e+01	1.0861e+01	2.6971e-15	6.1813e-04	9.9938e-01	3.6130e-03	9.9632e-01	7.1338e-05	1.8747e-20	1.0555e-05	6.3122e-02	9.3383e-01	3.0346e-03	8.1239e-05	1.8268e-01	8.1721e-01	2.4192e-05	1.1755e-36	1.1755e-36	1.4682e-28	0.00e+00	0.00e+00	2.0735e-01
6.15167e+18	5.7141e+03	3.143e-22	1.0000e+01	1.0861e+01	2.8584e-15	6.2374e-04	9.9938e-01	3.6958e-03	9.9629e-01	1.6087e-05	1.9467e-20	1.0839e-05	6.4557e-02	9.3254e-01	2.8922e-03	8.5229e-05	1.8797e-01	8.1194e-01	5.7963e-06	1.1755e-36	1.1755e-36	1.4503e-28	0.00e+00	0.00e+00	2.7274e-01
8.06144e+18	5.6412e+03	3.100e-22	1.0000e+01	1.0861e+01	3.0559e-15	6.3360e-04	9.9937e-01	3.8130e-03	9.9618e-01	2.7815e-06	2.0616e-20	1.1264e-05	6.6555e-02	9.3071e-01	2.7242e-03	9.0913e-05	1.9495e-01	8.0496e-01	1.0831e-06	1.1755e-36	1.1755e-36	1.4480e-28	0.00e+00	0.00e+00	3.5909e-01
1.05441e+19	5.5736e+03	3.055e-22	1.0000e+01	1.0861e+01	3.3043e-15	6.4998e-04	9.9935e-01	3.9819e-03	9.9602e-01	3.8845e-07	2.2557e-20	1.1903e-05	6.9377e-02	9.2809e-01	2.5247e-03	9.9184e-05	2.0427e-01	7.9563e-01	1.6404e-07	1.1755e-36	1.1755e-36	1.4848e-28	0.00e+00	0.00e+00	4.7424e-01
1.37716e+19	5.5241e+03	3.008e-22	1.0000e+01	1.0860e+01	3.5947e-15	6.7642e-04	9.9932e-01	4.2314e-03	9.9577e-01	4.6819e-08	2.5840e-20	1.2875e-05	7.3442e-02	9.2426e-01	2.2903e-03	1.1159e-04	2.1692e-01	7.8296e-01	1.1755e-36	1.1755e-36	1.1755e-36	1.5837e-28	0.00e+00	0.00e+00	6.3004e-01
1.79674e+19	5.4949e+03	2.967e-22	1.0000e+01	1.0859e+01	4.0096e-15	7.2071e-04	9.9928e-01	4.6199e-03	9.9538e-01	4.9712e-09	3.2126e-20	1.4453e-05	7.9644e-02	9.1833e-01	2.0127e-03	1.3168e-04	2.3515e-01	7.6471e-01	1.1755e-36	1.1755e-36	1.1755e-36	1.8281e-28	0.00e+00	0.00e+00	8.4583e-01
2.13558e+19	5.4717e+03	2.926e-22	1.0000e+01	1.0858e+01	4.1166e-15	7.4960e-04	9.9925e-01	4.9104e-03	9.9509e-01	9.6008e-10	3.4926e-20	1.5596e-05	8.4257e-02	9.1390e-01	1.8274e-03	1.4741e-04	2.4919e-01	7.5067e-01	1.1755e-36	1.1755e-36	1.1755e-36	1.8070e-28	0.00e+00	0.00e+00	9.4208e-01
2.34914e+19	5.5136e+03	2.910e-22	1.0000e+01	1.0858e+01	4.2095e-15	7.7875e-04	9.9922e-01	5.1683e-03	9.9483e-01	3.9829e-10	4.0050e-20	1.6666e-05	8.8167e-02	9.1010e-01	1.7131e-03	1.6130e-04	2.5979e-01	7.4005e-01	1.1755e-36	1.1755e-36	1.1755e-36	2.0374e-28	0.00e+00	0.00e+00	1.0521e+00
2.58406e+19	5.5618e+03	2.899e-22	1.0000e+01	1.0857e+01	4.3550e-15	8.1568e-04	9.9918e-01	5.4944e-03	9.9451e-01	1.6186e-10	4.7351e-20	1.8013e-05	9.3022e-02	9.0537e-01	1.5911e-03	1.7926e-04	2.7259e-01	7.2723e-01	1.1755e-36	1.1755e-36	1.1755e-36	2.3713e-28	0.00e+00	0.00e+00	1.1788e+00
2.84246e+19	5.6284e+03	2.890e-22	1.0000e+01	1.0856e+01	4.5151e-15	8.6191e-04	9.9914e-01	5.9104e-03	9.9409e-01	6.4517e-11	5.8016e-20	1.9736e-05	9.9091e-02	8.9943e-01	1.4625e-03	2.0275e-04	2.8815e-01	7.1165e-01	1.1755e-36	1.1755e-36	1.1755e-36	2.8690e-28	0.00e+00	0.00e+00	1.3261e+00
3.12671e+19	5.7076e+03	2.887e-22	1.0000e+01	1.0855e+01	4.7650e-15	9.2189e-04	9.9908e-01	6.4614e-03	9.9354e-01	2.5190e-11	7.4845e-20	2.2005e-05	1.0695e-01	8.9170e-01	1.3247e-03	2.3482e-04	3.0765e-01	6.9212e-01	1.1755e-36	1.1755e-36	1.1755e-36	3.6743e-28	0.00e+00	0.00e+00	1.4994e+00
3.43938e+19	5.8317e+03	2.882e-22	1.0000e+01	1.0853e+01	4.9757e-15	9.9737e-04	9.9900e-01	7.1987e-03	9.9280e-01	9.6694e-12	1.0204e-19	2.5001e-05	1.1708e-01	8.8171e-01	1.1823e-03	2.7874e-04	3.3191e-01	6.6781e-01	1.1755e-36	1.1755e-36	1.1755e-36	5.0217e-28	0.00e+00	0.00e+00	1.7056e+00
3.78332e+19	5.9782e+03	2.884e-22	1.0000e+01	1.0851e+01	5.3087e-15	1.0994e-03	9.9890e-01	8.2490e-03	9.9175e-01	3.6343e-12	1.5016e-19	2.9201e-05	1.3103e-01	8.6791e-01	1.0292e-03	3.4336e-04	3.6370e-01	6.3596e-01	1.1755e-36	1.1755e-36	1.1755e-36	7.4065e-28	0.00e+00	0.00e+00	1.9557e+00
4.12179e+19	6.1494e+03	2.894e-22	1.0000e+01	1.0849e+01	5.6704e-15	1.2225e-03	9.9878e-01	9.6446e-03	9.9036e-01	1.4928e-12	2.2953e-19	3.4516e-05	1.4843e-01	8.5065e-01	8.8626e-04	4.3030e-04	4.0155e-01	5.9802e-01	1.1755e-36	1.1755e-36	1.1755e-36	1.1358e-27	0.00e+00	0.00e+00	2.2001e+00
4.39224e+19	6.3088e+03	2.908e-22	1.0000e+01	1.0846e+01	6.0105e-15	1.3437e-03	9.9866e-01	1.1175e-02	9.8883e-01	7.7451e-13	3.3659e-19	4.0049e-05	1.6640e-01	8.3279e-01	7.7533e-04	5.2583e-04	4.3858e-01	5.6090e-01	1.1755e-36	1.1755e-36	1.1755e-36	1.6663e-27	0.00e+00	0.00e+00	2.3903e+00
4.59382e+19	6.4371e+03	2.921e-22	1.0000e+01	1.0843e+01	6.3755e-15	1.4529e-03	9.9855e-01	1.2708e-02	9.8729e-01	4.8486e-13	4.6592e-19	4.5305e-05	1.8329e-01	8.1597e-01	6.9114e-04	6.1982e-04	4.7128e-01	5.2810e-01	1.1755e-36	1.1755e-36	1.1755e-36	2.3096e-27	0.00e+00	0.00e+00	2.5544e+00
4.76998e+19	6.5533e+03	2.935e-22	1.0000e+01	1.0840e+01	6.8124e-15	1.5647e-03	9.9844e-01	1.4443e-02	9.8556e-01	3.2376e-13	6.3812e-19	5.0936e-05	2.0123e-01	7.9810e-01	6.1603e-04	7.2346e-04	5.0387e-01	4.9540e-01	1.1755e-36	1.1755e-36	1.1755e-36	3.1671e-27	0.00e+00	0.00e+00	2.7257e+00
4.96941e+19	6.6853e+03	2.950e-22	1.0000e+01	1.0836e+01	7.5168e-15	1.7147e-03	9.9829e-01	1.7050e-02	9.8295e-01	2.0497e-13	9.4691e-19	5.8839e-05	2.2613e-01	7.7328e-01	5.2887e-04	8.7289e-04	5.4560e-01	4.5353e-01	1.1755e-36	1.1755e-36	1.1755e-36	4.7111e-27	0.00e+00	0.00e+00	2.9698e+00
5.17135e+19	6.8364e+03	2.972e-22	1.0000e+01	1.0831e+01	8.2875e-15	1.8947e-03	9.9811e-01	2.0755e-02	9.7925e-01	1.3374e-13	1.4461e-18	6.8902e-05	2.5780e-01	7.4169e-01	4.4491e-04	1.0700e-03	5.9489e-01	4.0404e-01	1.1755e-36	1.1755e-36	1.1755e-36	7.1344e-27	0.00e+00	0.00e+00	3.1832e+00
5.32314e+19	6.9586e+03	2.993e-22	1.0000e+01	1.0825e+01	9.0384e-15	2.0578e-03	9.9794e-01	2.4911e-02	9.7509e-01	9.8444e-14	2.0627e-18	7.8712e-05	2.8862e-01	7.1092e-01	3.8063e-04	1.2642e-03	6.3817e-01	3.6057e-01	1.1755e-36	1.1755e-36	1.1755e-36	1.0061e-26	0.00e+00	0.00e+00	3.3458e+00
5.43774e+19	7.0505e+03	3.009e-22	1.0000e+01	1.0820e+01	9.7851e-15	2.2011e-03	9.9780e-01	2.9275e-02	9.7072e-01	7.7990e-14	2.7628e-18	8.7816e-05	3.1710e-01	6.8249e-01	3.3070e-04	1.4450e-03	6.7440e-01	3.2416e-01	1.1755e-36	1.1755e-36	1.1755e-36	1.3325e-26	0.00e+00	0.00e+00	3.4904e+00
5.53429e+19	7.1313e+03	3.023e-22	1.0000e+01	1.0815e+01	1.0523e-14	2.3366e-03	9.9766e-01	3.4285e-02	9.6571e-01	6.4178e-14	3.5872e-18	9.6929e-05	3.4536e-01	6.5426e-01	2.8858e-04	1.6248e-03	7.0734e-01	2.9103e-01	1.1755e-36	1.1755e-36	1.1755e-36	1.7100e-26	0.00e+00	0.00e+00	3.6218e+00
5.61785e+19	7.1931e+03	3.038e-22	1.0000e+01	1.0807e+01	1.1337e-14	2.4696e-03	9.9753e-01	4.0033e-02	9.5997e-01	5.4078e-14	4.5509e-18	1.0603e-04	3.7384e-01	6.2580e-01	2.5167e-04	1.8072e-03	7.3797e-01	2.6022e-01	1.1755e-36	1.1755e-36	1.1755e-36	2.1366e-26	0.00e+00	0.00e+00	3.7435e+00
5.69181e+19	7.2466e+03	3.053e-22	1.0000e+01	1.0801e+01	1.2214e-14	2.6007e-03	9.9740e-01	4.6980e-02	9.5302e-01	4.6449e-14	5.6935e-18	1.1548e-04	4.0289e-01	5.9677e-01	2.1890e-04	1.9929e-03	7.6674e-01	2.3127e-01	1.1755e-36	1.1755e-36	1.1755e-36	2.6361e-26	0.00e+00	0.00e+00	3.8582e+00
5.75692e+19	7.3051e+03	3.061e-22	1.0000e+01	1.0792e+01	1.2955e-14	2.7234e-03	9.9728e-01	5.4952e-02	9.4505e-01	4.0533e-14	6.9565e-18	1.2461e-04	4.3148e-01	5.6820e-01	1.9059e-04	2.1748e-03	7.9330e-01	2.0452e-01	1.1755e-36	1.1755e-36	1.1755e-36	3.1728e-26	0.00e+00	0.00e+00	3.9620e+00
5.81379e+19	7.3519e+03	3.073e-22	1.0000e+01	1.0785e+01	1.3796e-14	2.8416e-03	9.9716e-01	6.4696e-02	9.3530e-01	3.5978e-14	8.3972e-18	1.3382e-04	4.5968e-01	5.4002e-01	1.6575e-04	2.3539e-03	8.1769e-01	1.7996e-01	1.1755e-36	1.1755e-36	1.1755e-36	3.7892e-26	0.00e+00	0.00e+00	4.0578e+00
5.86305e+19	7.3922e+03	3.081e-22	1.0000e+01	1.0773e+01	1.4543e-14	2.9518e-03	9.9705e-01	7.5895e-02	9.2410e-01	3.2298e-14	9.8888e-18	1.4256e-04	4.8691e-01	5.1281e-01	1.4435e-04	2.5253e-03	8.3973e-01	1.5774e-01	1.1755e-36	1.1755e-36	1.1755e-36	4.3874e-26	0.00e+00	0.00e+00	4.1419e+00
5.90519e+19	7.4237e+03	3.088e-22	1.0000e+01	1.0761e+01	1.5311e-14	3.0528e-03	9.9695e-01	8.8704e-02	9.1130e-01	2.9302e-14	1.1446e-17	1.5068e-04	5.1215e-01	4.8758e-01	1.2619e-04	2.6855e-03	8.5925e-01	1.3807e-01	1.1755e-36	1.1755e-36	1.1755e-36	5.0117e-26	0.00e+00	0.00e+00	4.2173e+00
5.94213e+19	7.4509e+03	3.094e-22	1.0000e+01	1.0747e+01	1.6049e-14	3.1465e-03	9.9685e-01	1.0359e-01	8.9641e-01	2.6756e-14	1.3050e-17	1.5829e-04	5.3588e-01	4.6385e-01	1.1046e-04	2.8369e-03	8.7683e-01	1.2033e-01	1.1755e-36	1.1755e-36	1.1755e-36	5.6426e-26	0.00e+00	0.00e+00	4.2864e+00
5.97506e+19	7.4747e+03	3.098e-22	1.0000e+01	1.0732e+01	1.6775e-14	3.2340e-03	9.9677e-01	1.2115e-01	8.7885e-01	2.4518e-14	1.4710e-17	1.6545e-04	5.5828e-01	4.4146e-01	9.6674e-05	2.9806e-03	8.9285e-01	1.0417e-01	1.1755e-36	1.1755e-36	1.1755e-36	6.2897e-26	0.00e+00	0.00e+00	4.3499e+00
6.00434e+19	7.4921e+03	3.103e-22	1.0000e+01	1.0717e+01	1.7543e-14	3.3166e-03	9.9668e-01	1.4202e-01	8.5798e-01	2.2549e-14	1.6434e-17	1.7217e-04	5.7922e-01	4.2052e-01	8.4573e-05	3.1174e-03	9.0741e-01	8.9474e-02	1.1755e-36	1.1755e-36	1.1755e-36	6.9640e-26	0.00e+00	0.00e+00	4.4075e+00
6.03006e+19	7.5093e+03	3.102e-22	1.0000e+01	1.0693e+01	1.8155e-14	3.3894e-03	9.9661e-01	1.6585e-01	8.3415e-01	2.0712e-14	1.8031e-17	1.7805e-04	5.9817e-01	4.0158e-01	7.4241e-05	3.2412e-03	9.2029e-01	7.6466e-02	1.1755e-36	1.1755e-36	1.1755e-36	7.5405e-26	0.00e+00	0.00e+00	4.4587e+00
6.05274e+19	7.5229e+03	3.100e-22	1.0000e+01	1.0669e+01	1.8779e-14	3.4556e-03	9.9654e-01	1.9330e-01	8.0670e-01	1.9023e-14	1.9621e-17	1.8331e-04	6.1516e-01	3.8459e-01	6.5319e-05	3.3545e-03	9.3168e-01	6.4970e-02	1.1755e-36	1.1755e-36	1.1755e-36	8.1250e-26	0.00e+00	0.00e+00	4.5054e+00
6.07314e+19	7.5364e+03	3.094e-22	1.0000e+01	1.0642e+01	1.9344e-14	3.5152e-03	9.9648e-01	2.2519e-01	7.7481e-01	1.7413e-14	2.1164e-17	1.8795e-04	6.3047e-01	3.6929e-01	5.7510e-05	3.4581e-03	9.4183e-01	5.4715e-02	1.1755e-36	1.1755e-36	1.1755e-36	8.6826e-26	0.00e+00	0.00e+00	4.5485e+00
6.09166e+19	7.5437e+03	3.089e-22	1.0000e+01	1.0616e+01	2.0017e-14	3.5725e-03	9.9643e-01	2.6259e-01	7.3741e-01	1.5884e-14	2.2779e-17	1.9219e-04	6.4437e-01	3.5538e-01	5.0547e-05	3.5562e-03	9.5089e-01	4.5557e-02	1.1755e-36	1.1755e-36	1.1755e-36	9.2937e-26	0.00e+00	0.00e+00	4.5883e+00
6.10845e+19	7.5504e+03	3.079e-22	1.0000e+01	1.0582e+01	2.0598e-14	3.6232e-03	9.9638e-01	3.0539e-01	6.9461e-01	1.4355e-14	2.4263e-17	1.9573e-04	6.5660e-01	3.4316e-01	4.4451e-05	3.6441e-03	9.5881e-01	3.7543e-02	1.1755e-36	1.1755e-36	1.1755e-36	9.8189e-26	0.00e+00	0.00e+00	4.6247e+00
6.12375e+19	7.5518e+03	3.066e-22	1.0000e+01	1.0543e+01	2.1202e-14	3.6697e-03	9.9633e-01	3.5391e-01	6.4609e-01	1.2818e-14	2.5673e-17	1.9868e-04	6.6727e-01	3.3249e-01	3.9062e-05	3.7240e-03	9.6566e-01	3.0619e-02	1.1755e-36	1.1755e-36	1.1755e-36	1.0298e-25	0.00e+00	0.00e+00	4.6587e+00
6.13800e+19	7.5526e+03	3.049e-22	1.0000e+01	1.0498e+01	2.1800e-14	3.7117e-03	9.9629e-01	4.0884e-01	5.9116e-01	1.1263e-14	2.7047e-17	2.0107e-04	6.7654e-01	3.2322e-01	3.4232e-05	3.7961e-03	9.7157e-01	2.4632e-02	1.1755e-36	1.1755e-36	1.1755e-36	1.0763e-25	0.00e+00	0.00e+00	4.6911e+00
6.15161e+19	7.5475e+03	3.028e-22	1.0000e+01	1.0447e+01	2.2362e-14	3.7525e-03	9.9625e-01	4.7093e-01	5.2907e-01	9.5983e-15	2.8251e-17	2.0302e-04	6.8468e-01	3.1509e-01	2.9794e-05	3.8641e-03	9.7667e-01	1.9464e-02	1.1755e-36	1.1755e-36	1.1755e-36	1.1083e-25	0.00e+00	0.00e+00	4.7228e+00
6.16491e+19	7.5402e+03	3.003e-22	1.0000e+01	1.0389e+01	2.3039e-14	3.7916e-03	9.9621e-01	5.4058e-01	4.5942e-01	7.9583e-15	2.9547e-17	2.0451e-04	6.9172e-01	3.0805e-01	2.5677e-05	3.9278e-03	9.8103e-01	1.5038e-02	1.1755e-36	1.1755e-36	1.1755e-36	1.1472e-25	0.00e+00	0.00e+00	4.7545e+00
6.18011e+19	7.5288e+03	2.966e-22	1.0000e+01	1.0306e+01	2.3798e-14	3.8327e-03	9.9617e-01	6.2703e-01	3.7297e-01	6.1057e-15	3.0872e-17	2.0543e-04	6.9833e-01	3.0144e-01	2.1265e-05	3.9939e-03	9.8512e-01	1.0885e-02	1.1755e-36	1.1755e-36	1.1755e-36	1.1802e-25	0.00e+00	0.00e+00	4.7960e+00
6.19675e+19	7.5103e+03	2.927e-22	1.0000e+01	1.0222e+01	2.4859e-14	3.8835e-03	9.9612e-01	7.2405e-01	2.7595e-01	4.2631e-15	3.2476e-17	2.0622e-04	7.0426e-01	2.9551e-01	1.6972e-05	4.0684e-03	9.8858e-01	7.3522e-03	1.1755e-36	1.1755e-36	1.1755e-36	1.2271e-25	0.00e+00	0.00e+00	4.8355e+00
6.21262e+19	7.4890e+03	2.894e-22	1.0000e+01	1.0157e+01	2.6190e-14	3.9399e-03	9.9606e-01	8.0842e-01	1.9158e-01	2.8163e-15	3.4298e-17	2.0698e-04	7.0886e-01	2.9092e-01	1.3334e-05	4.1446e-03	9.9094e-01	4.9135e-03	1.1755e-36	1.1755e-36	1.1755e-36	1.2948e-25	0.00e+00	0.00e+00	4.8744e+00
6.23058e+19	7.4749e+03	2.859e-22	1.0000e+01	1.0082e+01	2.7244e-14	4.0010e-03	9.9600e-01	8.8120e-01	1.1880e-01	1.6469e-15	3.5739e-17	2.0721e-04	7.1248e-01	2.8730e-01	9.9147e-06	4.2248e-03	9.9269e-01	3.0861e-03	1.1755e-36	1.1755e-36	1.1755e-36	1.3372e-25	0.00e+00	0.00e+00	4.9257e+00
6.25394e+19	7.4603e+03	2.839e-22	1.0000e+01	1.0031e+01	2.9247e-14	4.0990e-03	9.9590e-01	9.4015e-01	5.9850e-02	7.7910e-16	3.8479e-17	2.0829e-04	7.1653e-01	2.8326e-01	6.5778e-06	4.3455e-03	9.9397e-01	1.6809e-03	1.1755e-36	1.1755e-36	1.1755e-36	1.4665e-25	0.00e+00	0.00e+00	4.9940e+00
6.28429e+19	7.4549e+03	2.831e-22	1.0000e+01	9.9912e+00	3.1417e-14	4.2369e-03	9.9576e-01	9.7610e-01	2.3899e-02	2.8780e-16	4.1565e-17	2.0974e-04	7.2079e-01	2.7900e-01	3.7845e-06	4.5112e-03	9.9472e-01	7.7010e-04	1.1755e-36	1.1755e-36	1.1755e-36	1.6147e-25	0.00e+00	0.00e+00	5.0858e+00
6.32376e+19	7.4528e+03	2.844e-22	1.0000e+01	9.9735e+00	3.4852e-14	4.4404e-03	9.9556e-01	9.9240e-01	7.6035e-03	8.3460e-17	4.6520e-17	2.1229e-04	7.2615e-01	2.7364e-01	1.8243e-06	4.7518e-03	9.9496e-01	2.8876e-04	1.1755e-36	1.1755e-36	1.1755e-36	1.8884e-25	0.00e+00	0.00e+00	5.2109e+00
6.37507e+19	7.4791e+03	2.865e-22	1.0000e+01	9.9652e+00	3.9196e-14	4.7238e-03	9.9528e-01	9.9804e-01	1.9629e-03	1.9363e-17	5.3785e-17	2.1561e-04	7.3276e-01	2.6703e-01	7.1124e-07	5.0874e-03	9.9483e-01	8.6008e-05	1.1755e-36	1.1755e-36	1.1755e-36	2.3264e-25	0.00e+00	0.00e+00	5.3839e+00
6.44177e+19	7.5037e+03	2.903e-22	1.0000e+01	9.9594e+00	4.6997e-14	5.1505e-03	9.9485e-01	9.9959e-01	4.1028e-04	3.5363e-18	6.6504e-17	2.2023e-04	7.4182e-01	2.5795e-01	2.1118e-07	5.5929e-03	9.9439e-01	1.9746e-05	1.1755e-36	1.1755e-36	1.1755e-36	3.1796e-25	0.00e+00	0.00e+00	5.6291e+00
6.52847e+19	7.5349e+03	2.957e-22	1.0000e+01	9.9539e+00	6.0837e-14	5.8171e-03	9.9418e-01	9.9993e-01	6.7975e-05	4.9330e-19	8.9673e-17	2.2663e-04	7.5437e-01	2.4540e-01	1.1755e-36	6.3864e-03	9.9361e-01	3.3523e-06	1.1755e-36	1.1755e-36	1.1755e-36	4.9443e-25	0.00e+00	0.00e+00	5.9891e+00
6.62507e+19	7.5699e+03	3.024e-22	1.0000e+01	9.9473e+00	8.2983e-14	6.7778e-03	9.9322e-01	9.9999e-01	1.0924e-05	6.6176e-20	1.2802e-16	2.3422e-04	7.6936e-01	2.3041e-01	1.1755e-36	7.5375e-03	9.9246e-01	4.9882e-07	1.1755e-36	1.1755e-36	1.1755e-36	8.3042e-25	0.00e+00	0.00e+00	6.3965e+00
6.70844e+19	7.5883e+03	3.093e-22	1.0000e+01	9.9378e+00	1.1359e-13	7.9093e-03	9.9209e-01	1.0000e+00	2.8165e-06	1.4702e-20	1.8114e-16	2.4134e-04	7.8374e-01	2.1602e-01	1.1755e-36	8.9007e-03	9.9110e-01	1.0172e-07	1.1755e-36	1.1755e-36	1.1755e-36	1.3696e-24	0.00e+00	0.00e+00	6.7538e+00
6.77114e+19	7.6070e+03	3.146e-22	1.0000e+01	9.9241e+00	1.4809e-13	9.0191e-03	9.9098e-01	1.0000e+00	1.2829e-06	6.0010e-21	2.4308e-16	2.4675e-04	7.9555e-01	2.0420e-01	1.1755e-36	1.0245e-02	9.8975e-01	3.2122e-08	1.1755e-36	1.1755e-36	1.1755e-36	2.0952e-24	0.00e+00	0.00e+00	7.0604e+00
6.82236e+19	7.6141e+03	3.192e-22	1.0000e+01	9.9104e+00	1.8881e-13	1.0155e-02	9.8984e-01	1.0000e+00	7.9570e-07	3.3944e-21	3.1613e-16	2.5156e-04	8.0611e-01	1.9364e-01	1.1755e-36	1.1627e-02	9.8837e-01	1.2673e-08	1.1755e-36	1.1755e-36	1.1755e-36	3.0567e-24	0.00e+00	0.00e+00	7.3720e+00
6.87825e+19	7.6134e+03	3.246e-22	1.0000e+01	9.8949e+00	2.5348e-13	1.1698e-02	9.8830e-01	1.0000e+00	5.4770e-07	2.1001e-21	4.3228e-16	2.5725e-04	8.1874e-01	1.8101e-01	1.1755e-36	1.3508e-02	9.8649e-01	4.5744e-09	1.1755e-36	1.1755e-36	1.1755e-36	4.7882e-24	0.00e+00	0.00e+00	7.8387e+00
6.93743e+19	7.6037e+03	3.312e-22	1.0000e+01	9.8762e+00	3.6415e-13	1.3904e-02	9.8610e-01	1.0000e+00	3.9863e-07	1.3748e-21	6.3034e-16	2.6364e-04	8.3305e-01	1.6668e-01	1.1755e-36	1.6205e-02	9.8379e-01	1.5612e-09	1.1755e-36	1.1755e-36	1.1755e-36	8.2323e-24	0.00e+00	0.00e+00	8.3231e+00
6.98519e+19	7.5870e+03	3.369e-22	1.0000e+01	9.8481e+00	5.1573e-13	1.6389e-02	9.8361e-01	1.0000e+00	3.2066e-07	1.0188e-21	8.9900e-16	2.6896e-04	8.4584e-01	1.5389e-01	1.1755e-36	1.9252e-02	9.8075e-01	6.5496e-10	1.1755e-36	1.1755e-36	1.1755e-36	1.3713e-23	0.00e+00	0.00e+00	8.7407e+00
7.02198e+19	7.5640e+03	3.418e-22	1.0000e+01	9.8223e+00	7.0475e-13	1.8954e-02	9.8105e-01	1.0000e+00	2.7512e-07	8.1932e-22	1.2290e-15	2.7341e-04	8.5675e-01	1.4298e-01	1.1755e-36	2.2401e-02	9.7760e-01	3.3206e-10	1.1755e-36	1.1755e-36	1.1755e-36	2.1496e-23	0.00e+00	0.00e+00	9.1382e+00
7.05413e+19	7.5350e+03	3.462e-22	1.0000e+01	9.7937e+00	9.6061e-13	2.1856e-02	9.7814e-01	1.0000e+00	2.3969e-07	6.7374e-22	1.6679e-15	2.7747e-04	8.6705e-01	1.3268e-01	1.1755e-36	2.5967e-02	9.7403e-01	1.8065e-10	1.1755e-36	1.1755e-36	1.1755e-36	3.3350e-23	0.00e+00	0.00e+00	9.5673e+00
7.08490e+19	7.5051e+03	3.502e-22	1.0000e+01	9.7565e+00	1.3379e-12	2.5462e-02	9.7454e-01	1.0000e+00	2.0778e-07	5.5291e-22	2.3098e-15	2.8130e-04	8.7756e-01	1.2216e-01	1.1755e-36	3.0402e-02	9.6960e-01	9.9327e-11	1.1755e-36	1.1755e-36	1.1755e-36	5.3332e-23	0.00e+00	0.00e+00	1.0057e+01
7.11397e+19	7.4654e+03	3.541e-22	1.0000e+01	9.7103e+00	1.9243e-12	3.0050e-02	9.6995e-01	1.0000e+00	1.7839e-07	4.5116e-22	3.2810e-15	2.8494e-04	8.8826e-01	1.1146e-01	1.1755e-36	3.6042e-02	9.6396e-01	5.5621e-11	1.1755e-36	1.1755e-36	1.1755e-36	8.8524e-23	0.00e+00	0.00e+00	1.0582e+01
7.14117e+19	7.3996e+03	3.581e-22	1.0000e+01	9.6515e+00	2.9007e-12	3.5997e-02	9.6400e-01	1.0000e+00	1.5288e-07	3.6818e-22	4.8016e-15	2.8846e-04	8.9925e-01	1.0046e-01	1.1755e-36	4.3348e-02	9.5665e-01	3.1544e-11	1.1755e-36	1.1755e-36	1.1755e-36	1.5329e-22	0.00e+00	0.00e+00	1.1189e+01
7.16629e+19	7.3395e+03	3.609e-22	1.0000e+01	9.5744e+00	4.4815e-12	4.3703e-02	9.5630e-01	1.0000e+00	1.2897e-07	2.9781e-22	7.2096e-15	2.9121e-04	9.1009e-01	8.9617e-02	1.1755e-36	5.2800e-02	9.4720e-01	1.8220e-11	1.1755e-36	1.1755e-36	1.1755e-36	2.7626e-22	0.00e+00	0.00e+00	1.1839e+01
7.18807e+19	7.2752e+03	3.627e-22	1.0000e+01	9.4925e+00	7.0299e-12	5.3370e-02	9.4663e-01	1.0000e+00	1.0909e-07	2.4306e-22	1.0946e-14	2.9344e-04	9.2038e-01	7.9327e-02	1.1755e-36	6.4620e-02	9.3538e-01	1.0963e-11	1.1755e-36	1.1755e-36	1.1755e-36	5.0720e-22	0.00e+00	0.00e+00	1.2513e+01
7.20680e+19	7.2141e+03	3.613e-22	1.0000e+01	9.3604e+00	1.1000e-11	6.5099e-02	9.3490e-01	1.0000e+00	9.2312e-08	2.0068e-22	1.6495e-14	2.9367e-04	9.2968e-01	7.0027e-02	1.1755e-36	7.8908e-02	9.2109e-01	6.8518e-12	1.1755e-36	1.1755e-36	1.1755e-36	9.2170e-22	0.00e+00	0.00e+00	1.3230e+01
7.22336e+19	7.1424e+03	3.591e-22	1.0000e+01	9.2320e+00	1.7706e-11	8.0205e-02	9.1979e-01	1.0000e+00	7.7766e-08	1.6534e-22	2.5404e-14	2.9373e-04	9.3868e-01	6.1031e-02	1.1755e-36	9.7203e-02	9.0280e-01	4.3416e-12	1.1755e-36	1.1755e-36	1.1755e-36	1.7346e-21	0.00e+00	0.00e+00	1.4024e+01
7.23773e+19	7.0759e+03	3.531e-22	1.0000e+01	9.0508e+00	2.8626e-11	9.9060e-02	9.0094e-01	1.0000e+00	6.4732e-08	1.3608e-22	3.9170e-14	2.9164e-04	9.4683e-01	5.2879e-02	1.1755e-36	1.1987e-01	8.8013e-01	2.8111e-12	1.1755e-36	1.1755e-36	1.1755e-36	3.2774e-21	0.00e+00	0.00e+00	1.4841e+01
7.24950e+19	7.0042e+03	3.434e-22	1.0000e+01	8.8152e+00	4.5569e-11	1.2102e-01	8.7898e-01	1.0000e+00	5.4248e-08	1.1400e-22	5.8795e-14	2.8721e-04	9.5378e-01	4.5932e-02	1.1755e-36	1.4603e-01	8.5397e-01	1.8959e-12	1.1755e-36	1.1755e-36	1.1755e-36	5.9540e-21	0.00e+00	0.00e+00	1.5642e+01
7.25906e+19	6.9294e+03	3.323e-22	1.0000e+01	8.5826e+00	7.1121e-11	1.4616e-01	8.5384e-01	1.0000e+00	4.6022e-08	9.7046e-23	8.6275e-14	2.8241e-04	9.5979e-01	3.9925e-02	1.1755e-36	1.7564e-01	8.2436e-01	1.3237e-12	1.1755e-36	1.1755e-36	1.1755e-36	1.0495e-20	0.00e+00	0.00e+00	1.6439e+01
7.26706e+19	6.8505e+03	3.168e-22	1.0000e+01	8.2712e+00	1.0827e-10	1.7375e-01	8.2625e-01	1.0000e+00	3.9211e-08	8.4049e-23	1.2171e-13	2.7463e-04	9.6478e-01	3.4944e-02	1.1755e-36	2.0775e-01	7.9225e-01	9.5217e-13	1.1755e-36	1.1755e-36	1.1755e-36	1.7417e-20	0.00e+00	0.00e+00	1.7248e+01
7.27408e+19	6.7533e+03	2.998e-22	1.0000e+01	7.9515e+00	1.6654e-10	2.0595e-01	7.9405e-01	1.0000e+00	3.3420e-08	7.2986e-23	1.7096e-13	2.6630e-04	9.6934e-01	3.0389e-02	1.1755e-36	2.4470e-01	7.5530e-01	6.8986e-13	1.1755e-36	1.1755e-36	1.1755e-36	2.8780e-20	0.00e+00	0.00e+00	1.8113e+01
7.28036e+19	6.6354e+03	2.797e-22	1.0000e+01	7.5770e+00	2.5946e-10	2.4321e-01	7.5679e-01	1.0000e+00	2.8327e-08	6.3566e-23	2.3759e-13	2.5599e-04	9.7345e-01	2.6296e-02	1.1755e-36	2.8678e-01	7.1322e-01	5.0181e-13	1.1755e-36	1.1755e-36	1.1755e-36	4.6796e-20	0.00e+00	0.00e+00	1.9020e+01
7.28570e+19	6.5007e+03	2.581e-22	1.0000e+01	7.1745e+00	4.0060e-10	2.8343e-01	7.1657e-01	1.0000e+00	2.4016e-08	5.5743e-23	3.2078e-13	2.4446e-04	9.7693e-01	2.2821e-02	1.1755e-36	3.3140e-01	6.6860e-01	3.7262e-13	1.1755e-36	1.1755e-36	1.1755e-36	7.2894e-20	0.00e+00	0.00e+00	1.9875e+01
7.28979e+19	6.3663e+03	2.382e-22	1.0000e+01	6.7990e+00	5.8480e-10	3.2095e-01	6.7905e-01	1.0000e+00	2.0815e-08	5.0044e-23	4.0830e-13	2.3339e-04	9.7958e-01	2.0186e-02	1.1755e-36	3.7229e-01	6.2771e-01	2.9093e-13	1.1755e-36	1.1755e-36	1.1755e-36	1.0405e-19	0.00e+00	0.00e+00	2.0565e+01
7.29273e+19	6.2466e+03	2.223e-22	1.0000e+01	6.4937e+00	7.9068e-10	3.5201e-01	6.4799e-01	1.0000e+00	1.8806e-08	4.6606e-23	4.8806e-13	2.2424e-04	9.8146e-01	1.8313e-02	1.1755e-36	4.0562e-01	5.9438e-01	2.4063e-13	1.1755e-36	1.1755e-36	1.1755e-36	1.3542e-19	0.00e+00	0.00e+00	2.1114e+01
7.29501e+19	6.1360e+03	2.087e-22	1.0000e+01	6.2249e+00	1.0187e-09	3.7835e-01	6.2165e-01	1.0000e+00	1.7445e-08	4.4477e-23	5.5972e-13	2.1610e-04	9.8289e-01	1.6896e-02	1.1755e-36	4.3351e-01	5.6649e-01	2.0626e-13	1.1755e-36	1.1755e-36	1.1755e-36	1.6566e-19	0.00e+00	0.00e+00	2.1615e+01
7.29703e+19	6.0232e+03	1.960e-22	1.0000e+01	5.9718e+00	1.2970e-09	4.0359e-01	5.9641e-01	1.0000e+00	1.6165e-08	4.2364e-23	6.3265e-13	2.0838e-04	9.8413e-01	1.5657e-02	1.1755e-36	4.5995e-01	5.4005e-01	1.7888e-13	1.1755e-36	1.1755e-36	1.1755e-36	1.9852e-19	0.00e+00	0.00e+00	2.2111e+01
7.29892e+19	5.9034e+03	1.837e-22	1.0000e+01	5.7187e+00	1.6519e-09	4.2880e-01	5.7120e-01	1.0000e+00	1.4948e-08	4.0315e-23	7.0926e-13	2.0060e-04	9.8528e-01	1.4524e-02	1.1755e-36	4.8605e-01	5.1395e-01	1.5586e-13	1.1755e-36	1.1755e-36	1.1755e-36	2.3526e-19	0.00e+00	0.00e+00	2.2607e+01
7.30067e+19	5.7773e+03	1.719e-22	1.0000e+01	5.4722e+00	2.1015e-09	4.5356e-01	5.4644e-01	1.0000e+00	1.3817e-08	3.8354e-23	7.8859e-13	1.9301e-04	9.8631e-01	1.3499e-02	1.1755e-36	5.1142e-01	4.8858e-01	1.3668e-13	1.1755e-36	1.1755e-36	1.1755e-36	2.7587e-19	0.00e+00	0.00e+00	2.3082e+01
7.30223e+19	5.6521e+03	1.612e-22	1.0000e+01	5.2396e+00	2.6418e-09	4.7682e-01	5.2318e-01	1.0000e+00	1.2864e-08	3.6733e-23	8.6675e-13	1.8578e-04	9.8721e-01	1.2604e-02	1.1755e-36	5.3500e-01	4.6500e-01	1.2113e-13	1.1755e-36	1.1755e-36	1.1755e-36	3.1866e-19	0.00e+00	0.00e+00	2.3526e+01
7.30363e+19	5.5281e+03	1.514e-22	1.0000e+01	5.0229e+00	3.2825e-09	4.9850e-01	5.0150e-01	1.0000e+00	1.2053e-08	3.5366e-23	9.4331e-13	1.7902e-04	9.8800e-01	1.1823e-02	1.1755e-36	5.5675e-01	4.4325e-01	1.0842e-13	1.1755e-36	1.1755e-36	1.1755e-36	3.6363e-19	0.00e+00	0.00e+00	2.3943e+01
7.30491e+19	5.4027e+03	1.424e-22	1.0000e+01	4.8176e+00	4.0522e-09	5.1902e-01	4.8098e-01	1.0000e+00	1.1337e-08	3.4156e-23	1.0198e-12	1.7262e-04	9.8870e-01	1.1126e-02	1.1755e-36	5.7717e-01	4.2283e-01	9.7753e-14	1.1755e-36	1.1755e-36	1.1755e-36	4.1207e-19	0.00e+00	0.00e+00	2.4347e+01
7.30610e+19	5.2758e+03	1.339e-22	1.0000e+01	4.6209e+00	4.9769e-09	5.3872e-01	4.6128e-01	1.0000e+00	1.0679e-08	3.3021e-23	1.0977e-12	1.6647e-04	9.8934e-01	1.0491e-02	1.1755e-36	5.9659e-01	4.0341e-01	8.8568e-14	1.1755e-36	1.1755e-36	1.1755e-36	4.6565e-19	0.00e+00	0.00e+00	2.4740e+01
7.30706e+19	5.1711e+03	1.274e-22	1.0000e+01	4.4636e+00	5.8680e-09	5.5443e-01	4.4557e-01	1.0000e+00	1.0054e-08	3.1768e-23	1.1636e-12	1.6153e-04	9.8983e-01	1.0009e-02	1.1755e-36	6.1197e-01	3.8803e-01	8.1933e-14	1.1755e-36	1.1755e-36	1.1755e-36	5.1461e-19	0.00e+00	0.00e+00	2.5006e+01
7.30775e+19	5.0913e+03	1.226e-22	1.0000e+01	4.3473e+00	6.6294e-09	5.6602e-01	4.3398e-01	1.0000e+00	9.7956e-09	3.1461e-23	1.2147e-12	1.5786e-04	9.9018e-01	9.6631e-03	1.1755e-36	6.2326e-01	3.7674e-01	7.7333e-14	1.1755e-36	1.1755e-36	1.1755e-36	5.5518e-19	0.00e+00	0.00e+00	2.5227e+01
7.30840e+19	5.0061e+03	1.180e-22	1.0000e+01	4.2345e+00	7.5096e-09	5.7745e-01	4.2255e-01	1.0000e+00	9.5212e-09	3.1053e-23	1.2685e-12	1.5437e-04	9.9051e-01	9.3328e-03	1.1755e-36	6.3430e-01	3.6570e-01	7.3090e-14	1.1755e-36	1.1755e-36	1.1755e-36	6.0062e-19	0.00e+00	0.00e+00	2.5472e+01
7.30910e+19	4.9086e+03	1.131e-22	1.0000e+01	4.1092e+00	8.5973e-09	5.8998e-01	4.1002e-01	1.0000e+00	9.1386e-09	3.0327e-23	1.3224e-12	1.5049e-04	9.9089e-01	8.9642e-03	1.1755e-36	6.4641e-01	3.5359e-01	6.8681e-14	1.1755e-36	1.1755e-36	1.1755e-36	6.4533e-19	0.00e+00	0.00e+00	2.5747e+01
7.30984e+19	4.8027e+03	1.081e-22	1.0000e+01	3.9785e+00	9.8940e-09	6.0313e-01	3.9687e-01	1.0000e+00	8.7202e-09	2.9474e-23	1.3789e-12	1.4645e-04	9.9127e-01	8.5871e-03	1.1755e-36	6.5902e-01	3.4098e-01	6.4354e-14	1.1755e-36	1.1755e-36	1.1755e-36	6.9415e-19	0.00e+00	0.00e+00	2.6026e+01
7.31055e+19	4.6959e+03	1.033e-22	1.0000e+01	3.8514e+00	1.1314e-08	6.1591e-01	3.8409e-01	1.0000e+00	8.3381e-09	2.8698e-23	1.4337e-12	1.4254e-04	9.9163e-01	8.2299e-03	1.1755e-36	6.7122e-01	3.2878e-01	6.0406e-14	1.1755e-36	1.1755e-36	1.1755e-36	7.4334e-19	0.00e+00	0.00e+00	2.6294e+01
7.31117e+19	4.6017e+03	9.921e-23	1.0000e+01	3.7413e+00	1.2649e-08	6.2689e-01	3.7311e-01	1.0000e+00	7.9987e-09	2.7978e-23	1.4797e-12	1.3915e-04	9.9193e-01	7.9302e-03	1.1755e-36	6.8164e-01	3.1836e-01	5.7199e-14	1.1755e-36	1.1755e-36	1.1755e-36	7.8572e-19	0.00e+00	0.00e+00	2.6512e+01
7.31170e+19	4.5154e+03	9.569e-23	1.0000e+01	3.6441e+00	1.3918e-08	6.3658e-01	3.6342e-01	1.0000e+00	7.7743e-09	2.7585e-23	1.5193e-12	1.3618e-04	9.9219e-01	7.6707e-03	1.1755e-36	6.9081e-01	3.0919e-01	5.4494e-14	1.1755e-36	1.1755e-36	1.1755e-36	8.2256e-19	0.00e+00	0.00e+00	2.6721e+01
7.31225e+19	4.4273e+03	9.203e-23	1.0000e+01	3.5413e+00	1.5237e-08	6.4634e-01	3.5366e-01	1.0000e+00	7.5416e-09	2.7197e-23	1.5557e-12	1.3301e-04	9.9245e-01	7.4149e-03	1.1755e-36	7.0000e-01	3.0000e-01	5.1854e-14	1.1755e-36	1.1755e-36	1.1755e-36	8.5594e-19	0.00e+00	0.00e+00	2.6954e+01
7.31286e+19	4.3166e+03	8.804e-23	1.0000e+01	3.4285e+00	1.6905e-08	6.5797e-01	3.4203e-01	1.0000e+00	7.2453e-09	2.6558e-23	1.5994e-12	1.2965e-04	9.9275e-01	7.1154e-03	1.1755e-36	7.1091e-01	2.8909e-01	4.8904e-14	1.1755e-36	1.1755e-36	1.1755e-36	8.9543e-19	0.00e+00	0.00e+00	2.7228e+01
7.31352e+19	4.1969e+03	8.387e-23	1.0000e+01	3.3069e+00	1.8647e-08	6.7011e-01	3.2989e-01	1.0000e+00	6.9039e-09	2.5777e-23	1.6386e-12	1.2603e-04	9.9306e-01	6.8098e-03	1.1755e-36	7.2224e-01	2.7776e-01	4.5973e-14	1.1755e-36	1.1755e-36	1.1755e-36	9.2747e-19	0.00e+00	0.00e+00	2.7508e+01
7.31417e+19	4.0775e+03	7.993e-23	1.0000e+01	3.1892e+00	2.0265e-08	6.8186e-01	3.1814e-01	1.0000e+00	6.5987e-09	2.5088e-23	1.6704e-12	1.2257e-04	9.9336e-01	6.5204e-03	1.1755e-36	7.3316e-01	2.6684e-01	4.3277e-14	1.1755e-36	1.1755e-36	1.1755e-36	9.4827e-19	0.00e+00	0.00e+00	2.7776e+01
7.31478e+19	3.9600e+03	7.625e-23	1.0000e+01	3.0774e+00	2.1683e-08	6.9305e-01	3.0695e-01	1.0000e+00	6.3294e-09	2.4486e-23	1.6940e-12	1.1934e-04	9.9363e-01	6.2508e-03	1.1755e-36	7.4351e-01	2.5649e-01	4.0830e-14	1.1755e-36	1.1755e-36	1.1755e-36	9.5634e-19	0.00e+00	0.00e+00	2.8037e+01
###########################
5.56867e+14	6.2125e+03	3.428e-22	1.0000e+01	1.0870e+01	2.0335e-15	6.2616e-04	9.9937e-01	3.3787e-03	9.8696e-01	9.6575e-03	1.7572e-20	9.6474e-06	5.9220e-02	9.3654e-01	4.2263e-03	7.1524e-05	1.6560e-01	8.3015e-01	4.1809e-03	1.1755e-36	1.1755e-36	1.6616e-28	0.00e+00	0.00e+00	4.4023e-05
3.34120e+15	6.2117e+03	3.428e-22	1.0000e+01	1.0870e+01	2.0347e-15	6.2614e-04	9.9937e-01	3.3787e-03	9.8697e-01	9.6497e-03	1.7566e-20	9.6523e-06	5.9242e-02	9.3652e-01	4.2321e-03	7.1485e-05	1.6551e-01	8.3026e-01	4.1661e-03	1.1755e-36	1.1755e-36	1.6602e-28	0.00e+00	0.00e+00	2.2011e-04
1.44786e+16	6.2096e+03	3.428e-22	1.0000e+01	1.0870e+01	2.0393e-15	6.2614e-04	9.9937e-01	3.3793e-03	9.8703e-01	9.5878e-03	1.7576e-20	9.6698e-06	5.9288e-02	9.3648e-01	4.2229e-03	7.1461e-05	1.6543e-01	8.3039e-01	4.1056e-03	1.1755e-36	1.1755e-36	1.6601e-28	0.00e+00	0.00e+00	9.2447e-04
5.90279e+16	6.2038e+03	3.425e-22	1.0000e+01	1.0870e+01	2.0479e-15	6.2623e-04	9.9937e-01	3.3830e-03	9.8735e-01	9.2658e-03	1.7581e-20	9.7165e-06	5.9363e-02	9.3644e-01	4.1912e-03	7.1493e-05	1.6541e-01	8.3064e-01	3.8725e-03	1.1755e-36	1.1755e-36	1.6563e-28	0.00e+00	0.00e+00	3.7423e-03
1.40999e+17	6.1894e+03	3.414e-22	1.0000e+01	1.0869e+01	2.0594e-15	6.2428e-04	9.9938e-01	3.3827e-03	9.8754e-01	9.0749e-03	1.7429e-20	9.7433e-06	5.9371e-02	9.3645e-01	4.1651e-03	7.1180e-05	1.6505e-01	8.3133e-01	3.5547e-03	1.1755e-36	1.1755e-36	1.6342e-28	0.00e+00	0.00e+00	7.3940e-03
2.47561e+17	6.1712e+03	3.403e-22	1.0000e+01	1.0869e+01	2.0729e-15	6.2257e-04	9.9938e-01	3.3857e-03	9.8806e-01	8.5567e-03	1.7276e-20	9.7615e-06	5.9416e-02	9.3646e-01	4.1122e-03	7.1003e-05	1.6490e-01	8.3185e-01	3.1707e-03	1.1755e-36	1.1755e-36	1.6062e-28	0.00e+00	0.00e+00	1.2128e-02
3.86092e+17	6.1505e+03	3.390e-22	1.0000e+01	1.0868e+01	2.0868e-15	6.2081e-04	9.9938e-01	3.3910e-03	9.8888e-01	7.7294e-03	1.7116e-20	9.7797e-06	5.9485e-02	9.3647e-01	4.0352e-03	7.0927e-05	1.6496e-01	8.3225e-01	2.7245e-03	1.1755e-36	1.1755e-36	1.5737e-28	0.00e+00	0.00e+00	1.8265e-02
5.66182e+17	6.1239e+03	3.376e-22	1.0000e+01	1.0868e+01	2.1138e-15	6.1919e-04	9.9938e-01	3.4001e-03	9.8999e-01	6.6054e-03	1.7027e-20	9.7785e-06	5.9602e-02	9.3645e-01	3.9331e-03	7.1040e-05	1.6535e-01	8.3235e-01	2.2290e-03	1.1755e-36	1.1755e-36	1.5476e-28	0.00e+00	0.00e+00	2.6223e-02
8.00299e+17	6.0968e+03	3.357e-22	1.0000e+01	1.0867e+01	2.1428e-15	6.1732e-04	9.9938e-01	3.4110e-03	9.9133e-01	5.2553e-03	1.6983e-20	9.8084e-06	5.9746e-02	9.3643e-01	3.8119e-03	7.1318e-05	1.6610e-01	8.3212e-01	1.7108e-03	1.1755e-36	1.1755e-36	1.5260e-28	0.00e+00	0.00e+00	3.6536e-02
1.10465e+18	6.0620e+03	3.337e-22	1.0000e+01	1.0866e+01	2.1767e-15	6.1574e-04	9.9938e-01	3.4268e-03	9.9276e-01	3.8098e-03	1.6935e-20	9.8508e-06	5.9970e-02	9.3634e-01	3.6760e-03	7.1915e-05	1.6741e-01	8.3131e-01	1.2088e-03	1.1755e-36	1.1755e-36	1.4926e-28	0.00e+00	0.00e+00	4.9910e-02
1.50031e+18	6.0236e+03	3.312e-22	1.0000e+01	1.0864e+01	2.2274e-15	6.1425e-04	9.9939e-01	3.4461e-03	9.9410e-01	2.4567e-03	1.7028e-20	9.9029e-06	6.0265e-02	9.3619e-01	3.5381e-03	7.2814e-05	1.6926e-01	8.2990e-01	7.6868e-04	1.1755e-36	1.1755e-36	1.4759e-28	0.00e+00	0.00e+00	6.7253e-02
2.01466e+18	5.9807e+03	3.283e-22	1.0000e+01	1.0863e+01	2.2763e-15	6.1304e-04	9.9939e-01	3.4700e-03	9.9516e-01	1.3700e-03	1.7098e-20	9.9815e-06	6.0658e-02	9.3592e-01	3.4070e-03	7.4042e-05	1.7161e-01	8.2788e-01	4.2814e-04	1.1755e-36	1.1755e-36	1.4448e-28	0.00e+00	0.00e+00	8.9755e-02
2.68333e+18	5.9279e+03	3.252e-22	1.0000e+01	1.0862e+01	2.3513e-15	6.1279e-04	9.9939e-01	3.5024e-03	9.9586e-01	6.3983e-04	1.7282e-20	1.0076e-05	6.1219e-02	9.3549e-01	3.2836e-03	7.5706e-05	1.7451e-01	8.2522e-01	2.0244e-04	1.1755e-36	1.1755e-36	1.4180e-28	0.00e+00	0.00e+00	1.1899e-01
3.55259e+18	5.8674e+03	3.217e-22	1.0000e+01	1.0862e+01	2.4486e-15	6.1375e-04	9.9939e-01	3.5459e-03	9.9621e-01	2.4183e-04	1.7575e-20	1.0214e-05	6.1986e-02	9.3484e-01	3.1642e-03	7.7886e-05	1.7797e-01	8.2188e-01	7.8568e-05	1.1755e-36	1.1755e-36	1.3921e-28	0.00e+00	0.00e+00	1.5707e-01
4.68262e+18	5.8000e+03	3.180e-22	1.0000e+01	1.0861e+01	2.5782e-15	6.1655e-04	9.9938e-01	3.6053e-03	9.9632e-01	7.1475e-05	1.8071e-20	1.0417e-05	6.3035e-02	9.3392e-01	3.0386e-03	8.0797e-05	1.8220e-01	8.1770e-01	2.4224e-05	1.1755e-36	1.1755e-36	1.3758e-28	0.00e+00	0.00e+00	2.0679e-01
6.15167e+18	5.7275e+03	3.139e-22	1.0000e+01	1.0861e+01	2.7363e-15	6.2217e-04	9.9938e-01	3.6881e-03	9.9630e-01	1.6117e-05	1.8797e-20	1.0712e-05	6.4480e-02	9.3261e-01	2.8957e-03	8.4812e-05	1.8755e-01	8.1236e-01	5.8032e-06	1.1755e-36	1.1755e-36	1.3624e-28	0.00e+00	0.00e+00	2.7201e-01
8.06144e+18	5.6537e+03	3.096e-22	1.0000e+01	1.0861e+01	2.9336e-15	6.3204e-04	9.9937e-01	3.8052e-03	9.9619e-01	2.7864e-06	1.9962e-20	1.1148e-05	6.6489e-02	9.3077e-01	2.7272e-03	9.0510e-05	1.9458e-01	8.0533e-01	1.0842e-06	1.1755e-36	1.1755e-36	1.3665e-28	0.00e+00	0.00e+00	3.5815e-01
1.05441e+19	5.5846e+03	3.051e-22	1.0000e+01	1.0861e+01	3.1806e-15	6.4844e-04	9.9935e-01	3.9741e-03	9.9603e-01	3.8904e-07	2.1890e-20	1.1796e-05	6.9327e-02	9.2813e-01	2.5269e-03	9.8794e-05	2.0395e-01	7.9595e-01	1.6420e-07	1.1755e-36	1.1755e-36	1.4056e-28	0.00e+00	0.00e+00	4.7303e-01
1.37716e+19	5.5318e+03	3.005e-22	1.0000e+01	1.0860e+01	3.4945e-15	6.7497e-04	9.9932e-01	4.2240e-03	9.9578e-01	4.6869e-08	2.5275e-20	1.2774e-05	7.3421e-02	9.2427e-01	2.2914e-03	1.1121e-04	2.1666e-01	7.8322e-01	1.1755e-36	1.1755e-36	1.1755e-36	1.5203e-28	0.00e+00	0.00e+00	6.2849e-01
1.79674e+19	5.5007e+03	2.964e-22	1.0000e+01	1.0859e+01	3.9292e-15	7.1926e-04	9.9928e-01	4.6125e-03	9.9539e-01	4.9752e-09	3.1656e-20	1.4368e-05	7.9657e-02	9.1832e-01	2.0129e-03	1.3131e-04	2.3496e-01	7.6491e-01	1.1755e-36	1.1755e-36	1.1755e-36	1.7784e-28	0.00e+00	0.00e+00	8.4385e-01
2.13558e+19	5.4731e+03	2.924e-22	1.0000e+01	1.0858e+01	4.0701e-15	7.4841e-04	9.9925e-01	4.9045e-03	9.9510e-01	9.6030e-10	3.4618e-20	1.5530e-05	8.4327e-02	9.1383e-01	1.8265e-03	1.4713e-04	2.4909e-01	7.5076e-01	1.1755e-36	1.1755e-36	1.1755e-36	1.7738e-28	0.00e+00	0.00e+00	9.3995e-01
2.34914e+19	5.5122e+03	2.909e-22	1.0000e+01	1.0858e+01	4.1689e-15	7.7776e-04	9.9922e-01	5.1637e-03	9.9484e-01	3.9823e-10	3.9672e-20	1.6612e-05	8.8278e-02	9.0999e-01	1.7115e-03	1.6108e-04	2.5976e-01	7.4008e-01	1.1755e-36	1.1755e-36	1.1755e-36	1.9937e-28	0.00e+00	0.00e+00	1.0498e+00
2.58406e+19	5.5581e+03	2.898e-22	1.0000e+01	1.0857e+01	4.3563e-15	8.1485e-04	9.9919e-01	5.4907e-03	9.9451e-01	1.6179e-10	4.7314e-20	1.7973e-05	9.3174e-02	9.0522e-01	1.5891e-03	1.7910e-04	2.7262e-01	7.2720e-01	1.1755e-36	1.1755e-36	1.1755e-36	2.3584e-28	0.00e+00	0.00e+00	1.1764e+00
2.84246e+19	5.6223e+03	2.890e-22	1.0000e+01	1.0856e+01	4.5436e-15	8.6126e-04	9.9914e-01	5.9079e-03	9.9409e-01	6.4470e-11	5.8231e-20	1.9713e-05	9.9295e-02	8.9923e-01	1.4600e-03	2.0266e-04	2.8823e-01	7.1156e-01	1.1755e-36	1.1755e-36	1.1755e-36	2.8750e-28	0.00e+00	0.00e+00	1.3236e+00
3.12671e+19	5.6992e+03	2.888e-22	1.0000e+01	1.0855e+01	4.8361e-15	9.2145e-04	9.9908e-01	6.4603e-03	9.9354e-01	2.5164e-11	7.5665e-20	2.2005e-05	1.0722e-01	8.9144e-01	1.3219e-03	2.3483e-04	3.0780e-01	6.9197e-01	1.1755e-36	1.1755e-36	1.1755e-36	3.7304e-28	0.00e+00	0.00e+00	1.4968e+00
3.43938e+19	5.8210e+03	2.883e-22	1.0000e+01	1.0853e+01	5.0701e-15	9.9717e-04	9.9900e-01	7.1992e-03	9.9280e-01	9.6569e-12	1.0345e-19	2.5036e-05	1.1744e-01	8.8136e-01	1.1793e-03	2.7886e-04	3.3212e-01	6.6760e-01	1.1755e-36	1.1755e-36	1.1755e-36	5.1194e-28	0.00e+00	0.00e+00	1.7030e+00
3.78332e+19	5.9655e+03	2.886e-22	1.0000e+01	1.0851e+01	5.4605e-15	1.0995e-03	9.9890e-01	8.2516e-03	9.9175e-01	3.6288e-12	1.5360e-19	2.9286e-05	1.3149e-01	8.6745e-01	1.0262e-03	3.4366e-04	3.6398e-01	6.3568e-01	1.1755e-36	1.1755e-36	1.1755e-36	7.6769e-28	0.00e+00	0.00e+00	1.9531e+00
4.12163e+19	6.1353e+03	2.896e-22	1.0000e+01	1.0849e+01	5.8782e-15	1.2228e-03	9.9878e-01	9.6490e-03	9.9035e-01	1.4910e-12	2.3661e-19	3.4677e-05	1.4903e-01	8.5006e-01	8.8334e-04	4.3076e-04	4.0186e-01	5.9771e-01	1.1755e-36	1.1755e-36	1.1755e-36	1.1944e-27	0.00e+00	0.00e+00	2.1973e+00
4.39162e+19	6.2937e+03	2.910e-22	1.0000e+01	1.0846e+01	6.2607e-15	1.3441e-03	9.9866e-01	1.1178e-02	9.8882e-01	7.7446e-13	3.4866e-19	4.0292e-05	1.6711e-01	8.3208e-01	7.7274e-04	5.2633e-04	4.3886e-01	5.6062e-01	1.1755e-36	1.1755e-36	1.1755e-36	1.7691e-27	0.00e+00	0.00e+00	2.3871e+00
4.59272e+19	6.4217e+03	2.923e-22	1.0000e+01	1.0843e+01	6.6685e-15	1.4531e-03	9.9855e-01	1.2709e-02	9.8729e-01	4.8536e-13	4.8474e-19	4.5623e-05	1.8409e-01	8.1518e-01	6.8890e-04	6.2019e-04	4.7148e-01	5.2790e-01	1.1755e-36	1.1755e-36	1.1755e-36	2.4745e-27	0.00e+00	0.00e+00	2.5508e+00
4.76862e+19	6.5379e+03	2.936e-22	1.0000e+01	1.0840e+01	7.1419e-15	1.5648e-03	9.9844e-01	1.4441e-02	9.8556e-01	3.2425e-13	6.6585e-19	5.1341e-05	2.0214e-01	7.9720e-01	6.1403e-04	7.2373e-04	5.0401e-01	4.9526e-01	1.1755e-36	1.1755e-36	1.1755e-36	3.4134e-27	0.00e+00	0.00e+00	2.7220e+00
4.96793e+19	6.6706e+03	2.951e-22	1.0000e+01	1.0836e+01	7.8937e-15	1.7148e-03	9.9829e-01	1.7045e-02	9.8296e-01	2.0534e-13	9.9091e-19	5.9373e-05	2.2722e-01	7.7219e-01	5.2708e-04	8.7308e-04	5.4569e-01	4.5344e-01	1.1755e-36	1.1755e-36	1.1755e-36	5.1054e-27	0.00e+00	0.00e+00	2.9660e+00
5.16981e+19	6.8225e+03	2.973e-22	1.0000e+01	1.0831e+01	8.7350e-15	1.8946e-03	9.9811e-01	2.0743e-02	9.7926e-01	1.3399e-13	1.5212e-18	6.9630e-05	2.5914e-01	7.4035e-01	4.4332e-04	1.0701e-03	5.9492e-01	4.0401e-01	1.1755e-36	1.1755e-36	1.1755e-36	7.8103e-27	0.00e+00	0.00e+00	3.1794e+00
5.32166e+19	6.9456e+03	2.993e-22	1.0000e+01	1.0825e+01	9.5467e-15	2.0577e-03	9.9794e-01	2.4894e-02	9.7511e-01	9.8624e-14	2.1776e-18	7.9652e-05	2.9023e-01	7.0931e-01	3.7914e-04	1.2643e-03	6.3816e-01	3.6058e-01	1.1755e-36	1.1755e-36	1.1755e-36	1.1089e-26	0.00e+00	0.00e+00	3.3421e+00
5.43631e+19	7.0383e+03	3.008e-22	1.0000e+01	1.0820e+01	1.0332e-14	2.2010e-03	9.9780e-01	2.9254e-02	9.7075e-01	7.8127e-14	2.9192e-18	8.8965e-05	3.1899e-01	6.8059e-01	3.2928e-04	1.4451e-03	6.7437e-01	3.2419e-01	1.1755e-36	1.1755e-36	1.1755e-36	1.4701e-26	0.00e+00	0.00e+00	3.4867e+00
5.53294e+19	7.1199e+03	3.023e-22	1.0000e+01	1.0815e+01	1.1123e-14	2.3366e-03	9.9766e-01	3.4259e-02	9.6574e-01	6.4284e-14	3.7990e-18	9.8290e-05	3.4756e-01	6.5205e-01	2.8718e-04	1.6249e-03	7.0730e-01	2.9107e-01	1.1755e-36	1.1755e-36	1.1755e-36	1.8940e-26	0.00e+00	0.00e+00	3.6183e+00
5.61659e+19	7.1835e+03	3.036e-22	1.0000e+01	1.0807e+01	1.2000e-14	2.4694e-03	9.9753e-01	3.9943e-02	9.6006e-01	5.4133e-14	4.8339e-18	1.0760e-04	3.7628e-01	6.2337e-01	2.5036e-04	1.8071e-03	7.3790e-01	2.6029e-01	1.1755e-36	1.1755e-36	1.1755e-36	2.3809e-26	0.00e+00	0.00e+00	3.7401e+00
5.69101e+19	7.2365e+03	3.052e-22	1.0000e+01	1.0801e+01	1.2963e-14	2.6018e-03	9.9740e-01	4.6948e-02	9.5305e-01	4.6455e-14	6.0688e-18	1.1736e-04	4.0589e-01	5.9378e-01	2.1738e-04	1.9943e-03	7.6681e-01	2.3120e-01	1.1755e-36	1.1755e-36	1.1755e-36	2.9507e-26	0.00e+00	0.00e+00	3.8562e+00
5.75656e+19	7.3034e+03	3.061e-22	1.0000e+01	1.0794e+01	1.3696e-14	2.7234e-03	9.9728e-01	5.5224e-02	9.4478e-01	4.0654e-14	7.4388e-18	1.2685e-04	4.3507e-01	5.6462e-01	1.8904e-04	2.1762e-03	7.9357e-01	2.0425e-01	1.1755e-36	1.1755e-36	1.1755e-36	3.5714e-26	0.00e+00	0.00e+00	3.9601e+00
5.81249e+19	7.3347e+03	3.073e-22	1.0000e+01	1.0782e+01	1.4717e-14	2.8437e-03	9.9716e-01	6.4596e-02	9.3540e-01	3.5994e-14	8.9629e-18	1.3615e-04	4.6354e-01	5.3616e-01	1.6429e-04	2.3560e-03	8.1769e-01	1.7995e-01	1.1755e-36	1.1755e-36	1.1755e-36	4.2414e-26	0.00e+00	0.00e+00	4.0525e+00
5.86094e+19	7.3803e+03	3.079e-22	1.0000e+01	1.0772e+01	1.5475e-14	2.9503e-03	9.9705e-01	7.5436e-02	9.2456e-01	3.2350e-14	1.0547e-17	1.4487e-04	4.9031e-01	5.0940e-01	1.4343e-04	2.5227e-03	8.3923e-01	1.5825e-01	1.1755e-36	1.1755e-36	1.1755e-36	4.9299e-26	0.00e+00	0.00e+00	4.1372e+00
5.90398e+19	7.4150e+03	3.087e-22	1.0000e+01	1.0761e+01	1.6292e-14	3.0533e-03	9.9695e-01	8.8478e-02	9.1152e-01	2.9318e-14	1.2257e-17	1.5346e-04	5.1641e-01	4.8331e-01	1.2494e-04	2.6860e-03	8.5908e-01	1.3823e-01	1.1755e-36	1.1755e-36	1.1755e-36	5.6563e-26	0.00e+00	0.00e+00	4.2155e+00
5.94192e+19	7.4408e+03	3.095e-22	1.0000e+01	1.0750e+01	1.7151e-14	3.1507e-03	9.9685e-01	1.0397e-01	8.9603e-01	2.6754e-14	1.4059e-17	1.6156e-04	5.4121e-01	4.5852e-01	1.0880e-04	2.8425e-03	8.7718e-01	1.1998e-01	1.1755e-36	1.1755e-36	1.1755e-36	6.4133e-26	0.00e+00	0.00e+00	4.2856e+00
5.97465e+19	7.4643e+03	3.100e-22	1.0000e+01	1.0735e+01	1.7946e-14	3.2384e-03	9.9676e-01	1.2169e-01	8.7831e-01	2.4561e-14	1.5869e-17	1.6897e-04	5.6400e-01	4.3573e-01	9.5098e-05	2.9866e-03	8.9319e-01	1.0382e-01	1.1755e-36	1.1755e-36	1.1755e-36	7.1637e-26	0.00e+00	0.00e+00	4.3474e+00
6.00305e+19	7.4815e+03	3.101e-22	1.0000e+01	1.0714e+01	1.8696e-14	3.3174e-03	9.9668e-01	1.4170e-01	8.5830e-01	2.2574e-14	1.7621e-17	1.7560e-04	5.8465e-01	4.1509e-01	8.3441e-05	3.1184e-03	9.0727e-01	8.9608e-02	1.1755e-36	1.1755e-36	1.1755e-36	7.8617e-26	0.00e+00	0.00e+00	4.4031e+00
6.02846e+19	7.5079e+03	3.100e-22	1.0000e+01	1.0697e+01	1.9266e-14	3.3874e-03	9.9661e-01	1.6522e-01	8.3478e-01	2.0832e-14	1.9364e-17	1.8162e-04	6.0354e-01	3.9621e-01	7.3319e-05	3.2388e-03	9.1999e-01	7.6769e-02	1.1755e-36	1.1755e-36	1.1755e-36	8.5648e-26	0.00e+00	0.00e+00	4.4549e+00
6.05154e+19	7.5192e+03	3.096e-22	1.0000e+01	1.0667e+01	1.9965e-14	3.4544e-03	9.9655e-01	1.9273e-01	8.0727e-01	1.9042e-14	2.1087e-17	1.8706e-04	6.2106e-01	3.7869e-01	6.4308e-05	3.3536e-03	9.3152e-01	6.5126e-02	1.1755e-36	1.1755e-36	1.1755e-36	9.2235e-26	0.00e+00	0.00e+00	4.5027e+00
6.07236e+19	7.5296e+03	3.094e-22	1.0000e+01	1.0646e+01	2.0677e-14	3.5184e-03	9.9648e-01	2.2553e-01	7.7447e-01	1.7457e-14	2.2871e-17	1.9214e-04	6.3711e-01	3.6264e-01	5.6327e-05	3.4624e-03	9.4191e-01	5.4626e-02	1.1755e-36	1.1755e-36	1.1755e-36	9.9287e-26	0.00e+00	0.00e+00	4.5466e+00
6.09093e+19	7.5373e+03	3.088e-22	1.0000e+01	1.0617e+01	2.1344e-14	3.5752e-03	9.9642e-01	2.6308e-01	7.3692e-01	1.5904e-14	2.4556e-17	1.9648e-04	6.5129e-01	3.4847e-01	4.9434e-05	3.5603e-03	9.5100e-01	4.5444e-02	1.1755e-36	1.1755e-36	1.1755e-36	1.0572e-25	0.00e+00	0.00e+00	4.5858e+00
6.10747e+19	7.5456e+03	3.077e-22	1.0000e+01	1.0582e+01	2.1912e-14	3.6241e-03	9.9638e-01	3.0524e-01	6.9476e-01	1.4388e-14	2.6105e-17	2.0004e-04	6.6350e-01	3.3626e-01	4.3513e-05	3.6459e-03	9.5880e-01	3.7554e-02	1.1755e-36	1.1755e-36	1.1755e-36	1.1141e-25	0.00e+00	0.00e+00	4.6217e+00
6.12264e+19	7.5485e+03	3.061e-22	1.0000e+01	1.0535e+01	2.2469e-14	3.6669e-03	9.9633e-01	3.5284e-01	6.4716e-01	1.2798e-14	2.7505e-17	2.0286e-04	6.7408e-01	3.2568e-01	3.8288e-05	3.7218e-03	9.6556e-01	3.0717e-02	1.1755e-36	1.1755e-36	1.1755e-36	1.1608e-25	0.00e+00	0.00e+00	4.6557e+00
6.13703e+19	7.5450e+03	3.047e-22	1.0000e+01	1.0495e+01	2.3211e-14	3.7129e-03	9.9629e-01	4.0838e-01	5.9162e-01	1.1249e-14	2.9075e-17	2.0555e-04	6.8379e-01	3.1598e-01	3.3426e-05	3.7982e-03	9.7154e-01	2.4665e-02	1.1755e-36	1.1755e-36	1.1755e-36	1.2183e-25	0.00e+00	0.00e+00	4.6887e+00
6.15081e+19	7.5430e+03	3.026e-22	1.0000e+01	1.0446e+01	2.3859e-14	3.7538e-03	9.9625e-01	4.7125e-01	5.2875e-01	9.5875e-15	3.0517e-17	2.0763e-04	6.9217e-01	3.0759e-01	2.9019e-05	3.8667e-03	9.7670e-01	1.9429e-02	1.1755e-36	1.1755e-36	1.1755e-36	1.2662e-25	0.00e+00	0.00e+00	4.7206e+00
6.16408e+19	7.5351e+03	3.001e-22	1.0000e+01	1.0388e+01	2.4608e-14	3.7933e-03	9.9621e-01	5.4094e-01	4.5906e-01	7.9527e-15	3.1945e-17	2.0920e-04	6.9936e-01	3.0041e-01	2.4985e-05	3.9308e-03	9.8106e-01	1.5010e-02	1.1755e-36	1.1755e-36	1.1755e-36	1.3126e-25	0.00e+00	0.00e+00	4.7520e+00
6.17915e+19	7.5197e+03	2.970e-22	1.0000e+01	1.0321e+01	2.5637e-14	3.8417e-03	9.9616e-01	6.2728e-01	3.7272e-01	6.1300e-15	3.3662e-17	2.1065e-04	7.0644e-01	2.9333e-01	2.0633e-05	4.0042e-03	9.8511e-01	1.0881e-02	1.1755e-36	1.1755e-36	1.1755e-36	1.3693e-25	0.00e+00	0.00e+00	4.7933e+00
6.19567e+19	7.5014e+03	2.932e-22	1.0000e+01	1.0242e+01	2.6797e-14	3.8941e-03	9.9611e-01	7.2376e-01	2.7624e-01	4.2970e-15	3.5456e-17	2.1162e-04	7.1254e-01	2.8724e-01	1.6465e-05	4.0804e-03	9.8855e-01	7.3682e-03	1.1755e-36	1.1755e-36	1.1755e-36	1.4266e-25	0.00e+00	0.00e+00	4.8327e+00
6.21149e+19	7.4843e+03	2.894e-22	1.0000e+01	1.0164e+01	2.7918e-14	3.9439e-03	9.9606e-01	8.0762e-01	1.9238e-01	2.8388e-15	3.7046e-17	2.1200e-04	7.1688e-01	2.8290e-01	1.2972e-05	4.1498e-03	9.9092e-01	4.9345e-03	1.1755e-36	1.1755e-36	1.1755e-36	1.4776e-25	0.00e+00	0.00e+00	4.8716e+00
6.22944e+19	7.4669e+03	2.862e-22	1.0000e+01	1.0093e+01	2.9304e-14	4.0083e-03	9.9599e-01	8.8070e-01	1.1930e-01	1.6638e-15	3.8913e-17	2.1246e-04	7.2071e-01	2.7907e-01	9.6307e-06	4.2335e-03	9.9267e-01	3.1000e-03	1.1755e-36	1.1755e-36	1.1755e-36	1.5484e-25	0.00e+00	0.00e+00	4.9229e+00
6.25278e+19	7.4553e+03	2.836e-22	1.0000e+01	1.0028e+01	3.1004e-14	4.0998e-03	9.9590e-01	9.3977e-01	6.0226e-02	7.8380e-16	4.1267e-17	2.1315e-04	7.2447e-01	2.7531e-01	6.4037e-06	4.3474e-03	9.9396e-01	1.6891e-03	1.1755e-36	1.1755e-36	1.1755e-36	1.6512e-25	0.00e+00	0.00e+00	4.9912e+00
6.28313e+19	7.4488e+03	2.829e-22	1.0000e+01	9.9900e+00	3.3463e-14	4.2389e-03	9.9576e-01	9.7596e-01	2.4042e-02	2.8976e-16	4.4783e-17	2.1477e-04	7.2878e-01	2.7100e-01	3.6809e-06	4.5144e-03	9.9471e-01	7.7379e-04	1.1755e-36	1.1755e-36	1.1755e-36	1.8344e-25	0.00e+00	0.00e+00	5.0831e+00
6.32258e+19	7.4465e+03	2.842e-22	1.0000e+01	9.9734e+00	3.7040e-14	4.4434e-03	9.9556e-01	9.9236e-01	7.6430e-03	8.4002e-17	4.9995e-17	2.1746e-04	7.3414e-01	2.6564e-01	1.7726e-06	4.7561e-03	9.9495e-01	2.9004e-04	1.1755e-36	1.1755e-36	1.1755e-36	2.1342e-25	0.00e+00	0.00e+00	5.2082e+00
6.37386e+19	7.4728e+03	2.864e-22	1.0000e+01	9.9649e+00	4.1569e-14	4.7273e-03	9.9527e-01	9.9803e-01	1.9712e-03	1.9475e-17	5.7665e-17	2.2091e-04	7.4069e-01	2.5909e-01	6.9037e-07	5.0924e-03	9.9482e-01	8.6350e-05	1.1755e-36	1.1755e-36	1.1755e-36	2.6170e-25	0.00e+00	0.00e+00	5.3812e+00
6.44053e+19	7.4973e+03	2.902e-22	1.0000e+01	9.9594e+00	4.9275e-14	5.1552e-03	9.9484e-01	9.9959e-01	4.1146e-04	3.5525e-18	7.0421e-17	2.2575e-04	7.4967e-01	2.5010e-01	2.0465e-07	5.5992e-03	9.9438e-01	1.9810e-05	1.1755e-36	1.1755e-36	1.1755e-36	3.4883e-25	0.00e+00	0.00e+00	5.6265e+00
6.52720e+19	7.5284e+03	2.956e-22	1.0000e+01	9.9538e+00	6.2682e-14	5.8235e-03	9.9418e-01	9.9993e-01	6.8054e-05	4.9477e-19	9.3164e-17	2.3240e-04	7.6208e-01	2.3769e-01	1.1755e-36	6.3949e-03	9.9360e-01	3.3587e-06	1.1755e-36	1.1755e-36	1.1755e-36	5.2205e-25	0.00e+00	0.00e+00	5.9868e+00
6.62368e+19	7.5633e+03	3.023e-22	1.0000e+01	9.9472e+00	8.4654e-14	6.7864e-03	9.9321e-01	9.9999e-01	1.0934e-05	6.6375e-20	1.3151e-16	2.4013e-04	7.7678e-01	2.2298e-01	1.1755e-36	7.5487e-03	9.9245e-01	4.9996e-07	1.1755e-36	1.1755e-36	1.1755e-36	8.5778e-25	0.00e+00	0.00e+00	6.3938e+00
6.70685e+19	7.5816e+03	3.091e-22	1.0000e+01	9.9377e+00	1.1534e-13	7.9192e-03	9.9208e-01	1.0000e+00	2.8229e-06	1.4771e-20	1.8507e-16	2.4746e-04	7.9078e-01	2.0897e-01	1.1755e-36	8.9137e-03	9.9109e-01	1.0230e-07	1.1755e-36	1.1755e-36	1.1755e-36	1.4008e-24	0.00e+00	0.00e+00	6.7506e+00
6.76938e+19	7.6002e+03	3.144e-22	1.0000e+01	9.9240e+00	1.4987e-13	9.0299e-03	9.9097e-01	1.0000e+00	1.2851e-06	6.0273e-21	2.4730e-16	2.5335e-04	8.0226e-01	1.9749e-01	1.1755e-36	1.0260e-02	9.8974e-01	3.2398e-08	1.1755e-36	1.1755e-36	1.1755e-36	2.1271e-24	0.00e+00	0.00e+00	7.0568e+00
6.82050e+19	7.6072e+03	3.191e-22	1.0000e+01	9.9102e+00	1.9087e-13	1.0168e-02	9.8983e-01	1.0000e+00	7.9540e-07	3.4027e-21	3.2106e-16	2.5837e-04	8.1256e-01	1.8718e-01	1.1755e-36	1.1643e-02	9.8836e-01	1.2796e-08	1.1755e-36	1.1755e-36	1.1755e-36	3.0950e-24	0.00e+00	0.00e+00	7.3684e+00
6.87632e+19	7.6063e+03	3.245e-22	1.0000e+01	9.8947e+00	2.5612e-13	1.1714e-02	9.8829e-01	1.0000e+00	5.4606e-07	2.1000e-21	4.3856e-16	2.6429e-04	8.2496e-01	1.7477e-01	1.1755e-36	1.3528e-02	9.8647e-01	4.6157e-09	1.1755e-36	1.1755e-36	1.1755e-36	4.8406e-24	0.00e+00	0.00e+00	7.8351e+00
6.93539e+19	7.5966e+03	3.311e-22	1.0000e+01	9.8760e+00	3.6780e-13	1.3925e-02	9.8608e-01	1.0000e+00	3.9683e-07	1.3728e-21	6.3878e-16	2.7094e-04	8.3889e-01	1.6084e-01	1.1755e-36	1.6232e-02	9.8377e-01	1.5772e-09	1.1755e-36	1.1755e-36	1.1755e-36	8.3124e-24	0.00e+00	0.00e+00	8.3192e+00
6.98306e+19	7.5798e+03	3.368e-22	1.0000e+01	9.8478e+00	5.2085e-13	1.6415e-02	9.8359e-01	1.0000e+00	3.1897e-07	1.0167e-21	9.1030e-16	2.7649e-04	8.5127e-01	1.4846e-01	1.1755e-36	1.9284e-02	9.8072e-01	6.6303e-10	1.1755e-36	1.1755e-36	1.1755e-36	1.3839e-23	0.00e+00	0.00e+00	8.7366e+00
7.01977e+19	7.5566e+03	3.417e-22	1.0000e+01	9.8219e+00	7.1189e-13	1.8985e-02	9.8101e-01	1.0000e+00	2.7353e-07	8.1731e-22	1.2441e-15	2.8113e-04	8.6185e-01	1.3787e-01	1.1755e-36	2.2440e-02	9.7756e-01	3.3651e-10	1.1755e-36	1.1755e-36	1.1755e-36	2.1697e-23	0.00e+00	0.00e+00	9.1341e+00
7.05186e+19	7.5276e+03	3.461e-22	1.0000e+01	9.7933e+00	9.7056e-13	2.1894e-02	9.7811e-01	1.0000e+00	2.3822e-07	6.7191e-22	1.6878e-15	2.8534e-04	8.7185e-01	1.2787e-01	1.1755e-36	2.6015e-02	9.7398e-01	1.8322e-10	1.1755e-36	1.1755e-36	1.1755e-36	3.3668e-23	0.00e+00	0.00e+00	9.5627e+00
7.08254e+19	7.4976e+03	3.501e-22	1.0000e+01	9.7561e+00	1.3518e-12	2.5506e-02	9.7449e-01	1.0000e+00	2.0648e-07	5.5143e-22	2.3362e-15	2.8931e-04	8.8205e-01	1.1766e-01	1.1755e-36	3.0457e-02	9.6954e-01	1.0086e-10	1.1755e-36	1.1755e-36	1.1755e-36	5.3836e-23	0.00e+00	0.00e+00	1.0052e+01
7.11152e+19	7.4455e+03	3.545e-22	1.0000e+01	9.7101e+00	1.9644e-12	3.0138e-02	9.6986e-01	1.0000e+00	1.7708e-07	4.4902e-22	3.3262e-15	2.9324e-04	8.9250e-01	1.0721e-01	1.1755e-36	3.6152e-02	9.6385e-01	5.6563e-11	1.1755e-36	1.1755e-36	1.1755e-36	8.9619e-23	0.00e+00	0.00e+00	1.0577e+01
7.13839e+19	7.3926e+03	3.580e-22	1.0000e+01	9.6513e+00	2.9229e-12	3.6010e-02	9.6399e-01	1.0000e+00	1.5196e-07	3.6762e-22	4.8391e-15	2.9669e-04	9.0296e-01	9.6745e-02	1.1755e-36	4.3366e-02	9.5663e-01	3.2292e-11	1.1755e-36	1.1755e-36	1.1755e-36	1.5415e-22	0.00e+00	0.00e+00	1.1171e+01
7.16327e+19	7.3330e+03	3.607e-22	1.0000e+01	9.5751e+00	4.4972e-12	4.3636e-02	9.5636e-01	1.0000e+00	1.2868e-07	2.9854e-22	7.2345e-15	2.9953e-04	9.1337e-01	8.6333e-02	1.1755e-36	5.2719e-02	9.4728e-01	1.8729e-11	1.1755e-36	1.1755e-36	1.1755e-36	2.7624e-22	0.00e+00	0.00e+00	1.1822e+01
7.18524e+19	7.2683e+03	3.625e-22	1.0000e+01	9.4927e+00	7.0802e-12	5.3370e-02	9.4663e-01	1.0000e+00	1.0858e-07	2.4295e-22	1.1016e-14	3.0193e-04	9.2339e-01	7.6311e-02	1.1755e-36	6.4622e-02	9.3538e-01	1.1216e-11	1.1755e-36	1.1755e-36	1.1755e-36	5.0966e-22	0.00e+00	0.00e+00	1.2507e+01
7.20417e+19	7.2033e+03	3.620e-22	1.0000e+01	9.3778e+00	1.1209e-11	6.5407e-02	9.3459e-01	1.0000e+00	9.1729e-08	1.9974e-22	1.6786e-14	3.0272e-04	9.3261e-01	6.7090e-02	1.1755e-36	7.9283e-02	9.2072e-01	6.9619e-12	1.1755e-36	1.1755e-36	1.1755e-36	9.4259e-22	0.00e+00	0.00e+00	1.3231e+01
7.22063e+19	7.1379e+03	3.589e-22	1.0000e+01	9.2320e+00	1.7910e-11	8.0431e-02	9.1957e-01	1.0000e+00	7.7193e-08	1.6486e-22	2.5701e-14	3.0220e-04	9.4113e-01	5.8565e-02	1.1755e-36	9.7479e-02	9.0252e-01	4.4272e-12	1.1755e-36	1.1755e-36	1.1755e-36	1.7594e-21	0.00e+00	0.00e+00	1.4012e+01
7.23478e+19	7.0701e+03	3.529e-22	1.0000e+01	9.0506e+00	2.8820e-11	9.9063e-02	9.0094e-01	1.0000e+00	6.4506e-08	1.3624e-22	3.9382e-14	3.0006e-04	9.4888e-01	5.0819e-02	1.1755e-36	1.1987e-01	8.8013e-01	2.8842e-12	1.1755e-36	1.1755e-36	1.1755e-36	3.2944e-21	0.00e+00	0.00e+00	1.4821e+01
7.24650e+19	6.9994e+03	3.439e-22	1.0000e+01	8.8333e+00	4.5899e-11	1.2112e-01	8.7888e-01	1.0000e+00	5.4105e-08	1.1400e-22	5.9295e-14	2.9620e-04	9.5562e-01	4.4079e-02	1.1755e-36	1.4615e-01	8.5385e-01	1.9444e-12	1.1755e-36	1.1755e-36	1.1755e-36	6.0216e-21	0.00e+00	0.00e+00	1.5625e+01
7.25608e+19	6.9236e+03	3.322e-22	1.0000e+01	8.5844e+00	7.1658e-11	1.4620e-01	8.5380e-01	1.0000e+00	4.5819e-08	9.7048e-23	8.6767e-14	2.9077e-04	9.6136e-01	3.8345e-02	1.1755e-36	1.7569e-01	8.2431e-01	1.3580e-12	1.1755e-36	1.1755e-36	1.1755e-36	1.0564e-20	0.00e+00	0.00e+00	1.6423e+01
7.26410e+19	6.8437e+03	3.168e-22	1.0000e+01	8.2724e+00	1.0923e-10	1.7389e-01	8.2611e-01	1.0000e+00	3.9097e-08	8.4171e-23	1.2246e-13	2.8273e-04	9.6618e-01	3.3541e-02	1.1755e-36	2.0791e-01	7.9209e-01	9.7619e-13	1.1755e-36	1.1755e-36	1.1755e-36	1.7542e-20	0.00e+00	0.00e+00	1.7234e+01
7.27112e+19	6.7465e+03	2.996e-22	1.0000e+01	7.9479e+00	1.6812e-10	2.0614e-01	7.9386e-01	1.0000e+00	3.3247e-08	7.2972e-23	1.7194e-13	2.7419e-04	9.7057e-01	2.9161e-02	1.1755e-36	2.4493e-01	7.5507e-01	7.0699e-13	1.1755e-36	1.1755e-36	1.1755e-36	2.8975e-20	0.00e+00	0.00e+00	1.8100e+01
7.27739e+19	6.6285e+03	2.794e-22	1.0000e+01	7.5743e+00	2.6204e-10	2.4348e-01	7.5652e-01	1.0000e+00	2.8168e-08	6.3516e-23	2.3899e-13	2.6367e-04	9.7451e-01	2.5223e-02	1.1755e-36	2.8709e-01	7.1291e-01	5.1424e-13	1.1755e-36	1.1755e-36	1.1755e-36	4.7136e-20	0.00e+00	0.00e+00	1.9005e+01
7.28272e+19	6.4936e+03	2.578e-22	1.0000e+01	7.1716e+00	4.0458e-10	2.8372e-01	7.1628e-01	1.0000e+00	2.3888e-08	5.5720e-23	3.2250e-13	2.5184e-04	9.7786e-01	2.1892e-02	1.1755e-36	3.3173e-01	6.6827e-01	3.8193e-13	1.1755e-36	1.1755e-36	1.1755e-36	7.3376e-20	0.00e+00	0.00e+00	1.9860e+01
7.28680e+19	6.3591e+03	2.380e-22	1.0000e+01	6.7958e+00	5.9066e-10	3.2127e-01	6.7873e-01	1.0000e+00	2.0695e-08	5.0001e-23	4.1034e-13	2.4050e-04	9.8038e-01	1.9376e-02	1.1755e-36	3.7264e-01	6.2736e-01	2.9825e-13	1.1755e-36	1.1755e-36	1.1755e-36	1.0470e-19	0.00e+00	0.00e+00	2.0550e+01
7.28973e+19	6.2394e+03	2.221e-22	1.0000e+01	6.4906e+00	7.9840e-10	3.5232e-01	6.4768e-01	1.0000e+00	1.8694e-08	4.6560e-23	4.9025e-13	2.3115e-04	9.8218e-01	1.7589e-02	1.1755e-36	4.0595e-01	5.9405e-01	2.4676e-13	1.1755e-36	1.1755e-36	1.1755e-36	1.3617e-19	0.00e+00	0.00e+00	2.1097e+01
7.29201e+19	6.1288e+03	2.085e-22	1.0000e+01	6.2221e+00	1.0283e-09	3.7862e-01	6.2138e-01	1.0000e+00	1.7342e-08	4.4433e-23	5.6197e-13	2.2280e-04	9.8354e-01	1.6233e-02	1.1755e-36	4.3381e-01	5.6619e-01	2.1158e-13	1.1755e-36	1.1755e-36	1.1755e-36	1.6647e-19	0.00e+00	0.00e+00	2.1597e+01
7.29403e+19	6.0160e+03	1.959e-22	1.0000e+01	5.9692e+00	1.3091e-09	4.0384e-01	5.9616e-01	1.0000e+00	1.6068e-08	4.2317e-23	6.3499e-13	2.1489e-04	9.8474e-01	1.5044e-02	1.1755e-36	4.6022e-01	5.3978e-01	1.8353e-13	1.1755e-36	1.1755e-36	1.1755e-36	1.9941e-19	0.00e+00	0.00e+00	2.2091e+01
7.29591e+19	5.8962e+03	1.835e-22	1.0000e+01	5.7163e+00	1.6672e-09	4.2904e-01	5.7096e-01	1.0000e+00	1.4855e-08	4.0262e-23	7.1171e-13	2.0692e-04	9.8584e-01	1.3956e-02	1.1755e-36	4.8631e-01	5.1369e-01	1.5993e-13	1.1755e-36	1.1755e-36	1.1755e-36	2.3625e-19	0.00e+00	0.00e+00	2.2588e+01
7.29765e+19	5.7700e+03	1.718e-22	1.0000e+01	5.4699e+00	2.1210e-09	4.5379e-01	5.4621e-01	1.0000e+00	1.3727e-08	3.8292e-23	7.9117e-13	1.9911e-04	9.8683e-01	1.2973e-02	1.1755e-36	5.1166e-01	4.8834e-01	1.4027e-13	1.1755e-36	1.1755e-36	1.1755e-36	2.7700e-19	0.00e+00	0.00e+00	2.3062e+01
7.29922e+19	5.6448e+03	1.610e-22	1.0000e+01	5.2374e+00	2.6663e-09	4.7704e-01	5.2296e-01	1.0000e+00	1.2776e-08	3.6660e-23	8.6947e-13	1.9171e-04	9.8769e-01	1.2116e-02	1.1755e-36	5.3523e-01	4.6477e-01	1.2433e-13	1.1755e-36	1.1755e-36	1.1755e-36	3.1994e-19	0.00e+00	0.00e+00	2.3504e+01
7.30061e+19	5.5201e+03	1.513e-22	1.0000e+01	5.0206e+00	3.3154e-09	4.9872e-01	5.0128e-01	1.0000e+00	1.1964e-08	3.5275e-23	9.4623e-13	1.8478e-04	9.8845e-01	1.1367e-02	1.1755e-36	5.5698e-01	4.4302e-01	1.1130e-13	1.1755e-36	1.1755e-36	1.1755e-36	3.6513e-19	0.00e+00	0.00e+00	2.3922e+01
7.30189e+19	5.3954e+03	1.423e-22	1.0000e+01	4.8158e+00	4.0894e-09	5.1921e-01	4.8079e-01	1.0000e+00	1.1249e-08	3.4055e-23	1.0228e-12	1.7821e-04	9.8912e-01	1.0699e-02	1.1755e-36	5.7736e-01	4.2264e-01	1.0036e-13	1.1755e-36	1.1755e-36	1.1755e-36	4.1377e-19	0.00e+00	0.00e+00	2.4324e+01
7.30308e+19	5.2685e+03	1.338e-22	1.0000e+01	4.6191e+00	5.0226e-09	5.3889e-01	4.6111e-01	1.0000e+00	1.0591e-08	3.2907e-23	1.1010e-12	1.7190e-04	9.8974e-01	1.0089e-02	1.1755e-36	5.9678e-01	4.0322e-01	9.0938e-14	1.1755e-36	1.1755e-36	1.1755e-36	4.6767e-19	0.00e+00	0.00e+00	2.4716e+01
7.30404e+19	5.1639e+03	1.273e-22	1.0000e+01	4.4620e+00	5.9211e-09	5.5459e-01	4.4541e-01	1.0000e+00	9.9631e-09	3.1631e-23	1.1670e-12	1.6685e-04	9.9020e-01	9.6311e-03	1.1755e-36	6.1214e-01	3.8786e-01	8.4133e-14	1.1755e-36	1.1755e-36	1.1755e-36	5.1695e-19	0.00e+00	0.00e+00	2.4982e+01
7.30472e+19	5.0822e+03	1.225e-22	1.0000e+01	4.3453e+00	6.7037e-09	5.6626e-01	4.3374e-01	1.0000e+00	9.6975e-09	3.1290e-23	1.2189e-12	1.6310e-04	9.9054e-01	9.2991e-03	1.1755e-36	6.2349e-01	3.7651e-01	7.9406e-14	1.1755e-36	1.1755e-36	1.1755e-36	5.5833e-19	0.00e+00	0.00e+00	2.5203e+01
7.30537e+19	4.9989e+03	1.180e-22	1.0000e+01	4.2329e+00	7.5758e-09	5.7760e-01	4.2240e-01	1.0000e+00	9.4224e-09	3.0876e-23	1.2722e-12	1.5951e-04	9.9086e-01	8.9824e-03	1.1755e-36	6.3446e-01	3.6554e-01	7.5062e-14	1.1755e-36	1.1755e-36	1.1755e-36	6.0346e-19	0.00e+00	0.00e+00	2.5447e+01
7.30607e+19	4.9011e+03	1.131e-22	1.0000e+01	4.1076e+00	8.6734e-09	5.9014e-01	4.0986e-01	1.0000e+00	9.0393e-09	3.0138e-23	1.3257e-12	1.5552e-04	9.9122e-01	8.6254e-03	1.1755e-36	6.4658e-01	3.5342e-01	7.0533e-14	1.1755e-36	1.1755e-36	1.1755e-36	6.4778e-19	0.00e+00	0.00e+00	2.5722e+01
7.30681e+19	4.7949e+03	1.080e-22	1.0000e+01	3.9766e+00	9.9830e-09	6.0332e-01	3.9668e-01	1.0000e+00	8.6138e-09	2.9252e-23	1.3825e-12	1.5136e-04	9.9159e-01	8.2617e-03	1.1755e-36	6.5922e-01	3.4078e-01	6.6081e-14	1.1755e-36	1.1755e-36	1.1755e-36	6.9688e-19	0.00e+00	0.00e+00	2.6002e+01
7.30752e+19	4.6881e+03	1.032e-22	1.0000e+01	3.8495e+00	1.1413e-08	6.1611e-01	3.8389e-01	1.0000e+00	8.2254e-09	2.8444e-23	1.4373e-12	1.4734e-04	9.9193e-01	7.9185e-03	1.1755e-36	6.7142e-01	3.2858e-01	6.2026e-14	1.1755e-36	1.1755e-36	1.1755e-36	7.4621e-19	0.00e+00	0.00e+00	2.6269e+01
7.30814e+19	4.5939e+03	9.916e-23	1.0000e+01	3.7394e+00	1.2755e-08	6.2708e-01	3.7292e-01	1.0000e+00	7.8797e-09	2.7692e-23	1.4834e-12	1.4386e-04	9.9222e-01	7.6320e-03	1.1755e-36	6.8184e-01	3.1816e-01	5.8735e-14	1.1755e-36	1.1755e-36	1.1755e-36	7.8862e-19	0.00e+00	0.00e+00	2.6487e+01
7.30867e+19	4.5073e+03	9.562e-23	1.0000e+01	3.6420e+00	1.4034e-08	6.3680e-01	3.6320e-01	1.0000e+00	7.6465e-09	2.7260e-23	1.5230e-12	1.4080e-04	9.9248e-01	7.3818e-03	1.1755e-36	6.9103e-01	3.0897e-01	5.5950e-14	1.1755e-36	1.1755e-36	1.1755e-36	8.2556e-19	0.00e+00	0.00e+00	2.6697e+01
7.30922e+19	4.4187e+03	9.195e-23	1.0000e+01	3.5386e+00	1.5363e-08	6.4660e-01	3.5340e-01	1.0000e+00	7.4033e-09	2.6827e-23	1.5595e-12	1.3752e-04	9.9273e-01	7.1341e-03	1.1755e-36	7.0026e-01	2.9974e-01	5.3229e-14	1.1755e-36	1.1755e-36	1.1755e-36	8.5891e-19	0.00e+00	0.00e+00	2.6931e+01
7.30984e+19	4.3073e+03	8.794e-23	1.0000e+01	3.4253e+00	1.7045e-08	6.5830e-01	3.4170e-01	1.0000e+00	7.0937e-09	2.6130e-23	1.6032e-12	1.3405e-04	9.9302e-01	6.8430e-03	1.1755e-36	7.1123e-01	2.8877e-01	5.0182e-14	1.1755e-36	1.1755e-36	1.1755e-36	8.9839e-19	0.00e+00	0.00e+00	2.7206e+01
7.31050e+19	4.1873e+03	8.377e-23	1.0000e+01	3.3033e+00	1.8788e-08	6.7047e-01	3.2953e-01	1.0000e+00	6.7319e-09	2.5259e-23	1.6422e-12	1.3032e-04	9.9332e-01	6.5485e-03	1.1755e-36	7.2259e-01	2.7741e-01	4.7169e-14	1.1755e-36	1.1755e-36	1.1755e-36	9.2997e-19	0.00e+00	0.00e+00	2.7485e+01
7.31114e+19	4.0681e+03	7.983e-23	1.0000e+01	3.1860e+00	2.0397e-08	6.8219e-01	3.1781e-01	1.0000e+00	6.4011e-09	2.4455e-23	1.6735e-12	1.2678e-04	9.9360e-01	6.2712e-03	1.1755e-36	7.3348e-01	2.6652e-01	4.4409e-14	1.1755e-36	1.1755e-36	1.1755e-36	9.5006e-19	0.00e+00	0.00e+00	2.7752e+01
7.31175e+19	3.9507e+03	7.617e-23	1.0000e+01	3.0743e+00	2.1803e-08	6.9335e-01	3.0665e-01	1.0000e+00	6.0930e-09	2.3685e-23	1.6968e-12	1.2346e-04	9.9386e-01	6.0128e-03	1.1755e-36	7.4381e-01	2.5619e-01	4.1903e-14	1.1755e-36	1.1755e-36	1.1755e-36	9.5743e-19	0.00e+00	0.00e+00	2.8013e+01
###########################
5.56867e+14	6.2125e+03	3.428e-22	1.0000e+01	1.0870e+01	2.0334e-15	6.2616e-04	9.9937e-01	3.3787e-03	9.8696e-01	9.6575e-03	1.7571e-20	9.6474e-06	5.9220e-02	9.3654e-01	4.2263e-03	7.1524e-05	1.6560e-01	8.3015e-01	4.1809e-03	1.1755e-36	1.1755e-36	1.6614e-28	0.00e+00	0.00e+00	4.4023e-05
3.34120e+15	6.2117e+03	3.428e-22	1.0000e+01	1.0870e+01	2.0346e-15	6.2613e-04	9.9937e-01	3.3787e-03	9.8697e-01	9.6497e-03	1.7564e-20	9.6522e-06	5.9242e-02	9.3652e-01	4.2321e-03	7.1485e-05	1.6551e-01	8.3026e-01	4.1661e-03	1.1755e-36	1.1755e-36	1.6599e-28	0.00e+00	0.00e+00	2.2011e-04
1.44786e+16	6.2096e+03	3.428e-22	1.0000e+01	1.0870e+01	2.0391e-15	6.2614e-04	9.9937e-01	3.3793e-03	9.8703e-01	9.5878e-03	1.7574e-20	9.6698e-06	5.9288e-02	9.3648e-01	4.2229e-03	7.1461e-05	1.6543e-01	8.3039e-01	4.1056e-03	1.1755e-36	1.1755e-36	1.6599e-28	0.00e+00	0.00e+00	9.2447e-04
5.90279e+16	6.2038e+03	3.425e-22	1.0000e+01	1.0870e+01	2.0477e-15	6.2623e-04	9.9937e-01	3.3829e-03	9.8735e-01	9.2658e-03	1.7580e-20	9.7165e-06	5.9363e-02	9.3644e-01	4.1912e-03	7.1493e-05	1.6541e-01	8.3065e-01	3.8725e-03	1.1755e-36	1.1755e-36	1.6560e-28	0.00e+00	0.00e+00	3.7423e-03
1.40999e+17	6.1894e+03	3.414e-22	1.0000e+01	1.0869e+01	2.0592e-15	6.2427e-04	9.9938e-01	3.3827e-03	9.8754e-01	9.0749e-03	1.7428e-20	9.7433e-06	5.9371e-02	9.3645e-01	4.1651e-03	7.1180e-05	1.6505e-01	8.3133e-01	3.5547e-03	1.1755e-36	1.1755e-36	1.6339e-28	0.00e+00	0.00e+00	7.3940e-03
2.47561e+17	6.1712e+03	3.403e-22	1.0000e+01	1.0869e+01	2.0727e-15	6.2257e-04	9.9938e-01	3.3857e-03	9.8806e-01	8.5567e-03	1.7275e-20	9.7615e-06	5.9416e-02	9.3646e-01	4.1122e-03	7.1003e-05	1.6490e-01	8.3185e-01	3.1707e-03	1.1755e-36	1.1755e-36	1.6059e-28	0.00e+00	0.00e+00	1.2128e-02
3.86092e+17	6.1505e+03	3.390e-22	1.0000e+01	1.0868e+01	2.0866e-15	6.2081e-04	9.9938e-01	3.3910e-03	9.8888e-01	7.7294e-03	1.7115e-20	9.7797e-06	5.9485e-02	9.3647e-01	4.0352e-03	7.0927e-05	1.6495e-01	8.3225e-01	2.7246e-03	1.1755e-36	1.1755e-36	1.5734e-28	0.00e+00	0.00e+00	1.8265e-02
5.66182e+17	6.1240e+03	3.376e-22	1.0000e+01	1.0868e+01	2.1136e-15	6.1919e-04	9.9938e-01	3.4001e-03	9.8999e-01	6.6054e-03	1.7026e-20	9.7785e-06	5.9602e-02	9.3645e-01	3.9331e-03	7.1040e-05	1.6535e-01	8.3235e-01	2.2290e-03	1.1755e-36	1.1755e-36	1.5473e-28	0.00e+00	0.00e+00	2.6223e-02
8.00299e+17	6.0968e+03	3.357e-22	1.0000e+01	1.0867e+01	2.1427e-15	6.1732e-04	9.9938e-01	3.4110e-03	9.9133e-01	5.2553e-03	1.6982e-20	9.8084e-06	5.9746e-02	9.3643e-01	3.8119e-03	7.1318e-05	1.6610e-01	8.3212e-01	1.7108e-03	1.1755e-36	1.1755e-36	1.5257e-28	0.00e+00	0.00e+00	3.6536e-02
1.10465e+18	6.0620e+03	3.337e-22	1.0000e+01	1.0866e+01	2.1765e-15	6.1574e-04	9.9938e-01	3.4268e-03	9.9276e-01	3.8098e-03	1.6933e-20	9.8508e-06	5.9970e-02	9.3634e-01	3.6760e-03	7.1915e-05	1.6741e-01	8.3131e-01	1.2088e-03	1.1755e-36	1.1755e-36	1.4924e-28	0.00e+00	0.00e+00	4.9910e-02
1.50031e+18	6.0236e+03	3.312e-22	1.0000e+01	1.0864e+01	2.2272e-15	6.1425e-04	9.9939e-01	3.4461e-03	9.9410e-01	2.4567e-03	1.7027e-20	9.9028e-06	6.0265e-02	9.3619e-01	3.5382e-03	7.2813e-05	1.6926e-01	8.2990e-01	7.6868e-04	1.1755e-36	1.1755e-36	1.4757e-28	0.00e+00	0.00e+00	6.7253e-02
2.01466e+18	5.9807e+03	3.283e-22	1.0000e+01	1.0863e+01	2.2761e-15	6.1304e-04	9.9939e-01	3.4700e-03	9.9516e-01	1.3700e-03	1.7096e-20	9.9814e-06	6.0658e-02	9.3592e-01	3.4071e-03	7.4042e-05	1.7161e-01	8.2788e-01	4.2814e-04	1.1755e-36	1.1755e-36	1.4446e-28	0.00e+00	0.00e+00	8.9754e-02
2.68333e+18	5.9279e+03	3.252e-22	1.0000e+01	1.0862e+01	2.3511e-15	6.1279e-04	9.9939e-01	3.5024e-03	9.9586e-01	6.3983e-04	1.7281e-20	1.0075e-05	6.1219e-02	9.3549e-01	3.2837e-03	7.5706e-05	1.7451e-01	8.2522e-01	2.0244e-04	1.1755e-36	1.1755e-36	1.4178e-28	0.00e+00	0.00e+00	1.1899e-01
3.55259e+18	5.8674e+03	3.217e-22	1.0000e+01	1.0862e+01	2.4484e-15	6.1375e-04	9.9939e-01	3.5459e-03	9.9621e-01	2.4183e-04	1.7573e-20	1.0214e-05	6.1986e-02	9.3484e-01	3.1642e-03	7.7886e-05	1.7797e-01	8.2188e-01	7.8568e-05	1.1755e-36	1.1755e-36	1.3919e-28	0.00e+00	0.00e+00	1.5707e-01
4.68262e+18	5.8000e+03	3.180e-22	1.0000e+01	1.0861e+01	2.5779e-15	6.1655e-04	9.9938e-01	3.6053e-03	9.9632e-01	7.1476e-05	1.8069e-20	1.0417e-05	6.3035e-02	9.3392e-01	3.0386e-03	8.0797e-05	1.8220e-01	8.1770e-01	2.4224e-05	1.1755e-36	1.1755e-36	1.3756e-28	0.00e+00	0.00e+00	2.0679e-01
6.15167e+18	5.7275e+03	3.139e-22	1.0000e+01	1.0861e+01	2.7360e-15	6.2217e-04	9.9938e-01	3.6881e-03	9.9630e-01	1.6117e-05	1.8795e-20	1.0712e-05	6.4480e-02	9.3261e-01	2.8957e-03	8.4811e-05	1.8755e-01	8.1236e-01	5.8032e-06	1.1755e-36	1.1755e-36	1.3622e-28	0.00e+00	0.00e+00	2.7201e-01
8.06144e+18	5.6537e+03	3.096e-22	1.0000e+01	1.0861e+01	2.9332e-15	6.3204e-04	9.9937e-01	3.8052e-03	9.9619e-01	2.7864e-06	1.9960e-20	1.1148e-05	6.6489e-02	9.3077e-01	2.7272e-03	9.0510e-05	1.9458e-01	8.0533e-01	1.0842e-06	1.1755e-36	1.1755e-36	1.3662e-28	0.00e+00	0.00e+00	3.5815e-01
1.05441e+19	5.5847e+03	3.051e-22	1.0000e+01	1.0861e+01	3.1802e-15	6.4844e-04	9.9935e-01	3.9741e-03	9.9603e-01	3.8904e-07	2.1888e-20	1.1796e-05	6.9327e-02	9.2813e-01	2.5269e-03	9.8793e-05	2.0395e-01	7.9595e-01	1.6420e-07	1.1755e-36	1.1755e-36	1.4053e-28	0.00e+00	0.00e+00	4.7303e-01
1.37716e+19	5.5319e+03	3.005e-22	1.0000e+01	1.0860e+01	3.4940e-15	6.7497e-04	9.9932e-01	4.2240e-03	9.9578e-01	4.6870e-08	2.5272e-20	1.2774e-05	7.3421e-02	9.2428e-01	2.2914e-03	1.1121e-04	2.1666e-01	7.8322e-01	1.1755e-36	1.1755e-36	1.1755e-36	1.5199e-28	0.00e+00	0.00e+00	6.2849e-01
1.79674e+19	5.5008e+03	2.964e-22	1.0000e+01	1.0859e+01	3.9286e-15	7.1925e-04	9.9928e-01	4.6124e-03	9.9539e-01	4.9753e-09	3.1652e-20	1.4368e-05	7.9657e-02	9.1832e-01	2.0129e-03	1.3131e-04	2.3496e-01	7.6491e-01	1.1755e-36	1.1755e-36	1.1755e-36	1.7780e-28	0.00e+00	0.00e+00	8.4385e-01
2.13558e+19	5.4731e+03	2.924e-22	1.0000e+01	1.0858e+01	4.0694e-15	7.4841e-04	9.9925e-01	4.9045e-03	9.9510e-01	9.6030e-10	3.4613e-20	1.5530e-05	8.4326e-02	9.1383e-01	1.8265e-03	1.4713e-04	2.4909e-01	7.5077e-01	1.1755e-36	1.1755e-36	1.1755e-36	1.7733e-28	0.00e+00	0.00e+00	9.3994e-01
2.34914e+19	5.5123e+03	2.909e-22	1.0000e+01	1.0858e+01	4.1680e-15	7.7776e-04	9.9922e-01	5.1636e-03	9.9484e-01	3.9823e-10	3.9665e-20	1.6612e-05	8.8277e-02	9.0999e-01	1.7115e-03	1.6108e-04	2.5976e-01	7.4008e-01	1.1755e-36	1.1755e-36	1.1755e-36	1.9930e-28	0.00e+00	0.00e+00	1.0498e+00
2.58406e+19	5.5582e+03	2.898e-22	1.0000e+01	1.0857e+01	4.3554e-15	8.1484e-04	9.9919e-01	5.4906e-03	9.9451e-01	1.6179e-10	4.7305e-20	1.7972e-05	9.3173e-02	9.0522e-01	1.5891e-03	1.7909e-04	2.7261e-01	7.2721e-01	1.1755e-36	1.1755e-36	1.1755e-36	2.3576e-28	0.00e+00	0.00e+00	1.1764e+00
2.84246e+19	5.6224e+03	2.890e-22	1.0000e+01	1.0856e+01	4.5426e-15	8.6125e-04	9.9914e-01	5.9078e-03	9.9409e-01	6.4470e-11	5.8219e-20	1.9713e-05	9.9294e-02	8.9923e-01	1.4600e-03	2.0266e-04	2.8823e-01	7.1157e-01	1.1755e-36	1.1755e-36	1.1755e-36	2.8740e-28	0.00e+00	0.00e+00	1.3236e+00
3.12671e+19	5.6992e+03	2.888e-22	1.0000e+01	1.0855e+01	4.8350e-15	9.2144e-04	9.9908e-01	6.4602e-03	9.9354e-01	2.5164e-11	7.5649e-20	2.2004e-05	1.0722e-01	8.9144e-01	1.3219e-03	2.3482e-04	3.0780e-01	6.9197e-01	1.1755e-36	1.1755e-36	1.1755e-36	3.7289e-28	0.00e+00	0.00e+00	1.4968e+00
3.43938e+19	5.8211e+03	2.883e-22	1.0000e+01	1.0853e+01	5.0688e-15	9.9716e-04	9.9900e-01	7.1991e-03	9.9280e-01	9.6570e-12	1.0342e-19	2.5035e-05	1.1743e-01	8.8136e-01	1.1793e-03	2.7886e-04	3.3212e-01	6.6760e-01	1.1755e-36	1.1755e-36	1.1755e-36	5.1170e-28	0.00e+00	0.00e+00	1.7030e+00
3.78332e+19	5.9656e+03	2.886e-22	1.0000e+01	1.0851e+01	5.4591e-15	1.0995e-03	9.9890e-01	8.2515e-03	9.9175e-01	3.6288e-12	1.5356e-19	2.9286e-05	1.3149e-01	8.6745e-01	1.0262e-03	3.4365e-04	3.6397e-01	6.3568e-01	1.1755e-36	1.1755e-36	1.1755e-36	7.6732e-28	0.00e+00	0.00e+00	1.9531e+00
4.12163e+19	6.1353e+03	2.896e-22	1.0000e+01	1.0849e+01	5.8765e-15	1.2228e-03	9.9878e-01	9.6488e-03	9.9035e-01	1.4910e-12	2.3654e-19	3.4676e-05	1.4902e-01	8.5006e-01	8.8335e-04	4.3075e-04	4.0186e-01	5.9771e-01	1.1755e-36	1.1755e-36	1.1755e-36	1.1937e-27	0.00e+00	0.00e+00	2.1973e+00
4.39163e+19	6.2937e+03	2.910e-22	1.0000e+01	1.0846e+01	6.2592e-15	1.3441e-03	9.9866e-01	1.1178e-02	9.8882e-01	7.7445e-13	3.4858e-19	4.0291e-05	1.6711e-01	8.3208e-01	7.7275e-04	5.2632e-04	4.3885e-01	5.6062e-01	1.1755e-36	1.1755e-36	1.1755e-36	1.7683e-27	0.00e+00	0.00e+00	2.3871e+00
4.59272e+19	6.4217e+03	2.923e-22	1.0000e+01	1.0843e+01	6.6665e-15	1.4531e-03	9.9855e-01	1.2709e-02	9.8729e-01	4.8535e-13	4.8460e-19	4.5622e-05	1.8409e-01	8.1518e-01	6.8891e-04	6.2018e-04	4.7148e-01	5.2790e-01	1.1755e-36	1.1755e-36	1.1755e-36	2.4731e-27	0.00e+00	0.00e+00	2.5508e+00
4.76863e+19	6.5379e+03	2.936e-22	1.0000e+01	1.0840e+01	7.1398e-15	1.5648e-03	9.9844e-01	1.4440e-02	9.8556e-01	3.2425e-13	6.6565e-19	5.1341e-05	2.0214e-01	7.9720e-01	6.1403e-04	7.2372e-04	5.0401e-01	4.9527e-01	1.1755e-36	1.1755e-36	1.1755e-36	3.4114e-27	0.00e+00	0.00e+00	2.7220e+00
4.96794e+19	6.6706e+03	2.951e-22	1.0000e+01	1.0836e+01	7.8910e-15	1.7147e-03	9.9829e-01	1.7045e-02	9.8296e-01	2.0533e-13	9.9057e-19	5.9372e-05	2.2722e-01	7.7219e-01	5.2709e-04	8.7306e-04	5.4568e-01	4.5344e-01	1.1755e-36	1.1755e-36	1.1755e-36	5.1019e-27	0.00e+00	0.00e+00	2.9659e+00
5.16982e+19	6.8225e+03	2.973e-22	1.0000e+01	1.0831e+01	8.7323e-15	1.8946e-03	9.9811e-01	2.0743e-02	9.7926e-01	1.3399e-13	1.5207e-18	6.9630e-05	2.5913e-01	7.4035e-01	4.4333e-04	1.0701e-03	5.9491e-01	4.0402e-01	1.1755e-36	1.1755e-36	1.1755e-36	7.8056e-27	0.00e+00	0.00e+00	3.1794e+00
5.32167e+19	6.9456e+03	2.993e-22	1.0000e+01	1.0825e+01	9.5440e-15	2.0576e-03	9.9794e-01	2.4894e-02	9.7511e-01	9.8622e-14	2.1770e-18	7.9652e-05	2.9023e-01	7.0931e-01	3.7915e-04	1.2642e-03	6.3815e-01	3.6058e-01	1.1755e-36	1.1755e-36	1.1755e-36	1.1083e-26	0.00e+00	0.00e+00	3.3421e+00
5.43633e+19	7.0383e+03	3.008e-22	1.0000e+01	1.0820e+01	1.0334e-14	2.2009e-03	9.9780e-01	2.9253e-02	9.7075e-01	7.8125e-14	2.9198e-18	8.8965e-05	3.1899e-01	6.8059e-01	3.2928e-04	1.4451e-03	6.7436e-01	3.2419e-01	1.1755e-36	1.1755e-36	1.1755e-36	1.4708e-26	0.00e+00	0.00e+00	3.4867e+00
5.53295e+19	7.1199e+03	3.023e-22	1.0000e+01	1.0815e+01	1.1120e-14	2.3366e-03	9.9766e-01	3.4258e-02	9.6574e-01	6.4282e-14	3.7979e-18	9.8290e-05	3.4756e-01	6.5205e-01	2.8719e-04	1.6249e-03	7.0730e-01	2.9107e-01	1.1755e-36	1.1755e-36	1.1755e-36	1.8929e-26	0.00e+00	0.00e+00	3.6183e+00
5.61661e+19	7.1835e+03	3.036e-22	1.0000e+01	1.0807e+01	1.1997e-14	2.4693e-03	9.9753e-01	3.9943e-02	9.6006e-01	5.4131e-14	4.8325e-18	1.0761e-04	3.7627e-01	6.2337e-01	2.5036e-04	1.8071e-03	7.3790e-01	2.6030e-01	1.1755e-36	1.1755e-36	1.1755e-36	2.3795e-26	0.00e+00	0.00e+00	3.7401e+00
5.69102e+19	7.2366e+03	3.052e-22	1.0000e+01	1.0801e+01	1.2957e-14	2.6017e-03	9.9740e-01	4.6946e-02	9.5305e-01	4.6454e-14	6.0666e-18	1.1736e-04	4.0588e-01	5.9379e-01	2.1739e-04	1.9943e-03	7.6680e-01	2.3120e-01	1.1755e-36	1.1755e-36	1.1755e-36	2.9487e-26	0.00e+00	0.00e+00	3.8562e+00
5.75658e+19	7.3033e+03	3.061e-22	1.0000e+01	1.0794e+01	1.3692e-14	2.7234e-03	9.9728e-01	5.5224e-02	9.4478e-01	4.0652e-14	7.4366e-18	1.2685e-04	4.3507e-01	5.6462e-01	1.8904e-04	2.1762e-03	7.9357e-01	2.0425e-01	1.1755e-36	1.1755e-36	1.1755e-36	3.5692e-26	0.00e+00	0.00e+00	3.9601e+00
5.81252e+19	7.3322e+03	3.074e-22	1.0000e+01	1.0782e+01	1.4743e-14	2.8444e-03	9.9716e-01	6.4566e-02	9.3543e-01	3.5966e-14	8.9640e-18	1.3616e-04	4.6355e-01	5.3615e-01	1.6424e-04	2.3565e-03	8.1770e-01	1.7994e-01	1.1755e-36	1.1755e-36	1.1755e-36	4.2403e-26	0.00e+00	0.00e+00	4.0525e+00
5.86103e+19	7.3858e+03	3.079e-22	1.0000e+01	1.0775e+01	1.5406e-14	2.9491e-03	9.9705e-01	7.5605e-02	9.2439e-01	3.2423e-14	1.0540e-17	1.4491e-04	4.9029e-01	5.0942e-01	1.4347e-04	2.5219e-03	8.3927e-01	1.5820e-01	1.1755e-36	1.1755e-36	1.1755e-36	4.9277e-26	0.00e+00	0.00e+00	4.1374e+00
5.90383e+19	7.4124e+03	3.087e-22	1.0000e+01	1.0759e+01	1.6308e-14	3.0530e-03	9.9695e-01	8.8297e-02	9.1170e-01	2.9268e-14	1.2241e-17	1.5335e-04	5.1626e-01	4.8346e-01	1.2501e-04	2.6854e-03	8.5901e-01	1.3830e-01	1.1755e-36	1.1755e-36	1.1755e-36	5.6454e-26	0.00e+00	0.00e+00	4.2145e+00
5.94171e+19	7.4362e+03	3.095e-22	1.0000e+01	1.0747e+01	1.7211e-14	3.1512e-03	9.9685e-01	1.0368e-01	8.9632e-01	2.6696e-14	1.4058e-17	1.6152e-04	5.4109e-01	4.5864e-01	1.0885e-04	2.8425e-03	8.7703e-01	1.2013e-01	1.1755e-36	1.1755e-36	1.1755e-36	6.4123e-26	0.00e+00	0.00e+00	4.2856e+00
5.97497e+19	7.4664e+03	3.097e-22	1.0000e+01	1.0731e+01	1.7912e-14	3.2379e-03	9.9676e-01	1.2151e-01	8.7849e-01	2.4477e-14	1.5855e-17	1.6894e-04	5.6403e-01	4.3571e-01	9.5072e-05	2.9865e-03	8.9322e-01	1.0380e-01	1.1755e-36	1.1755e-36	1.1755e-36	7.1520e-26	0.00e+00	0.00e+00	4.3486e+00
6.00379e+19	7.4874e+03	3.101e-22	1.0000e+01	1.0717e+01	1.8636e-14	3.3180e-03	9.9668e-01	1.4213e-01	8.5787e-01	2.2554e-14	1.7648e-17	1.7570e-04	5.8495e-01	4.1479e-01	8.3258e-05	3.1201e-03	9.0755e-01	8.9332e-02	1.1755e-36	1.1755e-36	1.1755e-36	7.8776e-26	0.00e+00	0.00e+00	4.4048e+00
6.02908e+19	7.5002e+03	3.103e-22	1.0000e+01	1.0698e+01	1.9407e-14	3.3923e-03	9.9661e-01	1.6585e-01	8.3415e-01	2.0786e-14	1.9439e-17	1.8185e-04	6.0405e-01	3.9569e-01	7.3044e-05	3.2444e-03	9.2026e-01	7.6494e-02	1.1755e-36	1.1755e-36	1.1755e-36	8.5949e-26	0.00e+00	0.00e+00	4.4557e+00
6.05161e+19	7.5185e+03	3.098e-22	1.0000e+01	1.0670e+01	1.9984e-14	3.4556e-03	9.9654e-01	1.9288e-01	8.0712e-01	1.9087e-14	2.1106e-17	1.8714e-04	6.2112e-01	3.7863e-01	6.4295e-05	3.3549e-03	9.3154e-01	6.5104e-02	1.1755e-36	1.1755e-36	1.1755e-36	9.2343e-26	0.00e+00	0.00e+00	4.5022e+00
6.07209e+19	7.5291e+03	3.095e-22	1.0000e+01	1.0647e+01	2.0670e-14	3.5180e-03	9.9648e-01	2.2501e-01	7.7499e-01	1.7505e-14	2.2844e-17	1.9210e-04	6.3688e-01	3.6287e-01	5.6446e-05	3.4613e-03	9.4175e-01	5.4789e-02	1.1755e-36	1.1755e-36	1.1755e-36	9.9160e-26	0.00e+00	0.00e+00	4.5458e+00
6.09074e+19	7.5389e+03	3.088e-22	1.0000e+01	1.0618e+01	2.1301e-14	3.5741e-03	9.9643e-01	2.6246e-01	7.3754e-01	1.5940e-14	2.4517e-17	1.9641e-04	6.5106e-01	3.4869e-01	4.9539e-05	3.5586e-03	9.5086e-01	4.5581e-02	1.1755e-36	1.1755e-36	1.1755e-36	1.0553e-25	0.00e+00	0.00e+00	4.5857e+00
6.10754e+19	7.5417e+03	3.079e-22	1.0000e+01	1.0583e+01	2.1977e-14	3.6259e-03	9.9637e-01	3.0527e-01	6.9473e-01	1.4387e-14	2.6124e-17	2.0009e-04	6.6356e-01	3.3620e-01	4.3487e-05	3.6476e-03	9.5879e-01	3.7564e-02	1.1755e-36	1.1755e-36	1.1755e-36	1.1146e-25	0.00e+00	0.00e+00	4.6221e+00
6.12283e+19	7.5483e+03	3.064e-22	1.0000e+01	1.0543e+01	2.2523e-14	3.6704e-03	9.9633e-01	3.5358e-01	6.4642e-01	1.2850e-14	2.7607e-17	2.0309e-04	6.7433e-01	3.2543e-01	3.8201e-05	3.7257e-03	9.6563e-01	3.0646e-02	1.1755e-36	1.1755e-36	1.1755e-36	1.1672e-25	0.00e+00	0.00e+00	4.6561e+00
6.13710e+19	7.5432e+03	3.048e-22	1.0000e+01	1.0498e+01	2.3252e-14	3.7148e-03	9.9629e-01	4.0862e-01	5.9138e-01	1.1279e-14	2.9104e-17	2.0564e-04	6.8388e-01	3.1588e-01	3.3406e-05	3.8001e-03	9.7155e-01	2.4653e-02	1.1755e-36	1.1755e-36	1.1755e-36	1.2195e-25	0.00e+00	0.00e+00	4.6887e+00
6.15073e+19	7.5450e+03	3.023e-22	1.0000e+01	1.0436e+01	2.3752e-14	3.7493e-03	9.9625e-01	4.7022e-01	5.2978e-01	9.5785e-15	3.0363e-17	2.0732e-04	6.9186e-01	3.0791e-01	2.9118e-05	3.8618e-03	9.7665e-01	1.9493e-02	1.1755e-36	1.1755e-36	1.1755e-36	1.2567e-25	0.00e+00	0.00e+00	4.7203e+00
6.16408e+19	7.5365e+03	2.997e-22	1.0000e+01	1.0376e+01	2.4495e-14	3.7880e-03	9.9621e-01	5.3998e-01	4.6002e-01	7.9289e-15	3.1759e-17	2.0883e-04	6.9903e-01	3.0073e-01	2.5064e-05	3.9252e-03	9.8102e-01	1.5054e-02	1.1755e-36	1.1755e-36	1.1755e-36	1.3008e-25	0.00e+00	0.00e+00	4.7522e+00
6.17939e+19	7.5238e+03	2.960e-22	1.0000e+01	1.0292e+01	2.5395e-14	3.8300e-03	9.9617e-01	6.2700e-01	3.7300e-01	6.0386e-15	3.3292e-17	2.0986e-04	7.0585e-01	2.9392e-01	2.0703e-05	3.9922e-03	9.8513e-01	1.0873e-02	1.1755e-36	1.1755e-36	1.1755e-36	1.3460e-25	0.00e+00	0.00e+00	4.7940e+00
6.19610e+19	7.5052e+03	2.921e-22	1.0000e+01	1.0209e+01	2.6534e-14	3.8810e-03	9.9612e-01	7.2445e-01	2.7555e-01	4.2077e-15	3.5037e-17	2.1072e-04	7.1191e-01	2.8786e-01	1.6495e-05	4.0671e-03	9.8860e-01	7.3310e-03	1.1755e-36	1.1755e-36	1.1755e-36	1.4000e-25	0.00e+00	0.00e+00	4.8335e+00
6.21193e+19	7.4829e+03	2.891e-22	1.0000e+01	1.0153e+01	2.7909e-14	3.9415e-03	9.9606e-01	8.0883e-01	1.9117e-01	2.7961e-15	3.6961e-17	2.1176e-04	7.1677e-01	2.8301e-01	1.2933e-05	4.1474e-03	9.9095e-01	4.9001e-03	1.1755e-36	1.1755e-36	1.1755e-36	1.4713e-25	0.00e+00	0.00e+00	4.8722e+00
6.22981e+19	7.4675e+03	2.861e-22	1.0000e+01	1.0090e+01	2.9291e-14	4.0077e-03	9.9599e-01	8.8141e-01	1.1859e-01	1.6470e-15	3.8901e-17	2.1240e-04	7.2069e-01	2.7909e-01	9.6006e-06	4.2330e-03	9.9269e-01	3.0819e-03	1.1755e-36	1.1755e-36	1.1755e-36	1.5475e-25	0.00e+00	0.00e+00	4.9234e+00
6.25305e+19	7.4558e+03	2.838e-22	1.0000e+01	1.0035e+01	3.1066e-14	4.1028e-03	9.9590e-01	9.4006e-01	5.9944e-02	7.8135e-16	4.1406e-17	2.1334e-04	7.2462e-01	2.7517e-01	6.3832e-06	4.3506e-03	9.9397e-01	1.6827e-03	1.1755e-36	1.1755e-36	1.1755e-36	1.6605e-25	0.00e+00	0.00e+00	4.9914e+00
6.28327e+19	7.4487e+03	2.830e-22	1.0000e+01	9.9925e+00	3.3503e-14	4.2400e-03	9.9576e-01	9.7597e-01	2.4027e-02	2.8968e-16	4.4850e-17	2.1484e-04	7.2883e-01	2.7095e-01	3.6797e-06	4.5156e-03	9.9471e-01	7.7354e-04	1.1755e-36	1.1755e-36	1.1755e-36	1.8392e-25	0.00e+00	0.00e+00	5.0829e+00
6.32255e+19	7.4559e+03	2.839e-22	1.0000e+01	9.9718e+00	3.6741e-14	4.4373e-03	9.9556e-01	9.9232e-01	7.6841e-03	8.4731e-17	4.9862e-17	2.1729e-04	7.3394e-01	2.6584e-01	1.7812e-06	4.7497e-03	9.9496e-01	2.9100e-04	1.1755e-36	1.1755e-36	1.1755e-36	2.1287e-25	0.00e+00	0.00e+00	5.2073e+00
6.37362e+19	7.4727e+03	2.863e-22	1.0000e+01	9.9632e+00	4.1527e-14	4.7238e-03	9.9528e-01	9.9801e-01	1.9897e-03	1.9692e-17	5.7584e-17	2.2082e-04	7.4059e-01	2.5919e-01	6.9551e-07	5.0883e-03	9.9482e-01	8.7095e-05	1.1755e-36	1.1755e-36	1.1755e-36	2.6123e-25	0.00e+00	0.00e+00	5.3795e+00
6.44001e+19	7.4971e+03	2.901e-22	1.0000e+01	9.9589e+00	4.9187e-14	5.1499e-03	9.9485e-01	9.9958e-01	4.1742e-04	3.6094e-18	7.0270e-17	2.2568e-04	7.4956e-01	2.5021e-01	2.0714e-07	5.5930e-03	9.9439e-01	2.0086e-05	1.1755e-36	1.1755e-36	1.1755e-36	3.4781e-25	0.00e+00	0.00e+00	5.6235e+00
6.52632e+19	7.5279e+03	2.955e-22	1.0000e+01	9.9540e+00	6.2517e-14	5.8144e-03	9.9419e-01	9.9993e-01	6.9422e-05	5.0573e-19	9.2866e-17	2.3232e-04	7.6192e-01	2.3784e-01	1.1755e-36	6.3840e-03	9.9361e-01	3.4264e-06	1.1755e-36	1.1755e-36	1.1755e-36	5.1975e-25	0.00e+00	0.00e+00	5.9817e+00
6.62264e+19	7.5644e+03	3.021e-22	1.0000e+01	9.9475e+00	8.4207e-14	6.7712e-03	9.9323e-01	9.9999e-01	1.1168e-05	6.7938e-20	1.3087e-16	2.4002e-04	7.7657e-01	2.2319e-01	1.1755e-36	7.5306e-03	9.9247e-01	5.1143e-07	1.1755e-36	1.1755e-36	1.1755e-36	8.5189e-25	0.00e+00	0.00e+00	6.3883e+00
6.70603e+19	7.5856e+03	3.089e-22	1.0000e+01	9.9354e+00	1.1452e-13	7.8983e-03	9.9210e-01	1.0000e+00	2.8630e-06	1.5012e-20	1.8406e-16	2.4740e-04	7.9051e-01	2.0925e-01	1.1755e-36	8.8890e-03	9.9111e-01	1.0414e-07	1.1755e-36	1.1755e-36	1.1755e-36	1.3909e-24	0.00e+00	0.00e+00	6.7458e+00
6.76886e+19	7.6006e+03	3.143e-22	1.0000e+01	9.9219e+00	1.4921e-13	9.0115e-03	9.9099e-01	1.0000e+00	1.2939e-06	6.0759e-21	2.4614e-16	2.5319e-04	8.0207e-01	1.9768e-01	1.1755e-36	1.0237e-02	9.8976e-01	3.2795e-08	1.1755e-36	1.1755e-36	1.1755e-36	2.1127e-24	0.00e+00	0.00e+00	7.0528e+00
6.82018e+19	7.6072e+03	3.191e-22	1.0000e+01	9.9103e+00	1.9029e-13	1.0152e-02	9.8985e-01	1.0000e+00	7.9847e-07	3.4177e-21	3.2001e-16	2.5830e-04	8.1244e-01	1.8730e-01	1.1755e-36	1.1624e-02	9.8838e-01	1.2907e-08	1.1755e-36	1.1755e-36	1.1755e-36	3.0804e-24	0.00e+00	0.00e+00	7.3648e+00
6.87614e+19	7.6063e+03	3.245e-22	1.0000e+01	9.8949e+00	2.5544e-13	1.1699e-02	9.8830e-01	1.0000e+00	5.4724e-07	2.1051e-21	4.3735e-16	2.6424e-04	8.2487e-01	1.7487e-01	1.1755e-36	1.3510e-02	9.8649e-01	4.6433e-09	1.1755e-36	1.1755e-36	1.1755e-36	4.8214e-24	0.00e+00	0.00e+00	7.8321e+00
6.93532e+19	7.5967e+03	3.311e-22	1.0000e+01	9.8763e+00	3.6693e-13	1.3909e-02	9.8609e-01	1.0000e+00	3.9733e-07	1.3748e-21	6.3723e-16	2.7090e-04	8.3880e-01	1.6093e-01	1.1755e-36	1.6213e-02	9.8379e-01	1.5838e-09	1.1755e-36	1.1755e-36	1.1755e-36	8.2833e-24	0.00e+00	0.00e+00	8.3160e+00
6.98298e+19	7.5800e+03	3.368e-22	1.0000e+01	9.8480e+00	5.1943e-13	1.6394e-02	9.8361e-01	1.0000e+00	3.1938e-07	1.0182e-21	9.0781e-16	2.7645e-04	8.5117e-01	1.4855e-01	1.1755e-36	1.9259e-02	9.8074e-01	6.6587e-10	1.1755e-36	1.1755e-36	1.1755e-36	1.3784e-23	0.00e+00	0.00e+00	8.7326e+00
7.01968e+19	7.5569e+03	3.416e-22	1.0000e+01	9.8222e+00	7.0955e-13	1.8956e-02	9.8104e-01	1.0000e+00	2.7394e-07	8.1868e-22	1.2400e-15	2.8108e-04	8.6174e-01	1.3798e-01	1.1755e-36	2.2405e-02	9.7759e-01	3.3811e-10	1.1755e-36	1.1755e-36	1.1755e-36	2.1595e-23	0.00e+00	0.00e+00	9.1294e+00
7.05177e+19	7.5280e+03	3.460e-22	1.0000e+01	9.7937e+00	9.6702e-13	2.1857e-02	9.7814e-01	1.0000e+00	2.3859e-07	6.7307e-22	1.6818e-15	2.8529e-04	8.7174e-01	1.2798e-01	1.1755e-36	2.5970e-02	9.7403e-01	1.8409e-10	1.1755e-36	1.1755e-36	1.1755e-36	3.3496e-23	0.00e+00	0.00e+00	9.5576e+00
7.08249e+19	7.4980e+03	3.500e-22	1.0000e+01	9.7565e+00	1.3467e-12	2.5462e-02	9.7454e-01	1.0000e+00	2.0679e-07	5.5231e-22	2.3277e-15	2.8926e-04	8.8194e-01	1.1777e-01	1.1755e-36	3.0404e-02	9.6960e-01	1.0126e-10	1.1755e-36	1.1755e-36	1.1755e-36	5.3552e-23	0.00e+00	0.00e+00	1.0047e+01
7.11153e+19	7.4459e+03	3.544e-22	1.0000e+01	9.7106e+00	1.9574e-12	3.0090e-02	9.6991e-01	1.0000e+00	1.7731e-07	4.4959e-22	3.3149e-15	2.9320e-04	8.9240e-01	1.0730e-01	1.1755e-36	3.6093e-02	9.6391e-01	5.6732e-11	1.1755e-36	1.1755e-36	1.1755e-36	8.9180e-23	0.00e+00	0.00e+00	1.0572e+01
7.13845e+19	7.3930e+03	3.580e-22	1.0000e+01	9.6519e+00	2.9130e-12	3.5956e-02	9.6404e-01	1.0000e+00	1.5214e-07	3.6800e-22	4.8238e-15	2.9666e-04	9.0288e-01	9.6828e-02	1.1755e-36	4.3300e-02	9.5670e-01	3.2364e-11	1.1755e-36	1.1755e-36	1.1755e-36	1.5345e-22	0.00e+00	0.00e+00	1.1167e+01
7.16336e+19	7.3335e+03	3.607e-22	1.0000e+01	9.5758e+00	4.4816e-12	4.3569e-02	9.5643e-01	1.0000e+00	1.2884e-07	2.9884e-22	7.2112e-15	2.9952e-04	9.1329e-01	8.6412e-02	1.1755e-36	5.2637e-02	9.4736e-01	1.8766e-11	1.1755e-36	1.1755e-36	1.1755e-36	2.7494e-22	0.00e+00	0.00e+00	1.1817e+01
7.18534e+19	7.2688e+03	3.625e-22	1.0000e+01	9.4935e+00	7.0533e-12	5.3280e-02	9.4672e-01	1.0000e+00	1.0873e-07	2.4323e-22	1.0978e-14	3.0193e-04	9.2331e-01	7.6390e-02	1.1755e-36	6.4513e-02	9.3549e-01	1.1239e-11	1.1755e-36	1.1755e-36	1.1755e-36	5.0708e-22	0.00e+00	0.00e+00	1.2501e+01
7.20429e+19	7.2039e+03	3.620e-22	1.0000e+01	9.3789e+00	1.1162e-11	6.5286e-02	9.3471e-01	1.0000e+00	9.1867e-08	1.9999e-22	1.6722e-14	3.0272e-04	9.3253e-01	6.7169e-02	1.1755e-36	7.9136e-02	9.2086e-01	6.9765e-12	1.1755e-36	1.1755e-36	1.1755e-36	9.3732e-22	0.00e+00	0.00e+00	1.3224e+01
7.22076e+19	7.1385e+03	3.589e-22	1.0000e+01	9.2334e+00	1.7833e-11	8.0278e-02	9.1972e-01	1.0000e+00	7.7316e-08	1.6506e-22	2.5601e-14	3.0222e-04	9.4106e-01	5.8638e-02	1.1755e-36	9.7294e-02	9.0271e-01	4.4356e-12	1.1755e-36	1.1755e-36	1.1755e-36	1.7493e-21	0.00e+00	0.00e+00	1.4005e+01
7.23494e+19	7.0707e+03	3.530e-22	1.0000e+01	9.0524e+00	2.8702e-11	9.8886e-02	9.0111e-01	1.0000e+00	6.4601e-08	1.3638e-22	3.9238e-14	3.0010e-04	9.4882e-01	5.0881e-02	1.1755e-36	1.1966e-01	8.8034e-01	2.8882e-12	1.1755e-36	1.1755e-36	1.1755e-36	3.2767e-21	0.00e+00	0.00e+00	1.4814e+01
7.24669e+19	7.0000e+03	3.440e-22	1.0000e+01	8.8352e+00	4.5728e-11	1.2093e-01	8.7907e-01	1.0000e+00	5.4174e-08	1.1409e-22	5.9103e-14	2.9624e-04	9.5557e-01	4.4129e-02	1.1755e-36	1.4592e-01	8.5408e-01	1.9462e-12	1.1755e-36	1.1755e-36	1.1755e-36	5.9928e-21	0.00e+00	0.00e+00	1.5619e+01
7.25628e+19	6.9242e+03	3.323e-22	1.0000e+01	8.5865e+00	7.1401e-11	1.4598e-01	8.5402e-01	1.0000e+00	4.5875e-08	9.7114e-23	8.6505e-14	2.9082e-04	9.6132e-01	3.8388e-02	1.1755e-36	1.7544e-01	8.2456e-01	1.3590e-12	1.1755e-36	1.1755e-36	1.1755e-36	1.0517e-20	0.00e+00	0.00e+00	1.6416e+01
7.26431e+19	6.8445e+03	3.169e-22	1.0000e+01	8.2750e+00	1.0883e-10	1.7363e-01	8.2637e-01	1.0000e+00	3.9147e-08	8.4228e-23	1.2209e-13	2.8280e-04	9.6614e-01	3.3580e-02	1.1755e-36	2.0761e-01	7.9239e-01	9.7684e-13	1.1755e-36	1.1755e-36	1.1755e-36	1.7465e-20	0.00e+00	0.00e+00	1.7227e+01
7.27133e+19	6.7474e+03	2.997e-22	1.0000e+01	7.9509e+00	1.6748e-10	2.0584e-01	7.9416e-01	1.0000e+00	3.3291e-08	7.3020e-23	1.7145e-13	2.7428e-04	9.7053e-01	2.9196e-02	1.1755e-36	2.4459e-01	7.5541e-01	7.0744e-13	1.1755e-36	1.1755e-36	1.1755e-36	2.8850e-20	0.00e+00	0.00e+00	1.8092e+01
7.27761e+19	6.6296e+03	2.796e-22	1.0000e+01	7.5777e+00	2.6104e-10	2.4314e-01	7.5686e-01	1.0000e+00	2.8204e-08	6.3552e-23	2.3834e-13	2.6377e-04	9.7448e-01	2.5253e-02	1.1755e-36	2.8671e-01	7.1329e-01	5.1452e-13	1.1755e-36	1.1755e-36	1.1755e-36	4.6945e-20	0.00e+00	0.00e+00	1.8997e+01
7.28295e+19	6.4948e+03	2.580e-22	1.0000e+01	7.1749e+00	4.0316e-10	2.8339e-01	7.1661e-01	1.0000e+00	2.3918e-08	5.5745e-23	3.2175e-13	2.5195e-04	9.7783e-01	2.1916e-02	1.1755e-36	3.3136e-01	6.6864e-01	3.8200e-13	1.1755e-36	1.1755e-36	1.1755e-36	7.3125e-20	0.00e+00	0.00e+00	1.9854e+01
7.28705e+19	6.3602e+03	2.382e-22	1.0000e+01	6.7986e+00	5.8903e-10	3.2099e-01	6.7901e-01	1.0000e+00	2.0711e-08	5.0004e-23	4.0965e-13	2.4059e-04	9.8037e-01	1.9393e-02	1.1755e-36	3.7234e-01	6.2766e-01	2.9813e-13	1.1755e-36	1.1755e-36	1.1755e-36	1.0443e-19	0.00e+00	0.00e+00	2.0545e+01
7.28999e+19	6.2403e+03	2.222e-22	1.0000e+01	6.4929e+00	7.9666e-10	3.5209e-01	6.4791e-01	1.0000e+00	1.8703e-08	4.6548e-23	4.8965e-13	2.3122e-04	9.8217e-01	1.7601e-02	1.1755e-36	4.0571e-01	5.9429e-01	2.4656e-13	1.1755e-36	1.1755e-36	1.1755e-36	1.3593e-19	0.00e+00	0.00e+00	2.1093e+01
7.29227e+19	6.1297e+03	2.086e-22	1.0000e+01	6.2242e+00	1.0263e-09	3.7841e-01	6.2159e-01	1.0000e+00	1.7348e-08	4.4417e-23	5.6139e-13	2.2287e-04	9.8353e-01	1.6242e-02	1.1755e-36	4.3359e-01	5.6641e-01	2.1137e-13	1.1755e-36	1.1755e-36	1.1755e-36	1.6621e-19	0.00e+00	0.00e+00	2.1593e+01
7.29428e+19	6.0170e+03	1.960e-22	1.0000e+01	5.9713e+00	1.3064e-09	4.0363e-01	5.9637e-01	1.0000e+00	1.6073e-08	4.2302e-23	6.3436e-13	2.1496e-04	9.8473e-01	1.5053e-02	1.1755e-36	4.6000e-01	5.4000e-01	1.8335e-13	1.1755e-36	1.1755e-36	1.1755e-36	1.9911e-19	0.00e+00	0.00e+00	2.2087e+01
7.29617e+19	5.8973e+03	1.836e-22	1.0000e+01	5.7184e+00	1.6638e-09	4.2883e-01	5.7117e-01	1.0000e+00	1.4860e-08	4.0245e-23	7.1105e-13	2.0699e-04	9.8583e-01	1.3965e-02	1.1755e-36	4.8609e-01	5.1391e-01	1.5977e-13	1.1755e-36	1.1755e-36	1.1755e-36	2.3592e-19	0.00e+00	0.00e+00	2.2583e+01
7.29791e+19	5.7711e+03	1.719e-22	1.0000e+01	5.4718e+00	2.1169e-09	4.5359e-01	5.4641e-01	1.0000e+00	1.3730e-08	3.8271e-23	7.9051e-13	1.9919e-04	9.8682e-01	1.2981e-02	1.1755e-36	5.1146e-01	4.8854e-01	1.4012e-13	1.1755e-36	1.1755e-36	1.1755e-36	2.7665e-19	0.00e+00	0.00e+00	2.3058e+01
7.29948e+19	5.6458e+03	1.611e-22	1.0000e+01	5.2392e+00	2.6614e-09	4.7686e-01	5.2314e-01	1.0000e+00	1.2776e-08	3.6634e-23	8.6883e-13	1.9177e-04	9.8769e-01	1.2123e-02	1.1755e-36	5.3504e-01	4.6496e-01	1.2418e-13	1.1755e-36	1.1755e-36	1.1755e-36	3.1957e-19	0.00e+00	0.00e+00	2.3501e+01
7.30088e+19	5.5212e+03	1.513e-22	1.0000e+01	5.0223e+00	3.3095e-09	4.9855e-01	5.0145e-01	1.0000e+00	1.1962e-08	3.5244e-23	9.4560e-13	1.8484e-04	9.8844e-01	1.1373e-02	1.1755e-36	5.5681e-01	4.4319e-01	1.1116e-13	1.1755e-36	1.1755e-36	1.1755e-36	3.6474e-19	0.00e+00	0.00e+00	2.3918e+01
7.30215e+19	5.3965e+03	1.423e-22	1.0000e+01	4.8174e+00	4.0824e-09	5.1904e-01	4.8096e-01	1.0000e+00	1.1245e-08	3.4020e-23	1.0222e-12	1.7828e-04	9.8912e-01	1.0704e-02	1.1755e-36	5.7720e-01	4.2280e-01	1.0023e-13	1.1755e-36	1.1755e-36	1.1755e-36	4.1334e-19	0.00e+00	0.00e+00	2.4320e+01
7.30334e+19	5.2696e+03	1.339e-22	1.0000e+01	4.6207e+00	5.0141e-09	5.3873e-01	4.6127e-01	1.0000e+00	1.0585e-08	3.2867e-23	1.1003e-12	1.7197e-04	9.8973e-01	1.0094e-02	1.1755e-36	5.9662e-01	4.0338e-01	9.0816e-14	1.1755e-36	1.1755e-36	1.1755e-36	4.6719e-19	0.00e+00	0.00e+00	2.4713e+01
7.30430e+19	5.1650e+03	1.274e-22	1.0000e+01	4.4635e+00	5.9111e-09	5.5444e-01	4.4556e-01	1.0000e+00	9.9548e-09	3.1583e-23	1.1663e-12	1.6691e-04	9.9020e-01	9.6354e-03	1.1755e-36	6.1199e-01	3.8801e-01	8.4019e-14	1.1755e-36	1.1755e-36	1.1755e-36	5.1641e-19	0.00e+00	0.00e+00	2.4979e+01
7.30499e+19	5.0833e+03	1.226e-22	1.0000e+01	4.3468e+00	6.6923e-09	5.6611e-01	4.3389e-01	1.0000e+00	9.6873e-09	3.1235e-23	1.2182e-12	1.6316e-04	9.9053e-01	9.3034e-03	1.1755e-36	6.2334e-01	3.7666e-01	7.9298e-14	1.1755e-36	1.1755e-36	1.1755e-36	5.5773e-19	0.00e+00	0.00e+00	2.5200e+01
7.30563e+19	5.0001e+03	1.180e-22	1.0000e+01	4.2345e+00	7.5631e-09	5.7744e-01	4.2256e-01	1.0000e+00	9.4102e-09	3.0815e-23	1.2716e-12	1.5957e-04	9.9085e-01	8.9867e-03	1.1755e-36	6.3431e-01	3.6569e-01	7.4960e-14	1.1755e-36	1.1755e-36	1.1755e-36	6.0290e-19	0.00e+00	0.00e+00	2.5444e+01
7.30634e+19	4.9023e+03	1.131e-22	1.0000e+01	4.1092e+00	8.6588e-09	5.8999e-01	4.1001e-01	1.0000e+00	9.0248e-09	3.0069e-23	1.3251e-12	1.5558e-04	9.9121e-01	8.6295e-03	1.1755e-36	6.4643e-01	3.5357e-01	7.0437e-14	1.1755e-36	1.1755e-36	1.1755e-36	6.4720e-19	0.00e+00	0.00e+00	2.5719e+01
7.30707e+19	4.7962e+03	1.081e-22	1.0000e+01	3.9782e+00	9.9667e-09	6.0317e-01	3.9683e-01	1.0000e+00	8.5957e-09	2.9171e-23	1.3818e-12	1.5142e-04	9.9158e-01	8.2657e-03	1.1755e-36	6.5907e-01	3.4093e-01	6.5990e-14	1.1755e-36	1.1755e-36	1.1755e-36	6.9628e-19	0.00e+00	0.00e+00	2.5998e+01
7.30778e+19	4.6894e+03	1.033e-22	1.0000e+01	3.8510e+00	1.1396e-08	6.1596e-01	3.8404e-01	1.0000e+00	8.2027e-09	2.8346e-23	1.4367e-12	1.4740e-04	9.9193e-01	7.9223e-03	1.1755e-36	6.7127e-01	3.2873e-01	6.1941e-14	1.1755e-36	1.1755e-36	1.1755e-36	7.4561e-19	0.00e+00	0.00e+00	2.6266e+01
7.30840e+19	4.5952e+03	9.921e-23	1.0000e+01	3.7409e+00	1.2736e-08	6.2693e-01	3.7307e-01	1.0000e+00	7.8510e-09	2.7572e-23	1.4827e-12	1.4393e-04	9.9222e-01	7.6358e-03	1.1755e-36	6.8169e-01	3.1831e-01	5.8654e-14	1.1755e-36	1.1755e-36	1.1755e-36	7.8801e-19	0.00e+00	0.00e+00	2.6484e+01
7.30894e+19	4.5087e+03	9.567e-23	1.0000e+01	3.6436e+00	1.4012e-08	6.3665e-01	3.6335e-01	1.0000e+00	7.6115e-09	2.7117e-23	1.5224e-12	1.4087e-04	9.9247e-01	7.3857e-03	1.1755e-36	6.9088e-01	3.0912e-01	5.5875e-14	1.1755e-36	1.1755e-36	1.1755e-36	8.2495e-19	0.00e+00	0.00e+00	2.6693e+01
7.30949e+19	4.4202e+03	9.201e-23	1.0000e+01	3.5402e+00	1.5340e-08	6.4644e-01	3.5356e-01	1.0000e+00	7.3603e-09	2.6652e-23	1.5588e-12	1.3760e-04	9.9272e-01	7.1380e-03	1.1755e-36	7.0011e-01	2.9989e-01	5.3159e-14	1.1755e-36	1.1755e-36	1.1755e-36	8.5834e-19	0.00e+00	0.00e+00	2.6927e+01
7.31010e+19	4.3089e+03	8.800e-23	1.0000e+01	3.4270e+00	1.7020e-08	6.5813e-01	3.4187e-01	1.0000e+00	7.0387e-09	2.5908e-23	1.6026e-12	1.3413e-04	9.9302e-01	6.8471e-03	1.1755e-36	7.1107e-01	2.8893e-01	5.0119e-14	1.1755e-36	1.1755e-36	1.1755e-36	8.9785e-19	0.00e+00	0.00e+00	2.7202e+01
7.31076e+19	4.1891e+03	8.383e-23	1.0000e+01	3.3051e+00	1.8763e-08	6.7029e-01	3.2971e-01	1.0000e+00	6.6549e-09	2.4952e-23	1.6416e-12	1.3040e-04	9.9332e-01	6.5526e-03	1.1755e-36	7.2242e-01	2.7758e-01	4.7112e-14	1.1755e-36	1.1755e-36	1.1755e-36	9.2955e-19	0.00e+00	0.00e+00	2.7481e+01
7.31140e+19	4.0699e+03	7.989e-23	1.0000e+01	3.1877e+00	2.0374e-08	6.8202e-01	3.1798e-01	1.0000e+00	6.2808e-09	2.3978e-23	1.6731e-12	1.2685e-04	9.9360e-01	6.2751e-03	1.1755e-36	7.3332e-01	2.6668e-01	4.4354e-14	1.1755e-36	1.1755e-36	1.1755e-36	9.4982e-19	0.00e+00	0.00e+00	2.7748e+01
7.31201e+19	3.9525e+03	7.622e-23	1.0000e+01	3.0760e+00	2.1783e-08	6.9319e-01	3.0681e-01	1.0000e+00	5.8715e-09	2.2808e-23	1.6965e-12	1.2354e-04	9.9386e-01	6.0164e-03	1.1755e-36	7.4365e-01	2.5635e-01	4.1850e-14	1.1755e-36	1.1755e-36	1.1755e-36	9.5737e-19	0.00e+00	0.00e+00	2.8009e+01
