#depth	Te	Htot	hden	eden	2H_2/H	HI	HII	HeI	HeII	HeIII	CO/C	C1	C2	C3	C4	O1	O2	O3	O4	O5	O6	H2O/O	AV(point)	AV(extend)	Tau912
2.05327e+13	6.4008e+03	1.440e-19	2.1544e+02	2.2633e+02	8.3640e-12	2.6807e-02	9.7319e-01	1.3102e-01	8.6878e-01	1.9331e-04	5.9404e-14	5.6011e-03	7.3151e-01	2.6288e-01	9.0482e-06	3.1992e-02	9.4639e-01	2.1615e-02	3.3542e-07	1.1755e-36	1.1755e-36	5.5131e-22	0.00e+00	0.00e+00	1.4977e-03
1.23196e+14	6.3925e+03	1.435e-19	2.1544e+02	2.2592e+02	8.3926e-12	2.6748e-02	9.7325e-01	1.3097e-01	8.6884e-01	1.9331e-04	5.9015e-14	5.5727e-03	7.3146e-01	2.6296e-01	9.0774e-06	3.1925e-02	9.4643e-01	2.1647e-02	3.3557e-07	1.1755e-36	1.1755e-36	5.4508e-22	0.00e+00	0.00e+00	7.4756e-03
5.33850e+14	6.3708e+03	1.427e-19	2.1544e+02	2.2585e+02	8.5842e-12	2.6782e-02	9.7322e-01	1.3164e-01	8.6817e-01	1.9153e-04	5.9270e-14	5.5688e-03	7.3265e-01	2.6177e-01	8.9898e-06	3.1978e-02	9.4649e-01	2.1531e-02	3.2923e-07	1.1755e-36	1.1755e-36	5.4535e-22	0.00e+00	0.00e+00	3.1417e-02
2.17646e+15	6.3047e+03	1.407e-19	2.1544e+02	2.2571e+02	9.4250e-12	2.7189e-02	9.7281e-01	1.3482e-01	8.6500e-01	1.8358e-04	6.1709e-14	5.6380e-03	7.3796e-01	2.5639e-01	8.5603e-06	3.2517e-02	9.4661e-01	2.0869e-02	2.9961e-07	1.1755e-36	1.1755e-36	5.6589e-22	0.00e+00	0.00e+00	1.2864e-01
5.19888e+15	6.0936e+03	1.345e-19	2.1544e+02	2.2570e+02	1.1322e-11	2.6982e-02	9.7302e-01	1.3875e-01	8.6108e-01	1.7394e-04	6.1194e-14	5.6455e-03	7.4491e-01	2.4943e-01	8.1368e-06	3.2358e-02	9.4720e-01	2.0446e-02	2.7405e-07	1.1755e-36	1.1755e-36	5.3432e-22	0.00e+00	0.00e+00	2.5406e-01
8.25200e+15	5.9048e+03	1.295e-19	2.1544e+02	2.2563e+02	1.3537e-11	2.6873e-02	9.7313e-01	1.4250e-01	8.5734e-01	1.6503e-04	6.0969e-14	5.6698e-03	7.5134e-01	2.4298e-01	7.7319e-06	3.2311e-02	9.4770e-01	1.9985e-02	2.5076e-07	1.1755e-36	1.1755e-36	5.0996e-22	0.00e+00	0.00e+00	3.5240e-01
1.08336e+16	5.7995e+03	1.270e-19	2.1544e+02	2.2547e+02	1.5575e-11	2.7264e-02	9.7274e-01	1.4663e-01	8.5321e-01	1.5630e-04	6.3280e-14	5.7581e-03	7.5769e-01	2.3655e-01	7.2737e-06	3.2849e-02	9.4790e-01	1.9249e-02	2.2416e-07	1.1755e-36	1.1755e-36	5.2259e-22	0.00e+00	0.00e+00	4.4416e-01
1.36782e+16	5.7256e+03	1.255e-19	2.1544e+02	2.2522e+02	1.8093e-11	2.8181e-02	9.7182e-01	1.5255e-01	8.4730e-01	1.4562e-04	6.8621e-14	5.9246e-03	7.6594e-01	2.2813e-01	6.6634e-06	3.4030e-02	9.4784e-01	1.8127e-02	1.9051e-07	1.1755e-36	1.1755e-36	5.7057e-22	0.00e+00	0.00e+00	5.6745e-01
1.73762e+16	5.6599e+03	1.240e-19	2.1544e+02	2.2470e+02	2.1640e-11	2.9615e-02	9.7038e-01	1.6099e-01	8.3888e-01	1.3244e-04	7.7385e-14	6.1682e-03	7.7675e-01	2.1708e-01	5.9003e-06	3.5858e-02	9.4753e-01	1.6616e-02	1.5182e-07	1.1755e-36	1.1755e-36	6.5591e-22	0.00e+00	0.00e+00	7.3589e-01
2.21835e+16	5.5940e+03	1.230e-19	2.1544e+02	2.2396e+02	2.7530e-11	3.2014e-02	9.6799e-01	1.7391e-01	8.2598e-01	1.1627e-04	9.3307e-14	6.5436e-03	7.9154e-01	2.0191e-01	4.9407e-06	3.8888e-02	9.4651e-01	1.4599e-02	1.1755e-36	1.1755e-36	1.1755e-36	8.2272e-22	0.00e+00	0.00e+00	9.7260e-01
2.83280e+16	5.5401e+03	1.229e-19	2.1544e+02	2.2317e+02	3.7895e-11	3.6114e-02	9.6389e-01	1.9420e-01	8.0570e-01	9.7576e-05	1.2474e-13	7.1252e-03	8.1141e-01	1.8146e-01	3.8057e-06	4.4026e-02	9.4394e-01	1.2034e-02	1.1755e-36	1.1755e-36	1.1755e-36	1.1856e-21	0.00e+00	0.00e+00	1.3094e+00
3.47935e+16	5.5486e+03	1.228e-19	2.1544e+02	2.2105e+02	5.0727e-11	4.1541e-02	9.5846e-01	2.1890e-01	7.8102e-01	8.1288e-05	1.7374e-13	7.7744e-03	8.3131e-01	1.6091e-01	2.8311e-06	5.0784e-02	9.3965e-01	9.5686e-03	1.1755e-36	1.1755e-36	1.1755e-36	1.8213e-21	0.00e+00	0.00e+00	1.6528e+00
4.06455e+16	5.5852e+03	1.241e-19	2.1544e+02	2.1928e+02	6.8672e-11	4.8769e-02	9.5123e-01	2.4861e-01	7.5132e-01	6.8016e-05	2.5519e-13	8.5051e-03	8.5081e-01	1.4069e-01	2.0354e-06	5.9720e-02	9.3288e-01	7.4053e-03	1.1755e-36	1.1755e-36	1.1755e-36	3.0277e-21	0.00e+00	0.00e+00	2.0262e+00
4.59947e+16	5.6656e+03	1.254e-19	2.1544e+02	2.1647e+02	9.0595e-11	5.7793e-02	9.4221e-01	2.8241e-01	7.1753e-01	5.7152e-05	3.8344e-13	9.2275e-03	8.6859e-01	1.2218e-01	1.4355e-06	7.0806e-02	9.2358e-01	5.6144e-03	1.1755e-36	1.1755e-36	1.1755e-36	5.2128e-21	0.00e+00	0.00e+00	2.4249e+00
5.08216e+16	5.7615e+03	1.267e-19	2.1544e+02	2.1324e+02	1.2047e-10	6.9156e-02	9.3084e-01	3.2067e-01	6.7928e-01	4.8226e-05	5.9222e-13	9.9227e-03	8.8486e-01	1.0522e-01	9.9026e-07	8.4673e-02	9.1115e-01	4.1756e-03	1.1755e-36	1.1755e-36	1.1755e-36	9.3256e-21	0.00e+00	0.00e+00	2.8561e+00
5.51241e+16	5.8649e+03	1.279e-19	2.1544e+02	2.0944e+02	1.6171e-10	8.3221e-02	9.1678e-01	3.6258e-01	6.3738e-01	4.0920e-05	9.3158e-13	1.0548e-02	8.9932e-01	9.0126e-02	6.7290e-07	1.0171e-01	8.9522e-01	3.0628e-03	1.1755e-36	1.1755e-36	1.1755e-36	1.7087e-20	0.00e+00	0.00e+00	3.3115e+00
5.88728e+16	5.9650e+03	1.284e-19	2.1544e+02	2.0499e+02	2.1872e-10	1.0006e-01	8.9994e-01	4.0647e-01	5.9349e-01	3.4949e-05	1.4703e-12	1.1056e-02	9.1176e-01	7.7184e-02	4.5619e-07	1.2195e-01	8.7581e-01	2.2371e-03	1.1755e-36	1.1755e-36	1.1755e-36	3.1374e-20	0.00e+00	0.00e+00	3.7846e+00
6.21300e+16	6.0528e+03	1.280e-19	2.1544e+02	1.9995e+02	2.9883e-10	1.1987e-01	8.8013e-01	4.5087e-01	5.4910e-01	3.0116e-05	2.3138e-12	1.1432e-02	9.2235e-01	6.6222e-02	3.1036e-07	1.4553e-01	8.5284e-01	1.6341e-03	1.1755e-36	1.1755e-36	1.1755e-36	5.7244e-20	0.00e+00	0.00e+00	4.2802e+00
6.50036e+16	6.1233e+03	1.267e-19	2.1544e+02	1.9436e+02	4.1489e-10	1.4317e-01	8.5683e-01	4.9536e-01	5.0461e-01	2.6068e-05	3.6421e-12	1.1678e-02	9.3146e-01	5.6865e-02	2.1157e-07	1.7298e-01	8.2583e-01	1.1918e-03	1.1755e-36	1.1755e-36	1.1755e-36	1.0429e-19	0.00e+00	0.00e+00	4.8077e+00
6.75731e+16	6.1773e+03	1.239e-19	2.1544e+02	1.8748e+02	5.8147e-10	1.6999e-01	8.3001e-01	5.3903e-01	4.6094e-01	2.2637e-05	5.6779e-12	1.1753e-02	9.3924e-01	4.9011e-02	1.4539e-07	2.0418e-01	7.9495e-01	8.6957e-04	1.1755e-36	1.1755e-36	1.1755e-36	1.8687e-19	0.00e+00	0.00e+00	5.3698e+00
6.99054e+16	6.2066e+03	1.198e-19	2.1544e+02	1.7998e+02	8.3496e-10	2.0135e-01	7.9865e-01	5.8203e-01	4.1795e-01	1.9658e-05	8.8901e-12	1.1702e-02	9.4609e-01	4.2211e-02	1.1755e-36	2.4018e-01	7.5919e-01	6.3126e-04	1.1755e-36	1.1755e-36	1.1755e-36	3.3674e-19	0.00e+00	0.00e+00	5.9817e+00
7.20377e+16	6.2088e+03	1.141e-19	2.1544e+02	1.7147e+02	1.2271e-09	2.3748e-01	7.6252e-01	6.2280e-01	3.7718e-01	1.7193e-05	1.3887e-11	1.1507e-02	9.5210e-01	3.6396e-02	1.1755e-36	2.8099e-01	7.1855e-01	4.5645e-04	1.1755e-36	1.1755e-36	1.1755e-36	6.0634e-19	0.00e+00	0.00e+00	6.6377e+00
7.38718e+16	6.1842e+03	1.075e-19	2.1544e+02	1.6257e+02	1.7995e-09	2.7585e-01	7.2415e-01	6.5827e-01	3.4171e-01	1.5280e-05	2.1000e-11	1.1196e-02	9.5704e-01	3.1766e-02	1.1755e-36	3.2359e-01	6.7607e-01	3.3620e-04	1.1755e-36	1.1755e-36	1.1755e-36	1.0513e-18	0.00e+00	0.00e+00	7.2523e+00
7.52888e+16	6.1411e+03	1.011e-19	2.1544e+02	1.5442e+02	2.5172e-09	3.1091e-01	6.8909e-01	6.8518e-01	3.1481e-01	1.3970e-05	2.9413e-11	1.0841e-02	9.6070e-01	2.8456e-02	1.1755e-36	3.6186e-01	6.3787e-01	2.6067e-04	1.1755e-36	1.1755e-36	1.1755e-36	1.6557e-18	0.00e+00	0.00e+00	7.7582e+00
7.63400e+16	6.0909e+03	9.555e-20	2.1544e+02	1.4774e+02	3.3148e-09	3.4022e-01	6.5978e-01	7.0489e-01	2.9510e-01	1.3063e-05	3.8162e-11	1.0517e-02	9.6335e-01	2.6135e-02	1.1755e-36	3.9339e-01	6.0640e-01	2.1347e-04	1.1755e-36	1.1755e-36	1.1755e-36	2.3623e-18	0.00e+00	0.00e+00	8.1777e+00
7.71940e+16	6.0362e+03	9.060e-20	2.1544e+02	1.4189e+02	4.2209e-09	3.6603e-01	6.3397e-01	7.2068e-01	2.7931e-01	1.2368e-05	4.7403e-11	1.0213e-02	9.6546e-01	2.4322e-02	1.1755e-36	4.2081e-01	5.7901e-01	1.8019e-04	1.1755e-36	1.1755e-36	1.1755e-36	3.1865e-18	0.00e+00	0.00e+00	8.5769e+00
7.79841e+16	5.9736e+03	8.568e-20	2.1544e+02	1.3613e+02	5.3597e-09	3.9149e-01	6.0851e-01	7.3509e-01	2.6490e-01	1.1754e-05	5.8169e-11	9.8989e-03	9.6739e-01	2.2711e-02	1.1755e-36	4.4754e-01	5.5231e-01	1.5318e-04	1.1755e-36	1.1755e-36	1.1755e-36	4.2413e-18	0.00e+00	0.00e+00	8.9914e+00
7.87414e+16	5.9021e+03	8.070e-20	2.1544e+02	1.3030e+02	6.8428e-09	4.1734e-01	5.8266e-01	7.4853e-01	2.5146e-01	1.1205e-05	7.1047e-11	9.5669e-03	9.6919e-01	2.1243e-02	1.1755e-36	4.7437e-01	5.2550e-01	1.3049e-04	1.1755e-36	1.1755e-36	1.1755e-36	5.6366e-18	0.00e+00	0.00e+00	9.4093e+00
7.94384e+16	5.8250e+03	7.592e-20	2.1544e+02	1.2467e+02	8.7007e-09	4.4240e-01	5.5760e-01	7.6040e-01	2.3959e-01	1.0745e-05	8.5707e-11	9.2352e-03	9.7080e-01	1.9961e-02	1.1755e-36	5.0009e-01	4.9980e-01	1.1213e-04	1.1755e-36	1.1755e-36	1.1755e-36	7.4068e-18	0.00e+00	0.00e+00	9.8054e+00
8.00590e+16	5.7459e+03	7.153e-20	2.1544e+02	1.1946e+02	1.0930e-08	4.6566e-01	5.3434e-01	7.7062e-01	2.2937e-01	1.0365e-05	1.0165e-10	8.9202e-03	9.7221e-01	1.8868e-02	1.1755e-36	5.2371e-01	4.7620e-01	9.7637e-05	1.1755e-36	1.1755e-36	1.1755e-36	9.5537e-18	0.00e+00	0.00e+00	1.0175e+01
8.04935e+16	5.6821e+03	6.853e-20	2.1544e+02	1.1585e+02	1.2973e-08	4.8261e-01	5.1739e-01	7.7711e-01	2.2288e-01	1.0137e-05	1.1488e-10	8.6991e-03	9.7313e-01	1.8169e-02	1.1755e-36	5.4075e-01	4.5916e-01	8.8664e-05	1.1755e-36	1.1755e-36	1.1755e-36	1.1550e-17	0.00e+00	0.00e+00	1.0362e+01
8.07271e+16	5.6476e+03	6.685e-20	2.1544e+02	1.1376e+02	1.4220e-08	4.9156e-01	5.0844e-01	7.8058e-01	2.1941e-01	1.0023e-05	1.2245e-10	8.5680e-03	9.7362e-01	1.7808e-02	1.1755e-36	5.4971e-01	4.5021e-01	8.4177e-05	1.1755e-36	1.1755e-36	1.1755e-36	1.2759e-17	0.00e+00	0.00e+00	1.0484e+01
8.09214e+16	5.6199e+03	6.540e-20	2.1544e+02	1.1204e+02	1.5346e-08	4.9919e-01	5.0081e-01	7.8368e-01	2.1631e-01	9.9153e-06	1.2940e-10	8.4591e-03	9.7406e-01	1.7484e-02	1.1755e-36	5.5730e-01	4.4262e-01	8.0434e-05	1.1755e-36	1.1755e-36	1.1755e-36	1.3906e-17	0.00e+00	0.00e+00	1.0624e+01
8.11595e+16	5.5772e+03	6.366e-20	2.1544e+02	1.0993e+02	1.7049e-08	5.0894e-01	4.9106e-01	7.8763e-01	2.1236e-01	9.7678e-06	1.3905e-10	8.3275e-03	9.7460e-01	1.7069e-02	1.1755e-36	5.6700e-01	4.3292e-01	7.5948e-05	1.1755e-36	1.1755e-36	1.1755e-36	1.5583e-17	0.00e+00	0.00e+00	1.0811e+01
8.14289e+16	5.5316e+03	6.169e-20	2.1544e+02	1.0752e+02	1.9134e-08	5.1979e-01	4.8021e-01	7.9179e-01	2.0820e-01	9.6240e-06	1.5051e-10	8.1744e-03	9.7519e-01	1.6638e-02	1.1755e-36	5.7772e-01	4.2220e-01	7.1266e-05	1.1755e-36	1.1755e-36	1.1755e-36	1.7704e-17	0.00e+00	0.00e+00	1.1001e+01
8.16873e+16	5.4847e+03	5.980e-20	2.1544e+02	1.0513e+02	2.1458e-08	5.3020e-01	4.6980e-01	7.9555e-01	2.0444e-01	9.5039e-06	1.6235e-10	8.0216e-03	9.7574e-01	1.6243e-02	1.1755e-36	5.8797e-01	4.1196e-01	6.7061e-05	1.1755e-36	1.1755e-36	1.1755e-36	2.0057e-17	0.00e+00	0.00e+00	1.1180e+01
8.19252e+16	5.4392e+03	5.808e-20	2.1544e+02	1.0301e+02	2.3955e-08	5.4007e-01	4.5993e-01	7.9910e-01	2.0090e-01	9.3835e-06	1.7475e-10	7.8852e-03	9.7624e-01	1.5873e-02	1.1755e-36	5.9764e-01	4.0229e-01	6.3326e-05	1.1755e-36	1.1755e-36	1.1755e-36	2.2688e-17	0.00e+00	0.00e+00	1.1347e+01
8.21489e+16	5.4016e+03	5.642e-20	2.1544e+02	1.0092e+02	2.6372e-08	5.4899e-01	4.5101e-01	8.0223e-01	1.9776e-01	9.2923e-06	1.8656e-10	7.7482e-03	9.7670e-01	1.5552e-02	1.1755e-36	6.0635e-01	3.9359e-01	6.0042e-05	1.1755e-36	1.1755e-36	1.1755e-36	2.5337e-17	0.00e+00	0.00e+00	1.1511e+01
8.23779e+16	5.3522e+03	5.476e-20	2.1544e+02	9.8783e+01	2.9567e-08	5.5860e-01	4.4140e-01	8.0559e-01	1.9440e-01	9.1822e-06	2.0079e-10	7.6102e-03	9.7719e-01	1.5204e-02	1.1755e-36	6.1568e-01	3.8426e-01	5.6763e-05	1.1755e-36	1.1755e-36	1.1755e-36	2.8775e-17	0.00e+00	0.00e+00	1.1693e+01
8.26081e+16	5.3006e+03	5.312e-20	2.1544e+02	9.6662e+01	3.3282e-08	5.6832e-01	4.3168e-01	8.0887e-01	1.9113e-01	9.0756e-06	2.1660e-10	7.4727e-03	9.7766e-01	1.4866e-02	1.1755e-36	6.2509e-01	3.7486e-01	5.3650e-05	1.1755e-36	1.1755e-36	1.1755e-36	3.2902e-17	0.00e+00	0.00e+00	1.1864e+01
8.28178e+16	5.2539e+03	5.163e-20	2.1544e+02	9.4750e+01	3.7088e-08	5.7720e-01	4.2280e-01	8.1179e-01	1.8820e-01	8.9819e-06	2.3245e-10	7.3476e-03	9.7809e-01	1.4565e-02	1.1755e-36	6.3365e-01	3.6630e-01	5.0942e-05	1.1755e-36	1.1755e-36	1.1755e-36	3.7346e-17	0.00e+00	0.00e+00	1.2019e+01
8.30134e+16	5.2169e+03	5.021e-20	2.1544e+02	9.2900e+01	4.0645e-08	5.8509e-01	4.1491e-01	8.1434e-01	1.8565e-01	8.9160e-06	2.4728e-10	7.2237e-03	9.7847e-01	1.4305e-02	1.1755e-36	6.4122e-01	3.5873e-01	4.8568e-05	1.1755e-36	1.1755e-36	1.1755e-36	4.1753e-17	0.00e+00	0.00e+00	1.2173e+01
8.32203e+16	5.1648e+03	4.874e-20	2.1544e+02	9.0946e+01	4.5674e-08	5.9393e-01	4.0607e-01	8.1725e-01	1.8274e-01	8.8231e-06	2.6634e-10	7.0955e-03	9.7890e-01	1.4009e-02	1.1755e-36	6.4968e-01	3.5028e-01	4.6097e-05	1.1755e-36	1.1755e-36	1.1755e-36	4.7906e-17	0.00e+00	0.00e+00	1.2351e+01
8.34308e+16	5.1145e+03	4.728e-20	2.1544e+02	8.8986e+01	5.1258e-08	6.0277e-01	3.9723e-01	8.2002e-01	1.7997e-01	8.7418e-06	2.8722e-10	6.9654e-03	9.7931e-01	1.3727e-02	1.1755e-36	6.5811e-01	3.4185e-01	4.3741e-05	1.1755e-36	1.1755e-36	1.1755e-36	5.5201e-17	0.00e+00	0.00e+00	1.2516e+01
8.36230e+16	5.0602e+03	4.598e-20	2.1544e+02	8.7253e+01	5.7761e-08	6.1127e-01	3.8873e-01	8.2272e-01	1.7728e-01	8.6473e-06	3.1042e-10	6.8525e-03	9.7969e-01	1.3456e-02	1.1755e-36	6.6619e-01	3.3377e-01	4.1633e-05	1.1755e-36	1.1755e-36	1.1755e-36	6.4039e-17	0.00e+00	0.00e+00	1.2669e+01
8.37967e+16	5.0212e+03	4.478e-20	2.1544e+02	8.5632e+01	6.3383e-08	6.1839e-01	3.8161e-01	8.2484e-01	1.7515e-01	8.5941e-06	3.3075e-10	6.7432e-03	9.8002e-01	1.3240e-02	1.1755e-36	6.7291e-01	3.2705e-01	3.9870e-05	1.1755e-36	1.1755e-36	1.1755e-36	7.2329e-17	0.00e+00	0.00e+00	1.2806e+01
8.39705e+16	4.9685e+03	4.360e-20	2.1544e+02	8.3978e+01	7.1046e-08	6.2594e-01	3.7406e-01	8.2721e-01	1.7278e-01	8.5175e-06	3.5468e-10	6.6344e-03	9.8037e-01	1.2994e-02	1.1755e-36	6.8005e-01	3.1991e-01	3.8118e-05	1.1755e-36	1.1755e-36	1.1755e-36	8.2786e-17	0.00e+00	0.00e+00	1.2963e+01
8.41480e+16	4.9257e+03	4.239e-20	2.1544e+02	8.2290e+01	7.8486e-08	6.3311e-01	3.6689e-01	8.2931e-01	1.7068e-01	8.4694e-06	3.7745e-10	6.5202e-03	9.8071e-01	1.2770e-02	1.1755e-36	6.8680e-01	3.1316e-01	3.6464e-05	1.1755e-36	1.1755e-36	1.1755e-36	9.3290e-17	0.00e+00	0.00e+00	1.3110e+01
8.43235e+16	4.8756e+03	4.122e-20	2.1544e+02	8.0633e+01	8.7784e-08	6.4052e-01	3.5948e-01	8.3153e-01	1.6846e-01	8.4066e-06	4.0397e-10	6.4094e-03	9.8106e-01	1.2534e-02	1.1755e-36	6.9373e-01	3.0623e-01	3.4857e-05	1.1755e-36	1.1755e-36	1.1755e-36	1.0650e-16	0.00e+00	0.00e+00	1.3267e+01
8.44987e+16	4.8202e+03	4.009e-20	2.1544e+02	7.9002e+01	9.9118e-08	6.4805e-01	3.5195e-01	8.3377e-01	1.6622e-01	8.3365e-06	4.3431e-10	6.3019e-03	9.8140e-01	1.2297e-02	1.1755e-36	7.0078e-01	2.9918e-01	3.3313e-05	1.1755e-36	1.1755e-36	1.1755e-36	1.2293e-16	0.00e+00	0.00e+00	1.3417e+01
8.46581e+16	4.7766e+03	3.906e-20	2.1544e+02	7.7541e+01	1.0960e-07	6.5462e-01	3.4538e-01	8.3565e-01	1.6434e-01	8.2882e-06	4.6251e-10	6.2033e-03	9.8170e-01	1.2097e-02	1.1755e-36	7.0692e-01	2.9305e-01	3.1981e-05	1.1755e-36	1.1755e-36	1.1755e-36	1.3930e-16	0.00e+00	0.00e+00	1.3549e+01
8.48103e+16	4.7242e+03	3.810e-20	2.1544e+02	7.6148e+01	1.2296e-07	6.6131e-01	3.3869e-01	8.3766e-01	1.6233e-01	8.2194e-06	4.9558e-10	6.1118e-03	9.8200e-01	1.1885e-02	1.1755e-36	7.1313e-01	2.8684e-01	3.0714e-05	1.1755e-36	1.1755e-36	1.1755e-36	1.6013e-16	0.00e+00	0.00e+00	1.3689e+01
8.49596e+16	4.6827e+03	3.715e-20	2.1544e+02	7.4739e+01	1.3540e-07	6.6727e-01	3.3273e-01	8.3929e-01	1.6070e-01	8.1862e-06	5.2616e-10	6.0161e-03	9.8228e-01	1.1708e-02	1.1755e-36	7.1865e-01	2.8132e-01	2.9572e-05	1.1755e-36	1.1755e-36	1.1755e-36	1.8085e-16	0.00e+00	0.00e+00	1.3819e+01
8.51091e+16	4.6316e+03	3.622e-20	2.1544e+02	7.3345e+01	1.5173e-07	6.7360e-01	3.2640e-01	8.4116e-01	1.5883e-01	8.1288e-06	5.6368e-10	5.9239e-03	9.8256e-01	1.1512e-02	1.1755e-36	7.2451e-01	2.7546e-01	2.8427e-05	1.1755e-36	1.1755e-36	1.1755e-36	2.0832e-16	0.00e+00	0.00e+00	1.3962e+01
8.52594e+16	4.5818e+03	3.531e-20	2.1544e+02	7.2010e+01	1.6998e-07	6.7999e-01	3.2001e-01	8.4301e-01	1.5698e-01	8.0701e-06	6.0527e-10	5.8355e-03	9.8285e-01	1.1318e-02	1.1755e-36	7.3040e-01	2.6957e-01	2.7315e-05	1.1755e-36	1.1755e-36	1.1755e-36	2.4116e-16	0.00e+00	0.00e+00	1.4096e+01
8.53992e+16	4.5409e+03	3.446e-20	2.1544e+02	7.0719e+01	1.8715e-07	6.8551e-01	3.1449e-01	8.4451e-01	1.5548e-01	8.0393e-06	6.4339e-10	5.7475e-03	9.8310e-01	1.1156e-02	1.1755e-36	7.3549e-01	2.6449e-01	2.6349e-05	1.1755e-36	1.1755e-36	1.1755e-36	2.7368e-16	0.00e+00	0.00e+00	1.4222e+01
8.55402e+16	4.4892e+03	3.361e-20	2.1544e+02	6.9413e+01	2.1028e-07	6.9143e-01	3.0857e-01	8.4622e-01	1.5377e-01	7.9873e-06	6.9110e-10	5.6614e-03	9.8336e-01	1.0976e-02	1.1755e-36	7.4091e-01	2.5906e-01	2.5380e-05	1.1755e-36	1.1755e-36	1.1755e-36	3.1797e-16	0.00e+00	0.00e+00	1.4360e+01
8.56805e+16	4.4404e+03	3.280e-20	2.1544e+02	6.8186e+01	2.3549e-07	6.9731e-01	3.0269e-01	8.4789e-01	1.5210e-01	7.9343e-06	7.4305e-10	5.5804e-03	9.8362e-01	1.0802e-02	1.1755e-36	7.4630e-01	2.5368e-01	2.4444e-05	1.1755e-36	1.1755e-36	1.1755e-36	3.6999e-16	0.00e+00	0.00e+00	1.4487e+01
8.58097e+16	4.4013e+03	3.204e-20	2.1544e+02	6.7012e+01	2.5853e-07	7.0230e-01	2.9770e-01	8.4922e-01	1.5078e-01	7.9091e-06	7.8969e-10	5.5001e-03	9.8384e-01	1.0658e-02	1.1755e-36	7.5086e-01	2.4912e-01	2.3639e-05	1.1755e-36	1.1755e-36	1.1755e-36	4.2040e-16	0.00e+00	0.00e+00	1.4606e+01
8.59421e+16	4.3555e+03	3.128e-20	2.1544e+02	6.5805e+01	2.8780e-07	7.0761e-01	2.9239e-01	8.5070e-01	1.4929e-01	7.8711e-06	8.4620e-10	5.4192e-03	9.8408e-01	1.0500e-02	1.1755e-36	7.5569e-01	2.4429e-01	2.2822e-05	1.1755e-36	1.1755e-36	1.1755e-36	4.8642e-16	0.00e+00	0.00e+00	1.4741e+01
8.60810e+16	4.3048e+03	3.050e-20	2.1544e+02	6.4620e+01	3.2432e-07	7.1340e-01	2.8660e-01	8.5237e-01	1.4762e-01	7.8145e-06	9.1574e-10	5.3417e-03	9.8433e-01	1.0328e-02	1.1755e-36	7.6095e-01	2.3903e-01	2.1972e-05	1.1755e-36	1.1755e-36	1.1755e-36	5.7431e-16	0.00e+00	0.00e+00	1.4875e+01
8.62111e+16	4.2569e+03	2.979e-20	2.1544e+02	6.3459e+01	3.6288e-07	7.1857e-01	2.8143e-01	8.5377e-01	1.4622e-01	7.7778e-06	9.8515e-10	5.2649e-03	9.8456e-01	1.0180e-02	1.1755e-36	7.6564e-01	2.3434e-01	2.1231e-05	1.1755e-36	1.1755e-36	1.1755e-36	6.7090e-16	0.00e+00	0.00e+00	1.4994e+01
8.63298e+16	4.2097e+03	2.914e-20	2.1544e+02	6.2383e+01	4.0500e-07	7.2330e-01	2.7670e-01	8.5506e-01	1.4493e-01	7.7424e-06	1.0574e-09	5.1946e-03	9.8476e-01	1.0043e-02	1.1755e-36	7.6994e-01	2.3004e-01	2.0572e-05	1.1755e-36	1.1755e-36	1.1755e-36	7.8062e-16	0.00e+00	0.00e+00	1.5107e+01
8.64427e+16	4.1675e+03	2.854e-20	2.1544e+02	6.1414e+01	4.4786e-07	7.2782e-01	2.7218e-01	8.5632e-01	1.4367e-01	7.7048e-06	1.1317e-09	5.1307e-03	9.8496e-01	9.9115e-03	1.1755e-36	7.7402e-01	2.2596e-01	1.9953e-05	1.1755e-36	1.1755e-36	1.1755e-36	9.0134e-16	0.00e+00	0.00e+00	1.5217e+01
8.65558e+16	4.1257e+03	2.794e-20	2.1544e+02	6.0434e+01	4.9506e-07	7.3226e-01	2.6774e-01	8.5755e-01	1.4244e-01	7.6703e-06	1.2117e-09	5.0661e-03	9.8515e-01	9.7822e-03	1.1755e-36	7.7803e-01	2.2195e-01	1.9351e-05	1.1755e-36	1.1755e-36	1.1755e-36	1.0416e-15	0.00e+00	0.00e+00	1.5332e+01
8.66743e+16	4.0784e+03	2.731e-20	2.1544e+02	5.9401e+01	5.5393e-07	7.3697e-01	2.6303e-01	8.5889e-01	1.4110e-01	7.6291e-06	1.3076e-09	4.9995e-03	9.8535e-01	9.6457e-03	1.1755e-36	7.8225e-01	2.1773e-01	1.8738e-05	1.1755e-36	1.1755e-36	1.1755e-36	1.2244e-15	0.00e+00	0.00e+00	1.5454e+01
8.67920e+16	4.0333e+03	2.671e-20	2.1544e+02	5.8378e+01	6.1679e-07	7.4144e-01	2.5855e-01	8.6010e-01	1.3990e-01	7.5989e-06	1.4074e-09	4.9323e-03	9.8555e-01	9.5179e-03	1.1755e-36	7.8629e-01	2.1369e-01	1.8157e-05	1.1755e-36	1.1755e-36	1.1755e-36	1.4318e-15	0.00e+00	0.00e+00	1.5569e+01
8.69051e+16	3.9881e+03	2.614e-20	2.1544e+02	5.7448e+01	6.8750e-07	7.4595e-01	2.5405e-01	8.6139e-01	1.3861e-01	7.5543e-06	1.5190e-09	4.8730e-03	9.8574e-01	9.3872e-03	1.1755e-36	7.9034e-01	2.0964e-01	1.7595e-05	1.1755e-36	1.1755e-36	1.1755e-36	1.6818e-15	0.00e+00	0.00e+00	1.5682e+01
###########################
2.05327e+13	6.4022e+03	1.440e-19	2.1544e+02	2.2633e+02	8.3413e-12	2.6799e-02	9.7320e-01	1.3100e-01	8.6880e-01	1.9335e-04	5.9302e-14	5.5176e-03	7.3152e-01	2.6296e-01	9.0654e-06	3.1983e-02	9.4640e-01	2.1620e-02	3.3557e-07	1.1755e-36	1.1755e-36	5.4993e-22	0.00e+00	0.00e+00	1.4973e-03
1.23196e+14	6.3942e+03	1.435e-19	2.1544e+02	2.2592e+02	8.3661e-12	2.6738e-02	9.7326e-01	1.3094e-01	8.6886e-01	1.9334e-04	5.8904e-14	5.4923e-03	7.3147e-01	2.6303e-01	9.0881e-06	3.1912e-02	9.4643e-01	2.1656e-02	3.3580e-07	1.1755e-36	1.1755e-36	5.4362e-22	0.00e+00	0.00e+00	7.4729e-03
5.33850e+14	6.3733e+03	1.427e-19	2.1544e+02	2.2585e+02	8.5471e-12	2.6766e-02	9.7323e-01	1.3160e-01	8.6821e-01	1.9158e-04	5.9130e-14	5.4981e-03	7.3264e-01	2.6185e-01	8.9962e-06	3.1957e-02	9.4649e-01	2.1548e-02	3.2965e-07	1.1755e-36	1.1755e-36	5.4354e-22	0.00e+00	0.00e+00	3.1400e-02
2.17646e+15	6.3083e+03	1.408e-19	2.1544e+02	2.2571e+02	9.3660e-12	2.7162e-02	9.7284e-01	1.3476e-01	8.6506e-01	1.8367e-04	6.1511e-14	5.5810e-03	7.3795e-01	2.5646e-01	8.5660e-06	3.2482e-02	9.4662e-01	2.0900e-02	3.0029e-07	1.1755e-36	1.1755e-36	5.6335e-22	0.00e+00	0.00e+00	1.2852e-01
5.19888e+15	6.0957e+03	1.345e-19	2.1544e+02	2.2568e+02	1.1269e-11	2.6960e-02	9.7304e-01	1.3871e-01	8.6112e-01	1.7402e-04	6.1036e-14	5.6068e-03	7.4501e-01	2.4938e-01	8.1345e-06	3.2330e-02	9.4719e-01	2.0476e-02	2.7463e-07	1.1755e-36	1.1755e-36	5.3214e-22	0.00e+00	0.00e+00	2.5384e-01
8.23813e+15	5.9057e+03	1.295e-19	2.1544e+02	2.2564e+02	1.3488e-11	2.6849e-02	9.7315e-01	1.4243e-01	8.5740e-01	1.6514e-04	6.0818e-14	5.6400e-03	7.5146e-01	2.4289e-01	7.7292e-06	3.2280e-02	9.4770e-01	2.0017e-02	2.5148e-07	1.1755e-36	1.1755e-36	5.0791e-22	0.00e+00	0.00e+00	3.5108e-01
1.07790e+16	5.8008e+03	1.270e-19	2.1544e+02	2.2548e+02	1.5495e-11	2.7226e-02	9.7277e-01	1.4647e-01	8.5337e-01	1.5657e-04	6.3050e-14	5.7318e-03	7.5772e-01	2.3654e-01	7.2788e-06	3.2800e-02	9.4790e-01	1.9295e-02	2.2533e-07	1.1755e-36	1.1755e-36	5.1976e-22	0.00e+00	0.00e+00	4.4072e-01
1.35618e+16	5.7279e+03	1.255e-19	2.1544e+02	2.2524e+02	1.7953e-11	2.8119e-02	9.7188e-01	1.5226e-01	8.4760e-01	1.4609e-04	6.8249e-14	5.8987e-03	7.6581e-01	2.2828e-01	6.6803e-06	3.3951e-02	9.4786e-01	1.8194e-02	1.9219e-07	1.1755e-36	1.1755e-36	5.6631e-22	0.00e+00	0.00e+00	5.6106e-01
1.71794e+16	5.6540e+03	1.242e-19	2.1544e+02	2.2481e+02	2.1657e-11	2.9551e-02	9.7045e-01	1.6066e-01	8.3920e-01	1.3301e-04	7.6981e-14	6.1468e-03	7.7665e-01	2.1720e-01	5.9175e-06	3.5777e-02	9.4752e-01	1.6699e-02	1.5369e-07	1.1755e-36	1.1755e-36	6.5055e-22	0.00e+00	0.00e+00	7.2549e-01
2.18824e+16	5.5871e+03	1.231e-19	2.1544e+02	2.2401e+02	2.7463e-11	3.1872e-02	9.6813e-01	1.7320e-01	8.2668e-01	1.1710e-04	9.2305e-14	6.5154e-03	7.9110e-01	2.0238e-01	4.9777e-06	3.8710e-02	9.4657e-01	1.4724e-02	1.1755e-36	1.1755e-36	1.1755e-36	8.0995e-22	0.00e+00	0.00e+00	9.5602e-01
2.79831e+16	5.5400e+03	1.227e-19	2.1544e+02	2.2299e+02	3.7274e-11	3.5835e-02	9.6417e-01	1.9293e-01	8.0697e-01	9.8513e-05	1.2234e-13	7.0848e-03	8.1060e-01	1.8231e-01	3.8562e-06	4.3679e-02	9.4415e-01	1.2174e-02	1.1755e-36	1.1755e-36	1.1755e-36	1.1543e-21	0.00e+00	0.00e+00	1.2917e+00
3.44876e+16	5.5365e+03	1.228e-19	2.1544e+02	2.2116e+02	5.0717e-11	4.1279e-02	9.5872e-01	2.1779e-01	7.8213e-01	8.1947e-05	1.7119e-13	7.7548e-03	8.3088e-01	1.6137e-01	2.8594e-06	5.0461e-02	9.3986e-01	9.6779e-03	1.1755e-36	1.1755e-36	1.1755e-36	1.7824e-21	0.00e+00	0.00e+00	1.6356e+00
4.03071e+16	5.5815e+03	1.239e-19	2.1544e+02	2.1925e+02	6.7420e-11	4.8253e-02	9.5175e-01	2.4665e-01	7.5329e-01	6.8718e-05	2.4876e-13	8.4765e-03	8.4998e-01	1.4154e-01	2.0721e-06	5.9086e-02	9.3339e-01	7.5277e-03	1.1755e-36	1.1755e-36	1.1755e-36	2.9233e-21	0.00e+00	0.00e+00	1.9977e+00
4.56078e+16	5.6628e+03	1.251e-19	2.1544e+02	2.1660e+02	8.8216e-11	5.6988e-02	9.4301e-01	2.7964e-01	7.2030e-01	5.7868e-05	3.7099e-13	9.1990e-03	8.6760e-01	1.2320e-01	1.4706e-06	6.9820e-02	9.2444e-01	5.7372e-03	1.1755e-36	1.1755e-36	1.1755e-36	4.9862e-21	0.00e+00	0.00e+00	2.3920e+00
5.04861e+16	5.7507e+03	1.266e-19	2.1544e+02	2.1355e+02	1.1857e-10	6.8270e-02	9.3173e-01	3.1789e-01	6.8206e-01	4.8785e-05	5.7481e-13	9.9231e-03	8.8415e-01	1.0592e-01	1.0119e-06	8.3598e-02	9.1214e-01	4.2659e-03	1.1755e-36	1.1755e-36	1.1755e-36	8.9536e-21	0.00e+00	0.00e+00	2.8258e+00
5.48484e+16	5.8549e+03	1.277e-19	2.1544e+02	2.0971e+02	1.5921e-10	8.2211e-02	9.1779e-01	3.5976e-01	6.4020e-01	4.1352e-05	9.0528e-13	1.0569e-02	8.9877e-01	9.0659e-02	6.8667e-07	1.0050e-01	8.9638e-01	3.1267e-03	1.1755e-36	1.1755e-36	1.1755e-36	1.6437e-20	0.00e+00	0.00e+00	3.2793e+00
5.86212e+16	5.9553e+03	1.283e-19	2.1544e+02	2.0531e+02	2.1515e-10	9.8834e-02	9.0117e-01	4.0345e-01	5.9652e-01	3.5317e-05	1.4280e-12	1.1098e-02	9.1128e-01	7.7621e-02	4.6565e-07	1.2048e-01	8.7723e-01	2.2856e-03	1.1755e-36	1.1755e-36	1.1755e-36	3.0171e-20	0.00e+00	0.00e+00	3.7488e+00
6.18953e+16	6.0437e+03	1.280e-19	2.1544e+02	2.0030e+02	2.9342e-10	1.1834e-01	8.8166e-01	4.4772e-01	5.5225e-01	3.0409e-05	2.2439e-12	1.1491e-02	9.2191e-01	6.6596e-02	3.1705e-07	1.4372e-01	8.5461e-01	1.6717e-03	1.1755e-36	1.1755e-36	1.1755e-36	5.4950e-20	0.00e+00	0.00e+00	4.2408e+00
6.47897e+16	6.1151e+03	1.268e-19	2.1544e+02	1.9480e+02	4.0715e-10	1.4139e-01	8.5861e-01	4.9213e-01	5.0784e-01	2.6337e-05	3.5337e-12	1.1761e-02	9.3109e-01	5.7148e-02	2.1597e-07	1.7089e-01	8.2789e-01	1.2194e-03	1.1755e-36	1.1755e-36	1.1755e-36	1.0023e-19	0.00e+00	0.00e+00	4.7664e+00
6.73811e+16	6.1673e+03	1.241e-19	2.1544e+02	1.8799e+02	5.7262e-10	1.6804e-01	8.3196e-01	5.3587e-01	4.6411e-01	2.2878e-05	5.5202e-12	1.1854e-02	9.3894e-01	4.9201e-02	1.4813e-07	2.0194e-01	7.9717e-01	8.8931e-04	1.1755e-36	1.1755e-36	1.1755e-36	1.8016e-19	0.00e+00	0.00e+00	5.3265e+00
6.97281e+16	6.2017e+03	1.200e-19	2.1544e+02	1.8049e+02	8.1807e-10	1.9903e-01	8.0097e-01	5.7879e-01	4.2119e-01	1.9886e-05	8.6336e-12	1.1821e-02	9.4581e-01	4.2365e-02	1.1755e-36	2.3754e-01	7.6182e-01	6.4588e-04	1.1755e-36	1.1755e-36	1.1755e-36	3.2434e-19	0.00e+00	0.00e+00	5.9341e+00
7.18724e+16	6.2059e+03	1.145e-19	2.1544e+02	1.7209e+02	1.2010e-09	2.3487e-01	7.6513e-01	6.1986e-01	3.8012e-01	1.7365e-05	1.3503e-11	1.1644e-02	9.5185e-01	3.6503e-02	1.1755e-36	2.7807e-01	7.2146e-01	4.6705e-04	1.1755e-36	1.1755e-36	1.1755e-36	5.8493e-19	0.00e+00	0.00e+00	6.5874e+00
7.37323e+16	6.1829e+03	1.079e-19	2.1544e+02	1.6316e+02	1.7651e-09	2.7330e-01	7.2670e-01	6.5585e-01	3.4413e-01	1.5408e-05	2.0507e-11	1.1342e-02	9.5686e-01	3.1800e-02	1.1755e-36	3.2079e-01	6.7887e-01	3.4308e-04	1.1755e-36	1.1755e-36	1.1755e-36	1.0198e-18	0.00e+00	0.00e+00	7.2102e+00
7.51823e+16	6.1405e+03	1.014e-19	2.1544e+02	1.5489e+02	2.4828e-09	3.0887e-01	6.9113e-01	6.8341e-01	3.1657e-01	1.4060e-05	2.8927e-11	1.0988e-02	9.6060e-01	2.8416e-02	1.1755e-36	3.5965e-01	6.4008e-01	2.6470e-04	1.1755e-36	1.1755e-36	1.1755e-36	1.6212e-18	0.00e+00	0.00e+00	7.7248e+00
7.62534e+16	6.0905e+03	9.581e-20	2.1544e+02	1.4811e+02	3.2829e-09	3.3859e-01	6.6141e-01	7.0352e-01	2.9647e-01	1.3132e-05	3.7710e-11	1.0662e-02	9.6328e-01	2.6059e-02	1.1755e-36	3.9165e-01	6.0813e-01	2.1606e-04	1.1755e-36	1.1755e-36	1.1755e-36	2.3281e-18	0.00e+00	0.00e+00	8.1474e+00
7.71131e+16	6.0441e+03	9.080e-20	2.1544e+02	1.4224e+02	4.1453e-09	3.6424e-01	6.3576e-01	7.1933e-01	2.8066e-01	1.2440e-05	4.6793e-11	1.0355e-02	9.6538e-01	2.4261e-02	1.1755e-36	4.1891e-01	5.8091e-01	1.8231e-04	1.1755e-36	1.1755e-36	1.1755e-36	3.1355e-18	0.00e+00	0.00e+00	8.5448e+00
7.79024e+16	5.9744e+03	8.597e-20	2.1544e+02	1.3651e+02	5.3075e-09	3.8984e-01	6.1016e-01	7.3386e-01	2.6613e-01	1.1813e-05	5.7543e-11	1.0046e-02	9.6732e-01	2.2636e-02	1.1755e-36	4.4582e-01	5.5403e-01	1.5499e-04	1.1755e-36	1.1755e-36	1.1755e-36	4.1853e-18	0.00e+00	0.00e+00	8.9566e+00
7.86611e+16	5.9033e+03	8.099e-20	2.1544e+02	1.3068e+02	6.7769e-09	4.1569e-01	5.8431e-01	7.4736e-01	2.5262e-01	1.1259e-05	7.0312e-11	9.7138e-03	9.6912e-01	2.1168e-02	1.1755e-36	4.7267e-01	5.2720e-01	1.3200e-04	1.1755e-36	1.1755e-36	1.1755e-36	5.5644e-18	0.00e+00	0.00e+00	9.3755e+00
7.93635e+16	5.8265e+03	7.618e-20	2.1544e+02	1.2502e+02	8.6245e-09	4.4088e-01	5.5912e-01	7.5935e-01	2.4064e-01	1.0794e-05	8.4936e-11	9.3796e-03	9.7074e-01	1.9881e-02	1.1755e-36	4.9854e-01	5.0135e-01	1.1332e-04	1.1755e-36	1.1755e-36	1.1755e-36	7.3246e-18	0.00e+00	0.00e+00	9.7737e+00
7.99889e+16	5.7476e+03	7.177e-20	2.1544e+02	1.1978e+02	1.0845e-08	4.6429e-01	5.3571e-01	7.6968e-01	2.3031e-01	1.0410e-05	1.0086e-10	9.0614e-03	9.7215e-01	1.8786e-02	1.1755e-36	5.2232e-01	4.7758e-01	9.8582e-05	1.1755e-36	1.1755e-36	1.1755e-36	9.4631e-18	0.00e+00	0.00e+00	1.0144e+01
8.04256e+16	5.6841e+03	6.875e-20	2.1544e+02	1.1615e+02	1.2875e-08	4.8129e-01	5.1871e-01	7.7621e-01	2.2378e-01	1.0180e-05	1.1405e-10	8.8375e-03	9.7307e-01	1.8090e-02	1.1755e-36	5.3944e-01	4.6048e-01	8.9488e-05	1.1755e-36	1.1755e-36	1.1755e-36	1.1449e-17	0.00e+00	0.00e+00	1.0332e+01
8.06598e+16	5.6479e+03	6.708e-20	2.1544e+02	1.1406e+02	1.4143e-08	4.9031e-01	5.0969e-01	7.7973e-01	2.2026e-01	1.0061e-05	1.2166e-10	8.7076e-03	9.7356e-01	1.7729e-02	1.1755e-36	5.4847e-01	4.5144e-01	8.4944e-05	1.1755e-36	1.1755e-36	1.1755e-36	1.2660e-17	0.00e+00	0.00e+00	1.0453e+01
8.08520e+16	5.6225e+03	6.564e-20	2.1544e+02	1.1235e+02	1.5212e-08	4.9779e-01	5.0221e-01	7.8276e-01	2.1723e-01	9.9581e-06	1.2839e-10	8.5988e-03	9.7399e-01	1.7413e-02	1.1755e-36	5.5593e-01	4.4399e-01	8.1217e-05	1.1755e-36	1.1755e-36	1.1755e-36	1.3767e-17	0.00e+00	0.00e+00	1.0590e+01
8.10852e+16	5.5858e+03	6.390e-20	2.1544e+02	1.1025e+02	1.6746e-08	5.0707e-01	4.9293e-01	7.8654e-01	2.1345e-01	9.8250e-06	1.3735e-10	8.4647e-03	9.7451e-01	1.7023e-02	1.1755e-36	5.6516e-01	4.3477e-01	7.6837e-05	1.1755e-36	1.1755e-36	1.1755e-36	1.5308e-17	0.00e+00	0.00e+00	1.0772e+01
8.13609e+16	5.5371e+03	6.188e-20	2.1544e+02	1.0775e+02	1.8892e-08	5.1822e-01	4.8178e-01	7.9084e-01	2.0915e-01	9.6761e-06	1.4899e-10	8.3053e-03	9.7512e-01	1.6577e-02	1.1755e-36	5.7618e-01	4.2375e-01	7.1976e-05	1.1755e-36	1.1755e-36	1.1755e-36	1.7450e-17	0.00e+00	0.00e+00	1.0975e+01
8.16315e+16	5.4892e+03	5.992e-20	2.1544e+02	1.0532e+02	2.1279e-08	5.2920e-01	4.7080e-01	7.9484e-01	2.0515e-01	9.5434e-06	1.6145e-10	8.1485e-03	9.7569e-01	1.6162e-02	1.1755e-36	5.8699e-01	4.1295e-01	6.7520e-05	1.1755e-36	1.1755e-36	1.1755e-36	1.9912e-17	0.00e+00	0.00e+00	1.1158e+01
8.18711e+16	5.4391e+03	5.821e-20	2.1544e+02	1.0321e+02	2.3922e-08	5.3937e-01	4.6063e-01	7.9851e-01	2.0148e-01	9.4105e-06	1.7435e-10	8.0138e-03	9.7620e-01	1.5783e-02	1.1755e-36	5.9697e-01	4.0297e-01	6.3703e-05	1.1755e-36	1.1755e-36	1.1755e-36	2.2656e-17	0.00e+00	0.00e+00	1.1323e+01
8.20862e+16	5.4019e+03	5.663e-20	2.1544e+02	1.0121e+02	2.6280e-08	5.4803e-01	4.5197e-01	8.0152e-01	1.9847e-01	9.3221e-06	1.8581e-10	7.8827e-03	9.7664e-01	1.5476e-02	1.1755e-36	6.0541e-01	3.9453e-01	6.0524e-05	1.1755e-36	1.1755e-36	1.1755e-36	2.5233e-17	0.00e+00	0.00e+00	1.1476e+01
8.23024e+16	5.3525e+03	5.507e-20	2.1544e+02	9.9216e+01	2.9396e-08	5.5726e-01	4.4274e-01	8.0479e-01	1.9520e-01	9.2084e-06	1.9955e-10	7.7532e-03	9.7711e-01	1.5139e-02	1.1755e-36	6.1439e-01	3.8555e-01	5.7370e-05	1.1755e-36	1.1755e-36	1.1755e-36	2.8552e-17	0.00e+00	0.00e+00	1.1648e+01
8.25237e+16	5.3121e+03	5.344e-20	2.1544e+02	9.7124e+01	3.2500e-08	5.6616e-01	4.3384e-01	8.0779e-01	1.9220e-01	9.1250e-06	2.1339e-10	7.6138e-03	9.7755e-01	1.4836e-02	1.1755e-36	6.2301e-01	3.7694e-01	5.4397e-05	1.1755e-36	1.1755e-36	1.1755e-36	3.2097e-17	0.00e+00	0.00e+00	1.1814e+01
8.27437e+16	5.2633e+03	5.186e-20	2.1544e+02	9.5061e+01	3.6386e-08	5.7540e-01	4.2460e-01	8.1087e-01	1.8912e-01	9.0303e-06	2.2950e-10	7.4774e-03	9.7800e-01	1.4520e-02	1.1755e-36	6.3191e-01	3.6804e-01	5.1520e-05	1.1755e-36	1.1755e-36	1.1755e-36	3.6557e-17	0.00e+00	0.00e+00	1.1990e+01
8.29615e+16	5.2109e+03	5.032e-20	2.1544e+02	9.3039e+01	4.0960e-08	5.8468e-01	4.1532e-01	8.1390e-01	1.8609e-01	8.9335e-06	2.4754e-10	7.3442e-03	9.7844e-01	1.4213e-02	1.1755e-36	6.4083e-01	3.5912e-01	4.8807e-05	1.1755e-36	1.1755e-36	1.1755e-36	4.1968e-17	0.00e+00	0.00e+00	1.2158e+01
8.31612e+16	5.1672e+03	4.891e-20	2.1544e+02	9.1185e+01	4.5406e-08	5.9299e-01	4.0701e-01	8.1657e-01	1.8342e-01	8.8553e-06	2.6502e-10	7.2199e-03	9.7883e-01	1.3946e-02	1.1755e-36	6.4879e-01	3.5116e-01	4.6455e-05	1.1755e-36	1.1755e-36	1.1755e-36	4.7583e-17	0.00e+00	0.00e+00	1.2310e+01
8.33519e+16	5.1170e+03	4.759e-20	2.1544e+02	8.9424e+01	5.0784e-08	6.0128e-01	3.9872e-01	8.1923e-01	1.8077e-01	8.7682e-06	2.8484e-10	7.1032e-03	9.7922e-01	1.3677e-02	1.1755e-36	6.5670e-01	3.4326e-01	4.4254e-05	1.1755e-36	1.1755e-36	1.1755e-36	5.4497e-17	0.00e+00	0.00e+00	1.2467e+01
8.35393e+16	5.0760e+03	4.627e-20	2.1544e+02	8.7641e+01	5.5984e-08	6.0890e-01	3.9110e-01	8.2154e-01	1.7845e-01	8.7119e-06	3.0401e-10	6.9821e-03	9.7958e-01	1.3442e-02	1.1755e-36	6.6394e-01	3.3602e-01	4.2251e-05	1.1755e-36	1.1755e-36	1.1755e-36	6.1654e-17	0.00e+00	0.00e+00	1.2618e+01
8.37282e+16	5.0229e+03	4.497e-20	2.1544e+02	8.5857e+01	6.2939e-08	6.1705e-01	3.8295e-01	8.2413e-01	1.7587e-01	8.6296e-06	3.2796e-10	6.8634e-03	9.7995e-01	1.3186e-02	1.1755e-36	6.7166e-01	3.2830e-01	4.0256e-05	1.1755e-36	1.1755e-36	1.1755e-36	7.1381e-17	0.00e+00	0.00e+00	1.2783e+01
8.39148e+16	4.9722e+03	4.372e-20	2.1544e+02	8.4157e+01	7.0546e-08	6.2509e-01	3.7491e-01	8.2659e-01	1.7341e-01	8.5518e-06	3.5291e-10	6.7496e-03	9.8032e-01	1.2934e-02	1.1755e-36	6.7926e-01	3.2071e-01	3.8377e-05	1.1755e-36	1.1755e-36	1.1755e-36	8.2177e-17	0.00e+00	0.00e+00	1.2933e+01
8.40857e+16	4.9299e+03	4.256e-20	2.1544e+02	8.2527e+01	7.7779e-08	6.3204e-01	3.6796e-01	8.2861e-01	1.7138e-01	8.5049e-06	3.7487e-10	6.6384e-03	9.8064e-01	1.2719e-02	1.1755e-36	6.8581e-01	3.1416e-01	3.6769e-05	1.1755e-36	1.1755e-36	1.1755e-36	9.2285e-17	0.00e+00	0.00e+00	1.3075e+01
8.42563e+16	4.8742e+03	4.144e-20	2.1544e+02	8.0963e+01	8.7760e-08	6.3967e-01	3.6033e-01	8.3100e-01	1.6900e-01	8.4198e-06	4.0294e-10	6.5353e-03	9.8099e-01	1.2472e-02	1.1755e-36	6.9295e-01	3.0701e-01	3.5149e-05	1.1755e-36	1.1755e-36	1.1755e-36	1.0624e-16	0.00e+00	0.00e+00	1.3229e+01
8.44224e+16	4.8347e+03	4.033e-20	2.1544e+02	7.9376e+01	9.6368e-08	6.4623e-01	3.5377e-01	8.3281e-01	1.6718e-01	8.3875e-06	4.2733e-10	6.4253e-03	9.8130e-01	1.2277e-02	1.1755e-36	6.9908e-01	3.0089e-01	3.3728e-05	1.1755e-36	1.1755e-36	1.1755e-36	1.1925e-16	0.00e+00	0.00e+00	1.3365e+01
8.45872e+16	4.7842e+03	3.926e-20	2.1544e+02	7.7830e+01	1.0785e-07	6.5323e-01	3.4677e-01	8.3492e-01	1.6507e-01	8.3243e-06	4.5753e-10	6.3212e-03	9.8162e-01	1.2057e-02	1.1755e-36	7.0561e-01	2.9435e-01	3.2306e-05	1.1755e-36	1.1755e-36	1.1755e-36	1.3658e-16	0.00e+00	0.00e+00	1.3520e+01
8.47559e+16	4.7287e+03	3.819e-20	2.1544e+02	7.6265e+01	1.2193e-07	6.6046e-01	3.3954e-01	8.3704e-01	1.6295e-01	8.2587e-06	4.9243e-10	6.2167e-03	9.8195e-01	1.1835e-02	1.1755e-36	7.1234e-01	2.8763e-01	3.0917e-05	1.1755e-36	1.1755e-36	1.1755e-36	1.5845e-16	0.00e+00	0.00e+00	1.3667e+01
8.49084e+16	4.6849e+03	3.723e-20	2.1544e+02	7.4878e+01	1.3493e-07	6.6673e-01	3.3327e-01	8.3881e-01	1.6118e-01	8.2127e-06	5.2482e-10	6.1220e-03	9.8223e-01	1.1649e-02	1.1755e-36	7.1816e-01	2.8181e-01	2.9724e-05	1.1755e-36	1.1755e-36	1.1755e-36	1.8023e-16	0.00e+00	0.00e+00	1.3795e+01
8.50526e+16	4.6344e+03	3.634e-20	2.1544e+02	7.3562e+01	1.5099e-07	6.7299e-01	3.2701e-01	8.4066e-01	1.5933e-01	8.1516e-06	5.6194e-10	6.0344e-03	9.8251e-01	1.1456e-02	1.1755e-36	7.2395e-01	2.7602e-01	2.8602e-05	1.1755e-36	1.1755e-36	1.1755e-36	2.0734e-16	0.00e+00	0.00e+00	1.3930e+01
8.51952e+16	4.5942e+03	3.545e-20	2.1544e+02	7.2237e+01	1.6594e-07	6.7863e-01	3.2137e-01	8.4220e-01	1.5779e-01	8.1207e-06	5.9659e-10	5.9429e-03	9.8277e-01	1.1292e-02	1.1755e-36	7.2916e-01	2.7081e-01	2.7575e-05	1.1755e-36	1.1755e-36	1.1755e-36	2.3446e-16	0.00e+00	0.00e+00	1.4057e+01
8.53409e+16	4.5468e+03	3.456e-20	2.1544e+02	7.0886e+01	1.8503e-07	6.8464e-01	3.1536e-01	8.4392e-01	1.5607e-01	8.0745e-06	6.3854e-10	5.8510e-03	9.8304e-01	1.1112e-02	1.1755e-36	7.3467e-01	2.6530e-01	2.6535e-05	1.1755e-36	1.1755e-36	1.1755e-36	2.6990e-16	0.00e+00	0.00e+00	1.4200e+01
8.54919e+16	4.4945e+03	3.367e-20	2.1544e+02	6.9549e+01	2.0863e-07	6.9103e-01	3.0897e-01	8.4577e-01	1.5422e-01	8.0147e-06	6.8895e-10	5.7618e-03	9.8332e-01	1.0921e-02	1.1755e-36	7.4054e-01	2.5944e-01	2.5483e-05	1.1755e-36	1.1755e-36	1.1755e-36	3.1608e-16	0.00e+00	0.00e+00	1.4340e+01
8.56319e+16	4.4434e+03	3.285e-20	2.1544e+02	6.8248e+01	2.3429e-07	6.9675e-01	3.0325e-01	8.4734e-01	1.5266e-01	7.9731e-06	7.3975e-10	5.6745e-03	9.8357e-01	1.0755e-02	1.1755e-36	7.4579e-01	2.5418e-01	2.4570e-05	1.1755e-36	1.1755e-36	1.1755e-36	3.6745e-16	0.00e+00	0.00e+00	1.4464e+01
8.57576e+16	4.4056e+03	3.212e-20	2.1544e+02	6.7141e+01	2.5660e-07	7.0173e-01	2.9827e-01	8.4868e-01	1.5131e-01	7.9426e-06	7.8582e-10	5.5982e-03	9.8379e-01	1.0613e-02	1.1755e-36	7.5033e-01	2.4965e-01	2.3773e-05	1.1755e-36	1.1755e-36	1.1755e-36	4.1683e-16	0.00e+00	0.00e+00	1.4579e+01
8.58865e+16	4.3578e+03	3.137e-20	2.1544e+02	6.5963e+01	2.8660e-07	7.0702e-01	2.9298e-01	8.5020e-01	1.4979e-01	7.8978e-06	8.4298e-10	5.5193e-03	9.8403e-01	1.0455e-02	1.1755e-36	7.5516e-01	2.4482e-01	2.2961e-05	1.1755e-36	1.1755e-36	1.1755e-36	4.8355e-16	0.00e+00	0.00e+00	1.4711e+01
8.60214e+16	4.3099e+03	3.061e-20	2.1544e+02	6.4761e+01	3.2074e-07	7.1245e-01	2.8755e-01	8.5170e-01	1.4829e-01	7.8570e-06	9.0702e-10	5.4384e-03	9.8426e-01	1.0299e-02	1.1755e-36	7.6010e-01	2.3988e-01	2.2152e-05	1.1755e-36	1.1755e-36	1.1755e-36	5.6456e-16	0.00e+00	0.00e+00	1.4839e+01
8.61492e+16	4.2597e+03	2.991e-20	2.1544e+02	6.3628e+01	3.6044e-07	7.1770e-01	2.8230e-01	8.5318e-01	1.4681e-01	7.8104e-06	9.7806e-10	5.3637e-03	9.8449e-01	1.0147e-02	1.1755e-36	7.6487e-01	2.3511e-01	2.1403e-05	1.1755e-36	1.1755e-36	1.1755e-36	6.6278e-16	0.00e+00	0.00e+00	1.4960e+01
8.62674e+16	4.2166e+03	2.927e-20	2.1544e+02	6.2608e+01	3.9936e-07	7.2246e-01	2.7754e-01	8.5448e-01	1.4551e-01	7.7726e-06	1.0475e-09	5.2954e-03	9.8469e-01	1.0012e-02	1.1755e-36	7.6918e-01	2.3080e-01	2.0733e-05	1.1755e-36	1.1755e-36	1.1755e-36	7.6639e-16	0.00e+00	0.00e+00	1.5071e+01
8.63812e+16	4.1744e+03	2.865e-20	2.1544e+02	6.1607e+01	4.4164e-07	7.2698e-01	2.7302e-01	8.5574e-01	1.4426e-01	7.7379e-06	1.1206e-09	5.2285e-03	9.8489e-01	9.8817e-03	1.1755e-36	7.7326e-01	2.2672e-01	2.0105e-05	1.1755e-36	1.1755e-36	1.1755e-36	8.8432e-16	0.00e+00	0.00e+00	1.5185e+01
8.64992e+16	4.1307e+03	2.802e-20	2.1544e+02	6.0575e+01	4.9037e-07	7.3162e-01	2.6838e-01	8.5703e-01	1.4296e-01	7.7023e-06	1.2032e-09	5.1597e-03	9.8509e-01	9.7494e-03	1.1755e-36	7.7744e-01	2.2254e-01	1.9474e-05	1.1755e-36	1.1755e-36	1.1755e-36	1.0281e-15	0.00e+00	0.00e+00	1.5305e+01
8.66200e+16	4.0828e+03	2.739e-20	2.1544e+02	5.9504e+01	5.4924e-07	7.3637e-01	2.6363e-01	8.5833e-01	1.4167e-01	7.6673e-06	1.2986e-09	5.0888e-03	9.8530e-01	9.6149e-03	1.1755e-36	7.8173e-01	2.1825e-01	1.8848e-05	1.1755e-36	1.1755e-36	1.1755e-36	1.2096e-15	0.00e+00	0.00e+00	1.5426e+01
8.67372e+16	4.0366e+03	2.679e-20	2.1544e+02	5.8528e+01	6.1386e-07	7.4112e-01	2.5888e-01	8.5965e-01	1.4035e-01	7.6235e-06	1.4034e-09	5.0252e-03	9.8549e-01	9.4817e-03	1.1755e-36	7.8600e-01	2.1398e-01	1.8243e-05	1.1755e-36	1.1755e-36	1.1755e-36	1.4252e-15	0.00e+00	0.00e+00	1.5540e+01
8.68475e+16	3.9946e+03	2.622e-20	2.1544e+02	5.7555e+01	6.7913e-07	7.4538e-01	2.5462e-01	8.6073e-01	1.3926e-01	7.6005e-06	1.5058e-09	4.9605e-03	9.8567e-01	9.3676e-03	1.1755e-36	7.8983e-01	2.1015e-01	1.7701e-05	1.1755e-36	1.1755e-36	1.1755e-36	1.6549e-15	0.00e+00	0.00e+00	1.5649e+01
###########################
2.05327e+13	6.4022e+03	1.440e-19	2.1544e+02	2.2633e+02	8.3413e-12	2.6799e-02	9.7320e-01	1.3100e-01	8.6880e-01	1.9335e-04	5.9302e-14	5.5176e-03	7.3152e-01	2.6296e-01	9.0654e-06	3.1983e-02	9.4640e-01	2.1620e-02	3.3557e-07	1.1755e-36	1.1755e-36	5.4993e-22	0.00e+00	0.00e+00	1.4973e-03
1.23196e+14	6.3942e+03	1.435e-19	2.1544e+02	2.2592e+02	8.3661e-12	2.6738e-02	9.7326e-01	1.3094e-01	8.6886e-01	1.9334e-04	5.8904e-14	5.4923e-03	7.3147e-01	2.6303e-01	9.0881e-06	3.1912e-02	9.4643e-01	2.1656e-02	3.3580e-07	1.1755e-36	1.1755e-36	5.4362e-22	0.00e+00	0.00e+00	7.4729e-03
5.33850e+14	6.3733e+03	1.427e-19	2.1544e+02	2.2585e+02	8.5471e-12	2.6766e-02	9.7323e-01	1.3160e-01	8.6821e-01	1.9158e-04	5.9129e-14	5.4981e-03	7.3264e-01	2.6185e-01	8.9962e-06	3.1957e-02	9.4649e-01	2.1548e-02	3.2965e-07	1.1755e-36	1.1755e-36	5.4353e-22	0.00e+00	0.00e+00	3.1400e-02
2.17646e+15	6.3083e+03	1.408e-19	2.1544e+02	2.2571e+02	9.3660e-12	2.7162e-02	9.7284e-01	1.3476e-01	8.6506e-01	1.8367e-04	6.1511e-14	5.5810e-03	7.3795e-01	2.5646e-01	8.5660e-06	3.2482e-02	9.4662e-01	2.0900e-02	3.0029e-07	1.1755e-36	1.1755e-36	5.6335e-22	0.00e+00	0.00e+00	1.2852e-01
5.19888e+15	6.0957e+03	1.345e-19	2.1544e+02	2.2568e+02	1.1269e-11	2.6960e-02	9.7304e-01	1.3871e-01	8.6112e-01	1.7402e-04	6.1036e-14	5.6068e-03	7.4501e-01	2.4938e-01	8.1345e-06	3.2330e-02	9.4719e-01	2.0476e-02	2.7463e-07	1.1755e-36	1.1755e-36	5.3213e-22	0.00e+00	0.00e+00	2.5384e-01
8.23813e+15	5.9057e+03	1.295e-19	2.1544e+02	2.2564e+02	1.3488e-11	2.6849e-02	9.7315e-01	1.4243e-01	8.5740e-01	1.6514e-04	6.0818e-14	5.6400e-03	7.5146e-01	2.4289e-01	7.7292e-06	3.2280e-02	9.4770e-01	2.0017e-02	2.5148e-07	1.1755e-36	1.1755e-36	5.0790e-22	0.00e+00	0.00e+00	3.5108e-01
1.07790e+16	5.8008e+03	1.270e-19	2.1544e+02	2.2548e+02	1.5495e-11	2.7226e-02	9.7277e-01	1.4647e-01	8.5337e-01	1.5657e-04	6.3049e-14	5.7318e-03	7.5772e-01	2.3654e-01	7.2788e-06	3.2800e-02	9.4790e-01	1.9295e-02	2.2533e-07	1.1755e-36	1.1755e-36	5.1975e-22	0.00e+00	0.00e+00	4.4072e-01
1.35618e+16	5.7279e+03	1.255e-19	2.1544e+02	2.2524e+02	1.7953e-11	2.8119e-02	9.7188e-01	1.5226e-01	8.4760e-01	1.4609e-04	6.8248e-14	5.8987e-03	7.6581e-01	2.2828e-01	6.6803e-06	3.3951e-02	9.4786e-01	1.8194e-02	1.9219e-07	1.1755e-36	1.1755e-36	5.6631e-22	0.00e+00	0.00e+00	5.6106e-01
1.71794e+16	5.6540e+03	1.242e-19	2.1544e+02	2.2481e+02	2.1657e-11	2.9551e-02	9.7045e-01	1.6066e-01	8.3920e-01	1.3301e-04	7.6981e-14	6.1468e-03	7.7665e-01	2.1720e-01	5.9175e-06	3.5777e-02	9.4752e-01	1.6699e-02	1.5369e-07	1.1755e-36	1.1755e-36	6.5055e-22	0.00e+00	0.00e+00	7.2549e-01
2.18824e+16	5.5871e+03	1.231e-19	2.1544e+02	2.2401e+02	2.7463e-11	3.1872e-02	9.6813e-01	1.7320e-01	8.2668e-01	1.1710e-04	9.2305e-14	6.5154e-03	7.9110e-01	2.0238e-01	4.9777e-06	3.8710e-02	9.4657e-01	1.4724e-02	1.1755e-36	1.1755e-36	1.1755e-36	8.0994e-22	0.00e+00	0.00e+00	9.5602e-01
2.79831e+16	5.5400e+03	1.227e-19	2.1544e+02	2.2299e+02	3.7274e-11	3.5835e-02	9.6417e-01	1.9293e-01	8.0697e-01	9.8513e-05	1.2234e-13	7.0848e-03	8.1060e-01	1.8231e-01	3.8562e-06	4.3679e-02	9.4415e-01	1.2174e-02	1.1755e-36	1.1755e-36	1.1755e-36	1.1543e-21	0.00e+00	0.00e+00	1.2917e+00
3.44876e+16	5.5365e+03	1.228e-19	2.1544e+02	2.2116e+02	5.0717e-11	4.1279e-02	9.5872e-01	2.1779e-01	7.8213e-01	8.1947e-05	1.7119e-13	7.7548e-03	8.3088e-01	1.6137e-01	2.8594e-06	5.0461e-02	9.3986e-01	9.6779e-03	1.1755e-36	1.1755e-36	1.1755e-36	1.7824e-21	0.00e+00	0.00e+00	1.6356e+00
4.03071e+16	5.5815e+03	1.239e-19	2.1544e+02	2.1925e+02	6.7420e-11	4.8253e-02	9.5175e-01	2.4665e-01	7.5329e-01	6.8718e-05	2.4876e-13	8.4765e-03	8.4998e-01	1.4154e-01	2.0721e-06	5.9086e-02	9.3339e-01	7.5277e-03	1.1755e-36	1.1755e-36	1.1755e-36	2.9233e-21	0.00e+00	0.00e+00	1.9977e+00
4.56077e+16	5.6628e+03	1.251e-19	2.1544e+02	2.1660e+02	8.8216e-11	5.6988e-02	9.4301e-01	2.7964e-01	7.2030e-01	5.7868e-05	3.7099e-13	9.1991e-03	8.6760e-01	1.2320e-01	1.4706e-06	6.9820e-02	9.2444e-01	5.7372e-03	1.1755e-36	1.1755e-36	1.1755e-36	4.9862e-21	0.00e+00	0.00e+00	2.3920e+00
5.04861e+16	5.7507e+03	1.266e-19	2.1544e+02	2.1355e+02	1.1857e-10	6.8270e-02	9.3173e-01	3.1789e-01	6.8206e-01	4.8785e-05	5.7481e-13	9.9231e-03	8.8415e-01	1.0592e-01	1.0119e-06	8.3598e-02	9.1214e-01	4.2659e-03	1.1755e-36	1.1755e-36	1.1755e-36	8.9535e-21	0.00e+00	0.00e+00	2.8258e+00
5.48484e+16	5.8549e+03	1.277e-19	2.1544e+02	2.0971e+02	1.5921e-10	8.2211e-02	9.1779e-01	3.5976e-01	6.4020e-01	4.1352e-05	9.0527e-13	1.0569e-02	8.9877e-01	9.0659e-02	6.8668e-07	1.0050e-01	8.9638e-01	3.1267e-03	1.1755e-36	1.1755e-36	1.1755e-36	1.6436e-20	0.00e+00	0.00e+00	3.2793e+00
5.86212e+16	5.9558e+03	1.283e-19	2.1544e+02	2.0531e+02	2.1501e-10	9.8828e-02	9.0117e-01	4.0343e-01	5.9653e-01	3.5320e-05	1.4277e-12	1.1097e-02	9.1128e-01	7.7626e-02	4.6571e-07	1.2047e-01	8.7724e-01	2.2856e-03	1.1755e-36	1.1755e-36	1.1755e-36	3.0166e-20	0.00e+00	0.00e+00	3.7487e+00
6.18958e+16	6.0437e+03	1.280e-19	2.1544e+02	2.0030e+02	2.9343e-10	1.1834e-01	8.8166e-01	4.4772e-01	5.5225e-01	3.0409e-05	2.2439e-12	1.1491e-02	9.2191e-01	6.6595e-02	3.1704e-07	1.4372e-01	8.5461e-01	1.6716e-03	1.1755e-36	1.1755e-36	1.1755e-36	5.4951e-20	0.00e+00	0.00e+00	4.2409e+00
6.47906e+16	6.1151e+03	1.268e-19	2.1544e+02	1.9480e+02	4.0718e-10	1.4139e-01	8.5861e-01	4.9214e-01	5.0783e-01	2.6336e-05	3.5340e-12	1.1761e-02	9.3109e-01	5.7146e-02	2.1595e-07	1.7090e-01	8.2789e-01	1.2193e-03	1.1755e-36	1.1755e-36	1.1755e-36	1.0024e-19	0.00e+00	0.00e+00	4.7665e+00
6.73815e+16	6.1673e+03	1.241e-19	2.1544e+02	1.8799e+02	5.7263e-10	1.6804e-01	8.3196e-01	5.3588e-01	4.6410e-01	2.2878e-05	5.5204e-12	1.1855e-02	9.3894e-01	4.9200e-02	1.4812e-07	2.0194e-01	7.9717e-01	8.8928e-04	1.1755e-36	1.1755e-36	1.1755e-36	1.8017e-19	0.00e+00	0.00e+00	5.3265e+00
6.97280e+16	6.2017e+03	1.200e-19	2.1544e+02	1.8049e+02	8.1803e-10	1.9903e-01	8.0097e-01	5.7879e-01	4.2119e-01	1.9886e-05	8.6331e-12	1.1821e-02	9.4581e-01	4.2366e-02	1.1755e-36	2.3753e-01	7.6182e-01	6.4590e-04	1.1755e-36	1.1755e-36	1.1755e-36	3.2432e-19	0.00e+00	0.00e+00	5.9340e+00
7.18724e+16	6.2059e+03	1.145e-19	2.1544e+02	1.7209e+02	1.2010e-09	2.3487e-01	7.6513e-01	6.1986e-01	3.8012e-01	1.7365e-05	1.3502e-11	1.1644e-02	9.5185e-01	3.6503e-02	1.1755e-36	2.7807e-01	7.2147e-01	4.6707e-04	1.1755e-36	1.1755e-36	1.1755e-36	5.8488e-19	0.00e+00	0.00e+00	6.5874e+00
7.37325e+16	6.1829e+03	1.079e-19	2.1544e+02	1.6316e+02	1.7651e-09	2.7330e-01	7.2670e-01	6.5585e-01	3.4413e-01	1.5408e-05	2.0507e-11	1.1343e-02	9.5686e-01	3.1800e-02	1.1755e-36	3.2079e-01	6.7887e-01	3.4308e-04	1.1755e-36	1.1755e-36	1.1755e-36	1.0197e-18	0.00e+00	0.00e+00	7.2102e+00
7.51826e+16	6.1405e+03	1.014e-19	2.1544e+02	1.5489e+02	2.4828e-09	3.0887e-01	6.9113e-01	6.8342e-01	3.1657e-01	1.4059e-05	2.8928e-11	1.0988e-02	9.6060e-01	2.8416e-02	1.1755e-36	3.5966e-01	6.4008e-01	2.6470e-04	1.1755e-36	1.1755e-36	1.1755e-36	1.6212e-18	0.00e+00	0.00e+00	7.7249e+00
7.62537e+16	6.0905e+03	9.581e-20	2.1544e+02	1.4811e+02	3.2829e-09	3.3859e-01	6.6141e-01	7.0352e-01	2.9647e-01	1.3131e-05	3.7711e-11	1.0662e-02	9.6328e-01	2.6059e-02	1.1755e-36	3.9165e-01	6.0813e-01	2.1605e-04	1.1755e-36	1.1755e-36	1.1755e-36	2.3282e-18	0.00e+00	0.00e+00	8.1474e+00
7.71134e+16	6.0441e+03	9.080e-20	2.1544e+02	1.4224e+02	4.1453e-09	3.6424e-01	6.3576e-01	7.1933e-01	2.8066e-01	1.2440e-05	4.6793e-11	1.0355e-02	9.6538e-01	2.4261e-02	1.1755e-36	4.1891e-01	5.8091e-01	1.8231e-04	1.1755e-36	1.1755e-36	1.1755e-36	3.1355e-18	0.00e+00	0.00e+00	8.5448e+00
7.79027e+16	5.9744e+03	8.597e-20	2.1544e+02	1.3651e+02	5.3075e-09	3.8984e-01	6.1016e-01	7.3386e-01	2.6613e-01	1.1813e-05	5.7542e-11	1.0046e-02	9.6732e-01	2.2636e-02	1.1755e-36	4.4582e-01	5.5403e-01	1.5499e-04	1.1755e-36	1.1755e-36	1.1755e-36	4.1851e-18	0.00e+00	0.00e+00	8.9566e+00
7.86614e+16	5.9033e+03	8.099e-20	2.1544e+02	1.3068e+02	6.7768e-09	4.1569e-01	5.8431e-01	7.4737e-01	2.5262e-01	1.1259e-05	7.0311e-11	9.7139e-03	9.6912e-01	2.1168e-02	1.1755e-36	4.7267e-01	5.2720e-01	1.3200e-04	1.1755e-36	1.1755e-36	1.1755e-36	5.5642e-18	0.00e+00	0.00e+00	9.3755e+00
7.93638e+16	5.8265e+03	7.618e-20	2.1544e+02	1.2502e+02	8.6244e-09	4.4088e-01	5.5912e-01	7.5936e-01	2.4063e-01	1.0793e-05	8.4936e-11	9.3797e-03	9.7074e-01	1.9881e-02	1.1755e-36	4.9854e-01	5.0135e-01	1.1332e-04	1.1755e-36	1.1755e-36	1.1755e-36	7.3245e-18	0.00e+00	0.00e+00	9.7738e+00
7.99892e+16	5.7476e+03	7.177e-20	2.1544e+02	1.1978e+02	1.0845e-08	4.6429e-01	5.3571e-01	7.6968e-01	2.3031e-01	1.0410e-05	1.0086e-10	9.0615e-03	9.7215e-01	1.8786e-02	1.1755e-36	5.2232e-01	4.7758e-01	9.8580e-05	1.1755e-36	1.1755e-36	1.1755e-36	9.4629e-18	0.00e+00	0.00e+00	1.0144e+01
8.04258e+16	5.6841e+03	6.875e-20	2.1544e+02	1.1615e+02	1.2874e-08	4.8129e-01	5.1871e-01	7.7621e-01	2.2378e-01	1.0180e-05	1.1405e-10	8.8376e-03	9.7307e-01	1.8090e-02	1.1755e-36	5.3944e-01	4.6047e-01	8.9487e-05	1.1755e-36	1.1755e-36	1.1755e-36	1.1448e-17	0.00e+00	0.00e+00	1.0332e+01
8.06600e+16	5.6479e+03	6.708e-20	2.1544e+02	1.1406e+02	1.4143e-08	4.9031e-01	5.0969e-01	7.7973e-01	2.2026e-01	1.0061e-05	1.2166e-10	8.7076e-03	9.7356e-01	1.7728e-02	1.1755e-36	5.4847e-01	4.5144e-01	8.4943e-05	1.1755e-36	1.1755e-36	1.1755e-36	1.2660e-17	0.00e+00	0.00e+00	1.0453e+01
8.08523e+16	5.6225e+03	6.564e-20	2.1544e+02	1.1235e+02	1.5212e-08	4.9779e-01	5.0221e-01	7.8276e-01	2.1723e-01	9.9580e-06	1.2839e-10	8.5989e-03	9.7399e-01	1.7413e-02	1.1755e-36	5.5593e-01	4.4399e-01	8.1216e-05	1.1755e-36	1.1755e-36	1.1755e-36	1.3766e-17	0.00e+00	0.00e+00	1.0591e+01
8.10854e+16	5.5858e+03	6.390e-20	2.1544e+02	1.1025e+02	1.6746e-08	5.0707e-01	4.9293e-01	7.8654e-01	2.1345e-01	9.8249e-06	1.3735e-10	8.4648e-03	9.7451e-01	1.7023e-02	1.1755e-36	5.6516e-01	4.3477e-01	7.6836e-05	1.1755e-36	1.1755e-36	1.1755e-36	1.5308e-17	0.00e+00	0.00e+00	1.0772e+01
8.13611e+16	5.5371e+03	6.188e-20	2.1544e+02	1.0775e+02	1.8891e-08	5.1822e-01	4.8178e-01	7.9084e-01	2.0915e-01	9.6760e-06	1.4899e-10	8.3054e-03	9.7512e-01	1.6577e-02	1.1755e-36	5.7618e-01	4.2375e-01	7.1975e-05	1.1755e-36	1.1755e-36	1.1755e-36	1.7449e-17	0.00e+00	0.00e+00	1.0975e+01
8.16317e+16	5.4892e+03	5.992e-20	2.1544e+02	1.0532e+02	2.1279e-08	5.2920e-01	4.7080e-01	7.9484e-01	2.0515e-01	9.5433e-06	1.6145e-10	8.1486e-03	9.7569e-01	1.6162e-02	1.1755e-36	5.8699e-01	4.1294e-01	6.7519e-05	1.1755e-36	1.1755e-36	1.1755e-36	1.9911e-17	0.00e+00	0.00e+00	1.1158e+01
8.18713e+16	5.4391e+03	5.821e-20	2.1544e+02	1.0321e+02	2.3921e-08	5.3937e-01	4.6063e-01	7.9851e-01	2.0148e-01	9.4104e-06	1.7435e-10	8.0139e-03	9.7620e-01	1.5783e-02	1.1755e-36	5.9697e-01	4.0297e-01	6.3702e-05	1.1755e-36	1.1755e-36	1.1755e-36	2.2655e-17	0.00e+00	0.00e+00	1.1323e+01
8.20865e+16	5.4019e+03	5.663e-20	2.1544e+02	1.0121e+02	2.6280e-08	5.4803e-01	4.5197e-01	8.0152e-01	1.9847e-01	9.3220e-06	1.8580e-10	7.8828e-03	9.7664e-01	1.5476e-02	1.1755e-36	6.0541e-01	3.9453e-01	6.0524e-05	1.1755e-36	1.1755e-36	1.1755e-36	2.5232e-17	0.00e+00	0.00e+00	1.1476e+01
8.23026e+16	5.3525e+03	5.507e-20	2.1544e+02	9.9216e+01	2.9396e-08	5.5726e-01	4.4274e-01	8.0479e-01	1.9520e-01	9.2083e-06	1.9955e-10	7.7533e-03	9.7711e-01	1.5139e-02	1.1755e-36	6.1439e-01	3.8555e-01	5.7369e-05	1.1755e-36	1.1755e-36	1.1755e-36	2.8551e-17	0.00e+00	0.00e+00	1.1648e+01
8.25240e+16	5.3122e+03	5.344e-20	2.1544e+02	9.7124e+01	3.2497e-08	5.6616e-01	4.3384e-01	8.0779e-01	1.9220e-01	9.1250e-06	2.1338e-10	7.6138e-03	9.7755e-01	1.4836e-02	1.1755e-36	6.2301e-01	3.7694e-01	5.4396e-05	1.1755e-36	1.1755e-36	1.1755e-36	3.2094e-17	0.00e+00	0.00e+00	1.1814e+01
8.27440e+16	5.2633e+03	5.186e-20	2.1544e+02	9.5060e+01	3.6388e-08	5.7540e-01	4.2460e-01	8.1087e-01	1.8912e-01	9.0302e-06	2.2950e-10	7.4774e-03	9.7800e-01	1.4520e-02	1.1755e-36	6.3192e-01	3.6803e-01	5.1518e-05	1.1755e-36	1.1755e-36	1.1755e-36	3.6558e-17	0.00e+00	0.00e+00	1.1990e+01
8.29620e+16	5.2109e+03	5.032e-20	2.1544e+02	9.3037e+01	4.0964e-08	5.8468e-01	4.1532e-01	8.1391e-01	1.8609e-01	8.9334e-06	2.4755e-10	7.3441e-03	9.7844e-01	1.4212e-02	1.1755e-36	6.4084e-01	3.5911e-01	4.8804e-05	1.1755e-36	1.1755e-36	1.1755e-36	4.1972e-17	0.00e+00	0.00e+00	1.2158e+01
8.31616e+16	5.1671e+03	4.891e-20	2.1544e+02	9.1184e+01	4.5410e-08	5.9299e-01	4.0701e-01	8.1657e-01	1.8342e-01	8.8555e-06	2.6502e-10	7.2199e-03	9.7883e-01	1.3946e-02	1.1755e-36	6.4879e-01	3.5116e-01	4.6454e-05	1.1755e-36	1.1755e-36	1.1755e-36	4.7585e-17	0.00e+00	0.00e+00	1.2310e+01
8.33521e+16	5.1171e+03	4.759e-20	2.1544e+02	8.9424e+01	5.0777e-08	6.0127e-01	3.9873e-01	8.1922e-01	1.8077e-01	8.7685e-06	2.8481e-10	7.1033e-03	9.7922e-01	1.3677e-02	1.1755e-36	6.5669e-01	3.4327e-01	4.4255e-05	1.1755e-36	1.1755e-36	1.1755e-36	5.4487e-17	0.00e+00	0.00e+00	1.2467e+01
8.35395e+16	5.0753e+03	4.627e-20	2.1544e+02	8.7640e+01	5.6029e-08	6.0890e-01	3.9110e-01	8.2155e-01	1.7844e-01	8.7107e-06	3.0408e-10	6.9823e-03	9.7958e-01	1.3441e-02	1.1755e-36	6.6396e-01	3.3600e-01	4.2247e-05	1.1755e-36	1.1755e-36	1.1755e-36	6.1684e-17	0.00e+00	0.00e+00	1.2618e+01
8.37278e+16	5.0231e+03	4.497e-20	2.1544e+02	8.5861e+01	6.2910e-08	6.1702e-01	3.8298e-01	8.2411e-01	1.7588e-01	8.6304e-06	3.2784e-10	6.8637e-03	9.7995e-01	1.3187e-02	1.1755e-36	6.7163e-01	3.2833e-01	4.0265e-05	1.1755e-36	1.1755e-36	1.1755e-36	7.1331e-17	0.00e+00	0.00e+00	1.2781e+01
8.39138e+16	4.9726e+03	4.373e-20	2.1544e+02	8.4168e+01	7.0490e-08	6.2504e-01	3.7496e-01	8.2657e-01	1.7342e-01	8.5523e-06	3.5274e-10	6.7504e-03	9.8031e-01	1.2936e-02	1.1755e-36	6.7921e-01	3.2076e-01	3.8389e-05	1.1755e-36	1.1755e-36	1.1755e-36	8.2099e-17	0.00e+00	0.00e+00	1.2933e+01
8.40853e+16	4.9323e+03	4.256e-20	2.1544e+02	8.2543e+01	7.7478e-08	6.3196e-01	3.6804e-01	8.2859e-01	1.7140e-01	8.5074e-06	3.7440e-10	6.6390e-03	9.8064e-01	1.2722e-02	1.1755e-36	6.8573e-01	3.1423e-01	3.6775e-05	1.1755e-36	1.1755e-36	1.1755e-36	9.2022e-17	0.00e+00	0.00e+00	1.3075e+01
8.42595e+16	4.8806e+03	4.139e-20	2.1544e+02	8.0888e+01	8.6857e-08	6.3941e-01	3.6059e-01	8.3086e-01	1.6914e-01	8.4397e-06	4.0099e-10	6.5279e-03	9.8099e-01	1.2484e-02	1.1755e-36	6.9270e-01	3.0727e-01	3.5157e-05	1.1755e-36	1.1755e-36	1.1755e-36	1.0519e-16	0.00e+00	0.00e+00	1.3234e+01
8.44360e+16	4.8253e+03	4.025e-20	2.1544e+02	7.9244e+01	9.8076e-08	6.4699e-01	3.5301e-01	8.3311e-01	1.6689e-01	8.3701e-06	4.3115e-10	6.4181e-03	9.8133e-01	1.2248e-02	1.1755e-36	6.9980e-01	3.0017e-01	3.3591e-05	1.1755e-36	1.1755e-36	1.1755e-36	1.2142e-16	0.00e+00	0.00e+00	1.3383e+01
8.45950e+16	4.7821e+03	3.922e-20	2.1544e+02	7.7783e+01	1.0837e-07	6.5354e-01	3.4646e-01	8.3497e-01	1.6502e-01	8.3226e-06	4.5892e-10	6.3184e-03	9.8163e-01	1.2051e-02	1.1755e-36	7.0592e-01	2.9405e-01	3.2252e-05	1.1755e-36	1.1755e-36	1.1755e-36	1.3744e-16	0.00e+00	0.00e+00	1.3515e+01
8.47472e+16	4.7301e+03	3.826e-20	2.1544e+02	7.6387e+01	1.2151e-07	6.6024e-01	3.3976e-01	8.3699e-01	1.6300e-01	8.2536e-06	4.9163e-10	6.2257e-03	9.8193e-01	1.1841e-02	1.1755e-36	7.1214e-01	2.8783e-01	3.0973e-05	1.1755e-36	1.1755e-36	1.1755e-36	1.5789e-16	0.00e+00	0.00e+00	1.3655e+01
8.48975e+16	4.6915e+03	3.729e-20	2.1544e+02	7.4979e+01	1.3315e-07	6.6616e-01	3.3384e-01	8.3861e-01	1.6138e-01	8.2239e-06	5.2111e-10	6.1280e-03	9.8220e-01	1.1668e-02	1.1755e-36	7.1763e-01	2.8235e-01	2.9817e-05	1.1755e-36	1.1755e-36	1.1755e-36	1.7758e-16	0.00e+00	0.00e+00	1.3786e+01
8.50523e+16	4.6413e+03	3.632e-20	2.1544e+02	7.3527e+01	1.4912e-07	6.7264e-01	3.2736e-01	8.4051e-01	1.5948e-01	8.1697e-06	5.5842e-10	6.0297e-03	9.8250e-01	1.1469e-02	1.1755e-36	7.2361e-01	2.7636e-01	2.8626e-05	1.1755e-36	1.1755e-36	1.1755e-36	2.0457e-16	0.00e+00	0.00e+00	1.3937e+01
8.52120e+16	4.5876e+03	3.535e-20	2.1544e+02	7.2100e+01	1.6846e-07	6.7945e-01	3.2055e-01	8.4250e-01	1.5750e-01	8.1060e-06	6.0244e-10	5.9343e-03	9.8280e-01	1.1264e-02	1.1755e-36	7.2990e-01	2.7007e-01	2.7438e-05	1.1755e-36	1.1755e-36	1.1755e-36	2.3912e-16	0.00e+00	0.00e+00	1.4080e+01
8.53563e+16	4.5345e+03	3.450e-20	2.1544e+02	7.0798e+01	1.8973e-07	6.8564e-01	3.1436e-01	8.4426e-01	1.5573e-01	8.0482e-06	6.4783e-10	5.8480e-03	9.8307e-01	1.1080e-02	1.1755e-36	7.3560e-01	2.6437e-01	2.6407e-05	1.1755e-36	1.1755e-36	1.1755e-36	2.7825e-16	0.00e+00	0.00e+00	1.4205e+01
8.54834e+16	4.4979e+03	3.373e-20	2.1544e+02	6.9654e+01	2.0708e-07	6.9067e-01	3.0933e-01	8.4562e-01	1.5437e-01	8.0191e-06	6.8588e-10	5.7692e-03	9.8329e-01	1.0936e-02	1.1755e-36	7.4021e-01	2.5976e-01	2.5552e-05	1.1755e-36	1.1755e-36	1.1755e-36	3.1319e-16	0.00e+00	0.00e+00	1.4318e+01
8.56148e+16	4.4459e+03	3.296e-20	2.1544e+02	6.8439e+01	2.3270e-07	6.9630e-01	3.0370e-01	8.4729e-01	1.5270e-01	7.9625e-06	7.3670e-10	5.6889e-03	9.8355e-01	1.0764e-02	1.1755e-36	7.4538e-01	2.5460e-01	2.4656e-05	1.1755e-36	1.1755e-36	1.1755e-36	3.6409e-16	0.00e+00	0.00e+00	1.4453e+01
8.57512e+16	4.4014e+03	3.216e-20	2.1544e+02	6.7192e+01	2.5837e-07	7.0170e-01	2.9830e-01	8.4874e-01	1.5125e-01	7.9304e-06	7.8771e-10	5.6037e-03	9.8379e-01	1.0610e-02	1.1755e-36	7.5031e-01	2.4967e-01	2.3797e-05	1.1755e-36	1.1755e-36	1.1755e-36	4.1926e-16	0.00e+00	0.00e+00	1.4577e+01
8.58815e+16	4.3573e+03	3.141e-20	2.1544e+02	6.6030e+01	2.8671e-07	7.0695e-01	2.9305e-01	8.5020e-01	1.4979e-01	7.8913e-06	8.4301e-10	5.5249e-03	9.8402e-01	1.0457e-02	1.1755e-36	7.5510e-01	2.4488e-01	2.2985e-05	1.1755e-36	1.1755e-36	1.1755e-36	4.8358e-16	0.00e+00	0.00e+00	1.4703e+01
8.60130e+16	4.3108e+03	3.067e-20	2.1544e+02	6.4852e+01	3.1985e-07	7.1225e-01	2.8775e-01	8.5168e-01	1.4831e-01	7.8509e-06	9.0531e-10	5.4456e-03	9.8425e-01	1.0304e-02	1.1755e-36	7.5990e-01	2.4007e-01	2.2193e-05	1.1755e-36	1.1755e-36	1.1755e-36	5.6223e-16	0.00e+00	0.00e+00	1.4831e+01
8.61430e+16	4.2619e+03	2.995e-20	2.1544e+02	6.3678e+01	3.5854e-07	7.1745e-01	2.8255e-01	8.5311e-01	1.4688e-01	7.8125e-06	9.7455e-10	5.3671e-03	9.8448e-01	1.0154e-02	1.1755e-36	7.6464e-01	2.3534e-01	2.1439e-05	1.1755e-36	1.1755e-36	1.1755e-36	6.5777e-16	0.00e+00	0.00e+00	1.4956e+01
8.62659e+16	4.2163e+03	2.928e-20	2.1544e+02	6.2628e+01	3.9957e-07	7.2245e-01	2.7755e-01	8.5451e-01	1.4548e-01	7.7684e-06	1.0479e-09	5.2973e-03	9.8469e-01	1.0010e-02	1.1755e-36	7.6919e-01	2.3079e-01	2.0732e-05	1.1755e-36	1.1755e-36	1.1755e-36	7.6687e-16	0.00e+00	0.00e+00	1.5072e+01
8.63827e+16	4.1736e+03	2.865e-20	2.1544e+02	6.1596e+01	4.4240e-07	7.2705e-01	2.7295e-01	8.5576e-01	1.4424e-01	7.7369e-06	1.1219e-09	5.2280e-03	9.8489e-01	9.8800e-03	1.1755e-36	7.7332e-01	2.2666e-01	2.0097e-05	1.1755e-36	1.1755e-36	1.1755e-36	8.8647e-16	0.00e+00	0.00e+00	1.5186e+01
8.64998e+16	4.1296e+03	2.802e-20	2.1544e+02	6.0570e+01	4.9146e-07	7.3168e-01	2.6832e-01	8.5704e-01	1.4295e-01	7.7010e-06	1.2047e-09	5.1597e-03	9.8509e-01	9.7481e-03	1.1755e-36	7.7750e-01	2.2248e-01	1.9470e-05	1.1755e-36	1.1755e-36	1.1755e-36	1.0310e-15	0.00e+00	0.00e+00	1.5304e+01
8.66189e+16	4.0817e+03	2.740e-20	2.1544e+02	5.9554e+01	5.5092e-07	7.3652e-01	2.6348e-01	8.5841e-01	1.4158e-01	7.6554e-06	1.3024e-09	5.0934e-03	9.8530e-01	9.6095e-03	1.1755e-36	7.8187e-01	2.1811e-01	1.8837e-05	1.1755e-36	1.1755e-36	1.1755e-36	1.2163e-15	0.00e+00	0.00e+00	1.5424e+01
8.67337e+16	4.0389e+03	2.680e-20	2.1544e+02	5.8543e+01	6.1065e-07	7.4092e-01	2.5908e-01	8.5955e-01	1.4044e-01	7.6308e-06	1.3982e-09	5.0258e-03	9.8548e-01	9.4897e-03	1.1755e-36	7.8583e-01	2.1415e-01	1.8264e-05	1.1755e-36	1.1755e-36	1.1755e-36	1.4143e-15	0.00e+00	0.00e+00	1.5535e+01
8.68454e+16	3.9962e+03	2.622e-20	2.1544e+02	5.7569e+01	6.7698e-07	7.4534e-01	2.5465e-01	8.6070e-01	1.3929e-01	7.6032e-06	1.5035e-09	4.9613e-03	9.8567e-01	9.3707e-03	1.1755e-36	7.8980e-01	2.1018e-01	1.7704e-05	1.1755e-36	1.1755e-36	1.1755e-36	1.6491e-15	0.00e+00	0.00e+00	1.5650e+01
