#depth	Te	Htot	hden	eden	2H_2/H	HI	HII	HeI	HeII	HeIII	CO/C	C1	C2	C3	C4	O1	O2	O3	O4	O5	O6	H2O/O	AV(point)	AV(extend)	Tau912
6.96217e+13	6.9372e+03	1.865e-20	7.7426e+01	8.3511e+01	1.6468e-13	5.7194e-03	9.9428e-01	3.0543e-02	9.6843e-01	1.0276e-03	5.8778e-16	6.1317e-04	3.6845e-01	6.3072e-01	2.2290e-04	5.0000e-03	7.6886e-01	2.2609e-01	5.2262e-05	1.1755e-36	1.1755e-36	3.5593e-24	0.00e+00	0.00e+00	3.8935e-04
4.17730e+14	6.9336e+03	1.864e-20	7.7426e+01	8.3496e+01	1.6497e-13	5.7169e-03	9.9428e-01	3.0548e-02	9.6843e-01	1.0265e-03	5.8711e-16	6.1211e-04	3.6849e-01	6.3067e-01	2.2334e-04	4.9977e-03	7.6882e-01	2.2613e-01	5.2097e-05	1.1755e-36	1.1755e-36	3.5515e-24	0.00e+00	0.00e+00	1.9460e-03
1.81016e+15	6.9245e+03	1.861e-20	7.7426e+01	8.3493e+01	1.6602e-13	5.7158e-03	9.9428e-01	3.0592e-02	9.6839e-01	1.0190e-03	5.8759e-16	6.1129e-04	3.6886e-01	6.3030e-01	2.2263e-04	4.9997e-03	7.6911e-01	2.2584e-01	5.1279e-05	1.1755e-36	1.1755e-36	3.5469e-24	0.00e+00	0.00e+00	8.1716e-03
7.37990e+15	6.9074e+03	1.850e-20	7.7426e+01	8.3489e+01	1.6851e-13	5.7214e-03	9.9428e-01	3.0774e-02	9.6824e-01	9.8265e-04	5.9176e-16	6.1247e-04	3.7034e-01	6.2883e-01	2.1959e-04	5.0179e-03	7.7047e-01	2.2446e-01	4.8057e-05	1.1755e-36	1.1755e-36	3.5529e-24	0.00e+00	0.00e+00	3.3098e-02
1.76282e+16	6.8305e+03	1.814e-20	7.7426e+01	8.3493e+01	1.7373e-13	5.6490e-03	9.9435e-01	3.0898e-02	9.6815e-01	9.5395e-04	5.7761e-16	6.0803e-04	3.7163e-01	6.2755e-01	2.1643e-04	4.9679e-03	7.7139e-01	2.2360e-01	4.4264e-05	1.1755e-36	1.1755e-36	3.3800e-24	0.00e+00	0.00e+00	6.5093e-02
3.09510e+16	6.7538e+03	1.780e-20	7.7426e+01	8.3495e+01	1.8087e-13	5.6035e-03	9.9440e-01	3.1149e-02	9.6796e-01	8.9191e-04	5.7065e-16	6.0810e-04	3.7388e-01	6.2530e-01	2.1100e-04	4.9472e-03	7.7296e-01	2.2205e-01	3.9404e-05	1.1755e-36	1.1755e-36	3.2597e-24	0.00e+00	0.00e+00	1.0635e-01
4.82707e+16	6.6739e+03	1.746e-20	7.7426e+01	8.3493e+01	1.9065e-13	5.5824e-03	9.9442e-01	3.1562e-02	9.6764e-01	7.9881e-04	5.7104e-16	6.1212e-04	3.7735e-01	6.2184e-01	2.0324e-04	4.9600e-03	7.7606e-01	2.1895e-01	3.3482e-05	1.1755e-36	1.1755e-36	3.1844e-24	0.00e+00	0.00e+00	1.5978e-01
7.07862e+16	6.5896e+03	1.711e-20	7.7426e+01	8.3488e+01	2.0422e-13	5.5923e-03	9.9441e-01	3.2194e-02	9.6713e-01	6.7706e-04	5.8068e-16	6.2083e-04	3.8243e-01	6.1676e-01	1.9297e-04	5.0134e-03	7.8073e-01	2.1423e-01	2.6815e-05	1.1755e-36	1.1755e-36	3.1619e-24	0.00e+00	0.00e+00	2.2937e-01
1.00056e+17	6.5020e+03	1.675e-20	7.7426e+01	8.3478e+01	2.2337e-13	5.6472e-03	9.9435e-01	3.3145e-02	9.6632e-01	5.3436e-04	6.0433e-16	6.3622e-04	3.8979e-01	6.0939e-01	1.8011e-04	5.1247e-03	7.8746e-01	2.0740e-01	1.9863e-05	1.1755e-36	1.1755e-36	3.2184e-24	0.00e+00	0.00e+00	3.2072e-01
1.38108e+17	6.4141e+03	1.641e-20	7.7426e+01	8.3459e+01	2.5053e-13	5.7697e-03	9.9423e-01	3.4580e-02	9.6504e-01	3.8495e-04	6.4945e-16	6.6143e-04	4.0041e-01	5.9876e-01	1.6471e-04	5.3217e-03	7.9682e-01	1.9784e-01	1.3277e-05	1.1755e-36	1.1755e-36	3.3908e-24	0.00e+00	0.00e+00	4.4206e-01
1.87574e+17	6.3309e+03	1.610e-20	7.7426e+01	8.3427e+01	2.9063e-13	5.9995e-03	9.9400e-01	3.6785e-02	9.6297e-01	2.4724e-04	7.3253e-16	7.0191e-04	4.1586e-01	5.8329e-01	1.4687e-04	5.6528e-03	8.0959e-01	1.8475e-01	7.7507e-06	1.1755e-36	1.1755e-36	3.7738e-24	0.00e+00	0.00e+00	6.0608e-01
2.51881e+17	6.2600e+03	1.586e-20	7.7426e+01	8.3375e+01	3.5345e-13	6.4097e-03	9.9359e-01	4.0306e-02	9.5956e-01	1.3775e-04	8.8968e-16	7.6738e-04	4.3871e-01	5.6040e-01	1.2644e-04	6.2085e-03	8.2677e-01	1.6702e-01	3.7802e-06	1.1755e-36	1.1755e-36	4.5820e-24	0.00e+00	0.00e+00	8.3388e-01
3.35480e+17	6.2116e+03	1.573e-20	7.7426e+01	8.3266e+01	4.6083e-13	7.1470e-03	9.9285e-01	4.6258e-02	9.5368e-01	6.4473e-05	1.2107e-15	8.7611e-04	4.7339e-01	5.2563e-01	1.0288e-04	7.1730e-03	8.4959e-01	1.4323e-01	1.4460e-06	1.1755e-36	1.1755e-36	6.3762e-24	0.00e+00	0.00e+00	1.1641e+00
4.15448e+17	6.1955e+03	1.573e-20	7.7426e+01	8.3143e+01	5.9263e-13	8.0406e-03	9.9196e-01	5.3552e-02	9.4642e-01	3.0922e-05	1.6610e-15	9.9968e-04	5.1036e-01	4.8856e-01	8.3378e-05	8.3287e-03	8.7035e-01	1.2132e-01	5.6766e-07	1.1755e-36	1.1755e-36	9.0729e-24	0.00e+00	0.00e+00	1.4213e+00
4.71100e+17	6.2184e+03	1.587e-20	7.7426e+01	8.3034e+01	7.1806e-13	8.9238e-03	9.9108e-01	6.0702e-02	9.3928e-01	1.8899e-05	2.1902e-15	1.1122e-03	5.4154e-01	4.5728e-01	7.0035e-05	9.4539e-03	8.8543e-01	1.0512e-01	2.8760e-07	1.1755e-36	1.1755e-36	1.2527e-23	0.00e+00	0.00e+00	1.6214e+00
5.14036e+17	6.2465e+03	1.606e-20	7.7426e+01	8.2923e+01	8.5211e-13	9.8125e-03	9.9019e-01	6.7962e-02	9.3203e-01	1.2989e-05	2.8171e-15	1.2177e-03	5.6931e-01	4.2941e-01	5.9746e-05	1.0581e-02	8.9728e-01	9.2136e-02	1.6502e-07	1.1755e-36	1.1755e-36	1.6902e-23	0.00e+00	0.00e+00	1.8134e+00
5.60042e+17	6.2789e+03	1.630e-20	7.7426e+01	8.2758e+01	1.0566e-12	1.1027e-02	9.8897e-01	7.8124e-02	9.2187e-01	8.6524e-06	3.8404e-15	1.3524e-03	6.0307e-01	3.9553e-01	4.8802e-05	1.2122e-02	9.0993e-01	7.7946e-02	1.1755e-36	1.1755e-36	1.1755e-36	2.4522e-23	0.00e+00	0.00e+00	2.0937e+00
6.07379e+17	6.3269e+03	1.663e-20	7.7426e+01	8.2541e+01	1.3354e-12	1.2595e-02	9.8740e-01	9.1664e-02	9.0833e-01	5.7611e-06	5.4175e-15	1.5083e-03	6.4057e-01	3.5788e-01	3.8503e-05	1.4107e-02	9.2186e-01	6.4038e-02	1.1755e-36	1.1755e-36	1.1755e-36	3.7344e-23	0.00e+00	0.00e+00	2.3565e+00
6.45017e+17	6.3736e+03	1.696e-20	7.7426e+01	8.2326e+01	1.6524e-12	1.4225e-02	9.8577e-01	1.0639e-01	8.9361e-01	4.1867e-06	7.3996e-15	1.6530e-03	6.7402e-01	3.2430e-01	3.0685e-05	1.6167e-02	9.3071e-01	5.3120e-02	1.1755e-36	1.1755e-36	1.1755e-36	5.4904e-23	0.00e+00	0.00e+00	2.5833e+00
6.75835e+17	6.4195e+03	1.726e-20	7.7426e+01	8.2145e+01	2.0080e-12	1.5902e-02	9.8410e-01	1.2233e-01	8.7767e-01	3.2172e-06	9.8531e-15	1.7858e-03	7.0385e-01	2.9434e-01	2.4639e-05	1.8284e-02	9.3731e-01	4.4409e-02	1.1755e-36	1.1755e-36	1.1755e-36	7.8539e-23	0.00e+00	0.00e+00	2.8090e+00
7.09217e+17	6.4420e+03	1.760e-20	7.7426e+01	8.1759e+01	2.6137e-12	1.8204e-02	9.8180e-01	1.4496e-01	8.5504e-01	2.3694e-06	1.3875e-14	1.9462e-03	7.3855e-01	2.5948e-01	1.8565e-05	2.1188e-02	9.4339e-01	3.5424e-02	1.1755e-36	1.1755e-36	1.1755e-36	1.1993e-22	0.00e+00	0.00e+00	3.1448e+00
7.44543e+17	6.4880e+03	1.804e-20	7.7426e+01	8.1359e+01	3.5183e-12	2.1369e-02	9.7863e-01	1.7793e-01	8.2207e-01	1.7211e-06	2.0768e-14	2.1287e-03	7.7682e-01	2.2104e-01	1.3054e-05	2.5167e-02	9.4806e-01	2.6771e-02	1.1755e-36	1.1755e-36	1.1755e-36	1.9922e-22	0.00e+00	0.00e+00	3.4887e+00
7.73021e+17	6.5329e+03	1.843e-20	7.7426e+01	8.0953e+01	4.6392e-12	2.4812e-02	9.7519e-01	2.1603e-01	7.8397e-01	1.3171e-06	3.0221e-14	2.2908e-03	8.0960e-01	1.8810e-01	9.2105e-06	2.9481e-02	9.5018e-01	2.0343e-02	1.1755e-36	1.1755e-36	1.1755e-36	3.2006e-22	0.00e+00	0.00e+00	3.7803e+00
7.94456e+17	6.5620e+03	1.870e-20	7.7426e+01	8.0346e+01	5.8853e-12	2.8098e-02	9.7190e-01	2.5424e-01	7.4576e-01	1.0570e-06	4.1218e-14	2.4096e-03	8.3463e-01	1.6296e-01	6.7649e-06	3.3589e-02	9.5044e-01	1.5972e-02	1.1755e-36	1.1755e-36	1.1755e-36	4.7195e-22	0.00e+00	0.00e+00	4.0390e+00
8.12781e+17	6.5857e+03	1.889e-20	7.7426e+01	7.9716e+01	7.3722e-12	3.1539e-02	9.6846e-01	2.9554e-01	7.0446e-01	8.5589e-07	5.5123e-14	2.5110e-03	8.5582e-01	1.4166e-01	5.0017e-06	3.7882e-02	9.4950e-01	1.2616e-02	1.1755e-36	1.1755e-36	1.1755e-36	6.7800e-22	0.00e+00	0.00e+00	4.3138e+00
8.29920e+17	6.6062e+03	1.908e-20	7.7426e+01	7.9089e+01	9.3200e-12	3.5503e-02	9.6450e-01	3.4399e-01	6.5601e-01	6.9242e-07	7.4467e-14	2.6055e-03	8.7526e-01	1.2213e-01	3.6295e-06	4.2810e-02	9.4736e-01	9.8281e-03	1.1755e-36	1.1755e-36	1.1755e-36	9.8475e-22	0.00e+00	0.00e+00	4.5994e+00
8.46179e+17	6.6215e+03	1.925e-20	7.7426e+01	7.8444e+01	1.1978e-11	4.0186e-02	9.5981e-01	4.0106e-01	5.9894e-01	5.5462e-07	1.0242e-13	2.6937e-03	8.9316e-01	1.0415e-01	2.5645e-06	4.8614e-02	9.4389e-01	7.4995e-03	1.1755e-36	1.1755e-36	1.1755e-36	1.4585e-21	0.00e+00	0.00e+00	4.9150e+00
8.61662e+17	6.6315e+03	1.939e-20	7.7426e+01	7.7770e+01	1.5697e-11	4.5796e-02	9.5420e-01	4.6655e-01	5.3345e-01	4.3546e-07	1.4392e-13	2.7749e-03	9.0926e-01	8.7966e-02	1.7642e-06	5.5541e-02	9.3886e-01	5.5964e-03	1.1755e-36	1.1755e-36	1.1755e-36	2.2137e-21	0.00e+00	0.00e+00	5.2487e+00
8.75762e+17	6.6450e+03	1.940e-20	7.7426e+01	7.6722e+01	2.0375e-11	5.1990e-02	9.4801e-01	5.3429e-01	4.6571e-01	3.3772e-07	2.0000e-13	2.8276e-03	9.2248e-01	7.4693e-02	1.2157e-06	6.3165e-02	9.3268e-01	4.1553e-03	1.1755e-36	1.1755e-36	1.1755e-36	3.2953e-21	0.00e+00	0.00e+00	5.5866e+00
8.88719e+17	6.6498e+03	1.942e-20	7.7426e+01	7.5874e+01	2.6890e-11	5.9282e-02	9.4072e-01	6.0349e-01	3.9651e-01	2.5805e-07	2.8226e-13	2.8780e-03	9.3369e-01	6.3436e-02	8.2821e-07	7.2099e-02	9.2485e-01	3.0511e-03	1.1755e-36	1.1755e-36	1.1755e-36	5.0168e-21	0.00e+00	0.00e+00	5.9523e+00
9.01061e+17	6.6521e+03	1.932e-20	7.7426e+01	7.4621e+01	3.5764e-11	6.7754e-02	9.3225e-01	6.7093e-01	3.2907e-01	1.9282e-07	3.9841e-13	2.9027e-03	9.4296e-01	5.4136e-02	5.6069e-07	8.2438e-02	9.1535e-01	2.2103e-03	1.1755e-36	1.1755e-36	1.1755e-36	7.6301e-21	0.00e+00	0.00e+00	6.3520e+00
9.13092e+17	6.6497e+03	1.918e-20	7.7426e+01	7.3369e+01	4.8939e-11	7.8314e-02	9.2169e-01	7.3561e-01	2.6439e-01	1.4012e-07	5.7694e-13	2.9210e-03	9.5096e-01	4.6118e-02	3.7075e-07	9.5257e-02	9.0318e-01	1.5613e-03	1.1755e-36	1.1755e-36	1.1755e-36	1.2095e-20	0.00e+00	0.00e+00	6.8114e+00
9.24916e+17	6.6442e+03	1.897e-20	7.7426e+01	7.1970e+01	6.9111e-11	9.1741e-02	9.0826e-01	7.9408e-01	2.0592e-01	9.9267e-08	8.5635e-13	2.9269e-03	9.5780e-01	3.9274e-02	2.3945e-07	1.1146e-01	8.8747e-01	1.0726e-03	1.1755e-36	1.1755e-36	1.1755e-36	2.0054e-20	0.00e+00	0.00e+00	7.3339e+00
9.36241e+17	6.6345e+03	1.863e-20	7.7426e+01	7.0244e+01	1.0009e-10	1.0850e-01	8.9150e-01	8.4249e-01	1.5751e-01	6.9674e-08	1.2844e-12	2.9110e-03	9.6347e-01	3.3621e-02	1.5319e-07	1.3153e-01	8.6775e-01	7.2382e-04	1.1755e-36	1.1755e-36	1.1755e-36	3.4256e-20	0.00e+00	0.00e+00	7.9174e+00
9.46908e+17	6.6154e+03	1.816e-20	7.7426e+01	6.8272e+01	1.4923e-10	1.2950e-01	8.7050e-01	8.8044e-01	1.1956e-01	4.9025e-08	1.9468e-12	2.8778e-03	9.6823e-01	2.8891e-02	1.1755e-36	1.5644e-01	8.4308e-01	4.8217e-04	1.1755e-36	1.1755e-36	1.1755e-36	6.0492e-20	0.00e+00	0.00e+00	8.5717e+00
9.56844e+17	6.5807e+03	1.753e-20	7.7426e+01	6.6040e+01	2.3024e-10	1.5589e-01	8.4411e-01	9.0882e-01	9.1180e-02	3.5163e-08	2.9857e-12	2.8266e-03	9.7232e-01	2.4853e-02	1.1755e-36	1.8740e-01	8.1228e-01	3.1790e-04	1.1755e-36	1.1755e-36	1.1755e-36	1.1072e-19	0.00e+00	0.00e+00	9.2985e+00
9.65873e+17	6.5272e+03	1.671e-20	7.7426e+01	6.3398e+01	3.6520e-10	1.8813e-01	8.1187e-01	9.2931e-01	7.0688e-02	2.6011e-08	4.5868e-12	2.7511e-03	9.7582e-01	2.1431e-02	1.1755e-36	2.2470e-01	7.7509e-01	2.0954e-04	1.1755e-36	1.1755e-36	1.1755e-36	2.0661e-19	0.00e+00	0.00e+00	1.0082e+01
9.73815e+17	6.4511e+03	1.569e-20	7.7426e+01	6.0380e+01	5.8986e-10	2.2587e-01	7.7413e-01	9.4360e-01	5.6404e-02	2.0122e-08	6.9767e-12	2.6525e-03	9.7879e-01	1.8560e-02	1.1755e-36	2.6766e-01	7.3220e-01	1.3986e-04	1.1755e-36	1.1755e-36	1.1755e-36	3.8573e-19	0.00e+00	0.00e+00	1.0895e+01
9.80445e+17	6.3543e+03	1.456e-20	7.7426e+01	5.7169e+01	9.4296e-10	2.6682e-01	7.3318e-01	9.5320e-01	4.6798e-02	1.6438e-08	1.0244e-11	2.5387e-03	9.8122e-01	1.6242e-02	1.1755e-36	3.1342e-01	6.8648e-01	9.6519e-05	1.1755e-36	1.1755e-36	1.1755e-36	6.9020e-19	0.00e+00	0.00e+00	1.1664e+01
9.85491e+17	6.2503e+03	1.348e-20	7.7426e+01	5.4116e+01	1.4240e-09	3.0541e-01	6.9459e-01	9.5917e-01	4.0835e-02	1.4319e-08	1.4027e-11	2.4247e-03	9.8304e-01	1.4540e-02	1.1755e-36	3.5575e-01	6.4418e-01	7.1104e-05	1.1755e-36	1.1755e-36	1.1755e-36	1.1191e-18	0.00e+00	0.00e+00	1.2291e+01
9.89078e+17	6.1546e+03	1.260e-20	7.7426e+01	5.1618e+01	1.9773e-09	3.3732e-01	6.6268e-01	9.6285e-01	3.7149e-02	1.3079e-08	1.7752e-11	2.3286e-03	9.8432e-01	1.3354e-02	1.1755e-36	3.9020e-01	6.0974e-01	5.6431e-05	1.1755e-36	1.1755e-36	1.1755e-36	1.6155e-18	0.00e+00	0.00e+00	1.2782e+01
9.91796e+17	6.0664e+03	1.188e-20	7.7426e+01	4.9543e+01	2.5918e-09	3.6395e-01	6.3605e-01	9.6540e-01	3.4602e-02	1.2252e-08	2.1327e-11	2.2474e-03	9.8529e-01	1.2463e-02	1.1755e-36	4.1857e-01	5.8139e-01	4.6980e-05	1.1755e-36	1.1755e-36	1.1755e-36	2.1573e-18	0.00e+00	0.00e+00	1.3220e+01
9.94201e+17	5.9750e+03	1.119e-20	7.7426e+01	4.7566e+01	3.3526e-09	3.8925e-01	6.1075e-01	9.6752e-01	3.2482e-02	1.1584e-08	2.5164e-11	2.1693e-03	9.8615e-01	1.1683e-02	1.1755e-36	4.4521e-01	5.5475e-01	3.9707e-05	1.1755e-36	1.1755e-36	1.1755e-36	2.8085e-18	0.00e+00	0.00e+00	1.3667e+01
9.96506e+17	5.8745e+03	1.050e-20	7.7426e+01	4.5541e+01	4.3715e-09	4.1517e-01	5.8483e-01	9.6940e-01	3.0604e-02	1.1018e-08	2.9596e-11	2.0883e-03	9.8696e-01	1.0951e-02	1.1755e-36	4.7219e-01	5.2778e-01	3.3626e-05	1.1755e-36	1.1755e-36	1.1755e-36	3.6517e-18	0.00e+00	0.00e+00	1.4125e+01
9.98653e+17	5.7681e+03	9.829e-21	7.7426e+01	4.3537e+01	5.7059e-09	4.4083e-01	5.5917e-01	9.7097e-01	2.9028e-02	1.0572e-08	3.4557e-11	2.0074e-03	9.8770e-01	1.0289e-02	1.1755e-36	4.9860e-01	5.0138e-01	2.8678e-05	1.1755e-36	1.1755e-36	1.1755e-36	4.7158e-18	0.00e+00	0.00e+00	1.4564e+01
1.00055e+18	5.6617e+03	9.219e-21	7.7426e+01	4.1670e+01	7.3570e-09	4.6476e-01	5.3524e-01	9.7225e-01	2.7749e-02	1.0233e-08	3.9790e-11	1.9315e-03	9.8835e-01	9.7158e-03	1.1755e-36	5.2294e-01	4.7703e-01	2.4818e-05	1.1755e-36	1.1755e-36	1.1755e-36	5.9824e-18	0.00e+00	0.00e+00	1.4965e+01
1.00223e+18	5.5573e+03	8.672e-21	7.7426e+01	3.9960e+01	9.3555e-09	4.8668e-01	5.1332e-01	9.7331e-01	2.6693e-02	9.9695e-09	4.5209e-11	1.8616e-03	9.8892e-01	9.2199e-03	1.1755e-36	5.4504e-01	4.5494e-01	2.1786e-05	1.1755e-36	1.1755e-36	1.1755e-36	7.4618e-18	0.00e+00	0.00e+00	1.5341e+01
1.00375e+18	5.4499e+03	8.170e-21	7.7426e+01	3.8359e+01	1.1872e-08	5.0751e-01	4.9249e-01	9.7424e-01	2.5763e-02	9.7409e-09	5.1063e-11	1.7962e-03	9.8943e-01	8.7697e-03	1.1755e-36	5.6583e-01	4.3415e-01	1.9284e-05	1.1755e-36	1.1755e-36	1.1755e-36	9.2699e-18	0.00e+00	0.00e+00	1.5707e+01
1.00484e+18	5.3740e+03	7.820e-21	7.7426e+01	3.7205e+01	1.4073e-08	5.2233e-01	4.7767e-01	9.7475e-01	2.5248e-02	9.6528e-09	5.5680e-11	1.7484e-03	9.8977e-01	8.4849e-03	1.1755e-36	5.8051e-01	4.1948e-01	1.7725e-05	1.1755e-36	1.1755e-36	1.1755e-36	1.0863e-17	0.00e+00	0.00e+00	1.5884e+01
1.00541e+18	5.3285e+03	7.636e-21	7.7426e+01	3.6593e+01	1.5517e-08	5.3038e-01	4.6962e-01	9.7505e-01	2.4952e-02	9.5909e-09	5.8424e-11	1.7234e-03	9.8995e-01	8.3277e-03	1.1755e-36	5.8844e-01	4.1154e-01	1.6933e-05	1.1755e-36	1.1755e-36	1.1755e-36	1.1885e-17	0.00e+00	0.00e+00	1.6000e+01
1.00587e+18	5.2898e+03	7.483e-21	7.7426e+01	3.6080e+01	1.6847e-08	5.3697e-01	4.6303e-01	9.7531e-01	2.4690e-02	9.5319e-09	6.0793e-11	1.7023e-03	9.9010e-01	8.1945e-03	1.1755e-36	5.9492e-01	4.0506e-01	1.6298e-05	1.1755e-36	1.1755e-36	1.1755e-36	1.2813e-17	0.00e+00	0.00e+00	1.6125e+01
1.00641e+18	5.2469e+03	7.300e-21	7.7426e+01	3.5490e+01	1.8516e-08	5.4480e-01	4.5520e-01	9.7562e-01	2.4376e-02	9.4594e-09	6.3764e-11	1.6779e-03	9.9029e-01	8.0359e-03	1.1755e-36	6.0258e-01	3.9741e-01	1.5565e-05	1.1755e-36	1.1755e-36	1.1755e-36	1.4035e-17	0.00e+00	0.00e+00	1.6287e+01
1.00705e+18	5.1923e+03	7.085e-21	7.7426e+01	3.4744e+01	2.0788e-08	5.5379e-01	4.4621e-01	9.7595e-01	2.4052e-02	9.4033e-09	6.7352e-11	1.6469e-03	9.9049e-01	7.8618e-03	1.1755e-36	6.1136e-01	3.8862e-01	1.4766e-05	1.1755e-36	1.1755e-36	1.1755e-36	1.5615e-17	0.00e+00	0.00e+00	1.6469e+01
1.00769e+18	5.1362e+03	6.874e-21	7.7426e+01	3.4023e+01	2.3436e-08	5.6308e-01	4.3692e-01	9.7627e-01	2.3732e-02	9.3435e-09	7.1419e-11	1.6171e-03	9.9070e-01	7.6869e-03	1.1755e-36	6.2039e-01	3.7960e-01	1.3994e-05	1.1755e-36	1.1755e-36	1.1755e-36	1.7536e-17	0.00e+00	0.00e+00	1.6638e+01
1.00827e+18	5.0788e+03	6.688e-21	7.7426e+01	3.3371e+01	2.6390e-08	5.7169e-01	4.2831e-01	9.7656e-01	2.3441e-02	9.2830e-09	7.5602e-11	1.5905e-03	9.9088e-01	7.5272e-03	1.1755e-36	6.2874e-01	3.7125e-01	1.3326e-05	1.1755e-36	1.1755e-36	1.1755e-36	1.9673e-17	0.00e+00	0.00e+00	1.6790e+01
1.00879e+18	5.0327e+03	6.520e-21	7.7426e+01	3.2785e+01	2.9138e-08	5.7914e-01	4.2086e-01	9.7680e-01	2.3204e-02	9.2469e-09	7.9422e-11	1.5661e-03	9.9104e-01	7.3923e-03	1.1755e-36	6.3592e-01	3.6407e-01	1.2761e-05	1.1755e-36	1.1755e-36	1.1755e-36	2.1754e-17	0.00e+00	0.00e+00	1.6928e+01
1.00929e+18	4.9775e+03	6.360e-21	7.7426e+01	3.2221e+01	3.2614e-08	5.8688e-01	4.1312e-01	9.7706e-01	2.2937e-02	9.1830e-09	8.3763e-11	1.5433e-03	9.9121e-01	7.2467e-03	1.1755e-36	6.4337e-01	3.5661e-01	1.2214e-05	1.1755e-36	1.1755e-36	1.1755e-36	2.4267e-17	0.00e+00	0.00e+00	1.7075e+01
1.00979e+18	4.9276e+03	6.199e-21	7.7426e+01	3.1639e+01	3.6197e-08	5.9421e-01	4.0579e-01	9.7729e-01	2.2713e-02	9.1499e-09	8.7826e-11	1.5193e-03	9.9137e-01	7.1102e-03	1.1755e-36	6.5040e-01	3.4958e-01	1.1706e-05	1.1755e-36	1.1755e-36	1.1755e-36	2.6733e-17	0.00e+00	0.00e+00	1.7216e+01
1.01028e+18	4.8781e+03	6.043e-21	7.7426e+01	3.1077e+01	4.0157e-08	6.0143e-01	3.9857e-01	9.7751e-01	2.2490e-02	9.1145e-09	9.2114e-11	1.4961e-03	9.9153e-01	6.9759e-03	1.1755e-36	6.5731e-01	3.4268e-01	1.1224e-05	1.1755e-36	1.1755e-36	1.1755e-36	2.9502e-17	0.00e+00	0.00e+00	1.7360e+01
1.01077e+18	4.8240e+03	5.886e-21	7.7426e+01	3.0495e+01	4.4899e-08	6.0880e-01	3.9120e-01	9.7774e-01	2.2262e-02	9.0781e-09	9.6814e-11	1.4724e-03	9.9169e-01	6.8407e-03	1.1755e-36	6.6432e-01	3.3567e-01	1.0756e-05	1.1755e-36	1.1755e-36	1.1755e-36	3.2760e-17	0.00e+00	0.00e+00	1.7507e+01
1.01125e+18	4.7684e+03	5.735e-21	7.7426e+01	2.9923e+01	5.0318e-08	6.1602e-01	3.8398e-01	9.7795e-01	2.2052e-02	9.0472e-09	1.0180e-10	1.4490e-03	9.9184e-01	6.7094e-03	1.1755e-36	6.7120e-01	3.2879e-01	1.0316e-05	1.1755e-36	1.1755e-36	1.1755e-36	3.6473e-17	0.00e+00	0.00e+00	1.7648e+01
1.01170e+18	4.7153e+03	5.596e-21	7.7426e+01	2.9412e+01	5.6178e-08	6.2302e-01	3.7698e-01	9.7816e-01	2.1841e-02	9.0051e-09	1.0706e-10	1.4282e-03	9.9199e-01	6.5823e-03	1.1755e-36	6.7784e-01	3.2215e-01	9.9094e-06	1.1755e-36	1.1755e-36	1.1755e-36	4.0657e-17	0.00e+00	0.00e+00	1.7781e+01
1.01213e+18	4.6661e+03	5.464e-21	7.7426e+01	2.8906e+01	6.2229e-08	6.2939e-01	3.7061e-01	9.7834e-01	2.1664e-02	8.9839e-09	1.1210e-10	1.4075e-03	9.9212e-01	6.4691e-03	1.1755e-36	6.8386e-01	3.1613e-01	9.5470e-06	1.1755e-36	1.1755e-36	1.1755e-36	4.4960e-17	0.00e+00	0.00e+00	1.7910e+01
1.01255e+18	4.6162e+03	5.333e-21	7.7426e+01	2.8411e+01	6.9060e-08	6.3581e-01	3.6419e-01	9.7852e-01	2.1482e-02	8.9574e-09	1.1758e-10	1.3873e-03	9.9226e-01	6.3548e-03	1.1755e-36	6.8990e-01	3.1009e-01	9.1940e-06	1.1755e-36	1.1755e-36	1.1755e-36	4.9940e-17	0.00e+00	0.00e+00	1.8043e+01
1.01298e+18	4.5624e+03	5.203e-21	7.7426e+01	2.7910e+01	7.7206e-08	6.4244e-01	3.5756e-01	9.7871e-01	2.1292e-02	8.9254e-09	1.2373e-10	1.3671e-03	9.9240e-01	6.2371e-03	1.1755e-36	6.9614e-01	3.0385e-01	8.8442e-06	1.1755e-36	1.1755e-36	1.1755e-36	5.5956e-17	0.00e+00	0.00e+00	1.8179e+01
1.01341e+18	4.5129e+03	5.073e-21	7.7426e+01	2.7390e+01	8.5596e-08	6.4852e-01	3.5148e-01	9.7886e-01	2.1141e-02	8.9242e-09	1.2961e-10	1.3456e-03	9.9252e-01	6.1331e-03	1.1755e-36	7.0184e-01	2.9815e-01	8.5274e-06	1.1755e-36	1.1755e-36	1.1755e-36	6.2153e-17	0.00e+00	0.00e+00	1.8310e+01
1.01382e+18	4.4612e+03	4.949e-21	7.7426e+01	2.6899e+01	9.5314e-08	6.5475e-01	3.4525e-01	9.7902e-01	2.0976e-02	8.9068e-09	1.3622e-10	1.3256e-03	9.9265e-01	6.0251e-03	1.1755e-36	7.0767e-01	2.9232e-01	8.2166e-06	1.1755e-36	1.1755e-36	1.1755e-36	6.9580e-17	0.00e+00	0.00e+00	1.8444e+01
1.01424e+18	4.4043e+03	4.828e-21	7.7426e+01	2.6421e+01	1.0715e-07	6.6125e-01	3.3875e-01	9.7921e-01	2.0790e-02	8.8711e-09	1.4386e-10	1.3067e-03	9.9278e-01	5.9122e-03	1.1755e-36	7.1373e-01	2.8626e-01	7.9097e-06	1.1755e-36	1.1755e-36	1.1755e-36	7.8824e-17	0.00e+00	0.00e+00	1.8577e+01
1.01463e+18	4.3530e+03	4.714e-21	7.7426e+01	2.5966e+01	1.1913e-07	6.6717e-01	3.3283e-01	9.7936e-01	2.0636e-02	8.8526e-09	1.5126e-10	1.2884e-03	9.9290e-01	5.8114e-03	1.1755e-36	7.1924e-01	2.8075e-01	7.6353e-06	1.1755e-36	1.1755e-36	1.1755e-36	8.8450e-17	0.00e+00	0.00e+00	1.8699e+01
1.01500e+18	4.3020e+03	4.607e-21	7.7426e+01	2.5526e+01	1.3221e-07	6.7279e-01	3.2721e-01	9.7951e-01	2.0489e-02	8.8353e-09	1.5885e-10	1.2708e-03	9.9301e-01	5.7157e-03	1.1755e-36	7.2446e-01	2.7553e-01	7.3823e-06	1.1755e-36	1.1755e-36	1.1755e-36	9.9092e-17	0.00e+00	0.00e+00	1.8821e+01
1.01538e+18	4.2506e+03	4.501e-21	7.7426e+01	2.5090e+01	1.4680e-07	6.7845e-01	3.2155e-01	9.7966e-01	2.0342e-02	8.8167e-09	1.6704e-10	1.2535e-03	9.9313e-01	5.6199e-03	1.1755e-36	7.2970e-01	2.7029e-01	7.1347e-06	1.1755e-36	1.1755e-36	1.1755e-36	1.1135e-16	0.00e+00	0.00e+00	1.8945e+01
1.01575e+18	4.1933e+03	4.396e-21	7.7426e+01	2.4644e+01	1.6454e-07	6.8426e-01	3.1574e-01	9.7982e-01	2.0185e-02	8.7908e-09	1.7629e-10	1.2362e-03	9.9324e-01	5.5216e-03	1.1755e-36	7.3508e-01	2.6491e-01	6.8918e-06	1.1755e-36	1.1755e-36	1.1755e-36	1.2633e-16	0.00e+00	0.00e+00	1.9071e+01
1.01611e+18	4.1457e+03	4.294e-21	7.7426e+01	2.4223e+01	1.8120e-07	6.8957e-01	3.1043e-01	9.7994e-01	2.0059e-02	8.7858e-09	1.8495e-10	1.2192e-03	9.9335e-01	5.4339e-03	1.1755e-36	7.3998e-01	2.6002e-01	6.6686e-06	1.1755e-36	1.1755e-36	1.1755e-36	1.4125e-16	0.00e+00	0.00e+00	1.9189e+01
1.01648e+18	4.0913e+03	4.193e-21	7.7426e+01	2.3791e+01	2.0159e-07	6.9509e-01	3.0491e-01	9.8008e-01	1.9917e-02	8.7689e-09	1.9482e-10	1.2023e-03	9.9346e-01	5.3417e-03	1.1755e-36	7.4506e-01	2.5493e-01	6.4466e-06	1.1755e-36	1.1755e-36	1.1755e-36	1.5956e-16	0.00e+00	0.00e+00	1.9318e+01
1.01686e+18	4.0291e+03	4.091e-21	7.7426e+01	2.3348e+01	2.2691e-07	7.0099e-01	2.9901e-01	9.8024e-01	1.9756e-02	8.7370e-09	2.0635e-10	1.1856e-03	9.9357e-01	5.2435e-03	1.1755e-36	7.5048e-01	2.4951e-01	6.2216e-06	1.1755e-36	1.1755e-36	1.1755e-36	1.8266e-16	0.00e+00	0.00e+00	1.9447e+01
1.01721e+18	3.9827e+03	3.994e-21	7.7426e+01	2.2925e+01	2.4797e-07	7.0592e-01	2.9408e-01	9.8034e-01	1.9659e-02	8.7523e-09	2.1582e-10	1.1684e-03	9.9367e-01	5.1647e-03	1.1755e-36	7.5500e-01	2.4500e-01	6.0276e-06	1.1755e-36	1.1755e-36	1.1755e-36	2.0286e-16	0.00e+00	0.00e+00	1.9564e+01
###########################
6.96217e+13	6.9388e+03	1.865e-20	7.7426e+01	8.3511e+01	1.6371e-13	5.7166e-03	9.9428e-01	3.0534e-02	9.6844e-01	1.0278e-03	5.8471e-16	6.0139e-04	3.6835e-01	6.3082e-01	2.2347e-04	4.9967e-03	7.6879e-01	2.2616e-01	5.2293e-05	1.1755e-36	1.1755e-36	3.5274e-24	0.00e+00	0.00e+00	3.8915e-04
4.17730e+14	6.9354e+03	1.864e-20	7.7426e+01	8.3497e+01	1.6394e-13	5.7138e-03	9.9429e-01	3.0538e-02	9.6844e-01	1.0267e-03	5.8390e-16	6.0043e-04	3.6840e-01	6.3078e-01	2.2370e-04	4.9941e-03	7.6874e-01	2.2621e-01	5.2132e-05	1.1755e-36	1.1755e-36	3.5182e-24	0.00e+00	0.00e+00	1.9450e-03
1.81016e+15	6.9265e+03	1.861e-20	7.7426e+01	8.3493e+01	1.6496e-13	5.7126e-03	9.9429e-01	3.0582e-02	9.6840e-01	1.0192e-03	5.8433e-16	6.0020e-04	3.6877e-01	6.3041e-01	2.2278e-04	4.9957e-03	7.6899e-01	2.2596e-01	5.1323e-05	1.1755e-36	1.1755e-36	3.5135e-24	0.00e+00	0.00e+00	8.1670e-03
7.37990e+15	6.9098e+03	1.850e-20	7.7426e+01	8.3490e+01	1.6733e-13	5.7171e-03	9.9428e-01	3.0763e-02	9.6825e-01	9.8290e-04	5.8827e-16	6.0280e-04	3.7025e-01	6.2892e-01	2.1964e-04	5.0122e-03	7.7026e-01	2.2468e-01	4.8124e-05	1.1755e-36	1.1755e-36	3.5177e-24	0.00e+00	0.00e+00	3.3075e-02
1.76282e+16	6.8340e+03	1.815e-20	7.7426e+01	8.3493e+01	1.7223e-13	5.6428e-03	9.9436e-01	3.0882e-02	9.6816e-01	9.5429e-04	5.7363e-16	5.9977e-04	3.7155e-01	6.2763e-01	2.1644e-04	4.9589e-03	7.7101e-01	2.2398e-01	4.4368e-05	1.1755e-36	1.1755e-36	3.3420e-24	0.00e+00	0.00e+00	6.5034e-02
3.09510e+16	6.7566e+03	1.781e-20	7.7426e+01	8.3495e+01	1.7941e-13	5.5977e-03	9.9440e-01	3.1133e-02	9.6797e-01	8.9218e-04	5.6678e-16	6.0107e-04	3.7385e-01	6.2534e-01	2.1094e-04	4.9374e-03	7.7238e-01	2.2265e-01	3.9534e-05	1.1755e-36	1.1755e-36	3.2231e-24	0.00e+00	0.00e+00	1.0625e-01
4.82707e+16	6.6760e+03	1.746e-20	7.7426e+01	8.3494e+01	1.8932e-13	5.5774e-03	9.9442e-01	3.1548e-02	9.6765e-01	7.9901e-04	5.6767e-16	6.0624e-04	3.7737e-01	6.2182e-01	2.0313e-04	4.9514e-03	7.7552e-01	2.1949e-01	3.3584e-05	1.1755e-36	1.1755e-36	3.1521e-24	0.00e+00	0.00e+00	1.5964e-01
7.07862e+16	6.5910e+03	1.711e-20	7.7426e+01	8.3489e+01	2.0294e-13	5.5882e-03	9.9441e-01	3.2182e-02	9.6714e-01	6.7718e-04	5.7756e-16	6.1594e-04	3.8252e-01	6.1667e-01	1.9281e-04	5.0064e-03	7.8030e-01	2.1466e-01	2.6882e-05	1.1755e-36	1.1755e-36	3.1306e-24	0.00e+00	0.00e+00	2.2917e-01
1.00056e+17	6.5029e+03	1.676e-20	7.7426e+01	8.3478e+01	2.2213e-13	5.6436e-03	9.9436e-01	3.3135e-02	9.6633e-01	5.3443e-04	6.0152e-16	6.3221e-04	3.8995e-01	6.0923e-01	1.7991e-04	5.1191e-03	7.8717e-01	2.0769e-01	1.9899e-05	1.1755e-36	1.1755e-36	3.1888e-24	0.00e+00	0.00e+00	3.2046e-01
1.38108e+17	6.4146e+03	1.641e-20	7.7426e+01	8.3459e+01	2.4930e-13	5.7663e-03	9.9423e-01	3.4572e-02	9.6504e-01	3.8499e-04	6.4685e-16	6.5822e-04	4.0065e-01	5.9853e-01	1.6449e-04	5.3172e-03	7.9667e-01	1.9800e-01	1.3293e-05	1.1755e-36	1.1755e-36	3.3617e-24	0.00e+00	0.00e+00	4.4173e-01
1.87574e+17	6.3310e+03	1.610e-20	7.7426e+01	8.3428e+01	2.8942e-13	5.9962e-03	9.9400e-01	3.6779e-02	9.6297e-01	2.4725e-04	7.3012e-16	6.9949e-04	4.1618e-01	5.8297e-01	1.4663e-04	5.6493e-03	8.0954e-01	1.8480e-01	7.7557e-06	1.1755e-36	1.1755e-36	3.7443e-24	0.00e+00	0.00e+00	6.0566e-01
2.51881e+17	6.2594e+03	1.586e-20	7.7426e+01	8.3375e+01	3.5236e-13	6.4065e-03	9.9359e-01	4.0302e-02	9.5956e-01	1.3774e-04	8.8751e-16	7.6579e-04	4.3914e-01	5.5997e-01	1.2620e-04	6.2056e-03	8.2679e-01	1.6700e-01	3.7811e-06	1.1755e-36	1.1755e-36	4.5510e-24	0.00e+00	0.00e+00	8.3335e-01
3.35480e+17	6.2104e+03	1.573e-20	7.7426e+01	8.3266e+01	4.6009e-13	7.1440e-03	9.9286e-01	4.6258e-02	9.5368e-01	6.4466e-05	1.2090e-15	8.7557e-04	4.7395e-01	5.2507e-01	1.0264e-04	7.1706e-03	8.4964e-01	1.4319e-01	1.4459e-06	1.1755e-36	1.1755e-36	6.3429e-24	0.00e+00	0.00e+00	1.1634e+00
4.15235e+17	6.1934e+03	1.572e-20	7.7426e+01	8.3144e+01	5.9233e-13	8.0343e-03	9.9197e-01	5.3527e-02	9.4644e-01	3.0974e-05	1.6591e-15	1.0001e-03	5.1091e-01	4.8800e-01	8.3205e-05	8.3222e-03	8.7034e-01	1.2133e-01	5.6918e-07	1.1755e-36	1.1755e-36	9.0345e-24	0.00e+00	0.00e+00	1.4188e+00
4.70471e+17	6.2157e+03	1.586e-20	7.7426e+01	8.3036e+01	7.1751e-13	8.9094e-03	9.9109e-01	6.0612e-02	9.3937e-01	1.9002e-05	2.1850e-15	1.1130e-03	5.4192e-01	4.5689e-01	6.9972e-05	9.4373e-03	8.8530e-01	1.0526e-01	2.8991e-07	1.1755e-36	1.1755e-36	1.2464e-23	0.00e+00	0.00e+00	1.6168e+00
5.13168e+17	6.2432e+03	1.605e-20	7.7426e+01	8.2926e+01	8.5161e-13	9.7909e-03	9.9021e-01	6.7809e-02	9.3218e-01	1.3085e-05	2.8089e-15	1.2188e-03	5.6958e-01	4.2914e-01	5.9742e-05	1.0556e-02	8.9710e-01	9.2346e-02	1.6687e-07	1.1755e-36	1.1755e-36	1.6815e-23	0.00e+00	0.00e+00	1.8079e+00
5.59085e+17	6.2751e+03	1.629e-20	7.7426e+01	8.2762e+01	1.0565e-12	1.0998e-02	9.8900e-01	7.7904e-02	9.2209e-01	8.7219e-06	3.8292e-15	1.3543e-03	6.0329e-01	3.9530e-01	4.8824e-05	1.2087e-02	9.0973e-01	7.8183e-02	1.1755e-36	1.1755e-36	1.1755e-36	2.4412e-23	0.00e+00	0.00e+00	2.0870e+00
6.06423e+17	6.3225e+03	1.662e-20	7.7426e+01	8.2546e+01	1.3361e-12	1.2559e-02	9.8744e-01	9.1371e-02	9.0862e-01	5.8064e-06	5.4029e-15	1.5120e-03	6.4082e-01	3.5763e-01	3.8529e-05	1.4063e-02	9.2167e-01	6.4270e-02	1.1755e-36	1.1755e-36	1.1755e-36	3.7200e-23	0.00e+00	0.00e+00	2.3497e+00
6.44174e+17	6.3681e+03	1.694e-20	7.7426e+01	8.2322e+01	1.6565e-12	1.4186e-02	9.8581e-01	1.0602e-01	8.9398e-01	4.2123e-06	7.3877e-15	1.6588e-03	6.7435e-01	3.2396e-01	3.0695e-05	1.6119e-02	9.3056e-01	5.3320e-02	1.1755e-36	1.1755e-36	1.1755e-36	5.4793e-23	0.00e+00	0.00e+00	2.5767e+00
6.75114e+17	6.4150e+03	1.724e-20	7.7426e+01	8.2147e+01	2.0121e-12	1.5862e-02	9.8414e-01	1.2193e-01	8.7806e-01	3.2348e-06	9.8439e-15	1.7931e-03	7.0430e-01	2.9388e-01	2.4633e-05	1.8235e-02	9.3720e-01	4.4569e-02	1.1755e-36	1.1755e-36	1.1755e-36	7.8459e-23	0.00e+00	0.00e+00	2.8028e+00
7.04255e+17	6.4395e+03	1.756e-20	7.7426e+01	8.1808e+01	2.5192e-12	1.7834e-02	9.8217e-01	1.4118e-01	8.5882e-01	2.4911e-06	1.3241e-14	1.9348e-03	7.3446e-01	2.6359e-01	1.9327e-05	2.0722e-02	9.4257e-01	3.6710e-02	1.1755e-36	1.1755e-36	1.1755e-36	1.1339e-22	0.00e+00	0.00e+00	3.0568e+00
7.32664e+17	6.4864e+03	1.789e-20	7.7426e+01	8.1562e+01	3.1545e-12	2.0217e-02	9.7978e-01	1.6594e-01	8.3405e-01	1.9356e-06	1.8218e-14	2.0808e-03	7.6520e-01	2.3270e-01	1.4700e-05	2.3721e-02	9.4677e-01	2.9511e-02	1.1755e-36	1.1755e-36	1.1755e-36	1.6969e-22	0.00e+00	0.00e+00	3.3304e+00
7.59651e+17	6.5089e+03	1.822e-20	7.7426e+01	8.1057e+01	4.0983e-12	2.3105e-02	9.7689e-01	1.9700e-01	8.0300e-01	1.4947e-06	2.5442e-14	2.2313e-03	7.9571e-01	2.0204e-01	1.0815e-05	2.7346e-02	9.4946e-01	2.3198e-02	1.1755e-36	1.1755e-36	1.1755e-36	2.5772e-22	0.00e+00	0.00e+00	3.6274e+00
7.84481e+17	6.5421e+03	1.857e-20	7.7426e+01	8.0671e+01	5.3325e-12	2.6520e-02	9.7348e-01	2.3578e-01	7.6422e-01	1.1696e-06	3.6033e-14	2.3779e-03	8.2462e-01	1.7299e-01	7.7443e-06	3.1620e-02	9.5050e-01	1.7883e-02	1.1755e-36	1.1755e-36	1.1755e-36	3.9994e-22	0.00e+00	0.00e+00	3.9304e+00
8.06014e+17	6.5707e+03	1.883e-20	7.7426e+01	8.0027e+01	6.8752e-12	3.0238e-02	9.6976e-01	2.7985e-01	7.2015e-01	9.2776e-07	5.0105e-14	2.5021e-03	8.4962e-01	1.4787e-01	5.5345e-06	3.6262e-02	9.4997e-01	1.3769e-02	1.1755e-36	1.1755e-36	1.1755e-36	6.0424e-22	0.00e+00	0.00e+00	4.2216e+00
8.24571e+17	6.5919e+03	1.907e-20	7.7426e+01	7.9490e+01	8.8383e-12	3.4319e-02	9.6568e-01	3.2933e-01	6.7067e-01	7.4474e-07	6.9161e-14	2.6123e-03	8.7110e-01	1.2628e-01	3.9451e-06	4.1339e-02	9.4806e-01	1.0599e-02	1.1755e-36	1.1755e-36	1.1755e-36	9.0365e-22	0.00e+00	0.00e+00	4.5138e+00
8.41192e+17	6.6094e+03	1.924e-20	7.7426e+01	7.8833e+01	1.1336e-11	3.8839e-02	9.6116e-01	3.8438e-01	6.1562e-01	5.9689e-07	9.4968e-14	2.7060e-03	8.8962e-01	1.0768e-01	2.7956e-06	4.6946e-02	9.4494e-01	8.1160e-03	1.1755e-36	1.1755e-36	1.1755e-36	1.3376e-21	0.00e+00	0.00e+00	4.8143e+00
8.56478e+17	6.6240e+03	1.936e-20	7.7426e+01	7.8066e+01	1.4597e-11	4.3965e-02	9.5603e-01	4.4537e-01	5.5463e-01	4.7380e-07	1.3086e-13	2.7848e-03	9.0569e-01	9.1521e-02	1.9581e-06	5.3284e-02	9.4057e-01	6.1479e-03	1.1755e-36	1.1755e-36	1.1755e-36	1.9815e-21	0.00e+00	0.00e+00	5.1313e+00
8.70777e+17	6.6348e+03	1.943e-20	7.7426e+01	7.7211e+01	1.8989e-11	4.9917e-02	9.5008e-01	5.1182e-01	4.8818e-01	3.6986e-07	1.8218e-13	2.8507e-03	9.1963e-01	7.7516e-02	1.3502e-06	6.0616e-02	9.3480e-01	4.5882e-03	1.1755e-36	1.1755e-36	1.1755e-36	2.9649e-21	0.00e+00	0.00e+00	5.4694e+00
8.84201e+17	6.6443e+03	1.939e-20	7.7426e+01	7.6056e+01	2.4806e-11	5.6727e-02	9.4327e-01	5.8058e-01	4.1942e-01	2.8315e-07	2.5399e-13	2.8942e-03	9.3133e-01	6.5772e-02	9.2353e-07	6.8976e-02	9.2764e-01	3.3820e-03	1.1755e-36	1.1755e-36	1.1755e-36	4.4283e-21	0.00e+00	0.00e+00	5.8298e+00
8.96986e+17	6.6468e+03	1.933e-20	7.7426e+01	7.4947e+01	3.3138e-11	6.4968e-02	9.3503e-01	6.5038e-01	3.4962e-01	2.1165e-07	3.6153e-13	2.9311e-03	9.4137e-01	5.5696e-02	6.1954e-07	7.9047e-02	9.1851e-01	2.4444e-03	1.1755e-36	1.1755e-36	1.1755e-36	6.8090e-21	0.00e+00	0.00e+00	6.2292e+00
9.09297e+17	6.6458e+03	1.922e-20	7.7426e+01	7.3735e+01	4.5256e-11	7.5066e-02	9.2493e-01	7.1743e-01	2.8257e-01	1.5436e-07	5.2413e-13	2.9557e-03	9.4985e-01	4.7197e-02	4.0837e-07	9.1324e-02	9.0695e-01	1.7295e-03	1.1755e-36	1.1755e-36	1.1755e-36	1.0785e-20	0.00e+00	0.00e+00	6.6713e+00
9.21077e+17	6.6427e+03	1.903e-20	7.7426e+01	7.2388e+01	6.3100e-11	8.7491e-02	9.1251e-01	7.7752e-01	2.2248e-01	1.1051e-07	7.7037e-13	2.9665e-03	9.5688e-01	4.0153e-02	2.6588e-07	1.0634e-01	8.9245e-01	1.2013e-03	1.1755e-36	1.1755e-36	1.1755e-36	1.7590e-20	0.00e+00	0.00e+00	7.1638e+00
9.32361e+17	6.6332e+03	1.876e-20	7.7426e+01	7.0882e+01	9.0495e-11	1.0304e-01	8.9696e-01	8.2841e-01	1.7159e-01	7.8103e-08	1.1497e-12	2.9629e-03	9.6275e-01	3.4283e-02	1.7091e-07	1.2501e-01	8.7417e-01	8.1899e-04	1.1755e-36	1.1755e-36	1.1755e-36	2.9736e-20	0.00e+00	0.00e+00	7.7206e+00
9.43140e+17	6.6181e+03	1.831e-20	7.7426e+01	6.8937e+01	1.3304e-10	1.2238e-01	8.7762e-01	8.6915e-01	1.3085e-01	5.5085e-08	1.7269e-12	2.9338e-03	9.6763e-01	2.9431e-02	1.1755e-36	1.4803e-01	8.5142e-01	5.4988e-04	1.1755e-36	1.1755e-36	1.1755e-36	5.1538e-20	0.00e+00	0.00e+00	8.3491e+00
9.53342e+17	6.5886e+03	1.774e-20	7.7426e+01	6.6782e+01	2.0329e-10	1.4701e-01	8.5299e-01	9.0059e-01	9.9408e-02	3.9139e-08	2.6423e-12	2.8887e-03	9.7185e-01	2.5257e-02	1.1755e-36	1.7703e-01	8.2260e-01	3.6315e-04	1.1755e-36	1.1755e-36	1.1755e-36	9.3451e-20	0.00e+00	0.00e+00	9.0606e+00
9.62749e+17	6.5411e+03	1.697e-20	7.7426e+01	6.4255e+01	3.2117e-10	1.7772e-01	8.2228e-01	9.2363e-01	7.6372e-02	2.8533e-08	4.0765e-12	2.8209e-03	9.7548e-01	2.1701e-02	1.1755e-36	2.1273e-01	7.8704e-01	2.3822e-04	1.1755e-36	1.1755e-36	1.1755e-36	1.7454e-19	0.00e+00	0.00e+00	9.8351e+00
9.71079e+17	6.4715e+03	1.600e-20	7.7426e+01	6.1313e+01	5.1732e-10	2.1416e-01	7.8584e-01	9.3969e-01	6.0308e-02	2.1745e-08	6.2314e-12	2.7279e-03	9.7854e-01	1.8730e-02	1.1755e-36	2.5441e-01	7.4543e-01	1.5778e-04	1.1755e-36	1.1755e-36	1.1755e-36	3.2652e-19	0.00e+00	0.00e+00	1.0646e+01
9.78182e+17	6.3790e+03	1.488e-20	7.7426e+01	5.8105e+01	8.3475e-10	2.5496e-01	7.4504e-01	9.5070e-01	4.9302e-02	1.7418e-08	9.2868e-12	2.6160e-03	9.8109e-01	1.6293e-02	1.1755e-36	3.0026e-01	6.9963e-01	1.0713e-04	1.1755e-36	1.1755e-36	1.1755e-36	5.9521e-19	0.00e+00	0.00e+00	1.1451e+01
9.83751e+17	6.2740e+03	1.375e-20	7.7426e+01	5.4907e+01	1.2924e-09	2.9532e-01	7.0468e-01	9.5765e-01	4.2355e-02	1.4893e-08	1.3038e-11	2.4972e-03	9.8304e-01	1.4463e-02	1.1755e-36	3.4477e-01	6.5516e-01	7.6988e-05	1.1755e-36	1.1755e-36	1.1755e-36	1.0002e-18	0.00e+00	0.00e+00	1.2127e+01
9.87697e+17	6.1750e+03	1.282e-20	7.7426e+01	5.2245e+01	1.8368e-09	3.2932e-01	6.7068e-01	9.6186e-01	3.8140e-02	1.3454e-08	1.6845e-11	2.3946e-03	9.8441e-01	1.3199e-02	1.1755e-36	3.8162e-01	6.1832e-01	5.9912e-05	1.1755e-36	1.1755e-36	1.1755e-36	1.4887e-18	0.00e+00	0.00e+00	1.2644e+01
9.90565e+17	6.0864e+03	1.206e-20	7.7426e+01	5.0096e+01	2.4288e-09	3.5681e-01	6.4319e-01	9.6463e-01	3.5372e-02	1.2545e-08	2.0410e-11	2.3101e-03	9.8540e-01	1.2290e-02	1.1755e-36	4.1100e-01	5.8895e-01	4.9479e-05	1.1755e-36	1.1755e-36	1.1755e-36	2.0127e-18	0.00e+00	0.00e+00	1.3084e+01
9.93003e+17	5.9974e+03	1.138e-20	7.7426e+01	4.8132e+01	3.1370e-09	3.8201e-01	6.1799e-01	9.6681e-01	3.3187e-02	1.1848e-08	2.4114e-11	2.2319e-03	9.8625e-01	1.1520e-02	1.1755e-36	4.3762e-01	5.6233e-01	4.1783e-05	1.1755e-36	1.1755e-36	1.1755e-36	2.6231e-18	0.00e+00	0.00e+00	1.3524e+01
9.95332e+17	5.8995e+03	1.069e-20	7.7426e+01	4.6121e+01	4.0798e-09	4.0775e-01	5.9225e-01	9.6876e-01	3.1243e-02	1.1252e-08	2.8374e-11	2.1508e-03	9.8705e-01	1.0797e-02	1.1755e-36	4.6451e-01	5.3546e-01	3.5364e-05	1.1755e-36	1.1755e-36	1.1755e-36	3.4090e-18	0.00e+00	0.00e+00	1.3983e+01
9.97543e+17	5.7936e+03	1.001e-20	7.7426e+01	4.4089e+01	5.3371e-09	4.3377e-01	5.6623e-01	9.7044e-01	2.9557e-02	1.0764e-08	3.3241e-11	2.0680e-03	9.8780e-01	1.0132e-02	1.1755e-36	4.9137e-01	5.0860e-01	3.0052e-05	1.1755e-36	1.1755e-36	1.1755e-36	4.4197e-18	0.00e+00	0.00e+00	1.4432e+01
9.99519e+17	5.6866e+03	9.377e-21	7.7426e+01	4.2171e+01	6.9145e-09	4.5834e-01	5.4166e-01	9.7181e-01	2.8191e-02	1.0395e-08	3.8443e-11	1.9891e-03	9.8846e-01	9.5541e-03	1.1755e-36	5.1645e-01	4.8352e-01	2.5884e-05	1.1755e-36	1.1755e-36	1.1755e-36	5.6398e-18	0.00e+00	0.00e+00	1.4843e+01
1.00124e+18	5.5819e+03	8.815e-21	7.7426e+01	4.0423e+01	8.8195e-09	4.8076e-01	5.1924e-01	9.7292e-01	2.7080e-02	1.0112e-08	4.3808e-11	1.9169e-03	9.8902e-01	9.0583e-03	1.1755e-36	5.3910e-01	4.6088e-01	2.2645e-05	1.1755e-36	1.1755e-36	1.1755e-36	7.0596e-18	0.00e+00	0.00e+00	1.5223e+01
1.00280e+18	5.4777e+03	8.302e-21	7.7426e+01	3.8794e+01	1.1153e-08	5.0165e-01	4.9835e-01	9.7387e-01	2.6134e-02	9.8839e-09	4.9458e-11	1.8492e-03	9.8953e-01	8.6178e-03	1.1755e-36	5.6001e-01	4.3997e-01	2.0022e-05	1.1755e-36	1.1755e-36	1.1755e-36	8.7473e-18	0.00e+00	0.00e+00	1.5589e+01
1.00390e+18	5.3999e+03	7.949e-21	7.7426e+01	3.7638e+01	1.3264e-08	5.1678e-01	4.8322e-01	9.7442e-01	2.5578e-02	9.7757e-09	5.4037e-11	1.8010e-03	9.8986e-01	8.3375e-03	1.1755e-36	5.7502e-01	4.2496e-01	1.8375e-05	1.1755e-36	1.1755e-36	1.1755e-36	1.0274e-17	0.00e+00	0.00e+00	1.5769e+01
1.00448e+18	5.3549e+03	7.761e-21	7.7426e+01	3.7018e+01	1.4622e-08	5.2492e-01	4.7508e-01	9.7473e-01	2.5272e-02	9.7106e-09	5.6713e-11	1.7753e-03	9.9004e-01	8.1841e-03	1.1755e-36	5.8307e-01	4.1691e-01	1.7544e-05	1.1755e-36	1.1755e-36	1.1755e-36	1.1237e-17	0.00e+00	0.00e+00	1.5885e+01
1.00495e+18	5.3170e+03	7.606e-21	7.7426e+01	3.6502e+01	1.5858e-08	5.3154e-01	4.6846e-01	9.7500e-01	2.5002e-02	9.6493e-09	5.8997e-11	1.7538e-03	9.9019e-01	8.0531e-03	1.1755e-36	5.8959e-01	4.1040e-01	1.6882e-05	1.1755e-36	1.1755e-36	1.1755e-36	1.2100e-17	0.00e+00	0.00e+00	1.6010e+01
1.00550e+18	5.2736e+03	7.420e-21	7.7426e+01	3.5902e+01	1.7444e-08	5.3948e-01	4.6052e-01	9.7532e-01	2.4675e-02	9.5716e-09	6.1905e-11	1.7287e-03	9.9038e-01	7.8941e-03	1.1755e-36	5.9738e-01	4.0260e-01	1.6112e-05	1.1755e-36	1.1755e-36	1.1755e-36	1.3253e-17	0.00e+00	0.00e+00	1.6174e+01
1.00615e+18	5.2191e+03	7.200e-21	7.7426e+01	3.5147e+01	1.9589e-08	5.4862e-01	4.5138e-01	9.7566e-01	2.4338e-02	9.5109e-09	6.5406e-11	1.6969e-03	9.9058e-01	7.7208e-03	1.1755e-36	6.0633e-01	3.9366e-01	1.5271e-05	1.1755e-36	1.1755e-36	1.1755e-36	1.4738e-17	0.00e+00	0.00e+00	1.6356e+01
1.00680e+18	5.1633e+03	6.986e-21	7.7426e+01	3.4419e+01	2.2078e-08	5.5800e-01	4.4200e-01	9.7599e-01	2.4007e-02	9.4474e-09	6.9346e-11	1.6664e-03	9.9079e-01	7.5486e-03	1.1755e-36	6.1546e-01	3.8452e-01	1.4466e-05	1.1755e-36	1.1755e-36	1.1755e-36	1.6530e-17	0.00e+00	0.00e+00	1.6526e+01
1.00739e+18	5.1064e+03	6.797e-21	7.7426e+01	3.3759e+01	2.4845e-08	5.6670e-01	4.3330e-01	9.7629e-01	2.3707e-02	9.3842e-09	7.3380e-11	1.6390e-03	9.9097e-01	7.3916e-03	1.1755e-36	6.2391e-01	3.7607e-01	1.3768e-05	1.1755e-36	1.1755e-36	1.1755e-36	1.8511e-17	0.00e+00	0.00e+00	1.6679e+01
1.00791e+18	5.0606e+03	6.625e-21	7.7426e+01	3.3165e+01	2.7426e-08	5.7425e-01	4.2575e-01	9.7654e-01	2.3463e-02	9.3461e-09	7.7070e-11	1.6139e-03	9.9113e-01	7.2585e-03	1.1755e-36	6.3121e-01	3.6878e-01	1.3177e-05	1.1755e-36	1.1755e-36	1.1755e-36	2.0442e-17	0.00e+00	0.00e+00	1.6818e+01
1.00843e+18	5.0057e+03	6.461e-21	7.7426e+01	3.2590e+01	3.0703e-08	5.8212e-01	4.1788e-01	9.7681e-01	2.3187e-02	9.2799e-09	8.1420e-11	1.5902e-03	9.9129e-01	7.1168e-03	1.1755e-36	6.3880e-01	3.6118e-01	1.2601e-05	1.1755e-36	1.1755e-36	1.1755e-36	2.2891e-17	0.00e+00	0.00e+00	1.6968e+01
1.00894e+18	4.9555e+03	6.296e-21	7.7426e+01	3.1997e+01	3.4102e-08	5.8961e-01	4.1039e-01	9.7705e-01	2.2953e-02	9.2439e-09	8.5450e-11	1.5654e-03	9.9145e-01	6.9821e-03	1.1755e-36	6.4600e-01	3.5399e-01	1.2067e-05	1.1755e-36	1.1755e-36	1.1755e-36	2.5255e-17	0.00e+00	0.00e+00	1.7110e+01
1.00943e+18	4.9058e+03	6.136e-21	7.7426e+01	3.1426e+01	3.7850e-08	5.9695e-01	4.0305e-01	9.7728e-01	2.2723e-02	9.2063e-09	8.9644e-11	1.5414e-03	9.9161e-01	6.8493e-03	1.1755e-36	6.5303e-01	3.4696e-01	1.1563e-05	1.1755e-36	1.1755e-36	1.1755e-36	2.7864e-17	0.00e+00	0.00e+00	1.7255e+01
1.00993e+18	4.8518e+03	5.977e-21	7.7426e+01	3.0837e+01	4.2312e-08	6.0438e-01	3.9562e-01	9.7751e-01	2.2488e-02	9.1679e-09	9.4205e-11	1.5169e-03	9.9177e-01	6.7165e-03	1.1755e-36	6.6012e-01	3.3986e-01	1.1078e-05	1.1755e-36	1.1755e-36	1.1755e-36	3.0907e-17	0.00e+00	0.00e+00	1.7403e+01
1.01042e+18	4.7970e+03	5.823e-21	7.7426e+01	3.0261e+01	4.7361e-08	6.1167e-01	3.8833e-01	9.7773e-01	2.2274e-02	9.1359e-09	9.9026e-11	1.4929e-03	9.9192e-01	6.5878e-03	1.1755e-36	6.6708e-01	3.3291e-01	1.0620e-05	1.1755e-36	1.1755e-36	1.1755e-36	3.4359e-17	0.00e+00	0.00e+00	1.7545e+01
1.01087e+18	4.7437e+03	5.681e-21	7.7426e+01	2.9742e+01	5.2891e-08	6.1878e-01	3.8122e-01	9.7794e-01	2.2056e-02	9.0921e-09	1.0416e-10	1.4715e-03	9.9207e-01	6.4624e-03	1.1755e-36	6.7383e-01	3.2616e-01	1.0196e-05	1.1755e-36	1.1755e-36	1.1755e-36	3.8278e-17	0.00e+00	0.00e+00	1.7679e+01
1.01131e+18	4.6941e+03	5.546e-21	7.7426e+01	2.9226e+01	5.8639e-08	6.2529e-01	3.7471e-01	9.7813e-01	2.1873e-02	9.0689e-09	1.0910e-10	1.4500e-03	9.9220e-01	6.3501e-03	1.1755e-36	6.7999e-01	3.2000e-01	9.8163e-06	1.1755e-36	1.1755e-36	1.1755e-36	4.2333e-17	0.00e+00	0.00e+00	1.7809e+01
1.01174e+18	4.6440e+03	5.412e-21	7.7426e+01	2.8723e+01	6.5099e-08	6.3180e-01	3.6820e-01	9.7831e-01	2.1686e-02	9.0413e-09	1.1442e-10	1.4291e-03	9.9233e-01	6.2374e-03	1.1755e-36	6.8614e-01	3.1385e-01	9.4491e-06	1.1755e-36	1.1755e-36	1.1755e-36	4.6993e-17	0.00e+00	0.00e+00	1.7943e+01
1.01218e+18	4.5907e+03	5.280e-21	7.7426e+01	2.8216e+01	7.2722e-08	6.3848e-01	3.6152e-01	9.7851e-01	2.1493e-02	9.0094e-09	1.2036e-10	1.4082e-03	9.9247e-01	6.1224e-03	1.1755e-36	6.9243e-01	3.0756e-01	9.0876e-06	1.1755e-36	1.1755e-36	1.1755e-36	5.2565e-17	0.00e+00	0.00e+00	1.8080e+01
1.01260e+18	4.5374e+03	5.149e-21	7.7426e+01	2.7693e+01	8.1150e-08	6.4480e-01	3.5520e-01	9.7867e-01	2.1326e-02	8.9963e-09	1.2634e-10	1.3865e-03	9.9260e-01	6.0165e-03	1.1755e-36	6.9837e-01	3.0162e-01	8.7554e-06	1.1755e-36	1.1755e-36	1.1755e-36	5.8650e-17	0.00e+00	0.00e+00	1.8211e+01
1.01301e+18	4.4857e+03	5.027e-21	7.7426e+01	2.7210e+01	9.0335e-08	6.5101e-01	3.4899e-01	9.7884e-01	2.1157e-02	8.9744e-09	1.3271e-10	1.3667e-03	9.9272e-01	5.9123e-03	1.1755e-36	7.0418e-01	2.9581e-01	8.4412e-06	1.1755e-36	1.1755e-36	1.1755e-36	6.5554e-17	0.00e+00	0.00e+00	1.8339e+01
1.01341e+18	4.4340e+03	4.908e-21	7.7426e+01	2.6740e+01	1.0052e-07	6.5706e-01	3.4294e-01	9.7901e-01	2.0993e-02	8.9529e-09	1.3943e-10	1.3474e-03	9.9284e-01	5.8110e-03	1.1755e-36	7.0984e-01	2.9015e-01	8.1443e-06	1.1755e-36	1.1755e-36	1.1755e-36	7.3363e-17	0.00e+00	0.00e+00	1.8466e+01
1.01380e+18	4.3858e+03	4.792e-21	7.7426e+01	2.6277e+01	1.1118e-07	6.6287e-01	3.3713e-01	9.7916e-01	2.0845e-02	8.9425e-09	1.4623e-10	1.3281e-03	9.9296e-01	5.7152e-03	1.1755e-36	7.1526e-01	2.8474e-01	7.8637e-06	1.1755e-36	1.1755e-36	1.1755e-36	8.1809e-17	0.00e+00	0.00e+00	1.8592e+01
1.01420e+18	4.3311e+03	4.677e-21	7.7426e+01	2.5815e+01	1.2441e-07	6.6905e-01	3.3095e-01	9.7933e-01	2.0672e-02	8.9129e-09	1.5423e-10	1.3094e-03	9.9308e-01	5.6121e-03	1.1755e-36	7.2100e-01	2.7899e-01	7.5803e-06	1.1755e-36	1.1755e-36	1.1755e-36	9.2491e-17	0.00e+00	0.00e+00	1.8726e+01
1.01460e+18	4.2773e+03	4.564e-21	7.7426e+01	2.5351e+01	1.3886e-07	6.7500e-01	3.2500e-01	9.7948e-01	2.0519e-02	8.8959e-09	1.6249e-10	1.2906e-03	9.9319e-01	5.5151e-03	1.1755e-36	7.2652e-01	2.7347e-01	7.3144e-06	1.1755e-36	1.1755e-36	1.1755e-36	1.0439e-16	0.00e+00	0.00e+00	1.8852e+01
1.01497e+18	4.2250e+03	4.457e-21	7.7426e+01	2.4910e+01	1.5440e-07	6.8067e-01	3.1933e-01	9.7963e-01	2.0373e-02	8.8794e-09	1.7097e-10	1.2728e-03	9.9330e-01	5.4230e-03	1.1755e-36	7.3177e-01	2.6823e-01	7.0687e-06	1.1755e-36	1.1755e-36	1.1755e-36	1.1751e-16	0.00e+00	0.00e+00	1.8974e+01
1.01534e+18	4.1729e+03	4.355e-21	7.7426e+01	2.4480e+01	1.7144e-07	6.8621e-01	3.1379e-01	9.7977e-01	2.0230e-02	8.8628e-09	1.7987e-10	1.2555e-03	9.9341e-01	5.3333e-03	1.1755e-36	7.3689e-01	2.6311e-01	6.8349e-06	1.1755e-36	1.1755e-36	1.1755e-36	1.3228e-16	0.00e+00	0.00e+00	1.9097e+01
1.01570e+18	4.1200e+03	4.253e-21	7.7426e+01	2.4051e+01	1.9044e-07	6.9174e-01	3.0826e-01	9.7991e-01	2.0089e-02	8.8463e-09	1.8937e-10	1.2383e-03	9.9352e-01	5.2440e-03	1.1755e-36	7.4199e-01	2.5801e-01	6.6077e-06	1.1755e-36	1.1755e-36	1.1755e-36	1.4919e-16	0.00e+00	0.00e+00	1.9221e+01
1.01607e+18	4.0660e+03	4.152e-21	7.7426e+01	2.3621e+01	2.1164e-07	6.9729e-01	3.0271e-01	9.8005e-01	1.9948e-02	8.8303e-09	1.9951e-10	1.2212e-03	9.9362e-01	5.1552e-03	1.1755e-36	7.4709e-01	2.5291e-01	6.3862e-06	1.1755e-36	1.1755e-36	1.1755e-36	1.6857e-16	0.00e+00	0.00e+00	1.9346e+01
1.01644e+18	4.0052e+03	4.053e-21	7.7426e+01	2.3189e+01	2.3741e-07	7.0304e-01	2.9696e-01	9.8021e-01	1.9791e-02	8.7997e-09	2.1102e-10	1.2046e-03	9.9373e-01	5.0632e-03	1.1755e-36	7.5237e-01	2.4763e-01	6.1683e-06	1.1755e-36	1.1755e-36	1.1755e-36	1.9233e-16	0.00e+00	0.00e+00	1.9473e+01
1.01679e+18	3.9588e+03	3.957e-21	7.7426e+01	2.2768e+01	2.5921e-07	7.0794e-01	2.9206e-01	9.8031e-01	1.9695e-02	8.8158e-09	2.2064e-10	1.1872e-03	9.9382e-01	4.9882e-03	1.1755e-36	7.5686e-01	2.4314e-01	5.9764e-06	1.1755e-36	1.1755e-36	1.1755e-36	2.1344e-16	0.00e+00	0.00e+00	1.9590e+01
###########################
6.96217e+13	6.9388e+03	1.865e-20	7.7426e+01	8.3511e+01	1.6370e-13	5.7166e-03	9.9428e-01	3.0534e-02	9.6844e-01	1.0278e-03	5.8471e-16	6.0139e-04	3.6835e-01	6.3082e-01	2.2347e-04	4.9967e-03	7.6879e-01	2.2616e-01	5.2293e-05	1.1755e-36	1.1755e-36	3.5273e-24	0.00e+00	0.00e+00	3.8915e-04
4.17730e+14	6.9354e+03	1.864e-20	7.7426e+01	8.3497e+01	1.6394e-13	5.7138e-03	9.9429e-01	3.0538e-02	9.6844e-01	1.0267e-03	5.8389e-16	6.0043e-04	3.6840e-01	6.3078e-01	2.2370e-04	4.9941e-03	7.6874e-01	2.2621e-01	5.2132e-05	1.1755e-36	1.1755e-36	3.5181e-24	0.00e+00	0.00e+00	1.9450e-03
1.81016e+15	6.9265e+03	1.861e-20	7.7426e+01	8.3493e+01	1.6496e-13	5.7126e-03	9.9429e-01	3.0582e-02	9.6840e-01	1.0192e-03	5.8433e-16	6.0020e-04	3.6877e-01	6.3041e-01	2.2278e-04	4.9957e-03	7.6899e-01	2.2596e-01	5.1323e-05	1.1755e-36	1.1755e-36	3.5134e-24	0.00e+00	0.00e+00	8.1670e-03
7.37990e+15	6.9098e+03	1.850e-20	7.7426e+01	8.3490e+01	1.6733e-13	5.7171e-03	9.9428e-01	3.0763e-02	9.6825e-01	9.8290e-04	5.8826e-16	6.0280e-04	3.7025e-01	6.2892e-01	2.1964e-04	5.0122e-03	7.7026e-01	2.2468e-01	4.8124e-05	1.1755e-36	1.1755e-36	3.5177e-24	0.00e+00	0.00e+00	3.3075e-02
1.76282e+16	6.8340e+03	1.815e-20	7.7426e+01	8.3493e+01	1.7222e-13	5.6428e-03	9.9436e-01	3.0882e-02	9.6816e-01	9.5430e-04	5.7362e-16	5.9977e-04	3.7155e-01	6.2763e-01	2.1644e-04	4.9589e-03	7.7101e-01	2.2398e-01	4.4368e-05	1.1755e-36	1.1755e-36	3.3420e-24	0.00e+00	0.00e+00	6.5034e-02
3.09510e+16	6.7566e+03	1.781e-20	7.7426e+01	8.3495e+01	1.7941e-13	5.5977e-03	9.9440e-01	3.1133e-02	9.6797e-01	8.9218e-04	5.6677e-16	6.0106e-04	3.7385e-01	6.2534e-01	2.1094e-04	4.9374e-03	7.7238e-01	2.2265e-01	3.9534e-05	1.1755e-36	1.1755e-36	3.2231e-24	0.00e+00	0.00e+00	1.0625e-01
4.82707e+16	6.6760e+03	1.746e-20	7.7426e+01	8.3494e+01	1.8931e-13	5.5774e-03	9.9442e-01	3.1548e-02	9.6765e-01	7.9901e-04	5.6766e-16	6.0624e-04	3.7737e-01	6.2182e-01	2.0313e-04	4.9514e-03	7.7552e-01	2.1949e-01	3.3584e-05	1.1755e-36	1.1755e-36	3.1520e-24	0.00e+00	0.00e+00	1.5964e-01
7.07862e+16	6.5910e+03	1.711e-20	7.7426e+01	8.3489e+01	2.0294e-13	5.5882e-03	9.9441e-01	3.2182e-02	9.6714e-01	6.7718e-04	5.7756e-16	6.1594e-04	3.8252e-01	6.1667e-01	1.9281e-04	5.0064e-03	7.8030e-01	2.1466e-01	2.6882e-05	1.1755e-36	1.1755e-36	3.1305e-24	0.00e+00	0.00e+00	2.2917e-01
1.00056e+17	6.5029e+03	1.676e-20	7.7426e+01	8.3478e+01	2.2213e-13	5.6436e-03	9.9436e-01	3.3135e-02	9.6633e-01	5.3443e-04	6.0152e-16	6.3221e-04	3.8995e-01	6.0923e-01	1.7991e-04	5.1191e-03	7.8717e-01	2.0769e-01	1.9899e-05	1.1755e-36	1.1755e-36	3.1887e-24	0.00e+00	0.00e+00	3.2046e-01
1.38108e+17	6.4146e+03	1.641e-20	7.7426e+01	8.3459e+01	2.4929e-13	5.7663e-03	9.9423e-01	3.4572e-02	9.6504e-01	3.8499e-04	6.4684e-16	6.5822e-04	4.0065e-01	5.9853e-01	1.6449e-04	5.3172e-03	7.9667e-01	1.9800e-01	1.3293e-05	1.1755e-36	1.1755e-36	3.3616e-24	0.00e+00	0.00e+00	4.4173e-01
1.87574e+17	6.3310e+03	1.610e-20	7.7426e+01	8.3428e+01	2.8941e-13	5.9962e-03	9.9400e-01	3.6779e-02	9.6297e-01	2.4725e-04	7.3011e-16	6.9949e-04	4.1618e-01	5.8297e-01	1.4663e-04	5.6493e-03	8.0954e-01	1.8480e-01	7.7557e-06	1.1755e-36	1.1755e-36	3.7442e-24	0.00e+00	0.00e+00	6.0566e-01
2.51881e+17	6.2594e+03	1.586e-20	7.7426e+01	8.3375e+01	3.5235e-13	6.4065e-03	9.9359e-01	4.0302e-02	9.5956e-01	1.3774e-04	8.8750e-16	7.6579e-04	4.3914e-01	5.5997e-01	1.2620e-04	6.2056e-03	8.2679e-01	1.6700e-01	3.7811e-06	1.1755e-36	1.1755e-36	4.5509e-24	0.00e+00	0.00e+00	8.3335e-01
3.35480e+17	6.2104e+03	1.573e-20	7.7426e+01	8.3266e+01	4.6009e-13	7.1440e-03	9.9286e-01	4.6258e-02	9.5368e-01	6.4466e-05	1.2090e-15	8.7558e-04	4.7395e-01	5.2507e-01	1.0264e-04	7.1706e-03	8.4964e-01	1.4319e-01	1.4459e-06	1.1755e-36	1.1755e-36	6.3427e-24	0.00e+00	0.00e+00	1.1634e+00
4.15235e+17	6.1934e+03	1.572e-20	7.7426e+01	8.3144e+01	5.9232e-13	8.0343e-03	9.9197e-01	5.3527e-02	9.4644e-01	3.0974e-05	1.6591e-15	1.0001e-03	5.1091e-01	4.8800e-01	8.3205e-05	8.3222e-03	8.7034e-01	1.2133e-01	5.6918e-07	1.1755e-36	1.1755e-36	9.0341e-24	0.00e+00	0.00e+00	1.4188e+00
4.70472e+17	6.2157e+03	1.586e-20	7.7426e+01	8.3036e+01	7.1750e-13	8.9094e-03	9.9109e-01	6.0612e-02	9.3937e-01	1.9002e-05	2.1850e-15	1.1130e-03	5.4192e-01	4.5689e-01	6.9972e-05	9.4373e-03	8.8530e-01	1.0526e-01	2.8991e-07	1.1755e-36	1.1755e-36	1.2463e-23	0.00e+00	0.00e+00	1.6168e+00
5.13169e+17	6.2432e+03	1.605e-20	7.7426e+01	8.2926e+01	8.5159e-13	9.7909e-03	9.9021e-01	6.7809e-02	9.3218e-01	1.3085e-05	2.8088e-15	1.2188e-03	5.6958e-01	4.2914e-01	5.9742e-05	1.0556e-02	8.9710e-01	9.2346e-02	1.6687e-07	1.1755e-36	1.1755e-36	1.6814e-23	0.00e+00	0.00e+00	1.8079e+00
5.59085e+17	6.2751e+03	1.629e-20	7.7426e+01	8.2762e+01	1.0564e-12	1.0998e-02	9.8900e-01	7.7904e-02	9.2209e-01	8.7219e-06	3.8291e-15	1.3543e-03	6.0330e-01	3.9530e-01	4.8824e-05	1.2087e-02	9.0973e-01	7.8183e-02	1.1755e-36	1.1755e-36	1.1755e-36	2.4411e-23	0.00e+00	0.00e+00	2.0870e+00
6.06424e+17	6.3225e+03	1.662e-20	7.7426e+01	8.2546e+01	1.3360e-12	1.2559e-02	9.8744e-01	9.1371e-02	9.0862e-01	5.8063e-06	5.4027e-15	1.5120e-03	6.4082e-01	3.5763e-01	3.8529e-05	1.4063e-02	9.2167e-01	6.4270e-02	1.1755e-36	1.1755e-36	1.1755e-36	3.7198e-23	0.00e+00	0.00e+00	2.3497e+00
6.44174e+17	6.3681e+03	1.694e-20	7.7426e+01	8.2322e+01	1.6565e-12	1.4186e-02	9.8581e-01	1.0602e-01	8.9398e-01	4.2123e-06	7.3875e-15	1.6588e-03	6.7435e-01	3.2396e-01	3.0695e-05	1.6119e-02	9.3056e-01	5.3320e-02	1.1755e-36	1.1755e-36	1.1755e-36	5.4790e-23	0.00e+00	0.00e+00	2.5767e+00
6.75114e+17	6.4150e+03	1.724e-20	7.7426e+01	8.2147e+01	2.0120e-12	1.5862e-02	9.8414e-01	1.2193e-01	8.7806e-01	3.2347e-06	9.8437e-15	1.7931e-03	7.0430e-01	2.9388e-01	2.4633e-05	1.8235e-02	9.3720e-01	4.4569e-02	1.1755e-36	1.1755e-36	1.1755e-36	7.8455e-23	0.00e+00	0.00e+00	2.8028e+00
7.04256e+17	6.4395e+03	1.756e-20	7.7426e+01	8.1808e+01	2.5191e-12	1.7834e-02	9.8217e-01	1.4118e-01	8.5882e-01	2.4910e-06	1.3240e-14	1.9348e-03	7.3446e-01	2.6359e-01	1.9327e-05	2.0722e-02	9.4257e-01	3.6710e-02	1.1755e-36	1.1755e-36	1.1755e-36	1.1338e-22	0.00e+00	0.00e+00	3.0568e+00
7.32665e+17	6.4864e+03	1.789e-20	7.7426e+01	8.1562e+01	3.1544e-12	2.0217e-02	9.7978e-01	1.6594e-01	8.3405e-01	1.9356e-06	1.8217e-14	2.0808e-03	7.6520e-01	2.3270e-01	1.4699e-05	2.3721e-02	9.4677e-01	2.9511e-02	1.1755e-36	1.1755e-36	1.1755e-36	1.6968e-22	0.00e+00	0.00e+00	3.3304e+00
7.59652e+17	6.5089e+03	1.822e-20	7.7426e+01	8.1057e+01	4.0985e-12	2.3105e-02	9.7689e-01	1.9700e-01	8.0300e-01	1.4947e-06	2.5444e-14	2.2313e-03	7.9572e-01	2.0204e-01	1.0815e-05	2.7346e-02	9.4946e-01	2.3197e-02	1.1755e-36	1.1755e-36	1.1755e-36	2.5775e-22	0.00e+00	0.00e+00	3.6274e+00
7.84481e+17	6.5421e+03	1.857e-20	7.7426e+01	8.0671e+01	5.3323e-12	2.6520e-02	9.7348e-01	2.3578e-01	7.6422e-01	1.1696e-06	3.6032e-14	2.3779e-03	8.2462e-01	1.7299e-01	7.7443e-06	3.1620e-02	9.5050e-01	1.7883e-02	1.1755e-36	1.1755e-36	1.1755e-36	3.9991e-22	0.00e+00	0.00e+00	3.9304e+00
8.06015e+17	6.5707e+03	1.883e-20	7.7426e+01	8.0027e+01	6.8750e-12	3.0238e-02	9.6976e-01	2.7985e-01	7.2015e-01	9.2776e-07	5.0103e-14	2.5021e-03	8.4962e-01	1.4787e-01	5.5344e-06	3.6262e-02	9.4997e-01	1.3769e-02	1.1755e-36	1.1755e-36	1.1755e-36	6.0420e-22	0.00e+00	0.00e+00	4.2216e+00
8.24571e+17	6.5919e+03	1.907e-20	7.7426e+01	7.9490e+01	8.8380e-12	3.4319e-02	9.6568e-01	3.2933e-01	6.7067e-01	7.4474e-07	6.9158e-14	2.6124e-03	8.7110e-01	1.2628e-01	3.9451e-06	4.1339e-02	9.4806e-01	1.0599e-02	1.1755e-36	1.1755e-36	1.1755e-36	9.0358e-22	0.00e+00	0.00e+00	4.5138e+00
8.41192e+17	6.6094e+03	1.924e-20	7.7426e+01	7.8833e+01	1.1336e-11	3.8839e-02	9.6116e-01	3.8438e-01	6.1562e-01	5.9689e-07	9.4965e-14	2.7060e-03	8.8962e-01	1.0767e-01	2.7956e-06	4.6946e-02	9.4494e-01	8.1159e-03	1.1755e-36	1.1755e-36	1.1755e-36	1.3375e-21	0.00e+00	0.00e+00	4.8143e+00
8.56478e+17	6.6240e+03	1.936e-20	7.7426e+01	7.8066e+01	1.4596e-11	4.3965e-02	9.5603e-01	4.4537e-01	5.5463e-01	4.7380e-07	1.3085e-13	2.7849e-03	9.0569e-01	9.1521e-02	1.9581e-06	5.3284e-02	9.4057e-01	6.1479e-03	1.1755e-36	1.1755e-36	1.1755e-36	1.9813e-21	0.00e+00	0.00e+00	5.1313e+00
8.70778e+17	6.6348e+03	1.943e-20	7.7426e+01	7.7211e+01	1.8988e-11	4.9917e-02	9.5008e-01	5.1182e-01	4.8818e-01	3.6986e-07	1.8217e-13	2.8507e-03	9.1963e-01	7.7516e-02	1.3502e-06	6.0616e-02	9.3480e-01	4.5882e-03	1.1755e-36	1.1755e-36	1.1755e-36	2.9646e-21	0.00e+00	0.00e+00	5.4694e+00
8.84201e+17	6.6443e+03	1.939e-20	7.7426e+01	7.6056e+01	2.4805e-11	5.6727e-02	9.4327e-01	5.8058e-01	4.1942e-01	2.8314e-07	2.5398e-13	2.8942e-03	9.3133e-01	6.5772e-02	9.2353e-07	6.8976e-02	9.2764e-01	3.3820e-03	1.1755e-36	1.1755e-36	1.1755e-36	4.4279e-21	0.00e+00	0.00e+00	5.8298e+00
8.96986e+17	6.6468e+03	1.933e-20	7.7426e+01	7.4947e+01	3.3136e-11	6.4968e-02	9.3503e-01	6.5038e-01	3.4962e-01	2.1165e-07	3.6151e-13	2.9311e-03	9.4137e-01	5.5696e-02	6.1954e-07	7.9047e-02	9.1851e-01	2.4444e-03	1.1755e-36	1.1755e-36	1.1755e-36	6.8083e-21	0.00e+00	0.00e+00	6.2292e+00
9.09298e+17	6.6458e+03	1.922e-20	7.7426e+01	7.3735e+01	4.5253e-11	7.5066e-02	9.2493e-01	7.1744e-01	2.8256e-01	1.5436e-07	5.2410e-13	2.9557e-03	9.4985e-01	4.7197e-02	4.0837e-07	9.1324e-02	9.0695e-01	1.7295e-03	1.1755e-36	1.1755e-36	1.1755e-36	1.0784e-20	0.00e+00	0.00e+00	6.6713e+00
9.21078e+17	6.6427e+03	1.903e-20	7.7426e+01	7.2388e+01	6.3096e-11	8.7491e-02	9.1251e-01	7.7752e-01	2.2248e-01	1.1051e-07	7.7033e-13	2.9665e-03	9.5688e-01	4.0153e-02	2.6588e-07	1.0634e-01	8.9245e-01	1.2013e-03	1.1755e-36	1.1755e-36	1.1755e-36	1.7588e-20	0.00e+00	0.00e+00	7.1638e+00
9.32361e+17	6.6332e+03	1.876e-20	7.7426e+01	7.0882e+01	9.0488e-11	1.0304e-01	8.9696e-01	8.2841e-01	1.7159e-01	7.8103e-08	1.1496e-12	2.9629e-03	9.6275e-01	3.4283e-02	1.7091e-07	1.2501e-01	8.7417e-01	8.1899e-04	1.1755e-36	1.1755e-36	1.1755e-36	2.9731e-20	0.00e+00	0.00e+00	7.7206e+00
9.43140e+17	6.6181e+03	1.831e-20	7.7426e+01	6.8937e+01	1.3303e-10	1.2238e-01	8.7762e-01	8.6915e-01	1.3085e-01	5.5085e-08	1.7268e-12	2.9338e-03	9.6764e-01	2.9431e-02	1.1755e-36	1.4803e-01	8.5142e-01	5.4987e-04	1.1755e-36	1.1755e-36	1.1755e-36	5.1530e-20	0.00e+00	0.00e+00	8.3491e+00
9.53342e+17	6.5886e+03	1.774e-20	7.7426e+01	6.6782e+01	2.0327e-10	1.4701e-01	8.5299e-01	9.0059e-01	9.9408e-02	3.9139e-08	2.6421e-12	2.8887e-03	9.7185e-01	2.5257e-02	1.1755e-36	1.7703e-01	8.2260e-01	3.6315e-04	1.1755e-36	1.1755e-36	1.1755e-36	9.3440e-20	0.00e+00	0.00e+00	9.0606e+00
9.62749e+17	6.5411e+03	1.697e-20	7.7426e+01	6.4255e+01	3.2116e-10	1.7772e-01	8.2228e-01	9.2363e-01	7.6372e-02	2.8533e-08	4.0764e-12	2.8209e-03	9.7548e-01	2.1701e-02	1.1755e-36	2.1273e-01	7.8704e-01	2.3822e-04	1.1755e-36	1.1755e-36	1.1755e-36	1.7454e-19	0.00e+00	0.00e+00	9.8351e+00
9.71080e+17	6.4716e+03	1.600e-20	7.7426e+01	6.1313e+01	5.1731e-10	2.1416e-01	7.8584e-01	9.3969e-01	6.0307e-02	2.1745e-08	6.2314e-12	2.7279e-03	9.7854e-01	1.8730e-02	1.1755e-36	2.5441e-01	7.4543e-01	1.5778e-04	1.1755e-36	1.1755e-36	1.1755e-36	3.2652e-19	0.00e+00	0.00e+00	1.0646e+01
9.78183e+17	6.3790e+03	1.488e-20	7.7426e+01	5.8105e+01	8.3475e-10	2.5496e-01	7.4504e-01	9.5070e-01	4.9302e-02	1.7418e-08	9.2869e-12	2.6160e-03	9.8109e-01	1.6293e-02	1.1755e-36	3.0026e-01	6.9963e-01	1.0713e-04	1.1755e-36	1.1755e-36	1.1755e-36	5.9523e-19	0.00e+00	0.00e+00	1.1451e+01
9.83751e+17	6.2740e+03	1.375e-20	7.7426e+01	5.4907e+01	1.2924e-09	2.9532e-01	7.0468e-01	9.5765e-01	4.2355e-02	1.4893e-08	1.3038e-11	2.4972e-03	9.8304e-01	1.4463e-02	1.1755e-36	3.4477e-01	6.5516e-01	7.6987e-05	1.1755e-36	1.1755e-36	1.1755e-36	1.0003e-18	0.00e+00	0.00e+00	1.2127e+01
9.87697e+17	6.1750e+03	1.282e-20	7.7426e+01	5.2245e+01	1.8368e-09	3.2932e-01	6.7068e-01	9.6186e-01	3.8140e-02	1.3454e-08	1.6845e-11	2.3946e-03	9.8441e-01	1.3199e-02	1.1755e-36	3.8162e-01	6.1832e-01	5.9912e-05	1.1755e-36	1.1755e-36	1.1755e-36	1.4887e-18	0.00e+00	0.00e+00	1.2644e+01
9.90565e+17	6.0864e+03	1.206e-20	7.7426e+01	5.0096e+01	2.4288e-09	3.5681e-01	6.4319e-01	9.6463e-01	3.5372e-02	1.2545e-08	2.0411e-11	2.3101e-03	9.8540e-01	1.2290e-02	1.1755e-36	4.1100e-01	5.8895e-01	4.9479e-05	1.1755e-36	1.1755e-36	1.1755e-36	2.0127e-18	0.00e+00	0.00e+00	1.3084e+01
9.93003e+17	5.9974e+03	1.138e-20	7.7426e+01	4.8132e+01	3.1370e-09	3.8201e-01	6.1799e-01	9.6681e-01	3.3186e-02	1.1848e-08	2.4114e-11	2.2319e-03	9.8625e-01	1.1520e-02	1.1755e-36	4.3762e-01	5.6233e-01	4.1782e-05	1.1755e-36	1.1755e-36	1.1755e-36	2.6232e-18	0.00e+00	0.00e+00	1.3524e+01
9.95332e+17	5.8995e+03	1.069e-20	7.7426e+01	4.6121e+01	4.0798e-09	4.0775e-01	5.9225e-01	9.6876e-01	3.1242e-02	1.1252e-08	2.8374e-11	2.1508e-03	9.8705e-01	1.0797e-02	1.1755e-36	4.6451e-01	5.3546e-01	3.5363e-05	1.1755e-36	1.1755e-36	1.1755e-36	3.4090e-18	0.00e+00	0.00e+00	1.3983e+01
9.97543e+17	5.7936e+03	1.001e-20	7.7426e+01	4.4089e+01	5.3371e-09	4.3377e-01	5.6623e-01	9.7044e-01	2.9557e-02	1.0764e-08	3.3241e-11	2.0680e-03	9.8780e-01	1.0132e-02	1.1755e-36	4.9137e-01	5.0860e-01	3.0052e-05	1.1755e-36	1.1755e-36	1.1755e-36	4.4197e-18	0.00e+00	0.00e+00	1.4432e+01
9.99519e+17	5.6866e+03	9.377e-21	7.7426e+01	4.2171e+01	6.9145e-09	4.5834e-01	5.4166e-01	9.7181e-01	2.8191e-02	1.0395e-08	3.8443e-11	1.9891e-03	9.8846e-01	9.5541e-03	1.1755e-36	5.1645e-01	4.8352e-01	2.5883e-05	1.1755e-36	1.1755e-36	1.1755e-36	5.6398e-18	0.00e+00	0.00e+00	1.4843e+01
1.00124e+18	5.5819e+03	8.815e-21	7.7426e+01	4.0423e+01	8.8195e-09	4.8076e-01	5.1924e-01	9.7292e-01	2.7080e-02	1.0112e-08	4.3808e-11	1.9169e-03	9.8902e-01	9.0583e-03	1.1755e-36	5.3910e-01	4.6088e-01	2.2645e-05	1.1755e-36	1.1755e-36	1.1755e-36	7.0597e-18	0.00e+00	0.00e+00	1.5223e+01
1.00280e+18	5.4777e+03	8.302e-21	7.7426e+01	3.8794e+01	1.1153e-08	5.0165e-01	4.9835e-01	9.7387e-01	2.6134e-02	9.8838e-09	4.9459e-11	1.8492e-03	9.8953e-01	8.6178e-03	1.1755e-36	5.6001e-01	4.3997e-01	2.0022e-05	1.1755e-36	1.1755e-36	1.1755e-36	8.7474e-18	0.00e+00	0.00e+00	1.5589e+01
1.00390e+18	5.3999e+03	7.949e-21	7.7426e+01	3.7638e+01	1.3264e-08	5.1678e-01	4.8322e-01	9.7442e-01	2.5578e-02	9.7756e-09	5.4037e-11	1.8010e-03	9.8986e-01	8.3375e-03	1.1755e-36	5.7502e-01	4.2496e-01	1.8375e-05	1.1755e-36	1.1755e-36	1.1755e-36	1.0274e-17	0.00e+00	0.00e+00	1.5769e+01
1.00448e+18	5.3549e+03	7.761e-21	7.7426e+01	3.7018e+01	1.4622e-08	5.2492e-01	4.7508e-01	9.7473e-01	2.5272e-02	9.7106e-09	5.6714e-11	1.7753e-03	9.9004e-01	8.1841e-03	1.1755e-36	5.8307e-01	4.1691e-01	1.7544e-05	1.1755e-36	1.1755e-36	1.1755e-36	1.1237e-17	0.00e+00	0.00e+00	1.5885e+01
1.00495e+18	5.3170e+03	7.606e-21	7.7426e+01	3.6502e+01	1.5858e-08	5.3154e-01	4.6846e-01	9.7500e-01	2.5002e-02	9.6492e-09	5.8998e-11	1.7538e-03	9.9019e-01	8.0531e-03	1.1755e-36	5.8959e-01	4.1040e-01	1.6882e-05	1.1755e-36	1.1755e-36	1.1755e-36	1.2100e-17	0.00e+00	0.00e+00	1.6010e+01
1.00550e+18	5.2736e+03	7.420e-21	7.7426e+01	3.5902e+01	1.7444e-08	5.3948e-01	4.6052e-01	9.7532e-01	2.4675e-02	9.5715e-09	6.1905e-11	1.7287e-03	9.9038e-01	7.8941e-03	1.1755e-36	5.9738e-01	4.0260e-01	1.6112e-05	1.1755e-36	1.1755e-36	1.1755e-36	1.3253e-17	0.00e+00	0.00e+00	1.6174e+01
1.00615e+18	5.2191e+03	7.200e-21	7.7426e+01	3.5147e+01	1.9589e-08	5.4862e-01	4.5138e-01	9.7566e-01	2.4338e-02	9.5108e-09	6.5406e-11	1.6969e-03	9.9058e-01	7.7208e-03	1.1755e-36	6.0633e-01	3.9366e-01	1.5271e-05	1.1755e-36	1.1755e-36	1.1755e-36	1.4738e-17	0.00e+00	0.00e+00	1.6356e+01
1.00680e+18	5.1633e+03	6.986e-21	7.7426e+01	3.4419e+01	2.2078e-08	5.5800e-01	4.4200e-01	9.7599e-01	2.4007e-02	9.4473e-09	6.9346e-11	1.6663e-03	9.9079e-01	7.5486e-03	1.1755e-36	6.1546e-01	3.8452e-01	1.4466e-05	1.1755e-36	1.1755e-36	1.1755e-36	1.6530e-17	0.00e+00	0.00e+00	1.6526e+01
1.00739e+18	5.1064e+03	6.797e-21	7.7426e+01	3.3759e+01	2.4845e-08	5.6670e-01	4.3330e-01	9.7629e-01	2.3707e-02	9.3841e-09	7.3381e-11	1.6390e-03	9.9097e-01	7.3916e-03	1.1755e-36	6.2391e-01	3.7607e-01	1.3768e-05	1.1755e-36	1.1755e-36	1.1755e-36	1.8511e-17	0.00e+00	0.00e+00	1.6679e+01
1.00791e+18	5.0606e+03	6.625e-21	7.7426e+01	3.3165e+01	2.7426e-08	5.7425e-01	4.2575e-01	9.7654e-01	2.3463e-02	9.3461e-09	7.7071e-11	1.6139e-03	9.9113e-01	7.2585e-03	1.1755e-36	6.3121e-01	3.6878e-01	1.3177e-05	1.1755e-36	1.1755e-36	1.1755e-36	2.0443e-17	0.00e+00	0.00e+00	1.6818e+01
1.00843e+18	5.0057e+03	6.461e-21	7.7426e+01	3.2590e+01	3.0703e-08	5.8212e-01	4.1788e-01	9.7681e-01	2.3187e-02	9.2799e-09	8.1420e-11	1.5902e-03	9.9129e-01	7.1168e-03	1.1755e-36	6.3880e-01	3.6118e-01	1.2601e-05	1.1755e-36	1.1755e-36	1.1755e-36	2.2892e-17	0.00e+00	0.00e+00	1.6968e+01
1.00894e+18	4.9555e+03	6.296e-21	7.7426e+01	3.1997e+01	3.4102e-08	5.8961e-01	4.1039e-01	9.7705e-01	2.2953e-02	9.2438e-09	8.5451e-11	1.5654e-03	9.9145e-01	6.9821e-03	1.1755e-36	6.4600e-01	3.5399e-01	1.2067e-05	1.1755e-36	1.1755e-36	1.1755e-36	2.5255e-17	0.00e+00	0.00e+00	1.7110e+01
1.00943e+18	4.9058e+03	6.136e-21	7.7426e+01	3.1426e+01	3.7850e-08	5.9695e-01	4.0305e-01	9.7728e-01	2.2723e-02	9.2063e-09	8.9644e-11	1.5414e-03	9.9161e-01	6.8493e-03	1.1755e-36	6.5303e-01	3.4696e-01	1.1563e-05	1.1755e-36	1.1755e-36	1.1755e-36	2.7864e-17	0.00e+00	0.00e+00	1.7255e+01
1.00993e+18	4.8518e+03	5.977e-21	7.7426e+01	3.0837e+01	4.2314e-08	6.0438e-01	3.9562e-01	9.7751e-01	2.2488e-02	9.1678e-09	9.4206e-11	1.5169e-03	9.9177e-01	6.7165e-03	1.1755e-36	6.6012e-01	3.3986e-01	1.1078e-05	1.1755e-36	1.1755e-36	1.1755e-36	3.0908e-17	0.00e+00	0.00e+00	1.7403e+01
1.01042e+18	4.7970e+03	5.823e-21	7.7426e+01	3.0261e+01	4.7360e-08	6.1167e-01	3.8833e-01	9.7773e-01	2.2274e-02	9.1359e-09	9.9025e-11	1.4929e-03	9.9192e-01	6.5878e-03	1.1755e-36	6.6708e-01	3.3291e-01	1.0621e-05	1.1755e-36	1.1755e-36	1.1755e-36	3.4358e-17	0.00e+00	0.00e+00	1.7545e+01
1.01087e+18	4.7437e+03	5.681e-21	7.7426e+01	2.9742e+01	5.2890e-08	6.1878e-01	3.8122e-01	9.7794e-01	2.2056e-02	9.0920e-09	1.0416e-10	1.4715e-03	9.9207e-01	6.4624e-03	1.1755e-36	6.7383e-01	3.2616e-01	1.0196e-05	1.1755e-36	1.1755e-36	1.1755e-36	3.8278e-17	0.00e+00	0.00e+00	1.7679e+01
1.01131e+18	4.6941e+03	5.546e-21	7.7426e+01	2.9226e+01	5.8640e-08	6.2529e-01	3.7471e-01	9.7813e-01	2.1873e-02	9.0688e-09	1.0910e-10	1.4500e-03	9.9220e-01	6.3501e-03	1.1755e-36	6.7999e-01	3.2000e-01	9.8163e-06	1.1755e-36	1.1755e-36	1.1755e-36	4.2333e-17	0.00e+00	0.00e+00	1.7809e+01
1.01174e+18	4.6440e+03	5.412e-21	7.7426e+01	2.8723e+01	6.5100e-08	6.3180e-01	3.6820e-01	9.7831e-01	2.1686e-02	9.0413e-09	1.1443e-10	1.4291e-03	9.9233e-01	6.2374e-03	1.1755e-36	6.8614e-01	3.1385e-01	9.4491e-06	1.1755e-36	1.1755e-36	1.1755e-36	4.6994e-17	0.00e+00	0.00e+00	1.7943e+01
1.01218e+18	4.5907e+03	5.280e-21	7.7426e+01	2.8216e+01	7.2723e-08	6.3848e-01	3.6152e-01	9.7851e-01	2.1493e-02	9.0093e-09	1.2036e-10	1.4082e-03	9.9247e-01	6.1224e-03	1.1755e-36	6.9243e-01	3.0756e-01	9.0877e-06	1.1755e-36	1.1755e-36	1.1755e-36	5.2565e-17	0.00e+00	0.00e+00	1.8080e+01
1.01260e+18	4.5374e+03	5.149e-21	7.7426e+01	2.7693e+01	8.1147e-08	6.4480e-01	3.5520e-01	9.7867e-01	2.1326e-02	8.9963e-09	1.2634e-10	1.3865e-03	9.9260e-01	6.0165e-03	1.1755e-36	6.9837e-01	3.0162e-01	8.7555e-06	1.1755e-36	1.1755e-36	1.1755e-36	5.8648e-17	0.00e+00	0.00e+00	1.8211e+01
1.01301e+18	4.4857e+03	5.027e-21	7.7426e+01	2.7210e+01	9.0333e-08	6.5101e-01	3.4899e-01	9.7884e-01	2.1157e-02	8.9744e-09	1.3271e-10	1.3667e-03	9.9272e-01	5.9123e-03	1.1755e-36	7.0418e-01	2.9581e-01	8.4413e-06	1.1755e-36	1.1755e-36	1.1755e-36	6.5554e-17	0.00e+00	0.00e+00	1.8339e+01
1.01341e+18	4.4340e+03	4.908e-21	7.7426e+01	2.6740e+01	1.0052e-07	6.5706e-01	3.4294e-01	9.7901e-01	2.0993e-02	8.9529e-09	1.3943e-10	1.3474e-03	9.9284e-01	5.8110e-03	1.1755e-36	7.0984e-01	2.9015e-01	8.1443e-06	1.1755e-36	1.1755e-36	1.1755e-36	7.3364e-17	0.00e+00	0.00e+00	1.8466e+01
1.01380e+18	4.3858e+03	4.792e-21	7.7426e+01	2.6277e+01	1.1118e-07	6.6287e-01	3.3713e-01	9.7916e-01	2.0845e-02	8.9425e-09	1.4623e-10	1.3281e-03	9.9296e-01	5.7152e-03	1.1755e-36	7.1526e-01	2.8474e-01	7.8637e-06	1.1755e-36	1.1755e-36	1.1755e-36	8.1810e-17	0.00e+00	0.00e+00	1.8592e+01
1.01420e+18	4.3311e+03	4.677e-21	7.7426e+01	2.5815e+01	1.2441e-07	6.6905e-01	3.3095e-01	9.7933e-01	2.0672e-02	8.9129e-09	1.5423e-10	1.3094e-03	9.9308e-01	5.6121e-03	1.1755e-36	7.2100e-01	2.7899e-01	7.5803e-06	1.1755e-36	1.1755e-36	1.1755e-36	9.2491e-17	0.00e+00	0.00e+00	1.8725e+01
1.01460e+18	4.2774e+03	4.564e-21	7.7426e+01	2.5351e+01	1.3886e-07	6.7500e-01	3.2500e-01	9.7948e-01	2.0519e-02	8.8959e-09	1.6249e-10	1.2906e-03	9.9319e-01	5.5151e-03	1.1755e-36	7.2652e-01	2.7347e-01	7.3144e-06	1.1755e-36	1.1755e-36	1.1755e-36	1.0439e-16	0.00e+00	0.00e+00	1.8852e+01
1.01497e+18	4.2250e+03	4.457e-21	7.7426e+01	2.4910e+01	1.5440e-07	6.8067e-01	3.1933e-01	9.7963e-01	2.0373e-02	8.8793e-09	1.7097e-10	1.2728e-03	9.9330e-01	5.4231e-03	1.1755e-36	7.3177e-01	2.6823e-01	7.0687e-06	1.1755e-36	1.1755e-36	1.1755e-36	1.1751e-16	0.00e+00	0.00e+00	1.8974e+01
1.01534e+18	4.1729e+03	4.355e-21	7.7426e+01	2.4480e+01	1.7144e-07	6.8621e-01	3.1379e-01	9.7977e-01	2.0230e-02	8.8627e-09	1.7987e-10	1.2555e-03	9.9341e-01	5.3333e-03	1.1755e-36	7.3688e-01	2.6311e-01	6.8349e-06	1.1755e-36	1.1755e-36	1.1755e-36	1.3228e-16	0.00e+00	0.00e+00	1.9097e+01
1.01570e+18	4.1200e+03	4.253e-21	7.7426e+01	2.4051e+01	1.9044e-07	6.9174e-01	3.0826e-01	9.7991e-01	2.0089e-02	8.8462e-09	1.8937e-10	1.2383e-03	9.9352e-01	5.2440e-03	1.1755e-36	7.4199e-01	2.5801e-01	6.6077e-06	1.1755e-36	1.1755e-36	1.1755e-36	1.4919e-16	0.00e+00	0.00e+00	1.9221e+01
1.01607e+18	4.0660e+03	4.152e-21	7.7426e+01	2.3621e+01	2.1164e-07	6.9729e-01	3.0271e-01	9.8005e-01	1.9948e-02	8.8302e-09	1.9951e-10	1.2212e-03	9.9362e-01	5.1553e-03	1.1755e-36	7.4709e-01	2.5291e-01	6.3862e-06	1.1755e-36	1.1755e-36	1.1755e-36	1.6857e-16	0.00e+00	0.00e+00	1.9346e+01
1.01644e+18	4.0052e+03	4.053e-21	7.7426e+01	2.3189e+01	2.3741e-07	7.0303e-01	2.9696e-01	9.8021e-01	1.9791e-02	8.7997e-09	2.1102e-10	1.2046e-03	9.9373e-01	5.0632e-03	1.1755e-36	7.5237e-01	2.4763e-01	6.1683e-06	1.1755e-36	1.1755e-36	1.1755e-36	1.9233e-16	0.00e+00	0.00e+00	1.9473e+01
1.01679e+18	3.9588e+03	3.957e-21	7.7426e+01	2.2768e+01	2.5921e-07	7.0794e-01	2.9206e-01	9.8031e-01	1.9695e-02	8.8157e-09	2.2063e-10	1.1872e-03	9.9382e-01	4.9882e-03	1.1755e-36	7.5685e-01	2.4314e-01	5.9765e-06	1.1755e-36	1.1755e-36	1.1755e-36	2.1344e-16	0.00e+00	0.00e+00	1.9590e+01
