#depth	Te	Htot	hden	eden	2H_2/H	HI	HII	HeI	HeII	HeIII	CO/C	C1	C2	C3	C4	O1	O2	O3	O4	O5	O6	H2O/O	AV(point)	AV(extend)	Tau912
5.34139e+10	8.7211e+03	2.593e-14	1.0000e+05	1.0725e+05	3.6773e-14	1.0306e-02	9.8969e-01	5.4164e-02	9.4529e-01	5.4568e-04	4.3805e-15	1.6014e-03	5.1249e-01	4.8584e-01	7.1676e-05	1.1210e-02	9.0426e-01	8.4523e-02	6.0712e-06	1.1755e-36	1.1755e-36	3.2789e-23	0.00e+00	0.00e+00	6.9524e-04
3.20483e+11	8.7158e+03	2.589e-14	1.0000e+05	1.0718e+05	3.6818e-14	1.0294e-02	9.8971e-01	5.4154e-02	9.4530e-01	5.4534e-04	4.3669e-15	1.5965e-03	5.1247e-01	4.8586e-01	7.1877e-05	1.1196e-02	9.0421e-01	8.4587e-02	6.0534e-06	1.1755e-36	1.1755e-36	3.2623e-23	0.00e+00	0.00e+00	3.4729e-03
1.38876e+12	8.7034e+03	2.580e-14	1.0000e+05	1.0716e+05	3.6983e-14	1.0286e-02	9.8971e-01	5.4262e-02	9.4520e-01	5.4130e-04	4.3661e-15	1.5936e-03	5.1305e-01	4.8528e-01	7.1599e-05	1.1192e-02	9.0438e-01	8.4423e-02	5.9580e-06	1.1755e-36	1.1755e-36	3.2528e-23	0.00e+00	0.00e+00	1.4575e-02
5.66187e+12	8.6810e+03	2.552e-14	1.0000e+05	1.0715e+05	3.7455e-14	1.0299e-02	9.8970e-01	5.4772e-02	9.4471e-01	5.2182e-04	4.4055e-15	1.5994e-03	5.1566e-01	4.8267e-01	7.0245e-05	1.1227e-02	9.0532e-01	8.3445e-02	5.5529e-06	1.1755e-36	1.1755e-36	3.2634e-23	0.00e+00	0.00e+00	5.9041e-02
1.35244e+13	8.5855e+03	2.463e-14	1.0000e+05	1.0716e+05	3.7295e-14	1.0058e-02	9.8994e-01	5.4990e-02	9.4450e-01	5.0652e-04	4.2091e-15	1.5820e-03	5.1742e-01	4.8093e-01	6.9608e-05	1.0980e-02	9.0560e-01	8.3410e-02	5.1896e-06	1.1755e-36	1.1755e-36	3.0131e-23	0.00e+00	0.00e+00	1.1549e-01
2.37457e+13	8.4931e+03	2.383e-14	1.0000e+05	1.0718e+05	3.7860e-14	9.9251e-03	9.9007e-01	5.5646e-02	9.4388e-01	4.7347e-04	4.1234e-15	1.5835e-03	5.2117e-01	4.7718e-01	6.7682e-05	1.0867e-02	9.0679e-01	8.2341e-02	4.6219e-06	1.1755e-36	1.1755e-36	2.8691e-23	0.00e+00	0.00e+00	1.8791e-01
3.70333e+13	8.3993e+03	2.306e-14	1.0000e+05	1.0717e+05	3.9237e-14	9.8907e-03	9.9011e-01	5.6849e-02	9.4273e-01	4.2392e-04	4.1403e-15	1.6019e-03	5.2733e-01	4.7100e-01	6.4460e-05	1.0877e-02	9.0896e-01	8.0158e-02	3.8849e-06	1.1755e-36	1.1755e-36	2.8127e-23	0.00e+00	0.00e+00	2.8173e-01
5.43073e+13	8.3034e+03	2.233e-14	1.0000e+05	1.0715e+05	4.1743e-14	9.9831e-03	9.9002e-01	5.8834e-02	9.4081e-01	3.5907e-04	4.2902e-15	1.6420e-03	5.3679e-01	4.6151e-01	5.9794e-05	1.1048e-02	9.1236e-01	7.6592e-02	3.0261e-06	1.1755e-36	1.1755e-36	2.8597e-23	0.00e+00	0.00e+00	4.0483e-01
7.67635e+13	8.2073e+03	2.166e-14	1.0000e+05	1.0710e+05	4.6066e-14	1.0263e-02	9.8974e-01	6.2042e-02	9.3768e-01	2.8299e-04	4.6528e-15	1.7144e-03	5.5100e-01	4.4723e-01	5.3547e-05	1.1455e-02	9.1728e-01	7.1262e-02	2.1268e-06	1.1755e-36	1.1755e-36	3.0687e-23	0.00e+00	0.00e+00	5.6935e-01
1.05956e+14	8.1141e+03	2.110e-14	1.0000e+05	1.0701e+05	5.3662e-14	1.0849e-02	9.8915e-01	6.7306e-02	9.3249e-01	2.0322e-04	5.4051e-15	1.8372e-03	5.7224e-01	4.2588e-01	4.5637e-05	1.2246e-02	9.2404e-01	6.3710e-02	1.2970e-06	1.1755e-36	1.1755e-36	3.5785e-23	0.00e+00	0.00e+00	7.9544e-01
1.43907e+14	8.0259e+03	2.072e-14	1.0000e+05	1.0688e+05	6.8264e-14	1.1995e-02	9.8801e-01	7.6423e-02	9.2345e-01	1.2958e-04	7.0146e-15	2.0459e-03	6.0436e-01	3.9356e-01	3.6022e-05	1.3737e-02	9.3282e-01	5.3440e-02	6.4622e-07	1.1755e-36	1.1755e-36	4.7886e-23	0.00e+00	0.00e+00	1.1204e+00
1.82840e+14	7.9620e+03	2.052e-14	1.0000e+05	1.0659e+05	8.9546e-14	1.3567e-02	9.8643e-01	8.8471e-02	9.1145e-01	8.0739e-05	9.5088e-15	2.2996e-03	6.4036e-01	3.5732e-01	2.7554e-05	1.5752e-02	9.4081e-01	4.3436e-02	3.0488e-07	1.1755e-36	1.1755e-36	6.8112e-23	0.00e+00	0.00e+00	1.4200e+00
2.13534e+14	7.9380e+03	2.063e-14	1.0000e+05	1.0625e+05	1.1685e-13	1.5438e-02	9.8456e-01	1.0200e-01	8.9795e-01	5.5182e-05	1.3014e-14	2.5618e-03	6.7381e-01	3.2361e-01	2.1270e-05	1.8114e-02	9.4648e-01	3.5401e-02	1.5795e-07	1.1755e-36	1.1755e-36	9.9530e-23	0.00e+00	0.00e+00	1.6775e+00
2.38135e+14	7.9312e+03	2.088e-14	1.0000e+05	1.0591e+05	1.5142e-13	1.7557e-02	9.8244e-01	1.1694e-01	8.8302e-01	4.0448e-05	1.7767e-14	2.8228e-03	7.0436e-01	2.9281e-01	1.6523e-05	2.0770e-02	9.5026e-01	2.8973e-02	1.1755e-36	1.1755e-36	1.1755e-36	1.4628e-22	0.00e+00	0.00e+00	1.9301e+00
2.60307e+14	7.9317e+03	2.121e-14	1.0000e+05	1.0548e+05	1.9889e-13	2.0114e-02	9.7989e-01	1.3474e-01	8.6523e-01	3.0357e-05	2.4670e-14	3.0973e-03	7.3436e-01	2.6253e-01	1.2619e-05	2.3963e-02	9.5263e-01	2.3412e-02	1.1755e-36	1.1755e-36	1.1755e-36	2.2078e-22	0.00e+00	0.00e+00	2.2040e+00
2.81120e+14	7.9409e+03	2.163e-14	1.0000e+05	1.0504e+05	2.6709e-13	2.3334e-02	9.7667e-01	1.5688e-01	8.4309e-01	2.3132e-05	3.5279e-14	3.3941e-03	7.6456e-01	2.3204e-01	9.3531e-06	2.7967e-02	9.5353e-01	1.8506e-02	1.1755e-36	1.1755e-36	1.1755e-36	3.4776e-22	0.00e+00	0.00e+00	2.4996e+00
2.99867e+14	7.9551e+03	2.208e-14	1.0000e+05	1.0445e+05	3.6266e-13	2.7243e-02	9.7276e-01	1.8324e-01	8.1674e-01	1.7914e-05	5.1080e-14	3.6898e-03	7.9325e-01	2.0305e-01	6.7958e-06	3.2811e-02	9.5276e-01	1.4425e-02	1.1755e-36	1.1755e-36	1.1755e-36	5.5786e-22	0.00e+00	0.00e+00	2.7995e+00
3.16018e+14	7.9645e+03	2.258e-14	1.0000e+05	1.0388e+05	4.9639e-13	3.1841e-02	9.6816e-01	2.1342e-01	7.8657e-01	1.4232e-05	7.4351e-14	3.9763e-03	8.1923e-01	1.7679e-01	4.8917e-06	3.8490e-02	9.5031e-01	1.1198e-02	1.1755e-36	1.1755e-36	1.1755e-36	9.0447e-22	0.00e+00	0.00e+00	3.0985e+00
3.29835e+14	7.9844e+03	2.303e-14	1.0000e+05	1.0314e+05	6.6943e-13	3.7034e-02	9.6297e-01	2.4644e-01	7.5355e-01	1.1562e-05	1.0685e-13	4.2302e-03	8.4181e-01	1.5396e-01	3.5280e-06	4.4881e-02	9.4641e-01	8.7086e-03	1.1755e-36	1.1755e-36	1.1755e-36	1.4429e-21	0.00e+00	0.00e+00	3.3970e+00
3.41955e+14	7.9938e+03	2.345e-14	1.0000e+05	1.0228e+05	9.0794e-13	4.3039e-02	9.5696e-01	2.8302e-01	7.1697e-01	9.4976e-06	1.5351e-13	4.4598e-03	8.6179e-01	1.3374e-01	2.5307e-06	5.2250e-02	9.4099e-01	6.7564e-03	1.1755e-36	1.1755e-36	1.1755e-36	2.2977e-21	0.00e+00	0.00e+00	3.7088e+00
3.52913e+14	8.0203e+03	2.376e-14	1.0000e+05	1.0106e+05	1.2183e-12	4.9960e-02	9.5004e-01	3.2313e-01	6.7687e-01	7.8449e-06	2.1972e-13	4.6511e-03	8.7938e-01	1.1596e-01	1.8051e-06	6.0710e-02	9.3408e-01	5.2097e-03	1.1755e-36	1.1755e-36	1.1755e-36	3.6329e-21	0.00e+00	0.00e+00	4.0383e+00
3.62970e+14	8.0279e+03	2.409e-14	1.0000e+05	9.9836e+04	1.6800e-12	5.8391e-02	9.4161e-01	3.6834e-01	6.3165e-01	6.4655e-06	3.2164e-13	4.8301e-03	8.9544e-01	9.9730e-02	1.2621e-06	7.0973e-02	9.2506e-01	3.9647e-03	1.1755e-36	1.1755e-36	1.1755e-36	5.9066e-21	0.00e+00	0.00e+00	4.3948e+00
3.72105e+14	8.0476e+03	2.430e-14	1.0000e+05	9.8335e+04	2.3117e-12	6.8289e-02	9.3171e-01	4.1676e-01	5.8324e-01	5.3338e-06	4.7312e-13	4.9704e-03	9.0938e-01	8.5645e-02	8.7660e-07	8.2965e-02	9.1404e-01	2.9944e-03	1.1755e-36	1.1755e-36	1.1755e-36	9.6522e-21	0.00e+00	0.00e+00	4.7657e+00
3.80269e+14	8.0574e+03	2.446e-14	1.0000e+05	9.6747e+04	3.2070e-12	7.9907e-02	9.2009e-01	4.6710e-01	5.3290e-01	4.4096e-06	6.9959e-13	5.0822e-03	9.2140e-01	7.3516e-02	6.0647e-07	9.6967e-02	9.0078e-01	2.2529e-03	1.1755e-36	1.1755e-36	1.1755e-36	1.5849e-20	0.00e+00	0.00e+00	5.1555e+00
3.87644e+14	8.0646e+03	2.453e-14	1.0000e+05	9.5089e+04	4.4743e-12	9.3607e-02	9.0639e-01	5.1828e-01	4.8171e-01	3.6503e-06	1.0416e-12	5.1668e-03	9.3173e-01	6.3102e-02	4.1787e-07	1.1337e-01	8.8494e-01	1.6857e-03	1.1755e-36	1.1755e-36	1.1755e-36	2.6252e-20	0.00e+00	0.00e+00	5.5707e+00
3.94378e+14	8.0689e+03	2.444e-14	1.0000e+05	9.3099e+04	6.2752e-12	1.0965e-01	8.9035e-01	5.6891e-01	4.3109e-01	3.0194e-06	1.5545e-12	5.2105e-03	9.4052e-01	5.4264e-02	2.8768e-07	1.3245e-01	8.6630e-01	1.2549e-03	1.1755e-36	1.1755e-36	1.1755e-36	4.3615e-20	0.00e+00	0.00e+00	6.0168e+00
4.00616e+14	8.0658e+03	2.419e-14	1.0000e+05	9.0812e+04	8.9111e-12	1.2872e-01	8.7128e-01	6.1837e-01	3.8162e-01	2.4909e-06	2.3386e-12	5.2181e-03	9.4812e-01	4.6667e-02	1.9703e-07	1.5494e-01	8.4413e-01	9.2592e-04	1.1755e-36	1.1755e-36	1.1755e-36	7.3342e-20	0.00e+00	0.00e+00	6.5073e+00
4.06464e+14	8.0546e+03	2.375e-14	1.0000e+05	8.8161e+04	1.2857e-11	1.5160e-01	8.4840e-01	6.6576e-01	3.3424e-01	2.0503e-06	3.5535e-12	5.1869e-03	9.5470e-01	4.0108e-02	1.3402e-07	1.8166e-01	8.1767e-01	6.7519e-04	1.1755e-36	1.1755e-36	1.1755e-36	1.2542e-19	0.00e+00	0.00e+00	7.0492e+00
4.11930e+14	8.0390e+03	2.298e-14	1.0000e+05	8.4749e+04	1.8684e-11	1.7818e-01	8.2182e-01	7.0961e-01	2.9038e-01	1.6869e-06	5.3770e-12	5.0914e-03	9.6028e-01	3.4628e-02	1.1755e-36	2.1234e-01	7.8717e-01	4.8930e-04	1.1755e-36	1.1755e-36	1.1755e-36	2.1415e-19	0.00e+00	0.00e+00	7.6423e+00
4.17074e+14	8.0032e+03	2.202e-14	1.0000e+05	8.1197e+04	2.7822e-11	2.1029e-01	7.8971e-01	7.4941e-01	2.5059e-01	1.3966e-06	8.2411e-12	4.9728e-03	9.6523e-01	2.9799e-02	1.1755e-36	2.4892e-01	7.5074e-01	3.4942e-04	1.1755e-36	1.1755e-36	1.1755e-36	3.7565e-19	0.00e+00	0.00e+00	8.3083e+00
4.21875e+14	7.9510e+03	2.078e-14	1.0000e+05	7.7168e+04	4.2019e-11	2.4777e-01	7.5223e-01	7.8425e-01	2.1575e-01	1.1666e-06	1.2602e-11	4.8095e-03	9.6950e-01	2.5687e-02	1.1755e-36	2.9092e-01	7.0883e-01	2.4760e-04	1.1755e-36	1.1755e-36	1.1755e-36	6.6390e-19	0.00e+00	0.00e+00	9.0257e+00
4.25925e+14	7.8887e+03	1.943e-14	1.0000e+05	7.3088e+04	6.1476e-11	2.8610e-01	7.1390e-01	8.1081e-01	1.8919e-01	1.0079e-06	1.8322e-11	4.6218e-03	9.7284e-01	2.2535e-02	1.1755e-36	3.3313e-01	6.6669e-01	1.8099e-04	1.1755e-36	1.1755e-36	1.1755e-36	1.1086e-18	0.00e+00	0.00e+00	9.6605e+00
4.28940e+14	7.8270e+03	1.822e-14	1.0000e+05	6.9625e+04	8.3434e-11	3.1923e-01	6.8077e-01	8.2873e-01	1.7127e-01	9.0863e-07	2.4430e-11	4.4506e-03	9.7519e-01	2.0357e-02	1.1755e-36	3.6903e-01	6.3083e-01	1.4117e-04	1.1755e-36	1.1755e-36	1.1755e-36	1.6564e-18	0.00e+00	0.00e+00	1.0168e+01
4.31211e+14	7.7653e+03	1.721e-14	1.0000e+05	6.6861e+04	1.0678e-10	3.4735e-01	6.5265e-01	8.4142e-01	1.5858e-01	8.4064e-07	3.0581e-11	4.3103e-03	9.7693e-01	1.8765e-02	1.1755e-36	3.9909e-01	6.0079e-01	1.1574e-04	1.1755e-36	1.1755e-36	1.1755e-36	2.2751e-18	0.00e+00	0.00e+00	1.0612e+01
4.33203e+14	7.7120e+03	1.618e-14	1.0000e+05	6.4021e+04	1.3307e-10	3.7324e-01	6.2676e-01	8.5180e-01	1.4820e-01	7.8961e-07	3.7134e-11	4.1576e-03	9.7836e-01	1.7485e-02	1.1755e-36	4.2643e-01	5.7348e-01	9.6733e-05	1.1755e-36	1.1755e-36	1.1755e-36	3.0018e-18	0.00e+00	0.00e+00	1.1074e+01
4.35066e+14	7.6448e+03	1.521e-14	1.0000e+05	6.1355e+04	1.6568e-10	3.9945e-01	6.0055e-01	8.6100e-01	1.3900e-01	7.4472e-07	4.4714e-11	4.0132e-03	9.7968e-01	1.6307e-02	1.1755e-36	4.5379e-01	5.4613e-01	8.1312e-05	1.1755e-36	1.1755e-36	1.1755e-36	3.9219e-18	0.00e+00	0.00e+00	1.1519e+01
4.36762e+14	7.5778e+03	1.428e-14	1.0000e+05	5.8854e+04	2.0387e-10	4.2493e-01	5.7507e-01	8.6887e-01	1.3113e-01	7.0773e-07	5.3152e-11	3.8761e-03	9.8086e-01	1.5265e-02	1.1755e-36	4.8007e-01	5.1986e-01	6.8988e-05	1.1755e-36	1.1755e-36	1.1755e-36	5.0475e-18	0.00e+00	0.00e+00	1.1956e+01
4.38341e+14	7.5121e+03	1.336e-14	1.0000e+05	5.6339e+04	2.4793e-10	4.4932e-01	5.5068e-01	8.7557e-01	1.2443e-01	6.7897e-07	6.2194e-11	3.7339e-03	9.8191e-01	1.4356e-02	1.1755e-36	5.0496e-01	4.9499e-01	5.9039e-05	1.1755e-36	1.1755e-36	1.1755e-36	6.3583e-18	0.00e+00	0.00e+00	1.2390e+01
4.39792e+14	7.4448e+03	1.251e-14	1.0000e+05	5.3957e+04	2.9829e-10	4.7240e-01	5.2760e-01	8.8131e-01	1.1869e-01	6.5576e-07	7.1772e-11	3.5973e-03	9.8285e-01	1.3557e-02	1.1755e-36	5.2826e-01	4.7169e-01	5.1050e-05	1.1755e-36	1.1755e-36	1.1755e-36	7.8606e-18	0.00e+00	0.00e+00	1.2799e+01
4.41099e+14	7.3861e+03	1.172e-14	1.0000e+05	5.1704e+04	3.5177e-10	4.9331e-01	5.0669e-01	8.8612e-01	1.1388e-01	6.3839e-07	8.1325e-11	3.4649e-03	9.8365e-01	1.2882e-02	1.1755e-36	5.4917e-01	4.5078e-01	4.4724e-05	1.1755e-36	1.1755e-36	1.1755e-36	9.4688e-18	0.00e+00	0.00e+00	1.3186e+01
4.42291e+14	7.3127e+03	1.103e-14	1.0000e+05	4.9730e+04	4.1586e-10	5.1373e-01	4.8627e-01	8.9041e-01	1.0959e-01	6.2165e-07	9.1808e-11	3.3510e-03	9.8440e-01	1.2244e-02	1.1755e-36	5.6940e-01	4.3056e-01	3.9447e-05	1.1755e-36	1.1755e-36	1.1755e-36	1.1362e-17	0.00e+00	0.00e+00	1.3556e+01
4.43436e+14	7.2537e+03	1.033e-14	1.0000e+05	4.7679e+04	4.8393e-10	5.3285e-01	4.6715e-01	8.9411e-01	1.0589e-01	6.1062e-07	1.0235e-10	3.2280e-03	9.8509e-01	1.1687e-02	1.1755e-36	5.8819e-01	4.1177e-01	3.4951e-05	1.1755e-36	1.1755e-36	1.1755e-36	1.3393e-17	0.00e+00	0.00e+00	1.3943e+01
4.44401e+14	7.2016e+03	9.785e-15	1.0000e+05	4.6064e+04	5.4915e-10	5.4872e-01	4.5128e-01	8.9698e-01	1.0302e-01	6.0200e-07	1.1193e-10	3.1308e-03	9.8563e-01	1.1237e-02	1.1755e-36	6.0363e-01	3.9634e-01	3.1652e-05	1.1755e-36	1.1755e-36	1.1755e-36	1.5351e-17	0.00e+00	0.00e+00	1.4213e+01
4.45105e+14	7.1529e+03	9.385e-15	1.0000e+05	4.4854e+04	6.0807e-10	5.6077e-01	4.3923e-01	8.9911e-01	1.0089e-01	5.9539e-07	1.1977e-10	3.0592e-03	9.8604e-01	1.0903e-02	1.1755e-36	6.1531e-01	3.8466e-01	2.9366e-05	1.1755e-36	1.1755e-36	1.1755e-36	1.7021e-17	0.00e+00	0.00e+00	1.4436e+01
4.45750e+14	7.1100e+03	9.008e-15	1.0000e+05	4.3711e+04	6.6792e-10	5.7209e-01	4.2791e-01	9.0101e-01	9.8985e-02	5.9014e-07	1.2753e-10	2.9899e-03	9.8641e-01	1.0600e-02	1.1755e-36	6.2620e-01	3.7377e-01	2.7346e-05	1.1755e-36	1.1755e-36	1.1755e-36	1.8741e-17	0.00e+00	0.00e+00	1.4675e+01
4.46448e+14	7.0560e+03	8.608e-15	1.0000e+05	4.2486e+04	7.4410e-10	5.8463e-01	4.1537e-01	9.0311e-01	9.6893e-02	5.8385e-07	1.3673e-10	2.9169e-03	9.8682e-01	1.0267e-02	1.1755e-36	6.3825e-01	3.6173e-01	2.5271e-05	1.1755e-36	1.1755e-36	1.1755e-36	2.0859e-17	0.00e+00	0.00e+00	1.4945e+01
4.47180e+14	7.0063e+03	8.194e-15	1.0000e+05	4.1192e+04	8.2794e-10	5.9731e-01	4.0269e-01	9.0508e-01	9.4922e-02	5.7944e-07	1.4650e-10	2.8378e-03	9.8722e-01	9.9414e-03	1.1755e-36	6.5034e-01	3.4964e-01	2.3295e-05	1.1755e-36	1.1755e-36	1.1755e-36	2.3208e-17	0.00e+00	0.00e+00	1.5221e+01
4.47904e+14	6.9562e+03	7.794e-15	1.0000e+05	3.9923e+04	9.2068e-10	6.0979e-01	3.9021e-01	9.0694e-01	9.3056e-02	5.7571e-07	1.5672e-10	2.7598e-03	9.8761e-01	9.6277e-03	1.1755e-36	6.6217e-01	3.3781e-01	2.1486e-05	1.1755e-36	1.1755e-36	1.1755e-36	2.5775e-17	0.00e+00	0.00e+00	1.5497e+01
4.48615e+14	6.9035e+03	7.410e-15	1.0000e+05	3.8679e+04	1.0248e-09	6.2203e-01	3.7797e-01	9.0871e-01	9.1289e-02	5.7254e-07	1.6739e-10	2.6832e-03	9.8799e-01	9.3260e-03	1.1755e-36	6.7372e-01	3.2626e-01	1.9836e-05	1.1755e-36	1.1755e-36	1.1755e-36	2.8559e-17	0.00e+00	0.00e+00	1.5774e+01
4.49316e+14	6.8468e+03	7.039e-15	1.0000e+05	3.7440e+04	1.1434e-09	6.3405e-01	3.6595e-01	9.1039e-01	8.9610e-02	5.7004e-07	1.7847e-10	2.6065e-03	9.8836e-01	9.0358e-03	1.1755e-36	6.8500e-01	3.1498e-01	1.8326e-05	1.1755e-36	1.1755e-36	1.1755e-36	3.1561e-17	0.00e+00	0.00e+00	1.6053e+01
4.50013e+14	6.7906e+03	6.681e-15	1.0000e+05	3.6246e+04	1.2754e-09	6.4605e-01	3.5395e-01	9.1202e-01	8.7981e-02	5.6762e-07	1.9036e-10	2.5327e-03	9.8872e-01	8.7494e-03	1.1755e-36	6.9620e-01	3.0378e-01	1.6919e-05	1.1755e-36	1.1755e-36	1.1755e-36	3.4930e-17	0.00e+00	0.00e+00	1.6337e+01
4.50704e+14	6.7350e+03	6.335e-15	1.0000e+05	3.5059e+04	1.4208e-09	6.5769e-01	3.4231e-01	9.1353e-01	8.6469e-02	5.6632e-07	2.0250e-10	2.4584e-03	9.8906e-01	8.4770e-03	1.1755e-36	7.0701e-01	2.9297e-01	1.5634e-05	1.1755e-36	1.1755e-36	1.1755e-36	3.8509e-17	0.00e+00	0.00e+00	1.6622e+01
4.51390e+14	6.6786e+03	6.001e-15	1.0000e+05	3.3895e+04	1.5836e-09	6.6917e-01	3.3083e-01	9.1498e-01	8.5019e-02	5.6547e-07	2.1525e-10	2.3853e-03	9.8940e-01	8.2122e-03	1.1755e-36	7.1762e-01	2.8237e-01	1.4446e-05	1.1755e-36	1.1755e-36	1.1755e-36	4.2425e-17	0.00e+00	0.00e+00	1.6912e+01
4.52074e+14	6.6216e+03	5.677e-15	1.0000e+05	3.2738e+04	1.7655e-09	6.8042e-01	3.1958e-01	9.1635e-01	8.3647e-02	5.6542e-07	2.2844e-10	2.3119e-03	9.8973e-01	7.9567e-03	1.1755e-36	7.2796e-01	2.7202e-01	1.3349e-05	1.1755e-36	1.1755e-36	1.1755e-36	4.6637e-17	0.00e+00	0.00e+00	1.7206e+01
4.52759e+14	6.5602e+03	5.367e-15	1.0000e+05	3.1621e+04	1.9772e-09	6.9176e-01	3.0824e-01	9.1773e-01	8.2272e-02	5.6492e-07	2.4281e-10	2.2417e-03	9.9006e-01	7.7013e-03	1.1755e-36	7.3832e-01	2.6166e-01	1.2321e-05	1.1755e-36	1.1755e-36	1.1755e-36	5.1431e-17	0.00e+00	0.00e+00	1.7504e+01
4.53434e+14	6.4983e+03	5.070e-15	1.0000e+05	3.0516e+04	2.2131e-09	7.0263e-01	2.9737e-01	9.1899e-01	8.1011e-02	5.6552e-07	2.5729e-10	2.1715e-03	9.9037e-01	7.4600e-03	1.1755e-36	7.4822e-01	2.5177e-01	1.1390e-05	1.1755e-36	1.1755e-36	1.1755e-36	5.6446e-17	0.00e+00	0.00e+00	1.7801e+01
4.54100e+14	6.4368e+03	4.789e-15	1.0000e+05	2.9443e+04	2.4750e-09	7.1317e-01	2.8683e-01	9.2018e-01	7.9821e-02	5.6668e-07	2.7220e-10	2.1030e-03	9.9067e-01	7.2284e-03	1.1755e-36	7.5778e-01	2.4221e-01	1.0537e-05	1.1755e-36	1.1755e-36	1.1755e-36	6.1825e-17	0.00e+00	0.00e+00	1.8100e+01
4.54767e+14	6.3745e+03	4.517e-15	1.0000e+05	2.8390e+04	2.7710e-09	7.2357e-01	2.7643e-01	9.2133e-01	7.8672e-02	5.6824e-07	2.8784e-10	2.0354e-03	9.9096e-01	7.0023e-03	1.1755e-36	7.6715e-01	2.3284e-01	9.7426e-06	1.1755e-36	1.1755e-36	1.1755e-36	6.7706e-17	0.00e+00	0.00e+00	1.8405e+01
4.55435e+14	6.3120e+03	4.257e-15	1.0000e+05	2.7358e+04	3.1043e-09	7.3377e-01	2.6623e-01	9.2243e-01	7.7571e-02	5.7028e-07	3.0417e-10	1.9688e-03	9.9125e-01	6.7822e-03	1.1755e-36	7.7631e-01	2.2368e-01	9.0051e-06	1.1755e-36	1.1755e-36	1.1755e-36	7.4117e-17	0.00e+00	0.00e+00	1.8714e+01
4.56100e+14	6.2477e+03	4.008e-15	1.0000e+05	2.6345e+04	3.4838e-09	7.4371e-01	2.5629e-01	9.2348e-01	7.6521e-02	5.7285e-07	3.2106e-10	1.9029e-03	9.9153e-01	6.5698e-03	1.1755e-36	7.8520e-01	2.1479e-01	8.3262e-06	1.1755e-36	1.1755e-36	1.1755e-36	8.1026e-17	0.00e+00	0.00e+00	1.9026e+01
4.56762e+14	6.1782e+03	3.773e-15	1.0000e+05	2.5371e+04	3.9317e-09	7.5358e-01	2.4642e-01	9.2453e-01	7.5465e-02	5.7490e-07	3.3922e-10	1.8403e-03	9.9180e-01	6.3600e-03	1.1755e-36	7.9398e-01	2.0601e-01	7.6946e-06	1.1755e-36	1.1755e-36	1.1755e-36	8.8793e-17	0.00e+00	0.00e+00	1.9340e+01
4.57415e+14	6.1137e+03	3.550e-15	1.0000e+05	2.4421e+04	4.4118e-09	7.6287e-01	2.3713e-01	9.2547e-01	7.4532e-02	5.7843e-07	3.5708e-10	1.7782e-03	9.9206e-01	6.1639e-03	1.1755e-36	8.0222e-01	1.9777e-01	7.1234e-06	1.1755e-36	1.1755e-36	1.1755e-36	9.6769e-17	0.00e+00	0.00e+00	1.9651e+01
4.58065e+14	6.0493e+03	3.339e-15	1.0000e+05	2.3502e+04	4.9534e-09	7.7198e-01	2.2802e-01	9.2638e-01	7.3620e-02	5.8210e-07	3.7588e-10	1.7178e-03	9.9231e-01	5.9728e-03	1.1755e-36	8.1026e-01	1.8973e-01	6.5922e-06	1.1755e-36	1.1755e-36	1.1755e-36	1.0557e-16	0.00e+00	0.00e+00	1.9970e+01
4.58720e+14	5.9731e+03	3.136e-15	1.0000e+05	2.2590e+04	5.6357e-09	7.8112e-01	2.1888e-01	9.2732e-01	7.2683e-02	5.8533e-07	3.9628e-10	1.6581e-03	9.9256e-01	5.7836e-03	1.1755e-36	8.1828e-01	1.8172e-01	6.0960e-06	1.1755e-36	1.1755e-36	1.1755e-36	1.1555e-16	0.00e+00	0.00e+00	2.0294e+01
4.59369e+14	5.9092e+03	2.947e-15	1.0000e+05	2.1722e+04	6.3285e-09	7.8963e-01	2.1037e-01	9.2813e-01	7.1865e-02	5.9006e-07	4.1625e-10	1.6007e-03	9.9279e-01	5.6059e-03	1.1755e-36	8.2575e-01	1.7425e-01	5.6437e-06	1.1755e-36	1.1755e-36	1.1755e-36	1.2585e-16	0.00e+00	0.00e+00	2.0613e+01
4.60009e+14	5.8441e+03	2.768e-15	1.0000e+05	2.0889e+04	7.1184e-09	7.9792e-01	2.0208e-01	9.2894e-01	7.1061e-02	5.9472e-07	4.3727e-10	1.5453e-03	9.9302e-01	5.4343e-03	1.1755e-36	8.3298e-01	1.6702e-01	5.2274e-06	1.1755e-36	1.1755e-36	1.1755e-36	1.3726e-16	0.00e+00	0.00e+00	2.0936e+01
4.60651e+14	5.7801e+03	2.598e-15	1.0000e+05	2.0062e+04	7.9985e-09	8.0584e-01	1.9416e-01	9.2966e-01	7.0340e-02	6.0079e-07	4.5828e-10	1.4899e-03	9.9324e-01	5.2711e-03	1.1755e-36	8.3985e-01	1.6014e-01	4.8449e-06	1.1755e-36	1.1755e-36	1.1755e-36	1.4923e-16	0.00e+00	0.00e+00	2.1263e+01
4.61284e+14	5.7134e+03	2.440e-15	1.0000e+05	1.9279e+04	9.0149e-09	8.1349e-01	1.8651e-01	9.3037e-01	6.9626e-02	6.0644e-07	4.8041e-10	1.4374e-03	9.9345e-01	5.1136e-03	1.1755e-36	8.4649e-01	1.5351e-01	4.4941e-06	1.1755e-36	1.1755e-36	1.1755e-36	1.6253e-16	0.00e+00	0.00e+00	2.1583e+01
4.61903e+14	5.6397e+03	2.294e-15	1.0000e+05	1.8547e+04	1.0250e-08	8.2104e-01	1.7896e-01	9.3115e-01	6.8851e-02	6.1045e-07	5.0506e-10	1.3888e-03	9.9365e-01	4.9596e-03	1.1755e-36	8.5300e-01	1.4699e-01	4.1705e-06	1.1755e-36	1.1755e-36	1.1755e-36	1.7826e-16	0.00e+00	0.00e+00	2.1902e+01
4.62465e+14	5.5751e+03	2.171e-15	1.0000e+05	1.7895e+04	1.1474e-08	8.2735e-01	1.7265e-01	9.3172e-01	6.8278e-02	6.1586e-07	5.2627e-10	1.3448e-03	9.9382e-01	4.8311e-03	1.1755e-36	8.5844e-01	1.4156e-01	3.9078e-06	1.1755e-36	1.1755e-36	1.1755e-36	1.9257e-16	0.00e+00	0.00e+00	2.2168e+01
4.62959e+14	5.5190e+03	2.067e-15	1.0000e+05	1.7342e+04	1.2683e-08	8.3291e-01	1.6709e-01	9.3226e-01	6.7735e-02	6.2009e-07	5.4694e-10	1.3079e-03	9.9397e-01	4.7174e-03	1.1755e-36	8.6322e-01	1.3678e-01	3.6841e-06	1.1755e-36	1.1755e-36	1.1755e-36	2.0728e-16	0.00e+00	0.00e+00	2.2419e+01
4.63449e+14	5.4637e+03	1.966e-15	1.0000e+05	1.6796e+04	1.4018e-08	8.3832e-01	1.6168e-01	9.3278e-01	6.7223e-02	6.2495e-07	5.6828e-10	1.2710e-03	9.9412e-01	4.6074e-03	1.1755e-36	8.6785e-01	1.3214e-01	3.4728e-06	1.1755e-36	1.1755e-36	1.1755e-36	2.2326e-16	0.00e+00	0.00e+00	2.2685e+01
4.63963e+14	5.4057e+03	1.865e-15	1.0000e+05	1.6238e+04	1.5584e-08	8.4386e-01	1.5614e-01	9.3330e-01	6.6696e-02	6.3023e-07	5.9192e-10	1.2331e-03	9.9427e-01	4.4956e-03	1.1755e-36	8.7257e-01	1.2743e-01	3.2647e-06	1.1755e-36	1.1755e-36	1.1755e-36	2.4196e-16	0.00e+00	0.00e+00	2.2965e+01
4.64488e+14	5.3428e+03	1.767e-15	1.0000e+05	1.5679e+04	1.7443e-08	8.4930e-01	1.5070e-01	9.3381e-01	6.6190e-02	6.3595e-07	6.1709e-10	1.1950e-03	9.9442e-01	4.3857e-03	1.1755e-36	8.7721e-01	1.2278e-01	3.0666e-06	1.1755e-36	1.1755e-36	1.1755e-36	2.6312e-16	0.00e+00	0.00e+00	2.3246e+01
4.64995e+14	5.2824e+03	1.679e-15	1.0000e+05	1.5176e+04	1.9474e-08	8.5451e-01	1.4549e-01	9.3435e-01	6.5652e-02	6.4025e-07	6.4451e-10	1.1611e-03	9.9456e-01	4.2803e-03	1.1755e-36	8.8165e-01	1.1835e-01	2.8852e-06	1.1755e-36	1.1755e-36	1.1755e-36	2.8758e-16	0.00e+00	0.00e+00	2.3511e+01
4.65477e+14	5.2273e+03	1.598e-15	1.0000e+05	1.4696e+04	2.1563e-08	8.5918e-01	1.4082e-01	9.3478e-01	6.5222e-02	6.4595e-07	6.7036e-10	1.1282e-03	9.9469e-01	4.1859e-03	1.1755e-36	8.8560e-01	1.1439e-01	2.7255e-06	1.1755e-36	1.1755e-36	1.1755e-36	3.1212e-16	0.00e+00	0.00e+00	2.3767e+01
4.65956e+14	5.1719e+03	1.521e-15	1.0000e+05	1.4232e+04	2.3912e-08	8.6378e-01	1.3622e-01	9.3522e-01	6.4776e-02	6.5136e-07	6.9868e-10	1.0965e-03	9.9481e-01	4.0929e-03	1.1755e-36	8.8950e-01	1.1049e-01	2.5729e-06	1.1755e-36	1.1755e-36	1.1755e-36	3.4061e-16	0.00e+00	0.00e+00	2.4032e+01
4.66446e+14	5.1134e+03	1.445e-15	1.0000e+05	1.3756e+04	2.6655e-08	8.6827e-01	1.3173e-01	9.3562e-01	6.4379e-02	6.5809e-07	7.2873e-10	1.0637e-03	9.9493e-01	4.0030e-03	1.1755e-36	8.9330e-01	1.0670e-01	2.4281e-06	1.1755e-36	1.1755e-36	1.1755e-36	3.7292e-16	0.00e+00	0.00e+00	2.4304e+01
4.66935e+14	5.0540e+03	1.375e-15	1.0000e+05	1.3314e+04	2.9788e-08	8.7273e-01	1.2727e-01	9.3607e-01	6.3925e-02	6.6328e-07	7.6315e-10	1.0333e-03	9.9505e-01	3.9137e-03	1.1755e-36	8.9705e-01	1.0294e-01	2.2904e-06	1.1755e-36	1.1755e-36	1.1755e-36	4.1221e-16	0.00e+00	0.00e+00	2.4569e+01
4.67404e+14	4.9961e+03	1.310e-15	1.0000e+05	1.2910e+04	3.3225e-08	8.7696e-01	1.2304e-01	9.3654e-01	6.3461e-02	6.6752e-07	8.0047e-10	1.0058e-03	9.9517e-01	3.8284e-03	1.1755e-36	9.0060e-01	9.9394e-02	2.1648e-06	1.1755e-36	1.1755e-36	1.1755e-36	4.5743e-16	0.00e+00	0.00e+00	2.4822e+01
4.67854e+14	4.9414e+03	1.251e-15	1.0000e+05	1.2520e+04	3.6823e-08	8.8077e-01	1.1923e-01	9.3691e-01	6.3086e-02	6.7307e-07	8.3786e-10	9.7894e-04	9.9528e-01	3.7387e-03	1.1755e-36	9.0381e-01	9.6185e-02	2.0525e-06	1.1755e-36	1.1755e-36	1.1755e-36	5.0279e-16	0.00e+00	0.00e+00	2.5068e+01
4.68302e+14	4.8859e+03	1.194e-15	1.0000e+05	1.2142e+04	4.0914e-08	8.8454e-01	1.1546e-01	9.3730e-01	6.2696e-02	6.7827e-07	8.7892e-10	9.5294e-04	9.9540e-01	3.6500e-03	1.1755e-36	9.0697e-01	9.3031e-02	1.9455e-06	1.1755e-36	1.1755e-36	1.1755e-36	5.5580e-16	0.00e+00	0.00e+00	2.5321e+01
4.68754e+14	4.8301e+03	1.140e-15	1.0000e+05	1.1764e+04	4.5494e-08	8.8812e-01	1.1188e-01	9.3765e-01	6.2346e-02	6.8446e-07	9.2159e-10	9.2662e-04	9.9551e-01	3.5635e-03	1.1755e-36	9.1000e-01	8.9996e-02	1.8436e-06	1.1755e-36	1.1755e-36	1.1755e-36	6.1461e-16	0.00e+00	0.00e+00	2.5575e+01
4.69205e+14	4.7774e+03	1.088e-15	1.0000e+05	1.1406e+04	5.0427e-08	8.9168e-01	1.0832e-01	9.3801e-01	6.1989e-02	6.9035e-07	9.6779e-10	9.0181e-04	9.9562e-01	3.4796e-03	1.1755e-36	9.1294e-01	8.7059e-02	1.7481e-06	1.1755e-36	1.1755e-36	1.1755e-36	6.8247e-16	0.00e+00	0.00e+00	2.5828e+01
4.69660e+14	4.7222e+03	1.037e-15	1.0000e+05	1.1049e+04	5.6151e-08	8.9513e-01	1.0487e-01	9.3836e-01	6.1642e-02	6.9657e-07	1.0181e-09	8.7700e-04	9.9573e-01	3.3966e-03	1.1755e-36	9.1582e-01	8.4181e-02	1.6566e-06	1.1755e-36	1.1755e-36	1.1755e-36	7.6156e-16	0.00e+00	0.00e+00	2.6088e+01
4.70115e+14	4.6608e+03	9.902e-16	1.0000e+05	1.0716e+04	6.3211e-08	8.9865e-01	1.0135e-01	9.3880e-01	6.1199e-02	7.0032e-07	1.0787e-09	8.5428e-04	9.9583e-01	3.3116e-03	1.1755e-36	9.1875e-01	8.1249e-02	1.5681e-06	1.1755e-36	1.1755e-36	1.1755e-36	8.6360e-16	0.00e+00	0.00e+00	2.6344e+01
4.70543e+14	4.6088e+03	9.484e-16	1.0000e+05	1.0399e+04	6.9979e-08	9.0161e-01	9.8394e-02	9.3908e-01	6.0920e-02	7.0682e-07	1.1326e-09	8.3208e-04	9.9593e-01	3.2391e-03	1.1755e-36	9.2121e-01	7.8788e-02	1.4931e-06	1.1755e-36	1.1755e-36	1.1755e-36	9.6171e-16	0.00e+00	0.00e+00	2.6574e+01
4.70953e+14	4.5576e+03	9.091e-16	1.0000e+05	1.0105e+04	7.7437e-08	9.0450e-01	9.5503e-02	9.3940e-01	6.0602e-02	7.1213e-07	1.1916e-09	8.1159e-04	9.9602e-01	3.1681e-03	1.1755e-36	9.2361e-01	7.6387e-02	1.4221e-06	1.1755e-36	1.1755e-36	1.1755e-36	1.0760e-15	0.00e+00	0.00e+00	2.6812e+01
4.71379e+14	4.4993e+03	8.704e-16	1.0000e+05	9.8144e+03	8.6827e-08	9.0754e-01	9.2460e-02	9.3980e-01	6.0202e-02	7.1580e-07	1.2638e-09	7.9174e-04	9.9611e-01	3.0934e-03	1.1755e-36	9.2613e-01	7.3866e-02	1.3508e-06	1.1755e-36	1.1755e-36	1.1755e-36	1.2261e-15	0.00e+00	0.00e+00	2.7060e+01
4.71796e+14	4.4487e+03	8.345e-16	1.0000e+05	9.5298e+03	9.6016e-08	9.1020e-01	8.9796e-02	9.4007e-01	5.9933e-02	7.2214e-07	1.3311e-09	7.7172e-04	9.9620e-01	3.0266e-03	1.1755e-36	9.2834e-01	7.1656e-02	1.2875e-06	1.1755e-36	1.1755e-36	1.1755e-36	1.3767e-15	0.00e+00	0.00e+00	2.7291e+01
4.72206e+14	4.3930e+03	8.004e-16	1.0000e+05	9.2648e+03	1.0722e-07	9.1297e-01	8.7032e-02	9.4044e-01	5.9558e-02	7.2576e-07	1.4124e-09	7.5356e-04	9.9629e-01	2.9578e-03	1.1755e-36	9.3063e-01	6.9372e-02	1.2255e-06	1.1755e-36	1.1755e-36	1.1755e-36	1.5716e-15	0.00e+00	0.00e+00	2.7532e+01
4.72615e+14	4.3433e+03	7.680e-16	1.0000e+05	8.9992e+03	1.1841e-07	9.1545e-01	8.4551e-02	9.4070e-01	5.9299e-02	7.3205e-07	1.4901e-09	7.3484e-04	9.9637e-01	2.8947e-03	1.1755e-36	9.3268e-01	6.7320e-02	1.1690e-06	1.1755e-36	1.1755e-36	1.1755e-36	1.7724e-15	0.00e+00	0.00e+00	2.7764e+01
4.73028e+14	4.2866e+03	7.365e-16	1.0000e+05	8.7475e+03	1.3248e-07	9.1809e-01	8.1905e-02	9.4108e-01	5.8917e-02	7.3540e-07	1.5870e-09	7.1760e-04	9.9645e-01	2.8280e-03	1.1755e-36	9.3486e-01	6.5141e-02	1.1122e-06	1.1755e-36	1.1755e-36	1.1755e-36	2.0407e-15	0.00e+00	0.00e+00	2.8010e+01
4.73440e+14	4.2370e+03	7.069e-16	1.0000e+05	8.4947e+03	1.4620e-07	9.2043e-01	7.9571e-02	9.4133e-01	5.8670e-02	7.4190e-07	1.6777e-09	6.9972e-04	9.9653e-01	2.7677e-03	1.1755e-36	9.3679e-01	6.3213e-02	1.0611e-06	1.1755e-36	1.1755e-36	1.1755e-36	2.3118e-15	0.00e+00	0.00e+00	2.8242e+01
4.73852e+14	4.1794e+03	6.780e-16	1.0000e+05	8.2569e+03	1.6368e-07	9.2294e-01	7.7058e-02	9.4171e-01	5.8284e-02	7.4491e-07	1.7922e-09	6.8350e-04	9.9661e-01	2.7036e-03	1.1755e-36	9.3885e-01	6.1148e-02	1.0095e-06	1.1755e-36	1.1755e-36	1.1755e-36	2.6796e-15	0.00e+00	0.00e+00	2.8490e+01
4.74264e+14	4.1260e+03	6.510e-16	1.0000e+05	8.0229e+03	1.8163e-07	9.2523e-01	7.4769e-02	9.4202e-01	5.7981e-02	7.4971e-07	1.9058e-09	6.6723e-04	9.9669e-01	2.6440e-03	1.1755e-36	9.4073e-01	5.9265e-02	9.6249e-07	1.1755e-36	1.1755e-36	1.1755e-36	3.0743e-15	0.00e+00	0.00e+00	2.8722e+01
4.74665e+14	4.0735e+03	6.255e-16	1.0000e+05	7.8005e+03	2.0094e-07	9.2743e-01	7.2572e-02	9.4233e-01	5.7674e-02	7.5414e-07	2.0258e-09	6.5178e-04	9.9676e-01	2.5866e-03	1.1755e-36	9.4254e-01	5.7460e-02	9.1830e-07	1.1755e-36	1.1755e-36	1.1755e-36	3.5226e-15	0.00e+00	0.00e+00	2.8959e+01
4.75076e+14	4.0194e+03	6.004e-16	1.0000e+05	7.5783e+03	2.2260e-07	9.2963e-01	7.0371e-02	9.4264e-01	5.7356e-02	7.5854e-07	2.1577e-09	6.3635e-04	9.9684e-01	2.5286e-03	1.1755e-36	9.4434e-01	5.5655e-02	8.7491e-07	1.1755e-36	1.1755e-36	1.1755e-36	4.0527e-15	0.00e+00	0.00e+00	2.9205e+01
4.75502e+14	3.9635e+03	5.757e-16	1.0000e+05	7.3555e+03	2.4687e-07	9.3183e-01	6.8167e-02	9.4297e-01	5.7029e-02	7.6300e-07	2.3023e-09	6.2090e-04	9.9691e-01	2.4701e-03	1.1755e-36	9.4615e-01	5.3849e-02	8.3235e-07	1.1755e-36	1.1755e-36	1.1755e-36	4.6785e-15	0.00e+00	0.00e+00	2.9458e+01
###########################
5.34139e+10	8.7171e+03	2.593e-14	1.0000e+05	1.0725e+05	3.6516e-14	1.0301e-02	9.8970e-01	5.4139e-02	9.4532e-01	5.4554e-04	4.3288e-15	1.5754e-03	5.1253e-01	4.8582e-01	7.1825e-05	1.1204e-02	9.0422e-01	8.4565e-02	6.0765e-06	1.1755e-36	1.1755e-36	3.2025e-23	0.00e+00	0.00e+00	6.9491e-04
3.20483e+11	8.7123e+03	2.589e-14	1.0000e+05	1.0718e+05	3.6453e-14	1.0288e-02	9.8971e-01	5.4129e-02	9.4533e-01	5.4522e-04	4.3037e-15	1.5707e-03	5.1251e-01	4.8585e-01	7.1956e-05	1.1189e-02	9.0417e-01	8.4637e-02	6.0596e-06	1.1755e-36	1.1755e-36	3.1696e-23	0.00e+00	0.00e+00	3.4710e-03
1.38876e+12	8.7010e+03	2.580e-14	1.0000e+05	1.0716e+05	3.6568e-14	1.0278e-02	9.8972e-01	5.4233e-02	9.4523e-01	5.4123e-04	4.3051e-15	1.5698e-03	5.1307e-01	4.8529e-01	7.1623e-05	1.1182e-02	9.0432e-01	8.4496e-02	5.9664e-06	1.1755e-36	1.1755e-36	3.1646e-23	0.00e+00	0.00e+00	1.4564e-02
5.66187e+12	8.6808e+03	2.553e-14	1.0000e+05	1.0715e+05	3.6947e-14	1.0286e-02	9.8971e-01	5.4736e-02	9.4474e-01	5.2184e-04	4.3404e-15	1.5788e-03	5.1565e-01	4.8270e-01	7.0265e-05	1.1210e-02	9.0521e-01	8.3576e-02	5.5667e-06	1.1755e-36	1.1755e-36	3.1726e-23	0.00e+00	0.00e+00	5.8974e-02
1.35244e+13	8.5868e+03	2.464e-14	1.0000e+05	1.0717e+05	3.6711e-14	1.0041e-02	9.8996e-01	5.4947e-02	9.4455e-01	5.0658e-04	4.1422e-15	1.5644e-03	5.1743e-01	4.8093e-01	6.9619e-05	1.0958e-02	9.0543e-01	8.3606e-02	5.2078e-06	1.1755e-36	1.1755e-36	2.9240e-23	0.00e+00	0.00e+00	1.1533e-01
2.37457e+13	8.4941e+03	2.383e-14	1.0000e+05	1.0718e+05	3.7274e-14	9.9105e-03	9.9009e-01	5.5607e-02	9.4392e-01	4.7353e-04	4.0588e-15	1.5694e-03	5.2124e-01	4.7712e-01	6.7667e-05	1.0848e-02	9.0661e-01	8.2536e-02	4.6376e-06	1.1755e-36	1.1755e-36	2.7840e-23	0.00e+00	0.00e+00	1.8764e-01
3.70333e+13	8.3994e+03	2.306e-14	1.0000e+05	1.0717e+05	3.8646e-14	9.8788e-03	9.9012e-01	5.6816e-02	9.4276e-01	4.2394e-04	4.0762e-15	1.5902e-03	5.2747e-01	4.7088e-01	6.4418e-05	1.0862e-02	9.0881e-01	8.0329e-02	3.8964e-06	1.1755e-36	1.1755e-36	2.7285e-23	0.00e+00	0.00e+00	2.8135e-01
5.43073e+13	8.3028e+03	2.233e-14	1.0000e+05	1.0715e+05	4.1128e-14	9.9729e-03	9.9003e-01	5.8805e-02	9.4084e-01	3.5907e-04	4.2245e-15	1.6325e-03	5.3699e-01	4.6131e-01	5.9733e-05	1.1035e-02	9.1224e-01	7.6725e-02	3.0336e-06	1.1755e-36	1.1755e-36	2.7733e-23	0.00e+00	0.00e+00	4.0433e-01
7.67635e+13	8.2061e+03	2.166e-14	1.0000e+05	1.0710e+05	4.5406e-14	1.0254e-02	9.8975e-01	6.2017e-02	9.3770e-01	2.8297e-04	4.5829e-15	1.7070e-03	5.5127e-01	4.4697e-01	5.3475e-05	1.1443e-02	9.1720e-01	7.1352e-02	2.1308e-06	1.1755e-36	1.1755e-36	2.9763e-23	0.00e+00	0.00e+00	5.6870e-01
1.05956e+14	8.1123e+03	2.109e-14	1.0000e+05	1.0701e+05	5.2949e-14	1.0840e-02	9.8916e-01	6.7286e-02	9.3251e-01	2.0320e-04	5.3286e-15	1.8319e-03	5.7258e-01	4.2554e-01	4.5560e-05	1.2236e-02	9.2400e-01	6.3759e-02	1.2988e-06	1.1755e-36	1.1755e-36	3.4753e-23	0.00e+00	0.00e+00	7.9460e-01
1.43907e+14	8.0231e+03	2.071e-14	1.0000e+05	1.0688e+05	6.7550e-14	1.1986e-02	9.8801e-01	7.6408e-02	9.2346e-01	1.2955e-04	6.9329e-15	2.0419e-03	6.0479e-01	3.9313e-01	3.5946e-05	1.3727e-02	9.3281e-01	5.3462e-02	6.4682e-07	1.1755e-36	1.1755e-36	4.6721e-23	0.00e+00	0.00e+00	1.1193e+00
1.82805e+14	7.9586e+03	2.049e-14	1.0000e+05	1.0654e+05	8.8912e-14	1.3551e-02	9.8645e-01	8.8366e-02	9.1155e-01	8.0694e-05	9.4214e-15	2.2985e-03	6.4071e-01	3.5696e-01	2.7513e-05	1.5733e-02	9.4079e-01	4.3472e-02	3.0557e-07	1.1755e-36	1.1755e-36	6.6850e-23	0.00e+00	0.00e+00	1.4179e+00
2.13483e+14	7.9338e+03	2.061e-14	1.0000e+05	1.0625e+05	1.1674e-13	1.5425e-02	9.8458e-01	1.0194e-01	8.9801e-01	5.5186e-05	1.2981e-14	2.5647e-03	6.7427e-01	3.2314e-01	2.1223e-05	1.8100e-02	9.4648e-01	3.5422e-02	1.5823e-07	1.1755e-36	1.1755e-36	9.8928e-23	0.00e+00	0.00e+00	1.6757e+00
2.38070e+14	7.9266e+03	2.086e-14	1.0000e+05	1.0591e+05	1.5203e-13	1.7542e-02	9.8246e-01	1.1686e-01	8.8310e-01	4.0466e-05	1.7810e-14	2.8286e-03	7.0485e-01	2.9231e-01	1.6484e-05	2.0754e-02	9.5025e-01	2.8995e-02	1.1755e-36	1.1755e-36	1.1755e-36	1.4686e-22	0.00e+00	0.00e+00	1.9273e+00
2.60170e+14	7.9265e+03	2.119e-14	1.0000e+05	1.0548e+05	2.0049e-13	2.0089e-02	9.7991e-01	1.3459e-01	8.6538e-01	3.0400e-05	2.4822e-14	3.1057e-03	7.3479e-01	2.6209e-01	1.2597e-05	2.3934e-02	9.5262e-01	2.3447e-02	1.1755e-36	1.1755e-36	1.1755e-36	2.2347e-22	0.00e+00	0.00e+00	2.1999e+00
2.80936e+14	7.9323e+03	2.159e-14	1.0000e+05	1.0497e+05	2.7053e-13	2.3289e-02	9.7671e-01	1.5656e-01	8.4342e-01	2.3114e-05	3.5571e-14	3.4028e-03	7.6488e-01	2.3171e-01	9.3471e-06	2.7913e-02	9.5353e-01	1.8556e-02	1.1755e-36	1.1755e-36	1.1755e-36	3.5383e-22	0.00e+00	0.00e+00	2.4946e+00
2.99728e+14	7.9435e+03	2.206e-14	1.0000e+05	1.0440e+05	3.7021e-13	2.7207e-02	9.7279e-01	1.8296e-01	8.1703e-01	1.7900e-05	5.1856e-14	3.7046e-03	7.9366e-01	2.0263e-01	6.7832e-06	3.2769e-02	9.5277e-01	1.4460e-02	1.1755e-36	1.1755e-36	1.1755e-36	5.7480e-22	0.00e+00	0.00e+00	2.7960e+00
3.15942e+14	7.9582e+03	2.253e-14	1.0000e+05	1.0375e+05	5.0625e-13	3.1780e-02	9.6822e-01	2.1298e-01	7.8700e-01	1.4221e-05	7.5548e-14	3.9909e-03	8.1959e-01	1.7642e-01	4.8855e-06	3.8417e-02	9.5036e-01	1.1226e-02	1.1755e-36	1.1755e-36	1.1755e-36	9.3509e-22	0.00e+00	0.00e+00	3.0947e+00
3.29811e+14	7.9777e+03	2.299e-14	1.0000e+05	1.0310e+05	6.8724e-13	3.7012e-02	9.6299e-01	2.4620e-01	7.5379e-01	1.1553e-05	1.0945e-13	4.2539e-03	8.4237e-01	1.5338e-01	3.5127e-06	4.4857e-02	9.4642e-01	8.7179e-03	1.1755e-36	1.1755e-36	1.1755e-36	1.5130e-21	0.00e+00	0.00e+00	3.3951e+00
3.41942e+14	7.9882e+03	2.342e-14	1.0000e+05	1.0227e+05	9.3550e-13	4.3040e-02	9.5696e-01	2.8282e-01	7.1717e-01	9.4945e-06	1.5801e-13	4.4898e-03	8.6240e-01	1.3311e-01	2.5160e-06	5.2253e-02	9.4099e-01	6.7599e-03	1.1755e-36	1.1755e-36	1.1755e-36	2.4312e-21	0.00e+00	0.00e+00	3.7052e+00
3.52821e+14	8.0099e+03	2.374e-14	1.0000e+05	1.0107e+05	1.2624e-12	4.9945e-02	9.5006e-01	3.2270e-01	6.7729e-01	7.8518e-06	2.2687e-13	4.6872e-03	8.7991e-01	1.1540e-01	1.7960e-06	6.0694e-02	9.3409e-01	5.2206e-03	1.1755e-36	1.1755e-36	1.1755e-36	3.8705e-21	0.00e+00	0.00e+00	4.0316e+00
3.62804e+14	8.0156e+03	2.411e-14	1.0000e+05	1.0007e+05	1.7510e-12	5.8447e-02	9.4155e-01	3.6796e-01	6.3203e-01	6.4832e-06	3.3467e-13	4.8809e-03	8.9604e-01	9.9082e-02	1.2527e-06	7.1044e-02	9.2498e-01	3.9724e-03	1.1755e-36	1.1755e-36	1.1755e-36	6.3800e-21	0.00e+00	0.00e+00	4.3865e+00
3.71842e+14	8.0404e+03	2.430e-14	1.0000e+05	9.8496e+04	2.3943e-12	6.8193e-02	9.3181e-01	4.1549e-01	5.8451e-01	5.3717e-06	4.8950e-13	5.0186e-03	9.0975e-01	8.5230e-02	8.7429e-07	8.2851e-02	9.1414e-01	3.0110e-03	1.1755e-36	1.1755e-36	1.1755e-36	1.0363e-20	0.00e+00	0.00e+00	4.7508e+00
3.79948e+14	8.0462e+03	2.446e-14	1.0000e+05	9.6923e+04	3.3289e-12	7.9735e-02	9.2026e-01	4.6537e-01	5.3462e-01	4.4463e-06	7.2359e-13	5.1345e-03	9.2169e-01	7.3172e-02	6.0581e-07	9.6764e-02	9.0097e-01	2.2703e-03	1.1755e-36	1.1755e-36	1.1755e-36	1.7032e-20	0.00e+00	0.00e+00	5.1411e+00
3.87367e+14	8.0626e+03	2.446e-14	1.0000e+05	9.5014e+04	4.6141e-12	9.3210e-02	9.0679e-01	5.1614e-01	4.8386e-01	3.6778e-06	1.0715e-12	5.2074e-03	9.3191e-01	6.2880e-02	4.1867e-07	1.1290e-01	8.8540e-01	1.7010e-03	1.1755e-36	1.1755e-36	1.1755e-36	2.8031e-20	0.00e+00	0.00e+00	5.5582e+00
3.94212e+14	8.0659e+03	2.436e-14	1.0000e+05	9.2899e+04	6.5048e-12	1.0933e-01	8.9067e-01	5.6744e-01	4.3256e-01	3.0293e-06	1.6058e-12	5.2488e-03	9.4080e-01	5.3946e-02	2.8691e-07	1.3208e-01	8.6666e-01	1.2624e-03	1.1755e-36	1.1755e-36	1.1755e-36	4.6817e-20	0.00e+00	0.00e+00	6.0140e+00
4.00572e+14	8.0629e+03	2.411e-14	1.0000e+05	9.0605e+04	9.3135e-12	1.2878e-01	8.7122e-01	6.1785e-01	3.8215e-01	2.4928e-06	2.4396e-12	5.2601e-03	9.4854e-01	4.6200e-02	1.9481e-07	1.5502e-01	8.4405e-01	9.2603e-04	1.1755e-36	1.1755e-36	1.1755e-36	7.9819e-20	0.00e+00	0.00e+00	6.5115e+00
4.06437e+14	8.0526e+03	2.366e-14	1.0000e+05	8.7914e+04	1.3463e-11	1.5176e-01	8.4824e-01	6.6532e-01	3.3467e-01	2.0533e-06	3.7142e-12	5.2276e-03	9.5511e-01	3.9659e-02	1.3227e-07	1.8185e-01	8.1747e-01	6.7466e-04	1.1755e-36	1.1755e-36	1.1755e-36	1.3696e-19	0.00e+00	0.00e+00	7.0493e+00
4.11850e+14	8.0431e+03	2.293e-14	1.0000e+05	8.4720e+04	1.9461e-11	1.7838e-01	8.2162e-01	7.0886e-01	2.9114e-01	1.6943e-06	5.6199e-12	5.1440e-03	9.6066e-01	3.4200e-02	1.1755e-36	2.1257e-01	7.8694e-01	4.8930e-04	1.1755e-36	1.1755e-36	1.1755e-36	2.3419e-19	0.00e+00	0.00e+00	7.6364e+00
4.16929e+14	7.9985e+03	2.200e-14	1.0000e+05	8.1216e+04	2.9064e-11	2.1037e-01	7.8963e-01	7.4848e-01	2.5152e-01	1.4033e-06	8.5998e-12	5.0293e-03	9.6554e-01	2.9426e-02	1.1755e-36	2.4901e-01	7.5064e-01	3.5056e-04	1.1755e-36	1.1755e-36	1.1755e-36	4.0982e-19	0.00e+00	0.00e+00	8.2934e+00
4.21694e+14	7.9467e+03	2.077e-14	1.0000e+05	7.7176e+04	4.3774e-11	2.4761e-01	7.5239e-01	7.8303e-01	2.1697e-01	1.1758e-06	1.3104e-11	4.8647e-03	9.6976e-01	2.5370e-02	1.1755e-36	2.9074e-01	7.0901e-01	2.4897e-04	1.1755e-36	1.1755e-36	1.1755e-36	7.2080e-19	0.00e+00	0.00e+00	9.0102e+00
4.25739e+14	7.8851e+03	1.942e-14	1.0000e+05	7.3115e+04	6.3992e-11	2.8593e-01	7.1407e-01	8.0969e-01	1.9031e-01	1.0159e-06	1.9048e-11	4.6772e-03	9.7307e-01	2.2249e-02	1.1755e-36	3.3295e-01	6.6687e-01	1.8204e-04	1.1755e-36	1.1755e-36	1.1755e-36	1.2029e-18	0.00e+00	0.00e+00	9.6428e+00
4.28752e+14	7.8208e+03	1.822e-14	1.0000e+05	6.9662e+04	8.6971e-11	3.1916e-01	6.8084e-01	8.2767e-01	1.7233e-01	9.1598e-07	2.5404e-11	4.5060e-03	9.7540e-01	2.0089e-02	1.1755e-36	3.6897e-01	6.3089e-01	1.4195e-04	1.1755e-36	1.1755e-36	1.1755e-36	1.7970e-18	0.00e+00	0.00e+00	1.0151e+01
4.31032e+14	7.7677e+03	1.717e-14	1.0000e+05	6.6764e+04	1.1069e-10	3.4686e-01	6.5314e-01	8.4038e-01	1.5962e-01	8.4918e-07	3.1692e-11	4.3556e-03	9.7709e-01	1.8550e-02	1.1755e-36	3.9857e-01	6.0131e-01	1.1650e-04	1.1755e-36	1.1755e-36	1.1755e-36	2.4560e-18	0.00e+00	0.00e+00	1.0597e+01
4.32988e+14	7.7033e+03	1.622e-14	1.0000e+05	6.4179e+04	1.3866e-10	3.7315e-01	6.2685e-01	8.5080e-01	1.4920e-01	7.9538e-07	3.8618e-11	4.2191e-03	9.7854e-01	1.7245e-02	1.1755e-36	4.2634e-01	5.7356e-01	9.7429e-05	1.1755e-36	1.1755e-36	1.1755e-36	3.2569e-18	0.00e+00	0.00e+00	1.1039e+01
4.34858e+14	7.6404e+03	1.522e-14	1.0000e+05	6.1467e+04	1.7251e-10	3.9963e-01	6.0037e-01	8.6016e-01	1.3984e-01	7.4993e-07	4.6572e-11	4.0708e-03	9.7986e-01	1.6072e-02	1.1755e-36	4.5397e-01	5.4594e-01	8.1689e-05	1.1755e-36	1.1755e-36	1.1755e-36	4.2645e-18	0.00e+00	0.00e+00	1.1509e+01
4.36634e+14	7.5760e+03	1.423e-14	1.0000e+05	5.8774e+04	2.1304e-10	4.2590e-01	5.7410e-01	8.6829e-01	1.3171e-01	7.1286e-07	5.5537e-11	3.9198e-03	9.8106e-01	1.5022e-02	1.1755e-36	4.8107e-01	5.1886e-01	6.8877e-05	1.1755e-36	1.1755e-36	1.1755e-36	5.5099e-18	0.00e+00	0.00e+00	1.1964e+01
4.38216e+14	7.5081e+03	1.332e-14	1.0000e+05	5.6250e+04	2.5914e-10	4.5028e-01	5.4972e-01	8.7499e-01	1.2501e-01	6.8413e-07	6.4895e-11	3.7761e-03	9.8209e-01	1.4131e-02	1.1755e-36	5.0593e-01	4.9401e-01	5.8985e-05	1.1755e-36	1.1755e-36	1.1755e-36	6.9221e-18	0.00e+00	0.00e+00	1.2383e+01
4.39611e+14	7.4425e+03	1.250e-14	1.0000e+05	5.3943e+04	3.0950e-10	4.7248e-01	5.2752e-01	8.8052e-01	1.1948e-01	6.6191e-07	7.4390e-11	3.6427e-03	9.8298e-01	1.3376e-02	1.1755e-36	5.2834e-01	4.7161e-01	5.1293e-05	1.1755e-36	1.1755e-36	1.1755e-36	8.4676e-18	0.00e+00	0.00e+00	1.2775e+01
4.40883e+14	7.3838e+03	1.174e-14	1.0000e+05	5.1746e+04	3.6358e-10	4.9297e-01	5.0703e-01	8.8526e-01	1.1474e-01	6.4459e-07	8.3992e-11	3.5132e-03	9.8376e-01	1.2723e-02	1.1755e-36	5.4883e-01	4.5112e-01	4.5066e-05	1.1755e-36	1.1755e-36	1.1755e-36	1.0138e-17	0.00e+00	0.00e+00	1.3158e+01
4.42077e+14	7.3116e+03	1.103e-14	1.0000e+05	4.9763e+04	4.2958e-10	5.1347e-01	4.8653e-01	8.8960e-01	1.1040e-01	6.2766e-07	9.4833e-11	3.3972e-03	9.8451e-01	1.2093e-02	1.1755e-36	5.6915e-01	4.3081e-01	3.9723e-05	1.1755e-36	1.1755e-36	1.1755e-36	1.2167e-17	0.00e+00	0.00e+00	1.3534e+01
4.43238e+14	7.2457e+03	1.034e-14	1.0000e+05	4.7728e+04	5.0332e-10	5.3328e-01	4.6672e-01	8.9347e-01	1.0652e-01	6.1496e-07	1.0616e-10	3.2753e-03	9.8521e-01	1.1519e-02	1.1755e-36	5.8861e-01	4.1136e-01	3.5094e-05	1.1755e-36	1.1755e-36	1.1755e-36	1.4426e-17	0.00e+00	0.00e+00	1.3925e+01
4.44200e+14	7.1959e+03	9.787e-15	1.0000e+05	4.6066e+04	5.6884e-10	5.4871e-01	4.5129e-01	8.9630e-01	1.0370e-01	6.0735e-07	1.1557e-10	3.1743e-03	9.8573e-01	1.1095e-02	1.1755e-36	6.0363e-01	3.9634e-01	3.1840e-05	1.1755e-36	1.1755e-36	1.1755e-36	1.6403e-17	0.00e+00	0.00e+00	1.4189e+01
4.44896e+14	7.1516e+03	9.392e-15	1.0000e+05	4.4902e+04	6.2760e-10	5.6078e-01	4.3922e-01	8.9843e-01	1.0157e-01	6.0049e-07	1.2370e-10	3.1041e-03	9.8613e-01	1.0767e-02	1.1755e-36	6.1531e-01	3.8466e-01	2.9537e-05	1.1755e-36	1.1755e-36	1.1755e-36	1.8207e-17	0.00e+00	0.00e+00	1.4413e+01
4.45544e+14	7.1090e+03	9.010e-15	1.0000e+05	4.3725e+04	6.8858e-10	5.7198e-01	4.2802e-01	9.0030e-01	9.9703e-02	5.9591e-07	1.3145e-10	3.0321e-03	9.8650e-01	1.0472e-02	1.1755e-36	6.2610e-01	3.7388e-01	2.7515e-05	1.1755e-36	1.1755e-36	1.1755e-36	1.9971e-17	0.00e+00	0.00e+00	1.4652e+01
4.46247e+14	7.0521e+03	8.608e-15	1.0000e+05	4.2494e+04	7.6931e-10	5.8475e-01	4.1525e-01	9.0246e-01	9.7543e-02	5.8908e-07	1.4112e-10	2.9579e-03	9.8691e-01	1.0137e-02	1.1755e-36	6.3837e-01	3.6160e-01	2.5400e-05	1.1755e-36	1.1755e-36	1.1755e-36	2.2266e-17	0.00e+00	0.00e+00	1.4926e+01
4.46982e+14	7.0103e+03	8.188e-15	1.0000e+05	4.1167e+04	8.4948e-10	5.9708e-01	4.0292e-01	9.0436e-01	9.5642e-02	5.8598e-07	1.5060e-10	2.8750e-03	9.8730e-01	9.8280e-03	1.1755e-36	6.5013e-01	3.4985e-01	2.3434e-05	1.1755e-36	1.1755e-36	1.1755e-36	2.4613e-17	0.00e+00	0.00e+00	1.5201e+01
4.47712e+14	6.9532e+03	7.785e-15	1.0000e+05	3.9877e+04	9.5026e-10	6.0987e-01	3.9013e-01	9.0628e-01	9.3719e-02	5.8179e-07	1.6131e-10	2.7956e-03	9.8769e-01	9.5110e-03	1.1755e-36	6.6225e-01	3.3773e-01	2.1589e-05	1.1755e-36	1.1755e-36	1.1755e-36	2.7366e-17	0.00e+00	0.00e+00	1.5483e+01
4.48430e+14	6.8978e+03	7.401e-15	1.0000e+05	3.8649e+04	1.0607e-09	6.2243e-01	3.7757e-01	9.0813e-01	9.1869e-02	5.7774e-07	1.7264e-10	2.7194e-03	9.8808e-01	9.2047e-03	1.1755e-36	6.7410e-01	3.2588e-01	1.9903e-05	1.1755e-36	1.1755e-36	1.1755e-36	3.0420e-17	0.00e+00	0.00e+00	1.5759e+01
4.49121e+14	6.8455e+03	7.036e-15	1.0000e+05	3.7441e+04	1.1774e-09	6.3424e-01	3.6576e-01	9.0977e-01	9.0225e-02	5.7542e-07	1.8375e-10	2.6438e-03	9.8843e-01	8.9240e-03	1.1755e-36	6.8518e-01	3.1480e-01	1.8409e-05	1.1755e-36	1.1755e-36	1.1755e-36	3.3529e-17	0.00e+00	0.00e+00	1.6031e+01
4.49806e+14	6.7905e+03	6.683e-15	1.0000e+05	3.6251e+04	1.3096e-09	6.4596e-01	3.5404e-01	9.1137e-01	8.8634e-02	5.7341e-07	1.9548e-10	2.5690e-03	9.8878e-01	8.6495e-03	1.1755e-36	6.9613e-01	3.0386e-01	1.7022e-05	1.1755e-36	1.1755e-36	1.1755e-36	3.6940e-17	0.00e+00	0.00e+00	1.6313e+01
4.50498e+14	6.7363e+03	6.335e-15	1.0000e+05	3.5065e+04	1.4570e-09	6.5768e-01	3.4232e-01	9.1290e-01	8.7099e-02	5.7205e-07	2.0793e-10	2.4939e-03	9.8913e-01	8.3798e-03	1.1755e-36	7.0700e-01	2.9299e-01	1.5721e-05	1.1755e-36	1.1755e-36	1.1755e-36	4.0714e-17	0.00e+00	0.00e+00	1.6601e+01
4.51190e+14	6.6791e+03	5.996e-15	1.0000e+05	3.3875e+04	1.6244e-09	6.6921e-01	3.3079e-01	9.1438e-01	8.5624e-02	5.7137e-07	2.2083e-10	2.4185e-03	9.8946e-01	8.1195e-03	1.1755e-36	7.1763e-01	2.8235e-01	1.4522e-05	1.1755e-36	1.1755e-36	1.1755e-36	4.4766e-17	0.00e+00	0.00e+00	1.6893e+01
4.51878e+14	6.6139e+03	5.675e-15	1.0000e+05	3.2740e+04	1.8249e-09	6.8088e-01	3.1912e-01	9.1585e-01	8.4148e-02	5.6987e-07	2.3510e-10	2.3467e-03	9.8980e-01	7.8564e-03	1.1755e-36	7.2838e-01	2.7161e-01	1.3397e-05	1.1755e-36	1.1755e-36	1.1755e-36	4.9447e-17	0.00e+00	0.00e+00	1.7187e+01
4.52552e+14	6.5667e+03	5.366e-15	1.0000e+05	3.1609e+04	2.0123e-09	6.9143e-01	3.0857e-01	9.1705e-01	8.2951e-02	5.7181e-07	2.4807e-10	2.2733e-03	9.9010e-01	7.6247e-03	1.1755e-36	7.3803e-01	2.6196e-01	1.2405e-05	1.1755e-36	1.1755e-36	1.1755e-36	5.3880e-17	0.00e+00	0.00e+00	1.7476e+01
4.53229e+14	6.5019e+03	5.068e-15	1.0000e+05	3.0495e+04	2.2582e-09	7.0249e-01	2.9751e-01	9.1836e-01	8.1644e-02	5.7213e-07	2.6302e-10	2.2018e-03	9.9042e-01	7.3829e-03	1.1755e-36	7.4810e-01	2.5189e-01	1.1456e-05	1.1755e-36	1.1755e-36	1.1755e-36	5.9162e-17	0.00e+00	0.00e+00	1.7783e+01
4.53914e+14	6.4354e+03	4.779e-15	1.0000e+05	2.9398e+04	2.5394e-09	7.1344e-01	2.8656e-01	9.1961e-01	8.0385e-02	5.7287e-07	2.7877e-10	2.1312e-03	9.9072e-01	7.1462e-03	1.1755e-36	7.5802e-01	2.4197e-01	1.0573e-05	1.1755e-36	1.1755e-36	1.1755e-36	6.4970e-17	0.00e+00	0.00e+00	1.8089e+01
4.54581e+14	6.3712e+03	4.510e-15	1.0000e+05	2.8364e+04	2.8477e-09	7.2397e-01	2.7603e-01	9.2082e-01	7.9184e-02	5.7368e-07	2.9509e-10	2.0643e-03	9.9102e-01	6.9201e-03	1.1755e-36	7.6752e-01	2.3247e-01	9.7712e-06	1.1755e-36	1.1755e-36	1.1755e-36	7.1272e-17	0.00e+00	0.00e+00	1.8389e+01
4.55234e+14	6.3153e+03	4.255e-15	1.0000e+05	2.7345e+04	3.1625e-09	7.3371e-01	2.6629e-01	9.2184e-01	7.8156e-02	5.7664e-07	3.1054e-10	1.9974e-03	9.9129e-01	6.7138e-03	1.1755e-36	7.7627e-01	2.2372e-01	9.0547e-06	1.1755e-36	1.1755e-36	1.1755e-36	7.7466e-17	0.00e+00	0.00e+00	1.8689e+01
4.55894e+14	6.2458e+03	4.007e-15	1.0000e+05	2.6332e+04	3.5642e-09	7.4375e-01	2.5625e-01	9.2292e-01	7.7079e-02	5.7882e-07	3.2781e-10	1.9313e-03	9.9157e-01	6.5028e-03	1.1755e-36	7.8524e-01	2.1475e-01	8.3715e-06	1.1755e-36	1.1755e-36	1.1755e-36	8.4648e-17	0.00e+00	0.00e+00	1.9005e+01
4.56562e+14	6.1777e+03	3.770e-15	1.0000e+05	2.5358e+04	4.0174e-09	7.5372e-01	2.4628e-01	9.2400e-01	7.6001e-02	5.8082e-07	3.4644e-10	1.8675e-03	9.9184e-01	6.2940e-03	1.1755e-36	7.9411e-01	2.0588e-01	7.7292e-06	1.1755e-36	1.1755e-36	1.1755e-36	9.2805e-17	0.00e+00	0.00e+00	1.9321e+01
4.57215e+14	6.1131e+03	3.548e-15	1.0000e+05	2.4411e+04	4.5053e-09	7.6302e-01	2.3698e-01	9.2494e-01	7.5057e-02	5.8431e-07	3.6449e-10	1.8048e-03	9.9209e-01	6.1011e-03	1.1755e-36	8.0235e-01	1.9764e-01	7.1556e-06	1.1755e-36	1.1755e-36	1.1755e-36	1.0103e-16	0.00e+00	0.00e+00	1.9630e+01
4.57861e+14	6.0488e+03	3.338e-15	1.0000e+05	2.3496e+04	5.0535e-09	7.7208e-01	2.2792e-01	9.2586e-01	7.4143e-02	5.8799e-07	3.8333e-10	1.7440e-03	9.9234e-01	5.9141e-03	1.1755e-36	8.1035e-01	1.8965e-01	6.6249e-06	1.1755e-36	1.1755e-36	1.1755e-36	1.1003e-16	0.00e+00	0.00e+00	1.9947e+01
4.58514e+14	5.9733e+03	3.136e-15	1.0000e+05	2.2587e+04	5.7412e-09	7.8118e-01	2.1882e-01	9.2680e-01	7.3204e-02	5.9129e-07	4.0375e-10	1.6840e-03	9.9259e-01	5.7287e-03	1.1755e-36	8.1833e-01	1.8166e-01	6.1276e-06	1.1755e-36	1.1755e-36	1.1755e-36	1.2021e-16	0.00e+00	0.00e+00	2.0270e+01
4.59162e+14	5.9090e+03	2.946e-15	1.0000e+05	2.1718e+04	6.4460e-09	7.8971e-01	2.1029e-01	9.2763e-01	7.2374e-02	5.9600e-07	4.2390e-10	1.6255e-03	9.9282e-01	5.5535e-03	1.1755e-36	8.2582e-01	1.7417e-01	5.6723e-06	1.1755e-36	1.1755e-36	1.1755e-36	1.3079e-16	0.00e+00	0.00e+00	2.0590e+01
4.59804e+14	5.8436e+03	2.767e-15	1.0000e+05	2.0883e+04	7.2488e-09	7.9802e-01	2.0198e-01	9.2844e-01	7.1562e-02	6.0072e-07	4.4509e-10	1.5693e-03	9.9305e-01	5.3844e-03	1.1755e-36	8.3306e-01	1.6693e-01	5.2531e-06	1.1755e-36	1.1755e-36	1.1755e-36	1.4250e-16	0.00e+00	0.00e+00	2.0914e+01
4.60445e+14	5.7799e+03	2.597e-15	1.0000e+05	2.0057e+04	8.1378e-09	8.0593e-01	1.9407e-01	9.2916e-01	7.0835e-02	6.0687e-07	4.6612e-10	1.5133e-03	9.9326e-01	5.2239e-03	1.1755e-36	8.3994e-01	1.6006e-01	4.8687e-06	1.1755e-36	1.1755e-36	1.1755e-36	1.5469e-16	0.00e+00	0.00e+00	2.1240e+01
4.61078e+14	5.7133e+03	2.440e-15	1.0000e+05	1.9275e+04	9.1641e-09	8.1358e-01	1.8642e-01	9.2988e-01	7.0116e-02	6.1257e-07	4.8829e-10	1.4602e-03	9.9347e-01	5.0692e-03	1.1755e-36	8.4656e-01	1.5343e-01	4.5165e-06	1.1755e-36	1.1755e-36	1.1755e-36	1.6825e-16	0.00e+00	0.00e+00	2.1560e+01
4.61696e+14	5.6398e+03	2.294e-15	1.0000e+05	1.8543e+04	1.0411e-08	8.2112e-01	1.7888e-01	9.3066e-01	6.9336e-02	6.1664e-07	5.1301e-10	1.4110e-03	9.9367e-01	4.9177e-03	1.1755e-36	8.5307e-01	1.4692e-01	4.1914e-06	1.1755e-36	1.1755e-36	1.1755e-36	1.8429e-16	0.00e+00	0.00e+00	2.1878e+01
4.62260e+14	5.5751e+03	2.171e-15	1.0000e+05	1.7889e+04	1.1652e-08	8.2744e-01	1.7256e-01	9.3124e-01	6.8755e-02	6.2210e-07	5.3442e-10	1.3664e-03	9.9384e-01	4.7913e-03	1.1755e-36	8.5852e-01	1.4148e-01	3.9265e-06	1.1755e-36	1.1755e-36	1.1755e-36	1.9897e-16	0.00e+00	0.00e+00	2.2146e+01
4.62757e+14	5.5187e+03	2.066e-15	1.0000e+05	1.7333e+04	1.2885e-08	8.3304e-01	1.6696e-01	9.3180e-01	6.8202e-02	6.2636e-07	5.5538e-10	1.3285e-03	9.9399e-01	4.6787e-03	1.1755e-36	8.6333e-01	1.3666e-01	3.7002e-06	1.1755e-36	1.1755e-36	1.1755e-36	2.1413e-16	0.00e+00	0.00e+00	2.2399e+01
4.63249e+14	5.4631e+03	1.964e-15	1.0000e+05	1.6784e+04	1.4243e-08	8.3848e-01	1.6152e-01	9.3232e-01	6.7683e-02	6.3131e-07	5.7694e-10	1.2909e-03	9.9414e-01	4.5699e-03	1.1755e-36	8.6799e-01	1.3201e-01	3.4869e-06	1.1755e-36	1.1755e-36	1.1755e-36	2.3055e-16	0.00e+00	0.00e+00	2.2666e+01
4.63764e+14	5.4040e+03	1.863e-15	1.0000e+05	1.6224e+04	1.5851e-08	8.4405e-01	1.5595e-01	9.3285e-01	6.7146e-02	6.3658e-07	6.0095e-10	1.2524e-03	9.9429e-01	4.4592e-03	1.1755e-36	8.7273e-01	1.2727e-01	3.2771e-06	1.1755e-36	1.1755e-36	1.1755e-36	2.4988e-16	0.00e+00	0.00e+00	2.2947e+01
4.64288e+14	5.3426e+03	1.766e-15	1.0000e+05	1.5668e+04	1.7704e-08	8.4945e-01	1.5055e-01	9.3336e-01	6.6643e-02	6.4244e-07	6.2601e-10	1.2141e-03	9.9443e-01	4.3516e-03	1.1755e-36	8.7734e-01	1.2266e-01	3.0790e-06	1.1755e-36	1.1755e-36	1.1755e-36	2.7129e-16	0.00e+00	0.00e+00	2.3226e+01
4.64797e+14	5.2820e+03	1.677e-15	1.0000e+05	1.5163e+04	1.9766e-08	8.5468e-01	1.4532e-01	9.3390e-01	6.6097e-02	6.4680e-07	6.5370e-10	1.1793e-03	9.9457e-01	4.2475e-03	1.1755e-36	8.8179e-01	1.1821e-01	2.8960e-06	1.1755e-36	1.1755e-36	1.1755e-36	2.9640e-16	0.00e+00	0.00e+00	2.3494e+01
4.65283e+14	5.2261e+03	1.596e-15	1.0000e+05	1.4679e+04	2.1909e-08	8.5940e-01	1.4060e-01	9.3434e-01	6.5655e-02	6.5254e-07	6.8007e-10	1.1457e-03	9.9470e-01	4.1536e-03	1.1755e-36	8.8579e-01	1.1420e-01	2.7338e-06	1.1755e-36	1.1755e-36	1.1755e-36	3.2186e-16	0.00e+00	0.00e+00	2.3753e+01
4.65765e+14	5.1701e+03	1.518e-15	1.0000e+05	1.4213e+04	2.4312e-08	8.6403e-01	1.3597e-01	9.3480e-01	6.5203e-02	6.5802e-07	7.0877e-10	1.1134e-03	9.9482e-01	4.0617e-03	1.1755e-36	8.8971e-01	1.1029e-01	2.5801e-06	1.1755e-36	1.1755e-36	1.1755e-36	3.5122e-16	0.00e+00	0.00e+00	2.4018e+01
4.66255e+14	5.1117e+03	1.443e-15	1.0000e+05	1.3754e+04	2.7106e-08	8.6863e-01	1.3137e-01	9.3526e-01	6.4739e-02	6.6339e-07	7.4072e-10	1.0815e-03	9.9495e-01	3.9707e-03	1.1755e-36	8.9359e-01	1.0641e-01	2.4326e-06	1.1755e-36	1.1755e-36	1.1755e-36	3.8603e-16	0.00e+00	0.00e+00	2.4289e+01
4.66740e+14	5.0522e+03	1.373e-15	1.0000e+05	1.3312e+04	3.0279e-08	8.7304e-01	1.2696e-01	9.3571e-01	6.4293e-02	6.6878e-07	7.7512e-10	1.0508e-03	9.9507e-01	3.8840e-03	1.1755e-36	8.9730e-01	1.0269e-01	2.2959e-06	1.1755e-36	1.1755e-36	1.1755e-36	4.2609e-16	0.00e+00	0.00e+00	2.4552e+01
4.67208e+14	4.9963e+03	1.309e-15	1.0000e+05	1.2896e+04	3.3639e-08	8.7709e-01	1.2291e-01	9.3610e-01	6.3895e-02	6.7456e-07	8.1015e-10	1.0218e-03	9.9518e-01	3.8030e-03	1.1755e-36	9.0072e-01	9.9278e-02	2.1726e-06	1.1755e-36	1.1755e-36	1.1755e-36	4.6942e-16	0.00e+00	0.00e+00	2.4805e+01
4.67664e+14	4.9402e+03	1.248e-15	1.0000e+05	1.2501e+04	3.7374e-08	8.8102e-01	1.1898e-01	9.3651e-01	6.3493e-02	6.7992e-07	8.4919e-10	9.9421e-04	9.9529e-01	3.7124e-03	1.1755e-36	9.0401e-01	9.5985e-02	2.0574e-06	1.1755e-36	1.1755e-36	1.1755e-36	5.1746e-16	0.00e+00	0.00e+00	2.5059e+01
4.68121e+14	4.8844e+03	1.191e-15	1.0000e+05	1.2110e+04	4.1521e-08	8.8473e-01	1.1527e-01	9.3687e-01	6.3130e-02	6.8617e-07	8.8942e-10	9.6675e-04	9.9541e-01	3.6245e-03	1.1755e-36	9.0716e-01	9.2837e-02	1.9486e-06	1.1755e-36	1.1755e-36	1.1755e-36	5.7023e-16	0.00e+00	0.00e+00	2.5314e+01
4.68578e+14	4.8312e+03	1.136e-15	1.0000e+05	1.1737e+04	4.6027e-08	8.8843e-01	1.1157e-01	9.3724e-01	6.2759e-02	6.9215e-07	9.3320e-10	9.4047e-04	9.9552e-01	3.5387e-03	1.1755e-36	9.1023e-01	8.9772e-02	1.8461e-06	1.1755e-36	1.1755e-36	1.1755e-36	6.3140e-16	0.00e+00	0.00e+00	2.5571e+01
4.69041e+14	4.7752e+03	1.083e-15	1.0000e+05	1.1365e+04	5.1268e-08	8.9203e-01	1.0797e-01	9.3760e-01	6.2398e-02	6.9849e-07	9.8093e-10	9.1424e-04	9.9563e-01	3.4537e-03	1.1755e-36	9.1324e-01	8.6762e-02	1.7477e-06	1.1755e-36	1.1755e-36	1.1755e-36	7.0268e-16	0.00e+00	0.00e+00	2.5834e+01
4.69503e+14	4.7133e+03	1.032e-15	1.0000e+05	1.1018e+04	5.7723e-08	8.9571e-01	1.0429e-01	9.3806e-01	6.1939e-02	7.0233e-07	1.0383e-09	8.9019e-04	9.9574e-01	3.3669e-03	1.1755e-36	9.1629e-01	8.3705e-02	1.6528e-06	1.1755e-36	1.1755e-36	1.1755e-36	7.9436e-16	0.00e+00	0.00e+00	2.6093e+01
4.69936e+14	4.6608e+03	9.881e-16	1.0000e+05	1.0688e+04	6.3916e-08	8.9878e-01	1.0122e-01	9.3835e-01	6.1649e-02	7.0892e-07	1.0891e-09	8.6684e-04	9.9584e-01	3.2930e-03	1.1755e-36	9.1886e-01	8.1142e-02	1.5727e-06	1.1755e-36	1.1755e-36	1.1755e-36	8.8210e-16	0.00e+00	0.00e+00	2.6325e+01
4.70351e+14	4.6091e+03	9.466e-16	1.0000e+05	1.0383e+04	7.0738e-08	9.0178e-01	9.8221e-02	9.3868e-01	6.1320e-02	7.1432e-07	1.1447e-09	8.4527e-04	9.9593e-01	3.2207e-03	1.1755e-36	9.2135e-01	7.8646e-02	1.4969e-06	1.1755e-36	1.1755e-36	1.1755e-36	9.8413e-16	0.00e+00	0.00e+00	2.6565e+01
4.70781e+14	4.5505e+03	9.058e-16	1.0000e+05	1.0082e+04	7.9296e-08	9.0493e-01	9.5071e-02	9.3909e-01	6.0911e-02	7.1812e-07	1.2125e-09	8.2433e-04	9.9603e-01	3.1447e-03	1.1755e-36	9.2397e-01	7.6033e-02	1.4211e-06	1.1755e-36	1.1755e-36	1.1755e-36	1.1174e-15	0.00e+00	0.00e+00	2.6815e+01
4.71203e+14	4.4995e+03	8.680e-16	1.0000e+05	9.7868e+03	8.7718e-08	9.0769e-01	9.2305e-02	9.3937e-01	6.0632e-02	7.2454e-07	1.2757e-09	8.0332e-04	9.9612e-01	3.0768e-03	1.1755e-36	9.2626e-01	7.3736e-02	1.3537e-06	1.1755e-36	1.1755e-36	1.1755e-36	1.2515e-15	0.00e+00	0.00e+00	2.7047e+01
4.71617e+14	4.4435e+03	8.321e-16	1.0000e+05	9.5123e+03	9.7962e-08	9.1055e-01	8.9445e-02	9.3975e-01	6.0249e-02	7.2830e-07	1.3520e-09	7.8417e-04	9.9621e-01	3.0069e-03	1.1755e-36	9.2863e-01	7.1371e-02	1.2878e-06	1.1755e-36	1.1755e-36	1.1755e-36	1.4243e-15	0.00e+00	0.00e+00	2.7290e+01
4.72030e+14	4.3934e+03	7.981e-16	1.0000e+05	9.2378e+03	1.0823e-07	9.1312e-01	8.6876e-02	9.4002e-01	5.9981e-02	7.3466e-07	1.4250e-09	7.6456e-04	9.9629e-01	2.9428e-03	1.1755e-36	9.3076e-01	6.9243e-02	1.2278e-06	1.1755e-36	1.1755e-36	1.1755e-36	1.6026e-15	0.00e+00	0.00e+00	2.7523e+01
4.72444e+14	4.3367e+03	7.651e-16	1.0000e+05	8.9779e+03	1.2108e-07	9.1585e-01	8.4151e-02	9.4041e-01	5.9594e-02	7.3817e-07	1.5156e-09	7.4644e-04	9.9638e-01	2.8754e-03	1.1755e-36	9.3300e-01	6.6995e-02	1.1678e-06	1.1755e-36	1.1755e-36	1.1755e-36	1.8395e-15	0.00e+00	0.00e+00	2.7769e+01
4.72858e+14	4.2869e+03	7.341e-16	1.0000e+05	8.7177e+03	1.3370e-07	9.1826e-01	8.1742e-02	9.4066e-01	5.9339e-02	7.4471e-07	1.6007e-09	7.2779e-04	9.9646e-01	2.8144e-03	1.1755e-36	9.3499e-01	6.5004e-02	1.1138e-06	1.1755e-36	1.1755e-36	1.1755e-36	2.0798e-15	0.00e+00	0.00e+00	2.8002e+01
4.73271e+14	4.2296e+03	7.040e-16	1.0000e+05	8.4734e+03	1.4966e-07	9.2084e-01	7.9163e-02	9.4105e-01	5.8949e-02	7.4788e-07	1.7076e-09	7.1080e-04	9.9654e-01	2.7498e-03	1.1755e-36	9.3712e-01	6.2883e-02	1.0596e-06	1.1755e-36	1.1755e-36	1.1755e-36	2.4034e-15	0.00e+00	0.00e+00	2.8249e+01
4.73682e+14	4.1763e+03	6.758e-16	1.0000e+05	8.2330e+03	1.6614e-07	9.2318e-01	7.6815e-02	9.4136e-01	5.8642e-02	7.5282e-07	1.8140e-09	6.9381e-04	9.9662e-01	2.6900e-03	1.1755e-36	9.3905e-01	6.0949e-02	1.0101e-06	1.1755e-36	1.1755e-36	1.1755e-36	2.7520e-15	0.00e+00	0.00e+00	2.8481e+01
4.74083e+14	4.1240e+03	6.494e-16	1.0000e+05	8.0049e+03	1.8391e-07	9.2544e-01	7.4562e-02	9.4167e-01	5.8332e-02	7.5737e-07	1.9267e-09	6.7770e-04	9.9669e-01	2.6323e-03	1.1755e-36	9.4090e-01	5.9097e-02	9.6374e-07	1.1755e-36	1.1755e-36	1.1755e-36	3.1487e-15	0.00e+00	0.00e+00	2.8716e+01
4.74491e+14	4.0705e+03	6.234e-16	1.0000e+05	7.7781e+03	2.0383e-07	9.2769e-01	7.2312e-02	9.4199e-01	5.8011e-02	7.6190e-07	2.0506e-09	6.6167e-04	9.9676e-01	2.5743e-03	1.1755e-36	9.4275e-01	5.7250e-02	9.1836e-07	1.1755e-36	1.1755e-36	1.1755e-36	3.6177e-15	0.00e+00	0.00e+00	2.8959e+01
4.74912e+14	4.0153e+03	5.979e-16	1.0000e+05	7.5508e+03	2.2620e-07	9.2993e-01	7.0066e-02	9.4231e-01	5.7686e-02	7.6657e-07	2.1866e-09	6.4562e-04	9.9684e-01	2.5163e-03	1.1755e-36	9.4459e-01	5.5407e-02	8.7400e-07	1.1755e-36	1.1755e-36	1.1755e-36	4.1725e-15	0.00e+00	0.00e+00	2.9209e+01
4.75339e+14	3.9590e+03	5.730e-16	1.0000e+05	7.3246e+03	2.5094e-07	9.3217e-01	6.7827e-02	9.4263e-01	5.7366e-02	7.7155e-07	2.3340e-09	6.2964e-04	9.9691e-01	2.4590e-03	1.1755e-36	9.4643e-01	5.3573e-02	8.3087e-07	1.1755e-36	1.1755e-36	1.1755e-36	4.8212e-15	0.00e+00	0.00e+00	2.9462e+01
###########################
5.34139e+10	8.7171e+03	2.593e-14	1.0000e+05	1.0725e+05	3.6522e-14	1.0301e-02	9.8970e-01	5.4139e-02	9.4532e-01	5.4554e-04	4.3295e-15	1.5754e-03	5.1253e-01	4.8582e-01	7.1825e-05	1.1204e-02	9.0422e-01	8.4565e-02	6.0765e-06	1.1755e-36	1.1755e-36	3.2035e-23	0.00e+00	0.00e+00	6.9491e-04
3.20483e+11	8.7123e+03	2.589e-14	1.0000e+05	1.0718e+05	3.6460e-14	1.0288e-02	9.8971e-01	5.4129e-02	9.4533e-01	5.4522e-04	4.3046e-15	1.5707e-03	5.1251e-01	4.8585e-01	7.1956e-05	1.1189e-02	9.0417e-01	8.4637e-02	6.0596e-06	1.1755e-36	1.1755e-36	3.1709e-23	0.00e+00	0.00e+00	3.4710e-03
1.38876e+12	8.7010e+03	2.580e-14	1.0000e+05	1.0716e+05	3.6575e-14	1.0278e-02	9.8972e-01	5.4233e-02	9.4523e-01	5.4123e-04	4.3059e-15	1.5698e-03	5.1307e-01	4.8529e-01	7.1623e-05	1.1182e-02	9.0432e-01	8.4496e-02	5.9664e-06	1.1755e-36	1.1755e-36	3.1658e-23	0.00e+00	0.00e+00	1.4564e-02
5.66187e+12	8.6808e+03	2.553e-14	1.0000e+05	1.0715e+05	3.6953e-14	1.0286e-02	9.8971e-01	5.4736e-02	9.4474e-01	5.2184e-04	4.3412e-15	1.5788e-03	5.1565e-01	4.8270e-01	7.0265e-05	1.1210e-02	9.0521e-01	8.3576e-02	5.5667e-06	1.1755e-36	1.1755e-36	3.1737e-23	0.00e+00	0.00e+00	5.8974e-02
1.35244e+13	8.5868e+03	2.464e-14	1.0000e+05	1.0717e+05	3.6718e-14	1.0041e-02	9.8996e-01	5.4947e-02	9.4455e-01	5.0658e-04	4.1430e-15	1.5644e-03	5.1743e-01	4.8093e-01	6.9619e-05	1.0958e-02	9.0543e-01	8.3606e-02	5.2078e-06	1.1755e-36	1.1755e-36	2.9251e-23	0.00e+00	0.00e+00	1.1533e-01
2.37457e+13	8.4941e+03	2.383e-14	1.0000e+05	1.0718e+05	3.7280e-14	9.9105e-03	9.9009e-01	5.5607e-02	9.4392e-01	4.7353e-04	4.0595e-15	1.5694e-03	5.2124e-01	4.7712e-01	6.7667e-05	1.0848e-02	9.0661e-01	8.2536e-02	4.6376e-06	1.1755e-36	1.1755e-36	2.7851e-23	0.00e+00	0.00e+00	1.8764e-01
3.70333e+13	8.3994e+03	2.306e-14	1.0000e+05	1.0717e+05	3.8653e-14	9.8788e-03	9.9012e-01	5.6816e-02	9.4276e-01	4.2394e-04	4.0770e-15	1.5902e-03	5.2747e-01	4.7088e-01	6.4418e-05	1.0862e-02	9.0881e-01	8.0329e-02	3.8964e-06	1.1755e-36	1.1755e-36	2.7295e-23	0.00e+00	0.00e+00	2.8135e-01
5.43073e+13	8.3028e+03	2.233e-14	1.0000e+05	1.0715e+05	4.1135e-14	9.9729e-03	9.9003e-01	5.8805e-02	9.4084e-01	3.5907e-04	4.2253e-15	1.6325e-03	5.3699e-01	4.6131e-01	5.9733e-05	1.1035e-02	9.1224e-01	7.6725e-02	3.0336e-06	1.1755e-36	1.1755e-36	2.7743e-23	0.00e+00	0.00e+00	4.0433e-01
7.67635e+13	8.2061e+03	2.166e-14	1.0000e+05	1.0710e+05	4.5413e-14	1.0254e-02	9.8975e-01	6.2017e-02	9.3770e-01	2.8297e-04	4.5838e-15	1.7070e-03	5.5127e-01	4.4697e-01	5.3475e-05	1.1443e-02	9.1720e-01	7.1352e-02	2.1308e-06	1.1755e-36	1.1755e-36	2.9774e-23	0.00e+00	0.00e+00	5.6870e-01
1.05956e+14	8.1123e+03	2.109e-14	1.0000e+05	1.0701e+05	5.2957e-14	1.0840e-02	9.8916e-01	6.7286e-02	9.3251e-01	2.0320e-04	5.3294e-15	1.8319e-03	5.7258e-01	4.2554e-01	4.5560e-05	1.2236e-02	9.2400e-01	6.3759e-02	1.2988e-06	1.1755e-36	1.1755e-36	3.4764e-23	0.00e+00	0.00e+00	7.9460e-01
1.43907e+14	8.0231e+03	2.071e-14	1.0000e+05	1.0688e+05	6.7559e-14	1.1986e-02	9.8801e-01	7.6408e-02	9.2346e-01	1.2955e-04	6.9337e-15	2.0419e-03	6.0479e-01	3.9313e-01	3.5946e-05	1.3727e-02	9.3281e-01	5.3462e-02	6.4682e-07	1.1755e-36	1.1755e-36	4.6733e-23	0.00e+00	0.00e+00	1.1193e+00
1.82805e+14	7.9586e+03	2.049e-14	1.0000e+05	1.0654e+05	8.8918e-14	1.3551e-02	9.8645e-01	8.8366e-02	9.1155e-01	8.0694e-05	9.4222e-15	2.2986e-03	6.4071e-01	3.5696e-01	2.7513e-05	1.5733e-02	9.4079e-01	4.3472e-02	3.0557e-07	1.1755e-36	1.1755e-36	6.6861e-23	0.00e+00	0.00e+00	1.4179e+00
2.13483e+14	7.9339e+03	2.061e-14	1.0000e+05	1.0625e+05	1.1675e-13	1.5425e-02	9.8458e-01	1.0194e-01	8.9801e-01	5.5186e-05	1.2981e-14	2.5647e-03	6.7427e-01	3.2314e-01	2.1223e-05	1.8100e-02	9.4648e-01	3.5422e-02	1.5823e-07	1.1755e-36	1.1755e-36	9.8933e-23	0.00e+00	0.00e+00	1.6757e+00
2.38070e+14	7.9266e+03	2.086e-14	1.0000e+05	1.0591e+05	1.5203e-13	1.7542e-02	9.8246e-01	1.1686e-01	8.8310e-01	4.0466e-05	1.7810e-14	2.8286e-03	7.0485e-01	2.9231e-01	1.6484e-05	2.0753e-02	9.5025e-01	2.8995e-02	1.1755e-36	1.1755e-36	1.1755e-36	1.4685e-22	0.00e+00	0.00e+00	1.9273e+00
2.60170e+14	7.9265e+03	2.119e-14	1.0000e+05	1.0548e+05	2.0047e-13	2.0089e-02	9.7991e-01	1.3459e-01	8.6538e-01	3.0400e-05	2.4821e-14	3.1057e-03	7.3479e-01	2.6209e-01	1.2597e-05	2.3934e-02	9.5262e-01	2.3447e-02	1.1755e-36	1.1755e-36	1.1755e-36	2.2344e-22	0.00e+00	0.00e+00	2.1999e+00
2.80936e+14	7.9323e+03	2.159e-14	1.0000e+05	1.0497e+05	2.7050e-13	2.3289e-02	9.7671e-01	1.5656e-01	8.4342e-01	2.3114e-05	3.5567e-14	3.4028e-03	7.6488e-01	2.3171e-01	9.3471e-06	2.7913e-02	9.5353e-01	1.8556e-02	1.1755e-36	1.1755e-36	1.1755e-36	3.5376e-22	0.00e+00	0.00e+00	2.4946e+00
2.99728e+14	7.9435e+03	2.206e-14	1.0000e+05	1.0440e+05	3.7016e-13	2.7207e-02	9.7279e-01	1.8296e-01	8.1703e-01	1.7900e-05	5.1848e-14	3.7046e-03	7.9366e-01	2.0263e-01	6.7832e-06	3.2769e-02	9.5277e-01	1.4460e-02	1.1755e-36	1.1755e-36	1.1755e-36	5.7463e-22	0.00e+00	0.00e+00	2.7960e+00
3.15942e+14	7.9582e+03	2.253e-14	1.0000e+05	1.0375e+05	5.0615e-13	3.1780e-02	9.6822e-01	2.1298e-01	7.8700e-01	1.4221e-05	7.5533e-14	3.9909e-03	8.1959e-01	1.7642e-01	4.8855e-06	3.8417e-02	9.5036e-01	1.1226e-02	1.1755e-36	1.1755e-36	1.1755e-36	9.3474e-22	0.00e+00	0.00e+00	3.0947e+00
3.29811e+14	7.9777e+03	2.299e-14	1.0000e+05	1.0310e+05	6.8710e-13	3.7012e-02	9.6299e-01	2.4620e-01	7.5379e-01	1.1553e-05	1.0943e-13	4.2540e-03	8.4237e-01	1.5338e-01	3.5127e-06	4.4857e-02	9.4642e-01	8.7179e-03	1.1755e-36	1.1755e-36	1.1755e-36	1.5123e-21	0.00e+00	0.00e+00	3.3951e+00
3.41942e+14	7.9882e+03	2.342e-14	1.0000e+05	1.0227e+05	9.3530e-13	4.3040e-02	9.5696e-01	2.8282e-01	7.1717e-01	9.4944e-06	1.5797e-13	4.4899e-03	8.6240e-01	1.3311e-01	2.5160e-06	5.2253e-02	9.4099e-01	6.7599e-03	1.1755e-36	1.1755e-36	1.1755e-36	2.4301e-21	0.00e+00	0.00e+00	3.7052e+00
3.52821e+14	8.0099e+03	2.374e-14	1.0000e+05	1.0107e+05	1.2621e-12	4.9945e-02	9.5006e-01	3.2270e-01	6.7729e-01	7.8517e-06	2.2681e-13	4.6872e-03	8.7991e-01	1.1540e-01	1.7960e-06	6.0694e-02	9.3409e-01	5.2205e-03	1.1755e-36	1.1755e-36	1.1755e-36	3.8686e-21	0.00e+00	0.00e+00	4.0316e+00
3.62804e+14	8.0156e+03	2.411e-14	1.0000e+05	1.0007e+05	1.7506e-12	5.8447e-02	9.4155e-01	3.6796e-01	6.3203e-01	6.4832e-06	3.3459e-13	4.8810e-03	8.9604e-01	9.9082e-02	1.2527e-06	7.1044e-02	9.2498e-01	3.9724e-03	1.1755e-36	1.1755e-36	1.1755e-36	6.3770e-21	0.00e+00	0.00e+00	4.3865e+00
3.71843e+14	8.0404e+03	2.430e-14	1.0000e+05	9.8496e+04	2.3937e-12	6.8192e-02	9.3181e-01	4.1549e-01	5.8451e-01	5.3717e-06	4.8938e-13	5.0187e-03	9.0975e-01	8.5230e-02	8.7429e-07	8.2851e-02	9.1414e-01	3.0110e-03	1.1755e-36	1.1755e-36	1.1755e-36	1.0358e-20	0.00e+00	0.00e+00	4.7508e+00
3.79948e+14	8.0462e+03	2.446e-14	1.0000e+05	9.6923e+04	3.3281e-12	7.9735e-02	9.2026e-01	4.6537e-01	5.3462e-01	4.4463e-06	7.2343e-13	5.1346e-03	9.2169e-01	7.3172e-02	6.0581e-07	9.6763e-02	9.0097e-01	2.2703e-03	1.1755e-36	1.1755e-36	1.1755e-36	1.7024e-20	0.00e+00	0.00e+00	5.1411e+00
3.87367e+14	8.0626e+03	2.446e-14	1.0000e+05	9.5014e+04	4.6131e-12	9.3210e-02	9.0679e-01	5.1614e-01	4.8386e-01	3.6778e-06	1.0713e-12	5.2074e-03	9.3191e-01	6.2880e-02	4.1867e-07	1.1290e-01	8.8540e-01	1.7010e-03	1.1755e-36	1.1755e-36	1.1755e-36	2.8019e-20	0.00e+00	0.00e+00	5.5582e+00
3.94212e+14	8.0660e+03	2.436e-14	1.0000e+05	9.2899e+04	6.5035e-12	1.0933e-01	8.9067e-01	5.6744e-01	4.3256e-01	3.0293e-06	1.6055e-12	5.2489e-03	9.4080e-01	5.3946e-02	2.8691e-07	1.3208e-01	8.6666e-01	1.2624e-03	1.1755e-36	1.1755e-36	1.1755e-36	4.6799e-20	0.00e+00	0.00e+00	6.0140e+00
4.00573e+14	8.0629e+03	2.411e-14	1.0000e+05	9.0605e+04	9.3118e-12	1.2878e-01	8.7122e-01	6.1785e-01	3.8215e-01	2.4928e-06	2.4391e-12	5.2602e-03	9.4854e-01	4.6200e-02	1.9481e-07	1.5502e-01	8.4405e-01	9.2603e-04	1.1755e-36	1.1755e-36	1.1755e-36	7.9790e-20	0.00e+00	0.00e+00	6.5115e+00
4.06438e+14	8.0526e+03	2.366e-14	1.0000e+05	8.7914e+04	1.3461e-11	1.5176e-01	8.4824e-01	6.6533e-01	3.3467e-01	2.0533e-06	3.7135e-12	5.2277e-03	9.5511e-01	3.9659e-02	1.3227e-07	1.8185e-01	8.1747e-01	6.7466e-04	1.1755e-36	1.1755e-36	1.1755e-36	1.3691e-19	0.00e+00	0.00e+00	7.0493e+00
4.11850e+14	8.0432e+03	2.293e-14	1.0000e+05	8.4720e+04	1.9457e-11	1.7838e-01	8.2162e-01	7.0886e-01	2.9114e-01	1.6943e-06	5.6190e-12	5.1441e-03	9.6066e-01	3.4200e-02	1.1755e-36	2.1257e-01	7.8694e-01	4.8929e-04	1.1755e-36	1.1755e-36	1.1755e-36	2.3412e-19	0.00e+00	0.00e+00	7.6364e+00
4.16929e+14	7.9986e+03	2.200e-14	1.0000e+05	8.1216e+04	2.9059e-11	2.1037e-01	7.8963e-01	7.4848e-01	2.5152e-01	1.4033e-06	8.5985e-12	5.0293e-03	9.6554e-01	2.9426e-02	1.1755e-36	2.4901e-01	7.5064e-01	3.5056e-04	1.1755e-36	1.1755e-36	1.1755e-36	4.0970e-19	0.00e+00	0.00e+00	8.2934e+00
4.21695e+14	7.9467e+03	2.077e-14	1.0000e+05	7.7176e+04	4.3768e-11	2.4761e-01	7.5239e-01	7.8303e-01	2.1697e-01	1.1758e-06	1.3102e-11	4.8647e-03	9.6976e-01	2.5370e-02	1.1755e-36	2.9074e-01	7.0901e-01	2.4896e-04	1.1755e-36	1.1755e-36	1.1755e-36	7.2060e-19	0.00e+00	0.00e+00	9.0102e+00
4.25739e+14	7.8852e+03	1.942e-14	1.0000e+05	7.3115e+04	6.3980e-11	2.8592e-01	7.1408e-01	8.0969e-01	1.9031e-01	1.0159e-06	1.9045e-11	4.6772e-03	9.7307e-01	2.2250e-02	1.1755e-36	3.3294e-01	6.6687e-01	1.8204e-04	1.1755e-36	1.1755e-36	1.1755e-36	1.2025e-18	0.00e+00	0.00e+00	9.6428e+00
4.28752e+14	7.8208e+03	1.822e-14	1.0000e+05	6.9663e+04	8.6961e-11	3.1916e-01	6.8084e-01	8.2767e-01	1.7233e-01	9.1596e-07	2.5401e-11	4.5061e-03	9.7540e-01	2.0089e-02	1.1755e-36	3.6897e-01	6.3089e-01	1.4195e-04	1.1755e-36	1.1755e-36	1.1755e-36	1.7965e-18	0.00e+00	0.00e+00	1.0151e+01
4.31032e+14	7.7679e+03	1.717e-14	1.0000e+05	6.6764e+04	1.1066e-10	3.4686e-01	6.5314e-01	8.4038e-01	1.5962e-01	8.4919e-07	3.1687e-11	4.3556e-03	9.7709e-01	1.8550e-02	1.1755e-36	3.9857e-01	6.0131e-01	1.1650e-04	1.1755e-36	1.1755e-36	1.1755e-36	2.4553e-18	0.00e+00	0.00e+00	1.0597e+01
4.32989e+14	7.7032e+03	1.622e-14	1.0000e+05	6.4179e+04	1.3865e-10	3.7315e-01	6.2685e-01	8.5080e-01	1.4920e-01	7.9535e-07	3.8615e-11	4.2191e-03	9.7854e-01	1.7245e-02	1.1755e-36	4.2634e-01	5.7356e-01	9.7427e-05	1.1755e-36	1.1755e-36	1.1755e-36	3.2563e-18	0.00e+00	0.00e+00	1.1039e+01
4.34859e+14	7.6403e+03	1.522e-14	1.0000e+05	6.1466e+04	1.7250e-10	3.9963e-01	6.0037e-01	8.6016e-01	1.3984e-01	7.4991e-07	4.6568e-11	4.0708e-03	9.7986e-01	1.6072e-02	1.1755e-36	4.5398e-01	5.4594e-01	8.1687e-05	1.1755e-36	1.1755e-36	1.1755e-36	4.2636e-18	0.00e+00	0.00e+00	1.1510e+01
4.36635e+14	7.5761e+03	1.423e-14	1.0000e+05	5.8773e+04	2.1301e-10	4.2590e-01	5.7410e-01	8.6829e-01	1.3171e-01	7.1286e-07	5.5531e-11	3.9198e-03	9.8106e-01	1.5022e-02	1.1755e-36	4.8107e-01	5.1886e-01	6.8876e-05	1.1755e-36	1.1755e-36	1.1755e-36	5.5086e-18	0.00e+00	0.00e+00	1.1964e+01
4.38217e+14	7.5082e+03	1.332e-14	1.0000e+05	5.6251e+04	2.5909e-10	4.5027e-01	5.4973e-01	8.7499e-01	1.2501e-01	6.8413e-07	6.4886e-11	3.7761e-03	9.8209e-01	1.4131e-02	1.1755e-36	5.0592e-01	4.9402e-01	5.8986e-05	1.1755e-36	1.1755e-36	1.1755e-36	6.9202e-18	0.00e+00	0.00e+00	1.2383e+01
4.39611e+14	7.4426e+03	1.250e-14	1.0000e+05	5.3944e+04	3.0944e-10	4.7247e-01	5.2753e-01	8.8052e-01	1.1948e-01	6.6190e-07	7.4380e-11	3.6428e-03	9.8298e-01	1.3376e-02	1.1755e-36	5.2834e-01	4.7161e-01	5.1293e-05	1.1755e-36	1.1755e-36	1.1755e-36	8.4656e-18	0.00e+00	0.00e+00	1.2775e+01
4.40884e+14	7.3843e+03	1.174e-14	1.0000e+05	5.1747e+04	3.6342e-10	4.9296e-01	5.0704e-01	8.8526e-01	1.1474e-01	6.4461e-07	8.3978e-11	3.5131e-03	9.8376e-01	1.2723e-02	1.1755e-36	5.4882e-01	4.5113e-01	4.5065e-05	1.1755e-36	1.1755e-36	1.1755e-36	1.0136e-17	0.00e+00	0.00e+00	1.3158e+01
4.42078e+14	7.3114e+03	1.103e-14	1.0000e+05	4.9764e+04	4.2963e-10	5.1348e-01	4.8651e-01	8.8961e-01	1.1039e-01	6.2760e-07	9.4836e-11	3.3972e-03	9.8451e-01	1.2092e-02	1.1755e-36	5.6916e-01	4.3080e-01	3.9720e-05	1.1755e-36	1.1755e-36	1.1755e-36	1.2167e-17	0.00e+00	0.00e+00	1.3534e+01
4.43239e+14	7.2457e+03	1.034e-14	1.0000e+05	4.7726e+04	5.0331e-10	5.3329e-01	4.6671e-01	8.9348e-01	1.0652e-01	6.1495e-07	1.0616e-10	3.2752e-03	9.8521e-01	1.1519e-02	1.1755e-36	5.8862e-01	4.1135e-01	3.5092e-05	1.1755e-36	1.1755e-36	1.1755e-36	1.4424e-17	0.00e+00	0.00e+00	1.3925e+01
4.44201e+14	7.2008e+03	9.785e-15	1.0000e+05	4.6071e+04	5.6669e-10	5.4863e-01	4.5137e-01	8.9629e-01	1.0371e-01	6.0758e-07	1.1550e-10	3.1740e-03	9.8573e-01	1.1098e-02	1.1755e-36	6.0355e-01	3.9642e-01	3.1838e-05	1.1755e-36	1.1755e-36	1.1755e-36	1.6394e-17	0.00e+00	0.00e+00	1.4189e+01
4.44900e+14	7.1556e+03	9.385e-15	1.0000e+05	4.4869e+04	6.2527e-10	5.6057e-01	4.3943e-01	8.9834e-01	1.0166e-01	6.0167e-07	1.2341e-10	3.1012e-03	9.8612e-01	1.0774e-02	1.1755e-36	6.1512e-01	3.8485e-01	2.9548e-05	1.1755e-36	1.1755e-36	1.1755e-36	1.8138e-17	0.00e+00	0.00e+00	1.4414e+01
4.45555e+14	7.1120e+03	9.002e-15	1.0000e+05	4.3704e+04	6.8745e-10	5.7205e-01	4.2795e-01	9.0029e-01	9.9706e-02	5.9626e-07	1.3144e-10	3.0303e-03	9.8650e-01	1.0470e-02	1.1755e-36	6.2618e-01	3.7379e-01	2.7483e-05	1.1755e-36	1.1755e-36	1.1755e-36	1.9973e-17	0.00e+00	0.00e+00	1.4658e+01
4.46261e+14	7.0573e+03	8.596e-15	1.0000e+05	4.2438e+04	7.6621e-10	5.8461e-01	4.1539e-01	9.0238e-01	9.7615e-02	5.9042e-07	1.4079e-10	2.9536e-03	9.8690e-01	1.0143e-02	1.1755e-36	6.3823e-01	3.6174e-01	2.5393e-05	1.1755e-36	1.1755e-36	1.1755e-36	2.2180e-17	0.00e+00	0.00e+00	1.4930e+01
4.46997e+14	7.0026e+03	8.185e-15	1.0000e+05	4.1173e+04	8.5657e-10	5.9770e-01	4.0230e-01	9.0448e-01	9.5518e-02	5.8458e-07	1.5130e-10	2.8762e-03	9.8731e-01	9.8097e-03	1.1755e-36	6.5071e-01	3.4927e-01	2.3372e-05	1.1755e-36	1.1755e-36	1.1755e-36	2.4793e-17	0.00e+00	0.00e+00	1.5207e+01
4.47713e+14	6.9587e+03	7.787e-15	1.0000e+05	3.9890e+04	9.4547e-10	6.0967e-01	3.9033e-01	9.0626e-01	9.3743e-02	5.8208e-07	1.6110e-10	2.7959e-03	9.8769e-01	9.5161e-03	1.1755e-36	6.6207e-01	3.3791e-01	2.1602e-05	1.1755e-36	1.1755e-36	1.1755e-36	2.7318e-17	0.00e+00	0.00e+00	1.5476e+01
4.48418e+14	6.9007e+03	7.405e-15	1.0000e+05	3.8645e+04	1.0564e-09	6.2204e-01	3.7796e-01	9.0805e-01	9.1948e-02	5.7855e-07	1.7210e-10	2.7189e-03	9.8807e-01	9.2158e-03	1.1755e-36	6.7373e-01	3.2625e-01	1.9943e-05	1.1755e-36	1.1755e-36	1.1755e-36	3.0261e-17	0.00e+00	0.00e+00	1.5756e+01
4.49126e+14	6.8442e+03	7.034e-15	1.0000e+05	3.7437e+04	1.1793e-09	6.3439e-01	3.6561e-01	9.0981e-01	9.0189e-02	5.7511e-07	1.8393e-10	2.6437e-03	9.8844e-01	8.9200e-03	1.1755e-36	6.8531e-01	3.1467e-01	1.8393e-05	1.1755e-36	1.1755e-36	1.1755e-36	3.3580e-17	0.00e+00	0.00e+00	1.6037e+01
4.49816e+14	6.7902e+03	6.679e-15	1.0000e+05	3.6240e+04	1.3108e-09	6.4610e-01	3.5390e-01	9.1139e-01	8.8611e-02	5.7333e-07	1.9562e-10	2.5683e-03	9.8879e-01	8.6461e-03	1.1755e-36	6.9625e-01	3.0373e-01	1.7006e-05	1.1755e-36	1.1755e-36	1.1755e-36	3.6982e-17	0.00e+00	0.00e+00	1.6314e+01
4.50499e+14	6.7340e+03	6.335e-15	1.0000e+05	3.5062e+04	1.4595e-09	6.5769e-01	3.4231e-01	9.1291e-01	8.7090e-02	5.7190e-07	2.0793e-10	2.4940e-03	9.8913e-01	8.3793e-03	1.1755e-36	7.0701e-01	2.9297e-01	1.5723e-05	1.1755e-36	1.1755e-36	1.1755e-36	4.0704e-17	0.00e+00	0.00e+00	1.6599e+01
4.51187e+14	6.6784e+03	6.000e-15	1.0000e+05	3.3896e+04	1.6249e-09	6.6920e-01	3.3080e-01	9.1437e-01	8.5628e-02	5.7108e-07	2.2091e-10	2.4199e-03	9.8946e-01	8.1181e-03	1.1755e-36	7.1765e-01	2.8234e-01	1.4524e-05	1.1755e-36	1.1755e-36	1.1755e-36	4.4799e-17	0.00e+00	0.00e+00	1.6890e+01
4.51873e+14	6.6212e+03	5.675e-15	1.0000e+05	3.2733e+04	1.8112e-09	6.8050e-01	3.1950e-01	9.1577e-01	8.4231e-02	5.7101e-07	2.3432e-10	2.3457e-03	9.8979e-01	7.8665e-03	1.1755e-36	7.2801e-01	2.7197e-01	1.3419e-05	1.1755e-36	1.1755e-36	1.1755e-36	4.9184e-17	0.00e+00	0.00e+00	1.7184e+01
4.52557e+14	6.5541e+03	5.366e-15	1.0000e+05	3.1618e+04	2.0379e-09	6.9198e-01	3.0802e-01	9.1719e-01	8.2810e-02	5.6989e-07	2.4924e-10	2.2748e-03	9.9011e-01	7.6110e-03	1.1755e-36	7.3853e-01	2.6146e-01	1.2381e-05	1.1755e-36	1.1755e-36	1.1755e-36	5.4277e-17	0.00e+00	0.00e+00	1.7483e+01
4.53227e+14	6.5078e+03	5.070e-15	1.0000e+05	3.0511e+04	2.2447e-09	7.0229e-01	2.9771e-01	9.1831e-01	8.1687e-02	5.7254e-07	2.6266e-10	2.2025e-03	9.9041e-01	7.3877e-03	1.1755e-36	7.4790e-01	2.5209e-01	1.1468e-05	1.1755e-36	1.1755e-36	1.1755e-36	5.9055e-17	0.00e+00	0.00e+00	1.7774e+01
4.53901e+14	6.4407e+03	4.784e-15	1.0000e+05	2.9419e+04	2.5240e-09	7.1313e-01	2.8687e-01	9.1957e-01	8.0429e-02	5.7322e-07	2.7822e-10	2.1323e-03	9.9072e-01	7.1527e-03	1.1755e-36	7.5774e-01	2.4224e-01	1.0590e-05	1.1755e-36	1.1755e-36	1.1755e-36	6.4769e-17	0.00e+00	0.00e+00	1.8085e+01
4.54583e+14	6.3727e+03	4.508e-15	1.0000e+05	2.8344e+04	2.8426e-09	7.2386e-01	2.7614e-01	9.2078e-01	7.9221e-02	5.7440e-07	2.9463e-10	2.0628e-03	9.9101e-01	6.9230e-03	1.1755e-36	7.6742e-01	2.3257e-01	9.7739e-06	1.1755e-36	1.1755e-36	1.1755e-36	7.1068e-17	0.00e+00	0.00e+00	1.8393e+01
4.55248e+14	6.3075e+03	4.251e-15	1.0000e+05	2.7335e+04	3.1907e-09	7.3415e-01	2.6585e-01	9.2193e-01	7.8073e-02	5.7565e-07	3.1157e-10	1.9972e-03	9.9130e-01	6.7043e-03	1.1755e-36	7.7665e-01	2.2334e-01	9.0344e-06	1.1755e-36	1.1755e-36	1.1755e-36	7.7884e-17	0.00e+00	0.00e+00	1.8696e+01
4.55896e+14	6.2508e+03	4.008e-15	1.0000e+05	2.6344e+04	3.5466e-09	7.4366e-01	2.5634e-01	9.2292e-01	7.7080e-02	5.7890e-07	3.2764e-10	1.9319e-03	9.9156e-01	6.5043e-03	1.1755e-36	7.8515e-01	2.1484e-01	8.3732e-06	1.1755e-36	1.1755e-36	1.1755e-36	8.4599e-17	0.00e+00	0.00e+00	1.8999e+01
4.56553e+14	6.1806e+03	3.773e-15	1.0000e+05	2.5356e+04	4.0002e-09	7.5342e-01	2.4658e-01	9.2394e-01	7.6064e-02	5.8163e-07	3.4545e-10	1.8671e-03	9.9183e-01	6.3008e-03	1.1755e-36	7.9384e-01	2.0615e-01	7.7435e-06	1.1755e-36	1.1755e-36	1.1755e-36	9.2329e-17	0.00e+00	0.00e+00	1.9317e+01
4.57219e+14	6.1114e+03	3.547e-15	1.0000e+05	2.4409e+04	4.5154e-09	7.6316e-01	2.3684e-01	9.2498e-01	7.5023e-02	5.8392e-07	3.6491e-10	1.8048e-03	9.9210e-01	6.0982e-03	1.1755e-36	8.0247e-01	1.9752e-01	7.1495e-06	1.1755e-36	1.1755e-36	1.1755e-36	1.0123e-16	0.00e+00	0.00e+00	1.9636e+01
4.57870e+14	6.0461e+03	3.336e-15	1.0000e+05	2.3487e+04	5.0694e-09	7.7220e-01	2.2780e-01	9.2588e-01	7.4121e-02	5.8781e-07	3.8361e-10	1.7435e-03	9.9234e-01	5.9118e-03	1.1755e-36	8.1045e-01	1.8954e-01	6.6199e-06	1.1755e-36	1.1755e-36	1.1755e-36	1.1015e-16	0.00e+00	0.00e+00	1.9948e+01
4.58513e+14	5.9807e+03	3.137e-15	1.0000e+05	2.2599e+04	5.6947e-09	7.8101e-01	2.1899e-01	9.2676e-01	7.3242e-02	5.9181e-07	4.0317e-10	1.6843e-03	9.9258e-01	5.7309e-03	1.1755e-36	8.1819e-01	1.8180e-01	6.1300e-06	1.1755e-36	1.1755e-36	1.1755e-36	1.1994e-16	0.00e+00	0.00e+00	2.0267e+01
4.59163e+14	5.9123e+03	2.946e-15	1.0000e+05	2.1727e+04	6.4247e-09	7.8973e-01	2.1027e-01	9.2763e-01	7.2368e-02	5.9593e-07	4.2403e-10	1.6259e-03	9.9282e-01	5.5528e-03	1.1755e-36	8.2582e-01	1.7417e-01	5.6703e-06	1.1755e-36	1.1755e-36	1.1755e-36	1.3089e-16	0.00e+00	0.00e+00	2.0593e+01
4.59814e+14	5.8480e+03	2.764e-15	1.0000e+05	2.0860e+04	7.2154e-09	7.9794e-01	2.0206e-01	9.2839e-01	7.1613e-02	6.0198e-07	4.4423e-10	1.5674e-03	9.9305e-01	5.3858e-03	1.1755e-36	8.3299e-01	1.6700e-01	5.2513e-06	1.1755e-36	1.1755e-36	1.1755e-36	1.4199e-16	0.00e+00	0.00e+00	2.0919e+01
4.60450e+14	5.7815e+03	2.597e-15	1.0000e+05	2.0053e+04	8.1208e-09	8.0587e-01	1.9413e-01	9.2914e-01	7.0855e-02	6.0723e-07	4.6569e-10	1.5129e-03	9.9326e-01	5.2248e-03	1.1755e-36	8.3989e-01	1.6011e-01	4.8695e-06	1.1755e-36	1.1755e-36	1.1755e-36	1.5442e-16	0.00e+00	0.00e+00	2.1237e+01
4.61072e+14	5.7138e+03	2.441e-15	1.0000e+05	1.9283e+04	9.1532e-09	8.1348e-01	1.8652e-01	9.2988e-01	7.0123e-02	6.1247e-07	4.8797e-10	1.4608e-03	9.9347e-01	5.0709e-03	1.1755e-36	8.4648e-01	1.5351e-01	4.5205e-06	1.1755e-36	1.1755e-36	1.1755e-36	1.6804e-16	0.00e+00	0.00e+00	2.1556e+01
4.61693e+14	5.6449e+03	2.295e-15	1.0000e+05	1.8537e+04	1.0341e-08	8.2089e-01	1.7911e-01	9.3059e-01	6.9412e-02	6.1792e-07	5.1141e-10	1.4101e-03	9.9367e-01	4.9219e-03	1.1755e-36	8.5287e-01	1.4712e-01	4.1966e-06	1.1755e-36	1.1755e-36	1.1755e-36	1.8320e-16	0.00e+00	0.00e+00	2.1878e+01
4.62274e+14	5.5793e+03	2.167e-15	1.0000e+05	1.7872e+04	1.1607e-08	8.2752e-01	1.7248e-01	9.3123e-01	6.8766e-02	6.2288e-07	5.3429e-10	1.3649e-03	9.9385e-01	4.7886e-03	1.1755e-36	8.5859e-01	1.4141e-01	3.9192e-06	1.1755e-36	1.1755e-36	1.1755e-36	1.9886e-16	0.00e+00	0.00e+00	2.2160e+01
4.62793e+14	5.5154e+03	2.058e-15	1.0000e+05	1.7288e+04	1.2965e-08	8.3340e-01	1.6660e-01	9.3182e-01	6.8181e-02	6.2709e-07	5.5648e-10	1.3253e-03	9.9400e-01	4.6717e-03	1.1755e-36	8.6363e-01	1.3636e-01	3.6853e-06	1.1755e-36	1.1755e-36	1.1755e-36	2.1495e-16	0.00e+00	0.00e+00	2.2421e+01
4.63277e+14	5.4596e+03	1.960e-15	1.0000e+05	1.6759e+04	1.4325e-08	8.3873e-01	1.6127e-01	9.3234e-01	6.7654e-02	6.3143e-07	5.7802e-10	1.2891e-03	9.9415e-01	4.5648e-03	1.1755e-36	8.6821e-01	1.3179e-01	3.4774e-06	1.1755e-36	1.1755e-36	1.1755e-36	2.3140e-16	0.00e+00	0.00e+00	2.2672e+01
4.63764e+14	5.4045e+03	1.864e-15	1.0000e+05	1.6231e+04	1.5831e-08	8.4396e-01	1.5604e-01	9.3284e-01	6.7154e-02	6.3649e-07	6.0050e-10	1.2528e-03	9.9429e-01	4.4602e-03	1.1755e-36	8.7267e-01	1.2732e-01	3.2791e-06	1.1755e-36	1.1755e-36	1.1755e-36	2.4950e-16	0.00e+00	0.00e+00	2.2938e+01
4.64275e+14	5.3443e+03	1.769e-15	1.0000e+05	1.5689e+04	1.7655e-08	8.4936e-01	1.5064e-01	9.3337e-01	6.6630e-02	6.4177e-07	6.2590e-10	1.2156e-03	9.9443e-01	4.3534e-03	1.1755e-36	8.7726e-01	1.2274e-01	3.0832e-06	1.1755e-36	1.1755e-36	1.1755e-36	2.7118e-16	0.00e+00	0.00e+00	2.3219e+01
4.64791e+14	5.2844e+03	1.678e-15	1.0000e+05	1.5159e+04	1.9685e-08	8.5451e-01	1.4549e-01	9.3385e-01	6.6151e-02	6.4776e-07	6.5198e-10	1.1789e-03	9.9457e-01	4.2508e-03	1.1755e-36	8.8164e-01	1.1836e-01	2.9002e-06	1.1755e-36	1.1755e-36	1.1755e-36	2.9483e-16	0.00e+00	0.00e+00	2.3493e+01
4.65291e+14	5.2244e+03	1.594e-15	1.0000e+05	1.4674e+04	2.1971e-08	8.5952e-01	1.4048e-01	9.3437e-01	6.5625e-02	6.5220e-07	6.8106e-10	1.1455e-03	9.9470e-01	4.1513e-03	1.1755e-36	8.8589e-01	1.1411e-01	2.7304e-06	1.1755e-36	1.1755e-36	1.1755e-36	3.2282e-16	0.00e+00	0.00e+00	2.3760e+01
4.65773e+14	5.1683e+03	1.518e-15	1.0000e+05	1.4207e+04	2.4376e-08	8.6408e-01	1.3592e-01	9.3481e-01	6.5192e-02	6.5794e-07	7.0928e-10	1.1131e-03	9.9483e-01	4.0607e-03	1.1755e-36	8.8975e-01	1.1024e-01	2.5786e-06	1.1755e-36	1.1755e-36	1.1755e-36	3.5178e-16	0.00e+00	0.00e+00	2.4018e+01
4.66250e+14	5.1123e+03	1.445e-15	1.0000e+05	1.3760e+04	2.7062e-08	8.6853e-01	1.3147e-01	9.3524e-01	6.4755e-02	6.6344e-07	7.3989e-10	1.0819e-03	9.9495e-01	3.9727e-03	1.1755e-36	8.9351e-01	1.0649e-01	2.4356e-06	1.1755e-36	1.1755e-36	1.1755e-36	3.8513e-16	0.00e+00	0.00e+00	2.4281e+01
4.66731e+14	5.0545e+03	1.375e-15	1.0000e+05	1.3321e+04	3.0158e-08	8.7291e-01	1.2709e-01	9.3569e-01	6.4310e-02	6.6885e-07	7.7382e-10	1.0514e-03	9.9506e-01	3.8860e-03	1.1755e-36	8.9720e-01	1.0280e-01	2.2989e-06	1.1755e-36	1.1755e-36	1.1755e-36	4.2452e-16	0.00e+00	0.00e+00	2.4547e+01
4.67208e+14	4.9963e+03	1.309e-15	1.0000e+05	1.2898e+04	3.3645e-08	8.7712e-01	1.2288e-01	9.3612e-01	6.3883e-02	6.7432e-07	8.1052e-10	1.0219e-03	9.9518e-01	3.8025e-03	1.1755e-36	9.0074e-01	9.9260e-02	2.1722e-06	1.1755e-36	1.1755e-36	1.1755e-36	4.6983e-16	0.00e+00	0.00e+00	2.4808e+01
4.67670e+14	4.9390e+03	1.248e-15	1.0000e+05	1.2499e+04	3.7447e-08	8.8107e-01	1.1893e-01	9.3652e-01	6.3480e-02	6.7976e-07	8.4990e-10	9.9406e-04	9.9529e-01	3.7112e-03	1.1755e-36	9.0405e-01	9.5946e-02	2.0563e-06	1.1755e-36	1.1755e-36	1.1755e-36	5.1834e-16	0.00e+00	0.00e+00	2.5060e+01
4.68120e+14	4.8831e+03	1.191e-15	1.0000e+05	1.2119e+04	4.1613e-08	8.8481e-01	1.1519e-01	9.3690e-01	6.3095e-02	6.8520e-07	8.9114e-10	9.6750e-04	9.9541e-01	3.6240e-03	1.1755e-36	9.0719e-01	9.2805e-02	1.9492e-06	1.1755e-36	1.1755e-36	1.1755e-36	5.7250e-16	0.00e+00	0.00e+00	2.5310e+01
4.68567e+14	4.8272e+03	1.138e-15	1.0000e+05	1.1753e+04	4.6282e-08	8.8844e-01	1.1156e-01	9.3729e-01	6.2711e-02	6.9051e-07	9.3546e-10	9.4189e-04	9.9552e-01	3.5389e-03	1.1755e-36	9.1023e-01	8.9765e-02	1.8481e-06	1.1755e-36	1.1755e-36	1.1755e-36	6.3458e-16	0.00e+00	0.00e+00	2.5560e+01
4.69012e+14	4.7711e+03	1.087e-15	1.0000e+05	1.1399e+04	5.1524e-08	8.9195e-01	1.0805e-01	9.3767e-01	6.2333e-02	6.9580e-07	9.8312e-10	9.1709e-04	9.9563e-01	3.4559e-03	1.1755e-36	9.1317e-01	8.6828e-02	1.7528e-06	1.1755e-36	1.1755e-36	1.1755e-36	7.0591e-16	0.00e+00	0.00e+00	2.5810e+01
4.69451e+14	4.7158e+03	1.039e-15	1.0000e+05	1.1059e+04	5.7325e-08	8.9532e-01	1.0468e-01	9.3803e-01	6.1970e-02	7.0114e-07	1.0338e-09	8.9322e-04	9.9573e-01	3.3761e-03	1.1755e-36	9.1597e-01	8.4024e-02	1.6639e-06	1.1755e-36	1.1755e-36	1.1755e-36	7.8699e-16	0.00e+00	0.00e+00	2.6056e+01
4.69883e+14	4.6611e+03	9.935e-16	1.0000e+05	1.0733e+04	6.3751e-08	8.9854e-01	1.0146e-01	9.3838e-01	6.1615e-02	7.0641e-07	1.0878e-09	8.7030e-04	9.9583e-01	3.2990e-03	1.1755e-36	9.1866e-01	8.1339e-02	1.5807e-06	1.1755e-36	1.1755e-36	1.1755e-36	8.7961e-16	0.00e+00	0.00e+00	2.6300e+01
4.70311e+14	4.6085e+03	9.510e-16	1.0000e+05	1.0412e+04	7.0648e-08	9.0153e-01	9.8465e-02	9.3869e-01	6.1310e-02	7.1275e-07	1.1427e-09	8.4762e-04	9.9593e-01	3.2255e-03	1.1755e-36	9.2118e-01	7.8815e-02	1.5029e-06	1.1755e-36	1.1755e-36	1.1755e-36	9.8048e-16	0.00e+00	0.00e+00	2.6543e+01
4.70743e+14	4.5576e+03	9.094e-16	1.0000e+05	1.0103e+04	7.8213e-08	9.0457e-01	9.5430e-02	9.3901e-01	6.0990e-02	7.1882e-07	1.2033e-09	8.2566e-04	9.9602e-01	3.1530e-03	1.1755e-36	9.2367e-01	7.6327e-02	1.4287e-06	1.1755e-36	1.1755e-36	1.1755e-36	1.0991e-15	0.00e+00	0.00e+00	2.6792e+01
4.71187e+14	4.4982e+03	8.689e-16	1.0000e+05	9.7995e+03	8.7907e-08	9.0772e-01	9.2284e-02	9.3942e-01	6.0584e-02	7.2306e-07	1.2778e-09	8.0443e-04	9.9612e-01	3.0766e-03	1.1755e-36	9.2628e-01	7.3722e-02	1.3543e-06	1.1755e-36	1.1755e-36	1.1755e-36	1.2558e-15	0.00e+00	0.00e+00	2.7051e+01
4.71618e+14	4.4473e+03	8.322e-16	1.0000e+05	9.5075e+03	9.7284e-08	9.1044e-01	8.9560e-02	9.3969e-01	6.0310e-02	7.2981e-07	1.3465e-09	7.8355e-04	9.9621e-01	3.0092e-03	1.1755e-36	9.2854e-01	7.1462e-02	1.2891e-06	1.1755e-36	1.1755e-36	1.1755e-36	1.4119e-15	0.00e+00	0.00e+00	2.7286e+01
4.72035e+14	4.3898e+03	7.975e-16	1.0000e+05	9.2392e+03	1.0899e-07	9.1326e-01	8.6735e-02	9.4008e-01	5.9915e-02	7.3323e-07	1.4312e-09	7.6489e-04	9.9630e-01	2.9398e-03	1.1755e-36	9.3087e-01	6.9130e-02	1.2257e-06	1.1755e-36	1.1755e-36	1.1755e-36	1.6178e-15	0.00e+00	0.00e+00	2.7532e+01
4.72446e+14	4.3400e+03	7.654e-16	1.0000e+05	8.9742e+03	1.2033e-07	9.1573e-01	8.4270e-02	9.4034e-01	5.9655e-02	7.3961e-07	1.5096e-09	7.4594e-04	9.9638e-01	2.8778e-03	1.1755e-36	9.3291e-01	6.7090e-02	1.1694e-06	1.1755e-36	1.1755e-36	1.1755e-36	1.8236e-15	0.00e+00	0.00e+00	2.7760e+01
4.72854e+14	4.2840e+03	7.343e-16	1.0000e+05	8.7255e+03	1.3443e-07	9.1834e-01	8.1660e-02	9.4072e-01	5.9275e-02	7.4299e-07	1.6064e-09	7.2861e-04	9.9646e-01	2.8129e-03	1.1755e-36	9.3506e-01	6.4940e-02	1.1131e-06	1.1755e-36	1.1755e-36	1.1755e-36	2.0957e-15	0.00e+00	0.00e+00	2.8004e+01
4.73264e+14	4.2345e+03	7.048e-16	1.0000e+05	8.4740e+03	1.4826e-07	9.2067e-01	7.9334e-02	9.4098e-01	5.9024e-02	7.4949e-07	1.6977e-09	7.1056e-04	9.9654e-01	2.7535e-03	1.1755e-36	9.3698e-01	6.3020e-02	1.0620e-06	1.1755e-36	1.1755e-36	1.1755e-36	2.3727e-15	0.00e+00	0.00e+00	2.8237e+01
4.73678e+14	4.1767e+03	6.759e-16	1.0000e+05	8.2352e+03	1.6604e-07	9.2319e-01	7.6809e-02	9.4137e-01	5.8631e-02	7.5254e-07	1.8140e-09	6.9397e-04	9.9662e-01	2.6899e-03	1.1755e-36	9.3905e-01	6.0945e-02	1.0100e-06	1.1755e-36	1.1755e-36	1.1755e-36	2.7515e-15	0.00e+00	0.00e+00	2.8487e+01
4.74093e+14	4.1229e+03	6.488e-16	1.0000e+05	8.0000e+03	1.8431e-07	9.2549e-01	7.4509e-02	9.4168e-01	5.8322e-02	7.5742e-07	1.9294e-09	6.7734e-04	9.9669e-01	2.6309e-03	1.1755e-36	9.4095e-01	5.9053e-02	9.6265e-07	1.1755e-36	1.1755e-36	1.1755e-36	3.1584e-15	0.00e+00	0.00e+00	2.8721e+01
4.74496e+14	4.0702e+03	6.233e-16	1.0000e+05	7.7768e+03	2.0393e-07	9.2769e-01	7.2306e-02	9.4199e-01	5.8011e-02	7.6194e-07	2.0511e-09	6.6158e-04	9.9676e-01	2.5742e-03	1.1755e-36	9.4276e-01	5.7244e-02	9.1821e-07	1.1755e-36	1.1755e-36	1.1755e-36	3.6196e-15	0.00e+00	0.00e+00	2.8957e+01
4.74908e+14	4.0160e+03	5.982e-16	1.0000e+05	7.5534e+03	2.2590e-07	9.2991e-01	7.0093e-02	9.4231e-01	5.7691e-02	7.6654e-07	2.1848e-09	6.4580e-04	9.9684e-01	2.5172e-03	1.1755e-36	9.4457e-01	5.5429e-02	8.7454e-07	1.1755e-36	1.1755e-36	1.1755e-36	4.1649e-15	0.00e+00	0.00e+00	2.9204e+01
4.75334e+14	3.9598e+03	5.732e-16	1.0000e+05	7.3265e+03	2.5061e-07	9.3215e-01	6.7846e-02	9.4262e-01	5.7375e-02	7.7165e-07	2.3322e-09	6.2976e-04	9.9691e-01	2.4600e-03	1.1755e-36	9.4641e-01	5.3589e-02	8.3130e-07	1.1755e-36	1.1755e-36	1.1755e-36	4.8132e-15	0.00e+00	0.00e+00	2.9458e+01
