#depth	Te	Htot	hden	eden	2H_2/H	HI	HII	HeI	HeII	HeIII	CO/C	C1	C2	C3	C4	O1	O2	O3	O4	O5	O6	H2O/O	AV(point)	AV(extend)	Tau912
9.20246e+12	7.2834e+03	1.098e-18	5.9948e+02	6.5089e+02	1.0968e-15	1.2050e-03	9.9880e-01	6.5267e-03	9.8848e-01	4.9958e-03	7.4939e-19	3.8520e-05	1.0852e-01	8.8938e-01	2.0630e-03	3.1813e-04	3.0106e-01	6.9717e-01	1.4448e-03	1.1755e-36	1.1755e-36	6.3064e-27	0.00e+00	0.00e+00	8.3935e-05
5.52148e+13	7.2824e+03	1.097e-18	5.9948e+02	6.5084e+02	1.0970e-15	1.2048e-03	9.9880e-01	6.5265e-03	9.8848e-01	4.9922e-03	7.4864e-19	3.8488e-05	1.0851e-01	8.8939e-01	2.0684e-03	3.1797e-04	3.0097e-01	6.9727e-01	1.4399e-03	1.1755e-36	1.1755e-36	6.2986e-27	0.00e+00	0.00e+00	4.1960e-04
2.39264e+14	7.2800e+03	1.097e-18	5.9948e+02	6.5082e+02	1.0978e-15	1.2043e-03	9.9880e-01	6.5277e-03	9.8851e-01	4.9611e-03	7.4793e-19	3.8434e-05	1.0850e-01	8.8939e-01	2.0661e-03	3.1790e-04	3.0101e-01	6.9725e-01	1.4190e-03	1.1755e-36	1.1755e-36	6.2891e-27	0.00e+00	0.00e+00	1.7618e-03
9.75461e+14	7.2725e+03	1.095e-18	5.9948e+02	6.5082e+02	1.1021e-15	1.2038e-03	9.9880e-01	6.5365e-03	9.8867e-01	4.7961e-03	7.4889e-19	3.8391e-05	1.0862e-01	8.8929e-01	2.0509e-03	3.1836e-04	3.0140e-01	6.9694e-01	1.3383e-03	1.1755e-36	1.1755e-36	6.2843e-27	0.00e+00	0.00e+00	7.1283e-03
2.33006e+15	7.2533e+03	1.088e-18	5.9948e+02	6.5081e+02	1.1008e-15	1.1968e-03	9.9880e-01	6.5320e-03	9.8877e-01	4.7028e-03	7.3879e-19	3.8123e-05	1.0858e-01	8.8934e-01	2.0375e-03	3.1713e-04	3.0162e-01	6.9683e-01	1.2304e-03	1.1755e-36	1.1755e-36	6.1449e-27	0.00e+00	0.00e+00	1.4064e-02
4.09105e+15	7.2302e+03	1.081e-18	5.9948e+02	6.5080e+02	1.1015e-15	1.1905e-03	9.9881e-01	6.5343e-03	9.8903e-01	4.4393e-03	7.2958e-19	3.7966e-05	1.0864e-01	8.8931e-01	2.0102e-03	3.1647e-04	3.0213e-01	6.9645e-01	1.0992e-03	1.1755e-36	1.1755e-36	5.9985e-27	0.00e+00	0.00e+00	2.3033e-02
6.38033e+15	7.2045e+03	1.072e-18	5.9948e+02	6.5078e+02	1.1047e-15	1.1842e-03	9.9882e-01	6.5417e-03	9.8944e-01	4.0147e-03	7.2191e-19	3.7854e-05	1.0876e-01	8.8923e-01	1.9701e-03	3.1621e-04	3.0293e-01	6.9581e-01	9.4595e-04	1.1755e-36	1.1755e-36	5.8662e-27	0.00e+00	0.00e+00	3.4632e-02
9.35639e+15	7.1728e+03	1.063e-18	5.9948e+02	6.5077e+02	1.1112e-15	1.1782e-03	9.9882e-01	6.5572e-03	9.9001e-01	3.4353e-03	7.1525e-19	3.7796e-05	1.0900e-01	8.8904e-01	1.9165e-03	3.1660e-04	3.0417e-01	6.9473e-01	7.7504e-04	1.1755e-36	1.1755e-36	5.7274e-27	0.00e+00	0.00e+00	4.9634e-02
1.32253e+16	7.1407e+03	1.052e-18	5.9948e+02	6.5074e+02	1.1162e-15	1.1720e-03	9.9883e-01	6.5786e-03	9.9068e-01	2.7374e-03	7.0879e-19	3.7774e-05	1.0933e-01	8.8878e-01	1.8522e-03	3.1759e-04	3.0588e-01	6.9320e-01	5.9581e-04	1.1755e-36	1.1755e-36	5.5802e-27	0.00e+00	0.00e+00	6.9033e-02
1.82548e+16	7.1016e+03	1.040e-18	5.9948e+02	6.5070e+02	1.1266e-15	1.1665e-03	9.9883e-01	6.6127e-03	9.9140e-01	1.9886e-03	7.0510e-19	3.7836e-05	1.0983e-01	8.8835e-01	1.7791e-03	3.1977e-04	3.0834e-01	6.9092e-01	4.2159e-04	1.1755e-36	1.1755e-36	5.4421e-27	0.00e+00	0.00e+00	9.4134e-02
2.47932e+16	7.0593e+03	1.026e-18	5.9948e+02	6.5066e+02	1.1394e-15	1.1620e-03	9.9884e-01	6.6608e-03	9.9205e-01	1.2861e-03	7.0428e-19	3.7999e-05	1.1057e-01	8.8769e-01	1.7028e-03	3.2338e-04	3.1165e-01	6.8776e-01	2.6840e-04	1.1755e-36	1.1755e-36	5.3111e-27	0.00e+00	0.00e+00	1.2664e-01
3.32932e+16	7.0110e+03	1.011e-18	5.9948e+02	6.5062e+02	1.1564e-15	1.1596e-03	9.9884e-01	6.7308e-03	9.9255e-01	7.1990e-04	7.0703e-19	3.8324e-05	1.1165e-01	8.8669e-01	1.6268e-03	3.2909e-04	3.1609e-01	6.8344e-01	1.4956e-04	1.1755e-36	1.1755e-36	5.1769e-27	0.00e+00	0.00e+00	1.6881e-01
4.43431e+16	6.9600e+03	9.942e-19	5.9948e+02	6.5059e+02	1.1791e-15	1.1604e-03	9.9884e-01	6.8307e-03	9.9283e-01	3.3818e-04	7.1669e-19	3.8878e-05	1.1319e-01	8.8522e-01	1.5526e-03	3.3761e-04	3.2187e-01	6.7772e-01	7.0678e-05	1.1755e-36	1.1755e-36	5.0722e-27	0.00e+00	0.00e+00	2.2367e-01
5.87079e+16	6.9054e+03	9.762e-19	5.9948e+02	6.5056e+02	1.2103e-15	1.1668e-03	9.9883e-01	6.9768e-03	9.9289e-01	1.2881e-04	7.3673e-19	3.9789e-05	1.1544e-01	8.8304e-01	1.4768e-03	3.5035e-04	3.2948e-01	6.7014e-01	2.7354e-05	1.1755e-36	1.1755e-36	5.0049e-27	0.00e+00	0.00e+00	2.9538e-01
7.73823e+16	6.8521e+03	9.574e-19	5.9948e+02	6.5054e+02	1.2546e-15	1.1817e-03	9.9882e-01	7.1916e-03	9.9277e-01	3.8443e-05	7.7565e-19	4.1227e-05	1.1870e-01	8.7987e-01	1.3939e-03	3.6935e-04	3.3960e-01	6.6002e-01	8.3797e-06	1.1755e-36	1.1755e-36	5.0374e-27	0.00e+00	0.00e+00	3.8978e-01
1.01659e+17	6.8036e+03	9.384e-19	5.9948e+02	6.5050e+02	1.3144e-15	1.2101e-03	9.9879e-01	7.5152e-03	9.9248e-01	8.7667e-06	8.4365e-19	4.3498e-05	1.2349e-01	8.7517e-01	1.2971e-03	3.9816e-04	3.5324e-01	6.4636e-01	1.9843e-06	1.1755e-36	1.1755e-36	5.1965e-27	0.00e+00	0.00e+00	5.1547e-01
1.33219e+17	6.7638e+03	9.208e-19	5.9948e+02	6.5042e+02	1.4058e-15	1.2614e-03	9.9874e-01	8.0153e-03	9.9198e-01	1.5328e-06	9.7017e-19	4.7166e-05	1.3075e-01	8.6802e-01	1.1801e-03	4.4410e-04	3.7261e-01	6.2694e-01	3.6544e-07	1.1755e-36	1.1755e-36	5.6314e-27	0.00e+00	0.00e+00	6.8579e-01
1.74246e+17	6.7411e+03	9.065e-19	5.9948e+02	6.5031e+02	1.5648e-15	1.3517e-03	9.9865e-01	8.8353e-03	9.9116e-01	2.1628e-07	1.2273e-18	5.3256e-05	1.4218e-01	8.5673e-01	1.0376e-03	5.2065e-04	4.0064e-01	5.9884e-01	1.1755e-36	1.1755e-36	1.1755e-36	6.7289e-27	0.00e+00	0.00e+00	9.2306e-01
2.17082e+17	6.7556e+03	8.942e-19	5.9948e+02	6.5018e+02	1.6933e-15	1.4594e-03	9.9854e-01	9.8426e-03	9.9016e-01	3.6166e-08	1.5558e-18	6.0709e-05	1.5571e-01	8.4332e-01	9.0620e-04	6.1628e-04	4.3185e-01	5.6754e-01	1.1755e-36	1.1755e-36	1.1755e-36	7.9927e-27	0.00e+00	0.00e+00	1.1401e+00
2.52371e+17	6.7948e+03	8.916e-19	5.9948e+02	6.5006e+02	1.8503e-15	1.5800e-03	9.9842e-01	1.0960e-02	9.8904e-01	1.0395e-08	2.0120e-18	6.8874e-05	1.6991e-01	8.2921e-01	8.0263e-04	7.2322e-04	4.6188e-01	5.3740e-01	1.1755e-36	1.1755e-36	1.1755e-36	9.9856e-27	0.00e+00	0.00e+00	1.3272e+00
2.81415e+17	6.8484e+03	8.936e-19	5.9948e+02	6.4990e+02	2.0259e-15	1.7079e-03	9.9829e-01	1.2156e-02	9.8784e-01	4.1548e-09	2.6132e-18	7.7600e-05	1.8448e-01	8.1472e-01	7.1893e-04	8.3959e-04	4.9052e-01	5.0865e-01	1.1755e-36	1.1755e-36	1.1755e-36	1.2757e-26	0.00e+00	0.00e+00	1.5004e+00
3.09556e+17	6.9131e+03	8.987e-19	5.9948e+02	6.4970e+02	2.2775e-15	1.8651e-03	9.9813e-01	1.3669e-02	9.8633e-01	1.8137e-09	3.5658e-18	8.8409e-05	2.0202e-01	7.9726e-01	6.3678e-04	9.8802e-04	5.2251e-01	4.7650e-01	1.1755e-36	1.1755e-36	1.1755e-36	1.7384e-26	0.00e+00	0.00e+00	1.7085e+00
3.37980e+17	6.9919e+03	9.065e-19	5.9948e+02	6.4947e+02	2.5901e-15	2.0576e-03	9.9794e-01	1.5634e-02	9.8437e-01	8.3559e-10	5.0306e-18	1.0190e-04	2.2338e-01	7.7596e-01	5.5652e-04	1.1795e-03	5.5868e-01	4.4014e-01	1.1755e-36	1.1755e-36	1.1755e-36	2.4559e-26	0.00e+00	0.00e+00	1.9217e+00
3.63172e+17	7.0739e+03	9.163e-19	5.9948e+02	6.4920e+02	2.9480e-15	2.2690e-03	9.9773e-01	1.7947e-02	9.8205e-01	4.4017e-10	7.0830e-18	1.1700e-04	2.4677e-01	7.5263e-01	4.8604e-04	1.4008e-03	5.9505e-01	4.0355e-01	1.1755e-36	1.1755e-36	1.1755e-36	3.4711e-26	0.00e+00	0.00e+00	2.1193e+00
3.84575e+17	7.1543e+03	9.266e-19	5.9948e+02	6.4896e+02	3.3594e-15	2.4895e-03	9.9751e-01	2.0587e-02	9.7941e-01	2.6243e-10	9.8697e-18	1.3312e-04	2.7119e-01	7.2826e-01	4.2586e-04	1.6428e-03	6.2966e-01	3.6869e-01	1.1755e-36	1.1755e-36	1.1755e-36	4.8950e-26	0.00e+00	0.00e+00	2.3058e+00
4.03579e+17	7.2312e+03	9.375e-19	5.9948e+02	6.4871e+02	3.8434e-15	2.7259e-03	9.9727e-01	2.3690e-02	9.7631e-01	1.6835e-10	1.3695e-17	1.5056e-04	2.9728e-01	7.0220e-01	3.7197e-04	1.9136e-03	6.6352e-01	3.3457e-01	1.1755e-36	1.1755e-36	1.1755e-36	6.8985e-26	0.00e+00	0.00e+00	2.4938e+00
4.21303e+17	7.2961e+03	9.494e-19	5.9948e+02	6.4823e+02	4.4276e-15	2.9949e-03	9.9701e-01	2.7439e-02	9.7256e-01	1.1232e-10	1.8985e-17	1.7055e-04	3.2679e-01	6.7272e-01	3.2098e-04	2.2324e-03	6.9793e-01	2.9983e-01	1.1755e-36	1.1755e-36	1.1755e-36	9.6033e-26	0.00e+00	0.00e+00	2.6891e+00
4.37831e+17	7.3743e+03	9.618e-19	5.9948e+02	6.4793e+02	5.1420e-15	3.2922e-03	9.9671e-01	3.2264e-02	9.6774e-01	7.8166e-11	2.6738e-17	1.9305e-04	3.5934e-01	6.4019e-01	2.7419e-04	2.5984e-03	7.3225e-01	2.6515e-01	1.1755e-36	1.1755e-36	1.1755e-36	1.3820e-25	0.00e+00	0.00e+00	2.8863e+00
4.52934e+17	7.4323e+03	9.755e-19	5.9948e+02	6.4736e+02	6.0150e-15	3.6263e-03	9.9637e-01	3.8304e-02	9.6170e-01	5.6408e-11	3.7335e-17	2.1837e-04	3.9564e-01	6.0391e-01	2.3075e-04	3.0205e-03	7.6588e-01	2.3109e-01	1.1755e-36	1.1755e-36	1.1755e-36	1.9438e-25	0.00e+00	0.00e+00	3.0837e+00
4.66574e+17	7.4905e+03	9.886e-19	5.9948e+02	6.4664e+02	7.0238e-15	3.9865e-03	9.9601e-01	4.5722e-02	9.5428e-01	4.2148e-11	5.1663e-17	2.4530e-04	4.3407e-01	5.6549e-01	1.9216e-04	3.4879e-03	7.9771e-01	1.9880e-01	1.1755e-36	1.1755e-36	1.1755e-36	2.7170e-25	0.00e+00	0.00e+00	3.2783e+00
4.78934e+17	7.5471e+03	1.002e-18	5.9948e+02	6.4601e+02	8.2459e-15	4.3772e-03	9.9562e-01	5.5496e-02	9.4450e-01	3.2498e-11	7.1463e-17	2.7479e-04	4.7527e-01	5.2430e-01	1.5765e-04	4.0057e-03	8.2761e-01	1.6838e-01	1.1755e-36	1.1755e-36	1.1755e-36	3.8211e-25	0.00e+00	0.00e+00	3.4742e+00
4.90372e+17	7.5970e+03	1.015e-18	5.9948e+02	6.4511e+02	9.7146e-15	4.8093e-03	9.9519e-01	6.8559e-02	9.3144e-01	2.5482e-11	9.8396e-17	3.0671e-04	5.1974e-01	4.7983e-01	1.2639e-04	4.5880e-03	8.5597e-01	1.3944e-01	1.1755e-36	1.1755e-36	1.1755e-36	5.3341e-25	0.00e+00	0.00e+00	3.6754e+00
4.99423e+17	7.6418e+03	1.027e-18	5.9948e+02	6.4409e+02	1.1134e-14	5.2097e-03	9.9479e-01	8.3728e-02	9.1627e-01	2.1145e-11	1.2849e-16	3.3581e-04	5.6031e-01	4.3925e-01	1.0273e-04	5.1368e-03	8.7901e-01	1.1585e-01	1.1755e-36	1.1755e-36	1.1755e-36	7.0343e-25	0.00e+00	0.00e+00	3.8144e+00
5.05334e+17	7.6555e+03	1.036e-18	5.9948e+02	6.4304e+02	1.2376e-14	5.5142e-03	9.9449e-01	9.7305e-02	9.0269e-01	1.8538e-11	1.5452e-16	3.5702e-04	5.8995e-01	4.0960e-01	8.7414e-05	5.5554e-03	8.9426e-01	1.0018e-01	1.1755e-36	1.1755e-36	1.1755e-36	8.4893e-25	0.00e+00	0.00e+00	3.9141e+00
5.09932e+17	7.6779e+03	1.041e-18	5.9948e+02	6.4225e+02	1.3440e-14	5.7684e-03	9.9423e-01	1.1108e-01	8.8892e-01	1.6678e-11	1.7996e-16	3.7484e-04	6.1444e-01	3.8510e-01	7.5910e-05	5.9085e-03	9.0595e-01	8.8143e-02	1.1755e-36	1.1755e-36	1.1755e-36	9.9771e-25	0.00e+00	0.00e+00	4.0105e+00
5.15013e+17	7.7072e+03	1.047e-18	5.9948e+02	6.4135e+02	1.4781e-14	6.0724e-03	9.9393e-01	1.3060e-01	8.6940e-01	1.4704e-11	2.1469e-16	3.9542e-04	6.4270e-01	3.5684e-01	6.3677e-05	6.3319e-03	9.1857e-01	7.5098e-02	1.1755e-36	1.1755e-36	1.1755e-36	1.2076e-24	0.00e+00	0.00e+00	4.1426e+00
5.20337e+17	7.7247e+03	1.052e-18	5.9948e+02	6.3951e+02	1.6332e-14	6.4240e-03	9.9358e-01	1.5777e-01	8.4223e-01	1.2771e-11	2.5584e-16	4.1758e-04	6.7366e-01	3.2587e-01	5.1830e-05	6.8220e-03	9.3152e-01	6.1654e-02	1.1755e-36	1.1755e-36	1.1755e-36	1.4388e-24	0.00e+00	0.00e+00	4.2618e+00
5.24556e+17	7.7408e+03	1.058e-18	5.9948e+02	6.3823e+02	1.7986e-14	6.7313e-03	9.9327e-01	1.8825e-01	8.1175e-01	1.1355e-11	3.0069e-16	4.3656e-04	6.9962e-01	2.9990e-01	4.2916e-05	7.2515e-03	9.4175e-01	5.0994e-02	1.1755e-36	1.1755e-36	1.1755e-36	1.7179e-24	0.00e+00	0.00e+00	4.3519e+00
5.27696e+17	7.7533e+03	1.059e-18	5.9948e+02	6.3627e+02	1.9097e-14	6.9701e-03	9.9303e-01	2.1750e-01	7.8250e-01	1.0241e-11	3.3471e-16	4.5023e-04	7.1925e-01	2.8027e-01	3.6683e-05	7.5876e-03	9.4914e-01	4.3273e-02	1.1755e-36	1.1755e-36	1.1755e-36	1.9050e-24	0.00e+00	0.00e+00	4.4243e+00
5.30393e+17	7.7573e+03	1.061e-18	5.9948e+02	6.3474e+02	2.0484e-14	7.1944e-03	9.9281e-01	2.4934e-01	7.5066e-01	9.2768e-12	3.7328e-16	4.6233e-04	7.3624e-01	2.6327e-01	3.1558e-05	7.9001e-03	9.5525e-01	3.6853e-02	1.1755e-36	1.1755e-36	1.1755e-36	2.1441e-24	0.00e+00	0.00e+00	4.4965e+00
5.33440e+17	7.7650e+03	1.061e-18	5.9948e+02	6.3222e+02	2.1932e-14	7.4569e-03	9.9254e-01	2.9379e-01	7.0621e-01	8.1142e-12	4.1790e-16	4.7537e-04	7.5494e-01	2.4456e-01	2.6186e-05	8.2657e-03	9.6171e-01	3.0025e-02	1.1755e-36	1.1755e-36	1.1755e-36	2.3963e-24	0.00e+00	0.00e+00	4.5937e+00
5.36613e+17	7.7714e+03	1.060e-18	5.9948e+02	6.2974e+02	2.3760e-14	7.7495e-03	9.9225e-01	3.5373e-01	6.4627e-01	6.8979e-12	4.7476e-16	4.8858e-04	7.7372e-01	2.2577e-01	2.1198e-05	8.6696e-03	9.6798e-01	2.3354e-02	1.1755e-36	1.1755e-36	1.1755e-36	2.7339e-24	0.00e+00	0.00e+00	4.6787e+00
5.39128e+17	7.7722e+03	1.057e-18	5.9948e+02	6.2664e+02	2.5376e-14	7.9886e-03	9.9201e-01	4.1462e-01	5.8538e-01	5.8776e-12	5.2512e-16	4.9780e-04	7.8785e-01	2.1164e-01	1.7610e-05	8.9989e-03	9.7256e-01	1.8445e-02	1.1755e-36	1.1755e-36	1.1755e-36	3.0207e-24	0.00e+00	0.00e+00	4.7432e+00
5.41122e+17	7.7705e+03	1.053e-18	5.9948e+02	6.2341e+02	2.6999e-14	8.1815e-03	9.9182e-01	4.7199e-01	5.2801e-01	5.0632e-12	5.7385e-16	5.0390e-04	7.9819e-01	2.0129e-01	1.5013e-05	9.2630e-03	9.7580e-01	1.4933e-02	1.1755e-36	1.1755e-36	1.1755e-36	3.3212e-24	0.00e+00	0.00e+00	4.8007e+00
5.43258e+17	7.7663e+03	1.047e-18	5.9948e+02	6.1994e+02	2.8499e-14	8.4034e-03	9.9160e-01	5.4096e-01	4.5904e-01	4.1364e-12	6.2215e-16	5.1011e-04	8.0831e-01	1.9117e-01	1.2454e-05	9.5617e-03	9.7879e-01	1.1647e-02	1.1755e-36	1.1755e-36	1.1755e-36	3.5609e-24	0.00e+00	0.00e+00	4.8775e+00
5.46035e+17	7.7568e+03	1.037e-18	5.9948e+02	6.1446e+02	3.0777e-14	8.6983e-03	9.9130e-01	6.3751e-01	3.6249e-01	3.0119e-12	6.9214e-16	5.1586e-04	8.1931e-01	1.8016e-01	9.6335e-06	9.9529e-03	9.8188e-01	8.1719e-03	1.1755e-36	1.1755e-36	1.1755e-36	3.9188e-24	0.00e+00	0.00e+00	4.9809e+00
5.48923e+17	7.7402e+03	1.028e-18	5.9948e+02	6.0994e+02	3.4193e-14	9.0473e-03	9.9095e-01	7.4075e-01	2.5925e-01	2.0010e-12	7.9062e-16	5.2176e-04	8.2883e-01	1.7065e-01	7.2198e-06	1.0404e-02	9.8421e-01	5.3858e-03	1.1755e-36	1.1755e-36	1.1755e-36	4.5257e-24	0.00e+00	0.00e+00	5.0712e+00
5.51464e+17	7.7314e+03	1.018e-18	5.9948e+02	6.0445e+02	3.6473e-14	9.3492e-03	9.9065e-01	8.2058e-01	1.7942e-01	1.2900e-12	8.5835e-16	5.2396e-04	8.3495e-01	1.6452e-01	5.5152e-06	1.0790e-02	9.8558e-01	3.6302e-03	1.1755e-36	1.1755e-36	1.1755e-36	4.8530e-24	0.00e+00	0.00e+00	5.1577e+00
5.54274e+17	7.7190e+03	1.012e-18	5.9948e+02	6.0079e+02	4.0411e-14	9.7442e-03	9.9026e-01	8.8740e-01	1.1260e-01	7.5468e-13	9.6614e-16	5.2782e-04	8.4059e-01	1.5888e-01	3.9931e-06	1.1285e-02	9.8639e-01	2.3224e-03	1.1755e-36	1.1755e-36	1.1755e-36	5.5922e-24	0.00e+00	0.00e+00	5.2749e+00
5.57927e+17	7.7130e+03	1.010e-18	5.9948e+02	5.9756e+02	4.5233e-14	1.0315e-02	9.8969e-01	9.4149e-01	5.8515e-02	3.5988e-13	1.0990e-15	5.3282e-04	8.4634e-01	1.5312e-01	2.5866e-06	1.1991e-02	9.8672e-01	1.2933e-03	1.1755e-36	1.1755e-36	1.1755e-36	6.5257e-24	0.00e+00	0.00e+00	5.4361e+00
5.62676e+17	7.7137e+03	1.015e-18	5.9948e+02	5.9485e+02	5.1298e-14	1.1163e-02	9.8884e-01	9.7540e-01	2.4601e-02	1.3591e-13	1.2645e-15	5.3944e-04	8.5255e-01	1.4690e-01	1.4462e-06	1.3033e-02	9.8636e-01	6.0652e-04	1.1755e-36	1.1755e-36	1.1755e-36	7.7027e-24	0.00e+00	0.00e+00	5.6629e+00
5.68850e+17	7.7240e+03	1.029e-18	5.9948e+02	5.9313e+02	6.2340e-14	1.2485e-02	9.8751e-01	9.9159e-01	8.4134e-03	4.0869e-14	1.5667e-15	5.4914e-04	8.6013e-01	1.3932e-01	6.6848e-07	1.4651e-02	9.8512e-01	2.3182e-04	1.1755e-36	1.1755e-36	1.1755e-36	1.0291e-23	0.00e+00	0.00e+00	5.9928e+00
5.76876e+17	7.7388e+03	1.051e-18	5.9948e+02	5.9158e+02	8.5245e-14	1.4673e-02	9.8533e-01	9.9762e-01	2.3797e-03	9.8564e-15	2.1928e-15	5.6244e-04	8.7018e-01	1.2925e-01	2.4094e-07	1.7329e-02	9.8260e-01	6.9564e-05	1.1755e-36	1.1755e-36	1.1755e-36	1.6726e-23	0.00e+00	0.00e+00	6.4967e+00
5.84730e+17	7.7531e+03	1.078e-18	5.9948e+02	5.9006e+02	1.2718e-13	1.7695e-02	9.8230e-01	9.9924e-01	7.5835e-04	2.7329e-15	3.3453e-15	5.7640e-04	8.8068e-01	1.1874e-01	1.1755e-36	2.1031e-02	9.7895e-01	2.1707e-05	1.1755e-36	1.1755e-36	1.1755e-36	3.1622e-23	0.00e+00	0.00e+00	6.9412e+00
5.90297e+17	7.7534e+03	1.100e-18	5.9948e+02	5.8807e+02	1.7831e-13	2.0704e-02	9.7930e-01	9.9963e-01	3.7245e-04	1.2202e-15	4.7340e-15	5.8602e-04	8.8902e-01	1.1039e-01	1.1755e-36	2.4721e-02	9.7527e-01	9.8665e-06	1.1755e-36	1.1755e-36	1.1755e-36	5.3215e-23	0.00e+00	0.00e+00	7.2936e+00
5.94616e+17	7.7557e+03	1.115e-18	5.9948e+02	5.8596e+02	2.3795e-13	2.3687e-02	9.7631e-01	9.9978e-01	2.2208e-04	6.7428e-16	6.3718e-15	5.9335e-04	8.9603e-01	1.0338e-01	1.1755e-36	2.8383e-02	9.7161e-01	5.3566e-06	1.1755e-36	1.1755e-36	1.1755e-36	8.3061e-23	0.00e+00	0.00e+00	7.6650e+00
5.99380e+17	7.7330e+03	1.134e-18	5.9948e+02	5.8342e+02	3.4517e-13	2.7931e-02	9.7207e-01	9.9987e-01	1.2805e-04	3.5545e-16	9.2102e-15	6.0214e-04	9.0452e-01	9.4874e-02	1.1755e-36	3.3591e-02	9.6641e-01	2.6936e-06	1.1755e-36	1.1755e-36	1.1755e-36	1.4427e-22	0.00e+00	0.00e+00	8.2343e+00
6.04327e+17	7.7088e+03	1.153e-18	5.9948e+02	5.7975e+02	5.3884e-13	3.4079e-02	9.6592e-01	9.9993e-01	7.4348e-05	1.8966e-16	1.4307e-14	6.1049e-04	9.1385e-01	8.5539e-02	1.1755e-36	4.1133e-02	9.5887e-01	1.3224e-06	1.1755e-36	1.1755e-36	1.1755e-36	2.7955e-22	0.00e+00	0.00e+00	8.8159e+00
6.08503e+17	7.6766e+03	1.167e-18	5.9948e+02	5.7522e+02	8.5532e-13	4.1617e-02	9.5838e-01	9.9995e-01	4.7573e-05	1.1317e-16	2.2471e-14	6.1690e-04	9.2264e-01	7.6741e-02	1.1755e-36	5.0363e-02	9.4964e-01	7.0925e-07	1.1755e-36	1.1755e-36	1.1755e-36	5.5395e-22	0.00e+00	0.00e+00	9.4215e+00
6.12098e+17	7.6379e+03	1.177e-18	5.9948e+02	5.7001e+02	1.3587e-12	5.0937e-02	9.4906e-01	9.9997e-01	3.2439e-05	7.2756e-17	3.5126e-14	6.2155e-04	9.3094e-01	6.8437e-02	1.1755e-36	6.1746e-02	9.3825e-01	4.0360e-07	1.1755e-36	1.1755e-36	1.1755e-36	1.0858e-21	0.00e+00	0.00e+00	1.0067e+01
6.15251e+17	7.5937e+03	1.180e-18	5.9948e+02	5.6310e+02	2.1758e-12	6.2650e-02	9.3735e-01	9.9998e-01	2.3071e-05	4.9295e-17	5.4995e-14	6.2353e-04	9.3880e-01	6.0581e-02	1.1755e-36	7.5996e-02	9.2400e-01	2.3843e-07	1.1755e-36	1.1755e-36	1.1755e-36	2.1270e-21	0.00e+00	0.00e+00	1.0769e+01
6.18015e+17	7.5436e+03	1.174e-18	5.9948e+02	5.5432e+02	3.5300e-12	7.7508e-02	9.2249e-01	9.9998e-01	1.6966e-05	3.4886e-17	8.6649e-14	6.2261e-04	9.4621e-01	5.3172e-02	1.1755e-36	9.3972e-02	9.0603e-01	1.4503e-07	1.1755e-36	1.1755e-36	1.1755e-36	4.2012e-21	0.00e+00	0.00e+00	1.1522e+01
6.20109e+17	7.4955e+03	1.163e-18	5.9948e+02	5.4524e+02	5.4755e-12	9.3988e-02	9.0601e-01	9.9999e-01	1.3295e-05	2.6700e-17	1.3041e-13	6.1954e-04	9.5226e-01	4.7123e-02	1.1755e-36	1.1377e-01	8.8623e-01	9.6666e-08	1.1755e-36	1.1755e-36	1.1755e-36	7.7561e-21	0.00e+00	0.00e+00	1.2099e+01
6.21493e+17	7.4585e+03	1.146e-18	5.9948e+02	5.3615e+02	7.6006e-12	1.0847e-01	8.9153e-01	9.9999e-01	1.1338e-05	2.2528e-17	1.7614e-13	6.1409e-04	9.5645e-01	4.2934e-02	1.1755e-36	1.3105e-01	8.6895e-01	7.2190e-08	1.1755e-36	1.1755e-36	1.1755e-36	1.2166e-20	0.00e+00	0.00e+00	1.2569e+01
6.22623e+17	7.4189e+03	1.126e-18	5.9948e+02	5.2727e+02	1.0205e-11	1.2310e-01	8.7690e-01	9.9999e-01	9.9035e-06	1.9525e-17	2.2960e-13	6.0812e-04	9.6002e-01	3.9369e-02	1.1755e-36	1.4839e-01	8.5161e-01	5.5733e-08	1.1755e-36	1.1755e-36	1.1755e-36	1.8095e-20	0.00e+00	0.00e+00	1.3088e+01
6.23905e+17	7.3691e+03	1.092e-18	5.9948e+02	5.1413e+02	1.4590e-11	1.4327e-01	8.5673e-01	9.9999e-01	8.4188e-06	1.6529e-17	3.1498e-13	5.9787e-04	9.6411e-01	3.5289e-02	1.1755e-36	1.7211e-01	8.2789e-01	4.0647e-08	1.1755e-36	1.1755e-36	1.1755e-36	2.9056e-20	0.00e+00	0.00e+00	1.3874e+01
6.25292e+17	7.2845e+03	1.046e-18	5.9948e+02	4.9677e+02	2.3002e-11	1.7249e-01	8.2751e-01	9.9999e-01	6.9643e-06	1.3688e-17	4.6413e-13	5.8332e-04	9.6867e-01	3.0751e-02	1.1755e-36	2.0609e-01	7.9391e-01	2.8157e-08	1.1755e-36	1.1755e-36	1.1755e-36	5.1983e-20	0.00e+00	0.00e+00	1.4740e+01
6.26575e+17	7.1854e+03	9.825e-19	5.9948e+02	4.7477e+02	3.7355e-11	2.0902e-01	7.9098e-01	9.9999e-01	5.8796e-06	1.1700e-17	6.9236e-13	5.6302e-04	9.7301e-01	2.6430e-02	1.1755e-36	2.4791e-01	7.5209e-01	1.9278e-08	1.1755e-36	1.1755e-36	1.1755e-36	9.4845e-20	0.00e+00	0.00e+00	1.5720e+01
6.27729e+17	7.0604e+03	9.042e-19	5.9948e+02	4.4835e+02	6.2163e-11	2.5307e-01	7.4693e-01	9.9999e-01	5.0196e-06	1.0235e-17	1.0307e-12	5.3710e-04	9.7697e-01	2.2496e-02	1.1755e-36	2.9743e-01	7.0257e-01	1.3188e-08	1.1755e-36	1.1755e-36	1.1755e-36	1.7263e-19	0.00e+00	0.00e+00	1.6744e+01
6.28626e+17	6.9263e+03	8.249e-19	5.9948e+02	4.2151e+02	9.8704e-11	2.9780e-01	7.0220e-01	1.0000e+00	4.4413e-06	9.3620e-18	1.4452e-12	5.0958e-04	9.8006e-01	1.9432e-02	1.1755e-36	3.4668e-01	6.5332e-01	9.5111e-09	1.1755e-36	1.1755e-36	1.1755e-36	2.8724e-19	0.00e+00	0.00e+00	1.7562e+01
6.29217e+17	6.8115e+03	7.627e-19	5.9948e+02	4.0018e+02	1.3912e-10	3.3332e-01	6.6668e-01	1.0000e+00	4.1242e-06	8.9645e-18	1.8256e-12	4.8714e-04	9.8209e-01	1.7427e-02	1.1755e-36	3.8508e-01	6.1492e-01	7.5332e-09	1.1755e-36	1.1755e-36	1.1755e-36	4.0822e-19	0.00e+00	0.00e+00	1.8137e+01
6.29616e+17	6.7180e+03	7.166e-19	5.9948e+02	3.8419e+02	1.7871e-10	3.6003e-01	6.3997e-01	1.0000e+00	3.9436e-06	8.7853e-18	2.1417e-12	4.7011e-04	9.8344e-01	1.6089e-02	1.1755e-36	4.1355e-01	5.8645e-01	6.3796e-09	1.1755e-36	1.1755e-36	1.1755e-36	5.1883e-19	0.00e+00	0.00e+00	1.8604e+01
6.29951e+17	6.6270e+03	6.751e-19	5.9948e+02	3.6966e+02	2.2366e-10	3.8423e-01	6.1577e-01	1.0000e+00	3.7969e-06	8.6583e-18	2.4501e-12	4.5450e-04	9.8457e-01	1.4976e-02	1.1755e-36	4.3906e-01	5.6094e-01	5.5120e-09	1.1755e-36	1.1755e-36	1.1755e-36	6.3448e-19	0.00e+00	0.00e+00	1.9082e+01
6.30283e+17	6.5247e+03	6.320e-19	5.9948e+02	3.5430e+02	2.8311e-10	4.0981e-01	5.9019e-01	1.0000e+00	3.6515e-06	8.5462e-18	2.7985e-12	4.3784e-04	9.8567e-01	1.3896e-02	1.1755e-36	4.6573e-01	5.3427e-01	4.7462e-09	1.1755e-36	1.1755e-36	1.1755e-36	7.7362e-19	0.00e+00	0.00e+00	1.9601e+01
6.30604e+17	6.4135e+03	5.888e-19	5.9948e+02	3.3847e+02	3.6082e-10	4.3615e-01	5.6385e-01	1.0000e+00	3.5197e-06	8.4766e-18	3.1807e-12	4.2050e-04	9.8670e-01	1.2879e-02	1.1755e-36	4.9287e-01	5.0713e-01	4.0895e-09	1.1755e-36	1.1755e-36	1.1755e-36	9.3572e-19	0.00e+00	0.00e+00	2.0110e+01
6.30891e+17	6.3026e+03	5.492e-19	5.9948e+02	3.2360e+02	4.5407e-10	4.6088e-01	5.3912e-01	1.0000e+00	3.4154e-06	8.4618e-18	3.5607e-12	4.0411e-04	9.8760e-01	1.1997e-02	1.1755e-36	5.1806e-01	4.8194e-01	3.5692e-09	1.1755e-36	1.1755e-36	1.1755e-36	1.1058e-18	0.00e+00	0.00e+00	2.0571e+01
6.31138e+17	6.1961e+03	5.145e-19	5.9948e+02	3.1022e+02	5.6079e-10	4.8316e-01	5.1684e-01	1.0000e+00	3.3359e-06	8.4886e-18	3.9204e-12	3.8925e-04	9.8836e-01	1.1252e-02	1.1755e-36	5.4052e-01	4.5948e-01	3.1638e-09	1.1755e-36	1.1755e-36	1.1755e-36	1.2743e-18	0.00e+00	0.00e+00	2.0991e+01
6.31359e+17	6.0909e+03	4.829e-19	5.9948e+02	2.9777e+02	6.8569e-10	5.0387e-01	4.9613e-01	1.0000e+00	3.2707e-06	8.5399e-18	4.2691e-12	3.7537e-04	9.8903e-01	1.0597e-02	1.1755e-36	5.6121e-01	4.3879e-01	2.8317e-09	1.1755e-36	1.1755e-36	1.1755e-36	1.4440e-18	0.00e+00	0.00e+00	2.1398e+01
6.31568e+17	5.9833e+03	4.531e-19	5.9948e+02	2.8571e+02	8.3766e-10	5.2392e-01	4.7608e-01	1.0000e+00	3.2129e-06	8.6096e-18	4.6193e-12	3.6185e-04	9.8964e-01	9.9939e-03	1.1755e-36	5.8106e-01	4.1894e-01	2.5454e-09	1.1755e-36	1.1755e-36	1.1755e-36	1.6205e-18	0.00e+00	0.00e+00	2.1802e+01
6.31766e+17	5.8700e+03	4.249e-19	5.9948e+02	2.7405e+02	1.0279e-09	5.4360e-01	4.5640e-01	1.0000e+00	3.1590e-06	8.6847e-18	4.9783e-12	3.4884e-04	9.9022e-01	9.4293e-03	1.1755e-36	6.0038e-01	3.9962e-01	2.2948e-09	1.1755e-36	1.1755e-36	1.1755e-36	1.8079e-18	0.00e+00	0.00e+00	2.2200e+01
6.31926e+17	5.7793e+03	4.028e-19	5.9948e+02	2.6459e+02	1.2111e-09	5.5913e-01	4.4087e-01	1.0000e+00	3.1192e-06	8.7693e-18	5.2663e-12	3.3807e-04	9.9066e-01	9.0055e-03	1.1755e-36	6.1550e-01	3.8450e-01	2.1153e-09	1.1755e-36	1.1755e-36	1.1755e-36	1.9626e-18	0.00e+00	0.00e+00	2.2468e+01
6.32042e+17	5.7067e+03	3.868e-19	5.9948e+02	2.5762e+02	1.3768e-09	5.7074e-01	4.2926e-01	1.0000e+00	3.1001e-06	8.8601e-18	5.4886e-12	3.3019e-04	9.9097e-01	8.6962e-03	1.1755e-36	6.2675e-01	3.7325e-01	1.9903e-09	1.1755e-36	1.1755e-36	1.1755e-36	2.0851e-18	0.00e+00	0.00e+00	2.2694e+01
6.32151e+17	5.6341e+03	3.715e-19	5.9948e+02	2.5092e+02	1.5639e-09	5.8197e-01	4.1803e-01	1.0000e+00	3.0791e-06	8.9421e-18	5.7095e-12	3.2262e-04	9.9127e-01	8.4027e-03	1.1755e-36	6.3757e-01	3.6243e-01	1.8756e-09	1.1755e-36	1.1755e-36	1.1755e-36	2.2098e-18	0.00e+00	0.00e+00	2.2943e+01
6.32270e+17	5.5511e+03	3.548e-19	5.9948e+02	2.4344e+02	1.8075e-09	5.9433e-01	4.0567e-01	1.0000e+00	3.0543e-06	9.0355e-18	5.9563e-12	3.1410e-04	9.9160e-01	8.0883e-03	1.1755e-36	6.4942e-01	3.5058e-01	1.7565e-09	1.1755e-36	1.1755e-36	1.1755e-36	2.3522e-18	0.00e+00	0.00e+00	2.3226e+01
6.32396e+17	5.4562e+03	3.377e-19	5.9948e+02	2.3568e+02	2.1285e-09	6.0763e-01	3.9237e-01	1.0000e+00	3.0257e-06	9.1216e-18	6.2366e-12	3.0537e-04	9.9194e-01	7.7593e-03	1.1755e-36	6.6210e-01	3.3790e-01	1.6376e-09	1.1755e-36	1.1755e-36	1.1755e-36	2.5209e-18	0.00e+00	0.00e+00	2.3517e+01
6.32518e+17	5.3638e+03	3.215e-19	5.9948e+02	2.2810e+02	2.4978e-09	6.2028e-01	3.7972e-01	1.0000e+00	3.0028e-06	9.2306e-18	6.5082e-12	2.9675e-04	9.9225e-01	7.4553e-03	1.1755e-36	6.7410e-01	3.2590e-01	1.5311e-09	1.1755e-36	1.1755e-36	1.1755e-36	2.6902e-18	0.00e+00	0.00e+00	2.3792e+01
6.32633e+17	5.2722e+03	3.064e-19	5.9948e+02	2.2090e+02	2.9264e-09	6.3230e-01	3.6770e-01	1.0000e+00	2.9840e-06	9.3472e-18	6.7770e-12	2.8855e-04	9.9254e-01	7.1735e-03	1.1755e-36	6.8545e-01	3.1455e-01	1.4358e-09	1.1755e-36	1.1755e-36	1.1755e-36	2.8656e-18	0.00e+00	0.00e+00	2.4062e+01
6.32746e+17	5.1782e+03	2.919e-19	5.9948e+02	2.1382e+02	3.4426e-09	6.4414e-01	3.5586e-01	1.0000e+00	2.9663e-06	9.4692e-18	7.0548e-12	2.8049e-04	9.9282e-01	6.9027e-03	1.1755e-36	6.9656e-01	3.0344e-01	1.3471e-09	1.1755e-36	1.1755e-36	1.1755e-36	3.0566e-18	0.00e+00	0.00e+00	2.4337e+01
6.32859e+17	5.0775e+03	2.777e-19	5.9948e+02	2.0668e+02	4.0925e-09	6.5602e-01	3.4398e-01	1.0000e+00	2.9487e-06	9.5961e-18	7.3499e-12	2.7241e-04	9.9309e-01	6.6383e-03	1.1755e-36	7.0766e-01	2.9234e-01	1.2635e-09	1.1755e-36	1.1755e-36	1.1755e-36	3.2723e-18	0.00e+00	0.00e+00	2.4616e+01
6.32970e+17	4.9749e+03	2.639e-19	5.9948e+02	1.9966e+02	4.8829e-09	6.6777e-01	3.3223e-01	1.0000e+00	2.9322e-06	9.7284e-18	7.6624e-12	2.6446e-04	9.9336e-01	6.3781e-03	1.1755e-36	7.1860e-01	2.8140e-01	1.1850e-09	1.1755e-36	1.1755e-36	1.1755e-36	3.5142e-18	0.00e+00	0.00e+00	2.4896e+01
6.33080e+17	4.8685e+03	2.508e-19	5.9948e+02	1.9277e+02	5.8512e-09	6.7929e-01	3.2071e-01	1.0000e+00	2.9168e-06	9.8655e-18	7.9794e-12	2.5667e-04	9.9363e-01	6.1157e-03	1.1755e-36	7.2926e-01	2.7074e-01	1.1124e-09	1.1755e-36	1.1755e-36	1.1755e-36	3.7652e-18	0.00e+00	0.00e+00	2.5174e+01
6.33187e+17	4.7671e+03	2.381e-19	5.9948e+02	1.8590e+02	6.9604e-09	6.9014e-01	3.0986e-01	1.0000e+00	2.9077e-06	1.0041e-17	8.2797e-12	2.4875e-04	9.9388e-01	5.8730e-03	1.1755e-36	7.3925e-01	2.6075e-01	1.0465e-09	1.1755e-36	1.1755e-36	1.1755e-36	4.0187e-18	0.00e+00	0.00e+00	2.5451e+01
6.33294e+17	4.6547e+03	2.259e-19	5.9948e+02	1.7919e+02	8.4203e-09	7.0135e-01	2.9865e-01	1.0000e+00	2.8947e-06	1.0193e-17	8.6253e-12	2.4122e-04	9.9413e-01	5.6256e-03	1.1755e-36	7.4955e-01	2.5045e-01	9.8255e-10	1.1755e-36	1.1755e-36	1.1755e-36	4.3368e-18	0.00e+00	0.00e+00	2.5738e+01
6.33400e+17	4.5374e+03	2.142e-19	5.9948e+02	1.7268e+02	1.0255e-08	7.1259e-01	2.8741e-01	1.0000e+00	2.8789e-06	1.0328e-17	9.0037e-12	2.3406e-04	9.9438e-01	5.3818e-03	1.1755e-36	7.5980e-01	2.4020e-01	9.2206e-10	1.1755e-36	1.1755e-36	1.1755e-36	4.7176e-18	0.00e+00	0.00e+00	2.6020e+01
6.33482e+17	4.4490e+03	2.059e-19	5.9948e+02	1.6785e+02	1.1865e-08	7.2057e-01	2.7943e-01	1.0000e+00	2.8673e-06	1.0436e-17	9.2816e-12	2.2868e-04	9.9456e-01	5.2104e-03	1.1755e-36	7.6707e-01	2.3293e-01	8.8121e-10	1.1755e-36	1.1755e-36	1.1755e-36	5.0207e-18	0.00e+00	0.00e+00	2.6180e+01
6.33533e+17	4.3930e+03	2.007e-19	5.9948e+02	1.6466e+02	1.2993e-08	7.2544e-01	2.7456e-01	1.0000e+00	2.8687e-06	1.0548e-17	9.4484e-12	2.2512e-04	9.9467e-01	5.1068e-03	1.1755e-36	7.7151e-01	2.2849e-01	8.5655e-10	1.1755e-36	1.1755e-36	1.1755e-36	5.2135e-18	0.00e+00	0.00e+00	2.6298e+01
6.33579e+17	4.3417e+03	1.958e-19	5.9948e+02	1.6199e+02	1.4137e-08	7.3043e-01	2.6957e-01	1.0000e+00	2.8632e-06	1.0611e-17	9.6427e-12	2.2219e-04	9.9478e-01	5.0018e-03	1.1755e-36	7.7601e-01	2.2399e-01	8.3172e-10	1.1755e-36	1.1755e-36	1.1755e-36	5.4429e-18	0.00e+00	0.00e+00	2.6435e+01
6.33634e+17	4.2704e+03	1.900e-19	5.9948e+02	1.5851e+02	1.5814e-08	7.3637e-01	2.6363e-01	1.0000e+00	2.8551e-06	1.0688e-17	9.8765e-12	2.1845e-04	9.9490e-01	4.8781e-03	1.1755e-36	7.8138e-01	2.1862e-01	8.0337e-10	1.1755e-36	1.1755e-36	1.1755e-36	5.7363e-18	0.00e+00	0.00e+00	2.6607e+01
6.33694e+17	4.2035e+03	1.840e-19	5.9948e+02	1.5484e+02	1.7531e-08	7.4216e-01	2.5784e-01	1.0000e+00	2.8501e-06	1.0801e-17	1.0092e-11	2.1437e-04	9.9503e-01	4.7579e-03	1.1755e-36	7.8660e-01	2.1340e-01	7.7567e-10	1.1755e-36	1.1755e-36	1.1755e-36	6.0194e-18	0.00e+00	0.00e+00	2.6769e+01
6.33753e+17	4.1320e+03	1.782e-19	5.9948e+02	1.5129e+02	1.9495e-08	7.4807e-01	2.5193e-01	1.0000e+00	2.8446e-06	1.0900e-17	1.0326e-11	2.1053e-04	9.9515e-01	4.6366e-03	1.1755e-36	7.9192e-01	2.0808e-01	7.4851e-10	1.1755e-36	1.1755e-36	1.1755e-36	6.3397e-18	0.00e+00	0.00e+00	2.6937e+01
6.33812e+17	4.0592e+03	1.725e-19	5.9948e+02	1.4775e+02	2.1616e-08	7.5396e-01	2.4604e-01	1.0000e+00	2.8386e-06	1.1000e-17	1.0559e-11	2.0673e-04	9.9528e-01	4.5168e-03	1.1755e-36	7.9721e-01	2.0279e-01	7.2210e-10	1.1755e-36	1.1755e-36	1.1755e-36	6.6717e-18	0.00e+00	0.00e+00	2.7104e+01
6.33871e+17	3.9851e+03	1.669e-19	5.9948e+02	1.4419e+02	2.3878e-08	7.5983e-01	2.4017e-01	1.0000e+00	2.8332e-06	1.1106e-17	1.0787e-11	2.0294e-04	9.9540e-01	4.3984e-03	1.1755e-36	8.0247e-01	1.9753e-01	6.9632e-10	1.1755e-36	1.1755e-36	1.1755e-36	7.0075e-18	0.00e+00	0.00e+00	2.7276e+01
###########################
9.20246e+12	7.2946e+03	1.097e-18	5.9948e+02	6.5089e+02	9.7865e-16	1.2026e-03	9.9880e-01	6.5163e-03	9.8848e-01	5.0010e-03	6.6948e-19	3.7504e-05	1.0828e-01	8.8961e-01	2.0739e-03	3.1704e-04	3.0072e-01	6.9751e-01	1.4464e-03	1.1755e-36	1.1755e-36	5.0675e-27	0.00e+00	0.00e+00	8.3764e-05
5.52148e+13	7.2936e+03	1.097e-18	5.9948e+02	6.5084e+02	9.7187e-16	1.2024e-03	9.9880e-01	6.5164e-03	9.8849e-01	4.9974e-03	6.6396e-19	3.7582e-05	1.0828e-01	8.8960e-01	2.0764e-03	3.1690e-04	3.0063e-01	6.9761e-01	1.4414e-03	1.1755e-36	1.1755e-36	4.9853e-27	0.00e+00	0.00e+00	4.1878e-04
2.39264e+14	7.2913e+03	1.096e-18	5.9948e+02	6.5083e+02	9.5599e-16	1.2019e-03	9.9880e-01	6.5176e-03	9.8852e-01	4.9662e-03	6.5179e-19	3.7551e-05	1.0829e-01	8.8960e-01	2.0715e-03	3.1680e-04	3.0063e-01	6.9763e-01	1.4206e-03	1.1755e-36	1.1755e-36	4.8038e-27	0.00e+00	0.00e+00	1.7583e-03
9.75461e+14	7.2838e+03	1.094e-18	5.9948e+02	6.5082e+02	9.6937e-16	1.2015e-03	9.9880e-01	6.5266e-03	9.8867e-01	4.8011e-03	6.5924e-19	3.7559e-05	1.0842e-01	8.8949e-01	2.0545e-03	3.1716e-04	3.0092e-01	6.9742e-01	1.3400e-03	1.1755e-36	1.1755e-36	4.8987e-27	0.00e+00	0.00e+00	7.1146e-03
2.33006e+15	7.2652e+03	1.087e-18	5.9948e+02	6.5081e+02	9.7056e-16	1.1942e-03	9.9881e-01	6.5214e-03	9.8877e-01	4.7082e-03	6.5156e-19	3.7333e-05	1.0838e-01	8.8954e-01	2.0405e-03	3.1550e-04	3.0086e-01	6.9760e-01	1.2326e-03	1.1755e-36	1.1755e-36	4.8152e-27	0.00e+00	0.00e+00	1.4035e-02
4.09105e+15	7.2426e+03	1.080e-18	5.9948e+02	6.5080e+02	9.7311e-16	1.1877e-03	9.9881e-01	6.5232e-03	9.8903e-01	4.4447e-03	6.4446e-19	3.7213e-05	1.0843e-01	8.8952e-01	2.0129e-03	3.1450e-04	3.0113e-01	6.9745e-01	1.1016e-03	1.1755e-36	1.1755e-36	4.7212e-27	0.00e+00	0.00e+00	2.2984e-02
6.38033e+15	7.2172e+03	1.072e-18	5.9948e+02	6.5079e+02	9.7620e-16	1.1813e-03	9.9882e-01	6.5302e-03	9.8945e-01	4.0198e-03	6.3756e-19	3.7139e-05	1.0855e-01	8.8944e-01	1.9726e-03	3.1398e-04	3.0175e-01	6.9699e-01	9.4830e-04	1.1755e-36	1.1755e-36	4.6196e-27	0.00e+00	0.00e+00	3.4554e-02
9.35639e+15	7.1853e+03	1.063e-18	5.9948e+02	6.5077e+02	9.8241e-16	1.1753e-03	9.9882e-01	6.5456e-03	9.9001e-01	3.4398e-03	6.3174e-19	3.7114e-05	1.0879e-01	8.8925e-01	1.9187e-03	3.1424e-04	3.0289e-01	6.9602e-01	7.7711e-04	1.1755e-36	1.1755e-36	4.5125e-27	0.00e+00	0.00e+00	4.9518e-02
1.32253e+16	7.1530e+03	1.052e-18	5.9948e+02	6.5074e+02	9.8666e-16	1.1691e-03	9.9883e-01	6.5671e-03	9.9069e-01	2.7410e-03	6.2597e-19	3.7132e-05	1.0912e-01	8.8899e-01	1.8542e-03	3.1523e-04	3.0459e-01	6.9450e-01	5.9742e-04	1.1755e-36	1.1755e-36	4.3951e-27	0.00e+00	0.00e+00	6.8868e-02
1.82548e+16	7.1135e+03	1.040e-18	5.9948e+02	6.5070e+02	9.9688e-16	1.1637e-03	9.9884e-01	6.6015e-03	9.9141e-01	1.9912e-03	6.2352e-19	3.7235e-05	1.0963e-01	8.8855e-01	1.7808e-03	3.1756e-04	3.0714e-01	6.9212e-01	4.2267e-04	1.1755e-36	1.1755e-36	4.2938e-27	0.00e+00	0.00e+00	9.3909e-02
2.47932e+16	7.0708e+03	1.026e-18	5.9948e+02	6.5066e+02	1.0095e-15	1.1593e-03	9.9884e-01	6.6500e-03	9.9206e-01	1.2877e-03	6.2403e-19	3.7442e-05	1.1038e-01	8.8788e-01	1.7042e-03	3.2142e-04	3.1064e-01	6.8877e-01	2.6902e-04	1.1755e-36	1.1755e-36	4.2021e-27	0.00e+00	0.00e+00	1.2634e-01
3.32932e+16	7.0218e+03	1.011e-18	5.9948e+02	6.5063e+02	1.0275e-15	1.1571e-03	9.9884e-01	6.7206e-03	9.9256e-01	7.2080e-04	6.2867e-19	3.7811e-05	1.1148e-01	8.8685e-01	1.6279e-03	3.2742e-04	3.1530e-01	6.8422e-01	1.4985e-04	1.1755e-36	1.1755e-36	4.1186e-27	0.00e+00	0.00e+00	1.6842e-01
4.43431e+16	6.9699e+03	9.937e-19	5.9948e+02	6.5059e+02	1.0504e-15	1.1581e-03	9.9884e-01	6.8210e-03	9.9284e-01	3.3858e-04	6.3932e-19	3.8409e-05	1.1305e-01	8.8536e-01	1.5534e-03	3.3621e-04	3.2129e-01	6.7830e-01	7.0793e-05	1.1755e-36	1.1755e-36	4.0550e-27	0.00e+00	0.00e+00	2.2317e-01
5.87079e+16	6.9143e+03	9.757e-19	5.9948e+02	6.5057e+02	1.0810e-15	1.1646e-03	9.9884e-01	6.9676e-03	9.9290e-01	1.2895e-04	6.5902e-19	3.9364e-05	1.1533e-01	8.8315e-01	1.4773e-03	3.4914e-04	3.2905e-01	6.7057e-01	2.7392e-05	1.1755e-36	1.1755e-36	4.0177e-27	0.00e+00	0.00e+00	2.9474e-01
7.73823e+16	6.8596e+03	9.568e-19	5.9948e+02	6.5054e+02	1.1257e-15	1.1796e-03	9.9882e-01	7.1830e-03	9.9278e-01	3.8481e-05	6.9690e-19	4.0846e-05	1.1863e-01	8.7994e-01	1.3941e-03	3.6827e-04	3.3928e-01	6.6035e-01	8.3895e-06	1.1755e-36	1.1755e-36	4.0737e-27	0.00e+00	0.00e+00	3.8898e-01
1.01659e+17	6.8092e+03	9.379e-19	5.9948e+02	6.5050e+02	1.1920e-15	1.2082e-03	9.9879e-01	7.5073e-03	9.9248e-01	8.7738e-06	7.6576e-19	4.3162e-05	1.2346e-01	8.7520e-01	1.2969e-03	3.9723e-04	3.5302e-01	6.4658e-01	1.9861e-06	1.1755e-36	1.1755e-36	4.2824e-27	0.00e+00	0.00e+00	5.1447e-01
1.33219e+17	6.7676e+03	9.202e-19	5.9948e+02	6.5042e+02	1.2960e-15	1.2596e-03	9.9874e-01	8.0082e-03	9.9199e-01	1.5336e-06	8.9519e-19	4.6902e-05	1.3080e-01	8.6797e-01	1.1794e-03	4.4330e-04	3.7248e-01	6.2707e-01	3.6567e-07	1.1755e-36	1.1755e-36	4.7883e-27	0.00e+00	0.00e+00	6.8455e-01
1.74246e+17	6.7425e+03	9.060e-19	5.9948e+02	6.5031e+02	1.4680e-15	1.3501e-03	9.9865e-01	8.8289e-03	9.9117e-01	2.1633e-07	1.1516e-18	5.3045e-05	1.4231e-01	8.5660e-01	1.0366e-03	5.1992e-04	4.0058e-01	5.9890e-01	1.1755e-36	1.1755e-36	1.1755e-36	5.9080e-27	0.00e+00	0.00e+00	9.2152e-01
2.17038e+17	6.7537e+03	8.938e-19	5.9948e+02	6.5018e+02	1.6365e-15	1.4578e-03	9.9854e-01	9.8363e-03	9.9016e-01	3.6214e-08	1.5022e-18	6.0564e-05	1.5592e-01	8.4311e-01	9.0499e-04	6.1556e-04	4.3181e-01	5.6757e-01	1.1755e-36	1.1755e-36	1.1755e-36	7.4253e-27	0.00e+00	0.00e+00	1.1378e+00
2.52222e+17	6.7907e+03	8.913e-19	5.9948e+02	6.5004e+02	1.8292e-15	1.5780e-03	9.9842e-01	1.0946e-02	9.8905e-01	1.0442e-08	1.9839e-18	6.8793e-05	1.7015e-01	8.2898e-01	8.0164e-04	7.2175e-04	4.6152e-01	5.3776e-01	1.1755e-36	1.1755e-36	1.1755e-36	9.6860e-27	0.00e+00	0.00e+00	1.3240e+00
2.81195e+17	6.8422e+03	8.934e-19	5.9948e+02	6.4990e+02	2.0426e-15	1.7058e-03	9.9829e-01	1.2142e-02	9.8786e-01	4.1803e-09	2.6278e-18	7.7552e-05	1.8477e-01	8.1443e-01	7.1802e-04	8.3826e-04	4.9035e-01	5.0881e-01	1.1755e-36	1.1755e-36	1.1755e-36	1.2864e-26	0.00e+00	0.00e+00	1.4969e+00
3.09314e+17	6.9061e+03	8.984e-19	5.9948e+02	6.4970e+02	2.3315e-15	1.8626e-03	9.9814e-01	1.3652e-02	9.8635e-01	1.8250e-09	3.6413e-18	8.8447e-05	2.0236e-01	7.9691e-01	6.3595e-04	9.8632e-04	5.2231e-01	4.7671e-01	1.1755e-36	1.1755e-36	1.1755e-36	1.8080e-26	0.00e+00	0.00e+00	1.7045e+00
3.37721e+17	6.9840e+03	9.062e-19	5.9948e+02	6.4947e+02	2.6957e-15	2.0547e-03	9.9795e-01	1.5611e-02	9.8439e-01	8.4076e-10	5.2241e-18	1.0206e-04	2.2379e-01	7.7555e-01	5.5577e-04	1.1773e-03	5.5843e-01	4.4040e-01	1.1755e-36	1.1755e-36	1.1755e-36	2.6422e-26	0.00e+00	0.00e+00	1.9173e+00
3.62908e+17	7.0654e+03	9.159e-19	5.9948e+02	6.4920e+02	3.1118e-15	2.2657e-03	9.9773e-01	1.7918e-02	9.8208e-01	4.4276e-10	7.4637e-18	1.1731e-04	2.4726e-01	7.5213e-01	4.8537e-04	1.3981e-03	5.9474e-01	4.0386e-01	1.1755e-36	1.1755e-36	1.1755e-36	3.8463e-26	0.00e+00	0.00e+00	2.1147e+00
3.84317e+17	7.1456e+03	9.261e-19	5.9948e+02	6.4896e+02	3.5801e-15	2.4857e-03	9.9751e-01	2.0550e-02	9.7945e-01	2.6386e-10	1.0507e-17	1.3362e-04	2.7177e-01	7.2768e-01	4.2526e-04	1.6395e-03	6.2932e-01	3.6904e-01	1.1755e-36	1.1755e-36	1.1755e-36	5.5359e-26	0.00e+00	0.00e+00	2.3009e+00
4.03332e+17	7.2225e+03	9.369e-19	5.9948e+02	6.4871e+02	4.1180e-15	2.7217e-03	9.9728e-01	2.3642e-02	9.7636e-01	1.6918e-10	1.4665e-17	1.5120e-04	2.9797e-01	7.0151e-01	3.7141e-04	1.9096e-03	6.6314e-01	3.3495e-01	1.1755e-36	1.1755e-36	1.1755e-36	7.8935e-26	0.00e+00	0.00e+00	2.4887e+00
4.21069e+17	7.2853e+03	9.490e-19	5.9948e+02	6.4823e+02	4.8212e-15	2.9909e-03	9.9701e-01	2.7371e-02	9.7263e-01	1.1278e-10	2.0658e-17	1.7159e-04	3.2762e-01	6.7189e-01	3.2037e-04	2.2283e-03	6.9756e-01	3.0021e-01	1.1755e-36	1.1755e-36	1.1755e-36	1.1341e-25	0.00e+00	0.00e+00	2.6839e+00
4.37598e+17	7.3670e+03	9.610e-19	5.9948e+02	6.4793e+02	5.5845e-15	3.2865e-03	9.9671e-01	3.2168e-02	9.6783e-01	7.8514e-11	2.9085e-17	1.9424e-04	3.6025e-01	6.3929e-01	2.7379e-04	2.5924e-03	7.3178e-01	2.6563e-01	1.1755e-36	1.1755e-36	1.1755e-36	1.6324e-25	0.00e+00	0.00e+00	2.8807e+00
4.52713e+17	7.4249e+03	9.745e-19	5.9948e+02	6.4732e+02	6.6063e-15	3.6197e-03	9.9638e-01	3.8138e-02	9.6186e-01	5.6609e-11	4.1099e-17	2.1996e-04	3.9665e-01	6.0290e-01	2.3041e-04	3.0132e-03	7.6538e-01	2.3161e-01	1.1755e-36	1.1755e-36	1.1755e-36	2.3525e-25	0.00e+00	0.00e+00	3.0782e+00
4.66394e+17	7.4807e+03	9.882e-19	5.9948e+02	6.4667e+02	7.8089e-15	3.9817e-03	9.9602e-01	4.5644e-02	9.5436e-01	4.2300e-11	5.7580e-17	2.4770e-04	4.3551e-01	5.6405e-01	1.9164e-04	3.4821e-03	7.9730e-01	1.9921e-01	1.1755e-36	1.1755e-36	1.1755e-36	3.3627e-25	0.00e+00	0.00e+00	3.2733e+00
4.78773e+17	7.5462e+03	1.001e-18	5.9948e+02	6.4615e+02	9.1229e-15	4.3680e-03	9.9563e-01	5.5414e-02	9.4459e-01	3.2646e-11	7.9714e-17	2.7738e-04	4.7674e-01	5.2282e-01	1.5730e-04	3.9955e-03	8.2722e-01	1.6879e-01	1.1755e-36	1.1755e-36	1.1755e-36	4.7478e-25	0.00e+00	0.00e+00	3.4686e+00
4.88817e+17	7.5832e+03	1.013e-18	5.9948e+02	6.4510e+02	1.0621e-14	4.7455e-03	9.9525e-01	6.6391e-02	9.3361e-01	2.6481e-11	1.0596e-16	3.0589e-04	5.1598e-01	4.8359e-01	1.2991e-04	4.5034e-03	8.5236e-01	1.4314e-01	1.1755e-36	1.1755e-36	1.1755e-36	6.4074e-25	0.00e+00	0.00e+00	3.6172e+00
4.96089e+17	7.6221e+03	1.022e-18	5.9948e+02	6.4442e+02	1.1852e-14	5.0551e-03	9.9494e-01	7.7573e-02	9.2243e-01	2.2770e-11	1.3162e-16	3.2936e-04	5.4800e-01	4.5156e-01	1.1051e-04	4.9268e-03	8.7086e-01	1.2421e-01	1.1755e-36	1.1755e-36	1.1755e-36	8.0551e-25	0.00e+00	0.00e+00	3.7372e+00
5.02013e+17	7.6466e+03	1.030e-18	5.9948e+02	6.4359e+02	1.3107e-14	5.3381e-03	9.9466e-01	8.9335e-02	9.1067e-01	1.9978e-11	1.5842e-16	3.5004e-04	5.7639e-01	4.2316e-01	9.4994e-05	5.3158e-03	8.8593e-01	1.0875e-01	1.1755e-36	1.1755e-36	1.1755e-36	9.7954e-25	0.00e+00	0.00e+00	3.8500e+00
5.07565e+17	7.6680e+03	1.037e-18	5.9948e+02	6.4288e+02	1.4490e-14	5.6322e-03	9.9437e-01	1.0383e-01	8.9617e-01	1.7614e-11	1.8981e-16	3.7117e-04	6.0501e-01	3.9454e-01	8.0869e-05	5.7215e-03	8.9999e-01	9.4285e-02	1.1755e-36	1.1755e-36	1.1755e-36	1.1856e-24	0.00e+00	0.00e+00	3.9677e+00
5.12878e+17	7.6872e+03	1.044e-18	5.9948e+02	6.4171e+02	1.6042e-14	5.9419e-03	9.9406e-01	1.2179e-01	8.7821e-01	1.5512e-11	2.2693e-16	3.9286e-04	6.3422e-01	3.6532e-01	6.7961e-05	6.1509e-03	9.1332e-01	8.0528e-02	1.1755e-36	1.1755e-36	1.1755e-36	1.4312e-24	0.00e+00	0.00e+00	4.0825e+00
5.17645e+17	7.7155e+03	1.049e-18	5.9948e+02	6.4068e+02	1.7496e-14	6.2394e-03	9.9376e-01	1.4333e-01	8.5667e-01	1.3797e-11	2.6724e-16	4.1302e-04	6.6176e-01	3.3777e-01	5.7027e-05	6.5674e-03	9.2517e-01	6.8266e-02	1.1755e-36	1.1755e-36	1.1755e-36	1.7016e-24	0.00e+00	0.00e+00	4.1871e+00
5.21736e+17	7.7196e+03	1.054e-18	5.9948e+02	6.3887e+02	1.9195e-14	6.5250e-03	9.9348e-01	1.6727e-01	8.3273e-01	1.2271e-11	3.0940e-16	4.3115e-04	6.8651e-01	3.1301e-01	4.8033e-05	6.9650e-03	9.3514e-01	5.7894e-02	1.1755e-36	1.1755e-36	1.1755e-36	1.9834e-24	0.00e+00	0.00e+00	4.2798e+00
5.25299e+17	7.7423e+03	1.057e-18	5.9948e+02	6.3770e+02	2.0576e-14	6.7844e-03	9.9322e-01	1.9493e-01	8.0507e-01	1.1068e-11	3.5222e-16	4.4736e-04	7.0862e-01	2.9089e-01	4.0677e-05	7.3292e-03	9.4366e-01	4.9012e-02	1.1755e-36	1.1755e-36	1.1755e-36	2.2737e-24	0.00e+00	0.00e+00	4.3664e+00
5.28514e+17	7.7494e+03	1.060e-18	5.9948e+02	6.3612e+02	2.2178e-14	7.0408e-03	9.9296e-01	2.2704e-01	7.7296e-01	9.9458e-12	3.9787e-16	4.6226e-04	7.2896e-01	2.7054e-01	3.4379e-05	7.6870e-03	9.5111e-01	4.1206e-02	1.1755e-36	1.1755e-36	1.1755e-36	2.5824e-24	0.00e+00	0.00e+00	4.4479e+00
5.31436e+17	7.7582e+03	1.061e-18	5.9948e+02	6.3420e+02	2.3735e-14	7.2839e-03	9.9272e-01	2.6405e-01	7.3595e-01	8.8987e-12	4.4501e-16	4.7548e-04	7.4734e-01	2.5216e-01	2.9059e-05	8.0266e-03	9.5760e-01	3.4371e-02	1.1755e-36	1.1755e-36	1.1755e-36	2.9001e-24	0.00e+00	0.00e+00	4.5247e+00
5.34110e+17	7.7590e+03	1.061e-18	5.9948e+02	6.3204e+02	2.5432e-14	7.5222e-03	9.9248e-01	3.0676e-01	6.9324e-01	7.8957e-12	4.9470e-16	4.8731e-04	7.6394e-01	2.3555e-01	2.4520e-05	8.3571e-03	9.6324e-01	2.8402e-02	1.1755e-36	1.1755e-36	1.1755e-36	3.2328e-24	0.00e+00	0.00e+00	4.5977e+00
5.36579e+17	7.7699e+03	1.059e-18	5.9948e+02	6.2951e+02	2.6917e-14	7.7420e-03	9.9226e-01	3.5534e-01	6.4466e-01	6.9404e-12	5.4487e-16	4.9729e-04	7.7857e-01	2.2091e-01	2.0705e-05	8.6634e-03	9.6811e-01	2.3223e-02	1.1755e-36	1.1755e-36	1.1755e-36	3.5658e-24	0.00e+00	0.00e+00	4.6673e+00
5.38893e+17	7.7660e+03	1.056e-18	5.9948e+02	6.2667e+02	2.8721e-14	7.9659e-03	9.9203e-01	4.1088e-01	5.8912e-01	5.9963e-12	5.9895e-16	5.0613e-04	7.9170e-01	2.0777e-01	1.7400e-05	8.9704e-03	9.7229e-01	1.8738e-02	1.1755e-36	1.1755e-36	1.1755e-36	3.9190e-24	0.00e+00	0.00e+00	4.7352e+00
5.41099e+17	7.7678e+03	1.051e-18	5.9948e+02	6.2347e+02	3.0449e-14	8.1816e-03	9.9182e-01	4.7308e-01	5.2692e-01	5.0372e-12	6.5527e-16	5.1356e-04	8.0321e-01	1.9626e-01	1.4567e-05	9.2651e-03	9.7586e-01	1.4877e-02	1.1755e-36	1.1755e-36	1.1755e-36	4.2820e-24	0.00e+00	0.00e+00	4.8021e+00
5.43249e+17	7.7594e+03	1.046e-18	5.9948e+02	6.1991e+02	3.2498e-14	8.4062e-03	9.9159e-01	5.4277e-01	4.5723e-01	4.1163e-12	7.1703e-16	5.1986e-04	8.1342e-01	1.8605e-01	1.2079e-05	9.5668e-03	9.7886e-01	1.1571e-02	1.1755e-36	1.1755e-36	1.1755e-36	4.6740e-24	0.00e+00	0.00e+00	4.8702e+00
5.45711e+17	7.7508e+03	1.038e-18	5.9948e+02	6.1572e+02	3.5060e-14	8.6773e-03	9.9132e-01	6.2957e-01	3.7043e-01	3.1140e-12	7.9606e-16	5.2597e-04	8.2358e-01	1.7589e-01	9.5665e-06	9.9253e-03	9.8165e-01	8.4265e-03	1.1755e-36	1.1755e-36	1.1755e-36	5.1783e-24	0.00e+00	0.00e+00	4.9616e+00
5.48407e+17	7.7407e+03	1.027e-18	5.9948e+02	6.0981e+02	3.7959e-14	8.9729e-03	9.9103e-01	7.2554e-01	2.7446e-01	2.1375e-12	8.8394e-16	5.2997e-04	8.3232e-01	1.6714e-01	7.3431e-06	1.0312e-02	9.8394e-01	5.7493e-03	1.1755e-36	1.1755e-36	1.1755e-36	5.7193e-24	0.00e+00	0.00e+00	5.0503e+00
5.50997e+17	7.7262e+03	1.019e-18	5.9948e+02	6.0567e+02	4.1306e-14	9.3026e-03	9.9070e-01	8.0940e-01	1.9060e-01	1.3886e-12	9.8096e-16	5.3414e-04	8.3922e-01	1.6024e-01	5.5603e-06	1.0732e-02	9.8540e-01	3.8631e-03	1.1755e-36	1.1755e-36	1.1755e-36	6.3607e-24	0.00e+00	0.00e+00	5.1407e+00
5.53951e+17	7.7150e+03	1.012e-18	5.9948e+02	6.0148e+02	4.5297e-14	9.7089e-03	9.9029e-01	8.8224e-01	1.1776e-01	7.9571e-13	1.0945e-15	5.3804e-04	8.4524e-01	1.5422e-01	3.9665e-06	1.1242e-02	9.8634e-01	2.4210e-03	1.1755e-36	1.1755e-36	1.1755e-36	7.1588e-24	0.00e+00	0.00e+00	5.2634e+00
5.57791e+17	7.7093e+03	1.009e-18	5.9948e+02	5.9722e+02	5.0609e-14	1.0291e-02	9.8971e-01	9.4057e-01	5.9430e-02	3.6427e-13	1.2422e-15	5.4264e-04	8.5114e-01	1.4832e-01	2.5180e-06	1.1964e-02	9.8673e-01	1.3097e-03	1.1755e-36	1.1755e-36	1.1755e-36	8.2815e-24	0.00e+00	0.00e+00	5.4325e+00
5.62783e+17	7.7088e+03	1.014e-18	5.9948e+02	5.9477e+02	5.8426e-14	1.1190e-02	9.8881e-01	9.7611e-01	2.3894e-02	1.3132e-13	1.4568e-15	5.5034e-04	8.5767e-01	1.4178e-01	1.3629e-06	1.3068e-02	9.8634e-01	5.9077e-04	1.1755e-36	1.1755e-36	1.1755e-36	1.0094e-23	0.00e+00	0.00e+00	5.6716e+00
5.69273e+17	7.7198e+03	1.029e-18	5.9948e+02	5.9299e+02	7.1166e-14	1.2594e-02	9.8741e-01	9.9224e-01	7.7649e-03	3.7339e-14	1.8090e-15	5.6094e-04	8.6547e-01	1.3397e-01	6.0440e-07	1.4786e-02	9.8500e-01	2.1525e-04	1.1755e-36	1.1755e-36	1.1755e-36	1.3455e-23	0.00e+00	0.00e+00	6.0213e+00
5.76573e+17	7.7352e+03	1.050e-18	5.9948e+02	5.9154e+02	9.3797e-14	1.4626e-02	9.8537e-01	9.9760e-01	2.3978e-03	1.0033e-14	2.4336e-15	5.7352e-04	8.7430e-01	1.2513e-01	2.4030e-07	1.7272e-02	9.8266e-01	7.0799e-05	1.1755e-36	1.1755e-36	1.1755e-36	2.0524e-23	0.00e+00	0.00e+00	6.4235e+00
5.83112e+17	7.7461e+03	1.072e-18	5.9948e+02	5.9012e+02	1.2817e-13	1.7072e-02	9.8293e-01	9.9907e-01	9.2865e-04	3.4544e-15	3.3804e-15	5.8543e-04	8.8279e-01	1.1663e-01	1.1755e-36	2.0268e-02	9.7970e-01	2.7061e-05	1.1755e-36	1.1755e-36	1.1755e-36	3.3336e-23	0.00e+00	0.00e+00	6.7992e+00
5.88432e+17	7.7489e+03	1.092e-18	5.9948e+02	5.8859e+02	1.7328e-13	1.9700e-02	9.8030e-01	9.9954e-01	4.6245e-04	1.5650e-15	4.6176e-15	5.9545e-04	8.9036e-01	1.0904e-01	1.1755e-36	2.3492e-02	9.7650e-01	1.2668e-05	1.1755e-36	1.1755e-36	1.1755e-36	5.3066e-23	0.00e+00	0.00e+00	7.1591e+00
5.93222e+17	7.7519e+03	1.109e-18	5.9948e+02	5.8654e+02	2.3481e-13	2.2721e-02	9.7728e-01	9.9974e-01	2.5651e-04	7.9667e-16	6.3168e-15	6.0407e-04	8.9770e-01	1.0169e-01	1.1755e-36	2.7198e-02	9.7280e-01	6.4163e-06	1.1755e-36	1.1755e-36	1.1755e-36	8.4809e-23	0.00e+00	0.00e+00	7.5680e+00
5.97926e+17	7.7455e+03	1.126e-18	5.9948e+02	5.8419e+02	3.3020e-13	2.6607e-02	9.7339e-01	9.9985e-01	1.4843e-04	4.2402e-16	8.9235e-15	6.1276e-04	9.0550e-01	9.3890e-02	1.1755e-36	3.1969e-02	9.6803e-01	3.2876e-06	1.1755e-36	1.1755e-36	1.1755e-36	1.4214e-22	0.00e+00	0.00e+00	8.0365e+00
6.02292e+17	7.7153e+03	1.145e-18	5.9948e+02	5.8127e+02	4.8242e-13	3.1533e-02	9.6847e-01	9.9991e-01	9.1314e-05	2.4163e-16	1.2908e-14	6.2106e-04	9.1341e-01	8.5968e-02	1.1755e-36	3.8013e-02	9.6199e-01	1.7600e-06	1.1755e-36	1.1755e-36	1.1755e-36	2.4633e-22	0.00e+00	0.00e+00	8.5235e+00
6.06364e+17	7.6881e+03	1.160e-18	5.9948e+02	5.7752e+02	7.1910e-13	3.7773e-02	9.6223e-01	9.9994e-01	5.8803e-05	1.4495e-16	1.9072e-14	6.2812e-04	9.2143e-01	7.7938e-02	1.1755e-36	4.5661e-02	9.5434e-01	9.6324e-07	1.1755e-36	1.1755e-36	1.1755e-36	4.4079e-22	0.00e+00	0.00e+00	9.1046e+00
6.10344e+17	7.6513e+03	1.172e-18	5.9948e+02	5.7239e+02	1.1328e-12	4.6345e-02	9.5365e-01	9.9996e-01	3.8423e-05	8.8580e-17	2.9576e-14	6.3394e-04	9.2989e-01	6.9479e-02	1.1755e-36	5.6146e-02	9.4385e-01	5.2273e-07	1.1755e-36	1.1755e-36	1.1755e-36	8.4756e-22	0.00e+00	0.00e+00	9.7882e+00
6.13977e+17	7.6062e+03	1.178e-18	5.9948e+02	5.6549e+02	1.8577e-12	5.7851e-02	9.4215e-01	9.9997e-01	2.6013e-05	5.6645e-17	4.7408e-14	6.3738e-04	9.3827e-01	6.1094e-02	1.1755e-36	7.0169e-02	9.2983e-01	2.9029e-07	1.1755e-36	1.1755e-36	1.1755e-36	1.7123e-21	0.00e+00	0.00e+00	1.0526e+01
6.17011e+17	7.5567e+03	1.175e-18	5.9948e+02	5.5685e+02	3.0538e-12	7.2208e-02	9.2779e-01	9.9998e-01	1.8644e-05	3.8899e-17	7.5723e-14	6.3755e-04	9.4589e-01	5.3471e-02	1.1755e-36	8.7577e-02	9.1242e-01	1.7114e-07	1.1755e-36	1.1755e-36	1.1755e-36	3.4430e-21	0.00e+00	0.00e+00	1.1263e+01
6.19175e+17	7.5112e+03	1.168e-18	5.9948e+02	5.4896e+02	4.6953e-12	8.7413e-02	9.1259e-01	9.9999e-01	1.4588e-05	2.9641e-17	1.1330e-13	6.3588e-04	9.5182e-01	4.7548e-02	1.1755e-36	1.0589e-01	8.9411e-01	1.1398e-07	1.1755e-36	1.1755e-36	1.1755e-36	6.2932e-21	0.00e+00	0.00e+00	1.1803e+01
6.20571e+17	7.4778e+03	1.153e-18	5.9948e+02	5.4023e+02	6.4008e-12	1.0019e-01	8.9981e-01	9.9999e-01	1.2458e-05	2.5027e-17	1.5055e-13	6.3104e-04	9.5576e-01	4.3607e-02	1.1755e-36	1.2119e-01	8.7881e-01	8.5838e-08	1.1755e-36	1.1755e-36	1.1755e-36	9.6224e-21	0.00e+00	0.00e+00	1.2243e+01
6.21907e+17	7.4295e+03	1.135e-18	5.9948e+02	5.3193e+02	8.9226e-12	1.1553e-01	8.8447e-01	9.9999e-01	1.0645e-05	2.1072e-17	2.0316e-13	6.2644e-04	9.5991e-01	3.9468e-02	1.1755e-36	1.3945e-01	8.6055e-01	6.3502e-08	1.1755e-36	1.1755e-36	1.1755e-36	1.5067e-20	0.00e+00	0.00e+00	1.2904e+01
6.23402e+17	7.3734e+03	1.102e-18	5.9948e+02	5.1790e+02	1.3344e-11	1.3718e-01	8.6282e-01	9.9999e-01	8.7673e-06	1.7250e-17	2.9026e-13	6.1579e-04	9.6438e-01	3.5000e-02	1.1755e-36	1.6499e-01	8.3501e-01	4.4657e-08	1.1755e-36	1.1755e-36	1.1755e-36	2.5698e-20	0.00e+00	0.00e+00	1.3672e+01
6.24733e+17	7.3058e+03	1.061e-18	5.9948e+02	5.0214e+02	2.0305e-11	1.6345e-01	8.3655e-01	9.9999e-01	7.3556e-06	1.4484e-17	4.1792e-13	6.0249e-04	9.6856e-01	3.0835e-02	1.1755e-36	1.9563e-01	8.0437e-01	3.1675e-08	1.1755e-36	1.1755e-36	1.1755e-36	4.4421e-20	0.00e+00	0.00e+00	1.4404e+01
6.25789e+17	7.2346e+03	1.015e-18	5.9948e+02	4.8571e+02	2.9760e-11	1.9081e-01	8.0919e-01	9.9999e-01	6.4048e-06	1.2710e-17	5.7653e-13	5.8740e-04	9.7200e-01	2.7417e-02	1.1755e-36	2.2716e-01	7.7284e-01	2.3467e-08	1.1755e-36	1.1755e-36	1.1755e-36	7.2057e-20	0.00e+00	0.00e+00	1.5074e+01
6.26668e+17	7.1576e+03	9.645e-19	5.9948e+02	4.6861e+02	4.2494e-11	2.1928e-01	7.8072e-01	9.9999e-01	5.7035e-06	1.1461e-17	7.6958e-13	5.7085e-04	9.7492e-01	2.4507e-02	1.1755e-36	2.5954e-01	7.4046e-01	1.7862e-08	1.1755e-36	1.1755e-36	1.1755e-36	1.1128e-19	0.00e+00	0.00e+00	1.5764e+01
6.27539e+17	7.0561e+03	9.026e-19	5.9948e+02	4.4792e+02	6.2978e-11	2.5373e-01	7.4627e-01	9.9999e-01	5.0757e-06	1.0394e-17	1.0419e-12	5.5005e-04	9.7786e-01	2.1591e-02	1.1755e-36	2.9816e-01	7.0184e-01	1.3311e-08	1.1755e-36	1.1755e-36	1.1755e-36	1.7551e-19	0.00e+00	0.00e+00	1.6639e+01
6.28389e+17	6.9296e+03	8.287e-19	5.9948e+02	4.2306e+02	9.6900e-11	2.9522e-01	7.0478e-01	1.0000e+00	4.5114e-06	9.5156e-18	1.4265e-12	5.2405e-04	9.8066e-01	1.8813e-02	1.1755e-36	3.4387e-01	6.5613e-01	9.7734e-09	1.1755e-36	1.1755e-36	1.1755e-36	2.8159e-19	0.00e+00	0.00e+00	1.7520e+01
6.29052e+17	6.8021e+03	7.598e-19	5.9948e+02	3.9944e+02	1.4179e-10	3.3457e-01	6.6543e-01	1.0000e+00	4.1327e-06	9.0145e-18	1.8482e-12	4.9866e-04	9.8282e-01	1.6681e-02	1.1755e-36	3.8643e-01	6.1357e-01	7.5335e-09	1.1755e-36	1.1755e-36	1.1755e-36	4.1571e-19	0.00e+00	0.00e+00	1.8200e+01
6.29502e+17	6.6956e+03	7.074e-19	5.9948e+02	3.8119e+02	1.8840e-10	3.6505e-01	6.3495e-01	1.0000e+00	3.9205e-06	8.7989e-18	2.2132e-12	4.7873e-04	9.8427e-01	1.5250e-02	1.1755e-36	4.1887e-01	5.8113e-01	6.2440e-09	1.1755e-36	1.1755e-36	1.1755e-36	5.4485e-19	0.00e+00	0.00e+00	1.8702e+01
6.29835e+17	6.6035e+03	6.658e-19	5.9948e+02	3.6650e+02	2.3599e-10	3.8949e-01	6.1051e-01	1.0000e+00	3.7826e-06	8.6972e-18	2.5295e-12	4.6251e-04	9.8534e-01	1.4198e-02	1.1755e-36	4.4458e-01	5.5542e-01	5.3980e-09	1.1755e-36	1.1755e-36	1.1755e-36	6.6531e-19	0.00e+00	0.00e+00	1.9150e+01
6.30138e+17	6.5078e+03	6.260e-19	5.9948e+02	3.5225e+02	2.9356e-10	4.1322e-01	5.8678e-01	1.0000e+00	3.6585e-06	8.6197e-18	2.8566e-12	4.4667e-04	9.8631e-01	1.3248e-02	1.1755e-36	4.6926e-01	5.3074e-01	4.7034e-09	1.1755e-36	1.1755e-36	1.1755e-36	7.9745e-19	0.00e+00	0.00e+00	1.9623e+01
6.30439e+17	6.4015e+03	5.852e-19	5.9948e+02	3.3729e+02	3.6936e-10	4.3812e-01	5.6188e-01	1.0000e+00	3.5365e-06	8.5609e-18	3.2207e-12	4.2989e-04	9.8724e-01	1.2326e-02	1.1755e-36	4.9489e-01	5.0511e-01	4.0860e-09	1.1755e-36	1.1755e-36	1.1755e-36	9.5289e-19	0.00e+00	0.00e+00	2.0120e+01
6.30724e+17	6.2899e+03	5.457e-19	5.9948e+02	3.2242e+02	4.6492e-10	4.6284e-01	5.3716e-01	1.0000e+00	3.4310e-06	8.5448e-18	3.6025e-12	4.1309e-04	9.8810e-01	1.1482e-02	1.1755e-36	5.2005e-01	4.7995e-01	3.5661e-09	1.1755e-36	1.1755e-36	1.1755e-36	1.1246e-18	0.00e+00	0.00e+00	2.0593e+01
6.30976e+17	6.1803e+03	5.102e-19	5.9948e+02	3.0870e+02	5.7732e-10	4.8568e-01	5.1432e-01	1.0000e+00	3.3484e-06	8.5715e-18	3.9730e-12	3.9749e-04	9.8885e-01	1.0755e-02	1.1755e-36	5.4306e-01	4.5694e-01	3.1521e-09	1.1755e-36	1.1755e-36	1.1755e-36	1.2990e-18	0.00e+00	0.00e+00	2.1024e+01
6.31199e+17	6.0738e+03	4.786e-19	5.9948e+02	2.9615e+02	7.0739e-10	5.0656e-01	4.9344e-01	1.0000e+00	3.2831e-06	8.6270e-18	4.3265e-12	3.8315e-04	9.8949e-01	1.0125e-02	1.1755e-36	5.6389e-01	4.3611e-01	2.8194e-09	1.1755e-36	1.1755e-36	1.1755e-36	1.4719e-18	0.00e+00	0.00e+00	2.1428e+01
6.31404e+17	5.9668e+03	4.493e-19	5.9948e+02	2.8425e+02	8.6252e-10	5.2635e-01	4.7365e-01	1.0000e+00	3.2274e-06	8.7017e-18	4.6739e-12	3.6949e-04	9.9007e-01	9.5563e-03	1.1755e-36	5.8345e-01	4.1655e-01	2.5383e-09	1.1755e-36	1.1755e-36	1.1755e-36	1.6478e-18	0.00e+00	0.00e+00	2.1824e+01
6.31569e+17	5.8773e+03	4.265e-19	5.9948e+02	2.7475e+02	1.0156e-09	5.4223e-01	4.5777e-01	1.0000e+00	3.1811e-06	8.7621e-18	4.9625e-12	3.5854e-04	9.9051e-01	9.1272e-03	1.1755e-36	5.9904e-01	4.0096e-01	2.3360e-09	1.1755e-36	1.1755e-36	1.1755e-36	1.7988e-18	0.00e+00	0.00e+00	2.2092e+01
6.31687e+17	5.8079e+03	4.100e-19	5.9948e+02	2.6774e+02	1.1499e-09	5.5391e-01	4.4609e-01	1.0000e+00	3.1592e-06	8.8429e-18	5.1797e-12	3.5045e-04	9.9083e-01	8.8177e-03	1.1755e-36	6.1044e-01	3.8956e-01	2.1970e-09	1.1755e-36	1.1755e-36	1.1755e-36	1.9149e-18	0.00e+00	0.00e+00	2.2314e+01
6.31797e+17	5.7387e+03	3.943e-19	5.9948e+02	2.6103e+02	1.3000e-09	5.6516e-01	4.3484e-01	1.0000e+00	3.1361e-06	8.9158e-18	5.3940e-12	3.4269e-04	9.9113e-01	8.5230e-03	1.1755e-36	6.2135e-01	3.7865e-01	2.0704e-09	1.1755e-36	1.1755e-36	1.1755e-36	2.0320e-18	0.00e+00	0.00e+00	2.2559e+01
6.31918e+17	5.6596e+03	3.771e-19	5.9948e+02	2.5349e+02	1.4946e-09	5.7762e-01	4.2238e-01	1.0000e+00	3.1088e-06	8.9989e-18	5.6349e-12	3.3393e-04	9.9146e-01	8.2050e-03	1.1755e-36	6.3339e-01	3.6661e-01	1.9380e-09	1.1755e-36	1.1755e-36	1.1755e-36	2.1662e-18	0.00e+00	0.00e+00	2.2840e+01
6.32047e+17	5.5687e+03	3.593e-19	5.9948e+02	2.4560e+02	1.7497e-09	5.9107e-01	4.0893e-01	1.0000e+00	3.0777e-06	9.0779e-18	5.9066e-12	3.2480e-04	9.9180e-01	7.8727e-03	1.1755e-36	6.4630e-01	3.5370e-01	1.8057e-09	1.1755e-36	1.1755e-36	1.1755e-36	2.3229e-18	0.00e+00	0.00e+00	2.3129e+01
6.32172e+17	5.4796e+03	3.423e-19	5.9948e+02	2.3787e+02	2.0431e-09	6.0395e-01	3.9605e-01	1.0000e+00	3.0522e-06	9.1780e-18	6.1716e-12	3.1581e-04	9.9212e-01	7.5646e-03	1.1755e-36	6.5861e-01	3.4139e-01	1.6868e-09	1.1755e-36	1.1755e-36	1.1755e-36	2.4802e-18	0.00e+00	0.00e+00	2.3404e+01
6.32290e+17	5.3912e+03	3.265e-19	5.9948e+02	2.3053e+02	2.3813e-09	6.1620e-01	3.8380e-01	1.0000e+00	3.0311e-06	9.2863e-18	6.4321e-12	3.0726e-04	9.9241e-01	7.2788e-03	1.1755e-36	6.7025e-01	3.2975e-01	1.5805e-09	1.1755e-36	1.1755e-36	1.1755e-36	2.6407e-18	0.00e+00	0.00e+00	2.3673e+01
6.32405e+17	5.3006e+03	3.113e-19	5.9948e+02	2.2332e+02	2.7852e-09	6.2825e-01	3.7175e-01	1.0000e+00	3.0114e-06	9.4006e-18	6.6982e-12	2.9884e-04	9.9270e-01	7.0044e-03	1.1755e-36	6.8164e-01	3.1836e-01	1.4820e-09	1.1755e-36	1.1755e-36	1.1755e-36	2.8117e-18	0.00e+00	0.00e+00	2.3946e+01
6.32519e+17	5.2061e+03	2.964e-19	5.9948e+02	2.1610e+02	3.2793e-09	6.4032e-01	3.5968e-01	1.0000e+00	2.9924e-06	9.5216e-18	6.9771e-12	2.9042e-04	9.9297e-01	6.7363e-03	1.1755e-36	6.9299e-01	3.0701e-01	1.3890e-09	1.1755e-36	1.1755e-36	1.1755e-36	3.0004e-18	0.00e+00	0.00e+00	2.4224e+01
6.32633e+17	5.1058e+03	2.819e-19	5.9948e+02	2.0888e+02	3.8965e-09	6.5234e-01	3.4766e-01	1.0000e+00	2.9739e-06	9.6479e-18	7.2704e-12	2.8202e-04	9.9324e-01	6.4766e-03	1.1755e-36	7.0423e-01	2.9577e-01	1.3020e-09	1.1755e-36	1.1755e-36	1.1755e-36	3.2107e-18	0.00e+00	0.00e+00	2.4503e+01
6.32745e+17	5.0051e+03	2.680e-19	5.9948e+02	2.0185e+02	4.6376e-09	6.6410e-01	3.3590e-01	1.0000e+00	2.9572e-06	9.7814e-18	7.5786e-12	2.7383e-04	9.9350e-01	6.2281e-03	1.1755e-36	7.1519e-01	2.8481e-01	1.2212e-09	1.1755e-36	1.1755e-36	1.1755e-36	3.4477e-18	0.00e+00	0.00e+00	2.4781e+01
6.32855e+17	4.8997e+03	2.547e-19	5.9948e+02	1.9494e+02	5.5485e-09	6.7566e-01	3.2434e-01	1.0000e+00	2.9412e-06	9.9160e-18	7.8932e-12	2.6583e-04	9.9376e-01	5.9738e-03	1.1755e-36	7.2592e-01	2.7408e-01	1.1463e-09	1.1755e-36	1.1755e-36	1.1755e-36	3.6927e-18	0.00e+00	0.00e+00	2.5058e+01
6.32962e+17	4.7925e+03	2.420e-19	5.9948e+02	1.8817e+02	6.6591e-09	6.8696e-01	3.1304e-01	1.0000e+00	2.9264e-06	1.0057e-17	8.2164e-12	2.5799e-04	9.9401e-01	5.7288e-03	1.1755e-36	7.3634e-01	2.6366e-01	1.0769e-09	1.1755e-36	1.1755e-36	1.1755e-36	3.9621e-18	0.00e+00	0.00e+00	2.5335e+01
6.33068e+17	4.6877e+03	2.298e-19	5.9948e+02	1.8151e+02	7.9653e-09	6.9786e-01	3.0214e-01	1.0000e+00	2.9149e-06	1.0219e-17	8.5401e-12	2.5025e-04	9.9425e-01	5.4965e-03	1.1755e-36	7.4635e-01	2.5365e-01	1.0126e-09	1.1755e-36	1.1755e-36	1.1755e-36	4.2530e-18	0.00e+00	0.00e+00	2.5612e+01
6.33173e+17	4.5769e+03	2.180e-19	5.9948e+02	1.7483e+02	9.6008e-09	7.0862e-01	2.9138e-01	1.0000e+00	2.9047e-06	1.0391e-17	8.8780e-12	2.4252e-04	9.9449e-01	5.2704e-03	1.1755e-36	7.5619e-01	2.4381e-01	9.5243e-10	1.1755e-36	1.1755e-36	1.1755e-36	4.5829e-18	0.00e+00	0.00e+00	2.5894e+01
6.33278e+17	4.4581e+03	2.067e-19	5.9948e+02	1.6842e+02	1.1701e-08	7.1970e-01	2.8030e-01	1.0000e+00	2.8890e-06	1.0528e-17	9.2689e-12	2.3527e-04	9.9472e-01	5.0411e-03	1.1755e-36	7.6628e-01	2.3372e-01	8.9403e-10	1.1755e-36	1.1755e-36	1.1755e-36	5.0007e-18	0.00e+00	0.00e+00	2.6180e+01
6.33359e+17	4.3680e+03	1.986e-19	5.9948e+02	1.6368e+02	1.3549e-08	7.2769e-01	2.7231e-01	1.0000e+00	2.8752e-06	1.0627e-17	9.5636e-12	2.2993e-04	9.9489e-01	4.8801e-03	1.1755e-36	7.7354e-01	2.2646e-01	8.5402e-10	1.1755e-36	1.1755e-36	1.1755e-36	5.3421e-18	0.00e+00	0.00e+00	2.6340e+01
6.33410e+17	4.3110e+03	1.935e-19	5.9948e+02	1.6048e+02	1.4828e-08	7.3245e-01	2.6755e-01	1.0000e+00	2.8766e-06	1.0744e-17	9.7301e-12	2.2626e-04	9.9499e-01	4.7844e-03	1.1755e-36	7.7786e-01	2.2214e-01	8.3041e-10	1.1755e-36	1.1755e-36	1.1755e-36	5.5478e-18	0.00e+00	0.00e+00	2.6459e+01
6.33456e+17	4.2594e+03	1.888e-19	5.9948e+02	1.5784e+02	1.6109e-08	7.3738e-01	2.6262e-01	1.0000e+00	2.8706e-06	1.0807e-17	9.9287e-12	2.2330e-04	9.9509e-01	4.6849e-03	1.1755e-36	7.8229e-01	2.1771e-01	8.0628e-10	1.1755e-36	1.1755e-36	1.1755e-36	5.7956e-18	0.00e+00	0.00e+00	2.6597e+01
6.33512e+17	4.1845e+03	1.830e-19	5.9948e+02	1.5432e+02	1.8046e-08	7.4338e-01	2.5662e-01	1.0000e+00	2.8612e-06	1.0881e-17	1.0173e-11	2.1946e-04	9.9522e-01	4.5651e-03	1.1755e-36	7.8771e-01	2.1229e-01	7.7829e-10	1.1755e-36	1.1755e-36	1.1755e-36	6.1205e-18	0.00e+00	0.00e+00	2.6773e+01
6.33572e+17	4.1109e+03	1.772e-19	5.9948e+02	1.5071e+02	2.0112e-08	7.4943e-01	2.5057e-01	1.0000e+00	2.8514e-06	1.0966e-17	1.0415e-11	2.1546e-04	9.9534e-01	4.4458e-03	1.1755e-36	7.9315e-01	2.0685e-01	7.5042e-10	1.1755e-36	1.1755e-36	1.1755e-36	6.4562e-18	0.00e+00	0.00e+00	2.6937e+01
6.33630e+17	4.0419e+03	1.716e-19	5.9948e+02	1.4719e+02	2.2148e-08	7.5499e-01	2.4501e-01	1.0000e+00	2.8462e-06	1.1075e-17	1.0626e-11	2.1154e-04	9.9545e-01	4.3370e-03	1.1755e-36	7.9814e-01	2.0186e-01	7.2514e-10	1.1755e-36	1.1755e-36	1.1755e-36	6.7615e-18	0.00e+00	0.00e+00	2.7099e+01
6.33689e+17	3.9659e+03	1.660e-19	5.9948e+02	1.4362e+02	2.4492e-08	7.6093e-01	2.3907e-01	1.0000e+00	2.8372e-06	1.1166e-17	1.0858e-11	2.0765e-04	9.9557e-01	4.2217e-03	1.1755e-36	8.0346e-01	1.9654e-01	6.9899e-10	1.1755e-36	1.1755e-36	1.1755e-36	7.1061e-18	0.00e+00	0.00e+00	2.7276e+01
###########################
9.20246e+12	7.2946e+03	1.097e-18	5.9948e+02	6.5089e+02	9.7837e-16	1.2026e-03	9.9880e-01	6.5163e-03	9.8848e-01	5.0010e-03	6.6928e-19	3.7504e-05	1.0828e-01	8.8961e-01	2.0739e-03	3.1704e-04	3.0072e-01	6.9751e-01	1.4464e-03	1.1755e-36	1.1755e-36	5.0644e-27	0.00e+00	0.00e+00	8.3764e-05
5.52148e+13	7.2936e+03	1.097e-18	5.9948e+02	6.5084e+02	9.7157e-16	1.2024e-03	9.9880e-01	6.5164e-03	9.8849e-01	4.9974e-03	6.6375e-19	3.7582e-05	1.0828e-01	8.8960e-01	2.0764e-03	3.1690e-04	3.0063e-01	6.9761e-01	1.4414e-03	1.1755e-36	1.1755e-36	4.9821e-27	0.00e+00	0.00e+00	4.1878e-04
2.39264e+14	7.2913e+03	1.096e-18	5.9948e+02	6.5083e+02	9.5565e-16	1.2019e-03	9.9880e-01	6.5176e-03	9.8852e-01	4.9662e-03	6.5155e-19	3.7551e-05	1.0829e-01	8.8960e-01	2.0715e-03	3.1680e-04	3.0063e-01	6.9763e-01	1.4206e-03	1.1755e-36	1.1755e-36	4.8002e-27	0.00e+00	0.00e+00	1.7583e-03
9.75461e+14	7.2837e+03	1.094e-18	5.9948e+02	6.5082e+02	9.6905e-16	1.2015e-03	9.9880e-01	6.5266e-03	9.8867e-01	4.8011e-03	6.5902e-19	3.7559e-05	1.0842e-01	8.8949e-01	2.0545e-03	3.1716e-04	3.0092e-01	6.9742e-01	1.3400e-03	1.1755e-36	1.1755e-36	4.8953e-27	0.00e+00	0.00e+00	7.1146e-03
2.33006e+15	7.2652e+03	1.087e-18	5.9948e+02	6.5081e+02	9.7025e-16	1.1942e-03	9.9881e-01	6.5214e-03	9.8877e-01	4.7082e-03	6.5134e-19	3.7333e-05	1.0838e-01	8.8954e-01	2.0405e-03	3.1550e-04	3.0086e-01	6.9760e-01	1.2326e-03	1.1755e-36	1.1755e-36	4.8119e-27	0.00e+00	0.00e+00	1.4035e-02
4.09105e+15	7.2426e+03	1.080e-18	5.9948e+02	6.5080e+02	9.7280e-16	1.1877e-03	9.9881e-01	6.5232e-03	9.8903e-01	4.4447e-03	6.4425e-19	3.7213e-05	1.0843e-01	8.8952e-01	2.0129e-03	3.1450e-04	3.0113e-01	6.9745e-01	1.1016e-03	1.1755e-36	1.1755e-36	4.7181e-27	0.00e+00	0.00e+00	2.2984e-02
6.38033e+15	7.2172e+03	1.072e-18	5.9948e+02	6.5079e+02	9.7590e-16	1.1813e-03	9.9882e-01	6.5302e-03	9.8945e-01	4.0198e-03	6.3735e-19	3.7139e-05	1.0855e-01	8.8944e-01	1.9726e-03	3.1398e-04	3.0175e-01	6.9699e-01	9.4830e-04	1.1755e-36	1.1755e-36	4.6165e-27	0.00e+00	0.00e+00	3.4554e-02
9.35639e+15	7.1853e+03	1.063e-18	5.9948e+02	6.5077e+02	9.8210e-16	1.1753e-03	9.9882e-01	6.5456e-03	9.9001e-01	3.4398e-03	6.3153e-19	3.7114e-05	1.0879e-01	8.8925e-01	1.9187e-03	3.1424e-04	3.0289e-01	6.9602e-01	7.7711e-04	1.1755e-36	1.1755e-36	4.5095e-27	0.00e+00	0.00e+00	4.9518e-02
1.32253e+16	7.1530e+03	1.052e-18	5.9948e+02	6.5074e+02	9.8634e-16	1.1691e-03	9.9883e-01	6.5671e-03	9.9069e-01	2.7410e-03	6.2577e-19	3.7132e-05	1.0912e-01	8.8899e-01	1.8542e-03	3.1523e-04	3.0459e-01	6.9450e-01	5.9742e-04	1.1755e-36	1.1755e-36	4.3921e-27	0.00e+00	0.00e+00	6.8868e-02
1.82548e+16	7.1135e+03	1.040e-18	5.9948e+02	6.5070e+02	9.9656e-16	1.1637e-03	9.9884e-01	6.6015e-03	9.9141e-01	1.9912e-03	6.2331e-19	3.7235e-05	1.0963e-01	8.8855e-01	1.7808e-03	3.1756e-04	3.0714e-01	6.9212e-01	4.2267e-04	1.1755e-36	1.1755e-36	4.2909e-27	0.00e+00	0.00e+00	9.3909e-02
2.47932e+16	7.0707e+03	1.026e-18	5.9948e+02	6.5066e+02	1.0092e-15	1.1593e-03	9.9884e-01	6.6500e-03	9.9206e-01	1.2877e-03	6.2382e-19	3.7442e-05	1.1038e-01	8.8788e-01	1.7042e-03	3.2142e-04	3.1064e-01	6.8877e-01	2.6902e-04	1.1755e-36	1.1755e-36	4.1992e-27	0.00e+00	0.00e+00	1.2634e-01
3.32932e+16	7.0218e+03	1.011e-18	5.9948e+02	6.5063e+02	1.0271e-15	1.1571e-03	9.9884e-01	6.7206e-03	9.9256e-01	7.2080e-04	6.2846e-19	3.7811e-05	1.1148e-01	8.8685e-01	1.6279e-03	3.2742e-04	3.1530e-01	6.8422e-01	1.4985e-04	1.1755e-36	1.1755e-36	4.1157e-27	0.00e+00	0.00e+00	1.6842e-01
4.43431e+16	6.9699e+03	9.937e-19	5.9948e+02	6.5059e+02	1.0501e-15	1.1581e-03	9.9884e-01	6.8210e-03	9.9284e-01	3.3858e-04	6.3910e-19	3.8409e-05	1.1305e-01	8.8536e-01	1.5534e-03	3.3621e-04	3.2129e-01	6.7830e-01	7.0792e-05	1.1755e-36	1.1755e-36	4.0521e-27	0.00e+00	0.00e+00	2.2317e-01
5.87079e+16	6.9143e+03	9.757e-19	5.9948e+02	6.5057e+02	1.0806e-15	1.1646e-03	9.9884e-01	6.9676e-03	9.9290e-01	1.2895e-04	6.5879e-19	3.9364e-05	1.1533e-01	8.8315e-01	1.4773e-03	3.4914e-04	3.2906e-01	6.7057e-01	2.7392e-05	1.1755e-36	1.1755e-36	4.0148e-27	0.00e+00	0.00e+00	2.9474e-01
7.73823e+16	6.8596e+03	9.568e-19	5.9948e+02	6.5054e+02	1.1253e-15	1.1796e-03	9.9882e-01	7.1830e-03	9.9278e-01	3.8481e-05	6.9665e-19	4.0846e-05	1.1863e-01	8.7994e-01	1.3941e-03	3.6827e-04	3.3928e-01	6.6035e-01	8.3895e-06	1.1755e-36	1.1755e-36	4.0706e-27	0.00e+00	0.00e+00	3.8898e-01
1.01659e+17	6.8092e+03	9.379e-19	5.9948e+02	6.5050e+02	1.1915e-15	1.2082e-03	9.9879e-01	7.5073e-03	9.9248e-01	8.7738e-06	7.6547e-19	4.3162e-05	1.2346e-01	8.7520e-01	1.2969e-03	3.9723e-04	3.5302e-01	6.4658e-01	1.9861e-06	1.1755e-36	1.1755e-36	4.2792e-27	0.00e+00	0.00e+00	5.1447e-01
1.33219e+17	6.7676e+03	9.203e-19	5.9948e+02	6.5042e+02	1.2971e-15	1.2596e-03	9.9874e-01	8.0082e-03	9.9199e-01	1.5336e-06	8.9600e-19	4.6902e-05	1.3080e-01	8.6797e-01	1.1794e-03	4.4330e-04	3.7248e-01	6.2707e-01	3.6567e-07	1.1755e-36	1.1755e-36	4.7971e-27	0.00e+00	0.00e+00	6.8455e-01
1.74246e+17	6.7425e+03	9.060e-19	5.9948e+02	6.5031e+02	1.4674e-15	1.3501e-03	9.9865e-01	8.8289e-03	9.9117e-01	2.1633e-07	1.1511e-18	5.3045e-05	1.4231e-01	8.5660e-01	1.0366e-03	5.1992e-04	4.0058e-01	5.9890e-01	1.1755e-36	1.1755e-36	1.1755e-36	5.9032e-27	0.00e+00	0.00e+00	9.2152e-01
2.17038e+17	6.7537e+03	8.938e-19	5.9948e+02	6.5018e+02	1.6358e-15	1.4578e-03	9.9854e-01	9.8363e-03	9.9016e-01	3.6214e-08	1.5015e-18	6.0564e-05	1.5592e-01	8.4311e-01	9.0499e-04	6.1556e-04	4.3181e-01	5.6757e-01	1.1755e-36	1.1755e-36	1.1755e-36	7.4185e-27	0.00e+00	0.00e+00	1.1378e+00
2.52222e+17	6.7907e+03	8.913e-19	5.9948e+02	6.5004e+02	1.8283e-15	1.5780e-03	9.9842e-01	1.0946e-02	9.8905e-01	1.0442e-08	1.9829e-18	6.8793e-05	1.7015e-01	8.2898e-01	8.0164e-04	7.2175e-04	4.6152e-01	5.3776e-01	1.1755e-36	1.1755e-36	1.1755e-36	9.6762e-27	0.00e+00	0.00e+00	1.3240e+00
2.81195e+17	6.8422e+03	8.934e-19	5.9948e+02	6.4990e+02	2.0416e-15	1.7058e-03	9.9829e-01	1.2142e-02	9.8786e-01	4.1803e-09	2.6264e-18	7.7553e-05	1.8477e-01	8.1443e-01	7.1802e-04	8.3826e-04	4.9035e-01	5.0881e-01	1.1755e-36	1.1755e-36	1.1755e-36	1.2850e-26	0.00e+00	0.00e+00	1.4969e+00
3.09314e+17	6.9061e+03	8.984e-19	5.9948e+02	6.4970e+02	2.3302e-15	1.8626e-03	9.9814e-01	1.3652e-02	9.8635e-01	1.8250e-09	3.6392e-18	8.8447e-05	2.0236e-01	7.9691e-01	6.3595e-04	9.8633e-04	5.2231e-01	4.7671e-01	1.1755e-36	1.1755e-36	1.1755e-36	1.8059e-26	0.00e+00	0.00e+00	1.7045e+00
3.37721e+17	6.9840e+03	9.062e-19	5.9948e+02	6.4947e+02	2.6941e-15	2.0547e-03	9.9795e-01	1.5611e-02	9.8439e-01	8.4076e-10	5.2209e-18	1.0206e-04	2.2379e-01	7.7555e-01	5.5577e-04	1.1773e-03	5.5843e-01	4.4040e-01	1.1755e-36	1.1755e-36	1.1755e-36	2.6389e-26	0.00e+00	0.00e+00	1.9173e+00
3.62908e+17	7.0654e+03	9.159e-19	5.9948e+02	6.4920e+02	3.1100e-15	2.2657e-03	9.9773e-01	1.7918e-02	9.8208e-01	4.4277e-10	7.4590e-18	1.1731e-04	2.4726e-01	7.5213e-01	4.8537e-04	1.3981e-03	5.9474e-01	4.0386e-01	1.1755e-36	1.1755e-36	1.1755e-36	3.8413e-26	0.00e+00	0.00e+00	2.1147e+00
3.84317e+17	7.1456e+03	9.261e-19	5.9948e+02	6.4896e+02	3.5778e-15	2.4857e-03	9.9751e-01	2.0550e-02	9.7945e-01	2.6386e-10	1.0499e-17	1.3363e-04	2.7177e-01	7.2768e-01	4.2526e-04	1.6395e-03	6.2932e-01	3.6904e-01	1.1755e-36	1.1755e-36	1.1755e-36	5.5283e-26	0.00e+00	0.00e+00	2.3009e+00
4.03332e+17	7.2225e+03	9.369e-19	5.9948e+02	6.4871e+02	4.1153e-15	2.7217e-03	9.9728e-01	2.3642e-02	9.7636e-01	1.6918e-10	1.4655e-17	1.5120e-04	2.9797e-01	7.0151e-01	3.7141e-04	1.9096e-03	6.6314e-01	3.3495e-01	1.1755e-36	1.1755e-36	1.1755e-36	7.8826e-26	0.00e+00	0.00e+00	2.4887e+00
4.21069e+17	7.2853e+03	9.490e-19	5.9948e+02	6.4823e+02	4.8176e-15	2.9909e-03	9.9701e-01	2.7371e-02	9.7263e-01	1.1278e-10	2.0642e-17	1.7159e-04	3.2762e-01	6.7189e-01	3.2037e-04	2.2283e-03	6.9756e-01	3.0021e-01	1.1755e-36	1.1755e-36	1.1755e-36	1.1323e-25	0.00e+00	0.00e+00	2.6839e+00
4.37598e+17	7.3670e+03	9.610e-19	5.9948e+02	6.4793e+02	5.5826e-15	3.2865e-03	9.9671e-01	3.2168e-02	9.6783e-01	7.8514e-11	2.9074e-17	1.9424e-04	3.6025e-01	6.3929e-01	2.7379e-04	2.5924e-03	7.3178e-01	2.6563e-01	1.1755e-36	1.1755e-36	1.1755e-36	1.6312e-25	0.00e+00	0.00e+00	2.8807e+00
4.52713e+17	7.4249e+03	9.745e-19	5.9948e+02	6.4732e+02	6.6012e-15	3.6197e-03	9.9638e-01	3.8139e-02	9.6186e-01	5.6609e-11	4.1066e-17	2.1996e-04	3.9665e-01	6.0290e-01	2.3041e-04	3.0132e-03	7.6538e-01	2.3161e-01	1.1755e-36	1.1755e-36	1.1755e-36	2.3487e-25	0.00e+00	0.00e+00	3.0782e+00
4.66394e+17	7.4807e+03	9.882e-19	5.9948e+02	6.4667e+02	7.8025e-15	3.9817e-03	9.9602e-01	4.5644e-02	9.5436e-01	4.2300e-11	5.7530e-17	2.4770e-04	4.3551e-01	5.6405e-01	1.9164e-04	3.4821e-03	7.9731e-01	1.9921e-01	1.1755e-36	1.1755e-36	1.1755e-36	3.3569e-25	0.00e+00	0.00e+00	3.2733e+00
4.78773e+17	7.5462e+03	1.001e-18	5.9948e+02	6.4615e+02	9.1162e-15	4.3680e-03	9.9563e-01	5.5414e-02	9.4459e-01	3.2646e-11	7.9652e-17	2.7738e-04	4.7674e-01	5.2282e-01	1.5730e-04	3.9955e-03	8.2722e-01	1.6879e-01	1.1755e-36	1.1755e-36	1.1755e-36	4.7404e-25	0.00e+00	0.00e+00	3.4686e+00
4.88816e+17	7.5836e+03	1.013e-18	5.9948e+02	6.4510e+02	1.0610e-14	4.7454e-03	9.9525e-01	6.6389e-02	9.3361e-01	2.6482e-11	1.0586e-16	3.0589e-04	5.1597e-01	4.8359e-01	1.2992e-04	4.5032e-03	8.5236e-01	1.4314e-01	1.1755e-36	1.1755e-36	1.1755e-36	6.3962e-25	0.00e+00	0.00e+00	3.6172e+00
4.96089e+17	7.6221e+03	1.022e-18	5.9948e+02	6.4442e+02	1.1843e-14	5.0551e-03	9.9494e-01	7.7574e-02	9.2243e-01	2.2770e-11	1.3152e-16	3.2937e-04	5.4800e-01	4.5156e-01	1.1051e-04	4.9268e-03	8.7086e-01	1.2421e-01	1.1755e-36	1.1755e-36	1.1755e-36	8.0422e-25	0.00e+00	0.00e+00	3.7372e+00
5.02014e+17	7.6466e+03	1.030e-18	5.9948e+02	6.4359e+02	1.3098e-14	5.3381e-03	9.9466e-01	8.9337e-02	9.1066e-01	1.9978e-11	1.5830e-16	3.5005e-04	5.7640e-01	4.2316e-01	9.4992e-05	5.3158e-03	8.8594e-01	1.0875e-01	1.1755e-36	1.1755e-36	1.1755e-36	9.7804e-25	0.00e+00	0.00e+00	3.8500e+00
5.07565e+17	7.6680e+03	1.037e-18	5.9948e+02	6.4288e+02	1.4481e-14	5.6322e-03	9.9437e-01	1.0383e-01	8.9617e-01	1.7614e-11	1.8968e-16	3.7117e-04	6.0501e-01	3.9454e-01	8.0868e-05	5.7216e-03	8.9999e-01	9.4284e-02	1.1755e-36	1.1755e-36	1.1755e-36	1.1839e-24	0.00e+00	0.00e+00	3.9677e+00
5.12878e+17	7.6877e+03	1.044e-18	5.9948e+02	6.4171e+02	1.6031e-14	5.9415e-03	9.9406e-01	1.2178e-01	8.7822e-01	1.5513e-11	2.2683e-16	3.9285e-04	6.3421e-01	3.6533e-01	6.7968e-05	6.1506e-03	9.1332e-01	8.0531e-02	1.1755e-36	1.1755e-36	1.1755e-36	1.4302e-24	0.00e+00	0.00e+00	4.0825e+00
5.17645e+17	7.7152e+03	1.049e-18	5.9948e+02	6.4068e+02	1.7492e-14	6.2396e-03	9.9376e-01	1.4333e-01	8.5667e-01	1.3796e-11	2.6712e-16	4.1303e-04	6.6176e-01	3.3777e-01	5.7024e-05	6.5676e-03	9.2517e-01	6.8266e-02	1.1755e-36	1.1755e-36	1.1755e-36	1.6999e-24	0.00e+00	0.00e+00	4.1871e+00
5.21736e+17	7.7269e+03	1.053e-18	5.9948e+02	6.3893e+02	1.9077e-14	6.5208e-03	9.9348e-01	1.6732e-01	8.3268e-01	1.2298e-11	3.0883e-16	4.3110e-04	6.8647e-01	3.1305e-01	4.8070e-05	6.9606e-03	9.3515e-01	5.7894e-02	1.1755e-36	1.1755e-36	1.1755e-36	1.9788e-24	0.00e+00	0.00e+00	4.2797e+00
5.25295e+17	7.7381e+03	1.057e-18	5.9948e+02	6.3772e+02	2.0632e-14	6.7869e-03	9.9321e-01	1.9507e-01	8.0493e-01	1.1074e-11	3.5237e-16	4.4747e-04	7.0869e-01	2.9082e-01	4.0652e-05	7.3320e-03	9.4366e-01	4.9005e-02	1.1755e-36	1.1755e-36	1.1755e-36	2.2733e-24	0.00e+00	0.00e+00	4.3662e+00
5.28499e+17	7.7484e+03	1.060e-18	5.9948e+02	6.3612e+02	2.2178e-14	7.0403e-03	9.9296e-01	2.2700e-01	7.7300e-01	9.9539e-12	3.9758e-16	4.6225e-04	7.2892e-01	2.7058e-01	3.4393e-05	7.6861e-03	9.5109e-01	4.1227e-02	1.1755e-36	1.1755e-36	1.1755e-36	2.5789e-24	0.00e+00	0.00e+00	4.4473e+00
5.31416e+17	7.7577e+03	1.060e-18	5.9948e+02	6.3380e+02	2.3699e-14	7.2787e-03	9.9272e-01	2.6347e-01	7.3653e-01	8.8753e-12	4.4366e-16	4.7518e-04	7.4712e-01	2.5237e-01	2.9117e-05	8.0203e-03	9.5755e-01	3.4433e-02	1.1755e-36	1.1755e-36	1.1755e-36	2.8869e-24	0.00e+00	0.00e+00	4.5241e+00
5.34112e+17	7.7614e+03	1.060e-18	5.9948e+02	6.3192e+02	2.5364e-14	7.5189e-03	9.9248e-01	3.0653e-01	6.9347e-01	7.8815e-12	4.9387e-16	4.8714e-04	7.6386e-01	2.3563e-01	2.4535e-05	8.3534e-03	9.6324e-01	2.8411e-02	1.1755e-36	1.1755e-36	1.1755e-36	3.2250e-24	0.00e+00	0.00e+00	4.5982e+00
5.36609e+17	7.7677e+03	1.059e-18	5.9948e+02	6.2946e+02	2.6971e-14	7.7460e-03	9.9225e-01	3.5586e-01	6.4414e-01	6.9205e-12	5.4543e-16	4.9742e-04	7.7874e-01	2.2075e-01	2.0660e-05	8.6683e-03	9.6816e-01	2.3173e-02	1.1755e-36	1.1755e-36	1.1755e-36	3.5679e-24	0.00e+00	0.00e+00	4.6683e+00
5.38917e+17	7.7666e+03	1.056e-18	5.9948e+02	6.2663e+02	2.8713e-14	7.9673e-03	9.9203e-01	4.1138e-01	5.8862e-01	5.9846e-12	5.9913e-16	5.0619e-04	7.9181e-01	2.0767e-01	1.7374e-05	8.9725e-03	9.7233e-01	1.8698e-02	1.1755e-36	1.1755e-36	1.1755e-36	3.9186e-24	0.00e+00	0.00e+00	4.7355e+00
5.41102e+17	7.7688e+03	1.050e-18	5.9948e+02	6.2283e+02	3.0350e-14	8.1724e-03	9.9183e-01	4.7261e-01	5.2739e-01	5.0172e-12	6.5251e-16	5.1289e-04	8.0303e-01	1.9644e-01	1.4597e-05	9.2545e-03	9.7586e-01	1.4890e-02	1.1755e-36	1.1755e-36	1.1755e-36	4.2542e-24	0.00e+00	0.00e+00	4.8017e+00
5.43564e+17	7.7567e+03	1.045e-18	5.9948e+02	6.1945e+02	3.2858e-14	8.4426e-03	9.9156e-01	5.5280e-01	4.4720e-01	3.9803e-12	7.2702e-16	5.2082e-04	8.1482e-01	1.8465e-01	1.1711e-05	9.6146e-03	9.7922e-01	1.1166e-02	1.1755e-36	1.1755e-36	1.1755e-36	4.7386e-24	0.00e+00	0.00e+00	4.8907e+00
5.46187e+17	7.7495e+03	1.037e-18	5.9948e+02	6.1499e+02	3.5545e-14	8.7305e-03	9.9127e-01	6.4623e-01	3.5377e-01	2.9397e-12	8.1133e-16	5.2701e-04	8.2525e-01	1.7421e-01	9.1704e-06	9.9947e-03	9.8210e-01	7.9090e-03	1.1755e-36	1.1755e-36	1.1755e-36	5.2745e-24	0.00e+00	0.00e+00	4.9720e+00
5.48510e+17	7.7376e+03	1.028e-18	5.9948e+02	6.1029e+02	3.8220e-14	8.9965e-03	9.9100e-01	7.2994e-01	2.7006e-01	2.1068e-12	8.9082e-16	5.3084e-04	8.3279e-01	1.6667e-01	7.2623e-06	1.0341e-02	9.8401e-01	5.6449e-03	1.1755e-36	1.1755e-36	1.1755e-36	5.7722e-24	0.00e+00	0.00e+00	5.0464e+00
5.51022e+17	7.7270e+03	1.019e-18	5.9948e+02	6.0579e+02	4.1345e-14	9.3086e-03	9.9069e-01	8.1015e-01	1.8985e-01	1.3829e-12	9.8305e-16	5.3437e-04	8.3934e-01	1.6012e-01	5.5273e-06	1.0739e-02	9.8541e-01	3.8478e-03	1.1755e-36	1.1755e-36	1.1755e-36	6.3790e-24	0.00e+00	0.00e+00	5.1465e+00
5.54287e+17	7.7143e+03	1.011e-18	5.9948e+02	6.0070e+02	4.5705e-14	9.7510e-03	9.9025e-01	8.8831e-01	1.1169e-01	7.4568e-13	1.1053e-15	5.3811e-04	8.4575e-01	1.5371e-01	3.8168e-06	1.1295e-02	9.8640e-01	2.3035e-03	1.1755e-36	1.1755e-36	1.1755e-36	7.2337e-24	0.00e+00	0.00e+00	5.2827e+00
5.58532e+17	7.7074e+03	1.010e-18	5.9948e+02	5.9728e+02	5.1848e-14	1.0424e-02	9.8958e-01	9.4787e-01	5.2129e-02	3.1566e-13	1.2765e-15	5.4426e-04	8.5230e-01	1.4715e-01	2.2965e-06	1.2127e-02	9.8671e-01	1.1673e-03	1.1755e-36	1.1755e-36	1.1755e-36	8.5707e-24	0.00e+00	0.00e+00	5.4721e+00
5.64051e+17	7.7102e+03	1.017e-18	5.9948e+02	5.9441e+02	6.0630e-14	1.1441e-02	9.8856e-01	9.8084e-01	1.9159e-02	1.0267e-13	1.5178e-15	5.5244e-04	8.5924e-01	1.4020e-01	1.1631e-06	1.3375e-02	9.8614e-01	4.8564e-04	1.1755e-36	1.1755e-36	1.1755e-36	1.0645e-23	0.00e+00	0.00e+00	5.7423e+00
5.71226e+17	7.7234e+03	1.034e-18	5.9948e+02	5.9258e+02	7.6082e-14	1.3074e-02	9.8693e-01	9.9432e-01	5.6759e-03	2.6249e-14	1.9446e-15	5.6425e-04	8.6783e-01	1.3160e-01	4.7205e-07	1.5373e-02	9.8447e-01	1.6060e-04	1.1755e-36	1.1755e-36	1.1755e-36	1.4879e-23	0.00e+00	0.00e+00	6.1436e+00
5.78824e+17	7.7393e+03	1.057e-18	5.9948e+02	5.9109e+02	1.0355e-13	1.5373e-02	9.8463e-01	9.9829e-01	1.7132e-03	6.8779e-15	2.7024e-15	5.7751e-04	8.7711e-01	1.2231e-01	1.8026e-07	1.8188e-02	9.8176e-01	5.0722e-05	1.1755e-36	1.1755e-36	1.1755e-36	2.3931e-23	0.00e+00	0.00e+00	6.5560e+00
5.85013e+17	7.7471e+03	1.079e-18	5.9948e+02	5.8974e+02	1.4205e-13	1.7931e-02	9.8207e-01	9.9928e-01	7.1979e-04	2.5895e-15	3.7606e-15	5.8890e-04	8.8540e-01	1.1401e-01	1.1755e-36	2.1321e-02	9.7866e-01	2.0628e-05	1.1755e-36	1.1755e-36	1.1755e-36	3.9071e-23	0.00e+00	0.00e+00	6.9151e+00
5.89931e+17	7.7486e+03	1.098e-18	5.9948e+02	5.8808e+02	1.9018e-13	2.0574e-02	9.7943e-01	9.9962e-01	3.8400e-04	1.2657e-15	5.0797e-15	5.9829e-04	8.9260e-01	1.0680e-01	1.1755e-36	2.4564e-02	9.7543e-01	1.0260e-05	1.1755e-36	1.1755e-36	1.1755e-36	6.1204e-23	0.00e+00	0.00e+00	7.2691e+00
5.95158e+17	7.7485e+03	1.115e-18	5.9948e+02	5.8569e+02	2.6786e-13	2.4134e-02	9.7587e-01	9.9980e-01	2.0361e-04	6.0869e-16	7.2195e-15	6.0772e-04	9.0093e-01	9.8462e-02	1.1755e-36	2.8933e-02	9.7106e-01	4.8484e-06	1.1755e-36	1.1755e-36	1.1755e-36	1.0352e-22	0.00e+00	0.00e+00	7.8089e+00
6.01067e+17	7.7202e+03	1.139e-18	5.9948e+02	5.8233e+02	4.2621e-13	2.9778e-02	9.7022e-01	9.9990e-01	1.0389e-04	2.7932e-16	1.1417e-14	6.1876e-04	9.1108e-01	8.8302e-02	1.1755e-36	3.5861e-02	9.6414e-01	2.0853e-06	1.1755e-36	1.1755e-36	1.1755e-36	2.0499e-22	0.00e+00	0.00e+00	8.4749e+00
6.06346e+17	7.6891e+03	1.159e-18	5.9948e+02	5.7776e+02	7.0426e-13	3.7407e-02	9.6259e-01	9.9994e-01	5.8711e-05	1.4449e-16	1.8686e-14	6.2788e-04	9.2110e-01	7.8272e-02	1.1755e-36	4.5212e-02	9.5479e-01	9.6738e-07	1.1755e-36	1.1755e-36	1.1755e-36	4.2757e-22	0.00e+00	0.00e+00	9.1333e+00
6.10388e+17	7.6528e+03	1.172e-18	5.9948e+02	5.7245e+02	1.1263e-12	4.6240e-02	9.5376e-01	9.9996e-01	3.8321e-05	8.8403e-17	2.9423e-14	6.3382e-04	9.2969e-01	6.9675e-02	1.1755e-36	5.6016e-02	9.4398e-01	5.2412e-07	1.1755e-36	1.1755e-36	1.1755e-36	8.4139e-22	0.00e+00	0.00e+00	9.7345e+00
6.13535e+17	7.6094e+03	1.182e-18	5.9948e+02	5.6826e+02	1.7479e-12	5.6280e-02	9.4372e-01	9.9997e-01	2.7433e-05	6.0038e-17	4.4826e-14	6.3898e-04	9.3722e-01	6.2138e-02	1.1755e-36	6.8254e-02	9.3175e-01	3.1466e-07	1.1755e-36	1.1755e-36	1.1755e-36	1.5774e-21	0.00e+00	0.00e+00	1.0344e+01
6.16273e+17	7.5688e+03	1.179e-18	5.9948e+02	5.6053e+02	2.6891e-12	6.8239e-02	9.3176e-01	9.9998e-01	2.0379e-05	4.2873e-17	6.7334e-14	6.3907e-04	9.4402e-01	5.5344e-02	1.1755e-36	8.2772e-02	9.1723e-01	1.9604e-07	1.1755e-36	1.1755e-36	1.1755e-36	2.8925e-21	0.00e+00	0.00e+00	1.1020e+01
6.18812e+17	7.5165e+03	1.171e-18	5.9948e+02	5.5141e+02	4.2998e-12	8.3971e-02	9.1603e-01	9.9998e-01	1.5298e-05	3.1088e-17	1.0428e-13	6.3736e-04	9.5080e-01	4.8567e-02	1.1755e-36	1.0176e-01	8.9824e-01	1.2197e-07	1.1755e-36	1.1755e-36	1.1755e-36	5.5567e-21	0.00e+00	0.00e+00	1.1802e+01
6.20843e+17	7.4674e+03	1.153e-18	5.9948e+02	5.4063e+02	6.7119e-12	1.0218e-01	8.9782e-01	9.9999e-01	1.2015e-05	2.3943e-17	1.5731e-13	6.3215e-04	9.5648e-01	4.2889e-02	1.1755e-36	1.2357e-01	8.7643e-01	8.1139e-08	1.1755e-36	1.1755e-36	1.1755e-36	1.0283e-20	0.00e+00	0.00e+00	1.2421e+01
6.22197e+17	7.4340e+03	1.130e-18	5.9948e+02	5.2962e+02	9.3712e-12	1.1836e-01	8.8164e-01	9.9999e-01	1.0252e-05	2.0309e-17	2.1344e-13	6.2441e-04	9.6042e-01	3.8951e-02	1.1755e-36	1.4280e-01	8.5720e-01	6.0324e-08	1.1755e-36	1.1755e-36	1.1755e-36	1.6240e-20	0.00e+00	0.00e+00	1.2917e+01
6.23275e+17	7.3788e+03	1.109e-18	5.9948e+02	5.2033e+02	1.2806e-11	1.3483e-01	8.6517e-01	9.9999e-01	8.9813e-06	1.7664e-17	2.8033e-13	6.1790e-04	9.6385e-01	3.5532e-02	1.1755e-36	1.6223e-01	8.3777e-01	4.6545e-08	1.1755e-36	1.1755e-36	1.1755e-36	2.4416e-20	0.00e+00	0.00e+00	1.3452e+01
6.24481e+17	7.3208e+03	1.071e-18	5.9948e+02	5.0622e+02	1.8448e-11	1.5705e-01	8.4295e-01	9.9999e-01	7.7046e-06	1.5133e-17	3.8481e-13	6.0619e-04	9.6769e-01	3.1705e-02	1.1755e-36	1.8820e-01	8.1180e-01	3.4052e-08	1.1755e-36	1.1755e-36	1.1755e-36	3.9243e-20	0.00e+00	0.00e+00	1.4263e+01
6.25783e+17	7.2376e+03	1.018e-18	5.9948e+02	4.8700e+02	2.8953e-11	1.8858e-01	8.1142e-01	9.9999e-01	6.4246e-06	1.2709e-17	5.6266e-13	5.8872e-04	9.7183e-01	2.7584e-02	1.1755e-36	2.2461e-01	7.7539e-01	2.3716e-08	1.1755e-36	1.1755e-36	1.1755e-36	6.9435e-20	0.00e+00	0.00e+00	1.5149e+01
6.26982e+17	7.1295e+03	9.489e-19	5.9948e+02	4.6366e+02	4.7088e-11	2.2774e-01	7.7226e-01	9.9999e-01	5.4665e-06	1.0997e-17	8.3285e-13	5.6609e-04	9.7578e-01	2.3650e-02	1.1755e-36	2.6908e-01	7.3092e-01	1.6335e-08	1.1755e-36	1.1755e-36	1.1755e-36	1.2527e-19	0.00e+00	0.00e+00	1.6145e+01
6.28019e+17	6.9997e+03	8.692e-19	5.9948e+02	4.3673e+02	7.6842e-11	2.7243e-01	7.2757e-01	1.0000e+00	4.7468e-06	9.8286e-18	1.2076e-12	5.3847e-04	9.7921e-01	2.0252e-02	1.1755e-36	3.1887e-01	6.8113e-01	1.1427e-08	1.1755e-36	1.1755e-36	1.1755e-36	2.1915e-19	0.00e+00	0.00e+00	1.7093e+01
6.28777e+17	6.8724e+03	7.965e-19	5.9948e+02	4.1198e+02	1.1601e-10	3.1367e-01	6.8633e-01	1.0000e+00	4.2911e-06	9.1833e-18	1.6171e-12	5.1219e-04	9.8170e-01	1.7786e-02	1.1755e-36	3.6392e-01	6.3608e-01	8.5825e-09	1.1755e-36	1.1755e-36	1.1755e-36	3.4016e-19	0.00e+00	0.00e+00	1.7800e+01
6.29273e+17	6.7676e+03	7.420e-19	5.9948e+02	3.9328e+02	1.5640e-10	3.4514e-01	6.5486e-01	1.0000e+00	4.0399e-06	8.8881e-18	1.9715e-12	4.9197e-04	9.8333e-01	1.6182e-02	1.1755e-36	3.9773e-01	6.0227e-01	7.0196e-09	1.1755e-36	1.1755e-36	1.1755e-36	4.5829e-19	0.00e+00	0.00e+00	1.8318e+01
6.29638e+17	6.6763e+03	6.983e-19	5.9948e+02	3.7799e+02	1.9784e-10	3.7036e-01	6.2964e-01	1.0000e+00	3.8820e-06	8.7491e-18	2.2799e-12	4.7521e-04	9.8451e-01	1.5016e-02	1.1755e-36	4.2448e-01	5.7552e-01	6.0119e-09	1.1755e-36	1.1755e-36	1.1755e-36	5.6964e-19	0.00e+00	0.00e+00	1.8786e+01
6.29970e+17	6.5811e+03	6.563e-19	5.9948e+02	3.6317e+02	2.4844e-10	3.9504e-01	6.0496e-01	1.0000e+00	3.7373e-06	8.6306e-18	2.6040e-12	4.5884e-04	9.8558e-01	1.3962e-02	1.1755e-36	4.5037e-01	5.4963e-01	5.1907e-09	1.1755e-36	1.1755e-36	1.1755e-36	6.9474e-19	0.00e+00	0.00e+00	1.9280e+01
6.30297e+17	6.4751e+03	6.132e-19	5.9948e+02	3.4761e+02	3.1529e-10	4.2095e-01	5.7905e-01	1.0000e+00	3.5975e-06	8.5360e-18	2.9672e-12	4.4149e-04	9.8661e-01	1.2949e-02	1.1755e-36	4.7725e-01	5.2275e-01	4.4710e-09	1.1755e-36	1.1755e-36	1.1755e-36	8.4378e-19	0.00e+00	0.00e+00	1.9795e+01
6.30603e+17	6.3639e+03	5.715e-19	5.9948e+02	3.3216e+02	3.9968e-10	4.4665e-01	5.5335e-01	1.0000e+00	3.4778e-06	8.4910e-18	3.3499e-12	4.2411e-04	9.8755e-01	1.2028e-02	1.1755e-36	5.0360e-01	4.9640e-01	3.8730e-09	1.1755e-36	1.1755e-36	1.1755e-36	1.0101e-18	0.00e+00	0.00e+00	2.0284e+01
6.30872e+17	6.2549e+03	5.340e-19	5.9948e+02	3.1792e+02	4.9880e-10	4.7034e-01	5.2966e-01	1.0000e+00	3.3847e-06	8.4958e-18	3.7219e-12	4.0799e-04	9.8835e-01	1.1240e-02	1.1755e-36	5.2763e-01	4.7237e-01	3.4033e-09	1.1755e-36	1.1755e-36	1.1755e-36	1.1801e-18	0.00e+00	0.00e+00	2.0726e+01
6.31107e+17	6.1491e+03	5.007e-19	5.9948e+02	3.0495e+02	6.1310e-10	4.9192e-01	5.0808e-01	1.0000e+00	3.3118e-06	8.5342e-18	4.0769e-12	3.9322e-04	9.8904e-01	1.0563e-02	1.1755e-36	5.4930e-01	4.5070e-01	3.0299e-09	1.1755e-36	1.1755e-36	1.1755e-36	1.3492e-18	0.00e+00	0.00e+00	2.1139e+01
6.31322e+17	6.0431e+03	4.699e-19	5.9948e+02	2.9268e+02	7.4910e-10	5.1234e-01	4.8766e-01	1.0000e+00	3.2500e-06	8.5941e-18	4.4263e-12	3.7917e-04	9.8967e-01	9.9552e-03	1.1755e-36	5.6962e-01	4.3038e-01	2.7172e-09	1.1755e-36	1.1755e-36	1.1755e-36	1.5219e-18	0.00e+00	0.00e+00	2.1544e+01
6.31526e+17	5.9342e+03	4.407e-19	5.9948e+02	2.8074e+02	9.1544e-10	5.3217e-01	4.6783e-01	1.0000e+00	3.1950e-06	8.6719e-18	4.7779e-12	3.6545e-04	9.9024e-01	9.3931e-03	1.1755e-36	5.8918e-01	4.1082e-01	2.4460e-09	1.1755e-36	1.1755e-36	1.1755e-36	1.7017e-18	0.00e+00	0.00e+00	2.1946e+01
6.31691e+17	5.8426e+03	4.181e-19	5.9948e+02	2.7119e+02	1.0809e-09	5.4814e-01	4.5186e-01	1.0000e+00	3.1495e-06	8.7363e-18	5.0711e-12	3.5444e-04	9.9068e-01	8.9677e-03	1.1755e-36	6.0481e-01	3.9519e-01	2.2502e-09	1.1755e-36	1.1755e-36	1.1755e-36	1.8566e-18	0.00e+00	0.00e+00	2.2216e+01
6.31809e+17	5.7720e+03	4.017e-19	5.9948e+02	2.6419e+02	1.2257e-09	5.5982e-01	4.4018e-01	1.0000e+00	3.1285e-06	8.8201e-18	5.2907e-12	3.4634e-04	9.9099e-01	8.6625e-03	1.1755e-36	6.1618e-01	3.8382e-01	2.1165e-09	1.1755e-36	1.1755e-36	1.1755e-36	1.9751e-18	0.00e+00	0.00e+00	2.2438e+01
6.31918e+17	5.7019e+03	3.863e-19	5.9948e+02	2.5752e+02	1.3872e-09	5.7100e-01	4.2900e-01	1.0000e+00	3.1065e-06	8.8957e-18	5.5062e-12	3.3862e-04	9.9129e-01	8.3732e-03	1.1755e-36	6.2701e-01	3.7299e-01	1.9951e-09	1.1755e-36	1.1755e-36	1.1755e-36	2.0942e-18	0.00e+00	0.00e+00	2.2683e+01
6.32038e+17	5.6218e+03	3.692e-19	5.9948e+02	2.5002e+02	1.5969e-09	5.8339e-01	4.1661e-01	1.0000e+00	3.0802e-06	8.9820e-18	5.7483e-12	3.2990e-04	9.9161e-01	8.0611e-03	1.1755e-36	6.3894e-01	3.6106e-01	1.8683e-09	1.1755e-36	1.1755e-36	1.1755e-36	2.2307e-18	0.00e+00	0.00e+00	2.2964e+01
6.32166e+17	5.5295e+03	3.517e-19	5.9948e+02	2.4216e+02	1.8732e-09	5.9679e-01	4.0321e-01	1.0000e+00	3.0500e-06	9.0632e-18	6.0228e-12	3.2081e-04	9.9195e-01	7.7340e-03	1.1755e-36	6.5178e-01	3.4822e-01	1.7411e-09	1.1755e-36	1.1755e-36	1.1755e-36	2.3912e-18	0.00e+00	0.00e+00	2.3254e+01
6.32290e+17	5.4391e+03	3.350e-19	5.9948e+02	2.3447e+02	2.1915e-09	6.0962e-01	3.9038e-01	1.0000e+00	3.0254e-06	9.1658e-18	6.2904e-12	3.1186e-04	9.9226e-01	7.4309e-03	1.1755e-36	6.6401e-01	3.3599e-01	1.6267e-09	1.1755e-36	1.1755e-36	1.1755e-36	2.5527e-18	0.00e+00	0.00e+00	2.3529e+01
6.32407e+17	5.3495e+03	3.194e-19	5.9948e+02	2.2718e+02	2.5591e-09	6.2181e-01	3.7819e-01	1.0000e+00	3.0050e-06	9.2764e-18	6.5537e-12	3.0335e-04	9.9255e-01	7.1501e-03	1.1755e-36	6.7555e-01	3.2445e-01	1.5246e-09	1.1755e-36	1.1755e-36	1.1755e-36	2.7180e-18	0.00e+00	0.00e+00	2.3798e+01
6.32521e+17	5.2578e+03	3.044e-19	5.9948e+02	2.2001e+02	2.9989e-09	6.3378e-01	3.6622e-01	1.0000e+00	2.9860e-06	9.3927e-18	6.8235e-12	2.9499e-04	9.9282e-01	6.8805e-03	1.1755e-36	6.8685e-01	3.1315e-01	1.4299e-09	1.1755e-36	1.1755e-36	1.1755e-36	2.8953e-18	0.00e+00	0.00e+00	2.4072e+01
6.32634e+17	5.1621e+03	2.897e-19	5.9948e+02	2.1284e+02	3.5382e-09	6.4577e-01	3.5423e-01	1.0000e+00	2.9674e-06	9.5151e-18	7.1070e-12	2.8662e-04	9.9310e-01	6.6173e-03	1.1755e-36	6.9809e-01	3.0191e-01	1.3405e-09	1.1755e-36	1.1755e-36	1.1755e-36	3.0920e-18	0.00e+00	0.00e+00	2.4350e+01
6.32748e+17	5.0604e+03	2.755e-19	5.9948e+02	2.0567e+02	4.2146e-09	6.5771e-01	3.4229e-01	1.0000e+00	2.9496e-06	9.6434e-18	7.4073e-12	2.7828e-04	9.9336e-01	6.3622e-03	1.1755e-36	7.0924e-01	2.9076e-01	1.2568e-09	1.1755e-36	1.1755e-36	1.1755e-36	3.3140e-18	0.00e+00	0.00e+00	2.4630e+01
6.32859e+17	4.9572e+03	2.619e-19	5.9948e+02	1.9868e+02	5.0313e-09	6.6941e-01	3.3059e-01	1.0000e+00	2.9329e-06	9.7752e-18	7.7208e-12	2.7017e-04	9.9362e-01	6.1108e-03	1.1755e-36	7.2013e-01	2.7987e-01	1.1790e-09	1.1755e-36	1.1755e-36	1.1755e-36	3.5570e-18	0.00e+00	0.00e+00	2.4908e+01
6.32967e+17	4.8512e+03	2.489e-19	5.9948e+02	1.9183e+02	6.0259e-09	6.8084e-01	3.1916e-01	1.0000e+00	2.9176e-06	9.9125e-18	8.0377e-12	2.6223e-04	9.9388e-01	5.8609e-03	1.1755e-36	7.3070e-01	2.6930e-01	1.1072e-09	1.1755e-36	1.1755e-36	1.1755e-36	3.8108e-18	0.00e+00	0.00e+00	2.5184e+01
6.33074e+17	4.7497e+03	2.363e-19	5.9948e+02	1.8500e+02	7.1699e-09	6.9164e-01	3.0836e-01	1.0000e+00	2.9082e-06	1.0088e-17	8.3396e-12	2.5421e-04	9.9412e-01	5.6286e-03	1.1755e-36	7.4064e-01	2.5936e-01	1.0418e-09	1.1755e-36	1.1755e-36	1.1755e-36	4.0690e-18	0.00e+00	0.00e+00	2.5461e+01
6.33181e+17	4.6367e+03	2.241e-19	5.9948e+02	1.7829e+02	8.6807e-09	7.0285e-01	2.9715e-01	1.0000e+00	2.8945e-06	1.0238e-17	8.6887e-12	2.4649e-04	9.9436e-01	5.3908e-03	1.1755e-36	7.5092e-01	2.4908e-01	9.7811e-10	1.1755e-36	1.1755e-36	1.1755e-36	4.3946e-18	0.00e+00	0.00e+00	2.5748e+01
6.33287e+17	4.5190e+03	2.125e-19	5.9948e+02	1.7180e+02	1.0577e-08	7.1407e-01	2.8593e-01	1.0000e+00	2.8778e-06	1.0370e-17	9.0710e-12	2.3912e-04	9.9460e-01	5.1569e-03	1.1755e-36	7.6116e-01	2.3884e-01	9.1787e-10	1.1755e-36	1.1755e-36	1.1755e-36	4.7847e-18	0.00e+00	0.00e+00	2.6031e+01
6.33368e+17	4.4306e+03	2.044e-19	5.9948e+02	1.6698e+02	1.2232e-08	7.2201e-01	2.7799e-01	1.0000e+00	2.8650e-06	1.0474e-17	9.3503e-12	2.3365e-04	9.9477e-01	4.9958e-03	1.1755e-36	7.6838e-01	2.3162e-01	8.7736e-10	1.1755e-36	1.1755e-36	1.1755e-36	5.0938e-18	0.00e+00	0.00e+00	2.6190e+01
6.33419e+17	4.3746e+03	1.992e-19	5.9948e+02	1.6381e+02	1.3391e-08	7.2686e-01	2.7314e-01	1.0000e+00	2.8653e-06	1.0583e-17	9.5179e-12	2.3001e-04	9.9487e-01	4.8974e-03	1.1755e-36	7.7279e-01	2.2721e-01	8.5287e-10	1.1755e-36	1.1755e-36	1.1755e-36	5.2904e-18	0.00e+00	0.00e+00	2.6308e+01
6.33465e+17	4.3232e+03	1.943e-19	5.9948e+02	1.6114e+02	1.4568e-08	7.3185e-01	2.6815e-01	1.0000e+00	2.8588e-06	1.0642e-17	9.7143e-12	2.2702e-04	9.9498e-01	4.7960e-03	1.1755e-36	7.7730e-01	2.2270e-01	8.2806e-10	1.1755e-36	1.1755e-36	1.1755e-36	5.5252e-18	0.00e+00	0.00e+00	2.6446e+01
6.33521e+17	4.2554e+03	1.884e-19	5.9948e+02	1.5758e+02	1.6198e-08	7.3758e-01	2.6242e-01	1.0000e+00	2.8523e-06	1.0737e-17	9.9307e-12	2.2301e-04	9.9510e-01	4.6804e-03	1.1755e-36	7.8247e-01	2.1753e-01	8.0033e-10	1.1755e-36	1.1755e-36	1.1755e-36	5.8003e-18	0.00e+00	0.00e+00	2.6618e+01
6.33582e+17	4.1775e+03	1.823e-19	5.9948e+02	1.5385e+02	1.8230e-08	7.4393e-01	2.5607e-01	1.0000e+00	2.8407e-06	1.0812e-17	1.0187e-11	2.1890e-04	9.9523e-01	4.5540e-03	1.1755e-36	7.8820e-01	2.1180e-01	7.7084e-10	1.1755e-36	1.1755e-36	1.1755e-36	6.1413e-18	0.00e+00	0.00e+00	2.6790e+01
6.33640e+17	4.1111e+03	1.767e-19	5.9948e+02	1.5038e+02	2.0104e-08	7.4958e-01	2.5042e-01	1.0000e+00	2.8326e-06	1.0906e-17	1.0406e-11	2.1501e-04	9.9534e-01	4.4426e-03	1.1755e-36	7.9328e-01	2.0672e-01	7.4464e-10	1.1755e-36	1.1755e-36	1.1755e-36	6.4439e-18	0.00e+00	0.00e+00	2.6946e+01
6.33697e+17	4.0399e+03	1.712e-19	5.9948e+02	1.4693e+02	2.2215e-08	7.5531e-01	2.4469e-01	1.0000e+00	2.8223e-06	1.0986e-17	1.0632e-11	2.1121e-04	9.9546e-01	4.3303e-03	1.1755e-36	7.9843e-01	2.0157e-01	7.1896e-10	1.1755e-36	1.1755e-36	1.1755e-36	6.7704e-18	0.00e+00	0.00e+00	2.7114e+01
6.33758e+17	3.9620e+03	1.655e-19	5.9948e+02	1.4336e+02	2.4631e-08	7.6147e-01	2.3853e-01	1.0000e+00	2.7973e-06	1.1009e-17	1.0878e-11	2.0736e-04	9.9558e-01	4.2109e-03	1.1755e-36	8.0394e-01	1.9606e-01	6.9216e-10	1.1755e-36	1.1755e-36	1.1755e-36	7.1352e-18	0.00e+00	0.00e+00	2.7293e+01
